time,CV,F,X_prime,P1_prime,P2_prime,T_prime
0,0.3,357.803962388692,0.0015904364123877,0.876839744812112,0.650831841108068,0.269553371322623
0.01,0.3,357.887451935189,0.00104807537929535,0.877251914343329,0.648750328050512,0.272904502145118
0.02,0.3,357.970967504564,0.00204773839909424,0.87705722936691,0.649363983924833,0.271043008907636
0.03,0.3,358.054554456077,0.000385106621798412,0.875915684169366,0.651369679715889,0.270596793981906
0.04,0.3,358.13825806418,0,0.877335166998164,0.651924757053636,0.270464168273245
0.05,0.3,358.222123497262,0,0.876934551629301,0.647919553135805,0.271176674636325
0.06,0.3,358.306195796399,0,0.876718363791536,0.653396917168409,0.268477388728226
0.07,0.3,358.390519854103,0.000498745149194543,0.876418415923504,0.652332191881031,0.270494969701632
0.08,0.3,358.475140393097,0.000155079958551659,0.878483457650553,0.65241046486771,0.269735910947529
0.09,0.3,358.560101945116,0,0.877546848872311,0.650097062768614,0.271507396682896
0.1,0.3,358.64544882974,0,0.877688616586413,0.650037724082615,0.269332347746348
0.11,0.3,358.731225133279,0,0.877819099598124,0.650490577296919,0.272054724015278
0.12,0.3,358.817474687712,0.000673470324274201,0.876543264841653,0.652284531145639,0.270940265538109
0.13,0.3,358.904241049689,0.0019004365964407,0.87956971508597,0.649973499757374,0.269081974904598
0.14,0.3,358.991567479619,0.000656869273196019,0.880304151901362,0.654384446817615,0.268572120950901
0.15,0.3,359.079496920832,0.000585957452008616,0.878951568489139,0.653117686041943,0.27316127022716
0.16,0.3,359.168071978849,0.00167301749494063,0.880071997952305,0.65123767167298,0.272247321936835
0.17,0.3,359.25733490075,0.000681150507188553,0.880502106583835,0.652964654700984,0.269691957526146
0.18,0.3,359.347327554662,0.000454291666673705,0.879977575740671,0.648058909020684,0.270567646144492
0.19,0.3,359.438091409378,0,0.883060627345695,0.653561167199759,0.268852647227215
0.2,0.3,359.529667514106,0.000806125858957328,0.880619284605217,0.652320334953712,0.270053964044551
0.21,0.3,359.622096478375,0.000509300735130238,0.883101650343854,0.653773841214025,0.27138900839084
0.22,0.3,359.715418452089,0,0.878100876780247,0.65178555893218,0.270344946839558
0.23,0.3,359.809673105762,0,0.878819227388398,0.653402936329845,0.269609903561868
0.24,0.3,359.904899610918,0.000630002611568108,0.881942333297182,0.652128650336353,0.269437722932507
0.25,0.3,360.001136620695,0,0.882751969505142,0.654104768606602,0.271756088601841
0.26,0.3,360.098422250638,0,0.882235577515345,0.65361043386927,0.270165470988721
0.27,0.3,360.19679405971,0,0.882176889434548,0.653700266433175,0.26881639838119
0.28,0.3,360.296289031514,0.00116320568959533,0.883869018042558,0.655314296225806,0.268812283306238
0.29,0.3,360.396943555761,0.000497366167960295,0.883523353465671,0.655335007380558,0.269902348823127
0.3,0.3,360.498793409961,0,0.882630940067193,0.654342995721997,0.272678173057849
0.31,0.3,360.601873741384,0,0.88495902152358,0.654094348199527,0.272356405566103
0.32,0.3,360.706219049265,0,0.882811085309748,0.652224854972707,0.27004720395413
0.33,0.3,360.811863167297,0.00276096232739813,0.885813661521681,0.655591759027068,0.269950230823822
0.34,0.3,360.918839246389,0,0.882450975271274,0.653914396175563,0.272366443651491
0.35,0.3,361.027179737733,0,0.884554863776608,0.656408865316094,0.272902826969773
0.36,0.3,361.136916376154,0.00120202958343099,0.882580236132397,0.657072538545516,0.269905024436632
0.37,0.3,361.248080163787,0,0.883579120305671,0.658839080846464,0.270018150665737
0.38,0.3,361.360701354062,0.00231073342368822,0.885978068259892,0.656440435475382,0.268611760194859
0.39,0.3,361.474809436025,0,0.886350610259176,0.654713789072616,0.269961147861883
0.4,0.3,361.590433118998,0.000864488552660981,0.885803154156525,0.65568739511188,0.271801828919246
0.41,0.3,361.707600317578,0,0.883369218049122,0.655023173742066,0.271123680103823
0.42,0.3,361.82633813701,0,0.888454385290782,0.657991190779153,0.272255032225721
0.43,0.3,361.946672858904,0.00247159321682592,0.884213263308592,0.657262563622484,0.267613600793917
0.44,0.3,362.068629927342,0,0.888119540845847,0.659002341492819,0.268782225017336
0.45,0.3,362.192233935361,0,0.887080047141282,0.654942155545761,0.270215054135487
0.46,0.3,362.317508611824,0.00178870677793159,0.888369074184861,0.654939255765368,0.269681310336309
0.47,0.3,362.444476808694,0,0.885076996934434,0.657250858566265,0.268301013467179
0.48,0.3,362.573160488707,0.0022898840386322,0.890115927690267,0.658680971896179,0.272583358255333
0.49,0.3,362.703580713468,0,0.887575091814573,0.656693771050375,0.270311665157095
0.5,0.3,362.835757631953,0,0.885488552167083,0.653531045331248,0.269284439452232
0.51,0.3,362.969710469454,0,0.886835471969284,0.658211632053723,0.270881050101621
0.52,0.3,363.105457516944,0,0.889175386243734,0.656641835488719,0.270039763793659
0.53,0.3,363.243016120888,0.000621802961441602,0.890665545942638,0.656418275303861,0.270759904992714
0.54,0.3,363.382402673503,0.00206307544884678,0.889847496346945,0.657233260344193,0.267569314080718
0.55,0.3,363.523632603463,0.000116216040950707,0.88997060069262,0.657672388783232,0.268136838654353
0.56,0.3,363.666720367068,0.000192472556859112,0.889743960237652,0.654477118094541,0.27042343056931
0.57,0.3,363.811679439869,0.00098604920059797,0.889225770524878,0.658858057840797,0.27043690408072
0.58,0.3,363.958522308767,0.00302005542645349,0.890701480796481,0.656008700943396,0.269798268552414
0.59,0.3,364.107260464583,0,0.89180829958839,0.654593162635757,0.271348190378758
0.6,0.3,364.257904395094,0,0.887453064538694,0.659435367585248,0.265319300384087
0.61,0.3,364.410463578571,0.00177710233213938,0.893399437276761,0.656465532892251,0.268918167186842
0.62,0.3,364.564946477778,0,0.892920423318473,0.655468613610395,0.269955567567372
0.63,0.3,364.721360534472,0.000813164503835432,0.890828636954732,0.65621505435945,0.269269295720289
0.64,0.3,364.879712164392,0.00101548589389924,0.891569826622669,0.65799252759558,0.270048920088688
0.65,0.3,365.040006752736,0.000803830180536098,0.892511864572097,0.659243394898528,0.270439385746312
0.66,0.3,365.202248650139,0,0.89143914056074,0.658833887527873,0.269831870265167
0.67,0.3,365.366441169145,0,0.89170642732511,0.657401488057452,0.270343005361484
0.68,0.3,365.532586581175,0,0.891956494771855,0.658439799536941,0.270260625755377
0.69,0.3,365.700686114007,0.00167460403273641,0.894134356441003,0.659473445975419,0.266895080778128
0.7,0.3,365.870739949742,0,0.893042887481359,0.659821724978294,0.270375185384767
0.71,0.3,366.042747223282,0,0.894885512825921,0.659729472435408,0.271054129013574
0.72,0.3,366.216706021309,0.00239421197707594,0.893199182979088,0.658964149150025,0.271151569262677
0.73,0.3,366.392613381759,0,0.89326345598157,0.659758080225154,0.269536399210778
0.74,0.3,366.570465293809,0.000315794893956485,0.893427545082662,0.658428608858316,0.269396830703305
0.75,0.3,366.750256698353,0,0.893386760220763,0.657683227215012,0.271144950220783
0.76,0.3,366.931981488986,0,0.892797767555671,0.660297981671256,0.269635277467083
0.77,0.3,367.115632513483,0.000470390912327044,0.893720458018909,0.657098166932663,0.271554402969865
0.78,0.3,367.301201575774,0.00314836487362104,0.895133713528523,0.658261121045024,0.269642210098709
0.79,0.3,367.488679438412,0,0.896826757471209,0.658454507548359,0.269840796283078
0.8,0.3,367.678055825538,0,0.896450025194902,0.657773340140201,0.267532257325862
0.81,0.3,367.869319426329,0,0.896318030362833,0.658225005429942,0.268591079512563
0.82,0.3,368.062457898936,0.00101990582510489,0.896047208520269,0.658376516313679,0.2668722739438
0.83,0.3,368.257457874899,0,0.893885247661769,0.65868882325196,0.270313980341489
0.84,0.3,368.454304964047,0.00334928165577619,0.897549527770962,0.660356416656154,0.270226260008725
0.85,0.3,368.65298375987,0.0022995523461232,0.899138663511694,0.658568097483984,0.271753306283834
0.86,0.3,368.853477845357,0.00224371873340816,0.896249299419762,0.657951693002716,0.270941621263393
0.87,0.3,369.055769799308,0.001820636846838,0.896127424822008,0.658007669269451,0.27113742871442
0.88,0.3,369.259841203096,0.000246924285120768,0.897542645778655,0.659815758450292,0.268023085514597
0.89,0.3,369.465672647894,0.000527747306474481,0.89701065051765,0.660275535416301,0.267215121666954
0.9,0.3,369.673243742344,0,0.897973434111614,0.657963860049979,0.271507967717476
0.91,0.3,369.882533120677,0,0.897587299373349,0.657111911007182,0.269919573669382
0.92,0.3,370.09351845126,0,0.899022392192125,0.659599692840766,0.269462694784143
0.93,0.3,370.306176445588,0.00395290066695416,0.898838330394132,0.661078626203096,0.270369391164046
0.94,0.3,370.52048286769,0.000896089039651375,0.901912674741323,0.659418934203545,0.274538159203464
0.95,0.3,370.736412543956,0,0.901918421764387,0.65927409643577,0.270001921682762
0.96,0.3,370.953939373379,0,0.901807544259604,0.657144752503706,0.273300595094987
0.97,0.3,371.173036338195,0,0.899478674526793,0.655080143405317,0.268032909184372
0.98,0.3,371.39367551492,0.00103473375444298,0.899310597922605,0.660541640498893,0.269578218109311
0.99,0.3,371.615828085778,0.000493375538436211,0.902068150879663,0.656550760119583,0.269547335684867
1,0.3,371.839464350511,0,0.900653260783532,0.657851747638638,0.270096353436199
1.01,0.3,372.064553738552,0.00249701908045494,0.901961003728676,0.657285986687652,0.271511120771544
1.02,0.3,372.291064821576,0,0.90020166916553,0.658421046900588,0.271317476892624
1.03,0.3,372.518965326392,0.00214987529753387,0.901177117878392,0.658139978553547,0.27031627530708
1.04,0.3,372.748222148195,0,0.899906609259721,0.65823437318376,0.268596508430652
1.05,0.3,372.978801364148,0,0.901724266023709,0.655476195551212,0.270868986135034
1.06,0.3,373.210668247297,0.00121193492074625,0.901254776125715,0.656293319796854,0.268144408368087
1.07,0.3,373.443787280803,5.42484569753842e-05,0.903718979652606,0.655681870602289,0.269796492512882
1.08,0.3,373.678122172492,0,0.901498196484749,0.656819064891059,0.270928506303353
1.09,0.3,373.913635869701,0.00121142243171616,0.902636120310277,0.656731930578042,0.271205878220347
1.1,0.3,374.150290574415,0,0.903010778691589,0.65608741929666,0.269269385571773
1.11,0.3,374.388047758697,0.00126158457871179,0.902223214605685,0.660948940429355,0.268576018812062
1.12,0.3,374.62686818038,0.00169904240743562,0.902004168009796,0.656710523399398,0.268796709548041
1.13,0.3,374.866711899031,0,0.904190207272081,0.658428496236726,0.268843669633079
1.14,0.3,375.107538292167,0.00186025736297524,0.903470105451017,0.657190711555574,0.270031178449879
1.15,0.3,375.349306071715,0.000854308355155398,0.902378433689974,0.654518537117074,0.269573318895766
1.16,0.3,375.59197330071,0.000947026979052987,0.90410551773241,0.656331547616669,0.271622806281387
1.17,0.3,375.83549741021,0,0.90344433931162,0.656892692931325,0.269359955015708
1.18,0.3,376.079835216441,0.00193736322887489,0.907811088577622,0.651935312896475,0.274144985457877
1.19,0.3,376.324942938131,0,0.90323503804055,0.657581669802141,0.271782903409004
1.2,0.3,376.570776214052,0,0.906046322091691,0.655433653294231,0.270202173242919
1.21,0.3,376.817290120745,0,0.906087033072076,0.657835988341826,0.272647533952513
1.22,0.3,377.064439190413,0,0.905944589341138,0.656941053452692,0.2718629836695
1.23,0.3,377.312177428994,7.50834406581735e-05,0.906847106876031,0.65388032430251,0.266815232799582
1.24,0.3,377.560458334382,0.0017903614180514,0.90596561437249,0.658164015332883,0.270082035843913
1.25,0.3,377.809234914791,0.000871359397190984,0.906067087413338,0.656207652878033,0.269731956396549
1.26,0.3,378.058459707267,0.000340305461365037,0.907308362776315,0.656796212334233,0.269167529409818
1.27,0.3,378.308084796321,0,0.906556361685576,0.65393969848241,0.271096094547361
1.28,0.3,378.558061832675,0.0027280711376627,0.907102296851059,0.656969124430136,0.267893962187889
1.29,0.3,378.808342052128,0,0.910570713888224,0.654811109989064,0.269339845138876
1.3,0.3,379.058876294509,0.00165659341095689,0.908276480965188,0.654536348686967,0.268462316331267
1.31,0.3,379.30961502273,0,0.90911380347419,0.653434566187696,0.268940491403385
1.32,0.3,379.560508341906,0.00108021865010657,0.90665610494779,0.656449099159964,0.272899723763528
1.33,0.3,379.81150601856,0,0.906125875859096,0.653621210829647,0.268132993197344
1.34,0.3,380.062557499879,2.68537550851162e-05,0.906143805464581,0.655338199012242,0.270554391641546
1.35,0.3,380.313611933028,0.000164320055438749,0.908341368270333,0.65555129606167,0.26831736846781
1.36,0.3,380.564618184504,0,0.90746251388404,0.652772993432866,0.271570797901019
1.37,0.3,380.815524859529,0.000946762348172772,0.908801351804076,0.652040381836228,0.269468057753316
1.38,0.3,381.066280321467,1.19740486304906e-05,0.9083332562411,0.651002637576019,0.268814260069258
1.39,0.3,381.316832711253,3.46957079075874e-05,0.908046188492591,0.652844595823562,0.270057693389751
1.4,0.3,381.567129966845,0,0.906485030330367,0.652930267710913,0.268001906941775
1.41,0.3,381.817119842658,0,0.909936028761161,0.655089195150095,0.273481268804781
1.42,0.3,382.06674992901,0,0.904716886826051,0.653218791958828,0.270886397108034
1.43,0.3,382.315967671531,0.00138811803477745,0.909113462924028,0.651215833912569,0.26909406107097
1.44,0.3,382.564720390573,0.00136136047877113,0.91041454422403,0.651741176720021,0.271076022731001
1.45,0.3,382.81295530056,0,0.909892702196176,0.654807125999631,0.270543483848003
1.46,0.3,383.060619529328,0.00122438993675656,0.91208100176632,0.651096331737566,0.269306021667746
1.47,0.3,383.307660137394,0.000672722488771029,0.910956204719948,0.651475797629979,0.269808700075057
1.48,0.3,383.554024137185,0,0.911926434618508,0.650120911510723,0.271558998102119
1.49,0.3,383.7996585122,0.000728650729574877,0.909624975770309,0.652577406740376,0.269666047074497
1.5,0.3,384.044510236106,0.000501297781277488,0.909896982846497,0.650962556334434,0.271071282882642
1.51,0.3,384.288526291755,0,0.910959009323021,0.650745976326753,0.269011269680873
1.52,0.3,384.531653690123,0,0.908650123921011,0.649760333920321,0.271929741247373
1.53,0.3,384.773839489156,0.00120020746728052,0.912422179274511,0.652183680009306,0.271104398992322
1.54,0.3,385.015030812523,0.0019459726448921,0.911988972182004,0.653871601877317,0.273347732660939
1.55,0.3,385.255174868264,0.000441929160589714,0.910968955634613,0.649903903675708,0.268977760579647
1.56,0.3,385.494218967335,0,0.911402670003572,0.649274298600978,0.271464508647345
1.57,0.3,385.732110542035,0.0016026341590592,0.911201990325279,0.652287178047866,0.269410830419627
1.58,0.3,385.968797164313,0,0.910829259916202,0.64680117458184,0.270164682243551
1.59,0.3,386.204226563949,0.000422856390912737,0.91107978952999,0.649983499164289,0.268909829130767
1.6,0.3,386.438346646605,0.000529617131704954,0.912647006287021,0.649433826452502,0.270337508832025
1.61,0.3,386.671105511741,0,0.910426517169807,0.648167827771265,0.271755258193699
1.62,0.3,386.902451470382,0,0.911781298132586,0.649195501571157,0.268810150079826
1.63,0.3,387.132333062744,0,0.913144793361265,0.648027543906282,0.269902151088569
1.64,0.3,387.360699075706,0,0.914319850492353,0.649562745706762,0.269476372349885
1.65,0.3,387.587498560122,0,0.912530382655977,0.648906740816534,0.271507687604007
1.66,0.3,387.812680847975,0.00187857009480449,0.91264555568036,0.647928055883038,0.270428170596512
1.67,0.3,388.036195569363,0.000641541757043843,0.914418803261859,0.646091977577491,0.271159956713537
1.68,0.3,388.257992669312,0.000912528320737259,0.913200501157229,0.646445611196111,0.268103413104049
1.69,0.3,388.478022424416,0.000312448966870187,0.913822178273907,0.649380108287546,0.269970626310405
1.7,0.3,388.696235459299,0,0.913231792464418,0.647303737726078,0.269854745441071
1.71,0.3,388.912582762888,0,0.915067591806218,0.646517075053868,0.270492920791224
1.72,0.3,389.127015704507,0,0.914069213771734,0.647868694508818,0.269787903857888
1.73,0.3,389.339486049771,0,0.914144257617794,0.648387694494467,0.269840538490847
1.74,0.3,389.549945976292,0.000682572713789538,0.913690227348483,0.643238435212425,0.273400516244183
1.75,0.3,389.758348089185,0.000921399454957651,0.913159886735023,0.646511475936164,0.268792581873096
1.76,0.3,389.964645436371,0,0.914403132095097,0.646681425223,0.270404386042261
1.77,0.3,390.168791523677,0,0.915355530296106,0.645127953602458,0.269195780935165
1.78,0.3,390.370740329729,0.000143116813199656,0.912983418706167,0.648133118632026,0.268837355411304
1.79,0.3,390.57044632063,0,0.917961931926857,0.646663666725048,0.271403710973591
1.8,0.3,390.767864464429,0.00145617566558692,0.914163664616281,0.647735319621747,0.267087448693841
1.81,0.3,390.962950245374,0,0.91632596712684,0.649684065737749,0.269543560745709
1.82,0.3,391.155659677939,0,0.91500063514879,0.644385788646342,0.270422607255119
1.83,0.3,391.345949320637,0.000368481480818538,0.915445934678306,0.645707592516119,0.267749320370067
1.84,0.3,391.533776289608,3.03870959754714e-05,0.914559288583722,0.644516558886484,0.269189370514248
1.85,0.3,391.719098271974,0.00252086855690179,0.917123725016659,0.644714257477659,0.269365975956221
1.86,0.3,391.901873538973,0.000609329021015487,0.916412959620521,0.644170581101658,0.27037676108746
1.87,0.3,392.08206095886,0,0.914662462963301,0.648371919812749,0.269044490758967
1.88,0.3,392.259620009574,0,0.915265200851313,0.644147592941629,0.271120002755901
1.89,0.3,392.434510791168,0.00134626679566341,0.915214114904875,0.642462699020399,0.27125349950787
1.9,0.3,392.60669403801,0.000867764106131891,0.916146451995982,0.645924061841593,0.269044855808446
1.91,0.3,392.77613113074,0,0.916141875106016,0.644430320590648,0.267062327726078
1.92,0.3,392.942784107983,0,0.917025811150785,0.644757475411132,0.270187953611842
1.93,0.3,393.106615677834,0,0.917997328301528,0.642965958993316,0.271309551558357
1.94,0.3,393.267589229083,0.000702392994247452,0.91723702487489,0.645231135901264,0.269869386553629
1.95,0.3,393.42566884221,0.000656816988559373,0.914861275711404,0.644000457348887,0.268818029993913
1.96,0.3,393.580819300124,0,0.916096105635617,0.644011126661312,0.269110138527222
1.97,0.3,393.73300609866,2.40156873250073e-05,0.91531464083166,0.641520114362429,0.269098241159042
1.98,0.3,393.882195456826,0,0.916819042488677,0.6433615454606,0.269212476746272
1.99,0.3,394.0283543268,0.00157754913561864,0.917730755139003,0.642624628421039,0.271915730455173
2,0.3,394.171450403679,2.25909949398107e-05,0.915667577276318,0.64349812605047,0.269276120443342
2.01,0.3,394.31145213497,0,0.915757622831949,0.639447093614849,0.269532156449541
2.02,0.3,394.448328729836,0.000135743457183929,0.914667001146793,0.643501751086082,0.270934853033095
2.03,0.3,394.582050168084,0.000697923609718097,0.918495696093161,0.642803758935995,0.269911372514629
2.04,0.3,394.712587208899,0.00204998785759834,0.918342672112699,0.642075174196723,0.271596045524484
2.05,0.3,394.83991139932,0,0.916751729450079,0.640381308431264,0.270546560005471
2.06,0.3,394.963995082468,1.75448324993412e-05,0.917395321581084,0.642430804786153,0.269174270744166
2.07,0.3,395.084811405508,0.000538215524134658,0.917486378938834,0.641626388004819,0.269514014689437
2.08,0.3,395.202334327362,0.000615709636167568,0.91723459063351,0.64068850696903,0.265683086193275
2.09,0.3,395.316538626152,0.000726029633367774,0.915272957268238,0.639397306583915,0.268143300298688
2.1,0.3,395.427399906401,0,0.918729577144426,0.644113239847265,0.272665033386065
2.11,0.3,395.534894605959,0,0.916312314975025,0.641122398413086,0.267128505686503
2.12,0.3,395.639000002678,0,0.91532960715948,0.644349571333145,0.26999266461605
2.13,0.3,395.739694220827,0.000673213470408727,0.916310549904818,0.642759644764874,0.27163526814274
2.14,0.3,395.836956237241,0,0.920779664560307,0.640726448570969,0.26713583832232
2.15,0.3,395.930765887214,0.000154234681708195,0.919155018881083,0.640177705225494,0.269224495707011
2.16,0.3,396.021103870127,0,0.920069107388163,0.641078526244882,0.272538632182237
2.17,0.3,396.107951754822,0,0.917978958784466,0.643990669613321,0.27006257548633
2.18,0.3,396.191291984698,0.00269739017399717,0.916407329495337,0.640781442982534,0.270925624112101
2.19,0.3,396.271107882566,0.000959567856439359,0.916591663840609,0.642556279184769,0.268131593881581
2.2,0.3,396.347383655222,0,0.918030906089578,0.641611231848635,0.26744970549782
2.21,0.3,396.420104397768,0,0.916342991703994,0.643142868420395,0.270923448849231
2.22,0.3,396.489256097672,0,0.917284661291596,0.643216901358383,0.269423055262239
2.23,0.3,396.554825638552,0,0.915455003827145,0.6428410865699,0.269227687509539
2.24,0.3,396.616800803712,0,0.918177426303259,0.641036726935791,0.271896524131609
2.25,0.3,396.675170279405,0.00129821072377352,0.917982371867683,0.641819929496188,0.269616951410701
2.26,0.3,396.729923657835,0,0.920122103399214,0.641784951079243,0.268212649207457
2.27,0.3,396.781051439892,0.00197771133078775,0.917271637690476,0.642655637186352,0.269404545635277
2.28,0.3,396.828545037633,0,0.917918687781832,0.640626761287364,0.272297371156808
2.29,0.3,396.872396776487,0.00175880933661974,0.917387666436192,0.64186540023931,0.268578090819088
2.3,0.3,396.912599897202,0.00081340611526002,0.916600125850908,0.64127654454278,0.271284090759841
2.31,0.3,396.94914855753,0.000340857023975967,0.917579630460174,0.644098203105533,0.269173348633542
2.32,0.3,396.982037833642,0,0.917322723293552,0.64362231717748,0.269542238140239
2.33,0.3,397.011263721284,0,0.920541068795189,0.640280770498002,0.269021089607211
2.34,0.3,397.036823136666,0.000460894158586875,0.918377236095836,0.642056592581414,0.273682418219444
2.35,0.3,397.058713917091,0,0.91712317699292,0.638412976604774,0.270075592005331
2.36,0.3,397.076934821312,0,0.919354576899207,0.640793075062167,0.269727826036217
2.37,0.3,397.091485529634,0.000252067525607879,0.918042160299351,0.64240580716976,0.271876194416034
2.38,0.3,397.102366643744,0,0.91843110360229,0.641344118905077,0.268393530177315
2.39,0.3,397.109579686287,0,0.918651258307643,0.642073631154818,0.268809495824514
2.4,0.3,397.113127100165,0.000916521790351564,0.917395291370618,0.643861684783032,0.268629696306906
2.41,0.3,397.113012247583,0,0.917753684884267,0.642771370142247,0.271790264312928
2.42,0.3,397.109239408829,0.00136450089692339,0.918901174340873,0.64224892916842,0.268194381970759
2.43,0.3,397.101813780786,0.000291134807669714,0.918597615007347,0.64207829558162,0.26846006788604
2.44,0.3,397.090741475185,0.00151244031760349,0.917482826787966,0.641108118025535,0.270046407408113
2.45,0.3,397.076029516594,0.00312411148393995,0.916480146936874,0.641309172297042,0.269789540626576
2.46,0.3,397.057685840141,0.00124518313597777,0.918900031885344,0.642604741431853,0.271399171676401
2.47,0.3,397.035719288978,0.000461557978150398,0.920362020152558,0.643325429243487,0.270772771620795
2.48,0.3,397.010139611481,0,0.917162367022715,0.644643790289378,0.26979435052488
2.49,0.3,396.980957458184,9.1526708403417e-05,0.918709761214842,0.643207908713113,0.26993267173482
2.5,0.3,396.948184378457,0,0.91536533453851,0.640341635377574,0.26967676843043
2.51,0.3,396.911832816915,0,0.919873375754103,0.642413276554018,0.269771323497099
2.52,0.3,396.87191610957,0.000808791890371396,0.917702899034913,0.641555123275332,0.271301120636116
2.53,0.3,396.828448479721,0.001206493543879,0.915311229356728,0.642995816847793,0.273212554236045
2.54,0.3,396.781445033578,8.64006148422761e-06,0.916762760599423,0.642830096401378,0.270524945318241
2.55,0.3,396.730921755633,0.00062085125195393,0.916762813390931,0.642121508774549,0.266854355507582
2.56,0.3,396.676895503761,0.00211656429823566,0.919046827392976,0.643147284547986,0.268469973837126
2.57,0.3,396.619384004069,0,0.921332218372381,0.640993741597138,0.267630182288846
2.58,0.3,396.558405845483,0,0.919373498379821,0.642732020165158,0.269635293075285
2.59,0.3,396.493980474067,0,0.917468853557343,0.642261916968513,0.269225504723493
2.6,0.3,396.426128187101,0.00120274810830589,0.916876313779628,0.644947897399969,0.267225363823739
2.61,0.3,396.354870126878,0,0.915700628512891,0.641721402564995,0.268645474336655
2.62,0.3,396.280228274266,0.00177152584525525,0.918947572211768,0.641436630371523,0.270901600681076
2.63,0.3,396.202225441992,0.00146497240858267,0.91854790742764,0.643665348159216,0.266664207662677
2.64,0.3,396.120885267682,2.53787357203586e-05,0.917171457279894,0.642504969165075,0.269712339015445
2.65,0.3,396.036232206644,0.000200436444933598,0.916830187916928,0.644743628955791,0.268134695601533
2.66,0.3,395.948291524385,0.00181535191373346,0.9194864404243,0.641351839893804,0.272242241204467
2.67,0.3,395.857089288887,0,0.920635219508015,0.64144355704716,0.271003615672445
2.68,0.3,395.76265236262,0,0.91891038126156,0.645666805397768,0.271807345987454
2.69,0.3,395.665008394303,0.00269576248541992,0.919358326694194,0.642788859289033,0.26933347630354
2.7,0.3,395.564185810413,0,0.917456745819484,0.643476838732366,0.269494717495058
2.71,0.3,395.460213806443,0.00151357854009372,0.918607723722943,0.645352416904273,0.269307365674819
2.72,0.3,395.353122337911,0,0.920698882830996,0.645298156672234,0.270960386309403
2.73,0.3,395.242942111111,0.000796380767566471,0.918726534230032,0.644103258469601,0.268559629639987
2.74,0.3,395.129704573629,0.000653589341265771,0.919151036340172,0.644844537706289,0.268757420106121
2.75,0.3,395.013441904594,0,0.919372018164235,0.643440473064008,0.266359564117709
2.76,0.3,394.894187004699,0,0.919809208000133,0.643768469480433,0.270908894279387
2.77,0.3,394.771973485969,0,0.916292025264595,0.645686305726005,0.27006625481797
2.78,0.3,394.646835661279,0,0.91889858135812,0.646249426620654,0.268805776463283
2.79,0.3,394.518808533644,0.00115368409408154,0.918267286979812,0.64263943333515,0.271436783365104
2.8,0.3,394.387927785252,0.00183468116954797,0.915297874210558,0.642631523968615,0.270173581835922
2.81,0.3,394.254229766269,0.0014915594579953,0.917889232656705,0.645878123266417,0.268831638587101
2.82,0.3,394.117751483401,0,0.917926490952637,0.645471595590882,0.268007093939405
2.83,0.3,393.978530588215,0,0.917165711421761,0.646326891833792,0.272078772523048
2.84,0.3,393.836605365235,0,0.916435221030562,0.643704738887067,0.269611035614349
2.85,0.3,393.692014719795,0,0.920270199820279,0.646244796371928,0.271546663538654
2.86,0.3,393.544798165668,0.000985740150704329,0.918071365349817,0.646071680234708,0.268535647517909
2.87,0.3,393.39499581246,0.000852712535697391,0.916073054934998,0.646089129679056,0.27291123166292
2.88,0.3,393.242648352783,0,0.916903236450593,0.645720323175685,0.27162933906508
2.89,0.3,393.087797049192,0,0.916319789101174,0.645135715179458,0.269522125619033
2.9,0.3,392.930483720916,0,0.917722137944037,0.646314999638748,0.269747594856068
2.91,0.3,392.770750730348,0,0.916974301293793,0.646065729825133,0.270794325942234
2.92,0.3,392.608640969336,0.000937667656662266,0.917583109468293,0.646822088829025,0.271177651117878
2.93,0.3,392.444197845242,0,0.915542049437171,0.647631028562916,0.271708493819893
2.94,0.3,392.277465266804,0.00219041909446946,0.91714238671595,0.647681079738125,0.270967704609096
2.95,0.3,392.108487629771,0.00160148387253314,0.917826755075451,0.648837287049264,0.272340671892092
2.96,0.3,391.937309802342,9.74767461145437e-05,0.917732443236696,0.650989608687608,0.268687371909946
2.97,0.3,391.763977110399,0,0.915923461596095,0.645748022062806,0.272380483491828
2.98,0.3,391.588535322533,0,0.915985460927764,0.648706393985611,0.270186315114458
2.99,0.3,391.411030634877,0,0.91648841497792,0.648832074386657,0.269162225381143
3,0.3,391.231509655743,0,0.917535400791644,0.649782367179463,0.269058241756511
3.01,0.3,391.050019390066,0,0.917389310020854,0.64745461986035,0.272072276633273
3.02,0.3,390.866607223659,0,0.915278943349521,0.647181611818254,0.269306417804386
3.03,0.3,390.681320907287,0.00247978263168046,0.916484019714989,0.64898659358683,0.270668075281292
3.04,0.3,390.494208540561,0,0.915647401369118,0.648586542684715,0.26833179097135
3.05,0.3,390.305318555647,0,0.916661795202664,0.648565927643336,0.271779345028567
3.06,0.3,390.114699700814,0,0.915799552599442,0.647963726519677,0.268938304965106
3.07,0.3,389.922401023804,0,0.916866931887355,0.648502747904711,0.268743912891372
3.08,0.3,389.728471855043,0,0.916546384146356,0.649617113994288,0.268394073837667
3.09,0.3,389.532961790693,0,0.91597267119868,0.651420623052966,0.270061014718713
3.1,0.3,389.335920675543,0,0.914045989410743,0.650493438065636,0.269989927029064
3.11,0.3,389.137398585757,0.000233165972842991,0.915436807864968,0.650199624015513,0.2707836953789
3.12,0.3,388.93744581147,0.00150367391446652,0.912768939707647,0.651013252705747,0.270009343557285
3.13,0.3,388.736112839248,0.000329299246606079,0.915237128157206,0.647589009293254,0.270394562412682
3.14,0.3,388.533450334412,0.00051747300244626,0.91386381371016,0.648586882497306,0.268384608643358
3.15,0.3,388.329509123228,0.00370649529018986,0.912823351424381,0.650028248835638,0.270631437087857
3.16,0.3,388.124340174977,0.000569750900659527,0.913841807048915,0.649838835968154,0.269911306479624
3.17,0.3,387.917994583905,0,0.915122631080239,0.649480163020768,0.268614618227889
3.18,0.3,387.710523551056,0,0.917257414594089,0.648747205289675,0.269890679337919
3.19,0.3,387.501978366,0.00200686389598258,0.914427457689953,0.648757102410354,0.269477010433904
3.2,0.3,387.292410388463,0,0.915219091407856,0.65034305289247,0.270018921818556
3.21,0.3,387.081871029853,0,0.91581577473313,0.649941910589965,0.268212903543181
3.22,0.3,386.870411734708,5.56024582689947e-06,0.913468565115951,0.651661101205596,0.269304618594394
3.23,0.3,386.658083962046,0,0.915809140493064,0.652202673743572,0.270549600388473
3.24,0.3,386.444939166659,0,0.913315479272078,0.65259479561791,0.269894605160071
3.25,0.3,386.231028780317,0.000207854004317927,0.917671592902435,0.650796672233206,0.270360108945993
3.26,0.3,386.016404192923,0.00173940738848587,0.911561865159539,0.655739081759133,0.26890937857278
3.27,0.3,385.801116733609,0.000290241146109268,0.914167801412263,0.652645519720206,0.272055796365712
3.28,0.3,385.585217651782,0.000757328305030991,0.911124442516632,0.653912511416177,0.2699714632448
3.29,0.3,380.868670950223,0.00355188910976418,0.91397876948951,0.652132296661737,0.272527875248418
3.3,0.3,374.481054982589,0.00798898922512234,0.911906198056412,0.649415232524108,0.27099753195883
3.31,0.3,369.156316620228,0.0080182302031556,0.91454345698007,0.651560141102173,0.269816097459673
3.32,0.3,364.492599517766,0.00888715485524612,0.916257726858413,0.651409095620867,0.265684393578321
3.33,0.3,360.074116343394,0.013824425925781,0.914395979070238,0.654430005759874,0.269710897082127
3.34,0.3,355.764676009696,0.0151512691578991,0.911456884032569,0.651916709770235,0.269152685671319
3.35,0.3,351.523876973315,0.0158073324747428,0.913502353137216,0.653694173605146,0.271520254036995
3.36,0.3,347.339742771157,0.0182823022339727,0.912290791405144,0.652312713090766,0.267854517745134
3.37,0.3,343.208527732598,0.0224644537698294,0.910661548971694,0.653147717635227,0.269864503225153
3.38,0.3,339.128855668669,0.0224622407633333,0.912355634384087,0.655027294766621,0.269237311365226
3.39,0.3,335.100029633396,0.0262715791514175,0.914922076710809,0.652998514615018,0.268859007208722
3.4,0.3,331.12154547685,0.0278751623717623,0.908094273214534,0.654128625474223,0.271437557078346
3.41,0.3,327.192952080343,0.0315227291582202,0.911073440055606,0.655201877768922,0.270287490703711
3.42,0.3,323.313811333054,0.0333342960784344,0.910506453912993,0.656993242633913,0.271524495385025
3.43,0.3,319.48368678092,0.0366899300007348,0.914741385479501,0.654700851494543,0.269016791146798
3.44,0.3,315.702140510599,0.038695484194578,0.913315656791599,0.653211373573246,0.270269103722659
3.45,0.3,311.968732395756,0.0400577503528733,0.908825269183438,0.655002975207459,0.269490779652561
3.46,0.3,308.283020019331,0.0424660362154673,0.910767365039044,0.656182022434064,0.269940574552176
3.47,0.3,304.644558787854,0.0444352330457612,0.911016004773064,0.656226135029358,0.268693302751634
3.48,0.3,301.052902098966,0.0490528488936774,0.909536530185533,0.655226982711229,0.268749358673473
3.49,0.3,297.507601522304,0.0492943731648522,0.909885190077989,0.653269897325193,0.269794509444275
3.5,0.3,294.008206982275,0.0510497315470874,0.910563991138102,0.656564863875615,0.269911778124077
3.51,0.3,290.554266939356,0.0545149038798478,0.911786942280954,0.656120187729677,0.269864912698728
3.52,0.3,287.145328568902,0.0548755104301582,0.912945590204563,0.655311030949441,0.268838316796112
3.53,0.3,283.780937937126,0.0592518341299516,0.908606253225394,0.655969396395196,0.270928417406237
3.54,0.3,280.460640174079,0.0624641516460655,0.911477831453453,0.655859065167071,0.268926979051538
3.55,0.3,277.18397964355,0.0655772160773644,0.909378814909036,0.656065982750026,0.269889027777062
3.56,0.3,273.950500109807,0.0638674092846358,0.907809858390945,0.656418436887136,0.27054151852909
3.57,0.3,270.759744901117,0.0668518205996294,0.908625791013252,0.657349425591915,0.271524746328769
3.58,0.3,267.611257070003,0.0709714156231992,0.909087983862086,0.654561047238269,0.270725223404925
3.59,0.3,264.504579550167,0.0716126475462818,0.908583495225532,0.656872454489592,0.274125839611135
3.6,0.3,261.439255310057,0.0754167563555167,0.909587291569406,0.653884561496852,0.272322158553972
3.61,0.3,258.414827503028,0.0770674357953398,0.90692751275154,0.65679730813853,0.270896625543034
3.62,0.3,255.430839614073,0.0800137154354117,0.907905408117814,0.656551201874789,0.268352162728647
3.63,0.3,252.48683560308,0.082929154701568,0.909651098890404,0.658049288753731,0.270213966211211
3.64,0.3,249.582360044621,0.0838193952979917,0.904797965545997,0.657240534335174,0.271962206465046
3.65,0.3,246.716958264221,0.0844564241266813,0.909152806387778,0.659199064695894,0.27241215160857
3.66,0.3,243.890176471126,0.0862370424445927,0.908058077395555,0.656624218462987,0.268458592662393
3.67,0.3,241.101561887537,0.0905633651066563,0.909763667565991,0.656914548346652,0.268980192893118
3.68,0.3,238.350662874316,0.0889891928192756,0.908235261261656,0.654357372446173,0.27118641162405
3.69,0.3,235.63702905317,0.0938632548906473,0.908298422920755,0.660445641619369,0.270260222430266
3.7,0.3,232.9602114253,0.096114179617512,0.907058373816311,0.656740852191863,0.270445926202032
3.71,0.3,230.319762486543,0.0992740477955913,0.905471603211797,0.655571536074589,0.269741907112901
3.72,0.3,227.715236338999,0.0975208481650583,0.905093877426329,0.658418166843903,0.271729163360994
3.73,0.3,225.146188799173,0.104045370861273,0.906671954657037,0.659514421080728,0.270455202232528
3.74,0.3,222.612177502644,0.105488486336381,0.906894013926885,0.656823745177424,0.271271223823413
3.75,0.3,220.112762005283,0.105839849958138,0.908021159119821,0.655380271104387,0.270882253081824
3.76,0.3,217.647503881044,0.110180182964913,0.90536509575697,0.661150797961398,0.269298075207564
3.77,0.3,215.215966816363,0.109372526648737,0.90736213409827,0.659494050295695,0.267975403477809
3.78,0.3,212.817716701184,0.114816609343613,0.905698881539198,0.657539493640014,0.271432296258792
3.79,0.3,210.452321716655,0.116668349359038,0.904061242481665,0.658206546923612,0.269090260580501
3.8,0.3,208.11935241953,0.116903479165748,0.906010027028312,0.659944814292346,0.270046939489831
3.81,0.3,205.818381823304,0.120514228785873,0.90336011007503,0.656638131885274,0.270171324402645
3.82,0.3,203.548985476137,0.122230889087457,0.90471984862243,0.65879168488434,0.271111040733741
3.83,0.3,201.310741535601,0.124600162197744,0.902184726680397,0.657955849986911,0.269894668706285
3.84,0.3,199.103230840294,0.127961564770357,0.90443054337511,0.660099341602973,0.267930678438377
3.85,0.3,196.926036978374,0.129739023484716,0.906206112489222,0.657955383080179,0.268925050474121
3.86,0.3,194.778746353055,0.133071130934341,0.901336367009392,0.658587707114394,0.271028358916116
3.87,0.3,192.660948245113,0.133403246010759,0.901485529330072,0.659674892872174,0.26971135009431
3.88,0.3,190.572234872469,0.132950324486285,0.903426937719595,0.656882868902367,0.269248744913057
3.89,0.3,188.512201446877,0.135911890913491,0.90246852208066,0.659213616761111,0.26776447454037
3.9,0.3,186.480446227791,0.140146743663594,0.900900520680854,0.659603394800628,0.270736616199105
3.91,0.3,184.476570573461,0.140403087704156,0.905836288275373,0.657404602956768,0.267346607286778
3.92,0.3,182.500178989306,0.142425037123381,0.905353875989728,0.658941644970475,0.267407486505822
3.93,0.3,180.550879173631,0.145110684594018,0.901389640542574,0.658289707007673,0.267873953256116
3.94,0.3,178.628282060738,0.14650204647926,0.904972630959857,0.656862073291636,0.273505961369567
3.95,0.3,176.732001861497,0.148874852237045,0.903204324618441,0.659308235325583,0.26966829355897
3.96,0.3,174.861656101425,0.148780418723874,0.902283687984451,0.6568577426433,0.272534935131736
3.97,0.3,173.016865656346,0.151576940019825,0.903267572511357,0.65744687121522,0.267835336840351
3.98,0.3,171.197254785674,0.153796093431706,0.898252936289122,0.657511132550615,0.272188056469703
3.99,0.3,169.402451163396,0.158215265349506,0.899628449049969,0.65948849496359,0.270941431873611
4,0.3,167.632085906807,0.157373411462234,0.900864791573765,0.659490524556467,0.270985467610958
4.01,0.3,165.88579360305,0.16212674840521,0.899681716681101,0.658378538150693,0.268339875636615
4.02,0.3,164.163212333539,0.159340230875791,0.899903842189519,0.657662539518121,0.26771729432149
4.03,0.3,162.463983696304,0.163414014406111,0.900545053789956,0.658494409428037,0.270986728174127
4.04,0.3,160.787752826334,0.169500405261617,0.899111963198623,0.660169759105815,0.27297684803091
4.05,0.3,159.134168413965,0.169800291680839,0.899735040572743,0.659205550443136,0.269993463194667
4.06,0.3,157.502882721387,0.170627029181461,0.901499128918722,0.658150508240084,0.269288402222373
4.07,0.3,155.893551597311,0.172533652671486,0.898092402970869,0.65817257685105,0.271760662088514
4.08,0.3,154.305834489866,0.174564290486121,0.900305733606571,0.65855177700668,0.2687218524642
4.09,0.3,152.739394457784,0.179101752498937,0.896994777970508,0.655556713021858,0.2706972038557
4.1,0.3,151.193898179918,0.176798991476127,0.89652109255837,0.659340322122114,0.269818650675436
4.11,0.3,149.669015963166,0.181299377072238,0.897279238127433,0.658029154544351,0.269059627940119
4.12,0.3,148.16442174885,0.183029623345083,0.897704412685496,0.658848101183897,0.269973629914185
4.13,0.3,146.679793117594,0.183323416435344,0.897499243027279,0.658158696259451,0.271630845450826
4.14,0.3,145.214811292774,0.187994648169862,0.898597146413898,0.65645040387973,0.26904914895214
4.15,0.3,143.769161142582,0.190493700683495,0.897755038870225,0.660045951316504,0.269485238203697
4.16,0.3,142.34253118076,0.191063417949949,0.895165243705932,0.657557712821403,0.271443144211166
4.17,0.3,140.934613566049,0.192180268069454,0.898093033642222,0.656692669156254,0.268895458697334
4.18,0.3,139.545104100419,0.194725191977594,0.898311202275678,0.657486373535816,0.271408293621906
4.19,0.3,138.173702226113,0.196631728687331,0.89774053328626,0.659447393999511,0.2691467965816
4.2,0.3,136.82011102156,0.197131816759631,0.898129811823742,0.659021319634009,0.270279937857292
4.21,0.3,135.48403719621,0.200016503970443,0.895822897595887,0.655851079163759,0.269373726301437
4.22,0.3,134.165191084333,0.203458726602949,0.896999061576241,0.657766642706512,0.271198323013104
4.23,0.3,132.86328663782,0.203262734325541,0.896341247229066,0.656686320749899,0.271449501352005
4.24,0.3,131.578041418044,0.206823336863246,0.893424046381039,0.656524634191434,0.270339284524755
4.25,0.3,130.309176586818,0.209305554507719,0.892069807591588,0.658408499925743,0.269835938954228
4.26,0.3,129.05641689649,0.208605654034314,0.894883359433859,0.654788958336033,0.26824049350188
4.27,0.3,127.819490679216,0.21244709335414,0.893315591119407,0.656694772895153,0.269570120426748
4.28,0.3,126.598129835456,0.213215632763049,0.892657015228605,0.654748056729342,0.272380747940022
4.29,0.3,125.392069821725,0.215106999825467,0.894319429647915,0.656686293683262,0.268914692387462
4.3,0.3,124.201049637645,0.217514719320942,0.891798701062972,0.655761665455438,0.272859670752846
4.31,0.3,123.024811812316,0.219900276675825,0.892497535421102,0.65808239098124,0.271193265707854
4.32,0.3,121.86310239007,0.219414860521434,0.894184053436475,0.657398090926401,0.270340990597107
4.33,0.3,120.71567091561,0.222851136003855,0.892873778585954,0.656395300797654,0.27040036811355
4.34,0.3,119.582270418593,0.224601740592783,0.89111381466342,0.656278606666096,0.273815527702088
4.35,0.3,118.462657397667,0.224999991751935,0.894910271448843,0.65732432430006,0.272118898859849
4.36,0.3,117.35659180401,0.227292021191558,0.894462846577654,0.655096738453874,0.267207872709643
4.37,0.3,116.263837024386,0.23161364959246,0.891881366568703,0.653712701272082,0.269722819265089
4.38,0.3,115.184159863751,0.231485462648099,0.888863051339099,0.656151859850975,0.269105279545139
4.39,0.3,114.117330527445,0.233732972284619,0.891416882581364,0.656140060759531,0.270886457007933
4.4,0.3,113.063122602971,0.23598347842746,0.891753086606876,0.652798759669244,0.271685898726955
4.41,0.3,112.021313041411,0.238886314593949,0.890379348777563,0.655457825357282,0.270796776037565
4.42,0.3,110.991682138491,0.238433461710658,0.889970849961144,0.653560840383585,0.272184204389746
4.43,0.3,109.974013515306,0.241275132124274,0.891256690052037,0.653393476122057,0.271516921690634
4.44,0.3,108.96809409875,0.241693924183297,0.890338183677205,0.656113250245675,0.270784905026956
4.45,0.3,107.97371410165,0.241475852735902,0.888745673898522,0.653580736433901,0.269505979782414
4.46,0.3,106.990667002626,0.246026020290265,0.889816507381485,0.652054980204658,0.269792798392626
4.47,0.3,106.018749525704,0.24568670627829,0.889436448480871,0.657194893174104,0.271371846007274
4.48,0.3,105.057761619688,0.249050944733005,0.88786228297021,0.651494420873989,0.267944634531606
4.49,0.3,104.107506437313,0.254469389440677,0.888978723554435,0.653122788085766,0.265971774935177
4.5,0.3,103.167790314184,0.255066772059748,0.888231382337234,0.655304824733888,0.270192446396095
4.51,0.3,102.238422747529,0.253990371487386,0.886407358305671,0.654941611326602,0.271217564100571
4.52,0.3,101.319216374758,0.256757414128621,0.884252168487015,0.653659421715568,0.267636716165837
4.53,0.3,100.409986951864,0.258673064675541,0.884560517249041,0.650478645578085,0.270636583308756
4.54,0.3,99.5105533316523,0.26045276645769,0.888327742454445,0.650455555394342,0.269128971168751
4.55,0.3,98.6207374418203,0.260291548956422,0.887776836564196,0.653083917194301,0.268905564866333
4.56,0.3,97.7403642628977,0.26294302561864,0.887656859625993,0.651913059684275,0.268657807515116
4.57,0.3,96.8692618060475,0.264176373545929,0.886630209004918,0.652323569389802,0.267914607178109
4.58,0.3,96.0072610907381,0.26565698967091,0.8878744356117,0.652518590473367,0.26980845831831
4.59,0.3,95.1541961222939,0.270456965122497,0.885910802326615,0.654228698243891,0.269824041728836
4.6,0.3,94.3099038693271,0.270988010713535,0.884562614056384,0.653017378168991,0.270415552246305
4.61,0.3,93.474224241056,0.274424489952114,0.884934258769112,0.65374608031645,0.270354327087473
4.62,0.3,92.647000064514,0.27431186800464,0.888183508967267,0.651960860675038,0.270300059636162
4.63,0.3,91.8280770616524,0.274810565601028,0.888038574047807,0.651350870324672,0.271189060458895
4.64,0.3,91.0173038263374,0.278800404568223,0.887439688861633,0.650898195399786,0.272740287320656
4.65,0.3,90.2145318012467,0.27628952207329,0.88627774801104,0.650713958419787,0.270089926839801
4.66,0.3,89.4196152546638,0.279789314688571,0.883845103034251,0.650293226319344,0.269711859557351
4.67,0.3,88.6324112571709,0.281558660365085,0.884849499565125,0.651422437067983,0.269398614600382
4.68,0.3,87.8527796582435,0.284668275373084,0.883235749046124,0.650930876951844,0.27056401434824
4.69,0.3,87.0805830627414,0.285526471344822,0.883823173876089,0.652460914700426,0.270514989499187
4.7,0.3,86.4531880407335,0.290470145236541,0.882376621929749,0.653268694681111,0.270623170206596
4.71,0.3,86.0588298490304,0.288721052417607,0.883363043213077,0.651766034352383,0.269492573016381
4.72,0.3,85.7443161427633,0.29007427523781,0.882094388774744,0.648976100829057,0.2697925899789
4.73,0.3,85.4623972458373,0.28871108955677,0.882552369224101,0.649169280409251,0.270452791085779
4.74,0.3,85.277852097267,0.287678027847054,0.882308132623599,0.647985682251835,0.270762839076895
4.75,0.3,85.1474190896476,0.28990078488952,0.883022557996899,0.650679944583137,0.270335076770365
4.76,0.3,85.0323002463,0.293084633769116,0.881897941178275,0.64973340620802,0.269554830195623
4.77,0.3,84.9217089194657,0.289441408538743,0.87921759449562,0.650168416717156,0.268457882683731
4.78,0.3,84.8131029421362,0.290731857510723,0.880332231556206,0.647471639079742,0.2693589298327
4.79,0.3,84.7047132020844,0.291665756031183,0.883578929360696,0.649378410915865,0.269661217544926
4.8,0.3,84.596041844996,0.290957755391624,0.879657997982786,0.649784702977958,0.269214670195682
4.81,0.3,84.4877288486411,0.292693991930031,0.879457373900046,0.649274076774671,0.270731492792161
4.82,0.3,84.3792773366179,0.29198410776743,0.877639397661389,0.64751735579554,0.270346585257815
4.83,0.3,84.2702316041341,0.291395283413824,0.876964867710991,0.64886389162262,0.270307108404091
4.84,0.3,84.1609482551099,0.289753438532441,0.880037388710701,0.649156037000139,0.271275044360366
4.85,0.3,84.0516952302399,0.292204373704234,0.880444336457449,0.648579071474299,0.269978814655315
4.86,0.3,83.9418301401728,0.291006580312307,0.880399002217889,0.647459978163206,0.268782694479727
4.87,0.3,83.8311576956774,0.291822157044799,0.878956608937243,0.650127221049163,0.27173991750302
4.88,0.3,83.7201716630506,0.292243043811627,0.879261740590611,0.645824263045105,0.271705510909195
4.89,0.3,83.6085152163684,0.293895078979073,0.876221994916743,0.646699890005801,0.271013293582476
4.9,0.3,83.495852712945,0.293198183769889,0.878057082388282,0.645245961521286,0.269531940792555
4.91,0.3,83.3823145226252,0.296049798394133,0.876194415215748,0.649507868065567,0.268400399719106
4.92,0.3,83.268006169351,0.295366535679238,0.877082425158423,0.646165202259343,0.270089541079135
4.93,0.3,83.1525837243234,0.293510894425581,0.877447694968273,0.647183446961397,0.270025986408726
4.94,0.3,83.0359451048459,0.292991647101708,0.877989272579657,0.649568544892934,0.266863611973708
4.95,0.3,82.9184436037273,0.293391415783939,0.875956445421317,0.647379744895717,0.271646965246471
4.96,0.3,82.7998203136913,0.295271847011111,0.87705188363929,0.645952217552015,0.270392176760804
4.97,0.3,82.6798291880782,0.296899233255807,0.874028576087117,0.646820944695923,0.268889625985862
4.98,0.3,82.5586473530284,0.294850489979894,0.8747776171989,0.643472604964947,0.270314570496517
4.99,0.3,82.4364034346161,0.296048424367871,0.876257591209249,0.645272834258781,0.270878068792466
5,0,82.3127437128073,0.29716921147637,0.874447523924221,0.64563767589178,0.268195483011556
5.01,0,82.1875727336014,0.295879851296733,0.873251526876041,0.647239363930191,0.273037435047626
5.02,0,82.0612996508473,0.295539859208194,0.874553652747214,0.645479138444865,0.272750277933206
5.03,0,81.9336470502929,0.297244281084558,0.871118228978693,0.648247196897474,0.270880827961614
5.04,0,81.8043514998007,0.297930102672589,0.87386451166782,0.646822203267118,0.269874062787419
5.05,0,81.6944210010859,0.296469219026924,0.877353522707701,0.644611463037191,0.26854341748717
5.06,0,81.6178574066856,0.298073927535932,0.873318244128802,0.644173179793957,0.271241728002648
5.07,0,81.5514299773284,0.296928127698468,0.872730008743304,0.644359616602117,0.27183005947901
5.08,0,81.4917090805528,0.295403342749621,0.872339245446396,0.644429548941866,0.271857236292035
5.09,0,81.4638557914683,0.300785176141836,0.872113663063246,0.641879926303167,0.271727331255893
5.1,0,81.4367548172291,0.298675507702677,0.872329590602268,0.644583534890236,0.270502700013569
5.11,0,81.4092394958975,0.297309671120978,0.870351555560276,0.643207379712711,0.273305767160914
5.12,0,81.381302755611,0.297615968896831,0.872712326630871,0.642540166684618,0.271209093682817
5.13,0,81.3529376809214,0.298605825924151,0.8734488918712,0.646384789069599,0.267994286112295
5.14,0,81.3241375159931,0.296935724356709,0.872479639462827,0.643561067436734,0.267733733063982
5.15,0,81.2948956677437,0.296108061399479,0.871785495845323,0.643980404210529,0.27011124975865
5.16,0,81.2652057089267,0.298157907157137,0.870607207157662,0.643105852638795,0.269984509531288
5.17,0,81.2350613811564,0.298353832254715,0.871041983396156,0.643968659308931,0.2718224704125
5.18,0,81.2044565978729,0.297636691751834,0.871179626320211,0.643259159289029,0.269628872161692
5.19,0,81.1733854472475,0.297214088088017,0.869890402478871,0.641436525035621,0.267483264171921
5.2,0,81.141842195029,0.296914440912701,0.869319793754994,0.642805988734408,0.274434155929247
5.21,0,81.1098212873274,0.29606612646498,0.867702163893708,0.643094624608601,0.26670708429278
5.22,0,81.0773173533382,0.29808155678029,0.867321107626414,0.643373496155067,0.269508069857305
5.23,0,81.0443252080035,0.295997137589858,0.867145722830174,0.640724298637507,0.268368057716294
5.24,0,81.0108398546118,0.301662336749631,0.866864517867279,0.643118659383019,0.2703795301593
5.25,0,80.9768564873343,0.297455687799489,0.866581344486729,0.644100598570643,0.269804128912755
5.26,0,80.9423704936989,0.297939372031726,0.867829226080694,0.64263082275634,0.270225372629294
5.27,0,80.9073774569994,0.296919610258229,0.868586799002159,0.640160537542272,0.273195636459263
5.28,0,80.8718731586419,0.297772269405316,0.868744739765323,0.640170227950566,0.268672206208163
5.29,0,80.8358535804259,0.296644431272124,0.869838421934559,0.642068569574252,0.27258735774716
5.3,0,80.7993149067608,0.296555982563994,0.86629710242504,0.642298734335828,0.268805022668388
5.31,0,80.7622535268169,0.29671462207209,0.865935405703885,0.641826888171786,0.268926028717953
5.32,0,80.7246660366111,0.295911101896393,0.865279859620885,0.64257888697316,0.269344163691773
5.33,0,80.6865492410266,0.296205113909315,0.865119674412858,0.643013963404511,0.267380040720864
5.34,0,80.6479001557654,0.298635644175272,0.86579683872207,0.640925113307865,0.269069437624231
5.35,0,80.6087160092353,0.296066211553518,0.86477098945833,0.642917412101475,0.269664491696728
5.36,0,80.5689942443688,0.298630402266159,0.866093187530474,0.64231345995946,0.27103502463198
5.37,0,80.5287325203751,0.298244175394153,0.866366056835564,0.640713013143525,0.268499496569967
5.38,0,80.4879287144242,0.299539833856865,0.865517904911307,0.639916700556299,0.27028678526747
5.39,0,80.4465809232625,0.295540096506595,0.865967227922774,0.643805137403288,0.268884170488152
5.4,0,80.4046874647609,0.293811259006118,0.865974611361439,0.641844431567686,0.270337354808264
5.41,0,80.3622468793934,0.298558312864248,0.860819305008359,0.641352669492757,0.270476669764447
5.42,0,80.3192579316467,0.29762232324899,0.863389062525848,0.642182586013727,0.272400171659136
5.43,0,80.275719611361,0.299686760210768,0.861792927324017,0.642378717232475,0.269651855711941
5.44,0,80.2316311350008,0.296824038606049,0.862688625567299,0.640450621429453,0.26741363214288
5.45,0,80.1869919468554,0.297378783945308,0.862393211342144,0.641116501289805,0.268821163797491
5.46,0,80.1418017201697,0.297019319361442,0.863332910773296,0.641103995327554,0.270146602021244
5.47,0,80.0960603582045,0.297025299183966,0.8625590099312,0.641757659666147,0.27090561320646
5.48,0,80.0497679952252,0.296676244454071,0.862004146066298,0.639127814396292,0.269779089841957
5.49,0,80.0029249974205,0.298178172346812,0.862108512791882,0.643559861949974,0.26853210563139
5.5,0,79.9555319637485,0.297439962577199,0.861645914646508,0.639157225598812,0.269739778874956
5.51,0,79.9075897267122,0.2974063821817,0.858801514966716,0.641249720810436,0.270067846671181
5.52,0,79.859099353062,0.296354348267198,0.862981749256845,0.641921606176611,0.271564728490036
5.53,0,79.8100621444264,0.299726992585452,0.861438541809509,0.641711078963557,0.27118758621708
5.54,0,79.7604796378705,0.296430474776813,0.86210451681177,0.642094758365001,0.269666543298229
5.55,0,79.7103536063806,0.297528400539858,0.861352306063794,0.639932445209432,0.269550845806175
5.56,0,79.6596860592766,0.298523221443613,0.858067830130842,0.640485637629368,0.27067423542653
5.57,0,79.6084792425506,0.297397910719396,0.860382941479271,0.641185660508517,0.266116354332429
5.58,0,79.5567356391312,0.298528596349012,0.85957505197543,0.643527858723481,0.269524983837558
5.59,0,79.5044579690751,0.298478700219445,0.858327141600609,0.640834230340838,0.269896723582876
5.6,0,79.4295624677781,0.295975874367914,0.859882657659209,0.64301261428817,0.270009048531014
5.61,0,79.1969593152861,0.298665714370329,0.858420021143571,0.639447718262043,0.270080925975297
5.62,0,79.0354261422734,0.296086223550381,0.857518722783378,0.641968542667082,0.27014525394
5.63,0,78.9023759881775,0.300865124347358,0.857465358827629,0.644008914691887,0.268823935340082
5.64,0,78.7757345319929,0.297570114906321,0.860052721641889,0.642267711273432,0.270757636867773
5.65,0,78.6490168610594,0.300266877459007,0.857626814632798,0.641199522634912,0.269686053780284
5.66,0,78.5204843134572,0.301612302860106,0.856201760129885,0.642832608514619,0.268664846632532
5.67,0,78.389697840832,0.299100204545366,0.859100448963433,0.642418787080596,0.270657404900307
5.68,0,78.2565677564827,0.302353734001545,0.854187473623591,0.645152632743516,0.267314379630106
5.69,0,78.1210986171981,0.299677687171236,0.857521034178788,0.644887057989516,0.269470743295513
5.7,0,77.9833210597758,0.2999718935439,0.855400919581754,0.644221208020795,0.271562189084357
5.71,0,77.8432735837626,0.301263091862544,0.857519426943841,0.641814756093221,0.271507782662015
5.72,0,77.702448357538,0.300309286154553,0.855810497018252,0.642894149666886,0.271751514044542
5.73,0,77.5625065621379,0.298931361425913,0.854063737614075,0.644643966065712,0.271926143257774
5.74,0,77.4215371850773,0.301751105209957,0.856017296716631,0.642203474528122,0.268989832453764
5.75,0,77.2788224479944,0.300043238135105,0.856292290175913,0.643819187150562,0.271917589222455
5.76,0,77.1342141900329,0.30039294806131,0.854345067224704,0.643816574226941,0.268002440269609
5.77,0,76.987712225307,0.301213898856902,0.853253520097237,0.641799915525831,0.269069970232913
5.78,0,76.839351712641,0.301468665777862,0.85545657650859,0.641589210809104,0.27132265683104
5.79,0,76.6891766095182,0.30363322186642,0.853308360109667,0.643505263844489,0.269586111019915
5.8,0,76.5372335899024,0.304255365233606,0.855274195558478,0.641089449754473,0.272796236815807
5.81,0,76.3835706451939,0.303476374244982,0.856509159504311,0.642360030276205,0.271864185889841
5.82,0,76.2282367464167,0.302437681571886,0.855243938161991,0.642620116043403,0.271024988899869
5.83,0,76.0712817462173,0.301866372234768,0.85471628725867,0.642376504328052,0.269304392887669
5.84,0,75.912756334875,0.303682603730762,0.854884334753708,0.644463400795892,0.271426176136635
5.85,0,75.7527120083034,0.303173481699983,0.849957859963537,0.642179193524469,0.271515240465233
5.86,0,75.5912010385501,0.304454637180679,0.851852448484043,0.644234285218131,0.268745724507382
5.87,0,75.4282764446681,0.305913571545357,0.850949634149345,0.640960541843032,0.269963613746181
5.88,0,75.2639919634969,0.306193750615147,0.849598529690889,0.641494458989432,0.272580354012563
5.89,0,75.0984020202746,0.304452009026416,0.854150731514899,0.644279153511524,0.268877859232636
5.9,0,74.9315616990848,0.304871633547944,0.852377353447283,0.64582851438674,0.270766793036474
5.91,0,74.7635267131652,0.306299913427557,0.853238203053758,0.643139450400469,0.271649703938264
5.92,0,74.594353375104,0.305346725009019,0.848108631073802,0.643312152495618,0.269936918293607
5.93,0,74.4240985669573,0.307271742268667,0.849177758271963,0.643202598654744,0.268931936436571
5.94,0,74.2528197103156,0.307199260436337,0.850843399840224,0.647478294218212,0.272213970950787
5.95,0,74.0805747363488,0.307422012249943,0.852132332248237,0.641892937604975,0.272132601836379
5.96,0,73.9074220558614,0.306909503187773,0.848547457617983,0.646314060258743,0.271087015477
5.97,0,73.7334205293843,0.30623252299555,0.850132824944221,0.644985905273948,0.268525539660465
5.98,0,73.5586294373345,0.306192968351462,0.847801776926477,0.642966560395694,0.269501669397915
5.99,0,73.3831084502684,0.306954127630813,0.850213067372078,0.64595718006905,0.268961177755743
6,0,73.2069175992591,0.308706409911313,0.848257290357113,0.646128156541668,0.268647114459858
6.01,0,73.0301172464226,0.308730022066435,0.848815255235507,0.644206900663238,0.266338029932586
6.02,0,72.8527680556224,0.307582683294403,0.849104568842004,0.644922286771771,0.269741557748534
6.03,0,72.6749309633755,0.308861989928933,0.849382440122795,0.645602335512743,0.269301082683762
6.04,0,72.4966671499881,0.30932646200224,0.85004211478683,0.644085423124954,0.269899843333527
6.05,0,72.3180380109448,0.305262133179665,0.846268512932865,0.644078738092681,0.270476091988139
6.06,0,72.1391051285754,0.310044470755531,0.847181423591326,0.645931790331244,0.26941122036635
6.07,0,71.9599302440227,0.310363751401629,0.848932128308157,0.64570611366796,0.270755485323688
6.08,0,71.7805752295357,0.312087338981637,0.849820000212182,0.646603604663196,0.272599388475721
6.09,0,71.6011020611077,0.310945420534166,0.846179611066951,0.646500101182381,0.271238363829383
6.1,0,71.4215727914833,0.311700681821362,0.845948727331959,0.646728916370206,0.268866495820195
6.11,0,71.2420495235522,0.314252158947553,0.847623453094732,0.647679812856736,0.268186150087301
6.12,0,71.0625943841521,0.311263079145152,0.846232996034278,0.648005009142972,0.268609853127883
6.13,0,70.8832694982971,0.309400270509586,0.844952557764721,0.647339642733877,0.27008480495593
6.14,0,70.7041369638512,0.312486356951257,0.845011650953517,0.646337833348792,0.269670374189441
6.15,0,70.5252588266632,0.311722199662177,0.843447861529838,0.651648928305742,0.27170770274605
6.16,0,70.34669705618,0.312655222896512,0.846362454581083,0.649114007941556,0.269858053564925
6.17,0,70.1685135215521,0.311437807029591,0.845250114449396,0.649611043943805,0.270433000731808
6.18,0,69.9907699682478,0.312472790856365,0.843746869498627,0.649247655028787,0.268757908506513
6.19,0,69.8135279951878,0.311499391133173,0.846899602312334,0.650272193531455,0.271735180066765
6.2,0,69.636849032413,0.316838047739239,0.844653378490852,0.649654320366944,0.269337650402811
6.21,0,69.4607943192991,0.313405342554724,0.844482351688703,0.649596361593604,0.270803167814437
6.22,0,69.2854248833252,0.317845181214375,0.845029129584319,0.650582362087612,0.268007875182417
6.23,0,69.1108015194098,0.315734479330828,0.842402905412622,0.649716064698353,0.271412870934305
6.24,0,68.9369847698201,0.318147516869143,0.842486808979378,0.645997509199882,0.269919825829806
6.25,0,68.7640349046642,0.317326128878523,0.844793434866278,0.64874579774989,0.26928002420792
6.26,0,68.592011902973,0.31288844116501,0.845492547120137,0.648385567832206,0.269366953490376
6.27,0,68.4209754343768,0.314301915781269,0.845485804004291,0.651373144908562,0.270940342369988
6.28,0,68.2509848413828,0.316886271077106,0.844498790792761,0.649290894568588,0.271220712298601
6.29,0,68.0820991222572,0.317150419434083,0.84534736721789,0.650589006745851,0.271577381695415
6.3,0,67.9143769145153,0.31539158484979,0.842423195879895,0.648502283933726,0.268594934681572
6.31,0,67.7478764790218,0.319921021910669,0.843914265037978,0.649419598094292,0.269122314834182
6.32,0,67.5826556847026,0.316628197306673,0.843101320084185,0.651791916477827,0.270093367731574
6.33,0,67.4187719938699,0.31656060412217,0.840794736666809,0.651107955335256,0.270503738423153
6.34,0,67.2562824481584,0.317248400512078,0.842429212809658,0.651542248055199,0.268258281704841
6.35,0,67.0952436550731,0.31720907833107,0.843372439947204,0.651321703698558,0.268985229466198
6.36,0,66.9357117751466,0.316679271852544,0.84130609508644,0.649966537632266,0.270717758839183
6.37,0,66.7777425097018,0.319827642252284,0.841837241778972,0.649514818327256,0.270557298562085
6.38,0,66.6213910892181,0.315716338883056,0.840237337093866,0.653817794819433,0.271807807030242
6.39,0,66.466712262296,0.318847033772853,0.841414307492984,0.651098578976841,0.269064713562004
6.4,0,66.313760285215,0.320885317767117,0.842633975708715,0.652318888312654,0.271787265805487
6.41,0,66.1625889120793,0.319547340230052,0.840058256595198,0.654334311286853,0.270706236225042
6.42,0,66.0132513855438,0.321180658166584,0.839173120512903,0.65174775432391,0.269665378271943
6.43,0,65.865800428115,0.320456934600225,0.843240520902965,0.649872511014199,0.272410783973487
6.44,0,65.7202882340166,0.320475879227175,0.841111628896112,0.654904404594139,0.272221685658535
6.45,0,65.5767664616131,0.323103541059574,0.841849583249756,0.653123344426647,0.266408192899904
6.46,0,65.4352862263812,0.319108178067188,0.839309382461163,0.650351568897017,0.270725507419935
6.47,0,65.295898094419,0.32241130796107,0.84167743101031,0.653948058137891,0.269719013950492
6.48,0,65.1586520764839,0.321353257165755,0.843411088972114,0.652089792941508,0.272749360998642
6.49,0,65.0235976225469,0.321831980401426,0.838356837358114,0.653418281683544,0.268306199837813
6.5,0,64.8907836168517,0.321933012131415,0.840878759663373,0.653352830020225,0.270923018612874
6.51,0,64.7602583734679,0.323155034276623,0.8390586907692,0.653512101014022,0.268279169073405
6.52,0,64.632069632325,0.322716799612463,0.839599607220634,0.652563622087679,0.271107343341607
6.53,0,64.5062645557136,0.320327497716479,0.838922639308044,0.654329014068687,0.269959203826749
6.54,0,64.3828897252428,0.324882782180646,0.841967405094124,0.65426609722507,0.27130930176188
6.55,0,64.2619911392358,0.321667610768127,0.838309889378079,0.653508970568871,0.266859675044974
6.56,0,64.1436142105545,0.323360184443945,0.837247931905729,0.656451374115381,0.269496379833745
6.57,0,64.0278037648351,0.324602360956123,0.839248686482015,0.654738361116217,0.269781073359627
6.58,0,63.9146040391208,0.323058795830089,0.839755114033846,0.653882042932712,0.270126109142047
6.59,0,63.8040586808772,0.326263601197226,0.838644579163252,0.656267838749789,0.272834428888978
6.6,0,63.696210747374,0.327976310674143,0.835133584882515,0.654528850048492,0.270760178131807
6.61,0,63.5911027054177,0.320411500204114,0.836918366303621,0.654253499166519,0.269925791581233
6.62,0,63.4887764314195,0.327346204282503,0.834005834646508,0.654953244319037,0.267199129322046
6.63,0,63.3892732117823,0.324898317092562,0.837964517244008,0.654692679918507,0.26889075876162
6.64,0,63.2926337435904,0.327352010119735,0.83606163293227,0.652174080920537,0.271536402445993
6.65,0,63.1988981355856,0.322650553537356,0.836863970763715,0.657247799656043,0.272597227473589
6.66,0,63.1081059094126,0.326435235915965,0.837441907399695,0.65563454368598,0.269848797169148
6.67,0,63.0202960011179,0.326568746238176,0.837235237297122,0.653847756767651,0.27045769144375
6.68,0,62.9355067628853,0.327607443349591,0.837192770429348,0.655378909881598,0.272877936737036
6.69,0,62.8537759649907,0.325225156713024,0.837701499029784,0.654790663604732,0.268800999717455
6.7,0,62.7751407979595,0.326218933883997,0.838492038804123,0.656690549819753,0.271880361928255
6.71,0,62.69963787491,0.32494204031471,0.83654408383801,0.65629598120178,0.27050632885603
6.72,0,62.6273032340664,0.32672765283617,0.836691901874591,0.655327174249044,0.270411511627424
6.73,0,62.5581723414232,0.327178143778207,0.836218873018008,0.655994039277361,0.269609742423652
6.74,0,62.4922800935465,0.327899474916266,0.835217336693657,0.656247547720555,0.269970076900278
6.75,0,62.4296608204925,0.327288804758982,0.835514929184433,0.65658966764953,0.266871547751139
6.76,0,62.3703482888303,0.328915812541806,0.837460820798832,0.656573061124586,0.270013208365058
6.77,0,62.3143757047486,0.327060571797839,0.836668995458497,0.655868315012141,0.271736989291036
6.78,0,62.261775717234,0.326036371470606,0.836862561326115,0.65739522498036,0.269754321756968
6.79,0,62.2125804213012,0.32610303816244,0.834047962978783,0.654569403388393,0.27085108729596
6.8,0,62.1668213612616,0.326859189014912,0.834763948843183,0.656707167538065,0.269686976046809
6.81,0,62.1245295340133,0.326973930198809,0.835227338282802,0.655938294082109,0.271094381633021
6.82,0,62.0857353923367,0.325585316479479,0.833920443192525,0.66019742368875,0.269255419588927
6.83,0,62.0504688481819,0.325153794474824,0.834022966229542,0.657078973847438,0.27046982787231
6.84,0,62.017578500926,0.328625203349954,0.83343958841731,0.659621675520053,0.270109364981376
6.85,0,61.9854811169819,0.325816505178556,0.834048447503813,0.656615111398906,0.268302094364718
6.86,0,61.9541838348771,0.328499686623792,0.833591909929277,0.6563052016409,0.271302079714001
6.87,0,61.923693550025,0.324493231684471,0.833910152510179,0.658829922000776,0.271620715717745
6.88,0,61.8940169112115,0.32532287650782,0.833425384638759,0.657613926442981,0.269668899635403
6.89,0,61.8651603172003,0.329059969222006,0.834784197935894,0.660743344605646,0.271316517211613
6.9,0,61.8371299134582,0.326660647005651,0.836158829622181,0.656759863790014,0.268939684964122
6.91,0,61.8099315890049,0.327466744981078,0.83475506754221,0.659285100328756,0.26947031662129
6.92,0,61.7835709733894,0.326589937417479,0.833734636725648,0.656817155894678,0.271190535643982
6.93,0,61.7580534337958,0.32639758091013,0.834965478266702,0.655210982027681,0.271735082178431
6.94,0,61.7333840722813,0.325664144812783,0.835235548921346,0.658865756785977,0.272019067043114
6.95,0,61.7095677231492,0.329171818038715,0.832250061969803,0.657127295752595,0.268787659801593
6.96,0,61.6866089504591,0.325233318293369,0.832078163889757,0.657982522743624,0.271013146417081
6.97,0,61.6645120456758,0.326008436165188,0.832879052604502,0.656050135162244,0.27107619381854
6.98,0,61.6432810254615,0.32550407513401,0.834426796199972,0.658077797890573,0.272235386856608
6.99,0,61.6229196296106,0.326038132452918,0.834090532508908,0.659152521958127,0.269767259173617
7,0,61.6034313191313,0.327969385631516,0.834786237061256,0.655985457143714,0.270601413478552
7.01,0,61.5848192744741,0.326492252540775,0.835110667041279,0.659865837638442,0.268872759017839
7.02,0,61.5670863939108,0.327029197535905,0.832938724042337,0.657465802760054,0.269944141745582
7.03,0,61.5502352920635,0.327306236140625,0.835158966571444,0.657896110744212,0.268185779404566
7.04,0,61.5342682985877,0.32512277811889,0.832780019502117,0.658857653415809,0.269515477093457
7.05,0,61.5191874570074,0.324025097222125,0.830811947542137,0.65733892698157,0.27019095459955
7.06,0,61.504994523707,0.328139065560331,0.831755216187289,0.658398054688042,0.270448495581379
7.07,0,61.4916909670784,0.328358308506997,0.833505290645525,0.655500394320534,0.268973598700645
7.08,0,61.4792779668256,0.326963944314372,0.832474002096492,0.65987194254056,0.268953920033379
7.09,0,61.4803527120555,0.327335531444791,0.833111065516674,0.65693681421554,0.270617288232071
7.1,0,61.7102801676968,0.324817681163757,0.830654773524775,0.659167768580664,0.271041797702193
7.11,0,61.8443000587147,0.325899017529642,0.832237698183394,0.65734435730738,0.268991038601095
7.12,0,61.9384490353373,0.326183829520882,0.833697797423007,0.65896609985724,0.269484443836523
7.13,0,62.0241389169278,0.325285481565646,0.831346969822565,0.658891242346491,0.270130441207788
7.14,0,62.1106165943171,0.323649133549078,0.833352771817588,0.658420150844756,0.271308242028585
7.15,0,62.2003745671022,0.323721832012372,0.832432682974124,0.659231459759673,0.270381058248595
7.16,0,62.2940793231081,0.322725992106737,0.830805511079506,0.656128409361989,0.269490364540058
7.17,0,62.3919149835123,0.323587139276929,0.83284687184369,0.659751408206235,0.268719693405879
7.18,0,62.4939385630176,0.323180884609581,0.834253792683091,0.658756457282245,0.269076050006311
7.19,0,62.6001733165061,0.322188882470916,0.832674197475538,0.657115893373139,0.267838976268526
7.2,0,62.7106332413507,0.320538743626886,0.832043538535063,0.65840726499564,0.266433497100097
7.21,0,62.8253295078768,0.321649694150668,0.834473701233224,0.658660760935779,0.266944763469417
7.22,0,62.9442721449693,0.321935994100164,0.833536969911545,0.657377528088566,0.268787370551842
7.23,0,63.0674704791283,0.321790820189887,0.831935358016541,0.654471845566039,0.270713886208721
7.24,0,63.1949332456954,0.319978307611844,0.832130369188748,0.660350173817537,0.270922252980994
7.25,0,63.3266686136655,0.320216767267151,0.832284378369405,0.656662220151126,0.269513619504115
7.26,0,63.4626841875587,0.321449883983404,0.830936216925127,0.660521292270362,0.269824520738077
7.27,0,63.6029870030525,0.318792492958226,0.828998782029196,0.660306192746606,0.269879352787036
7.28,0,63.7475835207768,0.318330846124348,0.831077015614195,0.65748800730708,0.269500073429228
7.29,0,63.8964796194335,0.316188098957164,0.83301105872048,0.660292707938913,0.269331556488097
7.3,0,64.0496805885547,0.319191143168341,0.829699067113219,0.655765664872554,0.270743100358428
7.31,0,64.2071911209862,0.318793680948135,0.831882940253802,0.655914175343288,0.269867139971938
7.32,0,64.369015305126,0.318974101720275,0.829882590768928,0.656717414066291,0.269931657286075
7.33,0,64.5351566169334,0.318797878850718,0.833257486646931,0.658314375022774,0.267063057268297
7.34,0,64.7056179117173,0.315339096499126,0.831120077452676,0.656232291218381,0.271245534113513
7.35,0,64.8804014157172,0.316330675129076,0.831234644360141,0.65737084113056,0.270760161213564
7.36,0,65.0595087174845,0.316579734133861,0.831904013539931,0.658711830191469,0.26796007033024
7.37,0,65.2429407590777,0.315718570715614,0.830606265033245,0.65633403830795,0.26894504665343
7.38,0,65.4306978270815,0.314241080470427,0.829527212938125,0.656688195158474,0.269949352225218
7.39,0,65.6227795434637,0.314521336126466,0.833929580661602,0.657057532021881,0.26921202490458
7.4,0,65.8191848562811,0.314368809152967,0.832149061763931,0.655805299399747,0.272378395025334
7.41,0,66.0199120302487,0.313407626243824,0.831340124559847,0.657659248589698,0.269842436094449
7.42,0,66.2249586371868,0.312204658144768,0.828859575751923,0.657130893609962,0.266118000924336
7.43,0,66.4343215463581,0.31178746152373,0.831624088948278,0.658077954008764,0.269016667519383
7.44,0,66.6479969147128,0.311136165026504,0.832100417644638,0.655016535224847,0.267552463900063
7.45,0,66.8659801770551,0.309311732878883,0.832043447529018,0.656401826177909,0.269532408136621
7.46,0,67.0882660361469,0.309997839767729,0.831047318606336,0.658384106523952,0.270066626697038
7.47,0,67.3148484527672,0.310005920283135,0.83014378924558,0.655358714669137,0.27087196607944
7.48,0,67.545720635742,0.31010109035656,0.831250291501531,0.656925559433587,0.27238362735299
7.49,0,67.7808750319629,0.306896403058927,0.830059720358587,0.655418153521675,0.271472899398142
7.5,0,68.0203033164126,0.305945763376677,0.830099409664278,0.655912201227578,0.268604724663295
7.51,0,68.2639963822148,0.306077059974305,0.830832490611164,0.657397825915197,0.26995014082626
7.52,0,68.5119443307285,0.304178707878747,0.830121532268515,0.655820558354566,0.269513668022119
7.53,0,68.7641364617035,0.304743137038241,0.83020989569937,0.653844405882588,0.272517935027381
7.54,0,69.0205612635191,0.304151607604569,0.832035345614858,0.654306534620997,0.268127902211999
7.55,0,69.2812064035244,0.300652290649943,0.828495540212893,0.654002270806501,0.270463660699843
7.56,0,69.5460587185002,0.302224499698231,0.828706291999352,0.653175244598772,0.270404551183299
7.57,0,69.8151042052639,0.303492358868965,0.830624202256746,0.654755754773331,0.271539729089175
7.58,0,70.088328011438,0.302522232951616,0.831529643043955,0.654682654259896,0.270531756936753
7.59,0,70.3657144264025,0.300778637506335,0.830635319344259,0.655732092201885,0.270054704556656
7.6,0,70.6472468724531,0.301899118684134,0.833761687407844,0.654578362284409,0.270956970964877
7.61,0,70.9329848902375,0.299219309406831,0.832912172262091,0.655788548316974,0.270582538994142
7.62,0,71.2293321220961,0.298101896070208,0.829864584435331,0.654627902747167,0.270481936340471
7.63,0,71.5367183747843,0.301319495143568,0.834202593141472,0.652432844785955,0.268223693837227
7.64,0,71.8508307561713,0.29720417959512,0.830840979121543,0.653184730688309,0.273825303185469
7.65,0,72.1700256807582,0.295844657994897,0.82994243634988,0.653873715045171,0.269064364439865
7.66,0,72.493773551769,0.295351533526574,0.830824607891094,0.653793428906503,0.267410388245899
7.67,0,72.8218981607695,0.29567932444847,0.830752508354549,0.6503947193196,0.269041701798707
7.68,0,73.154330596618,0.295696664717591,0.831169076219409,0.653079034472999,0.269550551895397
7.69,0,73.4910338206482,0.295775141010735,0.831135259410353,0.651517094869729,0.270244529610129
7.7,0,73.831979756765,0.290926437703442,0.831715274744871,0.652218922252129,0.271641011044031
7.71,0,74.1771423400357,0.291592811723617,0.832262824431274,0.652274798115909,0.273118323762334
7.72,0,74.5264954045336,0.290325973897173,0.832987322648752,0.653012254860081,0.268850866790919
7.73,0,74.8800120383518,0.289742922670646,0.831503191747957,0.652891923343285,0.266368943234631
7.74,0,75.2376643836767,0.290696696541235,0.832886501304115,0.651518248872747,0.272364748181558
7.75,0,75.5994235721506,0.28987001186322,0.83328411605202,0.653183988636173,0.270901746711808
7.76,0,75.9652597016519,0.287245332958626,0.834044331087182,0.650607238387097,0.271035828392739
7.77,0,76.3351418260593,0.289969786037616,0.832819322135003,0.650375052610121,0.270330083656569
7.78,0,76.7090379494008,0.282494088857005,0.830708777191045,0.652723547134101,0.268625598899908
7.79,0,77.086915021797,0.283243135989976,0.832275380752941,0.652741770697458,0.269164915225874
7.8,0,77.4687389364327,0.284448853738411,0.832003091502733,0.652156657670858,0.269448539063011
7.81,0,77.8544745273391,0.283460511561595,0.830816643868515,0.650190165984331,0.271566088585862
7.82,0,78.2440855679404,0.281357972843947,0.834249445956792,0.652340719179904,0.271295134108326
7.83,0,78.6375347703642,0.282220070045964,0.831919231387505,0.650084233639936,0.268904335434208
7.84,0,79.0347837855334,0.281740160259606,0.832649679723454,0.649172451059623,0.26852055363666
7.85,0,79.4357932040599,0.280639070217485,0.831645751383632,0.650353706389848,0.269783934252109
7.86,0,79.8405225579612,0.277234013994221,0.833340209214864,0.650428208258498,0.267945684267601
7.87,0,80.248930323222,0.278735981811063,0.832740309423701,0.647149638778678,0.272226429095263
7.88,0,80.6609739232213,0.274590097289116,0.833596598787008,0.648909875291487,0.26811328742441
7.89,0,81.0766097330435,0.27675204515329,0.830873487027753,0.646972152823454,0.271788334501017
7.9,0,81.4957930846958,0.274947316184554,0.833056070330213,0.651324607314659,0.267764775881546
7.91,0,81.9184782732485,0.27402248938807,0.834396390277424,0.649006350978802,0.2696376342602
7.92,0,82.3446185639154,0.274447486922972,0.832488681071079,0.648278447816101,0.268814590237594
7.93,0,82.7741662000934,0.272723531508511,0.832998338882746,0.651591342442898,0.270747810925314
7.94,0,83.2070724123754,0.27470603757275,0.833078212672195,0.648888077947053,0.268427961272411
7.95,0,83.6432874285518,0.270785950820382,0.834543644923697,0.649356087481331,0.26923705762344
7.96,0,84.0827604846151,0.270612202415747,0.833157793743789,0.649241884517789,0.268911883556645
7.97,0,84.525439836781,0.269634322271309,0.832822899057358,0.647368432039815,0.269215281662211
7.98,0,84.971272774536,0.269061485261962,0.833762133079114,0.64881051117728,0.268800060155799
7.99,0,85.4202056347245,0.265362023928671,0.832705318697435,0.6477643414246,0.270103584448025
8,0,85.872183816683,0.267482454774644,0.8329769078286,0.648171092434845,0.27141925491474
8.01,0,86.3271517984322,0.268422055433614,0.830600061205892,0.647046002357688,0.269793047096962
8.02,0,86.7850531539312,0.265708991040714,0.832067582147956,0.646792396851387,0.271703689776954
8.03,0,87.2458305714032,0.262873162557734,0.834494892614397,0.645802542923582,0.268001938423912
8.04,0,87.7094258727333,0.263218699302657,0.83298239762232,0.646967518454243,0.270491253245608
8.05,0,88.1757800339462,0.262843332624714,0.83206180265364,0.646731346792064,0.26951819768187
8.06,0,88.6448332067618,0.259719358844354,0.834241520525401,0.647288031308412,0.269395200398765
8.07,0,89.1165247412326,0.259759317381525,0.83562145370267,0.64911386509198,0.270209890052334
8.08,0,89.590793209459,0.258711699596362,0.834403882527742,0.647447815371258,0.272544026499068
8.09,0,90.0675764303834,0.258150058406612,0.832296332549328,0.647259269552459,0.26907000175754
8.1,0,90.5468114956576,0.256961648245876,0.833828383120256,0.645774028246044,0.27070179809685
8.11,0,91.0284347965781,0.253939029813431,0.833840541123946,0.647624922629006,0.269496550365072
8.12,0,91.5123820520848,0.255891946260604,0.833926721890336,0.644856745732965,0.268862761335595
8.13,0,91.9985883378124,0.252522483488799,0.833339514405474,0.644079633385779,0.270452359717863
8.14,0,92.4869881161877,0.253423312822981,0.835486233585403,0.6445738655575,0.268735231052034
8.15,0,92.9775152675598,0.251676429838139,0.834781113685573,0.647530272759394,0.270220155657791
8.16,0,93.4701031223512,0.250264367980137,0.834451843395848,0.646952891674162,0.271747012082716
8.17,0,93.9646844942166,0.252731357467404,0.834154937732145,0.643015414574436,0.269144757202213
8.18,0,94.4611917141917,0.249288627592173,0.837277729951704,0.645733824316398,0.269077295638148
8.19,0,94.959556665819,0.249364631186724,0.835342535654954,0.64452923390834,0.271018203238491
8.2,0,95.4597108212271,0.247064939881547,0.836717907003136,0.643101955867972,0.268515641859318
8.21,0,95.961585278147,0.245960066901524,0.836622837233451,0.645025433953673,0.270163731685385
8.22,0,96.4651107978422,0.24447482044565,0.83450808892979,0.646935235649709,0.271783242285071
8.23,0,96.970217843931,0.246973745393533,0.835445402824016,0.642452612867273,0.269736897008758
8.24,0,97.4768366220752,0.244816048673027,0.835038692827945,0.643557976389571,0.269799223082958
8.25,0,97.9848971205094,0.243810815854499,0.838169248228415,0.645412985557602,0.269866364341184
8.26,0,98.4943291513855,0.240969052295077,0.836057502602277,0.6455842746527,0.271032929724431
8.27,0,99.0050623929007,0.241138169145147,0.836481277654491,0.644560117235349,0.270152401240395
8.28,0,99.5170264321821,0.241512857011408,0.834385698380001,0.644178899390711,0.269819570836637
8.29,0,100.030150808894,0.24145769020828,0.836475894107965,0.644685748831398,0.271000390985879
8.3,0,100.544365059536,0.239146143823291,0.83560497444223,0.641888241545887,0.272887473092974
8.31,0,101.059598762403,0.239025622578238,0.835743016381582,0.643756565761888,0.272263942473458
8.32,0,101.575781583157,0.236938088788893,0.834873263910128,0.643761346966705,0.2679715161584
8.33,0,102.092843321,0.235224823489623,0.836745470356552,0.646128893132757,0.268501549095707
8.34,0,102.610713955378,0.234624464215905,0.839502577985313,0.643099894322106,0.269934345725062
8.35,0,103.129323693213,0.231181384890588,0.837628527166079,0.644551400438665,0.267547269458237
8.36,0,103.648603016589,0.23461473322305,0.837112207726241,0.639233103689078,0.271447211008529
8.37,0,104.168482730883,0.232239832827308,0.838096220761724,0.641795353426169,0.271187674286878
8.38,0,104.688894013272,0.231790283287398,0.83792576352997,0.644178089336162,0.27041703383456
8.39,0,105.209768461594,0.229039706114385,0.837590020616079,0.642199316799934,0.269678180158006
8.4,0,105.731038143514,0.229758390105344,0.838588270922563,0.642467176039461,0.268981070661459
8.41,0,106.252635645941,0.230856273794113,0.83857949131108,0.64045538625684,0.265932317404088
8.42,0,106.774494124669,0.229229926908655,0.83960416526432,0.644432790673419,0.268602127246197
8.43,0,107.296547354184,0.226266409103144,0.842588555089832,0.639566459368833,0.269357056390645
8.44,0,107.818729777592,0.227772460898674,0.839519964246627,0.64156548464573,0.268942132719738
8.45,0,108.340976556636,0.225966002193057,0.838683356914516,0.639707087513678,0.270596750791499
8.46,0,108.86322362173,0.22392509212642,0.840594829980433,0.641793396782574,0.271238351605956
8.47,0,109.385407721991,0.223241557800268,0.838773753793309,0.641703260032519,0.271186659914059
8.48,0,109.907466475199,0.226065534110952,0.837273295172199,0.641537292898631,0.268392154872866
8.49,0,110.429338417652,0.220190134520834,0.83773427310593,0.643279811825868,0.27204262479
8.5,0,110.950963053862,0.220601833898581,0.839605413142551,0.642371591054701,0.267194010288926
8.51,0,111.472280906046,0.221740471163986,0.839311984130108,0.641683749630739,0.26849920156375
8.52,0,111.993233563366,0.217894558082138,0.843976699623813,0.63910641245437,0.268552240787959
8.53,0,112.513763730863,0.219687137777156,0.842678996274368,0.641170512846151,0.271306506752344
8.54,0,113.033815278056,0.21777280508278,0.839186593922106,0.641626670306216,0.269115382585635
8.55,0,113.55333328713,0.215770600658614,0.842101173379427,0.642891048810468,0.269820555825796
8.56,0,114.072264100697,0.215422496030533,0.840720655606943,0.643334557983091,0.271319838236967
8.57,0,114.590555369062,0.216263646792881,0.839384721372463,0.641194083635119,0.270085854851091
8.58,0,115.108156096956,0.215470273905127,0.841406302559327,0.642018724719179,0.270507817666659
8.59,0,115.625016689695,0.211548069351182,0.839837250201872,0.642834378025485,0.267782463994466
8.6,0,116.141088998707,0.211875049989602,0.840103066431896,0.640877660973728,0.26953240967902
8.61,0,116.656326366401,0.211539417607897,0.84184769555479,0.641379928911004,0.270497886508759
8.62,0,117.170683670318,0.21119612205862,0.842946424147281,0.64119044545005,0.270489080707578
8.63,0,117.684117366531,0.210079107954165,0.841453789670304,0.641726375416638,0.269820600276585
8.64,0,118.196585532249,0.210527149390104,0.845060588219802,0.642155906868153,0.268705513431562
8.65,0,118.708047907589,0.209477930706462,0.845158834084746,0.641832281273047,0.271596842687926
8.66,0,119.218465936466,0.206886165427109,0.842917905373173,0.641215170111244,0.268330935584469
8.67,0,119.727802806576,0.207593277488264,0.843389960603987,0.641294515949013,0.272106038032705
8.68,0,120.236023488422,0.207812937884507,0.841617698217364,0.640979090675566,0.269934288148077
8.69,0,120.743094773359,0.204681568479224,0.843855795666432,0.639260824674742,0.270652304971982
8.7,0,121.248985310606,0.205532983390551,0.844160158858371,0.642051730976429,0.269642846262959
8.71,0,121.753665643215,0.204066606393973,0.845086410674697,0.640273273864507,0.27168778112734
8.72,0,122.257108242941,0.203300254853953,0.842292425463672,0.641849675780547,0.26841108354259
8.73,0,122.759287543998,0.205217567535505,0.84232418378923,0.641371644012994,0.27019543214512
8.74,0,123.260179975663,0.201927462394693,0.841053548371774,0.640178029638648,0.270847903425747
8.75,0,123.759763993706,0.200982350853948,0.842101934813477,0.642274700448953,0.270819406790237
8.76,0,124.258020110617,0.200760714179708,0.844487755234583,0.640366594180833,0.269871974473521
8.77,0,124.754930924601,0.199676038282106,0.84457278474667,0.641938682137193,0.270808482904215
8.78,0,125.250481147322,0.198527081870128,0.847077802812366,0.641747054105435,0.269400149681344
8.79,0,125.744657630383,0.203034867471642,0.843391863238763,0.643206619578095,0.269645208384009
8.8,0,126.237449390498,0.201499267866668,0.843539316507272,0.643172431138685,0.270413048077108
8.81,0,126.728847633368,0.197899431360256,0.845113247663323,0.642642130282077,0.26926640570893
8.82,0,127.218845776214,0.196880860581888,0.846312941782279,0.64110510850679,0.270337485285778
8.83,0,127.70743946898,0.196071207588921,0.847540556784232,0.64301260126425,0.2682973859058
8.84,0,128.194626614172,0.193556026579491,0.845129468372557,0.641031577220554,0.271256271906401
8.85,0,128.680407385333,0.195469594285448,0.846583666022483,0.644230597447723,0.271387614850247
8.86,0,129.164784244139,0.193532024866013,0.846531816698202,0.641192920565017,0.271061722243392
8.87,0,129.647761956112,0.193272053329879,0.844919130847794,0.640974265812086,0.272054898149482
8.88,0,130.129347604938,0.192451247857448,0.845789635995771,0.643111844956477,0.270388624129719
8.89,0,130.60955060539,0.18908935882783,0.847070560033249,0.641346003188209,0.271091738814411
8.9,0,131.088382714861,0.192802733794027,0.845588876249161,0.643506761432189,0.266756079523558
8.91,0,131.565858043477,0.19140519577048,0.845805240444682,0.642096123385743,0.267241651859182
8.92,0,132.041993062836,0.192825846131367,0.847800757677224,0.642831338408946,0.27067775629504
8.93,0,132.51680661333,0.18817781249947,0.850667495737642,0.643400659010208,0.269324773801302
8.94,0,132.990319910086,0.187017902378105,0.847698948575932,0.644274082172517,0.268582347080934
8.95,0,133.462556547515,0.187160165126923,0.848599851028747,0.644948298906955,0.268176573144628
8.96,0,133.93354250248,0.187287726870868,0.848249921718088,0.642977680463964,0.271705737621957
8.97,0,134.403306136101,0.187386647101779,0.84706664887563,0.643788135705997,0.271003470831317
8.98,0,134.871878194187,0.184471227137359,0.850750719729986,0.642702028463109,0.273331873396122
8.99,0,135.339291806333,0.186968321770626,0.848285898884039,0.642638071383574,0.27012791653435
9,0,135.80558248367,0.182758510937733,0.849673140512018,0.640872564216256,0.270940454511113
9.01,0,136.270788115302,0.185618723708365,0.852042398750308,0.642416480128693,0.269528914772256
9.02,0,136.734948963436,0.182666715224507,0.848503189873844,0.647191863371188,0.267757798713642
9.03,0,137.198107657226,0.184630315457906,0.849689181399101,0.64439497723504,0.268837807710731
9.04,0,137.660309185349,0.180193456874346,0.850681064838189,0.643204616848781,0.26899195747739
9.05,0,138.121600887332,0.181521191736079,0.849622889020274,0.644299192975434,0.268626138251053
9.06,0,138.582032443655,0.18113623280329,0.852121021925706,0.64354131964513,0.268657164020782
9.07,0,139.041655864651,0.180000847905582,0.850299865239769,0.643807337945346,0.273530886543036
9.08,0,139.500525478217,0.178560279469808,0.85101541888093,0.641227272397838,0.26828505106247
9.09,0,139.958697916382,0.179542461159769,0.850877174316109,0.643578085118114,0.270307666957802
9.1,0,140.416232100735,0.18145275298512,0.849686049176199,0.64516018999863,0.271276951882709
9.11,0,140.873189226747,0.176379097786729,0.85250566219836,0.64687627705877,0.269934235276026
9.12,0,141.32963274703,0.176444787676721,0.851930047623718,0.646306163548548,0.273121514320865
9.13,0,141.785628353529,0.175492285626112,0.85510377559775,0.648317447678599,0.271206613355223
9.14,0,142.241243958703,0.174056595060445,0.852443370701056,0.642914675458465,0.269734578064926
9.15,0,142.69654967572,0.17492188808539,0.851769271504594,0.646606673768073,0.27044501324435
9.16,0,143.151617797676,0.176019999015999,0.852512897429665,0.645873181109343,0.270225498077426
9.17,0,143.606522775898,0.175693454001996,0.85282904370148,0.643248799586437,0.271523572604477
9.18,0,144.06134119734,0.173209297302643,0.851034239360994,0.642324351015044,0.26837773155205
9.19,0,144.516151761109,0.173747961948251,0.854236496467467,0.646132301813948,0.268415421441481
9.2,0,144.971035254156,0.174142238720617,0.851388828523999,0.646688689139167,0.270351246684769
9.21,0,145.426074526167,0.172975944751908,0.853406244641566,0.647264064357195,0.268999031449973
9.22,0,145.881354463666,0.170477425536952,0.852349692334189,0.647739819464677,0.269354351045457
9.23,0,146.336961963395,0.171736137298342,0.854641761708003,0.647117747157648,0.270455331510602
9.24,0,146.792985904968,0.169698448569348,0.854784346859825,0.64551848598319,0.269779316631534
9.25,0,147.24951712286,0.170268131066448,0.858253260974097,0.650742189047737,0.270673493652805
9.26,0,147.706648377741,0.167106598950405,0.853163523218182,0.64331901238334,0.272928882688277
9.27,0,148.164474327206,0.168409539580158,0.855548514587153,0.647649227233178,0.270672375407639
9.28,0,148.623091495914,0.168644758600706,0.854115128009255,0.649700020049021,0.27096248499015
9.29,0,149.082598245183,0.166987236130781,0.857873314758982,0.646104266848495,0.2715526256035
9.3,0,149.543094742062,0.163724212335117,0.856121406720834,0.650384469681458,0.272378485278604
9.31,0,150.004682927914,0.166032553441423,0.855252228246237,0.647348636545236,0.271640048591707
9.32,0,150.467466486543,0.164264320000811,0.857207855231915,0.646985054756923,0.271895594372004
9.33,0,150.93155081189,0.167828258189683,0.856126384266596,0.64847527795382,0.271089783696952
9.34,0,151.397042975324,0.163708555064692,0.857968112155324,0.647107760633924,0.269852420126619
9.35,0,151.864051692572,0.16229191601615,0.858415662342351,0.645971461915223,0.270059633008143
9.36,0,152.332687290292,0.164277403251402,0.858579693035572,0.649212425596371,0.267032258715005
9.37,0,152.803061672341,0.162130697068917,0.856654986842686,0.650509707874496,0.271541576744888
9.38,0,153.275288285745,0.161776163806174,0.859370966025744,0.648401331620712,0.267451076778803
9.39,0,153.749482086403,0.160960895638595,0.860388234094439,0.647458735305979,0.270467123625124
9.4,0,154.225759504555,0.160560865978422,0.859105318406341,0.650518086083934,0.266280668560638
9.41,0,154.704238410031,0.161896019564172,0.859465922441591,0.647961681088305,0.269288547406061
9.42,0,155.185038077303,0.160897894933771,0.858388776807985,0.64823319337822,0.271235139465324
9.43,0,155.668279150369,0.158938032973655,0.861178240689113,0.650662769020974,0.268363498653908
9.44,0,156.154083607478,0.158844914567289,0.862726004827342,0.650793800860837,0.26982796255503
9.45,0,156.642574725735,0.156145339389815,0.862516171533789,0.649053862998249,0.270763519308288
9.46,0,157.133877045579,0.156739315476994,0.860967449071401,0.651194114815146,0.267040330377601
9.47,0,157.628116335174,0.156833982720536,0.861292282756321,0.651437127897796,0.269591503271923
9.48,0,158.125419554713,0.157100659928697,0.86041939924926,0.652264052362395,0.269703476090289
9.49,0,158.625914820669,0.15505498476533,0.8602702040472,0.648546061239277,0.270469511548913
9.5,0,159.129731369983,0.154242335419558,0.86146111659833,0.651560177018449,0.270781818960115
9.51,0,159.63699952422,0.155039345379999,0.863477610702241,0.652394422971773,0.271356775591265
9.52,0,160.147850653705,0.152241466770701,0.858854671333146,0.651409309128414,0.272350265202176
9.53,0,160.662417141627,0.153023905011197,0.862093364432321,0.653211367304172,0.270046265378893
9.54,0,161.180832348157,0.152084640833208,0.865113955010268,0.653445209042371,0.270952352644119
9.55,0,161.703230574554,0.154468226423251,0.862654323850167,0.653530312992699,0.268575498415915
9.56,0,162.229747027281,0.152819170076283,0.861298095278194,0.651317300478179,0.268032366211335
9.57,0,162.76051778214,0.150225199689819,0.863860456454359,0.652809222611212,0.27030170122706
9.58,0,163.295679748417,0.150193347824753,0.862806286385696,0.651094131944927,0.271230902610521
9.59,0,163.835370633058,0.149539609508874,0.863993883866479,0.654677025521763,0.270703378682336
9.6,0,164.379728904856,0.148056425558578,0.863971183763104,0.651151844848099,0.269798367184136
9.61,0,164.928893758668,0.151649517010998,0.862388411685577,0.656538573946331,0.26906707020199
9.62,0,165.483005079651,0.14768800965562,0.863495959834087,0.651909633963024,0.269194527944119
9.63,0,166.042203407517,0.148481332761897,0.864983205051965,0.653414395461262,0.268239653138091
9.64,0,166.606629900809,0.145602199773607,0.865312814422804,0.654878804932723,0.271776273962931
9.65,0,167.176426301179,0.147781377447245,0.866176831137765,0.653615021384853,0.269555548003124
9.66,0,167.751734897683,0.146425938482659,0.866375861504933,0.652434377410689,0.270322163843632
9.67,0,168.332698491068,0.145544165353796,0.863807062896136,0.65517694400914,0.271091917324067
9.68,0,168.919460358047,0.142811796296719,0.86684923893713,0.65447550103306,0.269672557388519
9.69,0,169.512164215566,0.143320710208731,0.866167234442494,0.652765232874944,0.268866986819765
9.7,0,170.110954185033,0.141093992205383,0.869130484232503,0.656123952267777,0.270193691324327
9.71,0,170.715974756506,0.142872939267177,0.867072914200489,0.657705157419027,0.26961017301922
9.72,0,171.327370752836,0.142205375165371,0.866599367342142,0.653739766889392,0.270842307804941
9.73,0,171.945287293737,0.138920264209633,0.867450297720766,0.656969689049141,0.269172092342506
9.74,0,172.569869759774,0.140040532370244,0.863962545783551,0.657665940800908,0.269845464522062
9.75,0,173.201263756257,0.138437833160125,0.868650513522878,0.652141759096129,0.268728333015403
9.76,0,173.839615077023,0.139900804460727,0.862914765120425,0.654534630332733,0.270614848375044
9.77,0,174.485069668083,0.139555691338526,0.869455716525139,0.656223364418199,0.269030785399324
9.78,0,175.137773591121,0.136305822851556,0.869597715450461,0.655197329548553,0.270790527527707
9.79,0,175.797872986829,0.136562647961652,0.868169150882064,0.653749594234827,0.269417865485396
9.8,0,176.465514038045,0.13473652170481,0.869479190022857,0.653426468922783,0.270607745134322
9.81,0,177.140842932693,0.137488437495491,0.869310918044919,0.654146565386646,0.270198896482068
9.82,0,177.824005826482,0.133774324896171,0.868096616911519,0.657265418066843,0.26945126302498
9.83,0,178.515148805359,0.130830736926927,0.871138703680563,0.655943970182564,0.268035542391498
9.84,0,179.214417847687,0.133436371573276,0.870510088984966,0.659587713109345,0.271886165284099
9.85,0,179.921958786122,0.131874201909451,0.871279020289988,0.655562164863408,0.270087229124247
9.86,0,180.637917269169,0.132639251324057,0.869845284759695,0.655064850632278,0.271575075743069
9.87,0,181.362438722391,0.131773496533438,0.871353611741114,0.656886461812535,0.270863322816809
9.88,0,182.095668309249,0.130476678548508,0.869697449890562,0.657502169644945,0.269990240184054
9.89,0,182.837750891547,0.129063239877866,0.87180590960981,0.657094645398811,0.272147604072402
9.9,0,183.588830989448,0.129832614337646,0.871965688350696,0.657151261506736,0.270062874082192
9.91,0,184.349052741056,0.128654518654384,0.871419830204382,0.656355087125338,0.271523505018194
9.92,0,185.118559861513,0.126254959882074,0.873864596219501,0.655056911182958,0.270855815074986
9.93,0,185.897495601606,0.125113240933714,0.87447287459172,0.657520695172216,0.27083624369602
9.94,0,186.686002705845,0.129149208096764,0.873778768097026,0.657098759492978,0.268068078691962
9.95,0,187.484223369994,0.127481709509423,0.872963790339185,0.656056756024557,0.269526095798545
9.96,0,188.292299198019,0.124957444857793,0.874785905665808,0.658178494968179,0.268206758845006
9.97,0,189.110371158446,0.124221392931735,0.874930685212082,0.656061783733432,0.269719053811029
9.98,0,189.938579540074,0.123654529999014,0.875759222591748,0.660685604374644,0.271692061138556
9.99,0,190.77706390705,0.123044890888065,0.875301431465767,0.658496211459008,0.271045042065972
10,0.3,191.625963053253,0.12166698418959,0.876512405472425,0.659396775663567,0.270128335682396
10.01,0.3,192.485414955984,0.123393045099372,0.875832676645419,0.658567696624745,0.26877441179927
10.02,0.3,193.355556728921,0.120933094262001,0.875739072855584,0.658771444749273,0.269528034042849
10.03,0.3,194.236524574323,0.120753623209264,0.875994775201214,0.660136579513493,0.272853696920201
10.04,0.3,195.128453734459,0.116872955871846,0.876576971181802,0.657439744043392,0.267169760141875
10.05,0.3,196.031478442235,0.117295482650228,0.875844827383684,0.659147357125194,0.270701363653753
10.06,0.3,196.945731871009,0.115719573100237,0.875207782296306,0.657155542316183,0.269499916309008
10.07,0.3,197.871346083551,0.114388425887953,0.875517995137405,0.65763420355267,0.271580101976596
10.08,0.3,198.808451980145,0.115062975924821,0.876365687632719,0.659066531043458,0.269568081507308
10.09,0.3,199.757179245813,0.113392855278962,0.878358674885623,0.656785303877093,0.271166848240706
10.1,0.3,200.717656296627,0.115759682596556,0.879704092949034,0.657966110362929,0.270252908933429
10.11,0.3,201.69001022511,0.110901223101213,0.877979568822507,0.657950359136421,0.272281332696189
10.12,0.3,202.674366744692,0.111748439694286,0.879861863994015,0.659642079821769,0.269043868769885
10.13,0.3,203.67085013322,0.106218905944668,0.879990180201409,0.65736245145649,0.271472326214181
10.14,0.3,204.679583175497,0.109967151607391,0.878356869566942,0.658050799146273,0.269091609880548
10.15,0.3,205.700687104842,0.108474698866597,0.88140591342344,0.658268821186332,0.270368922915772
10.16,0.3,206.734281543658,0.107591426645036,0.879313374981886,0.659372962266186,0.269912151195642
10.17,0.3,207.780484442996,0.107666599222182,0.882661282180075,0.656964865929776,0.269877483030544
10.18,0.3,208.839412021108,0.104066605156815,0.878323742551975,0.659014606636663,0.270879298437776
10.19,0.3,209.911178700982,0.104237904254613,0.877862270899825,0.657984661847191,0.26842872285096
10.2,0.3,210.995897046848,0.102248540906767,0.878318213420389,0.659342037782052,0.267755285187407
10.21,0.3,212.09367769966,0.102807471161767,0.880031849076444,0.658939919619482,0.270691031017363
10.22,0.3,213.204629311545,0.101839696756305,0.88132889896081,0.656181011512748,0.268388897890492
10.23,0.3,214.328858479214,0.102880038024364,0.883032113630941,0.657671324083953,0.269116341775087
10.24,0.3,215.46646967635,0.0998983629951261,0.882229094318053,0.659646629645335,0.267188130872406
10.25,0.3,216.617565184965,0.100550078233551,0.883820930966498,0.659093517377146,0.267061979553257
10.26,0.3,217.782245025732,0.0982157560649975,0.88236390030505,0.657069526951832,0.269400275697353
10.27,0.3,218.960606887305,0.0979339136591085,0.884655777603508,0.660843936048696,0.27100842776834
10.28,0.3,220.152746054629,0.0981281798644288,0.883142699906417,0.65606792707404,0.27255703822436
10.29,0.3,221.358755336265,0.09452669967168,0.88116109888443,0.659172094277533,0.271743798223264
10.3,0.3,222.578724990718,0.0956392353028461,0.882112154598915,0.656998072670418,0.269056512908353
10.31,0.3,223.812742651815,0.0937374225023101,0.884254283268227,0.657316133086648,0.269018313373859
10.32,0.3,225.060893253134,0.0895637837924993,0.884940371596263,0.657683700384497,0.269573313649552
10.33,0.3,226.323258951497,0.0922210160127442,0.883508869551269,0.659492737724701,0.267845602426481
10.34,0.3,227.599919049575,0.0924628902121042,0.883979416534037,0.660393955332214,0.268817077409175
10.35,0.3,228.89094991761,0.0887317987284825,0.883562258989432,0.658065641236637,0.268534742209344
10.36,0.3,230.196424914283,0.0871268683860075,0.885254586931659,0.656197932619165,0.269361771364069
10.37,0.3,231.141463675486,0.0877554001349013,0.882835899897029,0.657864869784594,0.269643148450098
10.38,0.3,231.44557869407,0.0887273752144886,0.886698782129509,0.6565932472238,0.269822170588502
10.39,0.3,231.611078960521,0.0879147592304959,0.883720135463256,0.656474804250252,0.268086139513766
10.4,0.3,231.777865790235,0.0889465078210357,0.88752866367731,0.656899860959021,0.271494507591026
10.41,0.3,231.945918585358,0.0901538991734727,0.886232337117698,0.65589284898553,0.267014527685655
10.42,0.3,232.115216154194,0.0880745765284308,0.885501371444112,0.657042719137319,0.269779971508897
10.43,0.3,232.285736719945,0.0884114192069856,0.886087865564751,0.660050312583623,0.267645651833686
10.44,0.3,232.457457929695,0.0865131922317389,0.887602238169239,0.659467759545059,0.270526198739567
10.45,0.3,232.220654821638,0.0869133586437881,0.887144453668314,0.659154583065703,0.271960572796623
10.46,0.3,229.283904999363,0.0919236072115914,0.886843422705403,0.657677333480774,0.271573994344615
10.47,0.3,227.460406933685,0.0939220413517768,0.887571042634566,0.657362436252754,0.270253036427311
10.48,0.3,226.151536522591,0.0938048449438066,0.890225262073472,0.656837215950536,0.269323686831617
10.49,0.3,225.014118061996,0.094548061727309,0.889027416298715,0.659532396073075,0.271550272852191
10.5,0.3,223.937269389016,0.0946208185712903,0.886528373820529,0.657654357726531,0.268190536513397
10.51,0.3,222.887457607231,0.0975957071840668,0.889413354980558,0.657315942969042,0.270168632392902
10.52,0.3,221.854539984172,0.0996007061785864,0.889588502021423,0.657844357109834,0.271181087235719
10.53,0.3,220.835328804709,0.0984364936231475,0.888939518589825,0.656274913698957,0.269997650624845
10.54,0.3,219.82869670417,0.102240003188249,0.888146261852312,0.656614352523886,0.270808732722869
10.55,0.3,218.834126380752,0.101271315279478,0.891324253392666,0.657473798435427,0.270500123428422
10.56,0.3,217.851281794975,0.102769438922431,0.891366446380738,0.657786245462917,0.271282266363636
10.57,0.3,216.879881599194,0.105175074364873,0.892551113733587,0.656827756252753,0.269702428501779
10.58,0.3,215.919661840777,0.105609580599931,0.893129051280176,0.656152023677077,0.27121860976435
10.59,0.3,214.970364994572,0.106090985794367,0.889829008439257,0.657769314958703,0.270943442263644
10.6,0.3,214.031736748857,0.107709587937198,0.891230933931804,0.655454846629002,0.268872586300043
10.61,0.3,213.103525071236,0.107782393186833,0.89226918870016,0.657674077773926,0.270562309368175
10.62,0.3,212.185479944113,0.107849917170492,0.893552274433661,0.654415983806211,0.270357949966203
10.63,0.3,211.277353296732,0.111272111433997,0.891138995102571,0.654676103125755,0.271224483495046
10.64,0.3,210.378898995048,0.110568317921718,0.892711312347894,0.657928422275325,0.26934344578967
10.65,0.3,209.489872848825,0.113136326430816,0.892118434553162,0.654186831630798,0.270631810862985
10.66,0.3,208.610032624082,0.115455895621523,0.892927373345601,0.655161061945123,0.271696217840386
10.67,0.3,207.739138057447,0.112727330628909,0.893039042124818,0.653385400885827,0.27133020058274
10.68,0.3,206.87695087141,0.11259936930611,0.892853488657115,0.655887624389942,0.271483562835791
10.69,0.3,206.02323479019,0.116610027805359,0.894360329956208,0.655916641527987,0.269233925874445
10.7,0.3,205.177755556139,0.118375517449175,0.894286527597518,0.654946940732914,0.270263350020399
10.71,0.3,204.340280946678,0.117994442263768,0.892874820665222,0.654894929441681,0.271797359787145
10.72,0.3,203.510580791732,0.119489472410267,0.894741289056303,0.654314373021799,0.268415411054438
10.73,0.3,202.688426991698,0.11950005698628,0.897520742998268,0.654230982745892,0.270773451849761
10.74,0.3,201.873593535922,0.122553135449643,0.889782726695779,0.654083113009958,0.268611127755292
10.75,0.3,201.065856521704,0.121638212894888,0.893508163889926,0.652087393605635,0.269521016244003
10.76,0.3,200.264994173806,0.122641602915887,0.892242282547119,0.654077056052848,0.270200573596414
10.77,0.3,199.470786864481,0.123911315852106,0.895426582626457,0.65368927736478,0.269415179053254
10.78,0.3,198.683017134007,0.126432456974605,0.89874046784122,0.654287226896594,0.269519434741925
10.79,0.3,197.901469711717,0.124875476853986,0.896705344038253,0.654036274388515,0.267794419916425
10.8,0.3,197.125931537523,0.129331495696623,0.8941069208444,0.651461605340141,0.270744690421344
10.81,0.3,196.356191783917,0.127802924868186,0.89499561715089,0.653907401940626,0.270833000020584
10.82,0.3,195.59204187844,0.126268753214125,0.896368371634077,0.655469232196252,0.269098133344647
10.83,0.3,194.83327552661,0.129680024005646,0.895140357126128,0.653171996727946,0.269134074532494
10.84,0.3,194.079688735278,0.129731895560925,0.894219547462638,0.651248683226524,0.269392815071872
10.85,0.3,193.331079836415,0.129006834403531,0.89565146022267,0.654839341116671,0.268783562909224
10.86,0.3,192.587249511301,0.135140509501339,0.897835147123822,0.65215472644699,0.271116412208947
10.87,0.3,191.848000815085,0.134738004354346,0.899278877031716,0.650888552583819,0.26915967341471
10.88,0.3,191.113139201723,0.132600252000197,0.898107483581176,0.652251298913872,0.271115183459892
10.89,0.3,190.382472549239,0.137853398999054,0.899107813763787,0.65122396371354,0.269793680451587
10.9,0.3,189.655811185307,0.134942744151612,0.897985192739496,0.65170731227233,0.268253438179208
10.91,0.3,188.932967913113,0.138206275979269,0.898451179694001,0.654428956237876,0.270672606775723
10.92,0.3,188.213758037478,0.138649942048127,0.899092591830496,0.649249912389363,0.269979342354518
10.93,0.3,187.497999391216,0.13864827511343,0.896945446008756,0.652287949992147,0.269524997527511
10.94,0.3,186.785512361674,0.139215323719779,0.894696297586117,0.65027778590843,0.272611850143054
10.95,0.3,186.076119917461,0.140941030289966,0.897181548977922,0.650797794019581,0.27181818708837
10.96,0.3,185.369647635289,0.140641773132137,0.900109246491524,0.649118195120735,0.271120628981129
10.97,0.3,184.665923726931,0.142198255857476,0.900886550645393,0.649923801441853,0.269699305112242
10.98,0.3,183.964779066229,0.145145770107593,0.897525112525364,0.651187539847026,0.271450873623546
10.99,0.3,183.266047216134,0.144205514243304,0.899424571027853,0.648650030870618,0.268944971571289
11,0.3,182.569564455741,0.143791925730248,0.900192970987934,0.645910887188321,0.268904035085684
11.01,0.3,181.87516980726,0.144235185461496,0.902544462897957,0.650233917235113,0.270899787359523
11.02,0.3,181.182705062912,0.148837756348119,0.899048199562643,0.651070396210026,0.270622040012097
11.03,0.3,180.492014811685,0.148144435443295,0.900737479045608,0.65004992076491,0.27082666146281
11.04,0.3,179.80294646592,0.148990725769448,0.900882315779488,0.649996417717075,0.271092552272491
11.05,0.3,179.115350287684,0.151263759431504,0.901731635447856,0.646808141719023,0.268233384031192
11.06,0.3,178.429079414888,0.152165065657937,0.90366981476836,0.649416845760708,0.268125228286008
11.07,0.3,177.743989887095,0.15468175783168,0.901304310532014,0.648024797140223,0.270684250431147
11.08,0.3,177.059940670992,0.153081676078902,0.90105537021588,0.65145891665635,0.269997127280337
11.09,0.3,176.376793685464,0.1512512343581,0.902943655350244,0.647207154773695,0.270151984909481
11.1,0.3,175.694413826241,0.153972318384617,0.901254728861429,0.647963804887582,0.270980083843796
11.11,0.3,175.01266899005,0.155612037412865,0.903016784891687,0.647750643280411,0.27195922026267
11.12,0.3,174.331430098257,0.158404972168136,0.904560203663332,0.64860734350501,0.268001820714851
11.13,0.3,173.65057111992,0.155197510025291,0.902955428216733,0.647132681461676,0.26832575324224
11.14,0.3,172.969969094231,0.16210130164916,0.905259167146093,0.642529749122996,0.271456201285554
11.15,0.3,172.289504152294,0.15896929842785,0.904190304815793,0.647163261261507,0.271616276742491
11.16,0.3,171.609059538178,0.158053925910808,0.905884603389442,0.650367881324101,0.268333413708263
11.17,0.3,170.92852162923,0.161590414231061,0.902749962983216,0.645873191070695,0.268821135873922
11.18,0.3,170.247779955569,0.161689595276788,0.905404911244151,0.647034233138053,0.268433994370658
11.19,0.3,169.566727218738,0.162085808739631,0.906652390162997,0.646356562376696,0.267519209781754
11.2,0.3,168.885259309458,0.165805647445812,0.902846814842631,0.645800264355524,0.272152636821396
11.21,0.3,168.203275324441,0.165659784346918,0.904139738176697,0.647544806859819,0.270555309432165
11.22,0.3,167.520677582226,0.164232868856585,0.907686129869674,0.647492223015643,0.269905548132773
11.23,0.3,166.837371637973,0.164938880580131,0.903743487742083,0.64587889323188,0.268780291894592
11.24,0.3,166.153266297206,0.168757332236302,0.903593592338119,0.647376687694295,0.271779564772527
11.25,0.3,165.468273628423,0.16869933517867,0.904770524878547,0.646602023125052,0.270247750146621
11.26,0.3,164.782308974566,0.172574901256522,0.906448770689249,0.644684361941654,0.26854055169766
11.27,0.3,164.09529096329,0.171318339987989,0.905261924878895,0.648922121915862,0.271230379902473
11.28,0.3,163.407141516002,0.171369473700784,0.907122701123186,0.645292052158348,0.271943654952357
11.29,0.3,162.717785855623,0.173525412865772,0.90899012535703,0.643033235809879,0.270046591472149
11.3,0.3,162.027152513047,0.175073805165739,0.906625258195007,0.645075872994556,0.270913188739581
11.31,0.3,161.335173332251,0.17513277972568,0.907003730307426,0.645677658389327,0.270304912497648
11.32,0.3,160.641783474029,0.177143226443996,0.90905895965243,0.647589599605844,0.271326035701059
11.33,0.3,159.946921418311,0.173916969017064,0.906427430603156,0.643570932211487,0.270584155401866
11.34,0.3,159.250528965042,0.177266889688546,0.906333087864639,0.645052162904837,0.269299493298304
11.35,0.3,158.552551233586,0.178424239121201,0.90846958201356,0.642715489072571,0.26899225198359
11.36,0.3,157.85293666063,0.182484455225203,0.909725295775372,0.641838344557676,0.269736520770021
11.37,0.3,157.151636996556,0.180124797129101,0.909400672308652,0.64328348153998,0.267903423859991
11.38,0.3,156.448607300267,0.17973341161399,0.906844925763982,0.64349673507432,0.268836972313655
11.39,0.3,155.743805932427,0.185466377826322,0.906599466851613,0.646241108557198,0.269729479277538
11.4,0.3,155.03719454712,0.184150071193883,0.907598693806911,0.645307348332939,0.268072143205055
11.41,0.3,154.328738081872,0.185284531204286,0.9074509805161,0.642348703280184,0.271390700530094
11.42,0.3,153.618404746061,0.183144041648201,0.908777745435988,0.641995820334935,0.269427000445876
11.43,0.3,152.906166007659,0.188923912394274,0.909091642797642,0.640726807403552,0.26939986232973
11.44,0.3,152.19199657833,0.189396359123273,0.911486361558113,0.64429850754871,0.268163765841423
11.45,0.3,151.47587439684,0.190883896089053,0.907227901835404,0.642971063131254,0.270478541877172
11.46,0.3,150.757780610796,0.18947870241888,0.908627142785449,0.641080995240204,0.269342132087257
11.47,0.3,150.037699556691,0.188786265176202,0.909427836814801,0.643380310612177,0.27199222587476
11.48,0.3,149.315618738259,0.191363154213358,0.907149187097582,0.644116675132502,0.270696046938264
11.49,0.3,148.591528803133,0.191239918967032,0.910626489883186,0.640255526588221,0.269333313132681
11.5,0.3,147.865423517807,0.194099017105742,0.911161091903652,0.643064476337806,0.270634692206408
11.51,0.3,147.137299740911,0.196556959054326,0.910986826186067,0.644531830100327,0.270936294895572
11.52,0.3,146.407157394786,0.19595660718176,0.910020359081645,0.641926260248024,0.271552468903617
11.53,0.3,145.674999435389,0.195221714765787,0.911897004066545,0.641327750413334,0.269753522865381
11.54,0.3,144.940831820521,0.198155357942791,0.911782841270415,0.643240519449835,0.27056252085807
11.55,0.3,144.204663476389,0.197623515074759,0.910977720471655,0.641919556808259,0.272149692461054
11.56,0.3,143.466506262525,0.198098093672471,0.909829946662522,0.639724816118139,0.270564190335845
11.57,0.3,142.726374935078,0.198488898119216,0.912257038687358,0.642633796054896,0.269213473808759
11.58,0.3,141.984287108477,0.20021202774736,0.911392466069285,0.643155763555705,0.267905754647576
11.59,0.3,141.24026321552,0.206148102546079,0.913488405202238,0.643395337092044,0.27147572766709
11.6,0.3,140.494326465876,0.205498483981667,0.913115752491133,0.644859254749317,0.270674950222842
11.61,0.3,139.74650280305,0.203452107191898,0.911443197326283,0.643367150716448,0.27093734337389
11.62,0.3,138.996820859828,0.207701822167457,0.912227600621125,0.644178561855088,0.273993914178884
11.63,0.3,138.24531191223,0.21069784815226,0.911020147604262,0.641507600050098,0.270946395327945
11.64,0.3,137.492009832006,0.209133999079985,0.912480821338464,0.642990131240999,0.270035849081826
11.65,0.3,136.736951037706,0.213744558562734,0.911503183849907,0.643475760786073,0.269129070996233
11.66,0.3,135.980174444358,0.211276405725362,0.910319973440983,0.64158164508621,0.270033206638637
11.67,0.3,135.221721411801,0.215700612473755,0.912605415398133,0.6422338896537,0.271333740611061
11.68,0.3,134.461635691691,0.212012175969665,0.912333969287812,0.641102096091771,0.271048149890841
11.69,0.3,133.699963373248,0.214655166494687,0.912259893603169,0.642723775227702,0.270682159995314
11.7,0.3,132.93675282776,0.218769733817992,0.912205965704278,0.638924410538323,0.270657083134851
11.71,0.3,132.172054651913,0.216212251738303,0.912715794939572,0.638228314169851,0.270067590192134
11.72,0.3,131.405921609975,0.219777759669585,0.913878309211998,0.644009767702423,0.270609161039342
11.73,0.3,130.638408574886,0.218121851979758,0.911494762786247,0.640850085254924,0.271315066956302
11.74,0.3,129.869572468308,0.219970804966262,0.912858634289284,0.639312861953973,0.270090585584951
11.75,0.3,129.099472199689,0.221861249040075,0.912801934807965,0.640882587440542,0.27006954574802
11.76,0.3,128.328168604371,0.22608319108789,0.912779216916387,0.643238704488826,0.269499622524618
11.77,0.3,127.555724380828,0.223419211196274,0.912471497642531,0.640389537771439,0.271303540173835
11.78,0.3,126.782204027061,0.227454917485905,0.91308646046905,0.641424393300287,0.270669161229129
11.79,0.3,126.007673776213,0.227125243914356,0.91378909266566,0.642089757952846,0.269510625296331
11.8,0.3,125.232201531479,0.229380952606452,0.914217591439174,0.64103823008804,0.268457222659886
11.81,0.3,124.455856800329,0.232761498252391,0.919217255886045,0.642480517563561,0.269514798794769
11.82,0.3,123.67871062815,0.231489210229169,0.913509964622161,0.641819902941347,0.270349618258307
11.83,0.3,122.900835531323,0.233257919641134,0.915327763331133,0.644774846590149,0.268693834790044
11.84,0.3,122.122305429823,0.235029132335499,0.916392502385115,0.643071374165799,0.271591659127462
11.85,0.3,121.34319557939,0.238421672365423,0.914781468765944,0.642727817754289,0.270079783298433
11.86,0.3,120.563582503333,0.236984393477201,0.915139123111428,0.64089039734047,0.271798954285905
11.87,0.3,119.783543924033,0.235830057193406,0.916046172817291,0.638806473496699,0.267015367466863
11.88,0.3,119.003158694197,0.237860717513821,0.914996196125544,0.639943188941235,0.271231794671433
11.89,0.3,118.222506727932,0.241286900261811,0.914798385069505,0.643966282934893,0.267166790973637
11.9,0.3,117.4416689317,0.241522480512352,0.916339904536429,0.642140808729597,0.267555362755449
11.91,0.3,116.66072713521,0.2427295702179,0.916556867782488,0.641957803180904,0.270628011346187
11.92,0.3,115.879764022316,0.244729853237957,0.913612901336828,0.640632438555495,0.270190764795177
11.93,0.3,115.098863061972,0.247238194027187,0.914729150986953,0.641223764971106,0.269276427718612
11.94,0.3,114.318108439319,0.245712903414597,0.915824873562802,0.638678537738392,0.270330461192663
11.95,0.3,113.537584986949,0.248002364422889,0.918555953762043,0.643048790066273,0.270084651117308
11.96,0.3,112.757378116415,0.252637009073287,0.918019076141169,0.64137105279109,0.269574986400343
11.97,0.3,111.977573750047,0.252134788365579,0.91708762358351,0.641714394297658,0.270483395652587
11.98,0.3,111.19825825313,0.253598965899427,0.915335756591137,0.64419221004575,0.267842751919845
11.99,0.3,110.419518366494,0.254197417893874,0.915357961954133,0.642075512138829,0.267288094574351
12,0.3,109.641441139597,0.256272995085502,0.91512535043303,0.64205295339981,0.269913204083574
12.01,0.3,108.864113864123,0.258330251860214,0.918097047597141,0.642731934720612,0.267520710162562
12.02,0.3,108.087624008182,0.257583764968311,0.915838457340827,0.640163071997505,0.272833806226377
12.03,0.3,107.31205915115,0.258871809707857,0.915714305940138,0.643887929342331,0.270629753899138
12.04,0.3,106.537506919196,0.260753616752922,0.916609238955648,0.644333113681699,0.267516856927097
12.05,0.3,105.764054921569,0.264951128993369,0.916666387918177,0.64502235202927,0.269406779099548
12.06,0.3,104.991790687675,0.265558603932179,0.916715742534396,0.642786216920548,0.267951030275634
12.07,0.3,104.220801604999,0.266182055736339,0.916614958996681,0.644032384304099,0.271486396980074
12.08,0.3,103.451174857933,0.271308253022678,0.915971246399613,0.644985499503333,0.271060764199551
12.09,0.3,102.682997367529,0.270787051483691,0.91505528169777,0.644971212013874,0.26823552631412
12.1,0.3,101.916355732249,0.269974029880031,0.917407442895912,0.642346211042657,0.269842789412214
12.11,0.3,101.151336169741,0.273957909824768,0.915698865168244,0.643036542325789,0.270330623206367
12.12,0.3,100.388024459685,0.273837010390391,0.920373751037627,0.644189745118552,0.269503775416149
12.13,0.3,99.6265058877441,0.276667101178506,0.918155025395492,0.641185931755314,0.269922019980537
12.14,0.3,98.8668651906733,0.275348705798678,0.915431254638837,0.644451146569546,0.26855408446717
12.15,0.3,98.1091865026037,0.277767295532098,0.91711682437836,0.642331718205089,0.270909334990976
12.16,0.3,97.3535533025514,0.279579767117068,0.920081896626,0.642033103175323,0.269129982970636
12.17,0.3,96.600048363175,0.283297928479216,0.918468380466852,0.645170536317743,0.272647445633162
12.18,0.3,95.8487537008176,0.282455691607528,0.917105411501528,0.645243685772458,0.271172158178261
12.19,0.3,95.1736956096717,0.285332254217864,0.919544563534396,0.644435776727692,0.268723893125841
12.2,0.3,94.618835154563,0.283888665636758,0.918520535608122,0.64526936179548,0.268638165108626
12.21,0.3,94.1008493411533,0.28643629160987,0.918229854461528,0.646803893527584,0.270349711697517
12.22,0.3,93.6174648135492,0.285408063432794,0.916241237840292,0.643860084340323,0.271632542863407
12.23,0.3,93.3593819809797,0.285431444095954,0.918216375797498,0.643692634456873,0.269687971029576
12.24,0.3,93.2212446627993,0.289162561182817,0.918975450405784,0.64670972205465,0.271605787267771
12.25,0.3,93.1114466228524,0.290378147747111,0.91636834399193,0.645258617747187,0.270786842002289
12.26,0.3,93.0063090770946,0.288406824488088,0.918150361860546,0.642703282329389,0.26966234325056
12.27,0.3,92.9007984268666,0.28991947546334,0.920460768043394,0.645098664111528,0.26779493142275
12.28,0.3,92.7925671608947,0.289322387567523,0.915555100994873,0.644704613908607,0.269776458979623
12.29,0.3,92.681091227554,0.292827002836414,0.91936960745195,0.644783380239753,0.267995806935429
12.3,0.3,92.5669342008919,0.290231874525037,0.919434988127858,0.644476113404454,0.26933397716655
12.31,0.3,92.4497893573137,0.293894508579684,0.918036215355369,0.6439681252055,0.273466765161883
12.32,0.3,92.3294161657012,0.288009064086953,0.918992585069146,0.647435745959442,0.269063038288442
12.33,0.3,92.2062761689848,0.291030933977216,0.918703591561487,0.647494465943861,0.27205097732233
12.34,0.3,92.0807123420777,0.292638500827835,0.917200979385634,0.647731245697672,0.270672009781501
12.35,0.3,91.9522618549425,0.289706800969038,0.914249628546234,0.648386160433624,0.268754631091366
12.36,0.3,91.8209222796853,0.289790002911596,0.917849650024095,0.645909001080263,0.271106519761167
12.37,0.3,91.6875573437117,0.2909713042233,0.919671087103494,0.644720900495204,0.268633041913711
12.38,0.3,91.5517955018734,0.292152949753219,0.919237536491002,0.648572047771163,0.271410563790346
12.39,0.3,91.4133221353461,0.291354514488811,0.920063526224092,0.646983348651093,0.269876036100137
12.4,0.3,91.2726392889933,0.290545007840614,0.919537922278725,0.648907639486871,0.268717132497215
12.41,0.3,91.1301242159634,0.291188279708232,0.916950187638528,0.648398899772104,0.271866717322686
12.42,0.3,90.9852517115212,0.291760417476136,0.917349164183285,0.647372001640149,0.271782496052695
12.43,0.3,90.8379569911898,0.29468242199947,0.92082562343485,0.646196040040692,0.269771458935782
12.44,0.3,90.6887834057214,0.296168748959317,0.918661617076752,0.648219541015511,0.269660336953334
12.45,0.3,90.5375251269595,0.292421561748351,0.919565713339102,0.650981680320282,0.269304108035864
12.46,0.3,90.3840155514149,0.293933167642383,0.918180928183535,0.646218199000919,0.270690097894466
12.47,0.3,90.2286184361145,0.292156547340936,0.918746203511194,0.648520853008741,0.272336121316799
12.48,0.3,90.0716114160171,0.294444595248187,0.919678160600821,0.649903476747799,0.267770759882246
12.49,0.3,89.9126727057429,0.296454976321332,0.919920679428336,0.649595780220472,0.269768352221382
12.5,0.3,89.7518171459342,0.2962976489164,0.919198132699379,0.648709373894682,0.268595386763227
12.51,0.3,89.5896671777312,0.296563474801244,0.917671696379641,0.647601960636482,0.26941008606302
12.52,0.3,89.425989741717,0.294588669911349,0.918728013477354,0.649023678011003,0.271009311377694
12.53,0.3,89.2605911285538,0.296831998816448,0.920418732335321,0.64801002871681,0.27214853961799
12.54,0.3,89.0938610047422,0.297796105781862,0.917471745866769,0.651084248128401,0.272037344320103
12.55,0.3,88.9260955642687,0.295200619456732,0.919577395262106,0.647375483877094,0.270472700673097
12.56,0.3,88.7569348031106,0.296966120137284,0.918930611416415,0.651683742547429,0.269373681095696
12.57,0.3,88.5863861504282,0.297502060537126,0.918327136176698,0.64864203383655,0.270117583460845
12.58,0.3,88.4151173714619,0.295929444966983,0.919996102968353,0.653417824268601,0.270519364672248
12.59,0.3,88.2428676696436,0.29947664517892,0.919839551138591,0.648908663252689,0.270011577952544
12.6,0.3,88.0694185729799,0.298721881231105,0.915822823625931,0.651069744103255,0.27001936210557
12.61,0.3,87.9048941612218,0.298552490467047,0.917562176459786,0.650243633481096,0.271022780710966
12.62,0.3,87.7555799299185,0.300138922025259,0.916860063740066,0.650595831554727,0.271600238343316
12.63,0.3,87.6102697454389,0.300619057967245,0.919981394958174,0.649139153404108,0.268504348374523
12.64,0.3,87.467556659821,0.299330405528167,0.918987416458922,0.653299862888234,0.271259741244
12.65,0.3,87.3450326029491,0.299208166352625,0.921055253466425,0.650590342455768,0.272465436860449
12.66,0.3,87.2330033771043,0.298691565982508,0.91969563139536,0.651303004258159,0.268410599581776
12.67,0.3,87.1229759233654,0.299242266089208,0.918383396137718,0.650104748623434,0.269761249876192
12.68,0.3,87.0211303685259,0.298861049839302,0.918443474840386,0.651871698901731,0.270830237991635
12.69,0.3,86.9322137516642,0.300306551187416,0.918759724186355,0.654796886908504,0.269213349880551
12.7,0.3,86.8467911123823,0.302141512669429,0.918815999283492,0.65309573798521,0.269110297940099
12.71,0.3,86.7636318564242,0.300648584242516,0.919876237114422,0.650235192613447,0.271144095226678
12.72,0.3,86.6919825024658,0.302943911243187,0.91869814297542,0.654417340332703,0.269441951995416
12.73,0.3,86.6253546337423,0.299533559765951,0.919268651591602,0.652671831864847,0.268314586089665
12.74,0.3,86.5593551708378,0.300109432423487,0.917253118212135,0.651957272479922,0.272583548346388
12.75,0.3,86.496368109715,0.299309346336187,0.915981787018616,0.652818767609876,0.270131882003597
12.76,0.3,86.4380988740415,0.300800467479838,0.919393987318078,0.652321495678068,0.269855590997739
12.77,0.3,86.3808272457282,0.300130781394305,0.917970392608015,0.65388192876644,0.268544244002332
12.78,0.3,86.3239257053879,0.299847792727843,0.916953109654137,0.652829459245414,0.268481288471921
12.79,0.3,86.2706733377158,0.300198610359512,0.916722473494778,0.651820963033143,0.267913875832286
12.8,0.3,86.2191331608896,0.301591383160257,0.916501038270918,0.652425080609131,0.271949068164746
12.81,0.3,86.1678092905811,0.297795856204581,0.918225708610712,0.65580112867117,0.268598458906718
12.82,0.3,86.118071311538,0.301077080351184,0.914986479908132,0.656327592039312,0.270738069083484
12.83,0.3,86.0708308350127,0.301920074045868,0.917966989036717,0.654350905977794,0.26950162338607
12.84,0.3,86.0242546130983,0.300242002152133,0.91698663575693,0.653444007084168,0.271349121548526
12.85,0.3,85.9780584901831,0.301059824364681,0.91721064438764,0.653917925102019,0.272173238885913
12.86,0.3,85.9339558145665,0.298822043384442,0.917812714576009,0.652805263743597,0.270385753194215
12.87,0.3,85.8909774526985,0.298955259570623,0.916686055496052,0.655086265759866,0.269060619513059
12.88,0.3,85.8483770303882,0.300318816634897,0.917605939687743,0.659506624159413,0.269985959881109
12.89,0.3,85.8067668326141,0.301455317237203,0.916579113482776,0.654159946663403,0.267788301819328
12.9,0.3,85.7665767610824,0.300094043597159,0.920195531822814,0.655808257205646,0.268774351257195
12.91,0.3,85.7270149196455,0.300842809342059,0.917925655356335,0.657969343146313,0.266951750456611
12.92,0.3,85.687958730428,0.301664465290778,0.917542708418849,0.65662063054561,0.268986568667012
12.93,0.3,85.6500474860459,0.298845027296937,0.919533450938347,0.654715440063381,0.269478025860061
12.94,0.3,85.6129591962069,0.304849594644554,0.916626483596534,0.655076918841955,0.269671335009064
12.95,0.3,85.5764522755913,0.300484352685323,0.915612031709959,0.656486785349062,0.268444997677203
12.96,0.3,85.5407041541092,0.300745824923488,0.917888184738291,0.655708821960904,0.271055696777231
12.97,0.3,85.5058586036607,0.298954039964526,0.916609503400095,0.655163214761821,0.268650599344145
12.98,0.3,85.4717374059357,0.301058456513737,0.919634903375184,0.658531563369893,0.27218022418415
12.99,0.3,85.4383200666258,0.301492602297279,0.918313910486493,0.656939532311174,0.268207491273912
13,0.3,85.4056660867213,0.300598784234399,0.916132643154977,0.654286703204685,0.268683820097694
13.01,0.3,85.3736854061237,0.30160030855265,0.914779721991304,0.654302736206479,0.270003070077476
13.02,0.3,85.3419049184077,0.302442283991295,0.917190746079649,0.657063777654679,0.270551876928051
13.03,0.3,85.3102838319056,0.29929627186992,0.915837531386239,0.657327959664166,0.27154645758093
13.04,0.3,85.278829699159,0.2992558834054,0.915924515039918,0.658300571476254,0.269199892804421
13.05,0.3,85.2475499145766,0.301778577182992,0.916157265744447,0.658804917356637,0.271776039944152
13.06,0.3,85.2164517113218,0.301690871719988,0.916210428985997,0.659899355038973,0.269384101486982
13.07,0.3,85.1855421582653,0.302268057891395,0.915555447463623,0.656806049736945,0.269854861482965
13.08,0.3,85.1548281570018,0.300260407226691,0.913347769448532,0.657037663597854,0.267443301250641
13.09,0.3,85.1243164389363,0.302334821504629,0.91304897137423,0.659364283413157,0.270855569246652
13.1,0.3,85.0940135624381,0.302001437324392,0.915756400256376,0.655396051718184,0.269996892968844
13.11,0.3,85.0639259100678,0.302368653362688,0.913377075871851,0.659744022856112,0.270716933474993
13.12,0.3,85.0340596858749,0.300529560260793,0.91421935519138,0.656100422249034,0.27022148767701
13.13,0.3,85.0044209127724,0.300025565578318,0.913800378665428,0.660280388230661,0.269763319609949
13.14,0.3,84.9750154299857,0.300889860443291,0.915137110983847,0.656989633678451,0.270194824786623
13.15,0.3,84.94584889058,0.302125950384797,0.915320775928189,0.658492512359339,0.268786023074468
13.16,0.3,84.9169267590674,0.301427700565813,0.915821373020674,0.658508443366543,0.268393822991329
13.17,0.3,84.8882543090938,0.303334772667579,0.915867867942379,0.658260731147267,0.272834163826456
13.18,0.3,84.8598366212097,0.301963588429756,0.915972110644211,0.656430621141691,0.27088782820713
13.19,0.3,84.8316785807232,0.302471988322023,0.915200073987433,0.656793299694283,0.270114210618742
13.2,0.3,84.8037848756392,0.300297067212762,0.914866039438655,0.658255269716503,0.270766149606335
13.21,0.3,84.7761599946848,0.303294650178524,0.913712620358685,0.658046063227499,0.271169952707067
13.22,0.3,84.7488082254227,0.301533849238935,0.915826392347197,0.657242160054261,0.269454680097153
13.23,0.3,84.7217336524535,0.298894331399017,0.914733077242812,0.658432787319304,0.269149053516866
13.24,0.3,84.6949401557083,0.303370156740345,0.914281633139832,0.658010674946845,0.266682514875045
13.25,0.3,84.6684314088332,0.301308440920131,0.914057882577285,0.65808646540183,0.270652864805547
13.26,0.3,84.6422108776656,0.300238769922007,0.913195363011508,0.656109922552954,0.269516966862942
13.27,0.3,84.6162818188047,0.300191169346754,0.913654654366907,0.657692762895564,0.266668743101493
13.28,0.3,84.5906472782763,0.302664974878217,0.913960013113376,0.658684486942,0.270547897720026
13.29,0.3,84.5653100902937,0.300221486247793,0.911439456114995,0.655994355981461,0.268011427622042
13.3,0.3,84.5402728761136,0.30364838850129,0.913464426224042,0.657639619183996,0.270798104403506
13.31,0.3,84.515538042991,0.302054665141933,0.910551749852501,0.657537932660266,0.269087228186366
13.32,0.3,84.4911077832306,0.298345721663582,0.911271443735847,0.657781774400232,0.271784616771717
13.33,0.3,84.4669840733378,0.301752566725813,0.913264871053647,0.657868044411789,0.269678482984928
13.34,0.3,84.4431686732685,0.302869949295193,0.912397833640465,0.65759422835217,0.271215291421838
13.35,0.3,84.4196631257789,0.301845873145118,0.914515383770202,0.659078857144425,0.270636930182645
13.36,0.3,84.3964687558756,0.302738172446908,0.913030629601575,0.659682588654553,0.269783642951253
13.37,0.3,84.3735866703667,0.301819857110846,0.914258638648612,0.657651441929679,0.268960152770906
13.38,0.3,84.351017757514,0.301454511997105,0.912025235250935,0.657075808458902,0.271525474028013
13.39,0.3,84.3287626867863,0.299399941257988,0.912968968855882,0.657596340271709,0.268935181264267
13.4,0.3,84.3068219087152,0.299213248942524,0.913910451127033,0.658897600282883,0.270030193133947
13.41,0.3,84.2851956548522,0.300648565230138,0.911441393868119,0.659104905860347,0.268164152433922
13.42,0.3,84.2638839378281,0.302484578240999,0.910650862115672,0.659291141769164,0.272315578855551
13.43,0.3,84.2428865515143,0.301254212365031,0.913915240547533,0.657603285589244,0.271418052859393
13.44,0.3,84.2222030712865,0.298667798573282,0.912194028002617,0.657895479710354,0.269130412558552
13.45,0.3,84.2018328543902,0.300464497501358,0.910805820392979,0.655768740671739,0.270580059365637
13.46,0.3,84.1817750404076,0.30309505648353,0.910648305448113,0.657838225567506,0.27072005263008
13.47,0.3,84.1620285518269,0.302221905662982,0.908384381404199,0.656352478713915,0.271624901260515
13.48,0.3,84.1425920947124,0.300646090039043,0.913060196600019,0.659348574585647,0.270321011198147
13.49,0.3,84.1234641594756,0.30093406200637,0.913863169394367,0.65667250723075,0.270135145321085
13.5,0.3,84.1894735678973,0.300371285876385,0.910031849101058,0.656891821130837,0.268121730480143
13.51,0.3,84.3122877114822,0.300410535495084,0.909571059391179,0.659744650598928,0.270258850292004
13.52,0.3,84.3660102412459,0.300562487310001,0.910052805590601,0.658884395064896,0.270010365803982
13.53,0.3,84.3936220905066,0.298894003440251,0.911138441539791,0.656978880547298,0.272536687579632
13.54,0.3,84.4162972958366,0.30080788582303,0.907653094312657,0.659507758703636,0.269437056847607
13.55,0.3,84.438203692449,0.29866390283991,0.910606247130801,0.658234713759879,0.269198874508894
13.56,0.3,84.4528281736052,0.298741689530626,0.905849569782039,0.659702709061716,0.271095498902694
13.57,0.3,84.4656523594591,0.303340662243812,0.908883070105954,0.660318060950171,0.271044120742212
13.58,0.3,84.4794432959398,0.301098711541449,0.909361521872692,0.655515736921722,0.268533561441044
13.59,0.3,84.4914391664647,0.299577195589903,0.909272911920467,0.656112980147813,0.270406049916334
13.6,0.3,84.4996321217846,0.297868054400266,0.907411792238981,0.656796529218385,0.270293262173314
13.61,0.3,84.5076500963569,0.298908130937423,0.906032386376516,0.657425722015293,0.271567349603863
13.62,0.3,84.5162327566914,0.301683122737896,0.908823495554666,0.658795974180027,0.270734200072209
13.63,0.3,84.5214538011218,0.300579710386442,0.907833997948262,0.65708112846013,0.271064001410695
13.64,0.3,84.5254777176112,0.298647959187212,0.907830216488007,0.65455421528536,0.268788403391704
13.65,0.3,84.5302561353529,0.300231726975675,0.909553393192735,0.657212344497538,0.267772399348842
13.66,0.3,84.5341695610678,0.30019108872302,0.905880539895539,0.656002491251106,0.269633048803085
13.67,0.3,84.5359433404518,0.297357066109534,0.906746569717864,0.655021201060757,0.271951429174784
13.68,0.3,84.5379578446883,0.29682182431325,0.907538104066087,0.659375787277448,0.270802435724436
13.69,0.3,84.5406650518926,0.299230108237478,0.906256701523221,0.656453868635005,0.269761192792154
13.7,0.3,84.5413029991827,0.299140567967793,0.9073414833129,0.656161896652768,0.268419298470372
13.71,0.3,84.5413598120108,0.29845364254343,0.907117635046601,0.656939023241822,0.269593541838975
13.72,0.3,84.5421792093932,0.300424897483734,0.904739780261728,0.654595260413776,0.269845300895264
13.73,0.3,84.5424561554181,0.298481780267532,0.907193742409184,0.656641380969098,0.267701516926821
13.74,0.3,84.5411820616198,0.299755187197811,0.904780123627352,0.657958060164451,0.268310691681196
13.75,0.3,84.5401773744681,0.300312953287194,0.905332198860427,0.655429755092796,0.269984835783533
13.76,0.3,84.5397859956716,0.299161487835867,0.905627431473018,0.655546280355993,0.268102323045848
13.77,0.3,84.5379292709192,0.29928666569281,0.906278499299722,0.657176232941545,0.267678977678667
13.78,0.3,84.535707512968,0.296865611907237,0.903266178455064,0.656245710227993,0.270871487134956
13.79,0.3,84.5341129888027,0.299167767275626,0.905049820794803,0.656896748853626,0.270874372027681
13.8,0.3,84.5322149803671,0.301588011870648,0.904135359732753,0.654451414680566,0.270428029924028
13.81,0.3,84.5292817350516,0.299629512103977,0.905730437894494,0.654898260431337,0.270508982372967
13.82,0.3,84.5265937124912,0.301086200557211,0.904293392713048,0.655733188951929,0.269237442782024
13.83,0.3,84.5243905077825,0.299851765683037,0.904263872110629,0.657615623811491,0.271572974371975
13.84,0.3,84.5212567634605,0.299286401433939,0.903411898974135,0.654611036468003,0.270969576249419
13.85,0.3,84.5179179778802,0.297999312106563,0.904334389354038,0.657105387245936,0.272339729270507
13.86,0.3,84.5150260738897,0.299786942429,0.90170185879686,0.655435702930718,0.270888961879063
13.87,0.3,84.5118831037624,0.299007131240351,0.902629271202284,0.653227532635083,0.273008077076776
13.88,0.3,84.5079427923991,0.299616624066509,0.902983955110577,0.653124098165987,0.269001287078884
13.89,0.3,84.5041069172461,0.298519946397943,0.902740197012713,0.654251314437439,0.269676690958409
13.9,0.3,84.500514044384,0.298141929792777,0.903146819550339,0.654513625721797,0.271676585776799
13.91,0.3,84.4960062489656,0.300449586730392,0.903174540937689,0.651948866249368,0.26911283665285
13.92,0.3,84.4911482667612,0.298736001826481,0.90278370262296,0.653687648853119,0.272112667746461
13.93,0.3,84.4864483436684,0.298991885206293,0.902284274273481,0.652397587029911,0.268847833655629
13.94,0.3,84.4813683446694,0.297752103168379,0.903623900879987,0.65445045284622,0.272154594526771
13.95,0.3,84.4754790551677,0.296517777695751,0.901384253493299,0.654690985270378,0.269788757482341
13.96,0.3,84.4694512352551,0.295140456798212,0.903704058612067,0.651960569731388,0.267589377907785
13.97,0.3,84.4633981250988,0.297825914195018,0.899384987864428,0.652960579455367,0.268991656887293
13.98,0.3,84.4565974471286,0.296819458997313,0.898365986121722,0.651542095155534,0.269324191005929
13.99,0.3,84.4493771396445,0.298000345949974,0.902947440893186,0.651058639158128,0.269399064308413
14,0.3,84.4420281817817,0.300562400879842,0.901179793305196,0.653507284113791,0.270671827761892
14.01,0.3,84.4342308511107,0.299209976231879,0.901093031123039,0.65408524503263,0.273032783075828
14.02,0.3,84.42572001933,0.299046130907601,0.898310188368988,0.652338686110019,0.269550941395242
14.03,0.3,84.4168482867092,0.297780960664531,0.896342324642946,0.651609995628462,0.270090347631763
14.04,0.3,84.4076685184794,0.297337909433474,0.900097572562983,0.650768900833092,0.270478540167248
14.05,0.3,84.3978575981614,0.297619812083465,0.899138171056058,0.651548507392065,0.270957482676759
14.06,0.3,84.3876254700974,0.30008847230377,0.89707181840736,0.652588186693552,0.270168204116639
14.07,0.3,84.3773036518852,0.298540909697843,0.898936814670419,0.650948098271598,0.271520309197306
14.08,0.3,84.3668958702605,0.302298598813743,0.898933986086006,0.652874010254748,0.268624159998571
14.09,0.3,84.3563921566914,0.300326142438869,0.900759606399099,0.652030987027805,0.26922850901377
14.1,0.3,84.3457825173324,0.29715686731986,0.898058919905759,0.649831175616791,0.268692844129933
14.11,0.3,84.335056937432,0.297621877795224,0.897435297889662,0.65066935336482,0.269776601605967
14.12,0.3,84.3242053857396,0.297149103045696,0.897070190507664,0.65226029432715,0.2694038001025
14.13,0.3,84.3132178189109,0.298764469227093,0.898580928223259,0.650038021341686,0.271591176845119
14.14,0.3,84.3020841859076,0.297617917750791,0.897418403784842,0.64907329454594,0.2665560420809
14.15,0.3,84.2907944323934,0.297627684598096,0.898597805817777,0.650381199325225,0.2683260718581
14.16,0.3,84.2793385051206,0.298781319993343,0.89764278822745,0.648917469615542,0.268743685638495
14.17,0.3,84.2677063563085,0.298690900898543,0.893854288220865,0.648827287208284,0.270444943026909
14.18,0.3,84.2558879480104,0.297280420459577,0.898700825212113,0.648885823925383,0.272082055624763
14.19,0.3,84.2438732564687,0.301964707501172,0.897959406824201,0.651494140449136,0.270489701596149
14.2,0.3,84.2316522764552,0.296670230397359,0.893900226580252,0.650626150379614,0.269449239365313
14.21,0.3,84.2192150255957,0.298866742546885,0.895932869946968,0.646843767722383,0.269554786869594
14.22,0.3,84.2065515486777,0.299729991906842,0.894347687447947,0.651069472034567,0.271038048837263
14.23,0.3,84.193651921939,0.298744595021322,0.895212015992338,0.647224887433347,0.268367669035491
14.24,0.3,84.1805062573358,0.297358892208797,0.894238414866613,0.64942930139353,0.268794274804864
14.25,0.3,84.1671047067897,0.300212913375831,0.895828517656597,0.64885171797408,0.27144591924853
14.26,0.3,84.1534374664103,0.297949036351278,0.893957171623289,0.648416337128519,0.268568352793176
14.27,0.3,84.1394947806945,0.299194918799962,0.893988691262771,0.647061720935493,0.267951900448402
14.28,0.3,84.1252669466987,0.298356076874281,0.895575096304182,0.64784618580892,0.269428549709287
14.29,0.3,84.1107443181843,0.299234644491845,0.890917836803761,0.645061880449537,0.269269366151052
14.3,0.3,84.0959173097343,0.299030239754104,0.893736156121637,0.64642230534801,0.270439507077501
14.31,0.3,84.0807764008399,0.298887264331201,0.894629985241294,0.647293495999977,0.270835056145685
14.32,0.3,84.0653121399558,0.29524890498723,0.892810827167207,0.644789420998529,0.269264594984972
14.33,0.3,84.0495151485235,0.298903661982286,0.892540074999901,0.648368516807528,0.271360794316997
14.34,0.3,84.0333761249603,0.298735032612534,0.891266150662259,0.648101996405569,0.273851825545867
14.35,0.3,84.0168858486142,0.299240383585814,0.89207202411725,0.646529916577154,0.269731519742175
14.36,0.3,84.0000351836826,0.298773631819239,0.891259592485081,0.64877759214756,0.270038383001965
14.37,0.3,83.9828150830935,0.299359115480945,0.891597048255821,0.644310394030222,0.27043781922351
14.38,0.3,83.9652165923493,0.298674774765949,0.892478885764528,0.649150040381959,0.273444781945116
14.39,0.3,83.9472308533313,0.299005871618584,0.892453542636937,0.644584753161717,0.270918374988352
14.4,0.3,83.9288491080637,0.299390773753195,0.890042275015431,0.644277621763882,0.269020785382434
14.41,0.3,83.9100627024369,0.299827046704821,0.889768470566278,0.644918337468705,0.269490321285849
14.42,0.3,83.8908630898879,0.297362718386976,0.889939908339071,0.645290726069008,0.27146282352095
14.43,0.3,83.8712418350392,0.297492536658251,0.890456213116087,0.645811535610148,0.269416197085613
14.44,0.3,83.8511906172916,0.297266154625039,0.890555619519451,0.645410576342367,0.270346970973555
14.45,0.3,83.8307012343743,0.298731193013784,0.887293713679474,0.643416779956747,0.271593010590911
14.46,0.3,83.8097656058481,0.29901338236998,0.892888024907083,0.644664259382227,0.269778521042443
14.47,0.3,83.7883757765621,0.298543642901908,0.890034219699361,0.646520712358617,0.271651235192087
14.48,0.3,83.7665239200637,0.298070039769912,0.888971784904482,0.646024149994743,0.27003624870353
14.49,0.3,83.7442023419604,0.295868594027909,0.887925519184173,0.64232052484291,0.269814910838301
14.5,0.3,83.7214034832321,0.29807471044052,0.889519685892422,0.645452016738719,0.268923157482458
14.51,0.3,83.6981199234948,0.298599587705395,0.888242174525363,0.645557627259646,0.269505851401368
14.52,0.3,83.6743443842137,0.29794663411651,0.891217746692545,0.644672452748161,0.270872224393743
14.53,0.3,83.650069731865,0.298598176939601,0.888344344781563,0.642107482579149,0.269207769977689
14.54,0.3,83.6252889810466,0.299377277633539,0.888730671014227,0.646832602210566,0.26926288006568
14.55,0.3,83.5999952975366,0.298656489287365,0.885279835862999,0.641513190252017,0.270772229921105
14.56,0.3,83.4049452673252,0.298771930803589,0.887299058029576,0.6441523920924,0.268125316920874
14.57,0.3,83.2415513885765,0.300957726011491,0.885573696099141,0.642630058003605,0.272075536612526
14.58,0.3,83.1345504414787,0.30069752493774,0.888016300346897,0.642544884137157,0.270478676866934
14.59,0.3,83.0418714573501,0.299289135039968,0.887727513383455,0.641321025206139,0.269835347876736
14.6,0.3,82.9524695752379,0.298518519145393,0.885199353679751,0.643824143932287,0.268591661100989
14.61,0.3,82.8769727012868,0.300199447799772,0.885059088627993,0.644751299024758,0.26835474528062
14.62,0.3,82.8090563195023,0.295526310454366,0.882104712981749,0.643625630330918,0.27001506859287
14.63,0.3,82.7418839944269,0.30145241485878,0.88541543786506,0.642250070578226,0.270395664045078
14.64,0.3,82.6768989832942,0.299216647736214,0.884805518220003,0.644218450725289,0.26940100571544
14.65,0.3,82.6158915791335,0.298522605087642,0.882981284249803,0.640073109630785,0.268955348163937
14.66,0.3,82.5539661341101,0.303937352045186,0.883899152843093,0.642901306574813,0.269277721342333
14.67,0.3,82.4901977885406,0.30075173036832,0.882647617574749,0.643007431318333,0.268653706800807
14.68,0.3,82.42922867683,0.301347328698952,0.883630569679587,0.644064822534922,0.272407016860304
14.69,0.3,82.3682609100181,0.301021213631138,0.883828459950083,0.643721384583198,0.271156750537863
14.7,0.3,82.3049891696658,0.300100897682152,0.88349046882222,0.642330290304673,0.271191820612118
14.71,0.3,82.2417914048541,0.299468544907714,0.883617504566526,0.640993435021772,0.271047118797735
14.72,0.3,82.1802684877072,0.30266640307675,0.883254888613303,0.641626138338123,0.268506960478642
14.73,0.3,82.1170675235012,0.298107888839197,0.883685229464501,0.640738831640019,0.271957024684323
14.74,0.3,82.0516823367223,0.299471611640247,0.882121986304098,0.64400863215709,0.269111185788795
14.75,0.3,81.9883136541583,0.302399260577758,0.88140654492564,0.643370941379034,0.271718269688573
14.76,0.3,81.924498559814,0.30084622416676,0.88066199482543,0.64133609511122,0.270908614424425
14.77,0.3,81.8581945628293,0.300035116805993,0.885036584140024,0.64002551575458,0.270531462631991
14.78,0.3,81.7916443418569,0.301817615137256,0.881686597768064,0.640768948887089,0.268824235694175
14.79,0.3,81.7263540280679,0.30360295860601,0.880980967501848,0.641271257787711,0.271017710131836
14.8,0.3,81.6592109049737,0.302695828330923,0.880471483675129,0.641831483846823,0.271025590185115
14.81,0.3,81.5897528909021,0.300151262502337,0.878234586478443,0.6426949747447,0.272171263203795
14.82,0.3,81.5219355582437,0.302038026640518,0.879293975972744,0.641892044678409,0.270479907167577
14.83,0.3,81.4534573742139,0.302533219207059,0.879446700076148,0.641173340462286,0.272259418680472
14.84,0.3,81.3824049363593,0.301635447776157,0.880679108646091,0.640691350102945,0.270399190922902
14.85,0.3,81.3109737052521,0.301684862371924,0.877753575421526,0.642230504267285,0.270518980849787
14.86,0.3,81.2406395026794,0.301949700102122,0.878272322174826,0.643286998782532,0.270676493614479
14.87,0.3,81.168393324352,0.301724509968609,0.87812053438623,0.642932052306427,0.270383221819226
14.88,0.3,81.093359579714,0.301557524404766,0.879658269756901,0.642689361478616,0.268958345519066
14.89,0.3,81.0161892627514,0.302499334356583,0.878224077965483,0.641582160800815,0.271051546108854
14.9,0.3,80.9363761438686,0.301848299815187,0.879795011678947,0.640522807642369,0.270495207938217
14.91,0.3,80.8535236989609,0.302448225024631,0.879046710672535,0.64166325748183,0.269388471456782
14.92,0.3,80.7675394894686,0.299977293933425,0.877198541055829,0.641303539122458,0.271428866344452
14.93,0.3,80.6784135303514,0.302044386247233,0.876952132338312,0.64261854118059,0.269174486947425
14.94,0.3,80.5861548816937,0.299346481726075,0.876502747326049,0.639655750858235,0.271159269765674
14.95,0.3,80.4907776798386,0.302528910092583,0.877086033007776,0.63906381590617,0.27102250125914
14.96,0.3,80.3922982613379,0.304659300677593,0.876693623792246,0.645150386565012,0.269171322986808
14.97,0.3,80.2907345783052,0.302005947603318,0.875507023920079,0.6428582055319,0.269650300278366
14.98,0.3,80.186106074316,0.300950042216287,0.874282126490882,0.640900412371037,0.269890463239069
14.99,0.3,80.0784336514564,0.301861389079823,0.878297396337857,0.643230652062258,0.268886046053144
15,0,79.9677396547135,0.302269158810366,0.874830775821607,0.643393800868514,0.271891292858924
15.01,0,79.8540478590105,0.303943642394241,0.877687932988241,0.638609653697198,0.270078860804633
15.02,0,79.7373834559648,0.303269961709121,0.874943265339972,0.643711785919709,0.270463488424173
15.03,0,79.6177730398017,0.303183206441234,0.871211641252097,0.641026841598613,0.27138605102928
15.04,0,79.4952445923216,0.304353557662743,0.874698388964267,0.643686869992214,0.271331241323673
15.05,0,79.3698274669128,0.302378573410611,0.872750384034729,0.643352027431802,0.270710656191007
15.06,0,79.2415523716264,0.303590051425943,0.872014390216725,0.642736511126792,0.272180890451815
15.07,0,79.1104513513283,0.305877010203497,0.871250278110853,0.643018231426067,0.271079552262265
15.08,0,78.9765577689501,0.301758707892214,0.872664702508182,0.641920788334971,0.269129695472975
15.09,0,78.8399062858604,0.303493871267159,0.871729262950392,0.642192377171505,0.27002213929618
15.1,0,78.7005328413763,0.305294061968244,0.872035836058089,0.642283555115085,0.270629361447719
15.11,0,78.5584746314424,0.307388893632062,0.869849605104241,0.641466620358385,0.271032004682077
15.12,0,78.4137700864966,0.305484648716651,0.874516520414491,0.642530529793731,0.26890497396684
15.13,0,78.2664588485524,0.307641685611388,0.873231652589074,0.641908940916103,0.268365241628051
15.14,0,78.1165817475198,0.30538089817137,0.868717949156496,0.641978773009982,0.270440386124982
15.15,0,77.9641807767937,0.306347025306007,0.869554706328646,0.641458600165553,0.27135466478243
15.16,0,77.8092990681365,0.307731056806092,0.870221301066876,0.641979744413127,0.268423246367518
15.17,0,77.6519808658832,0.306153182911597,0.867214894527729,0.642793677198148,0.268849591873242
15.18,0,77.4922715004972,0.307621350587016,0.871590396140397,0.644717250394888,0.270762670331919
15.19,0,77.3302173615081,0.304052608941015,0.870781624400206,0.643785514110398,0.270631288486888
15.2,0,77.165865869859,0.306078309318759,0.870569038107829,0.643900482519403,0.27063095623879
15.21,0,76.999265449695,0.308413038704564,0.869767741202924,0.643562411052921,0.268236449815741
15.22,0,76.8304654996257,0.307476655158604,0.869910669374416,0.642707016227032,0.27019553424592
15.23,0,76.65951636349,0.304771943431521,0.867198599290518,0.644877216428453,0.268653493926352
15.24,0,76.4864693006565,0.307700425183088,0.869073540172396,0.642924764870815,0.271717128036151
15.25,0,76.3113764558931,0.309737457365876,0.868408768788331,0.643440494727724,0.270713196135357
15.26,0,76.1342908288362,0.307239202018567,0.866280153467321,0.643621119734236,0.26942415426824
15.27,0,75.9552662430922,0.308739414078081,0.866139437341867,0.644397790933531,0.269597507699818
15.28,0,75.7743573150065,0.310054861054961,0.866954151293531,0.644521515511784,0.26983830307517
15.29,0,75.5916194221301,0.313987023319806,0.869165947948155,0.6434399955059,0.267889429639584
15.3,0,75.4071086714194,0.308430165800737,0.867372012312255,0.642799817545849,0.270008742344328
15.31,0,75.2208818671997,0.313316381756152,0.8665349618241,0.642947067200423,0.267179381960658
15.32,0,75.032996478928,0.311765413662005,0.866596383595871,0.644951746457051,0.269816328561807
15.33,0,74.8435106087873,0.309894693931967,0.866056130551829,0.644991680216959,0.269546631296017
15.34,0,74.6524829591437,0.310011040995315,0.865015789903039,0.644337657498482,0.268766410316537
15.35,0,74.4599727999013,0.311539260052315,0.864819158828416,0.644284518994976,0.267122739036497
15.36,0,74.2660399357869,0.314914715817165,0.865029491274275,0.645388294216974,0.270590128457848
15.37,0,74.0707446735951,0.313513775771031,0.861853018950988,0.643071450653447,0.269421055920748
15.38,0,73.8741477894278,0.312406760024171,0.864502332171715,0.644707392439975,0.269071851501901
15.39,0,73.6763104959585,0.315233674464526,0.865002784669856,0.645701801792539,0.26796990897113
15.4,0,73.4772944097532,0.31514622337233,0.864598931004002,0.644776241887061,0.269145944203039
15.41,0,73.2771615186776,0.315925334016069,0.861874895534866,0.643180976465982,0.26964256189284
15.42,0,73.0759741494229,0.3124835846255,0.863499117792353,0.644640313958731,0.270733374843399
15.43,0,72.873794935177,0.313561397032067,0.862205719038003,0.64509535943781,0.267890812962264
15.44,0,72.6706867834736,0.314676160834724,0.861518070686851,0.647327341809692,0.268700640052185
15.45,0,72.4667128442442,0.317073624517827,0.864133360445132,0.645891750671711,0.269186867519229
15.46,0,72.2619364781048,0.316106995027665,0.862966574674365,0.645554035272268,0.269969371983157
15.47,0,72.0564212249014,0.315644868382769,0.861633840332557,0.647917731041028,0.269343217174412
15.48,0,71.850230772542,0.31694001732084,0.860240906789771,0.64627116105629,0.270537956161101
15.49,0,71.6434289261413,0.317560967711572,0.862448948570591,0.646597791009348,0.270418356997548
15.5,0,71.4360795775036,0.317223715025445,0.862084708716289,0.646913159008511,0.270689339351886
15.51,0,71.2282466749657,0.318827566793576,0.861368702090804,0.646626973617713,0.267420284060066
15.52,0,71.0199941936269,0.319033817298346,0.860866221050993,0.646800517622632,0.27054136446409
15.53,0,70.8113861059861,0.318519977985033,0.8592658348221,0.646076120551098,0.268435708710648
15.54,0,70.6024863530082,0.31854845658403,0.860111396935465,0.647743972544647,0.267818984664776
15.55,0,70.3933588156415,0.318692319577828,0.859969130469876,0.646164916747836,0.271431745676336
15.56,0,70.1840672868059,0.32040785914108,0.858956262309087,0.647696818540268,0.269072163904844
15.57,0,69.97467544387,0.321607755246981,0.859539009220463,0.646872485878046,0.271133621851729
15.58,0,69.7652468216368,0.31748538966368,0.860018532572493,0.646460897022501,0.270245880503586
15.59,0,69.5558447858532,0.320731782375638,0.856819792052513,0.649137747356338,0.272448826137322
15.6,0,69.3465325072625,0.320217496934225,0.858714587992738,0.647028794841509,0.267610010225013
15.61,0,69.1373729362111,0.321072124423036,0.862799687199136,0.649960185511299,0.269273982043836
15.62,0,68.9284287778281,0.324455977381102,0.857999633209881,0.647054523420742,0.273103769974362
15.63,0,68.7197624677877,0.324331464676402,0.858654193190812,0.648509071417277,0.268789050382795
15.64,0,68.5114361486681,0.324531052293936,0.857758793546942,0.649701114708461,0.268984414276581
15.65,0,68.303511646919,0.323028147595082,0.85567612114311,0.650988346787599,0.270629542207042
15.66,0,68.0960504504458,0.324089953261452,0.856043010399422,0.648081831740737,0.270177890968291
15.67,0,67.889113686823,0.327036362457041,0.856066771318187,0.649489729074118,0.27141101812753
15.68,0,67.6827621021415,0.32454600953565,0.856464941741787,0.648038634557519,0.269255308075334
15.69,0,67.477056040501,0.325869977432857,0.856900153850342,0.649390266932811,0.269555640169525
15.7,0,67.2720554241506,0.3249984795795,0.855074876954484,0.649433333036042,0.270821710375161
15.71,0,67.0678197342852,0.3248439181571,0.857235056177685,0.648982512769232,0.271748202941661
15.72,0,66.8644079925016,0.324986864424082,0.854972918796837,0.64858986424079,0.270451331982238
15.73,0,66.6618787429172,0.32936151668227,0.854694765957866,0.648485981872332,0.269800858705494
15.74,0,66.4602900349546,0.326288560152801,0.853903686917423,0.651771108114021,0.271522635665848
15.75,0,66.2596994067941,0.327491432157847,0.855478477751026,0.649449068109299,0.272742044412129
15.76,0,66.060163869493,0.330289401435072,0.858463454316859,0.649584855656139,0.269506188373477
15.77,0,65.8617398917748,0.326626686750277,0.852495182436876,0.651568470884845,0.269371888132453
15.78,0,65.6644833854837,0.32807519177283,0.856133375161783,0.651240297963977,0.270073696819994
15.79,0,65.4684496917048,0.329458127523217,0.853536200192534,0.648912871593516,0.271040245218198
15.8,0,65.2736935675469,0.329460937448853,0.855774190285738,0.653442545048525,0.268727356749215
15.81,0,65.0802691735836,0.330558674140566,0.854864808545841,0.651236116327436,0.266705039211223
15.82,0,64.8882300619491,0.328532600424682,0.857057024402074,0.653067270618832,0.269844379766591
15.83,0,64.6976291650832,0.332704816882524,0.852176264404701,0.65093144062491,0.269363051952982
15.84,0,64.5085187851194,0.330241136648966,0.852548414351441,0.652805543445271,0.268292371327744
15.85,0,64.3209505839102,0.33369143282717,0.853596364713356,0.651232177097816,0.269355033081507
15.86,0,64.1349755736815,0.333042927197858,0.851154346007465,0.64997282951761,0.269557008811504
15.87,0,63.9506441083078,0.331536724139667,0.850045523938615,0.652270048042048,0.270778679168536
15.88,0,63.7680058752011,0.333493498012125,0.853576666616186,0.654364962011376,0.268526360924404
15.89,0,63.5871098878014,0.331463788783337,0.853159031932126,0.652017341144747,0.270350188638659
15.9,0,63.4080044786617,0.330752779551329,0.852144178525418,0.6512802573007,0.267186451012759
15.91,0,63.2307372931156,0.333541373794549,0.853151862442067,0.654692941812946,0.270744785383089
15.92,0,63.0553552835152,0.334073212447527,0.85038607021417,0.652399208773975,0.27072251869777
15.93,0,62.8819047040304,0.333181886728106,0.84987341649208,0.65178373342593,0.26943592050543
15.94,0,62.7104311059947,0.337158891418526,0.851100277166291,0.653849565542526,0.269034983852071
15.95,0,62.5409793337868,0.333237028318948,0.849989023214635,0.654202218212582,0.270753219030344
15.96,0,62.3735935212335,0.335705296710088,0.849139589911403,0.656154633584175,0.269046582878536
15.97,0,62.2083170885214,0.336723115729119,0.84981716132905,0.653606419067431,0.272228420151025
15.98,0,62.0451927396034,0.335375267292701,0.849402105874146,0.653508091178979,0.268873578960812
15.99,0,61.884262460084,0.337430379882494,0.848584362194087,0.653690031091969,0.272678485868683
16,0,61.725567515572,0.336429682344745,0.849212276007738,0.656484961047132,0.268723510188815
16.01,0,61.5691484504826,0.337512949099869,0.848138125654274,0.656428023196974,0.270948480801877
16.02,0,61.4150450872749,0.338218939057084,0.847429534343846,0.657045703966038,0.267337216573142
16.03,0,61.2632965261096,0.336966205982959,0.850893237149608,0.653300723013428,0.26987642109554
16.04,0,61.1139411449107,0.34056702684719,0.850887897401244,0.656138159706953,0.271553542424474
16.05,0,60.9670165998156,0.338762049101433,0.848795515066146,0.655682545030013,0.270536659843578
16.06,0,60.8225598259965,0.339282606277878,0.848783177777146,0.654480298173456,0.272079769447129
16.07,0,60.6806070388386,0.338703902283725,0.848801428056667,0.654372360373894,0.270159296211478
16.08,0,60.5411937354571,0.338133431378976,0.849314725714011,0.655649059333926,0.270413432282332
16.09,0,60.4043546965372,0.339561127532335,0.84739555300047,0.65430723213609,0.269930740365174
16.1,0,60.2701239884801,0.338958894876551,0.847367084488063,0.655282171633596,0.269673701255474
16.11,0,60.1385349658397,0.343605712018423,0.845924757101806,0.65694032138809,0.269671845327865
16.12,0,60.0096202740311,0.337985069507337,0.847887541059254,0.656185613004116,0.267439304275259
16.13,0,59.8834118522962,0.340544766741298,0.849028443551096,0.658083517854773,0.269296040378762
16.14,0,59.759940936909,0.341132936612374,0.844747336181011,0.655682101428758,0.272256304823643
16.15,0,59.6392380646035,0.340484617905654,0.847678801129571,0.653827368581363,0.26970050317009
16.16,0,59.5213330762088,0.342698792345123,0.847933406943896,0.656839420449385,0.270212138036032
16.17,0,59.4062551204742,0.341318375484321,0.846237325038907,0.653832554431315,0.268603363321788
16.18,0,59.2940326580675,0.339108204269749,0.845106277983539,0.655917726384183,0.268860134611993
16.19,0,59.1846934657314,0.340060013426446,0.843560125518167,0.657030112456937,0.271682316342959
16.2,0,59.0782646405819,0.343030326077782,0.845047911891009,0.65743407545179,0.268807197690698
16.21,0,58.9747726045303,0.34351637890883,0.844645953880796,0.656539412145215,0.267517637637214
16.22,0,58.8742431088179,0.340778498534557,0.844734783724214,0.656794528072252,0.268831207313603
16.23,0,58.7767012386418,0.341602793796454,0.844225119897316,0.654872376556498,0.270083742974077
16.24,0,58.682171417863,0.340889707393538,0.843000966071123,0.657071861800638,0.270769821054157
16.25,0,58.5906774137758,0.343977568852469,0.845801740506239,0.657497803650529,0.271238195399631
16.26,0,58.5022423419271,0.344026941070895,0.845520095839554,0.658062409718897,0.272040807207156
16.27,0,58.4168886709715,0.342839309355263,0.842134169751984,0.660331455536489,0.271252526637413
16.28,0,58.334638227545,0.343574648336892,0.84522435562613,0.657180336570274,0.270489466900711
16.29,0,58.2555122011459,0.342848901233583,0.843888522594964,0.658165469587735,0.268819190923919
16.3,0,58.1795311490089,0.345369077302905,0.844296680109353,0.657858816292051,0.271799337372266
16.31,0,58.1067150009569,0.346150659190963,0.84431838980351,0.658565053912589,0.268628299947178
16.32,0,58.0370830642216,0.344003582345137,0.840704904931522,0.657647234403723,0.269375054783427
16.33,0,57.9706540282163,0.343316169312037,0.841394882831765,0.661537386712927,0.27071515271294
16.34,0,57.9074459692502,0.341950877897281,0.840342244176459,0.657083114777969,0.270241716373631
16.35,0,57.8474763551733,0.342629450262348,0.841671202985142,0.6600727760337,0.270908265800991
16.36,0,57.7907620499391,0.345672276638671,0.842812889178811,0.658315183998206,0.267979352235183
16.37,0,57.737319318074,0.343981756146611,0.843301188441396,0.656175676973291,0.269653011148777
16.38,0,57.6871638290434,0.343429316350726,0.840335410696711,0.660300879993219,0.268594097631059
16.39,0,57.6403106615041,0.344924266476084,0.842265924299212,0.659644060232562,0.267824387980379
16.4,0,57.5967743074327,0.343173129815465,0.84215851321152,0.657671411991131,0.271409492606221
16.41,0,57.5565686761212,0.343556423861038,0.840052831997609,0.659343824504589,0.269185266419527
16.42,0,57.5197070980297,0.343663870857051,0.841977560824211,0.658450594362968,0.270202372952294
16.43,0,57.4862023284894,0.343274584341103,0.841832154309475,0.657439354076693,0.27063885193448
16.44,0,57.4557949744442,0.343639014550575,0.838853678325597,0.656821562270798,0.269583240319562
16.45,0,57.4265092996273,0.344559519770032,0.841352533078395,0.657865822015884,0.271920726016891
16.46,0,57.3979589813552,0.344093154153051,0.84232488774574,0.655869320857799,0.268716279004003
16.47,0,57.3701469864609,0.344551730513046,0.839154400947356,0.65802373305339,0.27036467964006
16.48,0,57.343076036116,0.344991308642013,0.838799993083688,0.657417824547079,0.269780882745311
16.49,0,57.3167486045988,0.34316402189675,0.840001087159406,0.656629689227655,0.267307608914846
16.5,0,57.2911669181929,0.34662172071192,0.836303171797493,0.656822837436281,0.267743868291381
16.51,0,57.2663329542156,0.342631373525539,0.840500362867378,0.658328091567215,0.271004322532892
16.52,0,57.2422484401781,0.344269840469754,0.838852018452699,0.659130603270237,0.271738655308041
16.53,0,57.2189148530787,0.343542575111672,0.83925594179103,0.658401009823865,0.273286215964461
16.54,0,57.1963334188288,0.345954929778945,0.837046450920055,0.658691422927291,0.272584601458986
16.55,0,57.1745051118138,0.34345887644265,0.837964779752198,0.655136094404707,0.269946923019662
16.56,0,57.1534306545879,0.34232732978192,0.838055639818603,0.658171813184076,0.271663558065807
16.57,0,57.1331105177048,0.343608563660667,0.841177522321835,0.660971440832071,0.272442329299351
16.58,0,57.1135449196835,0.346585371462967,0.837791452233327,0.659414433642697,0.268640976258862
16.59,0,57.0947338271102,0.346957366856702,0.837818760333531,0.656776450630073,0.26780549671566
16.6,0,57.0766769548755,0.342926137048621,0.837435099454575,0.657711512282464,0.268669653459415
16.61,0,57.059373766548,0.343599772807637,0.836755475433996,0.657700141945163,0.269945333457618
16.62,0,57.0428234748835,0.342362143475682,0.839706644852197,0.65591801781145,0.269208179810431
16.63,0,57.027025042469,0.343326679089182,0.83847233671008,0.655643334779629,0.269838367388599
16.64,0,57.0119771825028,0.34537796634558,0.839056566307302,0.65927125840204,0.267597253140286
16.65,0,56.9976783597077,0.345818797946877,0.836538614220746,0.657852457396649,0.270036702670209
16.66,0,56.9841267913798,0.344723307832184,0.835786502719005,0.655933762371317,0.271918751022567
16.67,0,56.9713204485685,0.345729011921766,0.835767904218119,0.658360007079859,0.27004691718115
16.68,0,56.9592570573902,0.345641033335064,0.837682815852974,0.656697082947131,0.268245651725656
16.69,0,56.9479341004728,0.342414828427476,0.834882178834985,0.65627007467037,0.269191130633426
16.7,0,57.0764696178834,0.344261366852915,0.834039095339199,0.657176045582084,0.2680613147128
16.71,0,57.2324770714556,0.341934449159686,0.834286268571981,0.65466512768755,0.272206647413676
16.72,0,57.3261704238627,0.342592989632193,0.838080156403202,0.657388789724944,0.270134327441022
16.73,0,57.4030142259822,0.344624245418038,0.834544720058443,0.655955871248097,0.269268179350926
16.74,0,57.4779746902145,0.34407514435875,0.837140893785256,0.658882516078842,0.268492227777467
16.75,0,57.5550196310174,0.343043718692832,0.835185401645125,0.658644806751575,0.268747742706217
16.76,0,57.6351540955554,0.34143015730005,0.834905970522651,0.657108047215466,0.270211648224935
16.77,0,57.7186267830051,0.341154585944173,0.833460837161803,0.657739893368618,0.267602313779359
16.78,0,57.8054952746546,0.342097053178899,0.833494955590471,0.655459217567806,0.269413627141644
16.79,0,57.8957686525627,0.339276977248469,0.832813463166757,0.656328928549941,0.270330987612493
16.8,0,57.9894433718977,0.340324760820482,0.837074708586189,0.66023794090208,0.269169121685541
16.81,0,58.086512279549,0.340202651357948,0.834665084028027,0.657511371183366,0.269229591601636
16.82,0,58.1869668804091,0.343202578168487,0.834904385186328,0.657206680661774,0.268875314340224
16.83,0,58.2907979051078,0.338677576858516,0.835182820665654,0.657840740906689,0.272010735243663
16.84,0,58.3979954501896,0.340783952341177,0.836308770147248,0.65556048540297,0.267426208830649
16.85,0,58.5085490105699,0.338331782974832,0.837338585935563,0.655620315224907,0.270175328212433
16.86,0,58.6224474848064,0.338210444174714,0.835909364331674,0.652559456162717,0.271175492970062
16.87,0,58.7396791734881,0.337579423485317,0.833107998194975,0.655571167117263,0.270505956496028
16.88,0,58.8602317758671,0.3363895637678,0.834734536548736,0.65519397156948,0.268365005379246
16.89,0,58.9840923860378,0.336572788071526,0.835384778190744,0.656807756664917,0.272128678971907
16.9,0,59.1112474890006,0.335238999468512,0.835814015141182,0.656297177834621,0.271066970704855
16.91,0,59.241682956708,0.336666276598635,0.83430550976147,0.658915386924047,0.271098680853183
16.92,0,59.3753840441257,0.337161874808764,0.832582080411067,0.656964560827752,0.270585040701139
16.93,0,59.5123353853294,0.333944344427714,0.832033878847817,0.656832124310721,0.270800822936803
16.94,0,59.6525209896515,0.333970338806836,0.831608549382243,0.655172202171799,0.27204653673172
16.95,0,59.7959242378944,0.334035828438955,0.834036723945956,0.656780936031206,0.270112967285135
16.96,0,59.9425278786244,0.334146915983079,0.833080607682059,0.657362793611597,0.269333542225307
16.97,0,60.0923140245604,0.333106923327001,0.833479959812339,0.655887502597116,0.269733349893178
16.98,0,60.2452641490748,0.33151612124343,0.836114917732289,0.655469831096691,0.269377196318031
16.99,0,60.4013590828198,0.333712402822701,0.83290633298276,0.65620286725753,0.271465108147303
17,0,60.5605790104967,0.332964861031266,0.831511391041554,0.654148738008609,0.269178626338671
17.01,0,60.7229034677814,0.330934475347155,0.831948248544951,0.653787889526597,0.27163111306797
17.02,0,60.8883113384254,0.334586630951168,0.830489049779248,0.656428765291582,0.270661400334912
17.03,0,61.0567808515455,0.330759147945302,0.83209875625776,0.655369415659469,0.269315715523171
17.04,0,61.2282895791183,0.330027167401675,0.830558374410936,0.654666024979889,0.269860309519675
17.05,0,61.4028144336983,0.329077044846447,0.834078018388117,0.654541590593918,0.269703685605125
17.06,0,61.5803316663723,0.327576494693543,0.834358909085197,0.653749625601355,0.268451715617884
17.07,0,61.7608168649692,0.328838083151363,0.835418186696921,0.65123793248316,0.274136573651199
17.08,0,61.9442449525389,0.326893344760663,0.833197650985638,0.653955327626776,0.268118419951922
17.09,0,62.1305901861189,0.326735853382182,0.831100921356374,0.653417415041626,0.267978247120728
17.1,0,62.3198261558021,0.326115592712806,0.833759413949305,0.651227326071079,0.268194755550338
17.11,0,62.5119257841246,0.32899450339923,0.831851351097325,0.652198694176321,0.270837662566245
17.12,0,62.7068613257868,0.326084839403556,0.831570170584822,0.652740548063277,0.270116054879113
17.13,0,62.9046043677251,0.325064490519896,0.832500999697432,0.651078672564238,0.268310890443748
17.14,0,63.1051258295503,0.32327173716417,0.832496512997152,0.650615685507182,0.271339055558859
17.15,0,63.3083959643661,0.32368862245701,0.833641154562736,0.653468461734109,0.271881150280931
17.16,0,63.5143843599852,0.323114769644104,0.830344454900045,0.651373782640789,0.269662039361628
17.17,0,63.7230599405567,0.319770372200171,0.834185786394853,0.651894292095075,0.271496395566429
17.18,0,63.9343909686201,0.320335518568519,0.833048058153951,0.649761853659712,0.271386534435527
17.19,0,64.1483450476002,0.319995688669224,0.831513433765867,0.653060789387322,0.270005081919684
17.2,0,64.3648891247567,0.321608861627103,0.83315654363762,0.651494970332336,0.267421942685197
17.21,0,64.5839894946041,0.321523493351583,0.832364668385881,0.650344046759947,0.26891801435276
17.22,0,64.8056118028124,0.318784383344523,0.832280885708852,0.651680471848549,0.271171715772557
17.23,0,65.0297210506047,0.319146730827847,0.83310919355346,0.651975369983745,0.269698301164793
17.24,0,65.2562815996626,0.320632572539563,0.831072629074881,0.650031284500125,0.271741244018564
17.25,0,65.4852571775519,0.317336301130955,0.831677227882963,0.64960537503554,0.268851542116421
17.26,0,65.7166108836813,0.317883170693501,0.832843866587413,0.649787747872568,0.269004614240945
17.27,0,65.950305195804,0.318772632452014,0.830864922444815,0.649103554980493,0.270098978771648
17.28,0,66.1863019770737,0.317088511824677,0.832089515114177,0.648741684783433,0.272288206516783
17.29,0,66.4245624836661,0.316808741973468,0.831235076916838,0.650328725608555,0.269548633002316
17.3,0,66.6650473729736,0.316684155992343,0.831030707629569,0.650701316869335,0.269512187085303
17.31,0,66.9077167123838,0.313971903187976,0.830192789156295,0.649840271493104,0.270227734256166
17.32,0,67.1525299886498,0.313825263190456,0.831220264469943,0.650688633728876,0.270642546029062
17.33,0,67.3994461178596,0.313790873015986,0.831023945039235,0.650431898202418,0.27132733847687
17.34,0,67.6484234560129,0.311921011361991,0.830985703846994,0.64937413000969,0.269026059419699
17.35,0,67.8994198102104,0.314321132673319,0.830780780958224,0.650602176845884,0.269890821842758
17.36,0,68.1523924504617,0.310009484113989,0.828563303001047,0.647636700789824,0.269675989069147
17.37,0,68.4072981221186,0.310512034754161,0.831618010437262,0.647773348189002,0.271561268674394
17.38,0,68.6640930589342,0.31167071979881,0.831374159410872,0.649484358200258,0.268753906998575
17.39,0,68.9227329967556,0.308725883676152,0.830895683380304,0.647106665181303,0.270783247305963
17.4,0,69.1831731878492,0.312619042654968,0.831449120767173,0.649281148238607,0.272158672936721
17.41,0,69.4453684158638,0.306676274666494,0.831730260646624,0.647172575740238,0.267553516174433
17.42,0,69.7092730114295,0.308320779980459,0.829114367124888,0.646359559815504,0.272299426759892
17.43,0,69.9748408683945,0.304616275689817,0.830702366781595,0.6460173600289,0.266693431905303
17.44,0,70.2420254606991,0.306494228220753,0.83153425339622,0.645984482166972,0.271671700787198
17.45,0,70.5107798598841,0.307040037479763,0.830411440662833,0.643708629354619,0.270323592506522
17.46,0,70.781056753233,0.304357730245649,0.833784373402879,0.648218601572394,0.270301509208507
17.47,0,71.0528084625435,0.302827020286097,0.829089832771965,0.64387193202758,0.269149030856361
17.48,0,71.3259869635238,0.303153543823119,0.832247364885535,0.644355630087522,0.266009017238997
17.49,0,71.6005439058109,0.302534099618832,0.832634277110412,0.645179438546752,0.270016603114235
17.5,0,71.8764306336016,0.300502536421393,0.831567030436085,0.64819966786449,0.27025990031317
17.51,0,72.1535982068922,0.301435856062387,0.829482771659328,0.646332424925074,0.272329986068846
17.52,0,72.4319974233177,0.301071626276649,0.833780223475735,0.647311220765442,0.269041115255891
17.53,0,72.7163669597094,0.298394479740523,0.831989659025548,0.646205901966188,0.268603260633273
17.54,0,73.0098742730327,0.297926425653306,0.830570593766488,0.646681588945979,0.26998706486953
17.55,0,73.3075519738994,0.301086597283066,0.831933289584268,0.643070790099024,0.270503674971426
17.56,0,73.6073054527208,0.297243945732393,0.831956268825564,0.645421090271333,0.270612959409508
17.57,0,73.9084457111522,0.295923173173797,0.831844750449849,0.647122918818678,0.27059060308755
17.58,0,74.2107300291274,0.295317916940132,0.829450332494499,0.644868449848686,0.270153994265834
17.59,0,74.5140493200755,0.295143025583152,0.83007094575811,0.643287551764022,0.268696829910513
17.6,0,74.8183340543036,0.293302601276687,0.831052876128262,0.644751209289757,0.271165309919282
17.61,0,75.1235263507047,0.290849381200384,0.830236489660063,0.643109788626325,0.269905129203529
17.62,0,75.4295717325968,0.292972885308464,0.829875721085289,0.645086240181078,0.267749519022794
17.63,0,75.7364167082134,0.291382166877039,0.833408231806948,0.642067345971319,0.268410706437332
17.64,0,76.0440080757334,0.29363281148357,0.830465061282942,0.646615250979184,0.268615950681511
17.65,0,76.3522927391095,0.290976009170547,0.830379795250531,0.64227197766714,0.268301771331211
17.66,0,76.661217675427,0.288738781194519,0.83231294060842,0.64370285405996,0.271256608187064
17.67,0,76.9707299474404,0.288325203931243,0.830787583851663,0.64342424724766,0.269573246239092
17.68,0,77.2807767297901,0.28572175668621,0.834057312165314,0.644023961369895,0.269684214289319
17.69,0,77.5913053395596,0.286652398989699,0.833538083879694,0.642968236991446,0.268751636687944
17.7,0,77.9022632683906,0.28748082090958,0.833509458739706,0.643853293641516,0.26997546005745
17.71,0,78.2135982153144,0.284764620902504,0.833029514153519,0.643803831747064,0.269622636104997
17.72,0,78.5252581200302,0.283642591386388,0.830686942855337,0.644346120531604,0.271001239804914
17.73,0,78.8371911965328,0.285410245307317,0.831068335117841,0.643875800138064,0.271882745858673
17.74,0,79.1493459670409,0.284581342777174,0.830722581310754,0.642633180043474,0.268773474317108
17.75,0,79.4616712961889,0.284970613456169,0.827788580915528,0.641158379951706,0.269934180597747
17.76,0,79.7741164254538,0.284777536767005,0.833570610938964,0.644692336670529,0.270464487434956
17.77,0,80.0866310077838,0.281231749880622,0.832302574010219,0.64287488384987,0.270633256486837
17.78,0,80.3991651424019,0.280205796719522,0.83000488113616,0.643194435294656,0.271564224163648
17.79,0,80.7116694097489,0.279054877231044,0.830723319439299,0.641472700939439,0.269126833969425
17.8,0,81.024094906538,0.276431706160796,0.832744997651631,0.640166532643732,0.272805203081885
17.81,0,81.336393280887,0.279760983656598,0.834482147711466,0.646117635485033,0.268311893857597
17.82,0,81.6485167674966,0.278873016600208,0.83077743363511,0.643223509634287,0.270545316079971
17.83,0,81.9604182228427,0.278334968938075,0.831388624950723,0.643267227258731,0.270960607582622
17.84,0,82.2720511603482,0.279665473407531,0.829237716600434,0.642936321472008,0.26888503295163
17.85,0,82.5833697855025,0.276038652016324,0.832638881117535,0.643720856245998,0.269085779704395
17.86,0,82.8943290308962,0.274422295118987,0.831647798662183,0.641293327999555,0.271553645089115
17.87,0,83.2048845911344,0.273323656773705,0.832930651612782,0.640114079013182,0.270180863376095
17.88,0,83.5149929575987,0.273699476552351,0.829620494802208,0.643306368028493,0.270129925810685
17.89,0,83.824611453022,0.273150387323688,0.833033464080144,0.642414397592166,0.270290119356968
17.9,0,84.1336982658437,0.272172872603465,0.832518270886805,0.638457291844224,0.270421153485317
17.91,0,84.4422124843111,0.271714625749085,0.833745598238299,0.643217392999117,0.269943719871763
17.92,0,84.7501141302947,0.272749905332916,0.836108725009177,0.641612464187796,0.269854820185484
17.93,0,85.0573641927831,0.271665052013251,0.833512594484245,0.641300297273071,0.272067852871081
17.94,0,85.3639246610255,0.270377223576236,0.834931613200262,0.642469961126506,0.271701899236814
17.95,0,85.669758557289,0.270105040787996,0.832789258239973,0.644151099478939,0.267926338905054
17.96,0,85.9748299691986,0.271085633387662,0.831224655135483,0.64144610212793,0.270807421545073
17.97,0,86.2791040816274,0.268320278633246,0.834436193132677,0.642530255400207,0.268503061833098
17.98,0,86.5825472081072,0.268879413510868,0.832458921930521,0.642064510542526,0.273753977579107
17.99,0,86.8851268217261,0.267986484845304,0.833059391730622,0.637451378063392,0.269608270920194
18,0,87.1868115854867,0.269139406464137,0.833475884362236,0.641984336735852,0.270857940679289
18.01,0,87.4875713820904,0.26725431545852,0.835217712440267,0.641368934694132,0.26945087725896
18.02,0,87.7873773431228,0.264899489352746,0.835858986016227,0.639651838234948,0.269439152655893
18.03,0,88.0862018776105,0.265310604287297,0.835342264630345,0.640384560422054,0.272637318628114
18.04,0,88.3840186999207,0.2622173232712,0.832521894757874,0.6427858849169,0.269547576771785
18.05,0,88.680802856979,0.262423771881672,0.834716768108892,0.640031378707246,0.271490546383335
18.06,0,88.976530754777,0.264397018741703,0.83543016172465,0.639803282032189,0.269802970524479
18.07,0,89.2711801841469,0.263690219990854,0.834565016623237,0.641995986364227,0.269050234666257
18.08,0,89.5647303457782,0.261965404846273,0.837080245055341,0.642319612523486,0.270205368858853
18.09,0,89.8571618744523,0.260941156715229,0.835527159910661,0.641641450111233,0.272635374281112
18.1,0,90.1484568624751,0.260325987260439,0.834514749858274,0.641337102767674,0.269953185997175
18.11,0,90.4385988822843,0.257023840526326,0.833603153124837,0.639344368622324,0.269234423161393
18.12,0,90.7275730082129,0.258868028596422,0.835088620768102,0.643126251338879,0.27098301494057
18.13,0,91.0153658373892,0.259763226140046,0.837960638874325,0.64106756827788,0.268108374148709
18.14,0,91.3019655097556,0.258040887288584,0.83399492625041,0.640270007794352,0.271495784236635
18.15,0,91.5873617271905,0.25857751148446,0.835953135764114,0.641020889435773,0.270694082893079
18.16,0,91.8715457717158,0.256626146030187,0.832158243910208,0.643549052876668,0.270036041968062
18.17,0,92.154510522779,0.253401934468781,0.831961317315125,0.642465937043838,0.271718742128619
18.18,0,92.4362504735924,0.252286657994397,0.835072108315966,0.64167728967777,0.271476329182482
18.19,0,92.7167617465231,0.25421687040309,0.836406551648492,0.643536973489377,0.268244739921632
18.2,0,92.9960421075177,0.253236452789582,0.836117331175478,0.642920337144588,0.270172504988728
18.21,0,93.2740909795569,0.255168232568325,0.835243198653054,0.641207678344999,0.270253218382125
18.22,0,93.5509094551298,0.254886722617688,0.836152501458069,0.643163749571541,0.268555132666349
18.23,0,93.8265003077213,0.253325885179434,0.839173937459171,0.640936436758379,0.271146457736151
18.24,0,94.1008680023088,0.250898714410885,0.835768167393142,0.644734007915894,0.272577088102046
18.25,0,94.3740187048609,0.251686443606285,0.833602707722382,0.642266669882714,0.26990199843406
18.26,0,94.6459602908391,0.25119174312338,0.835997163330208,0.643840738242833,0.269624518937055
18.27,0,94.916702352699,0.250426058053205,0.835239170170285,0.642727987688809,0.26842574771472
18.28,0,95.18625620639,0.248030702599935,0.836697502733673,0.642502215930428,0.267143992489205
18.29,0,95.4546348968563,0.247275533566636,0.834290665941914,0.644808407841628,0.27023219338939
18.3,0,95.7218532025407,0.246500122995849,0.835157350281756,0.64126945790881,0.270783196902579
18.31,0,95.9879276388947,0.250802371453189,0.839169022185863,0.642580241252876,0.268932475664175
18.32,0,96.2528764608995,0.246162491583965,0.834868187944166,0.643671637702097,0.266859957995087
18.33,0,96.5167196646049,0.25039446499368,0.835616154450392,0.644899091089611,0.271072918378419
18.34,0,96.779478987692,0.248241465500586,0.838550076318232,0.644775050320417,0.267920608327433
18.35,0,97.041177909069,0.249241295791395,0.836534146347162,0.642851521133618,0.270527515957022
18.36,0,97.3018416475096,0.246577369070975,0.837520149730115,0.642779940373523,0.270060344630229
18.37,0,97.5614971593443,0.244910752312714,0.835409294633745,0.642418878998656,0.26942911627693
18.38,0,97.8201731352163,0.243234037132709,0.836128608047324,0.64296813888695,0.268347675118136
18.39,0,98.0778999959155,0.244309886791992,0.839850394457965,0.643498735348711,0.269927800662929
18.4,0,98.3347098873039,0.242965062001733,0.840011532555311,0.643883465779362,0.268975798823809
18.41,0,98.590636674347,0.241917321607628,0.838929476914476,0.644858273340024,0.26932310698787
18.42,0,98.8457159342688,0.241942884379558,0.839577770748312,0.644642122318869,0.271174129920382
18.43,0,99.099984948844,0.243542639414013,0.83801773024255,0.642458798469463,0.270255585668835
18.44,0,99.3534826958481,0.242443940323741,0.839638773933033,0.644281144255535,0.266893814713247
18.45,0,99.6062498396819,0.24204101210359,0.838500278800074,0.641177883531514,0.270755286803408
18.46,0,99.8583287211919,0.236900153199192,0.838733799474116,0.645728243280548,0.269213477962451
18.47,0,100.109763346703,0.238536986807009,0.837444148553723,0.644267092324347,0.268689321456681
18.48,0,100.360599376288,0.239030266755424,0.840794006664545,0.642538049569854,0.271312223382694
18.49,0,100.610884111294,0.236357583833628,0.84047201762959,0.643826637435477,0.270023527123284
18.5,0,100.860666481145,0.239836347128042,0.839404453296018,0.647127538518165,0.270300926087048
18.51,0,101.10999702945,0.2385730279886,0.83966754345886,0.643886450203692,0.271298783415632
18.52,0,101.358927899433,0.237486285528648,0.837426719650479,0.643331673721878,0.270488860587365
18.53,0,101.607512818709,0.236747025709579,0.842647579109137,0.645104832700977,0.268122341097695
18.54,0,101.855807083438,0.235094634178466,0.838253950339821,0.644397999726028,0.270373766224666
18.55,0,102.103867541868,0.239628748511271,0.841348185044769,0.645919024877447,0.269153569685246
18.56,0,102.351752577309,0.238375227676086,0.842549969274674,0.646588212989333,0.269413730399194
18.57,0,102.599522090543,0.234973855828617,0.840744078583226,0.6447405886893,0.270055382749347
18.58,0,102.847237481712,0.237258225983317,0.843981914338801,0.645506850459538,0.269429753619558
18.59,0,103.094961631702,0.234402062272527,0.838967351569317,0.645964089132646,0.268771697707619
18.6,0,103.342758883048,0.231223545113127,0.841623121357724,0.643044889192466,0.271140061694614
18.61,0,103.590695020388,0.235336253772171,0.842216397979476,0.649524429543003,0.26889711658431
18.62,0,103.838837250491,0.233042583590057,0.840701682361169,0.648410803987609,0.264634144182822
18.63,0,104.087254181885,0.234067711036888,0.84082865079533,0.646948205373404,0.269624798320618
18.64,0,104.336015804107,0.236411726690861,0.838426288211354,0.648294997411232,0.271445326293693
18.65,0,104.585193466607,0.231547248477792,0.843578507285008,0.647361774024606,0.269838643342715
18.66,0,104.834859857326,0.230439483291739,0.841796951146812,0.647393281321344,0.272060534590625
18.67,0,105.085088980971,0.231360318792642,0.843172899560296,0.644563339328796,0.270646519864591
18.68,0,105.335956137022,0.232217634082446,0.841872315857126,0.647387409136229,0.268127348523544
18.69,0,105.587537897485,0.227200474534641,0.842464496002337,0.646825502515322,0.270809025536673
18.7,0,105.839912084414,0.228054563161439,0.8436448805516,0.647278609702558,0.271170801502446
18.71,0,106.093157747241,0.229030478609289,0.844055829358911,0.649370587100589,0.270164213757808
18.72,0,106.347355139918,0.229055608361386,0.844675558242237,0.648549755226288,0.269531374092863
18.73,0,106.602585697905,0.228767223819309,0.84171419632784,0.649183385189315,0.2709915606217
18.74,0,106.858932015021,0.22734498762737,0.843688607789598,0.645840842417478,0.271162868736118
18.75,0,107.116477820189,0.2256776217213,0.845252009550175,0.649357074912275,0.268079345673696
18.76,0,107.375307954081,0.226837769078429,0.843626585551613,0.648611261923092,0.268252360990766
18.77,0,107.635508345696,0.228124546292883,0.846095975688851,0.647085376114608,0.27063188470575
18.78,0,107.897165988884,0.226955179342387,0.845921211931218,0.649397302243527,0.271296220170436
18.79,0,108.160368918841,0.22600597904968,0.845966052003683,0.651772845473755,0.270807740972595
18.8,0,108.425206188587,0.224106030863852,0.844857715138085,0.648523122757963,0.271485403214046
18.81,0,108.691767845443,0.225946782465634,0.8473541045303,0.648094011576239,0.270417870498441
18.82,0,108.960144907537,0.224399866279766,0.846631690541011,0.648570590497524,0.270551987772425
18.83,0,109.230429340336,0.226209716418492,0.846649189393766,0.648605646945589,0.271732700231386
18.84,0,109.502714033237,0.221738698808006,0.84611238217722,0.651571927003358,0.268773537644461
18.85,0,109.777092776217,0.222940435129864,0.846053536264828,0.650619761874226,0.270426539936832
18.86,0,110.053660236565,0.221370068121566,0.848910286304309,0.650538246050379,0.269874401870084
18.87,0,110.332511935701,0.224790990543237,0.847899640137121,0.651157258592346,0.272102097672838
18.88,0,110.613744226102,0.22194618737692,0.847721331442526,0.651726171843415,0.272828790585442
18.89,0,110.897454268337,0.219805233556133,0.845161176713767,0.650945310614444,0.270487683584754
18.9,0,111.183740008222,0.219866804550026,0.846949128612367,0.651388357652687,0.267631721695362
18.91,0,111.472700154115,0.221080910123947,0.848763128817191,0.652691277411722,0.270158681372107
18.92,0,111.764434154338,0.217903214506202,0.847504368048657,0.649762204721112,0.271450548124245
18.93,0,112.059042174752,0.218590117725497,0.848505786903703,0.651824482052994,0.270240582506965
18.94,0,112.35662507648,0.218024918368697,0.846611019691538,0.651912929248976,0.270993373290004
18.95,0,112.657284393787,0.218233637097453,0.850940919300368,0.650989453891958,0.27015904205524
18.96,0,112.961122312115,0.218784644533427,0.846588610311053,0.652084800160798,0.269058803958755
18.97,0,113.268241646283,0.218479510002112,0.84729805470638,0.652655092426008,0.269299473212928
18.98,0,113.578745818853,0.213762797946694,0.850265473583054,0.652940558205344,0.271036110210769
18.99,0,113.892738838649,0.215850360183911,0.848069507990523,0.651845599214965,0.268478920464804
19,0,114.210325279454,0.21361306267351,0.84650761187454,0.653033103923241,0.267939688762137
19.01,0,114.531610258858,0.214206265282858,0.852444150385175,0.649975103289213,0.26892143696615
19.02,0,114.856699417271,0.212954833735032,0.84727608085788,0.654427700463275,0.272124613478412
19.03,0,115.185698897085,0.214671401169083,0.850076106433073,0.652317066670026,0.269784138946417
19.04,0,115.518715322003,0.210772878000002,0.85030396472203,0.65332819672158,0.268804919428803
19.05,0,115.855855776495,0.211948202390695,0.851179169872643,0.655049520425588,0.269679952457475
19.06,0,116.197227785407,0.210959401543979,0.847669206555902,0.650702476362892,0.269621719897016
19.07,0,116.542939293702,0.211608737321623,0.849576930321926,0.652037395640365,0.271395919569302
19.08,0,116.893098646318,0.21223340505772,0.853395683550303,0.65219940841871,0.268168934036707
19.09,0,117.247814568151,0.210263725895574,0.8506230168429,0.653477280035063,0.270643769654325
19.1,0,117.607196144132,0.208231128788942,0.853821859667251,0.650912301264388,0.269554341046637
19.11,0,117.971352799412,0.207534796856868,0.85380638726202,0.654458965878078,0.269018349814217
19.12,0,118.340394279618,0.207815670063327,0.853113305183946,0.655425223184117,0.269178232088474
19.13,0,118.714430631185,0.205465094607225,0.851786185913856,0.65824905803642,0.269250730229282
19.14,0,119.093572181743,0.207206408975899,0.850993746014253,0.653174918930762,0.270749335343311
19.15,0,119.477929520543,0.205168808964491,0.851785491840744,0.655338074093128,0.271278994844575
19.16,0,119.867613478917,0.207230199502417,0.852784986596598,0.655755048655709,0.268952194413967
19.17,0,120.262735110743,0.203685089418204,0.853014256710578,0.654199573375962,0.269369521953879
19.18,0,120.663405672909,0.205526056336274,0.852971318056857,0.655425155892946,0.268939013676388
19.19,0,121.069736605749,0.204882063843127,0.85485471034291,0.653773023210314,0.272719315886222
19.2,0,121.481839513443,0.204336971183259,0.855800311177241,0.657757061335422,0.269007406324161
19.21,0,121.899826144359,0.20234334325043,0.852788835022812,0.65605418379817,0.270119960814267
19.22,0,122.323808371312,0.203472631798276,0.85363405954234,0.656031215526232,0.269117042222767
19.23,0,122.753898171727,0.203312151269881,0.855015191213811,0.65531946443523,0.269844841810816
19.24,0,123.190207607684,0.199919744353039,0.856899452811651,0.656351379197974,0.269146903933734
19.25,0,123.632848805826,0.199343978161729,0.853454479558707,0.653442979462549,0.270393041616536
19.26,0,124.081933937099,0.200570426187867,0.857153549051673,0.656213673256068,0.268735320657862
19.27,0,124.537575196317,0.200641004318559,0.853821307334102,0.657373320232257,0.271159470867367
19.28,0,124.999884781518,0.19811529053534,0.854916677128386,0.657086423027032,0.272656764256252
19.29,0,125.468974873096,0.198693226089603,0.856357096633875,0.656268756627762,0.270327420559321
19.3,0,125.944957612675,0.196219491493994,0.857817576808612,0.655525788477923,0.272392985547593
19.31,0,126.427945081721,0.198462808522132,0.857522123027697,0.657633177995067,0.269487100252789
19.32,0,126.918049279845,0.194832782105645,0.853067092784928,0.660833961670788,0.272032397350379
19.33,0,127.415382102793,0.194344613760882,0.855296797114476,0.659157596633714,0.266128659942138
19.34,0,127.920055320084,0.194815346566945,0.856703513921419,0.656831962664024,0.270066572626254
19.35,0,128.432180552287,0.192513236901439,0.858601081723015,0.659170952992215,0.270117900507195
19.36,0,128.951869247898,0.192588152952351,0.857599966444165,0.657271183378234,0.271584283694659
19.37,0,129.479232659797,0.193530919170253,0.857457323359463,0.657696196994545,0.269557341542338
19.38,0,130.014381821269,0.191339788276498,0.857312966830059,0.656126941577777,0.269387895301458
19.39,0,130.557427521558,0.19110437829298,0.859261637565011,0.655522948123853,0.270600069788221
19.4,0,131.10848028092,0.188501434906414,0.85762656913685,0.657124121897917,0.272440639432677
19.41,0,131.667650325172,0.187739604118198,0.860610222435436,0.658610825099348,0.267531741692644
19.42,0,132.235047559693,0.188073679464029,0.859701330270277,0.659139499388147,0.271109184011109
19.43,0,132.810781542869,0.187637425031754,0.858016974525231,0.65895966229544,0.271061498094804
19.44,0,133.394961458943,0.186922464627261,0.861288231245462,0.659151388413181,0.271497101020797
19.45,0,133.987696090256,0.1870242276204,0.860139795434863,0.658261036393978,0.268725193750409
19.46,0,134.589093788858,0.185008766946116,0.860036435587414,0.656339442204425,0.268680094382495
19.47,0,135.199262447459,0.18411965753176,0.860488582838216,0.659297845715533,0.269603327650939
19.48,0,135.818309469698,0.182454032774746,0.861525952181092,0.655420717320044,0.270992820951727
19.49,0,136.446341739717,0.1820341939268,0.860512952157797,0.657759178524042,0.269145519714903
19.5,0,137.083465591007,0.182001264237273,0.863037594735113,0.65910464551431,0.270463933754203
19.51,0,137.729786774511,0.180946711409152,0.863163500583707,0.660955391736587,0.271147581413998
19.52,0,138.385410425967,0.180614456472861,0.860916811628214,0.658659355661048,0.271239983663385
19.53,0,139.050441032465,0.177489613201916,0.86299092814695,0.659358384941803,0.27152309509388
19.54,0,139.724982398196,0.178052317460859,0.861484669401591,0.659714045730597,0.269947224079973
19.55,0,140.409137609394,0.176725804905081,0.862456633251514,0.659520374525938,0.269945858120318
19.56,0,141.103008998425,0.175805300498871,0.864250152704485,0.659933776670871,0.268974540418835
19.57,0,141.806698107029,0.177656173743655,0.864052608366553,0.65800264617012,0.26934017922947
19.58,0,142.520305648693,0.17755557381202,0.861941822626164,0.658675856394467,0.272051187872432
19.59,0,143.243931470134,0.172325008642901,0.862660592141032,0.658265083825064,0.269503599281995
19.6,0,143.977674511886,0.170677958272895,0.863327093385611,0.658674848507706,0.268881887485965
19.61,0,144.721632767977,0.171084760524077,0.861976642178155,0.655999236904596,0.269537238894901
19.62,0,145.475903244679,0.170249452016888,0.86533269620956,0.657300157309594,0.27149125090392
19.63,0,146.240581918327,0.171208520540956,0.863486751347779,0.657997614179435,0.269705941970658
19.64,0,147.015763692197,0.168838436435546,0.864599167969625,0.659549389970729,0.268855876538552
19.65,0,147.801542352429,0.169717515797309,0.86611076256444,0.656716894276062,0.270671501759201
19.66,0,148.598010522995,0.169159072916634,0.866537045579023,0.658637214365902,0.270305366184037
19.67,0,149.405259619705,0.166748700231973,0.865576124823551,0.658124755176756,0.269800074486765
19.68,0,150.223379803247,0.166140105320832,0.865101562513394,0.661296541031967,0.271304078333941
19.69,0,151.05245993125,0.165249985304118,0.864850447852569,0.659820665712867,0.269455388809862
19.7,0,151.892587509393,0.164091449005201,0.868513280544236,0.658815882976744,0.268203704537707
19.71,0,152.743848641524,0.162561914382672,0.86690884371637,0.658573070330152,0.267987554296049
19.72,0,153.60632797883,0.161419579178037,0.867492568588614,0.65760623782143,0.267448819193487
19.73,0,154.48010866803,0.161730872021445,0.869050576124743,0.657030028183596,0.270546505611862
19.74,0,155.365272298619,0.159825874160965,0.868307975630278,0.660866472965941,0.269952762148708
19.75,0,156.261898849149,0.15956006571316,0.868202743187688,0.659888355519634,0.269992721253152
19.76,0,157.170066632587,0.158419210850561,0.867917667599331,0.658373301532642,0.268901503282849
19.77,0,158.08985224072,0.15618127059057,0.869279928291196,0.657755529863488,0.269069639156272
19.78,0,159.021330487654,0.157885890995351,0.867801040166124,0.658516506268878,0.268076168862756
19.79,0,159.964574352411,0.152993080147501,0.867897274208593,0.65872202421952,0.269362701329866
19.8,0,160.919654920624,0.155468980632823,0.86635529512941,0.656476996768556,0.269453266120234
19.81,0,161.88664132538,0.151796769479884,0.869087328999622,0.658981769293385,0.271562845338964
19.82,0,162.8656006872,0.151927863932854,0.868855813459224,0.657834123221904,0.271086712022328
19.83,0,163.856598053202,0.15172350509136,0.872728392772926,0.657013716042132,0.269287767569092
19.84,0,164.859696335458,0.149980470334793,0.870498734204631,0.657064579564974,0.271617511478187
19.85,0,165.874956248572,0.146705296825421,0.871171696737186,0.657602995725719,0.271688594025025
19.86,0,166.90243624652,0.146667684846224,0.871630899857491,0.65718340570393,0.271296557751037
19.87,0,167.942192458772,0.147442590923144,0.869993439559161,0.65526491487426,0.26887872576956
19.88,0,168.994278625725,0.146316988711095,0.870377006027244,0.658035207176848,0.270642234387774
19.89,0,170.058746033497,0.146087425753223,0.872756941752676,0.658363866730921,0.268846318151569
19.9,0,171.13564344811,0.144938382932001,0.875050229395907,0.656273140177521,0.270711515104529
19.91,0,172.225017049102,0.143770042005532,0.87254647167037,0.659119219408969,0.270291024509847
19.92,0,173.326910362613,0.139699292187715,0.872784581391379,0.657873743139407,0.269003059224356
19.93,0,174.441364193987,0.140801741173143,0.871029485309784,0.656291933726872,0.268443293484865
19.94,0,175.568416559939,0.137478872997122,0.870400247690596,0.655714604341246,0.272514506546896
19.95,0,176.708102620337,0.139428949722329,0.87158148609228,0.657726269334184,0.272720366898274
19.96,0,177.860454609642,0.136378838656287,0.873815024315874,0.655817518003798,0.268878013403103
19.97,0,179.025501768074,0.134479361316917,0.872493254601945,0.655801844483007,0.269094908690719
19.98,0,180.203270272541,0.132130380403133,0.874325732228869,0.657517866429766,0.27066968524387
19.99,0,181.393783167413,0.13358851030712,0.874841323510502,0.657395907432063,0.270250030760879
20,0.3,182.597060295176,0.13168101396079,0.875773947384781,0.658176281718228,0.268988086729681
20.01,0.3,183.813118227044,0.130010348243701,0.871736497960054,0.656842088697447,0.270934478428943
20.02,0.3,185.041970193596,0.127943119808893,0.872748294696304,0.653252668392115,0.266735295587492
20.03,0.3,186.283626015495,0.128187207121434,0.875068715511767,0.656022678279014,0.269177835448223
20.04,0.3,187.538092034355,0.127647479137192,0.875605162012565,0.656624178622993,0.26942178410246
20.05,0.3,188.805371043855,0.125230592924993,0.876160105924162,0.654279383044537,0.270382163205962
20.06,0.3,190.085462221128,0.125839008183726,0.878193390263112,0.654887657234906,0.270700804391476
20.07,0.3,191.378361058549,0.124172156745803,0.876475492126903,0.655529076606591,0.270900019526638
20.08,0.3,192.684059295958,0.121940467259192,0.874431637264399,0.655826206376839,0.269482419025627
20.09,0.3,194.002544853428,0.122574387045935,0.879305323712367,0.655879781961644,0.269268489554244
20.1,0.3,195.333801764642,0.120515234444729,0.880552643013571,0.653800824699965,0.270769051185712
20.11,0.3,196.677810110964,0.123442892007576,0.879749578927379,0.653350522835844,0.269429887064493
20.12,0.3,198.034545956296,0.119910886131426,0.877987663938876,0.653954058221461,0.2688309571344
20.13,0.3,199.403981282806,0.118455213950033,0.879255004798509,0.656630644868073,0.269181601430944
20.14,0.3,200.786083927604,0.114555084045675,0.875905175238074,0.654898806159915,0.268855141402631
20.15,0.3,202.180817520472,0.113082989117892,0.876350717481403,0.651341419489543,0.266781890013341
20.16,0.3,203.588141422729,0.113419241424723,0.879049864354608,0.653381508734275,0.268429499800153
20.17,0.3,205.008010667324,0.113755943638455,0.880025934473611,0.655606794051507,0.269533431210015
20.18,0.3,206.440375900258,0.108289281546704,0.879711086167303,0.655985203037038,0.270132038202213
20.19,0.3,207.885183323418,0.108631536017941,0.88145470752186,0.655597675059069,0.26898783380715
20.2,0.3,209.342374638928,0.10963785170656,0.881291174726607,0.653848255824647,0.266580049228617
20.21,0.3,210.81188699512,0.107835336124803,0.878620860692024,0.65202284959643,0.268094261131395
20.22,0.3,212.293652934198,0.10538357938518,0.879601049804494,0.654747926230121,0.270760295473688
20.23,0.3,213.787600341725,0.10091222186408,0.88147647961628,0.655518328911023,0.270099202865208
20.24,0.3,215.293652398007,0.103834107194239,0.882422164090215,0.654451598750653,0.26982876430329
20.25,0.3,216.811727531489,0.103487728340328,0.883587210537777,0.650167720165419,0.272329157992155
20.26,0.3,218.341739374256,0.100783790761644,0.883300281442186,0.654441093224219,0.270862493214152
20.27,0.3,219.883596719734,0.100667820245683,0.884343602349416,0.651859127777687,0.272122174179618
20.28,0.3,221.437203482708,0.100615415914616,0.883486750883934,0.650934111446939,0.267005024464584
20.29,0.3,223.002458661734,0.0990276246826007,0.884502257882555,0.652091822713653,0.271035274106847
20.3,0.3,224.579256304066,0.0956054076138406,0.885071648591553,0.650633204642022,0.267729518429179
20.31,0.3,226.16748547318,0.092992465499724,0.882885629068558,0.652375880364844,0.26959236108514
20.32,0.3,227.767030219005,0.0936651901052337,0.883371063363968,0.653233539623719,0.269848155756096
20.33,0.3,229.377769550955,0.0908905725588381,0.88224821998039,0.652117586141524,0.270143317713007
20.34,0.3,230.973776380406,0.0907244855974457,0.883552320599849,0.650652395999507,0.267955084412677
20.35,0.3,232.352089705921,0.090276916180723,0.885065470817423,0.652294230714928,0.271695932116374
20.36,0.3,233.59634449191,0.0863391828655238,0.884109480349733,0.650153237592683,0.269741628476795
20.37,0.3,234.800047673153,0.0866794511551659,0.883748638804061,0.650923810542634,0.269074601217686
20.38,0.3,235.446712397502,0.0887621332940422,0.885366648054283,0.650791622009794,0.26942596823362
20.39,0.3,235.665628517311,0.0884039144237621,0.887144646199508,0.650950647756034,0.269739388804461
20.4,0.3,235.884235061771,0.0883374956907963,0.887304072182331,0.65074856690224,0.270568230246323
20.41,0.3,236.102493651394,0.0883018251521483,0.885600815351068,0.650844737081504,0.272452442040005
20.42,0.3,236.320366027771,0.0864562223841472,0.886135151522194,0.646898387921876,0.268689041373264
20.43,0.3,236.537814066204,0.0878454895807259,0.886129685065125,0.650995747350807,0.270237877132463
20.44,0.3,236.582244478664,0.085712476923655,0.884442804022056,0.651471799831053,0.267677360437604
20.45,0.3,233.961022300465,0.0908324635430763,0.888510325806213,0.650695768903078,0.271338800310236
20.46,0.3,232.381226002714,0.0918892356394708,0.888543088825336,0.650185884082878,0.268642272777902
20.47,0.3,231.294744043563,0.0939202469439593,0.887993648046452,0.646976240709857,0.271364597162588
20.48,0.3,230.364417764548,0.0922811845785997,0.887892650669658,0.649991965123188,0.267097381787925
20.49,0.3,229.482092637409,0.0955901300334098,0.888259521227075,0.649847834390632,0.270463201660993
20.5,0.3,228.615593020919,0.095991692462347,0.88830237326237,0.64678858076375,0.272335963744766
20.51,0.3,227.755386724044,0.0954819927268255,0.889150514213956,0.647272229147696,0.268948058037099
20.52,0.3,226.898562380129,0.096697892327188,0.889136631810088,0.647236715421112,0.270095794675681
20.53,0.3,226.044137171113,0.0972851235115256,0.889362106264404,0.64600140081381,0.270776633844457
20.54,0.3,225.191690824249,0.0993979877159282,0.890740322406605,0.647945853269299,0.270496618539393
20.55,0.3,224.340968932834,0.0988307903520393,0.889667962248816,0.647219986621363,0.269576201407203
20.56,0.3,223.49176798501,0.101866637848508,0.887962657228913,0.648932046202487,0.26898552522474
20.57,0.3,222.643902109129,0.101612239468258,0.889630528943241,0.648981682842074,0.26980280958979
20.58,0.3,221.797193481612,0.103831401868419,0.890377073328311,0.648563657298386,0.269969565544452
20.59,0.3,220.951469574647,0.103139911915763,0.893257799713851,0.646743360189017,0.269206404973227
20.6,0.3,220.106562377267,0.103045010297808,0.892004164664778,0.646125198143197,0.268161750842107
20.61,0.3,219.262308184431,0.107618339176248,0.889531616550092,0.643660544428384,0.268763948107449
20.62,0.3,218.41854754891,0.109536277086421,0.89067441785296,0.645280441288632,0.267050677122948
20.63,0.3,217.575125279317,0.110259391743997,0.891824249580186,0.645444605145056,0.268532411160307
20.64,0.3,216.731890450734,0.11095385960241,0.890595140332759,0.647171579868609,0.267696509495158
20.65,0.3,215.888696418259,0.110430557299237,0.892519105009762,0.645429324848598,0.268522390117339
20.66,0.3,215.045400830673,0.110448592550137,0.895124280528467,0.648570016389981,0.269770755189316
20.67,0.3,214.201865643366,0.113020911658382,0.893932728738915,0.645354482272164,0.270432977441139
20.68,0.3,213.357957130255,0.113376504416458,0.891387508076225,0.644445114856282,0.269167974864079
20.69,0.3,212.513545894569,0.111480574349495,0.892427712092179,0.645392400730061,0.271709698768065
20.7,0.3,211.668506878415,0.115715676860785,0.894326620634119,0.64541626479308,0.270658431023663
20.71,0.3,210.82271937108,0.118733910153468,0.894793854346307,0.645405280028493,0.268262683869693
20.72,0.3,209.976067016005,0.115348796106784,0.89546800447296,0.643360545401237,0.270375365646212
20.73,0.3,209.12843781638,0.117224755675274,0.893362964717402,0.644754228173093,0.26898018486708
20.74,0.3,208.279724139308,0.117285219137564,0.895346623773529,0.643885003578714,0.270249803964885
20.75,0.3,207.429822718492,0.11767222069093,0.897080568407049,0.644195299177507,0.267282003803332
20.76,0.3,206.578634655393,0.118255952400732,0.893388888917336,0.646713923296443,0.269405031189054
20.77,0.3,205.72606541881,0.122158646681521,0.89489999637586,0.645202015489081,0.270601384853845
20.78,0.3,204.872024842852,0.121235325874475,0.894256211123207,0.64415542040022,0.270824355272534
20.79,0.3,204.016427123244,0.122914269098146,0.896652989605523,0.645096678992569,0.269962571483908
20.8,0.3,203.15919081193,0.125060158844667,0.897653507660285,0.645490730944131,0.273284983340763
20.81,0.3,202.300238809946,0.125406115516738,0.894800919528078,0.647639094827471,0.269130107689603
20.82,0.3,201.439498358513,0.12562865635563,0.89650493513806,0.643953004957381,0.268780699461888
20.83,0.3,200.576901028325,0.124959291463735,0.897953971919188,0.641958855083552,0.268954251833228
20.84,0.3,199.712382706996,0.126986468049366,0.898670703320637,0.642778114765948,0.271246773416215
20.85,0.3,198.845883584644,0.129218318759376,0.898804701209138,0.643033225343398,0.269950974190133
20.86,0.3,197.977348137574,0.132776206073321,0.896960380063499,0.642915345371309,0.268018199092963
20.87,0.3,197.106725110054,0.130921083406801,0.898227442000522,0.643633251677643,0.268939207940775
20.88,0.3,196.233967494134,0.132419764513727,0.899328912862783,0.6433513803884,0.269361288901899
20.89,0.3,195.359032507532,0.13320657141248,0.898780366603884,0.644165469500837,0.269701324389151
20.9,0.3,194.481881569521,0.135341603032281,0.897649349494534,0.640860705609665,0.271541102353158
20.91,0.3,193.60248027485,0.135374069313569,0.897231976868951,0.644272867260549,0.271414310383109
20.92,0.3,192.720798365654,0.135846971856773,0.897416817158771,0.643300468996868,0.270443470078754
20.93,0.3,191.836809701366,0.140474057628746,0.897146555724992,0.644489990520463,0.270139461495399
20.94,0.3,190.950492226616,0.137125610738647,0.899336291206177,0.642513178316249,0.269395802781115
20.95,0.3,190.061827937122,0.141676395126353,0.899211901796411,0.640312162000237,0.269279565026457
20.96,0.3,189.17080284357,0.141498425186349,0.902465147100948,0.642051822592009,0.27132305945657
20.97,0.3,188.27740693348,0.139977244042147,0.901026134599953,0.644059992673518,0.269923107764848
20.98,0.3,187.381634131082,0.143646686077104,0.900411888984506,0.644349809341501,0.270495919004352
20.99,0.3,186.483482255194,0.145708082751412,0.902980603495316,0.639354653155284,0.270883032789739
21,0.3,185.582952975126,0.145338225434689,0.901207411700761,0.640351088141657,0.271407011195762
21.01,0.3,184.680051764621,0.14458143400095,0.900839350494172,0.637400867374937,0.269047708298695
21.02,0.3,183.774787853842,0.146960519619634,0.900316132564843,0.6418642118753,0.269775210578306
21.03,0.3,182.867174179455,0.147635643402661,0.900017436971881,0.643078779329267,0.270127218971354
21.04,0.3,181.957227332788,0.151051578191666,0.903235225307141,0.642831288917923,0.267630703594035
21.05,0.3,181.044967506135,0.150417052482719,0.900868997034774,0.640695642363096,0.26862050789172
21.06,0.3,180.130418437209,0.153220852475867,0.90328712751317,0.640061817264877,0.270604451851202
21.07,0.3,179.21360735178,0.153962485509611,0.902271392006035,0.641059752488142,0.269524681379361
21.08,0.3,178.294564904542,0.154269532483931,0.901170023744687,0.642523665993396,0.270517969830532
21.09,0.3,177.373325118235,0.154190268492518,0.901187459978013,0.643388015320888,0.271703104303946
21.1,0.3,176.449925321067,0.154971418471522,0.901751991315405,0.640999349016343,0.268786266677004
21.11,0.3,175.524406082481,0.156011976024582,0.902307461080652,0.642012635132088,0.271104032415001
21.12,0.3,174.596811147309,0.157681318321486,0.902064764046363,0.641191697408394,0.270346898387971
21.13,0.3,173.667187368353,0.158934180708533,0.904512784738571,0.644415323946648,0.270874827187032
21.14,0.3,172.735584637456,0.163047556850321,0.903969313633765,0.641947947263049,0.267570049716987
21.15,0.3,171.802055815108,0.160304721944703,0.903080755302005,0.639335519098399,0.269927241870329
21.16,0.3,170.866656658635,0.163611453818163,0.902756464495536,0.643230075102245,0.273016668029993
21.17,0.3,169.929445749037,0.162310227035044,0.904517655528538,0.641580116269375,0.269728854871254
21.18,0.3,168.990484416525,0.168796220152239,0.903608158547458,0.640006537967161,0.270093637056271
21.19,0.3,168.049836664824,0.167380944497081,0.904422161754073,0.640598937750431,0.269626562590791
21.2,0.3,167.107569094289,0.169707087701007,0.903854532808148,0.642738034769616,0.270887825052775
21.21,0.3,166.163750823918,0.168119801607661,0.903393662896486,0.64149418081218,0.268819273849045
21.22,0.3,165.218453412309,0.170476526392253,0.904888406178641,0.638736522519694,0.270494324305327
21.23,0.3,164.27175077763,0.17444917952227,0.905363778091738,0.643118043066407,0.270908556791896
21.24,0.3,163.32371911668,0.172740374710779,0.904489389046032,0.64255212857666,0.267713770408252
21.25,0.3,162.374436823094,0.174023400323498,0.907208601626384,0.642738524829629,0.269977896267084
21.26,0.3,161.423984404774,0.17443051209027,0.906656346879745,0.642812570346865,0.268277355821616
21.27,0.3,160.47244440061,0.176503958609632,0.905044254473306,0.639713783760736,0.270268098333411
21.28,0.3,159.519901296568,0.17967677668676,0.906736942916389,0.644024416252433,0.271083251574441
21.29,0.3,158.566441441201,0.180151710826974,0.906665463685899,0.642695273780549,0.269085370682455
21.3,0.3,157.612152960688,0.181972046389948,0.908217495892353,0.639803251409744,0.270420282923685
21.31,0.3,156.657125673438,0.185362937843876,0.908303726247017,0.642970384914526,0.26857860326568
21.32,0.3,155.701451004358,0.181702208612516,0.905693270399809,0.641458959860656,0.268021389163084
21.33,0.3,154.745221898849,0.184042887029082,0.906933699433229,0.643215846383124,0.270992640264954
21.34,0.3,153.788532736608,0.182096112858781,0.908864317871906,0.643028787534482,0.269695948633278
21.35,0.3,152.831479245303,0.185257382696203,0.906176917114154,0.643986235780008,0.270612834959569
21.36,0.3,151.87415841421,0.187244414261491,0.906623578317276,0.640899597205226,0.27241183808262
21.37,0.3,150.916668407868,0.186037264121489,0.908725517669492,0.64521235740123,0.269962424921453
21.38,0.3,149.959108479841,0.190602967311527,0.908490645682887,0.640304636157333,0.271068720183959
21.39,0.3,149.001578886658,0.191884983955013,0.908350251119594,0.641913404691987,0.268079424916256
21.4,0.3,148.044180801987,0.191999571433799,0.905317314580868,0.643226105039594,0.27176744616087
21.41,0.3,147.087016231146,0.19561057049265,0.908849360391805,0.642378111329599,0.269459404249853
21.42,0.3,146.130187925995,0.196543950181558,0.909147674436414,0.641009229206853,0.271931197997019
21.43,0.3,145.173799300293,0.197431134386356,0.907969680955352,0.644499244091804,0.270894948440085
21.44,0.3,144.21795434559,0.19968996763562,0.909745905301986,0.642266073032898,0.271727923295319
21.45,0.3,143.262757547718,0.201283763931446,0.908368011876162,0.639485096870193,0.271967221805978
21.46,0.3,142.308313803952,0.200828580901459,0.912523072566312,0.643313266348726,0.268876431529385
21.47,0.3,141.354728340908,0.201134507381105,0.909773852087482,0.644391980199621,0.27047750742351
21.48,0.3,140.402106633239,0.204031903256849,0.908524638648113,0.641637858380376,0.270088693858481
21.49,0.3,139.450554323197,0.206196715150498,0.912319482434529,0.640731855474432,0.27269886578957
21.5,0.3,138.500177141128,0.204334116457642,0.910959560835141,0.643413169644444,0.271712171201413
21.51,0.3,137.551080826941,0.207754132721809,0.91113907043406,0.642979653224167,0.26864642843182
21.52,0.3,136.603371052638,0.210663959280005,0.910746275545678,0.644626981802455,0.26934045596233
21.53,0.3,135.65715334594,0.209605230503188,0.910116609968031,0.644478446915294,0.266225073012127
21.54,0.3,134.712533015076,0.214644790180753,0.912029324991659,0.644445191374535,0.269458576153522
21.55,0.3,133.769615074781,0.213351515990607,0.911081248161707,0.645044542070185,0.271479694651647
21.56,0.3,132.828504173568,0.214913953861631,0.910323642805158,0.642794102388385,0.270843553405636
21.57,0.3,131.889304522301,0.217196075586621,0.911235466577066,0.644975997367019,0.268319550363179
21.58,0.3,130.952119824145,0.216802382681368,0.910915970970058,0.641416510117423,0.268196300600849
21.59,0.3,130.017053205914,0.21824173757743,0.909370559407048,0.644682427929481,0.270679667405569
21.6,0.3,129.084207150875,0.222450409987578,0.911792583988534,0.642501368834899,0.270810525459735
21.61,0.3,128.153683433044,0.224745365487735,0.914559600518013,0.645563090090667,0.270971457713078
21.62,0.3,127.225583053014,0.225372842257421,0.914248141638609,0.643264130938612,0.269244058435996
21.63,0.3,126.300006175348,0.226008120000574,0.912555000199834,0.643515814236567,0.271521313616594
21.64,0.3,125.377052067587,0.22811921945855,0.911815112140984,0.644545854156029,0.27086423789315
21.65,0.3,124.456819040876,0.227118188350441,0.91234592276152,0.645962996786589,0.272785475665771
21.66,0.3,123.539404392275,0.229295581726513,0.913988131455211,0.646959593555941,0.269851668421199
21.67,0.3,122.624904348746,0.230532369243938,0.913963604462708,0.644819830973824,0.269822848309541
21.68,0.3,121.713414012871,0.234560006391536,0.912332700888057,0.645837924591436,0.270723538352999
21.69,0.3,120.805027310306,0.236078211889028,0.913731471727442,0.643982254909807,0.271951060143907
21.7,0.3,119.899836939,0.234423379288134,0.912454475979553,0.644954334000522,0.27097534691289
21.71,0.3,118.997934320192,0.237484076860576,0.913286365617739,0.646847550998747,0.267963250027302
21.72,0.3,118.099409551205,0.239629026956572,0.914569750372229,0.644210293720372,0.269497219131433
21.73,0.3,117.204351360057,0.241281161159043,0.911310278276443,0.647252370929273,0.270862409151337
21.74,0.3,116.312847061882,0.243887604578913,0.914182182620405,0.646411331931838,0.269235792031721
21.75,0.3,115.424982517194,0.242729806262316,0.914670139659184,0.647734643683892,0.268486467195533
21.76,0.3,114.540842091978,0.245030180919375,0.911816166905006,0.645961235893538,0.270064976065229
21.77,0.3,113.660508619635,0.246540900649899,0.912932784115015,0.647111155449369,0.270618960322977
21.78,0.3,112.784063364763,0.247061088876038,0.914273023552316,0.646594060925716,0.268158783794823
21.79,0.3,111.911585988784,0.250362776541796,0.915127270620592,0.646679458349668,0.271584105222477
21.8,0.3,111.043154517421,0.249635977586863,0.913666402389714,0.646118457025384,0.271331896477815
21.81,0.3,110.178845310007,0.252883142011816,0.915935977042866,0.648481730839725,0.271305368216094
21.82,0.3,109.318733030631,0.253156270886665,0.912928396065911,0.646922223024199,0.268041263508057
21.83,0.3,108.46289062111,0.256044393906283,0.914390023512067,0.645741968702986,0.270808944091466
21.84,0.3,107.611389275776,0.260875635685827,0.91634650386448,0.646832263865589,0.270257339288073
21.85,0.3,106.764298418065,0.258972780651636,0.912499397696858,0.646330184900203,0.269108106141683
21.86,0.3,105.921685678899,0.260049671918034,0.916071244065091,0.647109648102919,0.270277868618698
21.87,0.3,105.083616876841,0.260205844695957,0.916926675583383,0.651685014665504,0.2678249566762
21.88,0.3,104.250156000007,0.264960365032921,0.915549551707364,0.65388768963517,0.270677716943546
21.89,0.3,103.421365189716,0.263813076551417,0.917218249627144,0.647731842925888,0.269274271820391
21.9,0.3,102.597304725865,0.266194178338024,0.918439259317792,0.650199949005747,0.268861393188132
21.91,0.3,101.778033013989,0.269204014864219,0.91654401690782,0.650333816320497,0.270809844333264
21.92,0.3,100.963606574001,0.271391319979354,0.915766572352664,0.647716609878905,0.268179699148675
21.93,0.3,100.154080030576,0.273300282194255,0.915101880019869,0.648167619119702,0.271292109137943
21.94,0.3,99.3495061051633,0.273387878555892,0.916674040700387,0.650063004411491,0.269959886085798
21.95,0.3,98.5499356095806,0.276092438817394,0.915987188844967,0.64795359722383,0.27118473296851
21.96,0.3,97.7554174411835,0.274282483458523,0.912700354390515,0.64989038089511,0.268839286662903
21.97,0.3,96.965998579565,0.277631618759804,0.916297066849543,0.649680904583465,0.26916049249583
21.98,0.3,96.1817240847598,0.282440029087537,0.915405558622041,0.64737698484913,0.271475562606936
21.99,0.3,95.4026370969205,0.281778822872401,0.917700368623927,0.650710791458421,0.269342712588116
22,0.3,94.628778837432,0.285676968860226,0.916463748499352,0.650297620839576,0.270654307968381
22.01,0.3,93.8601886114318,0.285668129861238,0.915925493175609,0.650473325414251,0.271298646138588
22.02,0.3,93.1385615404547,0.284694463412552,0.918243207668339,0.652056324693915,0.268054369478598
22.03,0.3,92.7736770581661,0.287443336594104,0.915478568580352,0.651035025098817,0.269746749169811
22.04,0.3,92.6033536566981,0.288244077186565,0.91605476856566,0.648738863172629,0.271143477410964
22.05,0.3,92.4836135823807,0.287284946478035,0.918417887225744,0.650323304809091,0.270073495793786
22.06,0.3,92.3762096466768,0.287408114567723,0.918348950626858,0.652402288246307,0.269762703719865
22.07,0.3,92.2726508223004,0.289891566140087,0.915972268161678,0.651036473004336,0.2713180351539
22.08,0.3,92.1693272769595,0.286259927266103,0.91680086785203,0.651412010719418,0.268970683151034
22.09,0.3,92.0653478524958,0.288259400209167,0.916674940725338,0.652169446070992,0.271913963595984
22.1,0.3,91.9610542525734,0.285330520667702,0.918115992224423,0.650561063704305,0.271119834596893
22.11,0.3,91.8561936181299,0.29180909889182,0.915840468385339,0.650827942843068,0.269237638398103
22.12,0.3,91.7505816963719,0.288168715988844,0.918090352349626,0.650460044768232,0.27089036896891
22.13,0.3,91.6445572254762,0.287713584334054,0.917114747962973,0.652501201968444,0.270098771947282
22.14,0.3,91.5383831031377,0.289390714829123,0.918719955866246,0.652829065915952,0.270719778206732
22.15,0.3,91.4317435210108,0.288477621677254,0.916748213891271,0.650303650623102,0.271842202420984
22.16,0.3,91.3246436687762,0.288206127344034,0.918135605642471,0.652423273015503,0.268223460950245
22.17,0.3,91.2176758458241,0.289531999345338,0.917974195161572,0.651468668441099,0.270206475979841
22.18,0.3,91.1106101186034,0.291226665654713,0.916883291413041,0.653539981697335,0.268069646200157
22.19,0.3,91.0032495761177,0.291173216150739,0.918704708347978,0.653907798183112,0.269503496500845
22.2,0.3,90.8959627289007,0.290773974758387,0.919679435047778,0.650749256582332,0.267652304017712
22.21,0.3,90.7890305986586,0.290160379477972,0.917434357480685,0.654882626512386,0.270573845652222
22.22,0.3,90.6820918874375,0.293411847188856,0.918791940461201,0.653544008610684,0.267649291587738
22.23,0.3,90.5751394413171,0.291357469061395,0.918324894835002,0.653982103110176,0.269908235213184
22.24,0.3,90.468808930331,0.294174580647518,0.917803298546199,0.655615157632335,0.268942306722596
22.25,0.3,90.3628383647093,0.29153743082631,0.91906163547095,0.653147586879635,0.268316657368839
22.26,0.3,90.257001634775,0.292238494551954,0.9188966932962,0.653407793898504,0.269600712900938
22.27,0.3,90.1516121077771,0.291400828801345,0.917283591192398,0.655956733735475,0.26757058436126
22.28,0.3,90.0469169730445,0.29257111802926,0.91756891392142,0.654707705519848,0.27046149479323
22.29,0.3,89.9425970049063,0.292911492260038,0.918650784548984,0.653114092426015,0.268704278553307
22.3,0.3,89.8386186512743,0.293893737781942,0.919484677201354,0.653929478844163,0.267293760279648
22.31,0.3,89.7353342270401,0.293066765978524,0.916042965434901,0.655699426310069,0.271033976015642
22.32,0.3,89.6326205890053,0.29318321967977,0.916670066283569,0.651872771941088,0.269108149265824
22.33,0.3,89.530375705031,0.2948301220729,0.919565195850238,0.655753800586997,0.268499547137994
22.34,0.3,89.4288217952882,0.291353350820558,0.920578922079574,0.654131469653607,0.270068995988514
22.35,0.3,89.3281327965039,0.292825349444967,0.916008178763651,0.656557930136609,0.271873053733784
22.36,0.3,89.2281192697394,0.293365555419447,0.917598435096718,0.657835942651705,0.268642477314859
22.37,0.3,89.1287897749042,0.2944037543926,0.919872437459643,0.652752279873944,0.270554319924708
22.38,0.3,89.0305058213617,0.293221983978039,0.918489834576085,0.654508039619272,0.270483378249034
22.39,0.3,88.9331385198777,0.294288641075561,0.919937504464512,0.655214167319916,0.269341861596098
22.4,0.3,88.836577880812,0.292479506306575,0.919551001793882,0.656584787069993,0.268895566580577
22.41,0.3,88.7410357250153,0.293102953764207,0.918219594785031,0.6556803176623,0.271248205202715
22.42,0.3,88.6466770663476,0.294464804503071,0.919120751596231,0.654505533318342,0.269831867862124
22.43,0.3,88.5533088260546,0.294248034043484,0.916136082437658,0.65663371434405,0.272337890894654
22.44,0.3,88.46093178876,0.296104117651074,0.916842803871852,0.655390369853901,0.271272203848793
22.45,0.3,88.3698873353263,0.294278154548048,0.920824259940543,0.656087575314196,0.268527480115192
22.46,0.3,88.2800461610425,0.292088969767305,0.918554543361554,0.657634251276196,0.2672061797015
22.47,0.3,88.1912969553594,0.295416740113251,0.91946685066741,0.655264955261907,0.269219360162361
22.48,0.3,88.1038337367448,0.29523071181216,0.917981975939332,0.657599311950435,0.268087669174061
22.49,0.3,88.0178070020085,0.295503173128938,0.918101835026029,0.657219891654775,0.271350897014347
22.5,0.3,87.933029514519,0.294518364078876,0.919039377031823,0.657333531186247,0.271048446403176
22.51,0.3,87.8494964552255,0.294817694061487,0.916162029321043,0.658222250082076,0.269145711128356
22.52,0.3,87.7675227634469,0.29688684407293,0.916186794506043,0.657953381733968,0.269570124493032
22.53,0.3,87.6869819401733,0.296431921804857,0.920941155669754,0.655717237549263,0.26728301970374
22.54,0.3,87.6077641237047,0.295499460013976,0.916595709864002,0.656624714926432,0.269159860232017
22.55,0.3,87.5300436737796,0.298152326055514,0.919631274030725,0.657958643240256,0.26994870053361
22.56,0.3,87.4539549383365,0.296005742088304,0.919647281816839,0.657686778973073,0.272267133408537
22.57,0.3,87.3793188558534,0.295031093723223,0.916898672784151,0.658732796927138,0.270939635531214
22.58,0.3,87.3061243761387,0.296837048411074,0.919227394507953,0.659788195414678,0.270591632095342
22.59,0.3,87.2346504319909,0.298424602405336,0.920224058814873,0.655910446808404,0.271654284357193
22.6,0.3,87.1647779305522,0.298089187961175,0.918677325991813,0.659308495326001,0.270361610548089
22.61,0.3,87.0964026080888,0.296070087180574,0.919399049187971,0.659070560643113,0.271628734822879
22.62,0.3,87.0312591854455,0.298229556406162,0.917239215596109,0.66062470811172,0.268473048814492
22.63,0.3,86.9704585235594,0.301256232504845,0.919899055113098,0.657915512433885,0.270699938384441
22.64,0.3,86.9120802696254,0.294802141802222,0.916404592784955,0.660964573500359,0.271973275946044
22.65,0.3,86.8564017292055,0.298165833141647,0.91909434577453,0.657042034323614,0.271914529847299
22.66,0.3,86.8104081672077,0.299628922781272,0.919010100850756,0.6603564573385,0.268161931397593
22.67,0.3,86.7704573911502,0.298614471801675,0.917599921420166,0.658263088097208,0.267880897940196
22.68,0.3,86.7332643589188,0.297099473580777,0.915992112337442,0.655097529856971,0.268498602529526
22.69,0.3,86.7007996295778,0.295998895765514,0.920700204757019,0.658523193918164,0.268724667395395
22.7,0.3,86.6746681383604,0.297815079682482,0.919557595344069,0.65682103025507,0.268703945223582
22.71,0.3,86.6516490973537,0.298065921295165,0.918081397570078,0.660293886948472,0.270333384532211
22.72,0.3,86.6308773002632,0.298060496804689,0.917177391101102,0.655316795438841,0.269231602017071
22.73,0.3,86.6141245798318,0.299269467906602,0.916966161887565,0.65713086562039,0.271494787978433
22.74,0.3,86.600296278234,0.298653233896216,0.918419104267008,0.660200647938541,0.270917485828726
22.75,0.3,86.5884403660687,0.296270802155865,0.918089108842686,0.658641026810354,0.267068509212657
22.76,0.3,86.5786099565921,0.298973846129954,0.915988510374101,0.659496786835404,0.272114377467185
22.77,0.3,86.5703455223964,0.296842653339341,0.917554060060388,0.656955632063858,0.268908985985584
22.78,0.3,86.5623740686561,0.297028280726596,0.918864069927278,0.657499906988293,0.272518329570388
22.79,0.3,86.5546851075637,0.298890659396386,0.919115382458048,0.656968346918619,0.270171181050984
22.8,0.3,86.5472788452085,0.29854826875052,0.918278702468715,0.6611750987249,0.272421476511505
22.81,0.3,86.5401552694391,0.29684972434279,0.918868213434522,0.659424397808229,0.269359552355418
22.82,0.3,86.5333141499252,0.296352543993495,0.918321206966172,0.659921596907318,0.27019345287467
22.83,0.3,86.5267550383196,0.297087874961112,0.919184687500513,0.660635388856295,0.271390810098966
22.84,0.3,86.5204772685214,0.29871095421998,0.916696798228371,0.658341527085824,0.270065171672441
22.85,0.3,86.5144799570396,0.298485492126568,0.919628242342972,0.65835788087605,0.267082435485637
22.86,0.3,86.5087620034577,0.298903858479018,0.917176460328956,0.659226422596514,0.269692375245454
22.87,0.3,86.5033220909979,0.29709604381067,0.917754721906911,0.658159795616085,0.27003390461418
22.88,0.3,86.4981586871857,0.294328511072245,0.918805835369188,0.658945936763017,0.26706874247654
22.89,0.3,86.4932700446137,0.298375894877148,0.915743597570405,0.658159041155274,0.269430290567024
22.9,0.3,86.4886542018049,0.296596063350186,0.917808968592033,0.660602073749957,0.269254323559123
22.91,0.3,86.4843089841736,0.297774241123475,0.917891702318941,0.654233943183734,0.270268714345951
22.92,0.3,86.4802320050853,0.297596022532073,0.914533123707143,0.657412263861578,0.269933510454761
22.93,0.3,86.4764206670132,0.296518557477999,0.918373941230985,0.658735967353426,0.269856668300321
22.94,0.3,86.4728721627912,0.296935548693584,0.914381725905294,0.657908921611107,0.270346207814317
22.95,0.3,86.4695834769636,0.293894652818248,0.919471004229121,0.659734346984727,0.272476609430953
22.96,0.3,86.4665513872286,0.297716845708059,0.914733713883076,0.658983713344735,0.271682913204292
22.97,0.3,86.4637724659768,0.29801424748009,0.918095234185353,0.65561947284659,0.269633773268099
22.98,0.3,86.4612430819223,0.299655768444241,0.91653594336157,0.658215207387743,0.270528073474744
22.99,0.3,86.4589594018264,0.301393909794724,0.916181936477315,0.656097552602768,0.271184623462438
23,0.3,86.4569173923121,0.298252888378478,0.916164716788556,0.658478731149674,0.271017711759002
23.01,0.3,86.455112821769,0.29838087492311,0.917457997308819,0.658558790701359,0.26980824363858
23.02,0.3,86.4535412623465,0.29843654494459,0.915922562471768,0.657527277601564,0.27086756604516
23.03,0.3,86.4521980920348,0.297818685175519,0.916751916816287,0.656544253984964,0.270920721780681
23.04,0.3,86.451078496833,0.297908954240865,0.919305546966601,0.657262386508826,0.268197028275004
23.05,0.3,86.4501774730015,0.299148357132324,0.914463467560351,0.655292303688233,0.270286754734991
23.06,0.3,86.4494898293981,0.300025468855836,0.915022836684881,0.655709722444268,0.268409894436146
23.07,0.3,86.449010189897,0.297679088704233,0.916838434971973,0.660291286033005,0.269999459778731
23.08,0.3,86.4487329958884,0.298582448776765,0.915997404045754,0.655118945996439,0.271739463725343
23.09,0.3,86.4486525088577,0.297179395171553,0.913661398488433,0.656840459784748,0.267044667605559
23.1,0.3,86.4487628130421,0.297639073489056,0.913806485227306,0.658210513848078,0.267535932018423
23.11,0.3,86.4490578181639,0.296138720004385,0.917039898179582,0.657001414801072,0.268535457723133
23.12,0.3,86.449531262239,0.297671802136491,0.917259350570615,0.6569149281019,0.269899411791272
23.13,0.3,86.4501767144574,0.297616186981587,0.916781455871331,0.658511082043199,0.269951212400524
23.14,0.3,86.4509875781361,0.299481885582222,0.917667897658947,0.652194983135764,0.269189967189176
23.15,0.3,86.4519570937414,0.296838890512772,0.914883918791779,0.657175402450248,0.268662653537495
23.16,0.3,86.4530783419791,0.298745471850995,0.914999691012773,0.657304513923041,0.269387843099255
23.17,0.3,86.4543442469507,0.297610601463834,0.915045633815596,0.654949571927185,0.270676339411566
23.18,0.3,86.4557475793751,0.299282072175163,0.919378000744928,0.655211414587167,0.268370256257795
23.19,0.3,86.4572809598717,0.299606201067275,0.915106550106777,0.655315245059596,0.26968265734469
23.2,0.3,86.4589368623047,0.298578225517363,0.914175975554203,0.656415709784968,0.269544339445543
23.21,0.3,86.4607076171869,0.297245284427667,0.912913167247908,0.655915882613019,0.268972977104888
23.22,0.3,86.4625854151399,0.301694120694697,0.912935924651686,0.655528405541829,0.269244664399863
23.23,0.3,86.4645623104099,0.298446106667035,0.912654542632652,0.655540903851921,0.27237934741339
23.24,0.3,86.5794323625098,0.299263589897502,0.914360163430093,0.654130912739978,0.270214004388632
23.25,0.3,86.6812293031312,0.299325502885407,0.913410563892892,0.652974328457924,0.267729566746651
23.26,0.3,86.7365094104847,0.29598208193363,0.913775678784825,0.653345398971309,0.270673103473032
23.27,0.3,86.7788289081096,0.299585730035223,0.916974455616979,0.654328241765759,0.270514792392883
23.28,0.3,86.8171264505906,0.294987788665219,0.91045778879014,0.653737821807379,0.270998190274332
23.29,0.3,86.8450390809189,0.294804909072833,0.915177647341021,0.657404721033701,0.270246246228697
23.3,0.3,86.8675194584422,0.297237194096824,0.91437199586989,0.654489900989381,0.270024016499909
23.31,0.3,86.88869989145,0.294703886000818,0.912963941571847,0.654509565259238,0.269525894148909
23.32,0.3,86.9096177679099,0.299081911364807,0.912713464588206,0.650858258490465,0.270596974692164
23.33,0.3,86.9304535096414,0.295363547878426,0.912535317867899,0.652255393024486,0.271929875209949
23.34,0.3,86.951301232039,0.295187487987013,0.915927274602825,0.654025799278671,0.270321562378808
23.35,0.3,86.9721393154347,0.297374442316817,0.913099347299451,0.653017490120433,0.269549369619351
23.36,0.3,86.9928316719042,0.297822692547736,0.911585463103367,0.65447885189516,0.27193741545375
23.37,0.3,87.0133724927892,0.297202901321726,0.912651507848489,0.653504938744035,0.273922538758818
23.38,0.3,87.0337495406091,0.295581051318425,0.912321790918784,0.654193267167322,0.268031504465544
23.39,0.3,87.0538577937433,0.298567186521996,0.911197488858896,0.654023278138749,0.271082940480426
23.4,0.3,87.0736049728141,0.29689764649033,0.913925265645583,0.652820089675463,0.268879002663871
23.41,0.3,87.0930024245683,0.297022822901494,0.913798072925634,0.651794451327651,0.270874324644697
23.42,0.3,87.1120048624758,0.296737374715461,0.911861297838388,0.654659684697002,0.270681266976589
23.43,0.3,87.1304676935236,0.296446531522337,0.913666349970304,0.652034263538254,0.270020384637904
23.44,0.3,87.1483810744033,0.297956245633267,0.911314168253113,0.650662800394585,0.268260704652518
23.45,0.3,87.1657297346658,0.297469006106282,0.912151234666449,0.653281782687512,0.269190422510113
23.46,0.3,87.1824150977914,0.298355345195955,0.909069874211706,0.653029460756364,0.269170652329449
23.47,0.3,87.1983481480171,0.296077472760017,0.914678906491618,0.649945985050229,0.271977123564447
23.48,0.3,87.213527614339,0.296858587471344,0.911944103791745,0.649891676615305,0.271373026560177
23.49,0.3,87.2279052520587,0.295305739204126,0.908741422378012,0.654206672829258,0.268188247241953
23.5,0.3,87.2413554892138,0.29645788433953,0.911721203800081,0.64984783279988,0.271280276318474
23.51,0.3,87.2538554250457,0.294994778456427,0.909089049141766,0.651404847811169,0.269338089113571
23.52,0.3,87.2653780343434,0.296984945737442,0.910701535317179,0.653294705935095,0.270222067717356
23.53,0.3,87.2758348224068,0.297606561213718,0.909035676896438,0.649195671615539,0.272434249288733
23.54,0.3,87.2851439919735,0.299188134402627,0.908941958504332,0.652820354212672,0.271763792243444
23.55,0.3,87.2932873405376,0.298410438714125,0.908633311578448,0.650840253625061,0.268710931854904
23.56,0.3,87.3002133655765,0.294337846799943,0.90924584519886,0.650298098504385,0.271755320913318
23.57,0.3,87.3058185663885,0.296952644714124,0.908327996595341,0.648414737206742,0.268269685465022
23.58,0.3,87.3100673301588,0.296349725176162,0.908537849967385,0.650647020366697,0.271919256017939
23.59,0.3,87.3129214284656,0.295860008096086,0.909432147862631,0.649664582463617,0.268549319508516
23.6,0.3,87.314310316952,0.295303959456522,0.908023268836563,0.649571159785728,0.270275439761424
23.61,0.3,87.3141650909503,0.295274991192896,0.908926399364862,0.648261664533362,0.268198624795864
23.62,0.3,87.3128160593438,0.295724601197547,0.906882230606421,0.649698022247005,0.272100562029763
23.63,0.3,87.3111384831194,0.296716675322951,0.908567120968424,0.649172848824945,0.271366483727606
23.64,0.3,87.3091626085338,0.295652352295547,0.908860401615377,0.649102299401501,0.270394984647323
23.65,0.3,87.3068782863853,0.295590335638596,0.906276748980304,0.648096627217069,0.270567356667464
23.66,0.3,87.3042754074873,0.295201060793508,0.906375577122685,0.65092269019338,0.269899029174345
23.67,0.3,87.3013439067785,0.296974342099378,0.907413620423486,0.645793104841069,0.269217944260267
23.68,0.3,87.2980737674096,0.296697605826292,0.908738220090314,0.648266567533052,0.270485041897445
23.69,0.3,87.2944550248018,0.294829184820795,0.907388885033278,0.644837797617506,0.270286395899631
23.7,0.3,87.2904777706794,0.294050885066353,0.908409200196221,0.647943560366906,0.273359804295008
23.71,0.3,87.2861321570732,0.295626902646782,0.905980947878495,0.646307923084437,0.27020870414609
23.72,0.3,87.2814084002931,0.296238120681546,0.907384248631992,0.648185021534982,0.27017171569289
23.73,0.3,87.2762967848712,0.295990526519933,0.907416026236402,0.647440592137188,0.271861395926795
23.74,0.3,87.2707876674707,0.295970114184713,0.906236607455347,0.650062265368156,0.272505218320018
23.75,0.3,87.2648714807631,0.297397279525602,0.904747913072257,0.649893297727139,0.27079626270646
23.76,0.3,87.2585387372693,0.296879702672448,0.904528915256823,0.646307094685831,0.268764444870925
23.77,0.3,87.251780033167,0.299358913451475,0.908248392035797,0.649422620848368,0.268752664916494
23.78,0.3,87.2445860520593,0.295167951431908,0.905660149774364,0.648292206232968,0.272246845878189
23.79,0.3,87.2369475687073,0.296975423128406,0.906289667953108,0.64666751322921,0.270153708814298
23.8,0.3,87.2288554527236,0.296055129874507,0.904228472959299,0.646340298007035,0.269866323490501
23.81,0.3,87.2203006722258,0.296932652389734,0.902399516906038,0.644460927007833,0.272065112279529
23.82,0.3,87.2112742974503,0.295567496127445,0.904803703457382,0.6456929219312,0.269006472708993
23.83,0.3,87.2017675043241,0.296075066611542,0.905681408290197,0.646651754646327,0.270153819293431
23.84,0.3,87.1917715779942,0.294329620786418,0.902752807821227,0.644519597195165,0.269906584206251
23.85,0.3,87.1812779163148,0.296056590793778,0.905653422543114,0.645518300246201,0.270108246242738
23.86,0.3,87.1702780332894,0.296972669788573,0.905053758150769,0.648313628144048,0.270229552038275
23.87,0.3,87.1587635624689,0.296872962518513,0.90392297702366,0.642578910835872,0.269466514992035
23.88,0.3,87.1467262603042,0.297232487799868,0.90278317093629,0.644352743719358,0.270187722465111
23.89,0.3,87.1341580094521,0.295494887399335,0.902930667479738,0.642505951945829,0.272018593836173
23.9,0.3,87.1210508220343,0.295184541747609,0.902898711864637,0.64226577639565,0.26902242103675
23.91,0.3,87.1073968428495,0.296643860933126,0.900994433907754,0.645130256875366,0.271230101775018
23.92,0.3,87.0931883525359,0.29776491327298,0.902459794425347,0.645362122215389,0.269542732887185
23.93,0.3,87.0784177706857,0.29482943731916,0.901052216614924,0.645389620355829,0.27180211724891
23.94,0.3,87.0630776589092,0.294841914632916,0.900266299220961,0.642726186952411,0.268588023611985
23.95,0.3,87.0471607238498,0.29957484503688,0.89926869597944,0.647320762376431,0.27070977849157
23.96,0.3,87.0306598201462,0.295496520655425,0.902485196471801,0.644006394410826,0.26814439328253
23.97,0.3,87.0135679533457,0.296522755928402,0.901318220425278,0.64357711136592,0.270859684072889
23.98,0.3,86.9958782827629,0.296389077687489,0.900130286488321,0.644397692684289,0.269165616603419
23.99,0.3,86.9765153613466,0.296162211268406,0.901509698998818,0.643041537789837,0.267308432508355
24,0.3,86.7079949211453,0.294815768751804,0.901833054375528,0.646173003162163,0.267639594627946
24.01,0.3,86.5429611654273,0.297395144723532,0.8992371284919,0.643932507439252,0.269321730854791
24.02,0.3,86.4199026726614,0.299258233332957,0.899418599504587,0.643164473829833,0.273604576961688
24.03,0.3,86.3056767620557,0.297643974311883,0.899747893924523,0.645874850216171,0.270180645763747
24.04,0.3,86.1909463827561,0.296578712959762,0.898519143864525,0.642111210442258,0.271887846617205
24.05,0.3,86.0746570932305,0.297757589210872,0.897954745315676,0.644805243906003,0.270242288724763
24.06,0.3,85.9655959063852,0.300345492574221,0.900710531651794,0.641919377483715,0.270118085098209
24.07,0.3,85.8589002673386,0.300733140931663,0.901484465082747,0.643011470834218,0.270003398755244
24.08,0.3,85.7502081722244,0.297933044810074,0.900196907378116,0.641659109791738,0.271897644592986
24.09,0.3,85.6469199704533,0.300404084780153,0.896885061240368,0.644664405127617,0.271254370319292
24.1,0.3,85.5541805619149,0.299431741560172,0.900732863591348,0.644270926769312,0.271394514406976
24.11,0.3,85.4623402096191,0.29948498129261,0.899870445472242,0.640829983195654,0.272326715390965
24.12,0.3,85.3694334557898,0.298846310279554,0.897339119356883,0.642958887137879,0.272530476228143
24.13,0.3,85.2858969723145,0.29928513930775,0.901247138262932,0.641532559712071,0.269578132496282
24.14,0.3,85.2057995709602,0.298855124239086,0.897012298268458,0.644316384407198,0.26897503337658
24.15,0.3,85.1238478478883,0.300846250775506,0.896660743280031,0.641224910876981,0.270055984890891
24.16,0.3,85.0441849113927,0.300104111250013,0.898408214629489,0.640653599111005,0.269818918465485
24.17,0.3,84.9700129769327,0.299427269336753,0.896590871578143,0.639258838780373,0.269399730396847
24.18,0.3,84.8954747260288,0.299267864187878,0.895798928974969,0.641965719473536,0.269369648555878
24.19,0.3,84.8208071259727,0.302904370512919,0.897183092950423,0.638902102092589,0.267483655767539
24.2,0.3,84.7512969158873,0.301449946184826,0.895522427282251,0.642494641663016,0.268742794631339
24.21,0.3,84.6823795047142,0.300598050108964,0.896188957429686,0.644623614479779,0.271394821011592
24.22,0.3,84.6107611993241,0.301909728806444,0.896538854604478,0.639773384752373,0.270517829383587
24.23,0.3,84.539424404553,0.298824925655405,0.894098807806586,0.64053646388144,0.271790869569362
24.24,0.3,84.4703448569967,0.299239624724948,0.893601699749986,0.643434668676856,0.270118071209213
24.25,0.3,84.3992685800489,0.302975978449335,0.89524672521556,0.642788601595428,0.271112094345291
24.26,0.3,84.3256012209183,0.303701826850127,0.891934729409786,0.642380280636036,0.267428032021776
24.27,0.3,84.2545918900792,0.30015598466963,0.894197358194106,0.639485696621432,0.271143910893333
24.28,0.3,84.1831254267006,0.30064005641054,0.8957649064867,0.642345816646995,0.270353573219049
24.29,0.3,84.1087002605529,0.299349855269088,0.894632705628732,0.639251025505557,0.270639914919201
24.3,0.3,84.0341870990769,0.30018153479437,0.893661177818566,0.641745075703064,0.271351381479596
24.31,0.3,83.9614409388296,0.30400710918282,0.893132212377807,0.640766661362907,0.272435882587037
24.32,0.3,83.8865586140951,0.302902656586706,0.889869572421816,0.642005089723389,0.271120386063474
24.33,0.3,83.8090333768095,0.299304553738716,0.893768517901909,0.639342903827894,0.269578498806461
24.34,0.3,83.7339661036327,0.301570832716046,0.893433976881235,0.642228607196914,0.269730785007649
24.35,0.3,83.6583589983261,0.301351300583832,0.892769809176013,0.643045802143556,0.272732283108421
24.36,0.3,83.5797973438683,0.301854698823818,0.889283011071858,0.64053633715738,0.269441330658136
24.37,0.3,83.5011542453948,0.299634350733246,0.892166004017403,0.640876028861081,0.268863102138282
24.38,0.3,83.4242897571875,0.302780462867606,0.891434865761644,0.640927248619726,0.269829046683547
24.39,0.3,83.3453351886498,0.30110685324273,0.890297580349469,0.641005241546315,0.272863341581446
24.4,0.3,83.2631147626841,0.304784185064258,0.89170768396529,0.640606942829122,0.269891980682302
24.41,0.3,83.1777494085982,0.302576260815583,0.888280008969301,0.641261185962872,0.269677982979625
24.42,0.3,83.0890035777024,0.303388741356948,0.890490845964828,0.641603292527552,0.269359799109838
24.43,0.3,82.9967218658888,0.303179569016789,0.890018199450054,0.640647810874379,0.270050431770512
24.44,0.3,82.9008845168058,0.304754317527004,0.888557276350678,0.640872644675972,0.270377764674459
24.45,0.3,82.8015073195505,0.302063047602139,0.888474695621945,0.640911926107867,0.269077116065132
24.46,0.3,82.6986145325814,0.301890840212066,0.888784971154038,0.642886539298028,0.271609986044857
24.47,0.3,82.5922332576883,0.301820687968927,0.887874213287454,0.643541908905096,0.270657813404494
24.48,0.3,82.4823923481648,0.302639979791336,0.887709264449241,0.643182031191615,0.271003047840025
24.49,0.3,82.3691221912295,0.302951812366011,0.890779392341823,0.641123539225881,0.270711004236168
24.5,0.3,82.2524546529467,0.304065116829561,0.885543263717563,0.645054985812552,0.26907027669618
24.51,0.3,82.1324230523231,0.305757307613233,0.887830378156164,0.642206414988133,0.270899675716024
24.52,0.3,82.0090621399577,0.30424237728598,0.890251826118675,0.642407212198555,0.274033174686009
24.53,0.3,81.8824080767406,0.304666121259362,0.88800179858221,0.641486852457877,0.268346493802944
24.54,0.3,81.7524984117885,0.304211673626465,0.887786927383039,0.640570572620282,0.270993204580659
24.55,0.3,81.6193720594907,0.303988745060093,0.886067388860012,0.640243487897306,0.268739417595463
24.56,0.3,81.4830692756636,0.306559237529713,0.888720705343233,0.642912440436563,0.270670206742172
24.57,0.3,81.3436316328339,0.305492116666928,0.88732332603136,0.640999635301709,0.270635458128441
24.58,0.3,81.2011019946791,0.304200665761364,0.886998738806392,0.643434017474008,0.271051484988503
24.59,0.3,81.0555244896525,0.306387261520321,0.888276268386882,0.643232610077522,0.270542381747583
24.6,0.3,80.9069444838242,0.305900829807398,0.885787426955827,0.642445570833573,0.269303933286049
24.61,0.3,80.7554085529658,0.306383197334545,0.885332611913257,0.64141030349654,0.269853128559786
24.62,0.3,80.6009644539121,0.305180192111125,0.883757771062038,0.642269707165952,0.269603018193871
24.63,0.3,80.4436610952315,0.305193779546752,0.884735517482915,0.641055780733641,0.27086596470652
24.64,0.3,80.2835485072359,0.304826266712409,0.886156585452535,0.643401004202356,0.270826622006001
24.65,0.3,80.1206778113649,0.307059706611279,0.88483781041861,0.643668275124907,0.270737267005299
24.66,0.3,79.9551011889772,0.30954787420202,0.883419317508977,0.64296236162169,0.271406762203182
24.67,0.3,79.7868718495829,0.307502255027445,0.88412256035455,0.641925791360467,0.269444353818694
24.68,0.3,79.6160439985519,0.306781272757576,0.882045680731586,0.642397080387901,0.274242840695237
24.69,0.3,79.4426728043331,0.307115628326854,0.883503038075544,0.643838428324201,0.269347041148197
24.7,0.3,79.266814365218,0.305516048077724,0.882592930563461,0.643437044299742,0.272144458442159
24.71,0.3,79.0885256756871,0.305940421312192,0.883251323800719,0.642836967964412,0.270975850045274
24.72,0.3,78.9078645923726,0.307642408572268,0.883649188462373,0.643857308915329,0.268744805183553
24.73,0.3,78.7248897996724,0.307969931808375,0.881806444840982,0.64153708503099,0.269623003042371
24.74,0.3,78.5396607750541,0.311456848574233,0.88024760987684,0.64461066165915,0.271928058392027
24.75,0.3,78.3522377540825,0.308153518031444,0.879784117232291,0.642960245809303,0.271338622112407
24.76,0.3,78.1626816952067,0.309002893863115,0.879634026928583,0.647044298689871,0.269070245283008
24.77,0.3,77.971054244345,0.31045503644499,0.881124549115177,0.645870280752599,0.269682592477939
24.78,0.3,77.7774176992986,0.308571588109273,0.880012747631105,0.645097577005613,0.270335780503485
24.79,0.3,77.581834974035,0.311445666879301,0.880681298720762,0.642357533847455,0.269649044931795
24.8,0.3,77.3843695628727,0.311286192632091,0.880919553724435,0.645014757299834,0.272784435467903
24.81,0.3,77.1850855046035,0.311327245966217,0.880791977772042,0.644453445597996,0.268657598968604
24.82,0.3,76.9840473465872,0.311468479995538,0.878564649364552,0.644220319289785,0.26876528742131
24.83,0.3,76.7813201088517,0.310586381573583,0.880396043418678,0.646402626565491,0.267997491634273
24.84,0.3,76.5769692482357,0.3136499848378,0.881754546508212,0.646818385464498,0.271287441134995
24.85,0.3,76.3710606226029,0.311783430492848,0.879286496740393,0.644093506693962,0.27064127857271
24.86,0.3,76.1636604551643,0.313834785991111,0.880259583049306,0.645912120976287,0.270197684777482
24.87,0.3,75.9548352989392,0.314384902716489,0.880834120901549,0.646553639905813,0.267472492358321
24.88,0.3,75.7446520013873,0.313786202587921,0.879542465445476,0.646472125947118,0.269558560474617
24.89,0.3,75.5331776692426,0.313932053546556,0.875855592966293,0.649300574483015,0.26863635268006
24.9,0.3,75.32047963358,0.313222956453348,0.877204780701695,0.646435997705696,0.267084240069366
24.91,0.3,75.1066254151444,0.316151367109008,0.87895780960119,0.645595262069301,0.268713898168029
24.92,0.3,74.8916826899701,0.316509026373279,0.878383058962175,0.646737695112409,0.267783048423691
24.93,0.3,74.6757192553221,0.315342632700565,0.876969286809797,0.64845296811586,0.272005725849452
24.94,0.3,74.4588029959811,0.312857328526354,0.874880690039648,0.646388144493974,0.268480695034201
24.95,0.3,74.2410018509052,0.318851619408225,0.87539075053133,0.649335666912601,0.271033994955565
24.96,0.3,74.0223837802891,0.316813422646194,0.876044578689808,0.644364716209318,0.27167451825614
24.97,0.3,73.8030167330478,0.315871202889036,0.874706597638729,0.646286571809154,0.267291540211332
24.98,0.3,73.5829686147488,0.314521058675133,0.87657454315104,0.648888489906046,0.26832483086882
24.99,0.3,73.3623072560154,0.316301940932926,0.875844107317471,0.646443428172903,0.270305930185771
25,0,73.1411003814221,0.319216368894984,0.875547381379305,0.646332669844276,0.271114440241983
25.01,0,72.9194155789061,0.317118120420598,0.874375076468834,0.649416687730097,0.272311782066281
25.02,0,72.6973202697103,0.319433116493453,0.873630432708572,0.649787474071095,0.269235798010937
25.03,0,72.4748816788821,0.322145843962986,0.87371095029412,0.650463442241587,0.268807536487476
25.04,0,72.2521668063425,0.318009632566481,0.873770859857215,0.649621508598472,0.270811234613891
25.05,0,72.0292423985428,0.321115450903479,0.87434442407345,0.648335399009498,0.271851848895925
25.06,0,71.8061749207268,0.32137262782193,0.874227132217922,0.648845164820037,0.270317454581006
25.07,0,71.5830305298111,0.32261831027935,0.87322424962517,0.648548457750246,0.270601878067807
25.08,0,71.3598750478992,0.321295778407962,0.872459216101174,0.648408954219733,0.269377436614779
25.09,0,71.1367739364412,0.322182175360316,0.873970092911544,0.64990990888587,0.271082160453556
25.1,0,70.9137922710508,0.321982247996975,0.87093958210535,0.648191606563476,0.26861183390446
25.11,0,70.6909947169915,0.323661309254316,0.870912731330465,0.651110980309491,0.270160921620573
25.12,0,70.4684455053393,0.324554731520204,0.871537717464718,0.64897742086826,0.271582760418224
25.13,0,70.246208409834,0.325697015096267,0.872259361916256,0.649991308451828,0.271647306604287
25.14,0,70.0243467244229,0.321211026126531,0.870546903088122,0.649908068071849,0.271115685410296
25.15,0,69.8029232415066,0.322890260806027,0.870900537759199,0.65157661067101,0.269491488760923
25.16,0,69.5820002308899,0.323448993776397,0.869822583059359,0.650865950413059,0.269324143388418
25.17,0,69.3616394194444,0.327925688174741,0.871448546941791,0.648378142995584,0.268600240470295
25.18,0,69.1419019714853,0.325604149888696,0.868994908305647,0.654961227693308,0.268417177694155
25.19,0,68.9228484698645,0.327114902864914,0.869599120197817,0.646677682892002,0.270036708045022
25.2,0,68.7045388977829,0.327376447312756,0.869821538590308,0.651319249011926,0.272078634361048
25.21,0,68.4870326213204,0.327590754961821,0.869886942683692,0.651450833342282,0.270505921465549
25.22,0,68.2703883726868,0.327801421444565,0.872632975401856,0.651945502139041,0.269250899750796
25.23,0,68.0546642341876,0.327783347262087,0.868406270309208,0.651344752535716,0.26701598697388
25.24,0,67.839917622907,0.328061775010534,0.867984020643925,0.651608248653614,0.26914731027327
25.25,0,67.6262052761026,0.330338217682408,0.868557469314817,0.651417552440848,0.268748998898599
25.26,0,67.413583237308,0.331354839355053,0.865624444528879,0.650015609542015,0.271252235036492
25.27,0,67.2021068431397,0.327459759740218,0.867976159628482,0.652595204618886,0.267871999872831
25.28,0,66.9918307108022,0.328478883194705,0.868890431335943,0.652775019624408,0.269476392166699
25.29,0,66.7828087262853,0.332832314966058,0.8679367262685,0.650950492353294,0.269967333279841
25.3,0,66.5750940332446,0.331291588195303,0.866324534364502,0.653279466249417,0.271701605161719
25.31,0,66.3687390225617,0.331940249961431,0.865456725759856,0.652095078045005,0.26982378379648
25.32,0,66.1637953225709,0.332475953033081,0.866398480597066,0.653138588244261,0.268306009479485
25.33,0,65.9603137899461,0.333770669857996,0.863883155885278,0.653128985709062,0.270317310967065
25.34,0,65.7583445012376,0.330722734940194,0.866709098153036,0.655323526568098,0.271730367839222
25.35,0,65.5579367450473,0.336121841992877,0.864267092582353,0.651600652189252,0.268513358498322
25.36,0,65.3591390148332,0.335963195532908,0.864316574721572,0.652991203763565,0.268499323868399
25.37,0,65.1619990023291,0.334842865858117,0.865214290118196,0.654493457280893,0.270639528692638
25.38,0,64.9665635915701,0.33421475248833,0.86513798936496,0.652152135549817,0.269732549928532
25.39,0,64.7728788535091,0.335842352236574,0.862822728726571,0.652899429181192,0.270616264214227
25.4,0,64.5809900412121,0.334653867338351,0.864365801222003,0.652364437412235,0.270526006330133
25.41,0,64.3909415856194,0.336738258699072,0.863737134614228,0.65711146077587,0.269861374774802
25.42,0,64.2027770918566,0.336219643368629,0.864548594543367,0.651572415113812,0.269896426207218
25.43,0,64.016539336084,0.335529407703423,0.864187184141699,0.657282916027515,0.269052597918448
25.44,0,63.8322702628675,0.337265545906206,0.862405880288876,0.653492520874417,0.271697077341703
25.45,0,63.6500109830563,0.341174095673589,0.858860729574943,0.657671103593278,0.271570220645384
25.46,0,63.4698017721529,0.33816020321571,0.864796689239852,0.656629984543411,0.268177751998297
25.47,0,63.291682069159,0.338448349705417,0.862510663540195,0.653692169755362,0.269752749648332
25.48,0,63.1156904758822,0.338101523409061,0.860837115269211,0.654841612408054,0.271847164307161
25.49,0,62.9418647566864,0.339027029664139,0.862347093190525,0.655740745176603,0.271063609259872
25.5,0,62.7702418386707,0.339836799820302,0.862076339828175,0.653777122928181,0.269774512771271
25.51,0,62.6008578122597,0.338418812978633,0.862175054647155,0.654978154803394,0.271285048834075
25.52,0,62.4337479321892,0.336855235170737,0.860683138214936,0.653402999947641,0.269137764191307
25.53,0,62.2689466188705,0.340383556015785,0.860821802343936,0.655683686490111,0.270482398475714
25.54,0,62.106487460116,0.341426166608593,0.862459338983834,0.656052117257757,0.271744055338924
25.55,0,61.9464032132105,0.340198566423485,0.856983987273205,0.652501307774682,0.269332709554837
25.56,0,61.7887258073106,0.342405931607791,0.858490908069776,0.655854670061908,0.266931071557173
25.57,0,61.633486346156,0.341528514898263,0.858309697244218,0.656755487430273,0.268740765772523
25.58,0,61.4807151110746,0.344783036844676,0.85658405679136,0.65655765200293,0.26929827921764
25.59,0,61.3304415642672,0.342534738790825,0.859706107414587,0.657577706961725,0.272059227501933
25.6,0,61.1826943523529,0.339610834143417,0.862375888881674,0.655198111127227,0.268109389064363
25.61,0,61.0375013101595,0.344988705585221,0.858392318282555,0.656791202582784,0.269688080523439
25.62,0,60.8948894647431,0.344630636687005,0.857423896418976,0.65675209194176,0.26797476510738
25.63,0,60.7548850396193,0.341605138715315,0.860045245343064,0.658356404418265,0.271612839233167
25.64,0,60.6175134591916,0.343669391201515,0.856982943559675,0.657649631566773,0.269963767324208
25.65,0,60.4827993533595,0.342606389208438,0.857775283711017,0.656764337244297,0.269555239020008
25.66,0,60.350766562292,0.342229399375963,0.855747757000037,0.657653594480412,0.265099109020579
25.67,0,60.2214381413494,0.344988430915665,0.857912164322333,0.655525546288348,0.269315091252495
25.68,0,60.0948363661401,0.345408018771746,0.855966174227073,0.659115987240485,0.270677112075005
25.69,0,59.9709827376952,0.344124652095297,0.857797361930511,0.656158071350912,0.27007634481322
25.7,0,59.8498979877492,0.346389565778886,0.855240097726317,0.65838512912,0.271437754502752
25.71,0,59.7316020841081,0.347851277808403,0.854089037399705,0.65760576665041,0.268214154106652
25.72,0,59.6161142360956,0.342742015596756,0.859088256120713,0.657669557493096,0.270894876879454
25.73,0,59.50345290006,0.347507460005637,0.856519205860533,0.660185133982982,0.269112114510749
25.74,0,59.3936357849292,0.345449765419476,0.856492479089296,0.657348993808278,0.273791615331228
25.75,0,59.2866798578023,0.345830132278134,0.855884547104494,0.657913408362872,0.269753006655433
25.76,0,59.1826013495631,0.347826167553406,0.852768062668311,0.659729912399977,0.270278286374858
25.77,0,59.0814157605035,0.346695493863728,0.853943023145551,0.656741576115886,0.270814250433792
25.78,0,58.9831378659457,0.34486267858245,0.853372358185641,0.658892672310666,0.267721671040051
25.79,0,58.8877817218511,0.348626443197732,0.853596909074721,0.660255807198828,0.27062148447382
25.8,0,58.7953606704038,0.344762825395887,0.851508267269907,0.656980621302164,0.270428452543726
25.81,0,58.7058873455597,0.347884348153295,0.853017519511474,0.656177999933917,0.271982304408079
25.82,0,58.6193736785493,0.34988007929506,0.854309508984812,0.659223510637231,0.268345721094009
25.83,0,58.5358309033251,0.348184841337187,0.853194788889719,0.659456594202931,0.269434423221757
25.84,0,58.4552695619439,0.347854195850396,0.853938172536223,0.657570356712065,0.270588915161814
25.85,0,58.3776995098746,0.347938353054493,0.852050287493363,0.659762632174136,0.269495953059165
25.86,0,58.3031299212239,0.34694320966773,0.854182924202293,0.657150291581387,0.270042387146354
25.87,0,58.2315692938704,0.350688444254182,0.851551910179883,0.658800715931403,0.26722740975289
25.88,0,58.1630254545008,0.348965277793989,0.853698315747629,0.655626799718765,0.270470892216216
25.89,0,58.0975055635402,0.347688795066992,0.855457500509343,0.658953234632836,0.270961610713029
25.9,0,58.0350161199698,0.346364140700478,0.852816063382028,0.65961189723102,0.271051545033047
25.91,0,57.9755629660263,0.348376654057379,0.851983890922454,0.659713358551804,0.271351474901545
25.92,0,57.9191512917767,0.348185965656174,0.852753591695137,0.658008117900651,0.268561873627254
25.93,0,57.8657856395638,0.350514483068023,0.851003626471845,0.657506651953868,0.269742003355485
25.94,0,57.8154699083165,0.350624055522134,0.850750408223452,0.659184909978981,0.269110594576208
25.95,0,57.7682073577228,0.348046782919242,0.851371223205723,0.660753512123811,0.270200612600945
25.96,0,57.7240006122589,0.35065572943856,0.852793826690462,0.658766816891236,0.270247585536434
25.97,0,57.6828516650735,0.350087302985048,0.848169632787323,0.657347005887067,0.270911169356927
25.98,0,57.644761881723,0.346543294935591,0.850736998696877,0.658063376264278,0.27264825197976
25.99,0,57.6097320037564,0.347433613956394,0.848793181565381,0.657532745553654,0.269978985509191
26,0,57.5777621521467,0.350519377440919,0.849789835111589,0.658880838948159,0.26975302843134
26.01,0,57.5484805447769,0.347107353729006,0.84906805709642,0.660409579442429,0.264528563384858
26.02,0,57.5200759203357,0.350573085990487,0.848366216353753,0.658535305650946,0.269299733146212
26.03,0,57.4923161794167,0.349767643955127,0.847425438782312,0.662330670448722,0.27073973206184
26.04,0,57.4652013882109,0.345856064416936,0.850052615434816,0.657110336985985,0.270301706680802
26.05,0,57.4387313846448,0.347953263038573,0.847026589647892,0.657529393647061,0.269627451962804
26.06,0,57.4129057787614,0.348003302047903,0.845416256763656,0.659722799071967,0.272209232398976
26.07,0,57.3877239532204,0.349664076942455,0.847335118900677,0.65941952024257,0.269502189588747
26.08,0,57.3631850639179,0.347051842248963,0.84786832774027,0.657812938458478,0.268471566338098
26.09,0,57.3392880407253,0.347995517876471,0.845955357473996,0.658563761354727,0.271237445742548
26.1,0,57.3160315883465,0.350553448805488,0.845928163874444,0.657054229082559,0.269425135432927
26.11,0,57.2934141872936,0.350429533543269,0.845866474894976,0.657771018218621,0.266179567922233
26.12,0,57.2714340949799,0.352331496065787,0.846556785178832,0.659200424614891,0.270711993471118
26.13,0,57.2500893469302,0.346273937091393,0.846634284950945,0.659561810769269,0.270337523940112
26.14,0,57.2293777581066,0.349199384897799,0.845646311363009,0.658574577538943,0.267643846276152
26.15,0,57.20929692435,0.346737340214255,0.846080503865289,0.655571066635806,0.269432790384316
26.16,0,57.1898442239349,0.349485990319384,0.847154528340457,0.655459365401682,0.268922393596034
26.17,0,57.171016819239,0.34807085497127,0.844638981322097,0.656623161824924,0.269487470943292
26.18,0,57.1528116585225,0.348955754771708,0.843683344365934,0.658143210715998,0.270925409216633
26.19,0,57.13522547782,0.350112129838119,0.847240092791346,0.657493888090382,0.272758070132106
26.2,0,57.1182548029403,0.349090665905144,0.842439745699178,0.656364236913414,0.267353742575787
26.21,0,57.1018959515751,0.349486494319854,0.846229772767106,0.655595397911357,0.268404164848532
26.22,0,57.0861450355131,0.348318440389886,0.845273400709648,0.657561249232945,0.269094688817352
26.23,0,57.0709979629595,0.351949291449491,0.844865357400952,0.656086391208224,0.271909351977528
26.24,0,57.0564504409583,0.349420146579358,0.846119855988539,0.658310335974636,0.268785048900243
26.25,0,57.0424979779151,0.348189389679446,0.844762298276788,0.65938068239166,0.27065135265801
26.26,0,57.0291358862208,0.350949518487266,0.842631192907159,0.656734366334665,0.270147619561134
26.27,0,57.0163592849714,0.347584259343497,0.846157491964282,0.656499055121204,0.268959864487746
26.28,0,57.0737128765589,0.349833856080801,0.843953821242139,0.655992416980205,0.270515775005513
26.29,0,57.2399206151063,0.346425188120017,0.842301345993229,0.655913178718588,0.271284972537784
26.3,0,57.3315571760589,0.345691833501903,0.844719472717102,0.655479013074547,0.269910296887858
26.31,0,57.399656470388,0.348949658355052,0.841003718060328,0.65498208537327,0.270713385246789
26.32,0,57.4636901522444,0.348169772092627,0.842824955779288,0.65360950560106,0.271046591624593
26.33,0,57.528765616338,0.345741978516773,0.842250437153117,0.6560416961534,0.269942262374015
26.34,0,57.5961212113759,0.347732089779746,0.841686549085099,0.656824749708946,0.270004087514044
26.35,0,57.6660404196885,0.344888279162612,0.84038519761788,0.653018940352808,0.268430826002503
26.36,0,57.7385754963966,0.344766408391291,0.843475823929394,0.655431038444502,0.269673332860577
26.37,0,57.8137226355245,0.347682223635627,0.840731323236248,0.653797288524623,0.273498653790439
26.38,0,57.8914641213129,0.344667871958079,0.842688899057454,0.655389940811006,0.267436431206177
26.39,0,57.9717784618186,0.345021373227188,0.843162161753546,0.654530313760002,0.267544354789697
26.4,0,58.0546428263839,0.345295266687215,0.841207034396206,0.654152820290817,0.271429971766398
26.41,0,58.1400336329373,0.344769972689169,0.841697922687226,0.65748316549059,0.269626222248404
26.42,0,58.2279266903383,0.343891995506818,0.840066500658949,0.654134327226305,0.272348879922296
26.43,0,58.3182972337354,0.343244659637099,0.838551700310547,0.651796092641578,0.27014495804766
26.44,0,58.4111199342822,0.344657106387332,0.838117721897127,0.655058632421643,0.272738167806849
26.45,0,58.5063689028124,0.345591355792759,0.83965382398659,0.657777556759401,0.273778752231547
26.46,0,58.6040176922063,0.345311280415209,0.8392412775669,0.654570516035894,0.271403008310583
26.47,0,58.7040392995997,0.342520673570603,0.841187997647767,0.654711246607494,0.269901518909019
26.48,0,58.8064061687235,0.342865214633916,0.839089139546223,0.652499358888525,0.272363223299768
26.49,0,58.9110901924508,0.342527854021864,0.838874438400422,0.651337431075646,0.270847310499817
26.5,0,59.0180627155832,0.341233960013107,0.840205296583531,0.653584206418663,0.271563963067668
26.51,0,59.1272945378881,0.340766583920743,0.840728519439456,0.653521248075074,0.267777176913473
26.52,0,59.2387559174046,0.341574734442673,0.840419333482554,0.653549345197835,0.269254582968396
26.53,0,59.3524165740268,0.340688612329789,0.839532104997172,0.654546183580968,0.272433884604742
26.54,0,59.4682456933787,0.340878195208571,0.83850443639357,0.65330240704863,0.269725560211424
26.55,0,59.586211930991,0.341271024865255,0.839830977755175,0.652467331758748,0.27043635527623
26.56,0,59.7062834167921,0.33935741464605,0.837512192340404,0.653312543733924,0.274526671197933
26.57,0,59.8284277599242,0.33847310021404,0.838603517266353,0.654659031464019,0.270662196073075
26.58,0,59.9526120538954,0.338008778088584,0.839256554128792,0.652572715986523,0.270387803339274
26.59,0,60.0788028820787,0.337541079786984,0.836871045056314,0.652819047896629,0.27052109628173
26.6,0,60.2069663235682,0.335491209434428,0.837856355208394,0.650991379460363,0.269955746330897
26.61,0,60.3370679594036,0.337036386071846,0.838671851909203,0.649554033533759,0.267914828478947
26.62,0,60.46907287917,0.33488821106074,0.839224328948893,0.651007119053625,0.270513955181138
26.63,0,60.6029456879859,0.335748710931882,0.835977410280505,0.650825153148801,0.270540027929579
26.64,0,60.7386505138859,0.335578796666428,0.835246855270391,0.649037381981793,0.270684299689332
26.65,0,60.8761510156078,0.33484314549668,0.836370170549939,0.654391630846087,0.268576940184912
26.66,0,61.0154103907919,0.332989036851936,0.836387062244421,0.650693911385196,0.268601412756238
26.67,0,61.1563913846008,0.332709725473758,0.836978627856799,0.648268061973572,0.270356130536183
26.68,0,61.2990562987654,0.334791157884919,0.837317758338347,0.649283530545829,0.269171121092746
26.69,0,61.4433670010665,0.334361962810734,0.83846341421986,0.651830904819179,0.271405028886443
26.7,0,61.5892849352554,0.333967479096795,0.835711474468238,0.649102465896888,0.270410859996743
26.71,0,61.7367711314218,0.333395945960085,0.838791463336409,0.650787390270441,0.267403854997117
26.72,0,61.8857862168118,0.331730568555739,0.836969596540755,0.648664182064788,0.26948954317144
26.73,0,62.0362904271026,0.331514856355996,0.837786594180367,0.64830911193877,0.270287085712651
26.74,0,62.1882436181373,0.331704897439234,0.838022645797778,0.648722191998742,0.272094978988137
26.75,0,62.3416052781229,0.328006716439947,0.836467821947928,0.65408914257258,0.27163709293363
26.76,0,62.4963345402941,0.332487512329562,0.835659010849311,0.648325473027044,0.269702113086685
26.77,0,62.652390196047,0.328154725541435,0.834045483511162,0.647571197555946,0.270629279025537
26.78,0,62.8097307085412,0.329988901432317,0.833832278961451,0.649212803770669,0.268960358328056
26.79,0,62.9683142267743,0.331132098392398,0.835459445018091,0.649829745030787,0.270456421116887
26.8,0,63.1280986001272,0.330281980830002,0.833534713479839,0.649315936750173,0.273875166333332
26.81,0,63.2890413933801,0.327992912081119,0.835330035072707,0.648276111455225,0.270342349833102
26.82,0,63.4510999021986,0.328356386350175,0.83618981897294,0.647109673216111,0.27132832113657
26.83,0,63.6142311690872,0.324734345439101,0.833757395966814,0.645850955470879,0.269415652564013
26.84,0,63.778391999809,0.32468115926946,0.833234139032222,0.649034458301339,0.269967571821412
26.85,0,63.9435389802671,0.326834408648173,0.83715701015289,0.648188454082736,0.270110444833877
26.86,0,64.1096284938442,0.327287966993751,0.835678693822679,0.647618489026582,0.270794130495612
26.87,0,64.2766167391953,0.324073757764167,0.834813237004981,0.647508726428301,0.268556568105677
26.88,0,64.4444597484896,0.323369255826489,0.836324755903847,0.644868333607266,0.269678090663742
26.89,0,64.6131134060935,0.326948888966733,0.83336483829603,0.646703774411623,0.269992770864124
26.9,0,64.7825334676883,0.322724035198101,0.836096460359543,0.646464932646964,0.268574316649145
26.91,0,64.9526755798161,0.325173306590442,0.831475384523874,0.648205776752951,0.270959634953566
26.92,0,65.1234952998441,0.321238222543842,0.837031385426556,0.644850434139943,0.271617466793904
26.93,0,65.2949481163388,0.322706302077208,0.83431996043725,0.647064537252068,0.273556980017697
26.94,0,65.4669894698404,0.324747959500984,0.833773079524175,0.644057257170417,0.272751342578706
26.95,0,65.6395747740259,0.319250087381831,0.8347364330951,0.646386766722207,0.269784665816163
26.96,0,65.8126594372516,0.318282777886634,0.834233078290579,0.646791205333271,0.268567026106896
26.97,0,65.9861988844599,0.320149149513821,0.831389596435201,0.642768184632089,0.27195953161028
26.98,0,66.1601485794407,0.321011501993203,0.833881558003743,0.645730166959975,0.271821417991155
26.99,0,66.3344640474326,0.321627840961212,0.835397105242627,0.641563481578002,0.266173494378061
27,0,66.5091008980488,0.317490096157125,0.834419951803053,0.64390715351738,0.27049143226741
27.01,0,66.6840148485145,0.318415376947013,0.833130288187976,0.646451406090167,0.269991508855733
27.02,0,66.8591617472006,0.316202371099225,0.836970261391971,0.645442062135239,0.268919763748772
27.03,0,67.0344975974355,0.319084416827627,0.829819151154715,0.646318899504776,0.269462103435187
27.04,0,67.2099785815801,0.315564206963855,0.832122800722261,0.643148775716822,0.271639271616866
27.05,0,67.3855610853483,0.318605034259113,0.83253835705726,0.645413613108058,0.26866531268902
27.06,0,67.5612017223539,0.31719071740715,0.832253911551779,0.643608545039203,0.268696145362615
27.07,0,67.7368573588682,0.315321222022335,0.83264272983015,0.646458667096448,0.271721255117805
27.08,0,67.9124851387657,0.313599082244436,0.83134834673469,0.643888664514933,0.270144153140238
27.09,0,68.0880425086403,0.313933016831863,0.834802854067109,0.645392372438631,0.270586754410396
27.1,0,68.2634872430733,0.313572367597599,0.832395262842224,0.642989241248902,0.271251536293397
27.11,0,68.4387774700288,0.313513888221904,0.830239567767814,0.644014637147393,0.271425440945628
27.12,0,68.6138716963594,0.311524194343476,0.833916126121807,0.6426706880635,0.269407256864721
27.13,0,68.7887288333986,0.314174218912109,0.833012851244979,0.645395112569406,0.270698145153281
27.14,0,68.9633082226189,0.312618515375035,0.833142642102509,0.641386969016753,0.272228158903081
27.15,0,69.137569661333,0.311266694415106,0.832745600538756,0.641343366959357,0.269101029047508
27.16,0,69.3114734284164,0.308804743919149,0.833763695380398,0.642796249308205,0.268538382283778
27.17,0,69.4849803100279,0.311869908460258,0.831680452301849,0.644199501649189,0.269611312178125
27.18,0,69.6580516253045,0.307466971147209,0.833168766967249,0.64232948397704,0.270548688236754
27.19,0,69.8306492520099,0.309490443657507,0.830680136368593,0.642967011554063,0.270880225749628
27.2,0,70.0027356521096,0.307742454570603,0.833899549712179,0.642400292109789,0.267073549906168
27.21,0,70.1742738972521,0.307076263828907,0.831703508779522,0.642000620810106,0.266604729824826
27.22,0,70.3452276941308,0.305650375948272,0.831728295996162,0.643600939951467,0.269882751980147
27.23,0,70.5155614097028,0.308488748577443,0.83084076895616,0.64408029276544,0.269061043187929
27.24,0,70.685240096242,0.307643336491211,0.833775883634595,0.641659765931553,0.269506430041693
27.25,0,70.8542295162015,0.306814874339936,0.830271825570415,0.642642108452441,0.268288231880484
27.26,0,71.0224961668611,0.307881116703172,0.832454054582539,0.641711185110793,0.272375591172368
27.27,0,71.1900073047382,0.304916364389816,0.833393858490632,0.642931974636919,0.268821305968818
27.28,0,71.3567309697352,0.304479823485522,0.830753223776221,0.640062157822932,0.267955495659271
27.29,0,71.5226360090034,0.304454963526633,0.831255711169067,0.643124631853344,0.269301527043221
27.3,0,71.6876921004978,0.305219581945631,0.8290104007786,0.641595775297162,0.272097239166602
27.31,0,71.8518697761995,0.305085853667695,0.831902325363641,0.640975435838641,0.272711454519639
27.32,0,72.0151404449843,0.304872293148319,0.832292933080238,0.642465139387875,0.26991726583424
27.33,0,72.1774764151143,0.304236021412939,0.834795795255319,0.640248763737714,0.268916304035576
27.34,0,72.3388509163296,0.301991640943218,0.830798749112681,0.642443571909619,0.271309258276175
27.35,0,72.4992381215191,0.302060298514712,0.829316016660517,0.640990159672414,0.271066242640337
27.36,0,72.6586131679478,0.303737606470596,0.830319461663325,0.640188145428197,0.268422635161102
27.37,0,72.8169521780214,0.30071490294675,0.831304760930203,0.64334807444592,0.271317133126978
27.38,0,72.9742322795658,0.298949048717015,0.83106647255032,0.63997336963128,0.268950652478867
27.39,0,73.1304316256024,0.30042218688065,0.831842122745578,0.643384541214592,0.268523255412404
27.4,0,73.2855294135988,0.29859016472373,0.831649382799592,0.638269875574998,0.270638549428488
27.41,0,73.4416781657822,0.301432096025013,0.830665253667016,0.640829097643864,0.269496411192443
27.42,0,73.6019616178261,0.300179966212926,0.831405895607253,0.642871477632402,0.269137921623292
27.43,0,73.7631823322119,0.299477640664172,0.833269222137054,0.641086294795872,0.269986505981732
27.44,0,73.923839365958,0.297073538354957,0.827958419653843,0.641752222624076,0.270103192382979
27.45,0,74.083454876719,0.299763371763167,0.832361502436687,0.639415404981925,0.271261392685973
27.46,0,74.2418773136198,0.296356703732544,0.831025220247956,0.641665380508293,0.272221190395461
27.47,0,74.3990525755637,0.296968838758731,0.832629829976233,0.640771202410024,0.272655626470712
27.48,0,74.5549559292916,0.295600658008846,0.829339054108305,0.641826349883566,0.269309710141289
27.49,0,74.7095721023524,0.296809209142564,0.831899623876226,0.64010831540708,0.270102041998173
27.5,0,74.8628894865669,0.29559562587631,0.832079812733529,0.643770241497592,0.269068577424587
27.51,0,75.0148984575282,0.295259697583617,0.83140491496186,0.640573313575069,0.272285474351081
27.52,0,75.1655908937059,0.293495904063848,0.830766665356192,0.640422257271634,0.271405652815084
27.53,0,75.314960044812,0.295073882384862,0.830808588356945,0.6449324079934,0.270186647381815
27.54,0,75.4630005014807,0.293983437897704,0.832970374859719,0.641222439380737,0.267444334868746
27.55,0,75.6097081939393,0.293753079491516,0.832902446665551,0.638217361692719,0.268328104963476
27.56,0,75.7550803985691,0.294792794840253,0.829910137628492,0.640649761222281,0.271626129327255
27.57,0,75.8991157461943,0.293915197783702,0.8291658673,0.641788437681164,0.271167860955483
27.58,0,76.0418142302942,0.29193631613264,0.832402956622402,0.641102342419004,0.27037901444076
27.59,0,76.1831772146102,0.290086637346398,0.831899621490983,0.640798065727944,0.271199765361186
27.6,0,76.3232074399901,0.292402215821909,0.833136819183604,0.641804912157012,0.271591252475941
27.61,0,76.4619090304214,0.293682897531473,0.832546796582297,0.640450179362618,0.27201747097252
27.62,0,76.5992874982392,0.289669490416201,0.830911482982019,0.640869578566161,0.268969146358624
27.63,0,76.7353497485028,0.292807339249033,0.830788231756789,0.643423483174134,0.270099328921201
27.64,0,76.8701040825416,0.291624807978362,0.835520641961593,0.641548714909838,0.267473878581578
27.65,0,77.0035602006692,0.291665437770979,0.834612897003695,0.643349648143591,0.26954559009646
27.66,0,77.1357292040708,0.289658809781371,0.831778824881275,0.640989618253163,0.268169815953985
27.67,0,77.2666235958642,0.289952026189125,0.830005884836334,0.643327988736291,0.269008744382402
27.68,0,77.3962572813409,0.290360129896458,0.832126017447475,0.642920230616968,0.270119085296016
27.69,0,77.5246455673923,0.288764648999962,0.832775413155514,0.643407681940291,0.269955555718588
27.7,0,77.6518051611269,0.287620836253673,0.83141834134614,0.641656344524083,0.267708317577924
27.71,0,77.7777541676874,0.289392420933055,0.832610951899429,0.642463107996341,0.269127465309031
27.72,0,77.9025120872753,0.286807161019617,0.832710223471025,0.642940660047957,0.270154016969158
27.73,0,78.0260998113925,0.285292384080298,0.831250751307109,0.64454500466593,0.270317825890514
27.74,0,78.1485396183111,0.28771988565575,0.832546716456781,0.642900202507647,0.270300417871713
27.75,0,78.269855167783,0.285920463600495,0.83347654668213,0.641496225806408,0.270978229937462
27.76,0,78.3900714950006,0.286476290771304,0.832069359956274,0.641385110415886,0.273650809096303
27.77,0,78.5092150038223,0.285588061717191,0.829921214329356,0.641433954338645,0.268800540875618
27.78,0,78.627313459279,0.286569270981747,0.833069232706355,0.644468033228864,0.268394691161576
27.79,0,78.7443959793721,0.288575723728802,0.831777208588434,0.643213254489662,0.267185725202179
27.8,0,78.8604930261836,0.284993918944832,0.831515942711331,0.644456296467405,0.270325343544308
27.81,0,78.9756363963122,0.285259154514103,0.830856722876729,0.644771017133265,0.26901236545901
27.82,0,79.0898592106518,0.286058799765582,0.829892658343432,0.64423461402533,0.271113839969025
27.83,0,79.2031959035342,0.2827806400373,0.832766851265383,0.643337361535612,0.268554366618451
27.84,0,79.3156822112495,0.282197614623597,0.833406581841153,0.642502954576542,0.268907609001937
27.85,0,79.4273551599682,0.282833831962581,0.832518995476666,0.643732062690254,0.271176362318457
27.86,0,79.5382530530807,0.284265269799783,0.834308837710398,0.643673012573517,0.27031170506815
27.87,0,79.6484154579789,0.284272309173278,0.832271128941837,0.641030498033042,0.269340309355973
27.88,0,79.7578831922957,0.281293283661573,0.833383334675961,0.643953686693436,0.268127277497023
27.89,0,79.8666983096287,0.282728963035288,0.833215907984595,0.644528395153245,0.27058296281027
27.9,0,79.9749040847663,0.283240480488319,0.832655595844951,0.644661155310279,0.268897164292792
27.91,0,80.08254499844,0.28414600499265,0.834894243490697,0.643118518199553,0.271321263876956
27.92,0,80.1896667216247,0.278843536737238,0.83306532662321,0.643703155448487,0.270445704222045
27.93,0,80.2963160994102,0.280800289802298,0.832163861777436,0.644433386562244,0.268733878632991
27.94,0,80.4025411344664,0.281354470773179,0.832753755602476,0.6443250095266,0.269793644107452
27.95,0,80.5083909701263,0.277755277488679,0.834052376921824,0.644880303088745,0.270126818294864
27.96,0,80.6139158731086,0.280130630858208,0.836030284090209,0.64620935291861,0.268533149357067
27.97,0,80.7191672159051,0.280186466029097,0.835837771355139,0.644882712464121,0.269227969918813
27.98,0,80.8241974588551,0.278585043663897,0.83282373151242,0.643563750526406,0.270660898238239
27.99,0,80.9290601319313,0.279031119821468,0.832026724954423,0.645072967160707,0.269096435475475
28,0,81.0338098162606,0.280117132424744,0.833410753575268,0.646033372981459,0.269228851567893
28.01,0,81.1385021254025,0.279653989098602,0.831871851880205,0.64545582099973,0.267754254366802
28.02,0,81.2431936864101,0.278346493076906,0.833019102917036,0.646940971780124,0.271225325222685
28.03,0,81.3479421206952,0.2778562783279,0.83408508046904,0.648220068929616,0.270130332758284
28.04,0,81.4528060247225,0.278345681406897,0.833451704065577,0.643820433050919,0.269769598017937
28.05,0,81.5578449505539,0.27530685323631,0.83452798307093,0.646864484370238,0.269658747847361
28.06,0,81.6631193862674,0.275749660824477,0.83461370120085,0.647622661318683,0.269270674499324
28.07,0,81.7686907362715,0.274947476042768,0.834252263360264,0.645858478275628,0.26921037115873
28.08,0,81.8746213015377,0.274663453556581,0.836533653579,0.649059223864603,0.270595794547033
28.09,0,81.9809742597735,0.276133810634046,0.834908672672175,0.644787758354833,0.268390931954289
28.1,0,82.0878136455554,0.277573129877293,0.833893078235036,0.647352501933365,0.268653075272454
28.11,0,82.1952043304451,0.27393898004508,0.835013157766635,0.64554964292827,0.26992674846507
28.12,0,82.3032120031063,0.276690582670604,0.835354330715675,0.647691428404472,0.269351953711726
28.13,0,82.4119031494453,0.275339594786969,0.835217041448399,0.644702478025745,0.270762999417197
28.14,0,82.5213450327923,0.272466042305399,0.834468030659279,0.647182566922662,0.270956618599547
28.15,0,82.6316056741428,0.27668748960973,0.833494093746684,0.650879079333243,0.270795049245495
28.16,0,82.7427538324775,0.275045488546807,0.835424569827936,0.645126545605987,0.267868621905103
28.17,0,82.8548589851786,0.276113874161796,0.833213453059401,0.651030548261986,0.267847061140429
28.18,0,82.9679913085582,0.274451607809414,0.835293640248485,0.650412854933025,0.270114762939123
28.19,0,83.0822216585169,0.275916377793209,0.835845848465235,0.647144932931076,0.269408695049698
28.2,0,83.1976215513461,0.271779397279165,0.837352042341665,0.649348261867287,0.270228496847782
28.21,0,83.3142631446902,0.270715942850662,0.835280461107985,0.650946330829849,0.269713687555295
28.22,0,83.4322192186826,0.272608616890907,0.833334239835026,0.647669728988627,0.267393291283558
28.23,0,83.551563157269,0.27334506964105,0.835332374860355,0.648820310779117,0.270548351690356
28.24,0,83.672368929729,0.269192162374841,0.833633060432961,0.648281928572038,0.273265072528915
28.25,0,83.7947110724107,0.272555810489304,0.835469560754925,0.649538242067524,0.266864174830173
28.26,0,83.9186646706868,0.269953699029834,0.834176100184751,0.648549692499649,0.269095711359565
28.27,0,84.0443053411436,0.271757371956315,0.834698100109928,0.65081356536696,0.27066348615796
28.28,0,84.1717092140119,0.269156141575805,0.838235319260182,0.648351381927079,0.268694015671934
28.29,0,84.300952915848,0.269391315268589,0.835329984001627,0.650215334990778,0.269056856223086
28.3,0,84.4321135524735,0.266812996649756,0.835444600099362,0.653561055097785,0.268565630801634
28.31,0,84.5652686921801,0.269717956972499,0.834429654515569,0.648055830445682,0.272177384117138
28.32,0,84.7004963492047,0.269819954329703,0.837528014928821,0.64909043718375,0.267793200765461
28.33,0,84.8378749674813,0.269023373288009,0.835729866487566,0.651227618142025,0.269641594146986
28.34,0,84.9774834046731,0.265712634430732,0.837808461832778,0.653668480383045,0.269698063745938
28.35,0,85.1194009164879,0.268241489053412,0.835912881127345,0.652034618971067,0.267714462968014
28.36,0,85.2637071412807,0.269952294969698,0.837461713734263,0.651086137608898,0.269324340650873
28.37,0,85.4104820849431,0.267329197006887,0.836161268604424,0.650435605669441,0.273323885425743
28.38,0,85.559806106082,0.266751902313971,0.836768612976538,0.650776687890267,0.269157317876275
28.39,0,85.7117599014874,0.266001806952513,0.839604821147754,0.651797417198789,0.26957570377144
28.4,0,85.8664244918865,0.266581724499366,0.839666212488292,0.653152730994347,0.269912030876035
28.41,0,86.0238812079851,0.265776297236146,0.840928630312349,0.651136605827851,0.268443090045542
28.42,0,86.1842116767916,0.266716201427901,0.838654046761524,0.653050943708198,0.272308820438988
28.43,0,86.3474978082205,0.264234250548814,0.837618404028853,0.655513681032727,0.268184986444036
28.44,0,86.5138217819721,0.262379976100613,0.838624618612092,0.651704028709539,0.268849945981717
28.45,0,86.683266034682,0.266028211506637,0.839263796008622,0.653747264159388,0.27022578976316
28.46,0,86.8559132473355,0.264783080249553,0.836903363772047,0.654213231305106,0.269409220475081
28.47,0,87.0318463329391,0.265474339083265,0.839240852938494,0.656934367943016,0.269403313882809
28.48,0,87.2111484244428,0.263297327293902,0.837741848838159,0.654085600271663,0.269672327285914
28.49,0,87.3939028629039,0.261184611393436,0.838387323936778,0.655627380434692,0.271094810374249
28.5,0,87.5801931858842,0.264178867690638,0.839052206697357,0.65391774332102,0.271873501153832
28.51,0,87.7701031160697,0.26309010593094,0.838313175389882,0.653436624309499,0.2707800620855
28.52,0,87.9637165501034,0.260463869021336,0.84050948787834,0.652927482961209,0.268743800937433
28.53,0,88.1611175476194,0.261380377054169,0.838860478755825,0.651473801213402,0.270977525138223
28.54,0,88.3623903204663,0.259010133598517,0.839845991493867,0.653276609981508,0.266996933183559
28.55,0,88.5676192221082,0.259393818385387,0.844157599190909,0.651107817227489,0.268884170844395
28.56,0,88.7768887371889,0.259670425657786,0.841786292438939,0.655514555957716,0.270434720641753
28.57,0,88.9902834712458,0.260222049574479,0.840427023238518,0.65499540503474,0.270714587291869
28.58,0,89.2078881405606,0.259272866886379,0.838493747327671,0.653178175924889,0.266410692077706
28.59,0,89.4297875621288,0.255783496624093,0.84137906494844,0.655573837157769,0.268798281738626
28.6,0,89.6560666437353,0.257884431515974,0.839609680533368,0.653010464583143,0.269846530387265
28.61,0,89.8868103741181,0.254033034346724,0.841842518361508,0.652283729722459,0.267647437279451
28.62,0,90.1221038132037,0.256418994020081,0.842023263977152,0.654746874858336,0.271686941692582
28.63,0,90.3620320823985,0.258683054633704,0.840043969649686,0.657350840259202,0.270456740753419
28.64,0,90.6066803549161,0.256695422072183,0.842690545904648,0.65374923087888,0.269067446841738
28.65,0,90.8561338461252,0.254284721024735,0.842141386648035,0.656329569394222,0.268993256310577
28.66,0,91.1104778038958,0.253584918949733,0.843429854574722,0.653832036868603,0.266688010527458
28.67,0,91.3697974989296,0.255527981693586,0.840570723927014,0.65773407464814,0.270676958602758
28.68,0,91.6341782150516,0.254193363483746,0.843695278014231,0.657236462263903,0.268897544994238
28.69,0,91.9037052394438,0.252426758714827,0.841137833943554,0.658233305888475,0.268833939259598
28.7,0,92.1784638528025,0.252954993040721,0.843705265216904,0.655896971697699,0.26937820428027
28.71,0,92.4585393193982,0.250454288358607,0.842419450523603,0.654005429535712,0.270303609719242
28.72,0,92.7440168770172,0.248943383318288,0.844115594251218,0.654330719224086,0.270708525012548
28.73,0,93.0349817267635,0.250957160985875,0.843730970657424,0.657932191314257,0.271183707753953
28.74,0,93.3315190227024,0.252227965522613,0.844369568344621,0.654053596383701,0.271732635756104
28.75,0,93.6337138613219,0.248516824070499,0.842987148589077,0.659442462390562,0.270443922068224
28.76,0,93.9416512707924,0.248696181931393,0.843357417858418,0.659120315450937,0.269503476538728
28.77,0,94.255416200002,0.247948926814564,0.845008145002379,0.656903022553734,0.269926263056321
28.78,0,94.5750935073471,0.248054760643741,0.844504319774176,0.657401676946724,0.271962062517299
28.79,0,94.9007679492554,0.245801033324008,0.843957397776613,0.659303057319396,0.270842873153597
28.8,0,95.2325241684205,0.244727063158537,0.845178417293002,0.656721314456681,0.268769908378636
28.81,0,95.5704466817259,0.246897142369107,0.845924690954984,0.658250524785542,0.272573375599884
28.82,0,95.9146198678371,0.24709561631466,0.845823209232426,0.657075438054491,0.270137432524987
28.83,0,96.26512795444,0.243708565248928,0.846087021507099,0.657387840655637,0.271098567337735
28.84,0,96.6220550051038,0.243654545056381,0.846344853981086,0.656933414284188,0.269723775803004
28.85,0,96.9854849057477,0.242335862520757,0.845132636045286,0.65865131546784,0.269936005902477
28.86,0,97.3555013506891,0.244991871516175,0.849692322520015,0.659315323511032,0.269779893490454
28.87,0,97.7321878282534,0.242610795240484,0.846477046805943,0.65692567518317,0.271120931046098
28.88,0,98.1156276059233,0.240085460333189,0.847791837549893,0.659996956135785,0.266937995197047
28.89,0,98.5059037150071,0.238525099821591,0.846378781473871,0.657196297923705,0.272216239654592
28.9,0,98.903098934808,0.23966887254876,0.847291838428327,0.659792380943716,0.269064970584966
28.91,0,99.307295776269,0.239791745051574,0.848185107586685,0.657068564733938,0.271994677443723
28.92,0,99.7185764650802,0.236360110857948,0.848256558941727,0.659152230552252,0.271649032642618
28.93,0,100.137022924224,0.2374505178535,0.847914476599614,0.658339131108923,0.267905865284369
28.94,0,100.562716755941,0.236681461123584,0.847506490810728,0.659676770810994,0.268406859500369
28.95,0,100.995739223099,0.235729916871932,0.847291153337826,0.657197546905891,0.272064327479067
28.96,0,101.436171229947,0.236000394443989,0.851649110672764,0.658191968742869,0.270137331693569
28.97,0,101.884093302233,0.234835078508716,0.852687037858462,0.660010967266574,0.267728559946569
28.98,0,102.339585566675,0.2355517407922,0.849519685706668,0.659614705094728,0.270855327267616
28.99,0,102.802727729762,0.234562285282998,0.845880994821115,0.660021071373776,0.270781274701199
29,0,103.273599055874,0.233674071464391,0.849106238220659,0.658989709370095,0.269749484019078
29.01,0,103.752278344706,0.228985056968581,0.850172850333632,0.656402814161284,0.270162182280223
29.02,0,104.238843907975,0.233271506033832,0.850327017504101,0.655411023643162,0.271961457128219
29.03,0,104.733373545406,0.226852416126955,0.851718319203518,0.65663723956178,0.270105423805272
29.04,0,105.235944519975,0.226931423733928,0.849979449122272,0.658573384353354,0.270634386186792
29.05,0,105.746633532408,0.228045530073245,0.849315187061679,0.657521148876146,0.270695513362419
29.06,0,106.265516694902,0.228303323858038,0.850695800655135,0.659806199697534,0.269837192308852
29.07,0,106.792669504094,0.224824100965697,0.851400618730618,0.66057337000178,0.271571798247265
29.08,0,107.328166813229,0.225595270268323,0.849527545110107,0.657429429961974,0.272926257740294
29.09,0,107.872082803546,0.223756123029665,0.851072304234279,0.660475894025547,0.269921981977076
29.1,0,108.424490954864,0.222789059891185,0.851768944741079,0.656727166013118,0.268164306776508
29.11,0,108.985464015358,0.221962922536873,0.854253328961875,0.65843688730647,0.269990990559557
29.12,0,109.555073970529,0.222825964091048,0.853260367547044,0.65957291571486,0.269603364288741
29.13,0,110.133392011356,0.220658275737659,0.84850423182573,0.657612896997474,0.269735393903048
29.14,0,110.720488501623,0.220014651913442,0.85036285408673,0.656426111834178,0.273468595603423
29.15,0,111.316432944435,0.21988829611717,0.853638078287192,0.657093992642086,0.267928736021122
29.16,0,111.921293947902,0.218254074351017,0.852921660604165,0.656229141489463,0.268737242403644
29.17,0,112.535139190004,0.217347327008277,0.852980227021359,0.658517946105217,0.271856384324081
29.18,0,113.158035382635,0.212150724426212,0.850916042933048,0.65821604528478,0.269285158525795
29.19,0,113.790048234826,0.217149126348425,0.855773380841687,0.658129594731599,0.267585261945787
29.2,0,114.431242415155,0.213980251512396,0.855474989553289,0.659753664776959,0.270356255692248
29.21,0,115.081681513345,0.211429773635832,0.856332056299538,0.657864460142153,0.269072289291864
29.22,0,115.741428001065,0.21343282208401,0.855310145668893,0.658297961360638,0.270247642986835
29.23,0,116.410543191933,0.210288264791214,0.856660047735799,0.656749548069242,0.271856382702174
29.24,0,117.089087200727,0.209355305899979,0.857638629669194,0.658760776055156,0.270729257728653
29.25,0,117.777118901838,0.207020696691492,0.854273769280818,0.65656505184473,0.270111744191003
29.26,0,118.474695886947,0.211183604718588,0.856918427443362,0.656809110390497,0.267072846700007
29.27,0,119.181874421962,0.207253020469936,0.857883643997175,0.66057104565736,0.26884548160224
29.28,0,119.898709403221,0.205645705405839,0.856340639184804,0.657904740878244,0.270617644534353
29.29,0,120.625254312986,0.20661394132811,0.856740220257335,0.6586138068331,0.270131318076846
29.3,0,121.36156117423,0.203228070295627,0.855783447768454,0.657735726748094,0.268813733822405
29.31,0,122.107680504766,0.201381543035715,0.853518937257483,0.658924473464068,0.27031830574482
29.32,0,122.863661270707,0.201543552629597,0.855757217389106,0.657736427338432,0.271876355797288
29.33,0,123.629550839308,0.20029992278297,0.858599698679264,0.657066234823662,0.271497492694376
29.34,0,124.405394931199,0.197069659932918,0.857549214044468,0.658454260558568,0.270073761776211
29.35,0,125.191237572047,0.200003908746528,0.855550625371207,0.657784297558794,0.270368800421343
29.36,0,125.987121043668,0.199243988239215,0.857515963534611,0.658249769463003,0.267877769086024
29.37,0,126.79308583462,0.196026349531058,0.858577618204274,0.658106590782383,0.268428353789637
29.38,0,127.609170590318,0.194111186531017,0.858169903269039,0.656721692730868,0.267207062269288
29.39,0,128.435412062697,0.195528459911504,0.858651191931746,0.657009347714048,0.271500006949538
29.4,0,129.271845059458,0.193352174024532,0.856954549118841,0.656354991310206,0.268191659716205
29.41,0,130.118502392944,0.193099648933763,0.860779000685532,0.654951153087081,0.268956925417721
29.42,0,130.975414828674,0.190813044182085,0.860790590846808,0.656933771171726,0.269215132982395
29.43,0,131.842611033585,0.190066862676921,0.862347045938812,0.65534718643065,0.270893410681497
29.44,0,132.72011752402,0.1856561414208,0.858282390199928,0.656059294031532,0.268690572134875
29.45,0,133.607958613509,0.185448487236105,0.859736657337845,0.658758646409452,0.271055740700392
29.46,0,134.506156360389,0.188534886405033,0.860111014471529,0.654340132113911,0.272086977822643
29.47,0,135.41473051531,0.184681099611059,0.862596219850904,0.653840242103502,0.271687763845315
29.48,0,136.333698468675,0.183132077189294,0.860334052854561,0.658992525901196,0.27081544656139
29.49,0,137.263075198077,0.184500683113396,0.863568551871669,0.653628250496521,0.270451392125643
29.5,0,138.202873215767,0.183785227110562,0.861744930487474,0.65394405897513,0.270018621872612
29.51,0,139.153102516224,0.180773663342613,0.859838735686139,0.658205117831185,0.269730243795965
29.52,0,140.113770523874,0.179329391158891,0.862839493892907,0.653554956956845,0.270745258214587
29.53,0,141.084882041026,0.178098584041919,0.861929991535375,0.655307237959217,0.267521133333371
29.54,0,142.066439196069,0.177449423150565,0.862604597195025,0.655024878082179,0.268643418173752
29.55,0,143.058441392007,0.174376591509469,0.862681368296241,0.65511825921063,0.271176519139668
29.56,0,144.060885255383,0.1749287485958,0.863205924012568,0.654546197990708,0.271063295164856
29.57,0,145.07376458566,0.170980337672661,0.863842230047341,0.653188431856416,0.270184033280651
29.58,0,146.097070305128,0.171774933966651,0.86579769432841,0.653322918910214,0.271701520650618
29.59,0,147.130790409398,0.168555997572772,0.862050449716591,0.65597063025273,0.267717303220632
29.6,0,148.174909918546,0.165533708730304,0.86438619973034,0.653520909810047,0.269772911169053
29.61,0,149.229410828993,0.167953538500861,0.866944383670266,0.653724685440231,0.270350999235701
29.62,0,150.294272066169,0.168638317877115,0.86668210815439,0.652598516797666,0.268819774820347
29.63,0,151.369469438049,0.166979256927744,0.866045997175797,0.653358040305832,0.270313999694283
29.64,0,152.454975589628,0.163311397244856,0.864973260268989,0.652434133243847,0.269793946956276
29.65,0,153.550759958397,0.164344765465142,0.866191419243027,0.649609094814192,0.267586841481569
29.66,0,154.656788730914,0.161549769053041,0.864171098365806,0.650804649084332,0.272210862554832
29.67,0,155.773024800523,0.162852784917458,0.862783165859014,0.655533597608542,0.270935352841205
29.68,0,156.899427726315,0.159240144217586,0.864265407332489,0.652283253386097,0.269808152416185
29.69,0,158.035953693388,0.157508128080283,0.868501597002972,0.653423877955796,0.270270073877107
29.7,0,159.182555474498,0.158776168120746,0.866561406202688,0.652074212812118,0.267010187148494
29.71,0,160.339182393164,0.155420270012281,0.867091104505583,0.650902027994668,0.268603286216666
29.72,0,161.505780288312,0.156193256654089,0.864744576096805,0.650580472092535,0.271154929924204
29.73,0,162.682291480533,0.151354682962651,0.867177470884689,0.650154129157713,0.270959979138717
29.74,0,163.868654740025,0.150816221766008,0.865998896722691,0.651089403968131,0.268165735801095
29.75,0,165.064805256304,0.149242206463604,0.867415695440669,0.655098837244002,0.269771242798723
29.76,0,166.270674609756,0.149211383364625,0.870714001238704,0.653292029866289,0.272094075866173
29.77,0,167.4861907451,0.147047471490907,0.869377339991976,0.651506347491857,0.270759123936931
29.78,0,168.711277946854,0.146858082329163,0.86858726219074,0.652636995815497,0.26840001918974
29.79,0,169.945856816854,0.145063113302024,0.868401249850645,0.653224645949343,0.26996148109828
29.8,0,171.189844253928,0.147692478808948,0.869993533124853,0.650977021820522,0.26860895862256
29.81,0,172.443153435766,0.143360985194887,0.867931645908103,0.6511329583827,0.268679629543675
29.82,0,173.705693803097,0.14105373740937,0.869754705945701,0.652858850298713,0.270287395166593
29.83,0,174.9773710462,0.141889788493929,0.869543526275839,0.65101917909981,0.26990990937652
29.84,0,176.258087093863,0.139628698481684,0.871559863329688,0.650425878787686,0.27098220177876
29.85,0,177.547740104814,0.137621423188811,0.872057248840667,0.651090041045079,0.269848707666044
29.86,0,178.846224461738,0.138403388557555,0.870375639907692,0.651001819649399,0.272379873319479
29.87,0,180.153430767897,0.132873273828764,0.870675523796004,0.649361422853954,0.27135973144141
29.88,0,181.46924584646,0.135306991586826,0.871722821068168,0.645432518868523,0.269666213230762
29.89,0,182.793552742568,0.133918593127966,0.873645621037392,0.651308001315915,0.26671786437914
29.9,0,184.126230728224,0.130435071353108,0.871926905374644,0.649372404746114,0.271517588761769
29.91,0,185.467155310041,0.131446727050047,0.871984884528608,0.6489311428003,0.272828089023697
29.92,0,186.816198239918,0.13023989760722,0.871167839791126,0.647315933274749,0.271286913911549
29.93,0,188.173227528691,0.129471696759142,0.87194167143356,0.650953646601437,0.271471527888797
29.94,0,189.538107462811,0.126306218676999,0.875181501839137,0.648002736581743,0.271311187529721
29.95,0,190.910698624088,0.125619720288426,0.872734754847965,0.649215863006634,0.269471691390936
29.96,0,192.290857912562,0.125093648839045,0.872156502355886,0.648988995073029,0.266635365542524
29.97,0,193.678438572523,0.122049320333074,0.874816436093703,0.649578147889433,0.270455554296497
29.98,0,195.073290221735,0.122322169341955,0.874084881039989,0.64727043583026,0.27020553033619
29.99,0,196.475258883882,0.118139789208777,0.875134344206309,0.644654588934878,0.267435920587098
30,0.3,197.884187024292,0.11836932041849,0.875092109619822,0.644401206237967,0.269470293336551
30.01,0.3,199.299913588934,0.117482458584563,0.877225101834657,0.645334131681958,0.268122053251244
30.02,0.3,200.722274046745,0.115336637930093,0.87379390042605,0.647534449283304,0.266885032954897
30.03,0.3,202.151100435286,0.116706570524803,0.877618186822541,0.648806017029771,0.270911411188744
30.04,0.3,203.586221409759,0.112282613542962,0.873441028180583,0.645951117408913,0.270376119583257
30.05,0.3,205.02746229538,0.114092591400742,0.877199361471826,0.646013211518217,0.268480781231508
30.06,0.3,206.474645143139,0.112745189846993,0.879665199316315,0.645991656680312,0.268813049090332
30.07,0.3,207.927588788938,0.113171839639415,0.876530298625808,0.644936228775295,0.27175037369622
30.08,0.3,209.386108916107,0.109846228705271,0.879473447089375,0.649334794672744,0.272064960307887
30.09,0.3,210.85001812131,0.107618816339709,0.878834715358674,0.644660613995578,0.267953237156273
30.1,0.3,212.31912598381,0.107484324572372,0.875875946467527,0.647939220516591,0.269226432841296
30.11,0.3,213.793239138104,0.104469337776903,0.880291614401217,0.648430982410711,0.272135986793171
30.12,0.3,215.2721613499,0.105328685498784,0.877627828337281,0.645550561031397,0.270570336037026
30.13,0.3,216.755693595412,0.104813612272445,0.878745796427893,0.648761514206255,0.272127503663163
30.14,0.3,218.243634143962,0.10216354413705,0.880378241346155,0.646261025017827,0.271577147607996
30.15,0.3,219.735778643841,0.104758592488106,0.880578932519874,0.645372071574632,0.268023216744762
30.16,0.3,221.23192021141,0.0993599242442391,0.87803781630458,0.644199798681124,0.271286137183459
30.17,0.3,222.731849523397,0.102079960741825,0.881398326017498,0.644164907234461,0.270158164959069
30.18,0.3,224.235354912338,0.0978466173930716,0.879379616965761,0.644216306049675,0.270025785298451
30.19,0.3,225.742222465131,0.0980238889601714,0.880743752877967,0.643383090432006,0.271907821919222
30.2,0.3,227.252236124634,0.0935750353287218,0.879042142461054,0.644735200218659,0.272860818058522
30.21,0.3,228.76517779426,0.0926635555437753,0.880572115189058,0.646430414635629,0.269349325617095
30.22,0.3,230.2808274455,0.0931982368794754,0.880375604191772,0.644518462702213,0.269919843117104
30.23,0.3,231.798963228316,0.0934957058734336,0.883773492519327,0.643667666183834,0.27004235444128
30.24,0.3,233.319361584324,0.0925792346762572,0.882658450564634,0.644638764390014,0.269019163958819
30.25,0.3,234.841797362697,0.089658931558493,0.883052465112192,0.644252302456019,0.270224628085928
30.26,0.3,236.366043938706,0.0884563032621919,0.884429909877258,0.645788369171565,0.269584100220175
30.27,0.3,237.891873334821,0.0867079098960353,0.881242252980016,0.641972505100048,0.269314396696758
30.28,0.3,239.41905634427,0.085692501133524,0.882778654465249,0.645454900281271,0.269136761705113
30.29,0.3,240.947362656976,0.0844175267254691,0.884158489755098,0.64231818091104,0.268581204841954
30.3,0.3,242.476560987775,0.0858930562796069,0.883101797985458,0.643143766581143,0.270588033709122
30.31,0.3,244.006419206804,0.0840107997139383,0.884011766811783,0.640996660075139,0.268752165523154
30.32,0.3,245.415308085254,0.0840433796099473,0.884507484397275,0.642556822620448,0.270723786054176
30.33,0.3,246.612793540412,0.0788352830939045,0.883410230061719,0.643537146315225,0.270735795382223
30.34,0.3,247.72762455184,0.0791945152783731,0.882978727174829,0.643349040782094,0.269509595225967
30.35,0.3,248.687259648387,0.0794055816784873,0.882710862323071,0.641591284772182,0.268239369311764
30.36,0.3,248.89248623822,0.0801994608857864,0.883540511235151,0.641272073380904,0.268788508675618
30.37,0.3,249.07433985141,0.0813757516774904,0.883970263915732,0.641792246861115,0.271020875338744
30.38,0.3,249.254343102944,0.0790933738040056,0.888205776388104,0.644119035177515,0.270914151648328
30.39,0.3,249.432477522576,0.0789621735411256,0.883030645815221,0.640002180315489,0.269068487774023
30.4,0.3,249.608725270652,0.0793570725449773,0.886337744709315,0.642828899681565,0.269821962359297
30.41,0.3,248.996607762854,0.079933698464964,0.886372152152003,0.6421285637241,0.269876035969212
30.42,0.3,245.974112861417,0.0812690207550583,0.888301756246127,0.644607699572756,0.268640276795603
30.43,0.3,244.107896882899,0.0871904419350407,0.886552338918017,0.642674798887662,0.272054000172275
30.44,0.3,242.714890924134,0.0850672774916535,0.889225282594135,0.641536557903078,0.270099367853227
30.45,0.3,241.464548485638,0.086201432548965,0.887660789400174,0.643457521035623,0.270194534157297
30.46,0.3,240.25443855213,0.0848642448912978,0.888675783163024,0.641027553109647,0.270651323685767
30.47,0.3,239.054702908727,0.0911229923467367,0.886321004373695,0.643275566123815,0.266878640638333
30.48,0.3,237.856746092302,0.0920364346766594,0.888527890848691,0.643586045453328,0.265475242746066
30.49,0.3,236.658107877606,0.0930970783769125,0.888757070566605,0.641697269835094,0.269850893622685
30.5,0.3,235.458093276463,0.0921522641969303,0.888619157554284,0.640893621539368,0.268129827352431
30.51,0.3,234.256516441278,0.0928599108411773,0.890561423056089,0.642132455628541,0.27061161239624
30.52,0.3,233.053340381889,0.0942555049705241,0.889912843290198,0.640207877668786,0.269900586090285
30.53,0.3,231.848573761148,0.0965122756993945,0.891201986323444,0.643039808765662,0.272198406791109
30.54,0.3,230.642241335716,0.0980378191581918,0.889449469108082,0.642108438575122,0.268772154697819
30.55,0.3,229.434375458578,0.0985033419260411,0.891327846539666,0.637886646981776,0.272462505925945
30.56,0.3,228.225013594389,0.100053179301868,0.889091434146606,0.641924347845913,0.270486471623089
30.57,0.3,227.014197547797,0.101998613680516,0.889431801403824,0.640217252240049,0.268838264923078
30.58,0.3,225.801973178177,0.105707511593473,0.891384421776055,0.642250981989082,0.270261712966701
30.59,0.3,224.588390251464,0.102591253015111,0.888900621995886,0.642228614984797,0.270163502692384
30.6,0.3,223.373502329824,0.10624274560006,0.893209890834123,0.64204817479581,0.270787320282949
30.61,0.3,222.157366671023,0.106053869386569,0.891540675953576,0.641455306731063,0.272531080139854
30.62,0.3,220.940044129554,0.109323951339003,0.892243127056465,0.640055744952581,0.270492211045699
30.63,0.3,219.721599057356,0.109175352502178,0.891235902791067,0.640556132497552,0.270936635506568
30.64,0.3,218.50209920353,0.109535637506358,0.891254736348461,0.641356418228599,0.269767598048539
30.65,0.3,217.281615612972,0.109844983250679,0.892101214205862,0.642070220879524,0.268711163686101
30.66,0.3,216.060222523927,0.112469626012595,0.893716629440584,0.642333872830068,0.270057883109009
30.67,0.3,214.837997264547,0.112574024287475,0.891148633070683,0.63976708107315,0.27090584366329
30.68,0.3,213.615020148511,0.113177142936567,0.892637549898142,0.641203030340708,0.268293171509111
30.69,0.3,212.391374369798,0.116194650789837,0.893202033893094,0.643406570809699,0.269161085353139
30.7,0.3,211.167145896695,0.115162146494358,0.893458111210619,0.640681792248443,0.269915301174831
30.71,0.3,209.942423365114,0.119138778919687,0.892301066357853,0.64180484955857,0.267934159358315
30.72,0.3,208.717297971314,0.117693331095581,0.892161981268068,0.641579097287224,0.270839985805542
30.73,0.3,207.491863364105,0.117611828795986,0.895057388764511,0.641843959546041,0.269924845249314
30.74,0.3,206.266215536627,0.122390537864259,0.894575572610584,0.640355867657508,0.270903137176863
30.75,0.3,205.04045271778,0.123856679650669,0.89512769582458,0.641547786089355,0.269648103592975
30.76,0.3,203.814675263406,0.12347942178991,0.897195056830519,0.641481126944512,0.270048395314211
30.77,0.3,202.588985547298,0.123599409876305,0.895745149782683,0.64171492005913,0.270630352784383
30.78,0.3,201.363487852133,0.127587282102473,0.895414623077145,0.641742442572147,0.270899790715846
30.79,0.3,200.138288260408,0.128143470770845,0.897401252443689,0.64436286934562,0.270516453154812
30.8,0.3,198.913494545474,0.128148592127887,0.894928342210601,0.642501936081373,0.270359359960735
30.81,0.3,197.689216062751,0.132047637333431,0.897403965994082,0.643398302945015,0.272555184535277
30.82,0.3,196.465563641212,0.130375865500011,0.899218711374455,0.64164670642233,0.26875530829866
30.83,0.3,195.242649475217,0.134916837638332,0.896860998684334,0.639843592902317,0.267892481602498
30.84,0.3,194.020587016796,0.136619547818328,0.896418576846934,0.641450937392901,0.270696920261947
30.85,0.3,192.799490868453,0.136582855768397,0.896979641613599,0.640096642010927,0.272708985131714
30.86,0.3,191.579476676571,0.135624900450047,0.897493677749968,0.64242388006075,0.273339845437143
30.87,0.3,190.360661025528,0.13880644589448,0.897602529144179,0.644322460874898,0.268050309571781
30.88,0.3,189.14316133256,0.138958842736763,0.897080363614576,0.644009918950045,0.267138361662346
30.89,0.3,187.927095743505,0.142502475085004,0.898476255659116,0.642242406443085,0.270650655276529
30.9,0.3,186.712583029452,0.141410009502304,0.897524127226492,0.644026498966323,0.270448660507953
30.91,0.3,185.499742484423,0.143469241206889,0.898598361892633,0.642361490148666,0.27252162793767
30.92,0.3,184.288693824126,0.145513318368739,0.899528033517612,0.643007038030015,0.268512303817897
30.93,0.3,183.079557085866,0.145490449025048,0.900650918842478,0.644784353046235,0.268014194632704
30.94,0.3,181.872452529699,0.145936102418461,0.898463495619409,0.640809164163704,0.269582311253488
30.95,0.3,180.667500540872,0.151892054300578,0.901043211997388,0.642964798541194,0.271605984891007
30.96,0.3,179.464821533645,0.151717440451967,0.900113462022186,0.646535438874657,0.269293030618806
30.97,0.3,178.264535856537,0.151813833343779,0.89674447286352,0.644389026943354,0.272178196788139
30.98,0.3,177.066763699078,0.152971583952019,0.89930945817346,0.64369616388133,0.27055875866263
30.99,0.3,175.871625000119,0.153811132522163,0.899641285001337,0.640567093569383,0.271295429641974
31,0.3,174.67923935776,0.158739737873972,0.900579474664575,0.643785228826395,0.27129010780007
31.01,0.3,173.489725940956,0.157502592016767,0.903396055769619,0.642941417280871,0.270704659364219
31.02,0.3,172.30320340285,0.157633878482641,0.899391159116058,0.642583414175748,0.269082656518393
31.03,0.3,171.119789795892,0.162001007938379,0.899730804060127,0.645067017278724,0.27213581221247
31.04,0.3,169.939602488786,0.161793270339778,0.901735437176492,0.643445974990407,0.269026914573642
31.05,0.3,168.762758085312,0.164694285116527,0.899954879725867,0.644518296692493,0.269333845744875
31.06,0.3,167.589372345081,0.166024696188908,0.900767986801055,0.644252121880561,0.270571468678327
31.07,0.3,166.419560106237,0.166360767133879,0.897489486741347,0.641251118562718,0.269741688132214
31.08,0.3,165.253435210167,0.165739857725554,0.902529132102946,0.645415318491852,0.269814297928873
31.09,0.3,164.091110428254,0.171109402835596,0.905230444010921,0.645390557110845,0.269579019227904
31.1,0.3,162.932697390688,0.173498817528079,0.901896567951592,0.647211897312601,0.269398572482097
31.11,0.3,161.778306517385,0.172839965376801,0.903295577863386,0.645567943935407,0.27086727260187
31.12,0.3,160.628046951029,0.175270352614889,0.901847841978922,0.644971864252099,0.269146903979919
31.13,0.3,159.482026492268,0.176533763344061,0.903876000058077,0.648319625135816,0.268617477398404
31.14,0.3,158.340351537083,0.175022527110853,0.904949059107349,0.64273241391116,0.269017442187916
31.15,0.3,157.203127016351,0.180028827404731,0.905825615934674,0.643028655020594,0.27037855980191
31.16,0.3,156.070456337613,0.182038691901988,0.901098710268585,0.647858703318328,0.270341704142677
31.17,0.3,154.94244132907,0.179719952511688,0.904687571436169,0.646228945429265,0.267155050819663
31.18,0.3,153.819182185809,0.185267209741171,0.904893485765279,0.645697452772598,0.26978046604877
31.19,0.3,152.70077741827,0.185227835524678,0.905760011105666,0.647009087901938,0.269916943104856
31.2,0.3,151.587323802965,0.186262034864181,0.903133448664699,0.646185967647138,0.268374177524435
31.21,0.3,150.478916335441,0.189906790033863,0.90568904287342,0.64754972853292,0.271035337163047
31.22,0.3,149.375648185498,0.188817721869526,0.90686569241147,0.64569119535278,0.269554226915252
31.23,0.3,148.277610654652,0.189005930607211,0.905524766054233,0.647508706874494,0.268298911728818
31.24,0.3,147.184893135844,0.191679184994546,0.905830515823872,0.648711136289761,0.267023961131356
31.25,0.3,146.097583075383,0.193025041537993,0.906890887254978,0.647798688658079,0.26830367350977
31.26,0.3,145.01576593712,0.195212786413128,0.907864400405144,0.647936625384286,0.270447777786581
31.27,0.3,143.939525168829,0.195614745296284,0.906978021795291,0.647319676709559,0.269378590969788
31.28,0.3,142.868942170798,0.19585980532266,0.90465122357079,0.647483842259269,0.267741570445854
31.29,0.3,141.804096266599,0.198122945577439,0.903938776831315,0.64857182481804,0.267162997530973
31.3,0.3,140.745064676024,0.2006167736036,0.905220823056565,0.65123310637037,0.27078425256078
31.31,0.3,139.691922490166,0.19833808880688,0.905329781068285,0.646846121610467,0.269394616895367
31.32,0.3,138.644742648629,0.205798832909054,0.904299400361882,0.648556816725872,0.271230447088079
31.33,0.3,137.603595918826,0.207219629118213,0.907247848329456,0.647383585374178,0.271319963894596
31.34,0.3,136.56855087736,0.208887129729472,0.90939784151763,0.651692667902089,0.270895655032845
31.35,0.3,135.539673893436,0.205713203409077,0.906717697486317,0.650319553628542,0.268660594953072
31.36,0.3,134.517029114301,0.209251351300557,0.90902919582677,0.647547329223451,0.269623088545498
31.37,0.3,133.500678452657,0.21292882819322,0.908762141185597,0.647088147086383,0.271373618185145
31.38,0.3,132.490681576024,0.211932005866212,0.909204021512449,0.650801148477411,0.27179879603865
31.39,0.3,131.487095898023,0.216374582702946,0.907115434593722,0.648966044023227,0.272428180735069
31.4,0.3,130.489976571536,0.2172970202181,0.910575207181757,0.650634651735922,0.272503448264209
31.41,0.3,129.499376483702,0.217768844820449,0.907940468993155,0.652607369997531,0.269487064994786
31.42,0.3,128.515346252728,0.219041988212691,0.90836040337592,0.65168832385814,0.269571298502897
31.43,0.3,127.537934226454,0.221046157930132,0.908970344564184,0.647644862881009,0.271022912236521
31.44,0.3,126.567186482646,0.224226184237457,0.908452278279384,0.652467154874343,0.271183795949041
31.45,0.3,125.603146830971,0.224816065788217,0.909338917178085,0.651168808653166,0.268707727133175
31.46,0.3,124.645856816609,0.221996494245604,0.910734773590664,0.651291874068317,0.267702436949529
31.47,0.3,123.695355725465,0.227450719647916,0.907824111089709,0.64894642331278,0.269702506204823
31.48,0.3,122.751680590929,0.226762561024044,0.909097934754252,0.649161705390899,0.267507879499864
31.49,0.3,121.814866202145,0.228426345469827,0.90960471780337,0.652143260852703,0.272340738137387
31.5,0.3,120.884945113746,0.233970271217158,0.910462239354635,0.651638664726315,0.270769030734274
31.51,0.3,119.961947656998,0.2334832704019,0.912595192051214,0.651364654898773,0.270432664758439
31.52,0.3,119.045901952323,0.233863669257935,0.909338378657167,0.65025496952078,0.269112862094071
31.53,0.3,118.13683392314,0.236561380656187,0.909944792495761,0.653547517630801,0.270468427129145
31.54,0.3,117.234767310983,0.234884788886294,0.909156375951617,0.655491366254136,0.271330746817912
31.55,0.3,116.339723691858,0.239829059799719,0.911396794001099,0.651010662205487,0.273144032480962
31.56,0.3,115.451722493769,0.239269701764751,0.910844836859062,0.651927441259493,0.269844020404461
31.57,0.3,114.570781015394,0.240661816133979,0.911136976719335,0.652465963999086,0.27145005995454
31.58,0.3,113.696914445843,0.24394861832398,0.911679226798256,0.651986373992627,0.271882860824622
31.59,0.3,112.830135885456,0.244943139375978,0.90974535315924,0.652481616513947,0.269327924712343
31.6,0.3,111.970456367605,0.246023679047735,0.910908153490437,0.652449221052386,0.27269648706367
31.61,0.3,111.117884881438,0.249243003480269,0.91248975290481,0.651850644188936,0.267544582505922
31.62,0.3,110.272428395521,0.25112735348736,0.911810207220322,0.655415739433755,0.270216869410449
31.63,0.3,109.434091882352,0.250361116497539,0.917158590186239,0.653746531734008,0.273075566753699
31.64,0.3,108.602878343666,0.253604607875486,0.913376274451641,0.653638162067081,0.269238792429086
31.65,0.3,107.77878883652,0.252422341284826,0.911853563732875,0.653930425987236,0.272274161208038
31.66,0.3,106.961822500093,0.252387513853945,0.911856139665075,0.65510500108226,0.269434505580518
31.67,0.3,106.151976583159,0.255464579827462,0.912504465793574,0.655685630442379,0.270400060524771
31.68,0.3,105.349246472201,0.260033644005503,0.912928877716899,0.653963298736666,0.272304160401794
31.69,0.3,104.553625720109,0.257158991824177,0.912389768180612,0.65567372953392,0.269894684773007
31.7,0.3,103.765106075421,0.262264913823853,0.914238854890554,0.655295223523946,0.271807956621983
31.71,0.3,102.983677512085,0.262967597623343,0.913012042121857,0.655248718116854,0.270550874464066
31.72,0.3,102.209328259666,0.265930949975263,0.91368986505239,0.655328772444648,0.270855775795767
31.73,0.3,101.442044833996,0.266805281345826,0.912052465506051,0.652511112303929,0.27107770766873
31.74,0.3,100.681812068195,0.267787008371212,0.914153752871841,0.65562857663752,0.270981644715835
31.75,0.3,99.9286131440486,0.270763191931921,0.913916661966102,0.656297722622316,0.267268137972864
31.76,0.3,99.1824296236913,0.269993191719801,0.914881335155305,0.65394944559861,0.267853159308736
31.77,0.3,98.4432414815633,0.275209792872489,0.91399921049445,0.654768839276241,0.271804210008823
31.78,0.3,97.711027136603,0.276382470401599,0.914988678748608,0.654938566981322,0.271387709694253
31.79,0.3,96.9857634846437,0.275768942767891,0.915114554639031,0.659369237240727,0.267553824884855
31.8,0.3,96.2674259309777,0.2787838380039,0.913061995334422,0.656372312228274,0.27110848746825
31.81,0.3,95.5559884230566,0.27895419520305,0.912462578449338,0.654813681637707,0.27250852830569
31.82,0.3,94.8559010892285,0.280196778659355,0.915866202520904,0.657999271562898,0.269313595040418
31.83,0.3,94.2005207221449,0.280082060635698,0.913798268176162,0.656099193502982,0.273395780331215
31.84,0.3,93.5723755644806,0.283193854427537,0.913513070568979,0.655183654178563,0.27051933169203
31.85,0.3,92.9557243900367,0.282450551815148,0.913674481934237,0.656898355510824,0.269537599245806
31.86,0.3,92.5236460827531,0.284698764989732,0.913670882586548,0.656514698764034,0.270033812649109
31.87,0.3,92.385543277983,0.285530204643275,0.915331382072136,0.657321447786667,0.271437828632569
31.88,0.3,92.3435681745917,0.283945777123754,0.91480820663375,0.658333860721101,0.269241854705612
31.89,0.3,92.3267245568608,0.283133950704048,0.915308844086036,0.658639950621246,0.271356443803596
31.9,0.3,92.3179835207269,0.286198655425825,0.914765088662078,0.65563672438823,0.272083713104921
31.91,0.3,92.3124836997632,0.286538936329407,0.91523355729543,0.657357421006856,0.270670863993346
31.92,0.3,92.3087278228381,0.286160617883536,0.917797164350456,0.655464638551681,0.270575392326317
31.93,0.3,92.3060998164805,0.28486247156207,0.918887202768263,0.658107903269906,0.268969397904378
31.94,0.3,92.3043716757558,0.290429875512021,0.916639111323271,0.654248153075792,0.271841242540246
31.95,0.3,92.3038503171819,0.283906635816253,0.914149158924312,0.654665137948025,0.270607713654428
31.96,0.3,92.3046136338832,0.286803899913468,0.916387180532684,0.656864133660442,0.271648025372468
31.97,0.3,92.3062996001489,0.284141847051752,0.917956566236755,0.65606519918003,0.270429947105743
31.98,0.3,92.3088860756378,0.28427801484062,0.918715517186012,0.658295221074129,0.270405648245586
31.99,0.3,92.311770624689,0.28511594877292,0.916453462274423,0.658658061398388,0.268053068103878
32,0.3,92.3149156089184,0.283559016844596,0.916620188013543,0.656622560484166,0.267266581797128
32.01,0.3,92.3183252611766,0.283037056752743,0.916913876658233,0.657972064853078,0.270070695622931
32.02,0.3,92.3220035998674,0.283705950060207,0.91845605949891,0.660027948259105,0.268730057471109
32.03,0.3,92.3259544270384,0.283244098395603,0.914944414171883,0.657792871227944,0.268429758507334
32.04,0.3,92.3301813265699,0.287086900902642,0.915472187760047,0.658403958859065,0.26929343464426
32.05,0.3,92.3346876624619,0.283994493259987,0.917742350886943,0.658986640767626,0.269441012830215
32.06,0.3,92.3394765772215,0.284843034984199,0.917829993161951,0.65711971982149,0.269372358289185
32.07,0.3,92.3445509903507,0.284467704647163,0.916332248927944,0.658724414607967,0.271864576455622
32.08,0.3,92.3499135969371,0.286362758518288,0.916887169260646,0.658660739339439,0.269249034560736
32.09,0.3,92.3555668663457,0.288929040060019,0.916662912912293,0.658085827888327,0.270876628524769
32.1,0.3,92.3615130410155,0.284051015871691,0.916568881515859,0.658015068081523,0.269762470432993
32.11,0.3,92.3677541353598,0.28359009633626,0.918056250589088,0.660623630017283,0.270251230192631
32.12,0.3,92.3742919347712,0.283785505104829,0.914719238789197,0.655171800262211,0.270483958870818
32.13,0.3,92.3811279947324,0.284302305571269,0.919005118921983,0.656783086994823,0.268940467341222
32.14,0.3,92.3882636400327,0.284676532277699,0.916681102245891,0.660384234083468,0.266942783812052
32.15,0.3,92.3606314745134,0.287262008811193,0.918852506339777,0.659607217861661,0.26969956590409
32.16,0.3,92.2788211622112,0.284742632932934,0.919777792320376,0.658422726865097,0.270750938346854
32.17,0.3,92.2228138069812,0.287101595897272,0.918579910926481,0.660076120964551,0.271359453188837
32.18,0.3,92.1895052230261,0.288657015720651,0.915863707116072,0.656451664217854,0.268582249457955
32.19,0.3,92.167243375926,0.283053718703034,0.917362755920644,0.656458669300366,0.271204922607749
32.2,0.3,92.1491947848791,0.285805168922281,0.920061305554799,0.657047400580985,0.269708866357377
32.21,0.3,92.1387202547124,0.285452792786185,0.916794384275938,0.659496006153071,0.271254466825145
32.22,0.3,92.1386913931979,0.284199780275835,0.919280540750323,0.658239503702964,0.268547581962352
32.23,0.3,92.1432265393251,0.285252452594864,0.914914834475098,0.657301956751325,0.269490393467234
32.24,0.3,92.1494558607137,0.286158815423817,0.916786202312325,0.658623570922297,0.26949680176346
32.25,0.3,92.1511418667877,0.284962695298831,0.919299088060005,0.657263891196857,0.270954346203189
32.26,0.3,92.1510025864518,0.286761448864878,0.918299836076456,0.65976983477014,0.271746947619978
32.27,0.3,92.1516249862566,0.286264080091295,0.919383336261918,0.658086289093549,0.271371170834157
32.28,0.3,92.1503602079667,0.287938793025574,0.916518702358643,0.658418428547515,0.269147449704702
32.29,0.3,92.1452306572423,0.287173869240927,0.9188976578734,0.655756188689299,0.271448464243619
32.3,0.3,92.1399921747759,0.28700492598839,0.917942239766321,0.657817287882539,0.269182298430621
32.31,0.3,92.1359144917382,0.284590258015626,0.920928465396106,0.656563458955735,0.268420909650262
32.32,0.3,92.1327983352471,0.28618163356568,0.916710752107375,0.658855727625535,0.271859064027632
32.33,0.3,92.1309738556715,0.286762179852923,0.919408187633262,0.6565277620484,0.270481353525723
32.34,0.3,92.1306857421278,0.28779668038692,0.917838162555092,0.656755683111187,0.268985601777072
32.35,0.3,92.1320718155728,0.287433346373973,0.918978299764133,0.656925919319819,0.269560811610833
32.36,0.3,92.1351827434915,0.286313584021003,0.920433339060872,0.658293093926182,0.268204822771423
32.37,0.3,92.1399081003506,0.284959753451592,0.918913520482437,0.65807889527812,0.270213024804747
32.38,0.3,92.1459374409896,0.287072151412142,0.920090968449788,0.656690627368198,0.267721723573671
32.39,0.3,92.1513194113491,0.286122880467657,0.919855802682461,0.655641061638279,0.269706299532086
32.4,0.3,92.1569900688389,0.285770171723175,0.918026666700242,0.65990487980616,0.268927360732921
32.41,0.3,92.1638069079776,0.286412107913623,0.917283719408306,0.656872393641193,0.269658279744741
32.42,0.3,92.170711476361,0.285277314938819,0.919058775378393,0.659824958467303,0.270779369912094
32.43,0.3,92.1769228844357,0.285308260004691,0.917398068659553,0.656799461412178,0.270623923152736
32.44,0.3,92.1838391874473,0.287615576172244,0.918634427889329,0.656078582269941,0.27172562447764
32.45,0.3,92.1917737172424,0.285557131192121,0.918957283723592,0.657012314151519,0.272108499646443
32.46,0.3,92.1995634639496,0.288096746273178,0.920381649089501,0.658059184352899,0.269937900375077
32.47,0.3,92.2078389365018,0.287199534036555,0.920654021381162,0.657065573115935,0.270479571847243
32.48,0.3,92.2171533241782,0.284583736942878,0.915683600330129,0.655977928892748,0.268764759880559
32.49,0.3,92.2268961409453,0.287204937780911,0.919464511165907,0.656343910498587,0.271056989658713
32.5,0.3,92.2366013814006,0.285430240446136,0.918752447192072,0.653883261636772,0.269269566750134
32.51,0.3,92.2470575498141,0.288437773086049,0.91922283545605,0.657502609767586,0.269993753064246
32.52,0.3,92.2583652119814,0.285272126020783,0.918817287195244,0.657195250541329,0.269948435085779
32.53,0.3,92.2693846382196,0.289173496640721,0.918242311918468,0.658543377273658,0.271981068233005
32.54,0.3,92.2806830207693,0.287022905332448,0.920598004628905,0.657941651067549,0.273350075440597
32.55,0.3,92.2927631456869,0.286104811211461,0.918726675768899,0.657301470199028,0.271763262729789
32.56,0.3,92.3049835242793,0.288563837541687,0.916568004434351,0.658560267221393,0.270059862230645
32.57,0.3,92.316861140823,0.285151668288971,0.920487612091748,0.655663034422268,0.26817119244004
32.58,0.3,92.3291892845582,0.287559667116874,0.91948351259096,0.65469816084002,0.268279096856628
32.59,0.3,92.3420929363058,0.284454997450045,0.919832576869734,0.657106865194525,0.269021727393528
32.6,0.3,92.3546338326611,0.284433156878478,0.919046443237463,0.656318277994854,0.269579530233574
32.61,0.3,92.3672685848377,0.287209518537994,0.919199513842551,0.654345877484932,0.26995635049738
32.62,0.3,92.3803974630395,0.285748278534701,0.917091849244157,0.655578006720672,0.268759592281337
32.63,0.3,92.393644135398,0.28553898874552,0.915463880440306,0.654863096854421,0.27261249558278
32.64,0.3,92.4067021758353,0.287417608009174,0.917953227677099,0.654772087576826,0.269829914754211
32.65,0.3,92.4200265578206,0.285997339759503,0.918719014259622,0.655891932287764,0.269149985694019
32.66,0.3,92.4336942842728,0.283751259516015,0.918429957963122,0.654195453426507,0.267530689611996
32.67,0.3,92.447313301192,0.287486940144987,0.917882220684645,0.654588771539115,0.2713716062861
32.68,0.3,92.4610339739051,0.286656420740811,0.917826875895831,0.653914334714576,0.270323876480097
32.69,0.3,92.4749807891328,0.286716902325088,0.919255571851912,0.653538925629676,0.270727808230256
32.7,0.3,92.4890610168329,0.285591397249833,0.918064161264661,0.65367586930679,0.271710174073631
32.71,0.3,92.5031753262267,0.287667738604528,0.917216460940646,0.652826334816601,0.269386376759843
32.72,0.3,92.5173657138882,0.288432370447925,0.919479027057931,0.653936993582347,0.271085438980761
32.73,0.3,92.5316049717473,0.286849877274542,0.917389300311911,0.654525134391753,0.268342281673609
32.74,0.3,92.5458092305339,0.285773190547015,0.916747653542416,0.656799552338141,0.266751605889949
32.75,0.3,92.5599388894811,0.288116104698421,0.919065937240981,0.654690541316573,0.272633452121236
32.76,0.3,92.5739506209404,0.286639071454041,0.918481150839298,0.652043365403517,0.271244423375446
32.77,0.3,92.5879702719433,0.285575703659127,0.917526376324247,0.653076261058425,0.267632003842511
32.78,0.3,92.6020526749493,0.287473296039317,0.923389389557006,0.655512303669639,0.26968816776411
32.79,0.3,92.6159359830924,0.286118961223218,0.918022867027869,0.653798567348458,0.269749109159143
32.8,0.3,92.6295619238242,0.286941831174335,0.917785822974036,0.652876244440241,0.269871569876349
32.81,0.3,92.6434145813649,0.286674698035324,0.917740632903477,0.651700685814834,0.269955083979518
32.82,0.3,92.6571416721848,0.287137383368517,0.919392418278491,0.65313844448782,0.269095027668981
32.83,0.3,92.670419472348,0.287491914806279,0.91773996299421,0.651647537714658,0.268594855417812
32.84,0.3,92.6836032570027,0.286970030364998,0.920033084246351,0.65334579622287,0.273376608213437
32.85,0.3,92.6969211559095,0.286722241477212,0.917696060610668,0.650347566447118,0.270100132105157
32.86,0.3,92.709761422262,0.286519341498481,0.916745892188325,0.650366286143901,0.27186490410954
32.87,0.3,92.7220449206242,0.289223044905142,0.916364073467767,0.652392356734906,0.270833966105058
32.88,0.3,92.735009953764,0.286485322815356,0.920028530963367,0.649889336334494,0.270015925680149
32.89,0.3,92.7478954132585,0.287432239762814,0.917388643526748,0.651736865237897,0.269700202946573
32.9,0.3,92.7600115077166,0.286941561461432,0.913770910981627,0.651780254196326,0.267817312199259
32.91,0.3,92.7720827891608,0.286716009133706,0.916673234445572,0.65134896002286,0.271816877481203
32.92,0.3,92.7846079322044,0.286408630919628,0.918832970016738,0.651426275419109,0.271785148511608
32.93,0.3,92.7964454940763,0.285049930318042,0.917439937186839,0.648943665192296,0.271536742039093
32.94,0.3,92.8073689025583,0.286636542599652,0.919159824540199,0.6507062857705,0.271911373522545
32.95,0.3,92.8188757691588,0.288574823375004,0.920266073792321,0.651428302905926,0.268851490250638
32.96,0.3,92.8300364426087,0.285696482768759,0.918448017929724,0.649959637473452,0.270952208071973
32.97,0.3,92.8400167078702,0.284925418466711,0.91939096430197,0.649828404588265,0.269552448761426
32.98,0.3,92.8499755722506,0.284028623472968,0.91342994386198,0.648507158477854,0.270349128523636
32.99,0.3,92.8606990387607,0.288369526894598,0.917200266376211,0.649686408461964,0.268638423505077
33,0.3,92.8705178417631,0.289010482111862,0.916484309283654,0.650244102516667,0.269400353415065
33.01,0.3,92.8791038813808,0.289739356184767,0.914781042214868,0.65049865903288,0.271265667101242
33.02,0.3,92.8885473742875,0.287850020820202,0.916230432981087,0.652972287692522,0.267464527819484
33.03,0.3,92.8975828683818,0.286144025951496,0.914420623421632,0.650772695964034,0.269457448976901
33.04,0.3,92.9050806856042,0.286521498597152,0.914716738929977,0.650080322489937,0.269446595155745
33.05,0.3,92.9124217974203,0.287565020965237,0.917368681031574,0.649591865097835,0.269845182634223
33.06,0.3,92.9205625146874,0.287311961391784,0.918129891215098,0.647507051251752,0.271160021841252
33.07,0.3,92.9274950223142,0.289500410419317,0.916569552059625,0.649701319645148,0.269480334896391
33.08,0.3,92.9328851388806,0.284659616648942,0.918161240449828,0.648244571578746,0.269128582079465
33.09,0.3,92.9396331975841,0.287350250634441,0.918552055975127,0.647541869854016,0.26777508647027
33.1,0.3,92.9460414408624,0.285201966930037,0.916199380744666,0.647854650213043,0.267725852246657
33.11,0.3,92.9505955544162,0.287264648926008,0.915694911170215,0.646541781758629,0.26811856871797
33.12,0.3,92.9545170476492,0.284824482447169,0.913510880126085,0.647973154945972,0.271631553479309
33.13,0.3,92.9587035673717,0.2860996734823,0.915911541198255,0.646186096876629,0.27277195166309
33.14,0.3,92.9612052307321,0.28860076530459,0.914958748010286,0.647965836646224,0.269888626596521
33.15,0.3,92.9617195472658,0.286103799382833,0.91706120436348,0.647535889118435,0.27060233735589
33.16,0.3,92.9632126655843,0.2852632505352,0.914916425954952,0.647616558836541,0.270423972174298
33.17,0.3,92.963960544282,0.285764221207684,0.915611883090667,0.648024897652306,0.268439070205178
33.18,0.3,92.9624264414877,0.286266963334791,0.915409495624424,0.648639266664594,0.271463045916277
33.19,0.3,92.9603941341114,0.289379871668514,0.915625473933261,0.644442664668267,0.271565379610795
33.2,0.3,92.9591162433563,0.288444331169748,0.916013253855019,0.645767422639667,0.270634629306082
33.21,0.3,92.9560200984428,0.288624436450084,0.91503343316757,0.646239670615064,0.269371092769306
33.22,0.3,92.950667858359,0.287322487919572,0.913322512673779,0.646067000743624,0.269159037864478
33.23,0.3,92.9465877334919,0.290541330171021,0.915008189616447,0.644097790671799,0.270575318468014
33.24,0.3,92.9417343738659,0.288338607483274,0.915448656373183,0.645161714077587,0.270431693279203
33.25,0.3,92.9342915878719,0.289614447520477,0.914257416577579,0.644667057684889,0.27063183001914
33.26,0.3,92.9265924099743,0.286129528036715,0.911969473457487,0.647424735110153,0.267561335289019
33.27,0.3,92.9202641299821,0.29135335015253,0.914682327971603,0.64533826898056,0.269801337711665
33.28,0.3,92.912045766274,0.289487467219963,0.912461703109368,0.647480910695727,0.2710671816744
33.29,0.3,92.9014343430403,0.286941186168173,0.911419351966425,0.641783224070545,0.266705720932665
33.3,0.3,92.8932053082503,0.286525289538009,0.910700081259783,0.64352090596932,0.268664403226135
33.31,0.3,92.8846406411838,0.285704082511949,0.912192473316878,0.644582826628248,0.270250316157718
33.32,0.3,92.8733285349631,0.286851604832532,0.913098262803064,0.643071819007413,0.270434198352718
33.33,0.3,92.8587969618268,0.284522768384624,0.91314795096105,0.644102708126715,0.271064608403983
33.34,0.3,92.8409862227008,0.285791614941927,0.910029740528871,0.646069722701004,0.269606002060874
33.35,0.3,92.8195648070626,0.287230119069407,0.912689392178891,0.643310232664002,0.269411176652865
33.36,0.3,92.794410902347,0.288757383484086,0.911580696869283,0.64423794218331,0.270444954920265
33.37,0.3,92.765604676784,0.287497602680737,0.910976865811222,0.645002109168187,0.270237969738773
33.38,0.3,92.7330229827018,0.285804260634597,0.912566722994085,0.643843146678926,0.270957229162057
33.39,0.3,92.6965557747356,0.28799366423654,0.912714063050945,0.644375036339196,0.267745155604345
33.4,0.3,92.6563058946123,0.28732752961279,0.913483238122834,0.641840658272805,0.269853688375312
33.41,0.3,92.6123315122625,0.286652408795087,0.912187027066208,0.643212679890042,0.269595878851216
33.42,0.3,92.5644164034336,0.288736335477247,0.911210789327963,0.643064847256358,0.269438326822883
33.43,0.3,92.5125096678968,0.28774934326454,0.909858491598008,0.644777435519201,0.26897469177896
33.44,0.3,92.4569174656059,0.287179111155189,0.911497367707498,0.642944439905447,0.269990515185174
33.45,0.3,92.3974230068031,0.288837219203756,0.9101848434228,0.640665360147726,0.268449258700529
33.46,0.3,92.3338320328697,0.28960349354407,0.911825646961184,0.640575392184665,0.269558511017063
33.47,0.3,92.2663631108776,0.29086752762871,0.912189395801389,0.641789906014251,0.267385560069831
33.48,0.3,92.1951608245112,0.28732256451887,0.910356760773475,0.640278364862442,0.267526023945528
33.49,0.3,92.11987373383,0.288689181632518,0.909536597769836,0.644287658386311,0.270144736904472
33.5,0.3,92.0404387690897,0.290131548962114,0.907580726726046,0.643026586569068,0.270407142774467
33.51,0.3,91.9573697195708,0.288211558292443,0.908824559957328,0.639821947026936,0.27205570562037
33.52,0.3,91.8703516657962,0.288607325097871,0.910404557211243,0.643600247710244,0.269540846024835
33.53,0.3,91.7791055207235,0.288400793816604,0.907096844912809,0.643276171114816,0.270555474741297
33.54,0.3,91.6839678538497,0.290059952584739,0.910494835814698,0.642904890925433,0.271117317977826
33.55,0.3,91.5851713860212,0.289482458187709,0.908959509821746,0.642188108676271,0.271570641632587
33.56,0.3,91.4822284186024,0.288884255012769,0.908938672515663,0.641795077293613,0.270954356009774
33.57,0.3,91.3750634134107,0.290919273892817,0.90989621535098,0.641450968085288,0.2702280068041
33.58,0.3,91.2643946288447,0.289763865258165,0.907838970435231,0.644122397065051,0.271644153755668
33.59,0.3,91.1498114488003,0.289316643284006,0.908872931440698,0.6417155142763,0.270321365154305
33.6,0.3,91.030952277348,0.289958227340845,0.908853652489264,0.644571765637472,0.270038512588887
33.61,0.3,90.9082681501825,0.292206375436416,0.907797221965995,0.644764053324065,0.272703563551568
33.62,0.3,90.7820775851754,0.29280371075617,0.907542576629557,0.642800866292775,0.270089275109429
33.63,0.3,90.6517621365544,0.290952478430981,0.905913810373286,0.642709288088257,0.270109985415938
33.64,0.3,90.5172346744142,0.291462472991229,0.910569486003223,0.641283482025552,0.269440447123674
33.65,0.3,90.3794088298487,0.291015633075115,0.907619203921263,0.640738700731752,0.267691340422256
33.66,0.3,90.2377836120279,0.290606083052947,0.908167150470411,0.641513564835409,0.268682523540071
33.67,0.3,90.0919196196243,0.293334930057997,0.908415670237913,0.639225966238893,0.271875138731414
33.68,0.3,89.9423823865911,0.291803662593862,0.906226247713261,0.640635631900705,0.272115192662548
33.69,0.3,89.7895757038065,0.292489364691943,0.908659349582308,0.641554771670507,0.270363607899828
33.7,0.3,89.6327518706942,0.293928250094038,0.906379421496979,0.639674432576158,0.270124726442124
33.71,0.3,89.4717400523278,0.293971972260891,0.90715384783447,0.642537239104325,0.271431272644289
33.72,0.3,89.3071066842789,0.295371145667156,0.907253751661554,0.641340142147022,0.269692422131548
33.73,0.3,89.1385389222848,0.291682261460585,0.907335600154958,0.643844336972616,0.269351109715772
33.74,0.3,88.9657697647645,0.295202495510313,0.907753933203813,0.642807646950173,0.270047094357691
33.75,0.3,88.7891604813586,0.2941799426925,0.90560834971793,0.642983965193109,0.270164594980747
33.76,0.3,88.6089758501286,0.295972454726933,0.904654361691497,0.641536387180425,0.269930780895125
33.77,0.3,88.4247732992243,0.293333914202328,0.905590510489979,0.642578674437674,0.271113466271108
33.78,0.3,88.2365100968802,0.296633932998395,0.906093081743482,0.641141743783144,0.272554725948947
33.79,0.3,88.0448824573178,0.297243612602921,0.907111833282097,0.642825841270362,0.266837245203247
33.8,0.3,87.849548736352,0.297942088163442,0.904130607072748,0.640873318141641,0.269232191608814
33.81,0.3,87.6502132708081,0.29639510295057,0.905507697859621,0.642640648070424,0.271205501939959
33.82,0.3,87.4473051416578,0.298495680503054,0.904418585336416,0.641919631957602,0.270510527221119
33.83,0.3,87.2411399532647,0.296868082106597,0.904482189864178,0.644960895901837,0.270370837553094
33.84,0.3,87.031211964346,0.301206682999823,0.904692852823098,0.642614498901813,0.269660748723029
33.85,0.3,86.8192634569706,0.299697627596609,0.903945189633563,0.64182994094526,0.270622037444829
33.86,0.3,86.6194528262656,0.298709485973482,0.902899750080892,0.64017320531074,0.267950398298256
33.87,0.3,86.424526999213,0.298811354394899,0.901933612513501,0.641166512468092,0.266308257042891
33.88,0.3,86.2279761523216,0.298696533718368,0.901264054020034,0.643581878040663,0.269858267729596
33.89,0.3,86.0440324984252,0.303177857234211,0.902367631763141,0.641636903257902,0.267225600983031
33.9,0.3,85.8856277185426,0.302206813542523,0.90129261351734,0.643701880938486,0.267079144512702
33.91,0.3,85.735874263561,0.299415776797568,0.902743190467636,0.640234422917531,0.271849690967974
33.92,0.3,85.5877150377659,0.301729234080698,0.905989781574596,0.641816208720564,0.269676858833599
33.93,0.3,85.4571132619411,0.301098611598264,0.904570188408542,0.643601285622646,0.270832719737679
33.94,0.3,85.3333616243374,0.304818227522358,0.903190153654097,0.64420386584193,0.267031219395257
33.95,0.3,85.2082128128003,0.303030105320158,0.900658774912908,0.642808180755456,0.272713482655001
33.96,0.3,85.0881550008655,0.300910129367828,0.901910189876426,0.642898981843278,0.271435306690414
33.97,0.3,84.977509130185,0.30202419460471,0.903221432575729,0.641483549889422,0.267946463835468
33.98,0.3,84.8668232069272,0.303726941386597,0.900330231659816,0.641213180707361,0.268832798099762
33.99,0.3,84.7543439403569,0.299585946235245,0.901952562284193,0.640031976868581,0.269679683049508
34,0.3,84.647995530245,0.299228648917768,0.900024696257661,0.641310469775361,0.270362999487765
34.01,0.3,84.5429377079203,0.301814669983014,0.901207492673474,0.643580911254235,0.269334640660031
34.02,0.3,84.4353738288666,0.301914371121986,0.898811247868585,0.640605882673754,0.26884849675218
34.03,0.3,84.3244401237903,0.304845051977321,0.899666681276323,0.639556474085795,0.269373760503479
34.04,0.3,84.2100052399376,0.30115138280401,0.900463892373433,0.64267860664289,0.270323158092566
34.05,0.3,84.0920824994116,0.302949853695781,0.899909492683536,0.6432187357928,0.268770909350358
34.06,0.3,83.9707125068206,0.302764185371242,0.899473701650877,0.643777428820412,0.267487159435541
34.07,0.3,83.8459417190984,0.303803085244647,0.900455497341803,0.6434358628723,0.270053442450283
34.08,0.3,83.7178186506188,0.302911526809366,0.897831929519911,0.641623854446201,0.268513584265507
34.09,0.3,83.5863931897827,0.305179745838452,0.8989425995661,0.64155567013581,0.271339911296927
34.1,0.3,83.4517164549267,0.305077134104654,0.900357043090996,0.642942097805417,0.271962164653512
34.11,0.3,83.313840742643,0.302292211180637,0.898171832374379,0.642236355427008,0.26980930553983
34.12,0.3,83.1728194914736,0.305008449234353,0.895392869583908,0.644231706706427,0.271259417414537
34.13,0.3,83.0287072477586,0.306665569659427,0.897943172916691,0.645077219812676,0.267988928388803
34.14,0.3,82.8815596313956,0.303900146412376,0.89874680426018,0.643504051459839,0.270115361398876
34.15,0.3,82.7314333011544,0.306185102455158,0.898139018898864,0.642316832546212,0.268127165484021
34.16,0.3,82.5783859195171,0.302929584073826,0.895127537096466,0.643233071616301,0.269415746450271
34.17,0.3,82.4224761170676,0.305901207080148,0.895977693918044,0.645466335105935,0.270326834405405
34.18,0.3,82.2637634564676,0.304583354536517,0.896705147049911,0.641991581640573,0.270692873925239
34.19,0.3,82.1023083960558,0.307677051536091,0.896765340692512,0.643527786045981,0.269442585905435
34.2,0.3,81.9381722531075,0.306450663901959,0.89499388628035,0.644728107551732,0.268779582982895
34.21,0.3,81.7714171667938,0.305904159137679,0.892881644773207,0.645278402290169,0.269833168449745
34.22,0.3,81.6021060608762,0.308583380065418,0.89682272394224,0.64328749590079,0.272230537210016
34.23,0.3,81.4303026061763,0.310189202340942,0.896032220058622,0.642878202705199,0.271161886478451
34.24,0.3,81.2560711828552,0.306231361359139,0.895425068943223,0.64389219935437,0.269232778125988
34.25,0.3,81.0794768425441,0.307769252845844,0.894451247574242,0.642901365209669,0.272056728892017
34.26,0.3,80.900585270358,0.309288942031961,0.896279579983271,0.645793140685382,0.270739623025193
34.27,0.3,80.719462746834,0.308300949605142,0.89564549514223,0.645263533707193,0.272716772388571
34.28,0.3,80.536176109827,0.306613855376766,0.892027699076028,0.64502037396745,0.26882285677417
34.29,0.3,80.350792716401,0.308883165114909,0.892984380949142,0.646876202063402,0.27089928868278
34.3,0.3,80.1633804047497,0.310870900772148,0.894459971179319,0.644883132505367,0.267599895657156
34.31,0.3,79.9740074561835,0.309344224755479,0.895475551804656,0.643980260632522,0.271317949473734
34.32,0.3,79.7827425572146,0.309324213638228,0.893431794667243,0.64469048113915,0.270020028074377
34.33,0.3,79.5896547617763,0.311411015922761,0.892432901183626,0.644973489495093,0.268185171696221
34.34,0.3,79.3948134536096,0.310690456082339,0.892846389982534,0.647493344070971,0.268855390613204
34.35,0.3,79.1982883088469,0.31037191303114,0.893155851843699,0.647170714083505,0.271982375106493
34.36,0.3,79.0001492588292,0.311448777533919,0.893226158548288,0.644871313699759,0.270052891309528
34.37,0.3,78.8004664531824,0.310337559733638,0.894339522117955,0.644306893075361,0.269028697459431
34.38,0.3,78.5993102231882,0.310650626075547,0.893541216107373,0.646571861128082,0.267924841864758
34.39,0.3,78.3967510454754,0.312715462158506,0.891550195698214,0.646142715557006,0.269129561501375
34.4,0.3,78.1928595060612,0.310824063625201,0.890361168673163,0.646440434985836,0.270303647412547
34.41,0.3,77.9877062647716,0.315822815642073,0.89310405234161,0.647987456915394,0.27304066742535
34.42,0.3,77.7813620200651,0.311664440571283,0.892493022903712,0.648667813634841,0.270675987520947
34.43,0.3,77.573897474288,0.313424550704984,0.88965751604114,0.649824533468301,0.268681250324413
34.44,0.3,77.3653832993842,0.314101254441393,0.890982919628171,0.647881196974458,0.267442396784021
34.45,0.3,77.155890103085,0.313569893463977,0.887546340670567,0.651305576683139,0.270441503487569
34.46,0.3,76.9454883956014,0.313710856959802,0.889163339428287,0.648972055354691,0.268837685276906
34.47,0.3,76.7342485568396,0.313489567768516,0.889163567546316,0.648481658478735,0.269422983214265
34.48,0.3,76.5222408041622,0.315197919436905,0.890731641703432,0.647029550788918,0.269457402924074
34.49,0.3,76.3095351607144,0.315473088599533,0.886767804127726,0.650068462177274,0.271514703772294
34.5,0.3,76.0962014243327,0.316866588472548,0.888781909284508,0.647923548255887,0.268544932717748
34.51,0.3,75.8823091370563,0.316731149411334,0.888156513595313,0.648568499899958,0.27284918714428
34.52,0.3,75.6679275552557,0.315409102606702,0.888283083834116,0.647418229358364,0.269333341361654
34.53,0.3,75.4531256203946,0.317342402538187,0.889419461522793,0.64902229272399,0.271183271796551
34.54,0.3,75.2379719304395,0.316910000235596,0.886053591325345,0.650554442325517,0.269379642770737
34.55,0.3,75.0225347119319,0.317343494274251,0.885202509742493,0.650297834030984,0.269407290913207
34.56,0.3,74.8068817927323,0.317060537225389,0.887518429040298,0.648128051637535,0.269410549915056
34.57,0.3,74.5910805754499,0.319208126550686,0.885781269850764,0.647643506227654,0.272662638391163
34.58,0.3,74.3751980115673,0.320073916896568,0.885373296635611,0.64959096098695,0.269522056593993
34.59,0.3,74.1593005762686,0.319727629581139,0.882985554532348,0.650820104448502,0.268502289686333
34.6,0.3,73.9434542439801,0.321078550227509,0.88748671894567,0.652289229856156,0.268393073964198
34.61,0.3,73.727724464629,0.318846177023698,0.885266190376803,0.653501139235769,0.270725244536033
34.62,0.3,73.5121761406278,0.320464708206354,0.884929295896595,0.648860211164966,0.269619988776221
34.63,0.3,73.2968736045874,0.321947333107125,0.886469058835642,0.649868175354737,0.2696464048342
34.64,0.3,73.0818805977647,0.322622388840642,0.884988340136482,0.652048633643928,0.270120459553624
34.65,0.3,72.8672602492457,0.323062506582178,0.884390192374237,0.649225054002427,0.271800405188411
34.66,0.3,72.6530750558667,0.322823278543052,0.883595564433742,0.652954967929356,0.272265357768252
34.67,0.3,72.4393868628751,0.324328472235034,0.884364618031892,0.651433847820909,0.270737228008257
34.68,0.3,72.2262568453287,0.323953355602394,0.882806390914213,0.652454833875157,0.269246892296738
34.69,0.3,72.0137454902334,0.322705184541706,0.881952515016661,0.651092863127629,0.270208300334024
34.7,0.3,71.8019125794159,0.324218685703689,0.882457310191354,0.651062928420899,0.270496127774251
34.71,0.3,71.5908171731313,0.323342421388132,0.881696667659159,0.651312517079182,0.269809670202249
34.72,0.3,71.3805175943985,0.328111665110335,0.88205570503129,0.651947074457277,0.269965360779422
34.73,0.3,71.1710714140621,0.323599745001657,0.88109822528195,0.653327118209071,0.269421998322383
34.74,0.3,70.9625354365734,0.327198374711082,0.88236753124519,0.654455219132806,0.268223628295749
34.75,0.3,70.7549656864849,0.326911588426131,0.883037606283283,0.652015758254032,0.270686840125838
34.76,0.3,70.5484173956525,0.326268579068329,0.879950349139348,0.652007879178215,0.270531949658239
34.77,0.3,70.3429449911356,0.326553809602599,0.881087914341498,0.651523701246093,0.270667786452639
34.78,0.3,70.1386020837897,0.327292918258791,0.879198979190454,0.652859890080547,0.27094344981364
34.79,0.3,69.9354414575398,0.324522756000802,0.881069105497582,0.656438130690289,0.269791558496874
34.8,0.3,69.7335150593264,0.327430517699255,0.881228603056178,0.652909989504489,0.269921524421424
34.81,0.3,69.5328739897142,0.327141603802255,0.880467664494692,0.653333856490488,0.270463094095792
34.82,0.3,69.3335684941516,0.329291373143983,0.879657004177258,0.652900728449438,0.271427085597201
34.83,0.3,69.13564795487,0.327271321300997,0.878057818360619,0.656724093264987,0.271041783644801
34.84,0.3,68.9391608834114,0.326904423250163,0.879929538154783,0.655974530955839,0.271948798906659
34.85,0.3,68.7441549137722,0.330831447388349,0.880138729554521,0.653321640198375,0.270780528326381
34.86,0.3,68.5506767961488,0.331133570543358,0.878471334397438,0.656405224846795,0.269218450756358
34.87,0.3,68.3587723912728,0.330853798106563,0.880928855114306,0.656389914455371,0.269761741300986
34.88,0.3,68.1684866653228,0.33005270074153,0.87879502677584,0.654468661751164,0.269810743661174
34.89,0.3,67.979863685397,0.332346295233004,0.87500816462284,0.654791444273016,0.272564321629124
34.9,0.3,67.7929466155334,0.330051002128623,0.877830673789543,0.654300856968931,0.269920774171578
34.91,0.3,67.6077777132628,0.332181033814987,0.876530424822071,0.655168691929299,0.271748707167408
34.92,0.3,67.4243983266789,0.333900651262519,0.876079776029755,0.655915673209218,0.270435286324291
34.93,0.3,67.2428488920109,0.332529206951956,0.876496726711817,0.652455815241393,0.268566063231212
34.94,0.3,67.0631689316824,0.333645474573239,0.87514808431122,0.655582253244339,0.271784888309286
34.95,0.3,66.8853970528423,0.333628343757613,0.874225331497623,0.652136264023991,0.271902616168596
34.96,0.3,66.7095709463498,0.333462791592214,0.875644093220293,0.65900885978042,0.268425897508477
34.97,0.3,66.5357273861998,0.335534724295958,0.877936331968566,0.656593254141628,0.270936343082002
34.98,0.3,66.36390222937,0.334331908645081,0.875418118336354,0.6559028218978,0.26949021248056
34.99,0.3,66.1941304160764,0.334472170640453,0.877683116798786,0.657565525663126,0.269977733753652
35,0,66.0264459704184,0.336363778850712,0.876059145281121,0.65563062152274,0.271182279393721
35.01,0,65.8608820013994,0.334369385522554,0.873190561297272,0.654900751064911,0.271208756832448
35.02,0,65.6974707043043,0.33256469373439,0.876262956907492,0.656731714302562,0.269929391313223
35.03,0,65.53624336242,0.338557367154543,0.874023879136437,0.658997038309103,0.271877956426465
35.04,0,65.3772303490818,0.335229780286488,0.874966304560157,0.655832722929061,0.270618502733438
35.05,0,65.2204611300281,0.335427398476355,0.872465060671962,0.65586708751823,0.267912612230985
35.06,0,65.0659642660504,0.336671997380227,0.874063887614383,0.657031807052559,0.27022218938845
35.07,0,64.9137674159202,0.336555895823177,0.872676870214144,0.656309281434117,0.270571681226927
35.08,0,64.7638973395778,0.338033825548235,0.873749657896284,0.658139038052464,0.269182215011146
35.09,0,64.6163799015676,0.337030430543655,0.874710345566975,0.657696981917041,0.272090123774277
35.1,0,64.4712400747057,0.339149430415404,0.872279786105392,0.657279156220085,0.271416777612321
35.11,0,64.3285019439606,0.339138840308291,0.872173426890675,0.656832538356564,0.269961341587367
35.12,0,64.1881887105376,0.340491394907987,0.87204552915717,0.655752953443861,0.272190366536083
35.13,0,64.0503226961475,0.33939409959896,0.872692296916361,0.658204038911532,0.270971495827625
35.14,0,63.9149253474479,0.33872597863504,0.87078964251713,0.657749422068523,0.266778251297787
35.15,0,63.7820172406411,0.342264524347329,0.870888959045539,0.657625554525751,0.269463665636318
35.16,0,63.6516180862169,0.341001593028816,0.870215083003685,0.657126809983735,0.269468167924261
35.17,0,63.5237467338241,0.338362195438386,0.870792787497404,0.655984280386441,0.27202567861294
35.18,0,63.3984211772595,0.33797436201511,0.870949361709055,0.656007691881729,0.271597642952877
35.19,0,63.2756585595606,0.340177788326953,0.868908550013803,0.658471293971681,0.270270796365453
35.2,0,63.1554751781895,0.340685597499675,0.867985860688723,0.65701370935919,0.272667370685981
35.21,0,63.0378864902963,0.341395200385269,0.869064323909499,0.658409932087119,0.270521082504878
35.22,0,62.9229071180491,0.339323365707921,0.867738646652326,0.658094732935915,0.269345806505228
35.23,0,62.8105508540209,0.342618190811387,0.869259711403622,0.654497331068243,0.270512836706554
35.24,0,62.7008306666206,0.342897398701253,0.868492515561999,0.660018263784914,0.269965800606905
35.25,0,62.5937587055587,0.340427993419785,0.866546733268985,0.658333360634059,0.26913774474931
35.26,0,62.4893463073366,0.343231051333585,0.868007900980101,0.659872817368048,0.268046769220015
35.27,0,62.3876040007517,0.344376508069633,0.866021850066492,0.658922689777238,0.267787480938751
35.28,0,62.288541512406,0.34059793108532,0.868419191925759,0.660343725734787,0.269496274851579
35.29,0,62.1921677722116,0.344186176115008,0.868198433773064,0.656070710873816,0.270235671781674
35.3,0,62.0984909188843,0.344077199635516,0.866480666835663,0.658605965006246,0.270533366298895
35.31,0,62.0075183054169,0.342125012608044,0.865273457289331,0.659292922535175,0.271213147792477
35.32,0,61.9192565045249,0.340798903612527,0.865341744882679,0.658633675309264,0.269920160138971
35.33,0,61.8337113140578,0.342208086458086,0.86484699053194,0.659189262383192,0.272365268117665
35.34,0,61.7508877623689,0.343534784969748,0.8666953543224,0.659377470854007,0.269413852466871
35.35,0,61.6707901136385,0.345391661902716,0.863998867466255,0.65869053150469,0.270060406188836
35.36,0,61.5934218731443,0.343450983709586,0.867155025333734,0.658674874283718,0.26896654987165
35.37,0,61.5187857924733,0.344894900096991,0.867622992300961,0.657872002408739,0.268247251478121
35.38,0,61.4468838746724,0.343046610265671,0.86330231151262,0.658150603102469,0.269303750526486
35.39,0,61.3777173793315,0.343712735835496,0.864067722076454,0.658957345816257,0.26832907461074
35.4,0,61.3112868275967,0.342716852123778,0.863508009180125,0.660481436555803,0.269065350221592
35.41,0,61.2475920071107,0.346302963110982,0.862354493300437,0.659816695122133,0.270412241908928
35.42,0,61.1866319768766,0.345338018041183,0.863507848167785,0.659387419714831,0.270558487602616
35.43,0,61.1284050720437,0.342415413282606,0.863659114629986,0.658590341280442,0.26972618740728
35.44,0,61.0729089086133,0.345852229860911,0.863512149169089,0.659655287506419,0.268932125257047
35.45,0,61.0201403880636,0.345765642285957,0.86286562985786,0.658954367697118,0.270213295685467
35.46,0,60.970095701893,0.343434325284273,0.862635777660229,0.657372714420801,0.268814942803351
35.47,0,60.9227703360807,0.341475368600927,0.863670893157557,0.656376939894499,0.271818893226083
35.48,0,60.8781590754655,0.344671455704077,0.859731922391856,0.657801920230442,0.267836468898746
35.49,0,60.836256008044,0.345805859151644,0.861785330404129,0.659729388267039,0.269398049264194
35.5,0,60.7970545291878,0.342766186499643,0.859232247225067,0.658905275924197,0.271968825412175
35.51,0,60.7605473457824,0.341788010893574,0.861451776636514,0.658268453827506,0.268337363759192
35.52,0,60.72672648029,0.344325113451431,0.858338041865411,0.660845183251941,0.271253672594226
35.53,0,60.6955832747377,0.346075631796734,0.85939913250033,0.658544953348736,0.274353342963509
35.54,0,60.6662605636154,0.344263312015761,0.860692814808147,0.659453581468449,0.269851219774171
35.55,0,60.6374800841823,0.3456097472732,0.860093868134573,0.660981363583215,0.267204546827917
35.56,0,60.609240133105,0.343562939270102,0.859558152551868,0.657597755932809,0.269368047152332
35.57,0,60.5815387992582,0.346004243132834,0.859539290500878,0.654973397435527,0.270719109695499
35.58,0,60.5543739650294,0.345049478013725,0.85724247438077,0.65668955254936,0.270325587921379
35.59,0,60.5277433077287,0.346098167866339,0.857368659726118,0.656560598371179,0.27116874803717
35.6,0,60.5016443011018,0.344039615932451,0.859380583696567,0.657463740440548,0.271847816136793
35.61,0,60.4760742169468,0.343428337763586,0.859110903155384,0.656148092883232,0.273421672505221
35.62,0,60.4510301268317,0.345331075678132,0.860690531037522,0.65799809639776,0.269976006544812
35.63,0,60.4265089039137,0.345422355055089,0.861180820829536,0.657913762533111,0.274717651363748
35.64,0,60.4025072248572,0.345625514131516,0.85962236102972,0.657539933996836,0.26639432176633
35.65,0,60.3790215718503,0.343844010148022,0.857483350827183,0.65767575213574,0.269593030337277
35.66,0,60.3560482347185,0.341266512201274,0.857789394164014,0.657151156674434,0.271873231664484
35.67,0,60.3335833131333,0.34337681099142,0.858670376273882,0.655795445150496,0.269554304147384
35.68,0,60.3116227189157,0.343272253793569,0.855504782945712,0.657010499960895,0.270049629179593
35.69,0,60.2901621784311,0.344760681930747,0.856025827564993,0.65652491321149,0.27058208782095
35.7,0,60.2691972350758,0.344607547710329,0.855689687609318,0.651978056709838,0.272161156610067
35.71,0,60.2487232518529,0.346782459233935,0.858195789043343,0.657447807175055,0.268351027836106
35.72,0,60.228735414035,0.341278600127552,0.856486093465064,0.655893301972836,0.270149401054523
35.73,0,60.2092287319131,0.342910763399069,0.855047125524047,0.657969365806081,0.273084283894938
35.74,0,60.1901980436289,0.34517162342683,0.855910622890683,0.656032140253673,0.267206242792656
35.75,0,60.1716380180898,0.347563008678046,0.853449847604214,0.656500891410506,0.268271801095281
35.76,0,60.1535431579631,0.343838452676046,0.854829380006781,0.655770725238142,0.273867012806197
35.77,0,60.1359078027487,0.344452844168971,0.854892496562411,0.657157297950064,0.270361923028912
35.78,0,60.1187261319275,0.342357598758806,0.853070172649712,0.654391642026694,0.269656996322147
35.79,0,60.1019921681841,0.344201402656027,0.853978577165628,0.654403539178906,0.270581910539374
35.8,0,60.0856997807003,0.343956677942644,0.853575847475171,0.655730448546622,0.270408314088796
35.81,0,60.0698426885199,0.342787557958792,0.853239975030684,0.651926993876485,0.271631561590766
35.82,0,60.0544144639788,0.344268472005462,0.851510929664079,0.656588212309426,0.269410531750453
35.83,0,60.0394085362019,0.342626310145503,0.854321589912413,0.654891985541625,0.269392826423002
35.84,0,60.2087486374175,0.345243517292368,0.853933241768877,0.653037656611172,0.268151433798993
35.85,0,60.3037146584083,0.342311384625169,0.851076722613794,0.655163772929976,0.268911111580865
35.86,0,60.3639364052061,0.339289802218284,0.853620317784274,0.655566314461466,0.268928914183551
35.87,0,60.4165668989659,0.344096419617925,0.852492666621275,0.655027833831853,0.27072354452643
35.88,0,60.4688895293999,0.340971676603631,0.855175128443725,0.65480491505975,0.268816662343367
35.89,0,60.5226136681445,0.342107926729597,0.853401743030332,0.65198859717252,0.269086285561058
35.9,0,60.578110027346,0.342215347011849,0.85026504662303,0.655514030440317,0.270600632473115
35.91,0,60.6354392271348,0.340969119988902,0.848275490312255,0.653185746753027,0.270951574743815
35.92,0,60.6945904353465,0.341714596603653,0.852133836369848,0.654349134878409,0.2703317951624
35.93,0,60.7555360924929,0.343705313656161,0.848459612401802,0.654221577867538,0.268774673579789
35.94,0,60.818244431789,0.340623141228779,0.853461647059337,0.652857220447781,0.270070338227801
35.95,0,60.8826823474107,0.340559106518584,0.851750696250565,0.653128268649555,0.269439551549375
35.96,0,60.9488160565216,0.339756186784824,0.851024818654246,0.653406452426452,0.271414627576362
35.97,0,61.0166112569284,0.341733883042965,0.847916380642651,0.65439233082685,0.27010568589374
35.98,0,61.0860331695266,0.341268949320051,0.848072767922477,0.652213161887582,0.270036393792144
35.99,0,61.1570465545952,0.342813562914854,0.84958547567374,0.65212124152647,0.26987481286054
36,0,61.2296157223397,0.34136475256054,0.848439312769596,0.650564359541604,0.269356507257311
36.01,0,61.303704542365,0.338217464154809,0.847805070114673,0.653138935049562,0.27012208080138
36.02,0,61.3792764531563,0.337925113058322,0.848138739617124,0.652197226175674,0.270197831402182
36.03,0,61.4562944718229,0.337141258070379,0.849522614106841,0.648143587675303,0.270879527882905
36.04,0,61.534721204166,0.338223887728028,0.847006715142603,0.651097943108585,0.269577523682394
36.05,0,61.6145188550913,0.340933263782439,0.849989653548341,0.649042582131287,0.271658696851622
36.06,0,61.6956492393733,0.338660509848885,0.846882929647454,0.652212940326484,0.270856342038721
36.07,0,61.7780737927788,0.337415380205902,0.845381986312363,0.653089992358122,0.269889050231048
36.08,0,61.8617535835534,0.338378518692905,0.847482445802053,0.650485230496722,0.269726243703747
36.09,0,61.9466493242768,0.335610365650552,0.847912759825937,0.651352075724779,0.269654154762963
36.1,0,62.0327213840884,0.336669282566445,0.845759166962853,0.6503549280176,0.270402943267888
36.11,0,62.1199298012892,0.336701178614419,0.84574576943436,0.647519823939497,0.270371665089137
36.12,0,62.2082342963212,0.336479960456038,0.843553950524237,0.649088413331722,0.270027990955288
36.13,0,62.2975942851262,0.337043263814231,0.84671809601829,0.650455715219273,0.268862217532989
36.14,0,62.3879688928879,0.33541185047565,0.846484411258533,0.650645512616037,0.267107086221402
36.15,0,62.4793169681555,0.336000808597695,0.846946403712946,0.648446111092523,0.271072679857286
36.16,0,62.571597097352,0.337463364651447,0.845484522732973,0.650360581887433,0.269283650373275
36.17,0,62.6647676196658,0.333357129974657,0.845182664238067,0.650708109674367,0.272967512805061
36.18,0,62.7587866423247,0.334745976118564,0.842690956044023,0.649083395206213,0.271739781332852
36.19,0,62.8536120562531,0.334460346986044,0.847985988796047,0.649094019226583,0.271192329908915
36.2,0,62.9492015521077,0.333457023856016,0.843441116869225,0.648048165649254,0.269505288627669
36.21,0,63.0455126366918,0.33430001475382,0.843363425185017,0.649756482736414,0.269736812033156
36.22,0,63.142502649743,0.333852893097926,0.843467365099033,0.64696386460752,0.268962932264604
36.23,0,63.2401287810926,0.332868207480469,0.844714761702151,0.646396931955518,0.269731633824611
36.24,0,63.3383480881913,0.333209069984267,0.844070629798022,0.648043044224819,0.268193852152436
36.25,0,63.4371175139949,0.332963995295645,0.843034828972938,0.649190466131845,0.270524311644046
36.26,0,63.536393905207,0.33187359142196,0.843983860950569,0.647192024873614,0.270007178680002
36.27,0,63.6361340308702,0.331257529633465,0.84248512450203,0.64833911366538,0.272425166414437
36.28,0,63.7362946012999,0.333299695212589,0.842975484632245,0.646993748973257,0.268806207650975
36.29,0,63.8368322873521,0.333459539782628,0.842330675326282,0.648302554745314,0.269105799653148
36.3,0,63.9377037400183,0.330482446203197,0.840896988917049,0.646027952917607,0.271540970624832
36.31,0,64.0388656103365,0.334094315003744,0.841882125189,0.642777162887103,0.272625164418127
36.32,0,64.1402745696104,0.330291207430475,0.843400398102536,0.646358280907031,0.270494714904862
36.33,0,64.2418873299262,0.330140591606465,0.843178603553225,0.647159540851046,0.270561654667897
36.34,0,64.3436606649549,0.328393833160349,0.841908381875083,0.646361554311582,0.26978200952968
36.35,0,64.4455514310303,0.329728091877705,0.842938630162573,0.644839286090797,0.267706899359282
36.36,0,64.5475165884884,0.327507497637339,0.843572835315233,0.646219652716536,0.27112761146322
36.37,0,64.6495132232581,0.32938665234234,0.842756172229738,0.645787067296091,0.268053947057198
36.38,0,64.7514985686862,0.329436292339388,0.841120700811997,0.646030733785931,0.272748706452233
36.39,0,64.8534300275868,0.328064431378022,0.841185784071446,0.646037035772282,0.269595517941038
36.4,0,64.9552651944967,0.326510067166346,0.841802180413735,0.647505862918533,0.270374367772425
36.41,0,65.0569618781246,0.325268213995709,0.841671155302254,0.644635723071034,0.270325139165599
36.42,0,65.1584781239757,0.3265381614112,0.839774229462985,0.646278909722056,0.270821386813295
36.43,0,65.2597722371382,0.327968914978446,0.842945371942659,0.644104898124407,0.268382187847133
36.44,0,65.3608028052125,0.32494696449387,0.840763725469991,0.644789349788686,0.268993231167711
36.45,0,65.4615287213676,0.323851208799855,0.839805370571165,0.642748553066937,0.269520991764433
36.46,0,65.5619092075056,0.325126622566774,0.840868632305793,0.644728829636095,0.272588681213221
36.47,0,65.6619038375173,0.325655018244103,0.842146337200849,0.644436949139033,0.271932230642707
36.48,0,65.7614725606089,0.32430167830604,0.840645947096181,0.643893182581779,0.269172991003409
36.49,0,65.8605757246828,0.325184617797971,0.838860784587782,0.64629229677037,0.271078824414971
36.5,0,65.9591740997507,0.323748304053839,0.838822826150093,0.642478309969387,0.270293539599499
36.51,0,66.0572289013606,0.324360477228678,0.842338792064441,0.645659333729651,0.269124840224773
36.52,0,66.154701814018,0.326100905095113,0.837683223128531,0.642807744466767,0.270998201544308
36.53,0,66.2515550145794,0.321736023612839,0.839834291889839,0.644210204721567,0.268787990286534
36.54,0,66.3477511955987,0.322190295097695,0.841607503355152,0.643805289360848,0.271891242377966
36.55,0,66.4432535886053,0.321929242185871,0.837142261436846,0.642561137500772,0.269465317531207
36.56,0,66.5380259872929,0.322577838822103,0.838092005816061,0.642331780859556,0.267747528747444
36.57,0,66.6320327705962,0.320533598094322,0.838895980035738,0.640027402678987,0.269104516673379
36.58,0,66.7252389256368,0.320067440979991,0.837975752694847,0.641606296515494,0.271562411321977
36.59,0,66.817610070515,0.321563415866879,0.838402340632921,0.644769724442393,0.272212996858729
36.6,0,66.9091124769248,0.319730516937013,0.840875199621119,0.641072460744204,0.269006134718157
36.61,0,66.9997130925735,0.320501868828126,0.83832580106024,0.64282561708982,0.269223329517674
36.62,0,67.0893795633816,0.321681898746739,0.836366030137397,0.643702927283155,0.269393458990272
36.63,0,67.1780802554418,0.316907615501145,0.838048034159237,0.642493661195224,0.26819735514057
36.64,0,67.2657842767166,0.321195379864081,0.835664722546187,0.642772274260372,0.272076568748917
36.65,0,67.3524614984515,0.319391758815941,0.839258233095734,0.643490680856319,0.270503521518618
36.66,0,67.4380825762837,0.319979705973953,0.837799588742245,0.64432612997432,0.271097857823722
36.67,0,67.5226189710245,0.31577112100631,0.837656701261391,0.644207592276965,0.270363360745639
36.68,0,67.6060429690935,0.320857057381352,0.837460499817565,0.641206434631664,0.268174641833311
36.69,0,67.6883277025856,0.3192261318786,0.83934848426542,0.643365508203178,0.269149227951986
36.7,0,67.7694471689485,0.319045372915778,0.834206668375407,0.64263829301342,0.270760082515483
36.71,0,67.8493762502522,0.318924956289802,0.837961736301457,0.642605203301211,0.271399365339758
36.72,0,67.9280907320287,0.315662299346953,0.835710313804251,0.64457803528304,0.270572410850031
36.73,0,68.0055673216637,0.315446087622635,0.836453853272713,0.641233154766068,0.270738428808784
36.74,0,68.0817836663212,0.316788288421974,0.836376266311035,0.641208161749855,0.27194581933823
36.75,0,68.1567183703812,0.316529090174772,0.836855726439352,0.642799777457988,0.271505774316293
36.76,0,68.2303510123741,0.31699167019316,0.834675473284575,0.641760128603354,0.271556322652871
36.77,0,68.3026621613912,0.314281874591635,0.833732434523719,0.642575014975057,0.269651831980939
36.78,0,68.3736333929587,0.317137812913002,0.837294119870511,0.642774002918752,0.268037051328318
36.79,0,68.4432473043529,0.314797712045764,0.834924181697514,0.64035873514094,0.269825883976581
36.8,0,68.5114875293458,0.318333775825983,0.835657359577352,0.643183083593183,0.269877043185813
36.81,0,68.5783387523626,0.314880373758758,0.834878122857883,0.641285974038955,0.269379734407917
36.82,0,68.6437867220366,0.314373386614024,0.834091361786671,0.643503629308885,0.269495417261454
36.83,0,68.7078182641497,0.3167575539942,0.834915953075956,0.641505028254423,0.269937298240751
36.84,0,68.7704212939424,0.313811832203471,0.832248333030677,0.642266226885881,0.271995769444425
36.85,0,68.8315848277818,0.314218060984278,0.836358283825396,0.643328042600409,0.269589942600832
36.86,0,68.891298994176,0.315284596444,0.83533249959245,0.639301978176178,0.27065861328184
36.87,0,68.9495550441243,0.314874256597929,0.832909506760191,0.642210122343225,0.270839377598206
36.88,0,69.0063453607903,0.313700643189415,0.834550287855858,0.642188628475625,0.269086023528192
36.89,0,69.0616634684926,0.313953206676061,0.831077611195116,0.64286791828431,0.270467834877693
36.9,0,69.1155040410003,0.311806435474939,0.833972540959469,0.641562218917832,0.269664333255694
36.91,0,69.1678629091278,0.312871820599749,0.832524399943704,0.640958287639718,0.273407384825089
36.92,0,69.218737067622,0.314144881311134,0.834046569993413,0.6418002335585,0.272373890486449
36.93,0,69.2681246813343,0.313179380728771,0.836656899082463,0.642566948711455,0.272249432826229
36.94,0,69.3160250906739,0.312561865421052,0.834821817477439,0.640394714965008,0.269391067711381
36.95,0,69.3624388163366,0.311956956981634,0.83399181591324,0.643713703559967,0.271247314612455
36.96,0,69.4073675633072,0.311970094582335,0.829745702866531,0.642248897295118,0.271488070809463
36.97,0,69.4508142241314,0.313109186972085,0.834477490214862,0.641441531638797,0.270744153759697
36.98,0,69.4927828814567,0.311877223750198,0.833873563420846,0.640716862082975,0.269898282626139
36.99,0,69.5332788098419,0.311297613083417,0.834653146317487,0.641352459433676,0.269278705104063
37,0,69.5723084768338,0.309450088658446,0.833271847447693,0.64189048955928,0.2685484485732
37.01,0,69.6098795433138,0.311514082362994,0.834182901271278,0.641920734067546,0.272057245983828
37.02,0,69.6460008631161,0.310082345528927,0.832657142499328,0.642070658087786,0.268734980630427
37.03,0,69.6806824819199,0.311128085317812,0.832901887448899,0.639771162288051,0.267303100565319
37.04,0,69.7139356354203,0.31239435508277,0.83261605761289,0.641351331700474,0.268407991049424
37.05,0,69.7457727467823,0.312524028775189,0.833375707664702,0.642142153279078,0.268860519501965
37.06,0,69.7762074233825,0.313075804889834,0.83221326140826,0.641274979169338,0.270790625682455
37.07,0,69.8052544528474,0.311293464924093,0.833037118658525,0.643689642159699,0.27035843300388
37.08,0,69.8329297983932,0.311155604270996,0.830058813995482,0.64451720914617,0.269125647871189
37.09,0,69.8592505934775,0.312321795563571,0.83372016192801,0.6420573858327,0.27002994464174
37.1,0,69.8842351357699,0.309644381629685,0.831868294746598,0.642862122183974,0.270286581506465
37.11,0,69.9079028804527,0.310616432497789,0.832180366590723,0.642565905346691,0.265372674860239
37.12,0,69.9302744328622,0.309361455365882,0.834103038062649,0.643756724555091,0.267855308626023
37.13,0,69.9513715404823,0.310169220398402,0.832298875924673,0.641436489445593,0.267349753138169
37.14,0,69.9712170843012,0.307881636316276,0.831902894292917,0.641000715874424,0.269961856142988
37.15,0,69.9898350695466,0.309192561369167,0.830813523152713,0.643376740561166,0.268886501191687
37.16,0,70.0072506158101,0.31144343849683,0.832336585666843,0.644274711215405,0.269325743009202
37.17,0,70.0234899465782,0.31059046730028,0.833315523251063,0.642884868193863,0.270178496197674
37.18,0,70.0385803781826,0.306939585600515,0.833233485570736,0.641798946421221,0.268436195453929
37.19,0,70.0525503081859,0.308234964955806,0.832782998348105,0.64231526869329,0.270374983143084
37.2,0,70.0654292032204,0.305099817551296,0.831129589682669,0.643473390544842,0.270592558328472
37.21,0,70.0772475862947,0.30907076544739,0.832012688352669,0.639955475807186,0.269033649868002
37.22,0,70.0880370235871,0.309445521093188,0.829834420117554,0.640910771906158,0.274946928643874
37.23,0,70.0978301107423,0.307067251088769,0.830476646983246,0.643783686739165,0.267302252960491
37.24,0,70.1066604586913,0.31049972234466,0.832863374672621,0.644212894672111,0.267790672602897
37.25,0,70.1145626790118,0.308973607059476,0.831756056809724,0.642738396213164,0.272509298147873
37.26,0,70.1215723688492,0.307536881668182,0.830596127186723,0.643744512837485,0.267797125859883
37.27,0,70.1277260954176,0.308208155150968,0.830393649552981,0.64472989004281,0.269530484197685
37.28,0,70.1330613801003,0.313231348666585,0.832523551020556,0.645388096969485,0.27041813715169
37.29,0,70.1376166821711,0.308117418434398,0.837219234342792,0.643926085543226,0.272771894598731
37.3,0,70.1414313821552,0.308441035926501,0.833550140773025,0.647123940576693,0.270182971487358
37.31,0,70.1445457648525,0.30832246332533,0.83157061850898,0.644397355860012,0.271571050092769
37.32,0,70.1470010020421,0.305911212272862,0.830817804619068,0.641494561452069,0.270957682587797
37.33,0,70.1488391348913,0.305680580696382,0.830016816723946,0.644433811324493,0.27314767916726
37.34,0,70.1501030560884,0.305103883177327,0.830973034642925,0.645088006521825,0.268833563264598
37.35,0,70.1508364917223,0.306693406633543,0.831777958237677,0.645299586286231,0.271666995164542
37.36,0,70.1510839829284,0.307421026001214,0.833950020918422,0.644926973953449,0.271504992588316
37.37,0,70.1508908673247,0.307409736300774,0.830111175072213,0.64744334086605,0.271410806398808
37.38,0,70.1503032602569,0.305497043046991,0.832018893798093,0.644643676458544,0.270253538963246
37.39,0,70.149368035876,0.305955522584648,0.833219501250841,0.646759764257339,0.269952983628803
37.4,0,70.1481328080682,0.305667906319869,0.831647332634768,0.643912351366122,0.269133538062054
37.41,0,70.1466459112596,0.30631769957492,0.832097734239799,0.643667837718251,0.270189820306314
37.42,0,70.1449563811152,0.305748273512338,0.831404473417818,0.648173739153076,0.271396133221719
37.43,0,70.1431139351545,0.309017980984809,0.830922472570156,0.648865901805876,0.269855267058
37.44,0,70.1411689533032,0.30353846451783,0.83252349299306,0.647780793830203,0.269090446121724
37.45,0,70.139172458402,0.307071774911447,0.834228361736697,0.646556949402159,0.270972231571714
37.46,0,70.1371760966929,0.304072585423651,0.832506768329017,0.647783886401999,0.267642389238347
37.47,0,70.1352321183016,0.30623273460811,0.830529619540052,0.64629789140245,0.268965023406038
37.48,0,70.1333933577367,0.305327781270895,0.833298441141605,0.646740514922422,0.270116011062801
37.49,0,70.1317132144243,0.306173774404226,0.829057015990332,0.647712705176484,0.269764756765047
37.5,0,70.1302456332962,0.306933615371784,0.832080221774481,0.646383273783354,0.2713816089756
37.51,0,70.1290450854509,0.305862214476908,0.831504685491416,0.648493454678509,0.270254289513074
37.52,0,70.128166548905,0.303886277686605,0.827001245687391,0.647399640857988,0.271234190342244
37.53,0,70.1276654894513,0.307412005377359,0.832761260168445,0.645349552736946,0.270509879638338
37.54,0,70.1275978416422,0.304244949682673,0.831874193874809,0.649655107828792,0.270466693650364
37.55,0,70.1280199899131,0.303256060387804,0.834961928918884,0.649434344750906,0.27094428730585
37.56,0,70.1289887498628,0.304661363663128,0.832585296383781,0.647032587414412,0.268693514037886
37.57,0,70.1305613497053,0.306068233295484,0.829928355360117,0.647598529477354,0.271011550387539
37.58,0,70.1327954119085,0.303493155417199,0.830945366046289,0.649176085736701,0.270301337374509
37.59,0,70.1357489350324,0.305986965673482,0.832386243628006,0.650676588917756,0.270331641941142
37.6,0,70.1394802757827,0.306184748369681,0.832160090684735,0.650074438184054,0.270153824490089
37.61,0,70.1440481312897,0.304079860659755,0.829259874284288,0.650768116460353,0.26977194715311
37.62,0,70.1495115216269,0.306038613165859,0.835129500216004,0.651480102951491,0.270378543000325
37.63,0,70.1559297725794,0.304377173209941,0.834089306154964,0.648464011442579,0.270383785165338
37.64,0,70.1633624986745,0.305058871040218,0.834057132900725,0.648013215273482,0.270339306993879
37.65,0,70.1718695864831,0.307476292426346,0.828901866258016,0.645956511465259,0.268948706014145
37.66,0,70.1815111782015,0.304549043120855,0.832527071542644,0.647819106355485,0.2692091800583
37.67,0,70.1923476555236,0.302946495596393,0.832538034807381,0.650866875314492,0.269011192701896
37.68,0,70.2044396238108,0.303397457608255,0.833603937939751,0.648803366977156,0.269116733235037
37.69,0,70.2178478965667,0.303037837349876,0.833248292639447,0.651906736999941,0.271519561516992
37.7,0,70.2326334802232,0.303714149961431,0.833789928277156,0.650023926667256,0.268976865253072
37.71,0,70.2488575592449,0.303008775426386,0.830859607193956,0.647982022984302,0.270870599039568
37.72,0,70.2665814815561,0.300890856320724,0.831576705750948,0.652793048333191,0.269137679346654
37.73,0,70.2858667442944,0.306896587656852,0.832979492171499,0.652377441633836,0.269480492632868
37.74,0,70.3067749798968,0.301866398925863,0.828298140386697,0.648082847035585,0.268608977715742
37.75,0,70.3293679425184,0.302590099971689,0.830789015002078,0.650104663560838,0.268736105315625
37.76,0,70.353707494788,0.303909951908528,0.832063282158593,0.650042935452603,0.269241819296884
37.77,0,70.379855594902,0.303329963688412,0.831672326959458,0.650645225902641,0.269587078973972
37.78,0,70.4078742840568,0.304527713707267,0.832976283355958,0.654051851965957,0.269333579852114
37.79,0,70.4378256742201,0.303331143943493,0.83107882404744,0.652575554737523,0.269443855035283
37.8,0,70.4697719362411,0.303107839598153,0.832269965561981,0.651350805888067,0.273772881978009
37.81,0,70.503775288297,0.305425802307942,0.833599710768765,0.652516128020029,0.269008763668624
37.82,0,70.5398979846763,0.302859362946618,0.831351054918307,0.651216334782101,0.271094490995043
37.83,0,70.5782023048927,0.304496693086237,0.831688138049297,0.651658750506213,0.270677206289741
37.84,0,70.6187505431307,0.305148992789669,0.8302629257934,0.649939902907894,0.268052965880683
37.85,0,70.6616049980154,0.302760096743915,0.834015808672936,0.653810109745596,0.268385796915514
37.86,0,70.706827962703,0.30113792065768,0.833811632219581,0.652685292237136,0.269114830523096
37.87,0,70.7544817152879,0.301789013265402,0.83421050173579,0.650923880248038,0.269660857285126
37.88,0,70.804628509519,0.299758669042721,0.832971664643698,0.653183460076255,0.269887844753001
37.89,0,70.8573305658198,0.302181108103304,0.832193641715322,0.653889415548785,0.270387222665445
37.9,0,70.9126500626047,0.30134795264704,0.831240585933078,0.651924932863094,0.265964475145644
37.91,0,70.9706491278842,0.300183664826642,0.832563740205259,0.654459621472841,0.269992533608495
37.92,0,71.0313898311508,0.298996063418778,0.83295239545822,0.655202252924478,0.270195408863084
37.93,0,71.094934175536,0.301598935646488,0.834141054920776,0.654547055772053,0.270766896813706
37.94,0,71.1613440902314,0.301062189013682,0.832603404852617,0.654404687434634,0.268727082129933
37.95,0,71.2310316044159,0.301115718109079,0.834068495259456,0.653301203874696,0.27073869038857
37.96,0,71.3065238366896,0.300623282544576,0.834918838525764,0.653706128440492,0.26907628251689
37.97,0,71.3868523887623,0.298106409699991,0.831631580226086,0.655571707391543,0.269698617660653
37.98,0,71.4709892083363,0.29883896373491,0.832164817611255,0.653906170755722,0.267285824405783
37.99,0,71.5586279526976,0.299416748395036,0.832628702362142,0.654629011539356,0.270541216733275
38,0,71.6497198273876,0.299969619871144,0.832578472673371,0.652946192348108,0.271721803929972
38.01,0,71.7442955883879,0.298492746063963,0.833445593697924,0.656292036112869,0.269121665954116
38.02,0,71.8424099719318,0.294748221893936,0.833878605853229,0.653999317602279,0.270539080812131
38.03,0,71.9441248727539,0.297419852138054,0.832701520402448,0.654453723366678,0.269071199682071
38.04,0,72.0495042756414,0.296003671335026,0.835540798015158,0.655256196227421,0.27039155968865
38.05,0,72.1586127272505,0.296658770824014,0.831167863761147,0.656160291390507,0.272032919293038
38.06,0,72.2715148734017,0.295095681868389,0.835097332142477,0.655753777754961,0.270282879674768
38.07,0,72.3882753171447,0.294839830895009,0.835459679265951,0.653351062863378,0.271277086620406
38.08,0,72.5089585734709,0.294751176930068,0.834505208654991,0.656030562395429,0.267531408265769
38.09,0,72.6336290531856,0.295842682415484,0.835621082865388,0.659426425551596,0.270200122896171
38.1,0,72.7623510556037,0.295553825611296,0.836826902927259,0.657151795491832,0.268200647853635
38.11,0,72.8951887639306,0.294028444004764,0.836855067457519,0.656640738643331,0.27170937748402
38.12,0,73.0322062414635,0.294859972386502,0.833389892776827,0.656185992469482,0.270869415748621
38.13,0,73.1734674280384,0.294838375002538,0.832806554218938,0.654883341002064,0.271617862073476
38.14,0,73.3190361365387,0.294128106522328,0.834884040600461,0.659029997676081,0.268589160574332
38.15,0,73.468976049393,0.294379418613189,0.834284321253067,0.657349892249975,0.267200913921211
38.16,0,73.6233507150309,0.292293182638162,0.83642868122599,0.656489285867508,0.269918851225138
38.17,0,73.7822235442721,0.290051118660221,0.833768911144381,0.656591182716186,0.268947663159338
38.18,0,73.9456578066284,0.290325948856399,0.8343085376603,0.656850788510407,0.272100222561292
38.19,0,74.1137166264996,0.28958276186977,0.837670243114741,0.655839290789978,0.269980310724689
38.2,0,74.2864629792452,0.291832466008986,0.836430560761292,0.657771906375979,0.27127091806633
38.21,0,74.4639596871099,0.28905586022708,0.835231212155336,0.655066121348839,0.270381003846692
38.22,0,74.6462694149881,0.290048373403582,0.837526171854133,0.655543417740299,0.27182103391106
38.23,0,74.8334546660049,0.288094520964191,0.836216746406244,0.660228408352831,0.269118930722198
38.24,0,75.0255777768959,0.290256446005397,0.836344159538805,0.656784438853659,0.268549930596152
38.25,0,75.2227009131684,0.288105506661406,0.835360610987743,0.658115481988426,0.269196539344465
38.26,0,75.4248860640227,0.289613100986467,0.838744809577729,0.658937273392984,0.267313813798938
38.27,0,75.632195037017,0.288617849386121,0.837169782531503,0.659277368232061,0.270539071470812
38.28,0,75.8446894524562,0.28649778488986,0.836875369428884,0.655665784390299,0.269577002141626
38.29,0,76.0624307374874,0.288323599972825,0.83454032740874,0.659927576857835,0.270821811285116
38.3,0,76.2854801198825,0.286384970965654,0.836105067586719,0.659742843194593,0.268358675338837
38.31,0,76.5138986214921,0.285925476839752,0.835664395576773,0.657342789145616,0.271744949471343
38.32,0,76.7477470513505,0.282151947881696,0.83517053736719,0.657472781348281,0.272440235194055
38.33,0,76.9870859984167,0.284659642927014,0.83532151246847,0.658313042743096,0.270786724110665
38.34,0,77.2319758239327,0.284531485878665,0.835574399961122,0.659195604430481,0.268479170671831
38.35,0,77.4824766533836,0.283909051014732,0.83914836021086,0.657394079031062,0.272312371198866
38.36,0,77.7386483680415,0.281363897236898,0.837227427787024,0.655721918583142,0.268757830712585
38.37,0,78.0005505960787,0.28164139434953,0.837292919308149,0.658312309433041,0.271213931449472
38.38,0,78.268242703233,0.284366489106176,0.840427877834457,0.659120053540027,0.270185401331136
38.39,0,78.5417837830103,0.279531256258599,0.837390583179252,0.657875056770945,0.270708848422406
38.4,0,78.8212326464101,0.280896808535371,0.835216378122522,0.658036802337573,0.267993546626065
38.41,0,79.1066478111589,0.280566441611269,0.838242335830001,0.660870188090516,0.27029682756276
38.42,0,79.3980874904363,0.279045710899322,0.839143526712587,0.66012485931427,0.270741537961626
38.43,0,79.695609581083,0.276982989422656,0.838733173649875,0.660369015260358,0.270058669966801
38.44,0,79.999271651275,0.278732900528792,0.838283972622299,0.658456642543001,0.269267031946299
38.45,0,80.3091309276529,0.277492886241906,0.839904992748287,0.660039223037066,0.270906386101905
38.46,0,80.6252442818943,0.274394259269362,0.840001267316097,0.659786971712912,0.270049997396266
38.47,0,80.9476682167167,0.274499655281923,0.84158146958616,0.656640739829845,0.269793947057949
38.48,0,81.2764588513032,0.27438437414498,0.840544266667869,0.658409956055245,0.26977884416337
38.49,0,81.6116719061364,0.274820348212962,0.838934593339127,0.656674766612779,0.27060535951111
38.5,0,81.9533626872356,0.2723028142505,0.84038361236293,0.65846727438869,0.27077853413847
38.51,0,82.3015860697858,0.271558699367311,0.839304869380637,0.662310326127295,0.267203163159012
38.52,0,82.6563964811507,0.270795228057785,0.841194300989198,0.65955536088941,0.270135216277887
38.53,0,83.0178478832638,0.272184656059774,0.839234437003513,0.658315559910827,0.271508635460847
38.54,0,83.3859937543898,0.271705512023008,0.843153401328097,0.658513829367896,0.270155396460412
38.55,0,83.760887070251,0.26530762494689,0.841925876681807,0.6595894578864,0.26970160197449
38.56,0,84.1425802845138,0.268805161014821,0.84099233772845,0.657159645176943,0.270039875422969
38.57,0,84.5311253086306,0.268639060446005,0.840330047187076,0.657378058522777,0.269485068891472
38.58,0,84.9265734910358,0.267154529666587,0.840693733426187,0.657008112067994,0.267571145610948
38.59,0,85.3289755956899,0.266276053460212,0.841407237734474,0.656056095792458,0.267629317210586
38.6,0,85.7383817799746,0.262984372839893,0.839145348455287,0.658302848987716,0.270533405874535
38.61,0,86.1548415719354,0.263459614785728,0.841572112897002,0.656594438505877,0.271545406621945
38.62,0,86.5784038468722,0.265011787558329,0.840833734740412,0.658399755848884,0.269114828126673
38.63,0,87.0091168032816,0.264657273893162,0.841541714935851,0.655308798428328,0.270781288883843
38.64,0,87.4470279381504,0.262275049819535,0.844926452635563,0.658108948457173,0.271795369693677
38.65,0,87.8921840216063,0.259949358509011,0.843091971110664,0.656944625942364,0.267772095237046
38.66,0,88.3446310709282,0.26087835993443,0.839569321143654,0.657841032438328,0.270173242024111
38.67,0,88.8044143239226,0.259191408599941,0.84280035386154,0.657584346409612,0.270781389450714
38.68,0,89.2715782116734,0.258118250025077,0.843815744065948,0.655377989924956,0.270254532019548
38.69,0,89.7461663306712,0.257826709190875,0.843896740676037,0.657165172688525,0.269414212545943
38.7,0,90.228221414332,0.256596183966299,0.844076673012683,0.657608523590535,0.266552733967115
38.71,0,90.7177853039155,0.255252132017695,0.843102915463299,0.655518708849502,0.26946797994105
38.72,0,91.2148989188538,0.2588896908041,0.839986758971303,0.656798259345155,0.270800541032096
38.73,0,91.7196022265016,0.252836209374108,0.842126696552524,0.657369700784774,0.271964943127734
38.74,0,92.2319342113244,0.252932777687549,0.84354911228986,0.657525971450655,0.265913338304933
38.75,0,92.7519328435368,0.252637776911927,0.845315357920958,0.657286341255724,0.269164580945104
38.76,0,93.2796350472072,0.251347179819486,0.843618728683509,0.657781302170274,0.266831690703224
38.77,0,93.8150766678475,0.250396524919685,0.846116976387564,0.654674867518026,0.270128135568408
38.78,0,94.3582924395052,0.249202565812453,0.845912948627258,0.65732813545177,0.270072451967351
38.79,0,94.9093159513777,0.247464127201154,0.844619832291518,0.656139312238311,0.269643352395425
38.8,0,95.4681796139699,0.246285861080166,0.84269931445906,0.655763370860975,0.267373377186152
38.81,0,96.0349146248166,0.242767746963248,0.844230171431675,0.657475896927733,0.272134170159044
38.82,0,96.6095509337962,0.242260116502975,0.847903315804085,0.655939762196487,0.267917030685877
38.83,0,97.1921172080553,0.242669364440354,0.842864023180098,0.653443991130008,0.270283341104591
38.84,0,97.7826407965761,0.244856296396441,0.848516536127642,0.655170594151062,0.27220038749343
38.85,0,98.3811476944088,0.240221399883664,0.844739635478819,0.655405321381485,0.270959143804359
38.86,0,98.9876625066023,0.236602908897084,0.845270082008001,0.65739223889604,0.269576901229582
38.87,0,99.6022084118598,0.240186338716016,0.846333976053884,0.656253355588645,0.269178770823284
38.88,0,100.224807125952,0.236890272607046,0.848129019935174,0.654260219152372,0.2667248374912
38.89,0,100.855478864919,0.238520157676846,0.846675267688099,0.653737135566614,0.271153166864948
38.9,0,101.494242308101,0.236023575288819,0.846859650331112,0.657641055292121,0.267339612127256
38.91,0,102.14111456102,0.232729439911868,0.84715335530469,0.655844768387277,0.268957024801452
38.92,0,102.796111118162,0.231716448082957,0.847758657136137,0.654572080656685,0.269732492327123
38.93,0,103.459245825695,0.233906815457862,0.848939762577655,0.657969638000715,0.271689656420173
38.94,0,104.130530844147,0.23040251497619,0.846655868555081,0.653378737530779,0.270292656093214
38.95,0,104.809976611109,0.23032664562336,0.850580619423156,0.656220602694275,0.269564190965872
38.96,0,105.497591803982,0.228285914380457,0.850341228042195,0.656460927253458,0.268796497020172
38.97,0,106.19338330282,0.228061873063887,0.849422321733429,0.654790066153864,0.270957328591431
38.98,0,106.897356153319,0.228683799585219,0.846922389759737,0.651853333374102,0.268441027680806
38.99,0,107.609513529975,0.227399438446929,0.848760394802347,0.652199279593416,0.26957046219569
39,0,108.329856699483,0.222876233616464,0.847875053039487,0.650634781525362,0.270061574226628
39.01,0,109.058384984404,0.22401082674927,0.851139931335404,0.656300877657832,0.27023204969065
39.02,0,109.79509572716,0.222224485330068,0.848607088493118,0.653366799956833,0.271240137901907
39.03,0,110.539984254392,0.222201417910289,0.849948096967782,0.655314153907002,0.269175859673562
39.04,0,111.293043841748,0.219406080350568,0.85169874297137,0.654345215959752,0.271162353836257
39.05,0,112.054265679136,0.220188583432333,0.84655158721219,0.651874239144439,0.270230573864293
39.06,0,112.823638836499,0.21695538809606,0.850280848037234,0.655187826205634,0.271769656173877
39.07,0,113.601150230166,0.214836169053954,0.851961942801268,0.65391725838465,0.270394799020914
39.08,0,114.38678458983,0.214781819549263,0.85107362756887,0.654884501741077,0.267653874180179
39.09,0,115.180524426199,0.212813000248311,0.852586918222196,0.653199670406717,0.269867912177557
39.1,0,115.982349999392,0.212017793344944,0.847673321356275,0.654467058192299,0.269218487936554
39.11,0,116.792239288109,0.211969192103824,0.851498494667837,0.65266238133,0.271669902875965
39.12,0,117.610167959655,0.210797990716096,0.854306799791678,0.651240842215925,0.269679865249528
39.13,0,118.436109340855,0.208159487570013,0.852964530784271,0.651528300157819,0.270797139752497
39.14,0,119.270034389924,0.209670658660161,0.853344254327389,0.652010139684755,0.268587103425194
39.15,0,120.111911669342,0.208811664316043,0.853180017474363,0.651409135138802,0.27053623638868
39.16,0,120.961707319804,0.205112487545194,0.851903985532069,0.653045942753162,0.271082666400339
39.17,0,121.819385035278,0.204498476804102,0.853729702534153,0.647677086728239,0.272728006858911
39.18,0,122.684906039245,0.204453028070819,0.851962461817703,0.651844300223475,0.270548287356376
39.19,0,123.558229062177,0.201025192437758,0.853340601135084,0.651778870417437,0.269406134295066
39.2,0,124.439310320292,0.199082444824668,0.853391423536114,0.653893669220697,0.268804928987081
39.21,0,125.328103495664,0.200469631476633,0.852709886077435,0.651364044316778,0.271063126425229
39.22,0,126.224559717725,0.195976448350518,0.854949524751301,0.651939785026779,0.269240032933759
39.23,0,127.128627546225,0.196357044139019,0.853135400897126,0.648619431162662,0.268148049578133
39.24,0,128.040252955696,0.195749262282717,0.852353201178279,0.652181212385343,0.269560384527335
39.25,0,128.959379321483,0.195322457762703,0.854798182543379,0.650328625634907,0.271878773472438
39.26,0,129.885947407391,0.193799639470344,0.854928734063758,0.649452671737129,0.270766492498618
39.27,0,130.819895354989,0.191166074974271,0.855415331856537,0.650357787540893,0.26914150148624
39.28,0,131.761158674648,0.190958979288647,0.855158152595966,0.649811767851193,0.269974715894308
39.29,0,132.709670238337,0.191915162112455,0.855924336826539,0.652491143192479,0.271929907309173
39.3,0,133.665360274239,0.18799021846625,0.854634985331245,0.650370394276121,0.271479383941588
39.31,0,134.628156363241,0.187629893777238,0.85570562982635,0.64999206252684,0.273334610677876
39.32,0,135.597983437327,0.186588435650527,0.855961166395809,0.646809096462444,0.267845856467178
39.33,0,136.57476377994,0.18713794321249,0.855808261685589,0.651980574803126,0.269988753630038
39.34,0,137.558417028339,0.181488462604158,0.857169444469231,0.650943612204708,0.267611748221566
39.35,0,138.548860178007,0.185417817500076,0.860227459521377,0.649049281007323,0.271247446594307
39.36,0,139.546007589142,0.183636670752292,0.859517360029132,0.649147083509456,0.269882841588622
39.37,0,140.549770995278,0.181959673668139,0.859758718329929,0.647163544066868,0.272764643923911
39.38,0,141.560059514063,0.179849037396656,0.856472099340444,0.6481898464051,0.27335339833314
39.39,0,142.576779660237,0.17758293854897,0.857666473240942,0.648838571336511,0.270335644368594
39.4,0,143.599835360845,0.176445291513301,0.858550373224179,0.647636338846989,0.269851908429487
39.41,0,144.629127972705,0.177132125192116,0.860880014992461,0.647478548861939,0.266984444086236
39.42,0,145.664556302173,0.173631678737907,0.857937096507157,0.647533303549155,0.27233921742172
39.43,0,146.706016627223,0.172614443516253,0.857195205766738,0.647738876233824,0.271142168943614
39.44,0,147.753402721867,0.168793100698513,0.860129850743657,0.646780452285258,0.270341100051616
39.45,0,148.806605882943,0.170617356805337,0.859531892106579,0.648075079960381,0.268162279329081
39.46,0,149.865514959277,0.165785610015293,0.861442538120631,0.644402351028659,0.269660842964821
39.47,0,150.930016383253,0.168753057904778,0.85974610445436,0.645754716030192,0.27084667428274
39.48,0,151.999994204791,0.167933680123505,0.864103637297346,0.645814277602721,0.267965361063581
39.49,0,153.075330127744,0.166375863270737,0.862288015391804,0.6468093042655,0.269949305743091
39.5,0,154.155903548733,0.163700146417544,0.863501334167145,0.647804042156797,0.270967729532939
39.51,0,155.241591598415,0.164678205905994,0.859177659929703,0.644479526816221,0.269655401967199
39.52,0,156.332269185191,0.164130343642778,0.862697013320092,0.645797390252831,0.268428009293442
39.53,0,157.427809041347,0.160702340958747,0.864703261718099,0.643816253613657,0.269770029378385
39.54,0,158.528081771636,0.158157804158837,0.86196752835669,0.644375927769522,0.270638723123208
39.55,0,159.632955904278,0.157335361234037,0.860975365902167,0.644034230181664,0.270687163772234
39.56,0,160.742297944382,0.157353095836953,0.861400696754907,0.644838315007702,0.269384748882345
39.57,0,161.855972429771,0.155121821193781,0.863922872093235,0.646493920743139,0.271891675326314
39.58,0,162.973841989185,0.153205229401372,0.865042468793603,0.639923617903218,0.268575298232539
39.59,0,164.095767402861,0.151598007529879,0.863872155950913,0.646816508692566,0.269741793837083
39.6,0,165.221607665445,0.152890388612675,0.865272546033849,0.645206615668265,0.268615941729719
39.61,0,166.351220051225,0.151243063882044,0.865425488940436,0.642258105143456,0.270632499260314
39.62,0,167.484460181652,0.15211647436855,0.863702467322338,0.642390825077989,0.272829350037973
39.63,0,168.621182095106,0.147727988028859,0.86516448675537,0.642969929433613,0.271496000306615
39.64,0,169.761238318888,0.147378563162088,0.865162115518274,0.647529421133633,0.271922227466088
39.65,0,170.904479943375,0.145579387443659,0.865984787846078,0.642032519238931,0.270990218274087
39.66,0,172.050756698324,0.144899089506857,0.866823290897729,0.644033035523554,0.267359457492773
39.67,0,173.199917031247,0.144373091237628,0.865570599563317,0.64177845324765,0.271176198413907
39.68,0,174.351808187836,0.142600382785215,0.867861647366202,0.643086793086121,0.269301364024466
39.69,0,175.50627629436,0.141270912938871,0.867146824798458,0.64275655998278,0.268308885569958
39.7,0,176.663166442,0.137746972519506,0.865558053502775,0.643134865752307,0.269142561989798
39.71,0,177.822322773049,0.139400726066896,0.866597619683301,0.645024768595377,0.271214161835511
39.72,0,178.983588568913,0.137170598537069,0.866961981562389,0.643053163287082,0.269837939455933
39.73,0,180.146806339864,0.135373685282253,0.868802300514838,0.644108886481495,0.269887952626781
39.74,0,181.311817916457,0.134361792738499,0.868996834064351,0.642868503861617,0.272654949164605
39.75,0,182.478464542557,0.137769447056702,0.866811960816822,0.64022132546097,0.269838729359372
39.76,0,183.646586969883,0.131542725364576,0.869662716838243,0.644436118884213,0.267377724900792
39.77,0,184.816025554016,0.132779462102869,0.868012227675538,0.641596898243136,0.271759371248698
39.78,0,185.986620351772,0.131735947163081,0.867601840929235,0.641544420378627,0.268716755621672
39.79,0,187.158211219868,0.130086279566701,0.869884910792585,0.644401561287821,0.269018173378926
39.8,0,188.330637914794,0.129779064750578,0.872283193584183,0.645035645446245,0.270274405501085
39.81,0,189.503740193807,0.128350232378877,0.871109583982741,0.64304653580498,0.27099848742603
39.82,0,190.67735791695,0.128773718695181,0.871424157127465,0.643589256399432,0.268835287656238
39.83,0,191.851331150026,0.125276799310203,0.872258102450801,0.642375094015619,0.270220323188705
39.84,0,193.025500268399,0.122487775697091,0.868533377035747,0.642956330964994,0.270916880041574
39.85,0,194.199706061571,0.124485809888005,0.872828609593707,0.642402324414496,0.271383624059808
39.86,0,195.373789838395,0.124913522816699,0.871915849877383,0.642264407016127,0.269698059654709
39.87,0,196.547593532868,0.122055487255587,0.871158040282273,0.644828518888268,0.269844496853163
39.88,0,197.720959810361,0.11862984127721,0.869058192205652,0.640452920152344,0.271258792620384
39.89,0,198.893732174231,0.120094038347839,0.871553779545909,0.641276660384069,0.26904731852473
39.9,0,200.065755072672,0.116217720476986,0.872034096887258,0.63993400950299,0.269314754649796
39.91,0,201.236874005732,0.117698745473672,0.872648190220209,0.641744132100985,0.269775192357206
39.92,0,202.406935632375,0.117819548182844,0.872092716865902,0.641235232856422,0.270771194296328
39.93,0,203.57578787749,0.115915199716272,0.875656862736881,0.641168976351952,0.269631334633187
39.94,0,204.743280038747,0.114796727702441,0.873174140973681,0.64188559203307,0.271020604594615
39.95,0,205.909262893178,0.114294956557652,0.872737975378706,0.638621994439991,0.269971712940511
39.96,0,207.073588803402,0.11156687729633,0.873543392992889,0.637833125986152,0.26850266670473
39.97,0,208.236111823361,0.113645748385986,0.874137254385078,0.640782658864648,0.270562695969925
39.98,0,209.39668780349,0.110841675327967,0.872023619542411,0.641885455669488,0.271248630724052
39.99,0,210.555174495185,0.108327179851094,0.872887768521437,0.641864702489379,0.268034573842365
40,0.3,211.711431654493,0.108202269695108,0.875573507415759,0.640918277131009,0.270380328454765
40.01,0.3,212.865321144899,0.104601480300817,0.874335352290371,0.64407160209421,0.270759882597354
40.02,0.3,214.016707039121,0.105312188756966,0.876993623346717,0.641242436635981,0.270413006790139
40.03,0.3,215.165455719789,0.10605667043308,0.877555934271756,0.644118687866401,0.270520953671976
40.04,0.3,216.311435978942,0.106555421799049,0.873919130581657,0.640051906365875,0.270107395824834
40.05,0.3,217.454519116197,0.105713608878791,0.876928306695962,0.64151460479128,0.267565430185896
40.06,0.3,218.594579035536,0.103012327435959,0.87816027988151,0.6441493701998,0.270768547397035
40.07,0.3,219.731492340576,0.102940578158454,0.878761971515784,0.642962812788741,0.270418442317678
40.08,0.3,220.865138428253,0.100792140478634,0.876861022962742,0.641143130143101,0.270524106784203
40.09,0.3,221.995399580808,0.0996452192474168,0.879273641079077,0.639972691940526,0.273054769701404
40.1,0.3,223.122161055991,0.0996767810281578,0.880572494881045,0.641505203696204,0.271752740595152
40.11,0.3,224.245311175395,0.0999449834661207,0.876993621124485,0.641053907586343,0.267694946978506
40.12,0.3,225.364741410827,0.0959642259872244,0.878331666421446,0.642276910709673,0.269008022267089
40.13,0.3,226.480346468623,0.0950613845682368,0.879055770515403,0.638052436868787,0.269756887971368
40.14,0.3,227.592024371851,0.0931855810723798,0.880082833180294,0.641220593508912,0.269769856738572
40.15,0.3,228.699676540286,0.0958087416136414,0.878083416202461,0.642593544388353,0.270932915969601
40.16,0.3,229.803207868104,0.096083832531614,0.881668787961548,0.644200865452858,0.267151403404266
40.17,0.3,230.902526799212,0.0951491225743535,0.880101982527081,0.641731041233932,0.268575147900259
40.18,0.3,231.997545400144,0.0937713758336653,0.881903283992925,0.642273422629225,0.270288955235564
40.19,0.3,233.088179430448,0.0928448467547384,0.880219340870916,0.641622973244262,0.269878038872888
40.2,0.3,234.174348410506,0.0909210998814095,0.881192024661722,0.640157057537589,0.270431987003734
40.21,0.3,235.255975686721,0.0893370713687874,0.880400265104553,0.642111808356535,0.268393743990466
40.22,0.3,236.332988494008,0.0869233448778459,0.880292263981698,0.644094917540421,0.270901996599432
40.23,0.3,237.405318015543,0.0902320111631609,0.881547387491346,0.643716499546231,0.2699383194672
40.24,0.3,238.472899439705,0.0885268833429541,0.880852875950533,0.643369372134334,0.274114153176582
40.25,0.3,239.535672014174,0.0878569484422995,0.88181707557756,0.641784454852242,0.267178973864098
40.26,0.3,240.593579097124,0.083895969172722,0.881363060415781,0.642617231101736,0.270371143380557
40.27,0.3,241.646568205494,0.085658619902401,0.881067130755532,0.644039633915877,0.270071683287919
40.28,0.3,242.694591060269,0.0843136296488013,0.885144865065039,0.643204011988352,0.27109515327298
40.29,0.3,243.73760362876,0.0842731391930126,0.882459464529589,0.640777728336542,0.269618136764552
40.3,0.3,244.775566163843,0.0832549378087861,0.884347168199036,0.641706777970774,0.269338804575344
40.31,0.3,245.808443240124,0.0821623098435629,0.883306114280638,0.644648854689452,0.271506785393833
40.32,0.3,246.836203787021,0.0813060761523786,0.884417649985503,0.643086634410009,0.269454993433544
40.33,0.3,247.718025114195,0.0805037633847088,0.882357273011302,0.643183109881291,0.271362706058038
40.34,0.3,248.350495645699,0.0813413311847367,0.886675458862424,0.645912375690516,0.273051252171847
40.35,0.3,248.884180450784,0.0811777648530127,0.886677968588114,0.642128889272841,0.268518616216593
40.36,0.3,249.264004330001,0.078170902518155,0.884930264922895,0.642598122085776,0.270658473344328
40.37,0.3,249.351167590662,0.0788385428581603,0.883465484478373,0.64094014003892,0.271771259453353
40.38,0.3,249.436679654788,0.0794266434222494,0.885612526465678,0.642375875777335,0.269483669928892
40.39,0.3,249.520557674319,0.0801537611994821,0.886483163499067,0.640642676718158,0.269114522328017
40.4,0.3,249.602819311712,0.0805123714735489,0.886896367312618,0.643727978658,0.268835350195788
40.41,0.3,248.261825497845,0.0822928018135947,0.887161448929532,0.644188440773685,0.270024246254879
40.42,0.3,244.615565865988,0.0829324387457866,0.886782737054375,0.645988186514796,0.26930091604791
40.43,0.3,242.241786787693,0.0863470883556138,0.887133415914303,0.644649019426347,0.269677054077188
40.44,0.3,240.361734837026,0.08783135577575,0.887180164418291,0.643535091025656,0.271153818519696
40.45,0.3,238.634853546037,0.0859370431756323,0.888922767913905,0.642786073002458,0.270925354543792
40.46,0.3,236.956886030015,0.0883281139161098,0.886840048718944,0.644571045573145,0.269984273941326
40.47,0.3,235.297568072038,0.091727751208636,0.886347432493026,0.64242637879845,0.26872688795106
40.48,0.3,233.648266658133,0.0928139740987112,0.886386440437183,0.644273991980859,0.269845191280988
40.49,0.3,232.006589793082,0.0964223543612264,0.887734772757936,0.644543527459269,0.273829737496966
40.5,0.3,230.371939291405,0.0963580021568211,0.886911034497493,0.64397011112991,0.270000604067873
40.51,0.3,228.744231013031,0.0964842374840044,0.888717052813279,0.644080503237569,0.270961160001313
40.52,0.3,227.123527226566,0.0959382107042913,0.888901398081996,0.643773277786074,0.270566657855827
40.53,0.3,225.509931105564,0.101708075772167,0.888269494821895,0.647197616523551,0.269570687242621
40.54,0.3,223.903556448938,0.104305497693476,0.889168327877842,0.646073203418215,0.271637623927799
40.55,0.3,222.304518960337,0.102827996598632,0.889375787137327,0.647662669780346,0.270782838334018
40.56,0.3,220.712933699368,0.103128570110133,0.888438277336455,0.64728153409164,0.270015943522928
40.57,0.3,219.128914298805,0.109132239713538,0.892269225315109,0.645670154871643,0.268809348713724
40.58,0.3,217.552572687951,0.109357483873739,0.889773572389978,0.646534409692264,0.268084434243254
40.59,0.3,215.984018962367,0.107884579455169,0.891350613304258,0.646420101413487,0.269559453575488
40.6,0.3,214.423361297397,0.109826101197596,0.891285534424792,0.645434298521836,0.26803357189268
40.61,0.3,212.870705876262,0.111000205210787,0.890996849257757,0.646729948647004,0.270830340588923
40.62,0.3,211.326156824421,0.115286768648502,0.890073503581841,0.648753727474052,0.269691082561621
40.63,0.3,209.78981614782,0.114963646278917,0.888186338268692,0.646939090868101,0.268198905381556
40.64,0.3,208.261783674373,0.116289633852271,0.890201989265132,0.647677734157914,0.27004362825013
40.65,0.3,206.742156998468,0.119534486971743,0.890289116637836,0.644332105539042,0.270230224902338
40.66,0.3,205.231031428429,0.121951877909668,0.891941295663407,0.645589000247135,0.268749651707264
40.67,0.3,203.72849993691,0.120651069032396,0.887910133765936,0.647207708271024,0.269904055838553
40.68,0.3,202.234653114194,0.124914935682719,0.892650422804703,0.647437981377465,0.268679888904466
40.69,0.3,200.749579124382,0.122512040948493,0.891656955686962,0.648301807772744,0.270285800252425
40.7,0.3,199.273363664441,0.129618812369904,0.89284380070881,0.646858630283583,0.269710515623353
40.71,0.3,197.806089926089,0.12946958154482,0.895358491226387,0.646995335255587,0.269214237681363
40.72,0.3,196.347838560488,0.127492655123493,0.895392136806025,0.649101468121669,0.270653921818852
40.73,0.3,194.898687645718,0.13095560222823,0.893754040758616,0.647819959904377,0.269747937948644
40.74,0.3,193.45871265698,0.131909789198437,0.897011247803539,0.647921503631331,0.269091972194362
40.75,0.3,192.027986439529,0.131235371893779,0.895469854443788,0.649273844495594,0.270026029238516
40.76,0.3,190.606579184252,0.136234865797697,0.894895273514673,0.652678410933096,0.271652142211329
40.77,0.3,189.194558405897,0.138152686677366,0.892242435084649,0.647596576124706,0.270861193133789
40.78,0.3,187.791988923873,0.136896325183276,0.89345406306157,0.648986212961323,0.271975713830471
40.79,0.3,186.398932845601,0.143368702996457,0.897384185403247,0.648102867032255,0.27135699956873
40.8,0.3,185.015449552366,0.141620503101462,0.894308142484647,0.648649332209158,0.269500405390238
40.81,0.3,183.641595687607,0.142514929035631,0.897875345283955,0.647622897247379,0.269923571629303
40.82,0.3,182.277425147623,0.145173822803882,0.900084273746364,0.64751648167855,0.270781826410217
40.83,0.3,180.922989074613,0.146997194978383,0.898338390815483,0.650083267382398,0.269346352180072
40.84,0.3,179.578335852026,0.14577614644147,0.898257337776101,0.650928305536447,0.270384365156311
40.85,0.3,178.243511102154,0.147678858976945,0.8992147861096,0.650531812314945,0.271120896704051
40.86,0.3,176.918557685905,0.151889097616455,0.894599149459648,0.648298541238661,0.269607806446882
40.87,0.3,175.603515704726,0.150047447894438,0.900745643983376,0.650358952182309,0.269257580476929
40.88,0.3,174.298422504589,0.153494807786417,0.897864880551679,0.646892304439014,0.271498048579698
40.89,0.3,173.003312682007,0.154401235244119,0.898732555603832,0.65180022388258,0.269039459151155
40.9,0.3,171.718218092004,0.15480368949658,0.90037313614671,0.651864240622915,0.269381178778093
40.91,0.3,170.443167857997,0.153981420232249,0.898660670349418,0.651981017084837,0.266575024106352
40.92,0.3,169.17818838351,0.163657800575681,0.899259687793756,0.651661304315417,0.271360428259863
40.93,0.3,167.923303365679,0.160546533552042,0.901850922879723,0.649256296487021,0.267478753816428
40.94,0.3,166.678533810475,0.163602523238983,0.900614587434279,0.653302499013076,0.270455481747143
40.95,0.3,165.443898049594,0.165009811986138,0.901819861917432,0.652353680677057,0.272237829416502
40.96,0.3,164.219411758936,0.167266322897966,0.90084172009371,0.654040920179927,0.269687800149923
40.97,0.3,163.005087978638,0.166393427809347,0.899712303647753,0.650015542909356,0.27173951065445
40.98,0.3,161.800937134575,0.168266206457598,0.901139065382348,0.649055544217057,0.269592113167102
40.99,0.3,160.606967061279,0.167913208633281,0.902182804554872,0.651373823823877,0.271365907939207
41,0.3,159.423183026217,0.173142891897322,0.903231271693231,0.651369079113183,0.271022837774345
41.01,0.3,158.249587755364,0.1713447040228,0.901253927818776,0.653529583782039,0.270179557809593
41.02,0.3,157.086181460009,0.173213729769144,0.901562406049263,0.652244224902266,0.272005208495143
41.03,0.3,155.932961864733,0.177247320980893,0.903954404001402,0.65182417429411,0.270021832919159
41.04,0.3,154.789924236512,0.176209126642877,0.900350589666704,0.653048768149936,0.269679891537669
41.05,0.3,153.65706141486,0.178967067104157,0.901054685907192,0.652782437656718,0.2704819600364
41.06,0.3,152.534363842986,0.179269007205293,0.901943644167726,0.651814946612103,0.269564172351632
41.07,0.3,151.421819599881,0.181310747401825,0.902575991156096,0.653197737928143,0.27123853617906
41.08,0.3,150.319414433283,0.18278567444781,0.904639583417307,0.653899658983057,0.272841616785632
41.09,0.3,149.227131793483,0.185050254818531,0.90144585990711,0.655929299148802,0.270076238987394
41.1,0.3,148.144952867886,0.185244101572308,0.901663040908506,0.657046770522695,0.266512867223273
41.11,0.3,147.072856616295,0.187456425944723,0.904144495657627,0.654020833040758,0.2698666353311
41.12,0.3,146.010819806859,0.186987314662913,0.905989807758863,0.654694778607084,0.268555531734099
41.13,0.3,144.95881705262,0.188798460977813,0.903388212900822,0.657430834263459,0.267990068815093
41.14,0.3,143.916820848632,0.192639661235145,0.903617509503,0.654009104501615,0.26727552776163
41.15,0.3,142.884801609576,0.195166757734936,0.90451218337299,0.654047514231643,0.270559452032064
41.16,0.3,141.862727707834,0.195257671743671,0.905198912721421,0.655625338214563,0.266361141481926
41.17,0.3,140.850565511978,0.196405777849192,0.903920251593891,0.656109425068265,0.270654604235125
41.18,0.3,139.84827942561,0.198365058792089,0.905815895655142,0.65211748931758,0.269239669712126
41.19,0.3,138.855831926531,0.197330794927759,0.903235111582113,0.656803257275807,0.270680622787517
41.2,0.3,137.873183606171,0.198657458424562,0.90170088489027,0.658421749987673,0.267462820995209
41.21,0.3,136.900293209249,0.203125227742348,0.90387621791262,0.65447764004183,0.269953781293966
41.22,0.3,135.937117673621,0.201909921454897,0.905463023681421,0.653681911162906,0.270352981192885
41.23,0.3,134.98361217027,0.204439060547551,0.904441554877212,0.654481985567956,0.269941564956573
41.24,0.3,134.039730143403,0.207440616037449,0.906301508727598,0.655789787777073,0.272077102970728
41.25,0.3,133.105423350611,0.208971252470991,0.905140199141495,0.654888067422544,0.269734507915508
41.26,0.3,132.180641903065,0.211059229991889,0.906246046927986,0.657416096721954,0.270886866841685
41.27,0.3,131.265334305701,0.209062625160614,0.905050766329411,0.659673071477423,0.271181393234442
41.28,0.3,130.359447497366,0.21297437719019,0.906419264117844,0.656443949316679,0.270515256583327
41.29,0.3,129.462926890897,0.211302284697153,0.906068703021123,0.656028354737433,0.268725616301269
41.3,0.3,128.575716413089,0.214364928374241,0.905921252702353,0.655561347872343,0.270608817102951
41.31,0.3,127.697758544531,0.216614062314588,0.907935305610607,0.656580230947811,0.269554184719757
41.32,0.3,126.828994359285,0.215691633280343,0.907275220572601,0.657575666321317,0.271080913238065
41.33,0.3,125.969363564366,0.219505940900523,0.90707424019692,0.659189545863851,0.270810791732298
41.34,0.3,125.118804539016,0.219225194804588,0.908904927270648,0.656988825077199,0.272047608921063
41.35,0.3,124.27725437373,0.223848744111564,0.908985379613025,0.659046715111603,0.271962139035052
41.36,0.3,123.444648909023,0.222431188588398,0.907199366313416,0.657940866970163,0.26785654029802
41.37,0.3,122.620922773911,0.223739436968532,0.909512736670637,0.656703588741716,0.271965505546046
41.38,0.3,121.806009424083,0.225333240380699,0.90685226552356,0.657532627629131,0.270590055616393
41.39,0.3,120.999841179754,0.22737755195228,0.910447380471623,0.655411013900569,0.269292458724313
41.4,0.3,120.20234926317,0.22752388046264,0.910214987008764,0.657713002066931,0.269727493865584
41.41,0.3,119.413463835754,0.230309481182978,0.907551982009342,0.658470143897782,0.269635135719795
41.42,0.3,118.633114034879,0.231665447580666,0.910187834521729,0.660593479137865,0.269795159640146
41.43,0.3,117.861228010248,0.232564061657054,0.910079334652753,0.659372454188591,0.268537871741519
41.44,0.3,117.097732959879,0.23370057040831,0.908900513134451,0.660512985596571,0.270648627809759
41.45,0.3,116.342555165666,0.235326072875951,0.910808353810067,0.657566806802577,0.269584192582974
41.46,0.3,115.59562002852,0.236114239040124,0.90893638786468,0.658293140772928,0.272787586395247
41.47,0.3,114.856852103079,0.239657705008329,0.908695938127519,0.658039854640921,0.269903598410961
41.48,0.3,114.126175131969,0.240949007418053,0.91009519492804,0.654905177036687,0.271793438626549
41.49,0.3,113.403512079622,0.24234093523177,0.909871171501912,0.65840486411239,0.26992795975976
41.5,0.3,112.688785165627,0.243754935728536,0.909332832371343,0.656676851207359,0.271276291425737
41.51,0.3,111.981915897633,0.241384878485339,0.908736977723519,0.656772261042317,0.270549378288749
41.52,0.3,111.282825103775,0.24442936621569,0.909151150381709,0.658726880502634,0.269538251092656
41.53,0.3,110.591432964641,0.24497168323401,0.912595913345178,0.658921675294377,0.268903137247167
41.54,0.3,109.907659044754,0.246117466807939,0.909944141935555,0.658041671330739,0.269617362502079
41.55,0.3,109.231422323599,0.249627350585772,0.914485903454787,0.660832551681975,0.270997465825251
41.56,0.3,108.56264122616,0.253602868945649,0.91166451660514,0.65692277165641,0.270088239472475
41.57,0.3,107.901233652996,0.250901993252721,0.909053381438026,0.657614919272729,0.270916476789304
41.58,0.3,107.247117009839,0.249768674316577,0.911604850245863,0.661407843261481,0.269312004393189
41.59,0.3,106.600208236726,0.253860174081642,0.912045986116162,0.656139398367539,0.267390724221198
41.6,0.3,105.96042383666,0.256054642422036,0.91080523602022,0.659559219242267,0.265966707329891
41.61,0.3,105.327679903809,0.254547414396638,0.910815002491824,0.657465906608037,0.268804620231242
41.62,0.3,104.701892151246,0.257407516965387,0.915007136781756,0.656940903823129,0.268665774140766
41.63,0.3,104.082975938234,0.260435239050593,0.913281931894572,0.659419750561569,0.268694631551627
41.64,0.3,103.470846297059,0.260711786623072,0.914561964386862,0.658661968921552,0.270240137120242
41.65,0.3,102.865417959424,0.262128692044261,0.912993198779167,0.661202438983363,0.267724363734151
41.66,0.3,102.266605382396,0.26244052346297,0.914053652453607,0.657890751287905,0.272338362119344
41.67,0.3,101.674322773936,0.263781574938824,0.910202576854092,0.658284059055145,0.269143415285123
41.68,0.3,101.088484117994,0.26534988835553,0.911198924917806,0.659070471776796,0.270870887806304
41.69,0.3,100.509003199199,0.267138605564511,0.910836619143533,0.657859540381618,0.270315842651523
41.7,0.3,99.9357936271292,0.268457376776456,0.913375526480355,0.657429035439576,0.269716743424341
41.71,0.3,99.3687688602016,0.269324061654392,0.9117261632713,0.65768125461568,0.269091013830306
41.72,0.3,98.8078422291555,0.269227440555056,0.91272930802957,0.657137126880674,0.268793043616003
41.73,0.3,98.2529269601678,0.272362682700106,0.911836379289676,0.657514491815971,0.27007645677027
41.74,0.3,97.7039361975929,0.272410719907962,0.912323691938625,0.659136776393299,0.269355955166812
41.75,0.3,97.1607830263446,0.275712131292007,0.915284329018713,0.658451599780464,0.271631370508764
41.76,0.3,96.6233804939267,0.274950910526186,0.914143353849347,0.658658512462224,0.270806082472287
41.77,0.3,96.0916416321251,0.277307992127063,0.91200310183575,0.658539934721425,0.270509782576433
41.78,0.3,95.5654794783696,0.278005512825482,0.913086836439075,0.657536548258199,0.271132928016235
41.79,0.3,95.044807096778,0.276950672769785,0.912677225874321,0.658649097682839,0.269954308909502
41.8,0.3,94.5487862736782,0.280390696754634,0.914657950288069,0.65580928379608,0.27004857723226
41.81,0.3,94.0893026722283,0.282086551518198,0.91496571496557,0.658763885235155,0.271205011824298
41.82,0.3,93.6447177983072,0.279425147989364,0.916659371772599,0.662239917875458,0.269701706477045
41.83,0.3,93.2394237887407,0.280278978751619,0.915134812929927,0.661041309450488,0.27034744897782
41.84,0.3,93.1135698749674,0.283744804680863,0.915184279428485,0.661699105575098,0.270966635023283
41.85,0.3,93.1357593827064,0.279905091675195,0.916127302435939,0.657624181028826,0.270937876223042
41.86,0.3,93.1689517159397,0.284473436567383,0.916581711958973,0.656271488748895,0.269629517835706
41.87,0.3,93.2023932891047,0.280288747261611,0.917931843896156,0.655300048057859,0.269662751816412
41.88,0.3,93.236077423335,0.280553514483333,0.914792625798923,0.655872784058503,0.274014092041841
41.89,0.3,93.2699972418945,0.282226599206394,0.917552178272067,0.658882228828913,0.270939160438646
41.9,0.3,93.3041456730847,0.283248285726047,0.916256008311079,0.660792188810195,0.26836538075214
41.91,0.3,93.3385154532337,0.281606929352084,0.91560262456836,0.657053802820701,0.271527010059526
41.92,0.3,93.3730991297632,0.282316182154387,0.917049804620114,0.654187106426012,0.269436380361253
41.93,0.3,93.4078890643348,0.2814305016996,0.914963338356692,0.659263074924092,0.272574193737602
41.94,0.3,93.4428774360707,0.282003486971174,0.916235973054992,0.656812095808568,0.268509441176537
41.95,0.3,93.4780562448479,0.28300786668773,0.914955476891383,0.657546428399598,0.269931639176145
41.96,0.3,93.5134173146645,0.28052746943469,0.914788538841426,0.655079845057146,0.269850206833063
41.97,0.3,93.5489522970758,0.281170992480932,0.917792451511617,0.655779628902742,0.268532491003464
41.98,0.3,93.5846526746972,0.281932312821391,0.915892426472175,0.65725352647343,0.269008592922953
41.99,0.3,93.6205097647735,0.282869412218038,0.914714779108039,0.656480128109988,0.269876420798006
42,0.3,93.6565147228112,0.283324311915827,0.917600325463774,0.656082798594848,0.272282008104349
42.01,0.3,93.6926585462723,0.282530776172746,0.917167310175169,0.658839435402378,0.273561196597605
42.02,0.3,93.7289320783274,0.283890608770575,0.914776651922123,0.656538671552713,0.26845214527561
42.03,0.3,93.7653260116659,0.285113235649981,0.919079127433179,0.657306259735398,0.270214992292515
42.04,0.3,93.8018308923614,0.28528963963479,0.914323368497287,0.655320648804349,0.272389158673548
42.05,0.3,93.8384371237899,0.281703529560629,0.914442890061711,0.65428173995484,0.2705954224111
42.06,0.3,93.8751349705988,0.280765087988649,0.916043582864527,0.655794805315168,0.270764443818943
42.07,0.3,93.9119145627241,0.283370399131634,0.917713018586941,0.658295172185331,0.270772867825237
42.08,0.3,93.5862866134751,0.281797199428018,0.920311037603279,0.654735835309611,0.269475008696414
42.09,0.3,93.3084106093548,0.282581751449965,0.915693281253113,0.655302108703734,0.269749065594654
42.1,0.3,93.1173687485188,0.286505742457809,0.916016717245352,0.657547117773419,0.269983630211541
42.11,0.3,92.9702364876135,0.285435591062231,0.917890358173157,0.65426866084756,0.272024456637304
42.12,0.3,92.9816145202306,0.286050499367548,0.917967461951158,0.652688564539676,0.269034931815117
42.13,0.3,93.0182311662093,0.287872032698656,0.915599576758206,0.6560324062587,0.270995919834643
42.14,0.3,93.0548569324416,0.286680035306797,0.915485493864442,0.654714538356744,0.270407936714113
42.15,0.3,93.0914811488776,0.284497940877891,0.916634896751088,0.65422301694238,0.267890564535347
42.16,0.3,93.1280930498888,0.283929955065485,0.917183065351084,0.65428044217787,0.268200000776326
42.17,0.3,93.1646817785997,0.284179761087168,0.919130672275425,0.654489609946888,0.272803734371542
42.18,0.3,93.201236391245,0.284141352637637,0.91794666060008,0.655752313148243,0.269058209320233
42.19,0.3,93.2377458615489,0.282720155946346,0.917258852979419,0.653647388581243,0.269748070408569
42.2,0.3,93.2741990851246,0.28471323541248,0.918642012065853,0.652846988429043,0.269160887756782
42.21,0.3,93.3105848838922,0.287321257820599,0.920310081270924,0.652761851934871,0.272074069062613
42.22,0.3,93.3468920105138,0.28786090766008,0.919075654913718,0.65147139042487,0.267728602402069
42.23,0.3,93.3831091528411,0.284953382556007,0.917850662020226,0.653628827384597,0.271377636925138
42.24,0.3,93.4192249383769,0.285533664593104,0.918550439281677,0.651557725238214,0.269188889579259
42.25,0.3,93.4552279387463,0.28604500339008,0.917780955281462,0.651766627796939,0.270352530647042
42.26,0.3,93.4911066741759,0.285400965838678,0.917301836985027,0.654257611206357,0.269712236455296
42.27,0.3,93.5268496179801,0.286522620869901,0.917696990936881,0.651997080827366,0.270101330742628
42.28,0.3,93.5624452010512,0.285666075289877,0.918133185728563,0.654719263484621,0.270197995931113
42.29,0.3,93.5978818163525,0.285294143501675,0.917847602257974,0.649492522618318,0.269036356495882
42.3,0.3,93.7037915857359,0.285069080974565,0.919160870601378,0.649749333952274,0.271792456848908
42.31,0.3,93.8096919601793,0.284659976439553,0.918401430238215,0.651960036563947,0.270020201042556
42.32,0.3,93.8622024355964,0.284558041853108,0.919293893735543,0.653657691625826,0.270875828761683
42.33,0.3,93.8969453917593,0.28435739952528,0.916506999451281,0.653267797812849,0.267950856379214
42.34,0.3,93.931470564128,0.285470074581083,0.918558084780258,0.653157678573704,0.269700520696089
42.35,0.3,93.9657661924253,0.286637229003783,0.919822238667786,0.650175806855744,0.269875136363653
42.36,0.3,93.9998205098033,0.284899733251938,0.91932131480896,0.651213400015065,0.268564453652674
42.37,0.3,94.0336217473001,0.283581194016397,0.918211112267496,0.653747709568061,0.269569965536664
42.38,0.3,94.0671581382821,0.286178875431561,0.919643068885944,0.653803097977044,0.270507099430388
42.39,0.3,94.1004179228724,0.285598157118398,0.919465288912638,0.646851360422795,0.272068433847428
42.4,0.3,94.1333893523621,0.285885658312813,0.920717881855706,0.651956762577512,0.271190524729015
42.41,0.3,94.1660606936044,0.284280446682666,0.919561183841689,0.649323635716874,0.267492123623766
42.42,0.3,94.1984202333878,0.284974874424652,0.918420713289999,0.650573940228772,0.270617094597366
42.43,0.3,94.2304562827894,0.28571677575528,0.921127604124606,0.647535673804919,0.270333659118087
42.44,0.3,94.2621571815055,0.285070699130629,0.918513824820111,0.649298492919167,0.269075184135831
42.45,0.3,94.2935113021576,0.284019757980349,0.918281914069299,0.649520855961281,0.270069524901508
42.46,0.3,94.324507054574,0.282295080622969,0.918469753932539,0.649463701471507,0.270570163320227
42.47,0.3,94.3551328900439,0.283561270898077,0.917559101740216,0.650851873075102,0.268734773829885
42.48,0.3,94.033372656321,0.286406233526668,0.918218377058294,0.647233545963773,0.26949125808011
42.49,0.3,93.740087768434,0.288126388227715,0.920575965481219,0.648225881113977,0.271992043473051
42.5,0.3,93.6296818342317,0.286183650238872,0.919188086517498,0.650329615999356,0.269493290426575
42.51,0.3,93.648368034373,0.284697684058446,0.915764840184545,0.64748129621321,0.270967334203188
42.52,0.3,93.6767229032469,0.28519539461078,0.918770947511924,0.647294599748817,0.269423136406643
42.53,0.3,93.7046434955028,0.287802957608732,0.918826085060655,0.648070848147866,0.269737373625133
42.54,0.3,93.7321187666039,0.284683097288716,0.920146443714524,0.648074895084253,0.268103364961718
42.55,0.3,93.7591377457451,0.287151096988512,0.916412175076917,0.64791243002433,0.271751181840882
42.56,0.3,93.7856895397769,0.286562614339422,0.918824136227621,0.648364787922363,0.267386642461173
42.57,0.3,93.8117633370903,0.287022382868705,0.920129023489018,0.649083629277231,0.268854464925926
42.58,0.3,93.8373484114625,0.287822801903528,0.919033486750178,0.645397483264165,0.271014863035652
42.59,0.3,93.8624341258624,0.288882785516718,0.916963570768739,0.646703084037089,0.270020137857343
42.6,0.3,93.887009936215,0.286446724695381,0.919613719079556,0.646208095632713,0.269515392774012
42.61,0.3,93.9110653951233,0.285999594003225,0.918494888595964,0.644452520630912,0.269837875418605
42.62,0.3,93.9345901555479,0.286452008320647,0.919814530631344,0.646904633794878,0.269746484321861
42.63,0.3,93.9575739744415,0.28490170186985,0.918645936466536,0.646062205850705,0.271786491943325
42.64,0.3,93.9800067163398,0.283855410873632,0.918193838933352,0.645521471033632,0.269379964361832
42.65,0.3,94.0018783569063,0.286157935575713,0.916436880578669,0.645149942859325,0.267296196185779
42.66,0.3,94.0231789864308,0.287985493212963,0.918244336931381,0.647016300738166,0.270623840525794
42.67,0.3,94.0438988132806,0.288556523638392,0.918956015446518,0.64588326542821,0.271503534923881
42.68,0.3,94.0640281673046,0.286580584689551,0.920116602731356,0.645583824534682,0.267787807994318
42.69,0.3,94.0835575031877,0.285982313814407,0.918723380887736,0.645364633414501,0.270623570467056
42.7,0.3,94.1024774037573,0.283699128107598,0.914538419852368,0.645527027557538,0.269423235188917
42.71,0.3,94.1207785832386,0.288019964122633,0.920230296144953,0.643472533027149,0.270085218068379
42.72,0.3,94.1384518904603,0.286113672462707,0.915396597922913,0.644687603055779,0.270545507525135
42.73,0.3,94.1554883120089,0.28580918820965,0.917697512304275,0.645781438705282,0.270168637170709
42.74,0.3,94.1718789753314,0.287991999026428,0.917234012336142,0.645227692778442,0.269819964804867
42.75,0.3,94.1876151517851,0.285761654490469,0.915677415982114,0.644730576454606,0.268420668363177
42.76,0.3,94.2026882596354,0.286605725769305,0.918010423841366,0.64688312033895,0.269025105272433
42.77,0.3,94.2170898669997,0.286956947986032,0.916471303448609,0.643794281945503,0.270659068737463
42.78,0.3,94.230811694738,0.284026794636927,0.91839076445432,0.641325318949258,0.271050009561067
42.79,0.3,94.243845619288,0.282924282906237,0.917066411138109,0.64609921494305,0.270217727967257
42.8,0.3,94.256183675447,0.286007458581122,0.917388453649366,0.6429306115137,0.270529640909742
42.81,0.3,94.2678180590973,0.285111612948224,0.914788919672954,0.641728598705016,0.269602464335439
42.82,0.3,94.2787411298763,0.288344284108078,0.916615977736583,0.646855399349125,0.272051845905504
42.83,0.3,94.2889454137906,0.287708469176204,0.918985327505854,0.643208677581318,0.270915238349208
42.84,0.3,94.2984236057738,0.285769132499834,0.921536202234691,0.644155908107516,0.2690230701736
42.85,0.3,94.3071685721869,0.283752852272375,0.917461569103025,0.642972084282312,0.269260308048517
42.86,0.3,94.3151733532619,0.28849637419627,0.918545359843668,0.643086057479889,0.270048027469609
42.87,0.3,94.3224311654879,0.284938718161214,0.916946907360539,0.645258341422681,0.268318683861982
42.88,0.3,94.3289354039388,0.28702874087621,0.917067542091172,0.642294008775397,0.271653878086351
42.89,0.3,94.3346796445435,0.285976368165254,0.917781566282907,0.644079451960856,0.269766455317009
42.9,0.3,94.339657646297,0.289178517438999,0.916241784462267,0.641259777483969,0.272684490652064
42.91,0.3,94.3438633534132,0.286289048998817,0.917155386498809,0.643110180072195,0.267782950824054
42.92,0.3,94.2937013489479,0.288183728855488,0.916914718605186,0.643571323081495,0.272790798641844
42.93,0.3,93.9951164281358,0.287429476814267,0.918800053197744,0.644204067154721,0.266850128828483
42.94,0.3,93.8192253084838,0.289812613344215,0.91608201303453,0.642722642135709,0.269169648287402
42.95,0.3,93.6926734719451,0.2883940087089,0.916605935332652,0.641378333289271,0.269844773130576
42.96,0.3,93.636470348455,0.288941145427884,0.915618142216922,0.641618395245812,0.271188602787714
42.97,0.3,93.61280527321,0.287287144793165,0.918139754116903,0.64421694316786,0.270630777469849
42.98,0.3,93.5939410392406,0.288176716812508,0.917810506980705,0.643013510076349,0.26889950543588
42.99,0.3,93.5727138847316,0.289311804715911,0.917001395515372,0.643264925361732,0.268202928158947
43,0.3,93.5475555945559,0.28783115318851,0.917960835064099,0.642626966918898,0.270134994075307
43.01,0.3,93.5177873764717,0.287206990581969,0.916714972236454,0.64204449103613,0.269732076890814
43.02,0.3,93.4832365362559,0.288828873701441,0.916108387991079,0.642698403485173,0.271023123243047
43.03,0.3,93.4440469077833,0.288902008690554,0.915777741586494,0.639478586071678,0.271857186023448
43.04,0.3,93.4000888410924,0.288628735744076,0.915856261395992,0.642925122304851,0.271119236019267
43.05,0.3,93.3512536090472,0.286776778861418,0.915684769022334,0.638691588431548,0.269034679227958
43.06,0.3,93.297709961818,0.289758546405528,0.915828862481243,0.638834916434427,0.272269007734037
43.07,0.3,93.2395692787797,0.291449367909615,0.915925188645307,0.64372527863275,0.265614178609857
43.08,0.3,93.1765941033239,0.288558562208782,0.917089208703878,0.642881892857989,0.269096952266827
43.09,0.3,93.1087596180456,0.285436065807433,0.914912477754688,0.641846477775808,0.270631623792911
43.1,0.3,93.0364957305397,0.28748997231976,0.914965647642585,0.642472531504651,0.270982763263163
43.11,0.3,92.9595625871476,0.28873864691859,0.915463360763869,0.641787064599344,0.271019486742367
43.12,0.3,92.8777520864478,0.291530019978796,0.914910142068059,0.642960753988126,0.269522532473918
43.13,0.3,92.7913824074851,0.289206648657474,0.916994704463143,0.642177477310528,0.270893791883205
43.14,0.3,92.7006738629431,0.287831643992923,0.914937309307442,0.642408835115863,0.270994823519779
43.15,0.3,92.6052170638526,0.286867128945308,0.914914173444697,0.639661028152493,0.270375751707884
43.16,0.3,92.5049715450754,0.288991603750231,0.913535090620047,0.641030240851076,0.269569485653341
43.17,0.3,92.40062523452,0.290388754501557,0.914920762839306,0.641104271240621,0.270515436521058
43.18,0.3,92.2918141397029,0.290176877845466,0.916790908828382,0.639032289519627,0.269008080544961
43.19,0.3,92.178224147148,0.291303148752123,0.913602816329035,0.64332837295493,0.269622922180121
43.2,0.3,92.0603160492241,0.291189337177264,0.914900869770162,0.640433803324223,0.269006970683527
43.21,0.3,91.9384151727004,0.292263378945735,0.91576989000235,0.640710173437345,0.269340711831402
43.22,0.3,91.8119451560096,0.291556465742134,0.915514628045356,0.641651603944922,0.271165587855872
43.23,0.3,91.6808469913354,0.292011689890243,0.916778867525925,0.642597885568575,0.270632459315386
43.24,0.3,91.546033952366,0.290116594256568,0.913737402746393,0.642575872335841,0.272673697649691
43.25,0.3,91.4070341616049,0.292622886866679,0.915550560628637,0.640667024804703,0.267847048072526
43.26,0.3,91.2634417818883,0.29105585605514,0.915211083595418,0.64136516479487,0.269422834501081
43.27,0.3,91.1158345237872,0.292953061254058,0.913647651778995,0.639566924057851,0.270186336114179
43.28,0.3,90.9646249820415,0.294509439997232,0.911324962161317,0.6417385680142,0.271299094779136
43.29,0.3,90.8091013980996,0.294257051368528,0.913974294258607,0.643175622045423,0.268028027074355
43.3,0.3,90.6491279785442,0.291870563860274,0.913604429787043,0.641827714325508,0.267151234528044
43.31,0.3,90.4853335479904,0.295339890273716,0.913302924856237,0.641744598081616,0.268302479084913
43.32,0.3,90.3174036132474,0.292842990611542,0.910970782398897,0.641795171399806,0.269840990096307
43.33,0.3,90.1450751782509,0.293345888379835,0.911165673066397,0.643708466201148,0.267923596159627
43.34,0.3,89.9687311588377,0.295518408770152,0.914872632649366,0.641344146488764,0.268940538268254
43.35,0.3,89.788655757646,0.295011590342926,0.914227491964284,0.644172387879658,0.269923650639119
43.36,0.3,89.6044210472883,0.296184988987342,0.913639245033049,0.642305202090017,0.269687637309393
43.37,0.3,89.4160064071889,0.293644806506801,0.911591041387598,0.642469065472499,0.268471430304296
43.38,0.3,89.2241394797176,0.296487206396531,0.911451066584601,0.642427552530418,0.268622503487933
43.39,0.3,89.028489095908,0.295856541432741,0.911562240353244,0.641114509120073,0.271850094132433
43.4,0.3,88.828775173715,0.292989451699448,0.911594163905031,0.643447408293449,0.271092064040373
43.41,0.3,88.6254526636953,0.298663983579699,0.911377046512153,0.643242821515563,0.271268755292935
43.42,0.3,88.4188567872951,0.299483371236283,0.912310579446354,0.64293197641707,0.271129608454679
43.43,0.3,88.2084932567907,0.299848686447997,0.914551009664799,0.642253615094188,0.268035581927298
43.44,0.3,87.9958540787552,0.298429274124224,0.910421926826181,0.643823288737725,0.269378446927284
43.45,0.3,87.7930690724506,0.297511804739618,0.911777203121557,0.643101770165032,0.270087505354062
43.46,0.3,87.5938858716176,0.300372074988981,0.911520938580383,0.642710541912803,0.27143306812468
43.47,0.3,87.392774016204,0.298316527081376,0.914300022919338,0.643154999576079,0.270809653089014
43.48,0.3,87.2047851543027,0.299208616127219,0.910580748751448,0.641930479062559,0.269557506235583
43.49,0.3,87.0399385035504,0.29897699918043,0.90974087355988,0.643345318632814,0.270350684798111
43.5,0.3,86.8844802445001,0.299675704127349,0.907746713370566,0.643107307554726,0.269568172807235
43.51,0.3,86.7332732267821,0.29993165568595,0.90981153254296,0.647755695410937,0.270724231206552
43.52,0.3,86.6014789730166,0.299364288928866,0.910491302678543,0.643041988118454,0.272154045612257
43.53,0.3,86.4772534805722,0.301497926887559,0.90982707743267,0.641930657507689,0.270596652924399
43.54,0.3,86.3518795947501,0.300080735769342,0.909963991087414,0.64524478424453,0.268610004625888
43.55,0.3,86.2320529224627,0.301040216626887,0.910622869140856,0.645613116724636,0.269205784320003
43.56,0.3,86.1221713915628,0.301675585738573,0.907189643055046,0.64679449013116,0.267729823602079
43.57,0.3,86.0125057204041,0.302454500754856,0.91099692728207,0.641581743651803,0.271213195500303
43.58,0.3,85.901466055964,0.302442311001829,0.908034752576504,0.642648176550734,0.268017653355367
43.59,0.3,85.7983178244179,0.300318563559562,0.907729824916687,0.644356283542162,0.268963929672
43.6,0.3,85.6974345705487,0.301602160016724,0.908800594458527,0.643395483733195,0.271066668823575
43.61,0.3,85.5944619478146,0.302872529700789,0.909351363640016,0.643494627914991,0.269168282200772
43.62,0.3,85.4884381956475,0.301582191984309,0.909170199204904,0.644774599462938,0.268696471217615
43.63,0.3,85.3792297039731,0.304882277666862,0.907529161623535,0.643596931831522,0.26954323474723
43.64,0.3,85.2668609863595,0.30327562597992,0.90827002230823,0.646299088702344,0.268775716058631
43.65,0.3,85.1513848990007,0.302541048184321,0.91064253906902,0.64386147212499,0.268290428758535
43.66,0.3,85.032859841969,0.301621428977942,0.905751667025232,0.647867091848952,0.268909615345213
43.67,0.3,84.9113458926981,0.300674304038587,0.90623928420104,0.645722121575805,0.270049841893188
43.68,0.3,84.7869041364009,0.302001967121217,0.907226571881139,0.644049840878616,0.269415272922411
43.69,0.3,84.6595965247887,0.300880916214693,0.906546718575928,0.644777295500378,0.269439805182534
43.7,0.3,84.5294858210954,0.304392879191545,0.907999911652542,0.645524821708872,0.267658602421855
43.71,0.3,84.3966355590104,0.302962806942566,0.90553408319574,0.647620147620145,0.270330004310532
43.72,0.3,84.2611100037369,0.306464834262502,0.906708305006232,0.646432378594784,0.268589655327798
43.73,0.3,84.1229741132891,0.303681355857521,0.905797660660467,0.644706175948756,0.272514410667248
43.74,0.3,83.9822934997487,0.303640343688941,0.905358239229913,0.646097919844353,0.267963847641202
43.75,0.3,83.8391343904669,0.306336159363339,0.906242795125445,0.64545914398393,0.270398040371677
43.76,0.3,83.6935635892411,0.304094077029541,0.902274885852718,0.645969678548262,0.271448557754205
43.77,0.3,83.5456484374971,0.305468533326166,0.904156395941942,0.648905653662266,0.27133774672468
43.78,0.3,83.3954567755161,0.302922533388243,0.903435059443368,0.648792263493627,0.273458666822927
43.79,0.3,83.243056903736,0.306871427324225,0.904105828792092,0.649366707590216,0.269648645487128
43.8,0.3,83.0885175441651,0.306426819220196,0.903009693932501,0.647666279006503,0.270704936560341
43.81,0.3,82.9319078019391,0.306992844916404,0.906140677943422,0.649895659350093,0.269795643425935
43.82,0.3,82.7732971270537,0.307336801810208,0.902996128854124,0.645785604692289,0.270339263119879
43.83,0.3,82.6127552763074,0.305296417698712,0.904231057571909,0.647615536717258,0.271250670703344
43.84,0.3,82.4503522754811,0.306029504647563,0.90538910946775,0.650367231771026,0.269715688101481
43.85,0.3,82.2861583817897,0.304775414278074,0.903958965717387,0.648548773880617,0.269740423662839
43.86,0.3,82.1202440466297,0.305521293989401,0.905302197025731,0.646150265544638,0.270316231840109
43.87,0.3,81.9526798786569,0.30571719942737,0.902083179708719,0.647154235845745,0.269387148942308
43.88,0.3,81.7835366072173,0.305344834251774,0.901280608679534,0.647478060840024,0.269576180266347
43.89,0.3,81.6128850461611,0.308842115232389,0.902073916962272,0.65056458691974,0.270615349098479
43.9,0.3,81.4407960580631,0.307162928713611,0.90090569306771,0.646205645014871,0.270604184004347
43.91,0.3,81.2673405188765,0.307585563052775,0.903404694820439,0.64759119245111,0.272549881087271
43.92,0.3,81.0925892830423,0.307972019528198,0.903728199899568,0.648865479814057,0.270774886591738
43.93,0.3,80.9166131490784,0.309202568816791,0.900338755052001,0.648658899915723,0.268388298359273
43.94,0.3,80.7394828256695,0.310721610805958,0.899964363640899,0.651195182607988,0.269835522539875
43.95,0.3,80.5612688982782,0.310111694575121,0.901406501557436,0.650437469591177,0.269834503503415
43.96,0.3,80.3820417962989,0.312626451004913,0.902329908788011,0.650987170012017,0.269096782395103
43.97,0.3,80.2018717607714,0.309668541308825,0.903752695568472,0.651353902698869,0.27268246895642
43.98,0.3,80.0208288126717,0.310154495301615,0.903220181501899,0.650639708519135,0.270810451056801
43.99,0.3,79.838982721799,0.309738085212717,0.901661134477843,0.649862462793243,0.271569793042184
44,0.3,79.6564029762716,0.311891118817811,0.900311217130557,0.650196222092232,0.26919496449977
44.01,0.3,79.473158752648,0.31263654585249,0.900740834545192,0.65047933820694,0.270926635760927
44.02,0.3,79.2893188866858,0.312968674531179,0.899904011983616,0.650418679512568,0.267856888875317
44.03,0.3,79.1049518447511,0.311000272458163,0.900061041202925,0.649395190534761,0.271083891445738
44.04,0.3,78.9201256958896,0.313287616174343,0.89756406700249,0.649067111660897,0.269466221673133
44.05,0.3,78.7349080845691,0.311092185704006,0.897414741227949,0.652433862273285,0.270237679309736
44.06,0.3,78.5493662041041,0.310999822830585,0.900042482328439,0.651701498804838,0.270751259121043
44.07,0.3,78.3635667707684,0.313090863025471,0.899748876344333,0.64940199492609,0.267966311950244
44.08,0.3,78.1775759986042,0.315105125615464,0.897453767172683,0.648356718904168,0.269284438454056
44.09,0.3,77.9914595749345,0.31110076106646,0.89771837469408,0.651940238003863,0.272415473188056
44.1,0.3,77.8052826365818,0.314191772331099,0.89863698349239,0.651520524988182,0.269024493304863
44.11,0.3,77.6191097467985,0.315185114977466,0.898191582230451,0.653365458957362,0.268271250135588
44.12,0.3,77.4330048729124,0.315633770003032,0.898338879999397,0.65135281793835,0.270349243080518
44.13,0.3,77.2470313646883,0.315781538475579,0.897193180406933,0.652094430620101,0.270677452380804
44.14,0.3,77.0612519334077,0.315847616621616,0.896031963650121,0.654805809744549,0.270274939745389
44.15,0.3,76.8757286316675,0.315836059023363,0.896624938128903,0.655157685302379,0.268256413328307
44.16,0.3,76.6905228338945,0.315751189626916,0.895178379781771,0.654185345027833,0.270055428277378
44.17,0.3,76.505695217578,0.317203992687486,0.896592451514061,0.653226096802282,0.271163206022597
44.18,0.3,76.3213057452149,0.31727822983258,0.894893358509236,0.652989284265181,0.270123978028793
44.19,0.3,76.1374136469656,0.315964347254014,0.896341674887948,0.652992871663838,0.267059297306577
44.2,0.3,75.9540774040167,0.317117427060524,0.893067266138325,0.650577707380303,0.270616098842106
44.21,0.3,75.7713547326456,0.316577225067002,0.896376214995076,0.653861914013787,0.270419120048903
44.22,0.3,75.5893025689806,0.320156347175144,0.894607916845029,0.651185797861398,0.268032067990202
44.23,0.3,75.4079770544527,0.31860710051935,0.894886097053367,0.653813881593039,0.270619278989841
44.24,0.3,75.2274335219289,0.319235294192625,0.895841854017166,0.653445435989257,0.269460716643388
44.25,0.3,75.0477264825218,0.32156057522933,0.896983101786208,0.654653255254976,0.269455229585232
44.26,0.3,74.8689096130664,0.319001806588645,0.895015001908166,0.654138858399055,0.271099756727552
44.27,0.3,74.691035744255,0.316607111710132,0.895214468335236,0.654500410114158,0.272087883699332
44.28,0.3,74.5141568494225,0.322419585785531,0.892382425156704,0.656124122408546,0.267829095733379
44.29,0.3,74.3383240339679,0.321098288811973,0.893188788889974,0.654884265160549,0.271398303618395
44.3,0.3,74.1635875254074,0.319448710396985,0.893871625904855,0.655547543228888,0.271415329047724
44.31,0.3,73.9899966640427,0.321418447797016,0.893793599665936,0.655944855928085,0.270360526007758
44.32,0.3,73.8175998942361,0.321151941840705,0.89468800107232,0.653227582515174,0.272371813377295
44.33,0.3,73.6464447562801,0.320117895911149,0.893066346749021,0.654522836464859,0.271105405728254
44.34,0.3,73.4765778788481,0.319649874565751,0.894350585212158,0.655096345197217,0.270970388197061
44.35,0.3,73.3080449720142,0.324202222777036,0.89246066391053,0.656285431781479,0.271366853218298
44.36,0.3,73.1408908208301,0.322947786981322,0.892594734647084,0.656597488709447,0.272455043279619
44.37,0.3,72.975159279443,0.325803207247296,0.892664725623247,0.656184661275332,0.268832162737219
44.38,0.3,72.8108932657445,0.322059936320449,0.891472935634037,0.656332974322389,0.269187029027997
44.39,0.3,72.6481347565335,0.323004044305727,0.891938335011054,0.656336395305031,0.272372883962856
44.4,0.3,72.4869247831809,0.322816279872717,0.892367908997432,0.658413888914682,0.271686060704124
44.41,0.3,72.327303427781,0.322756013424315,0.888310701877606,0.655839876961448,0.268450910817308
44.42,0.3,72.1693098197758,0.325977112309631,0.891615980648517,0.657181802857257,0.269987140896791
44.43,0.3,72.0129821330367,0.321924129330214,0.889075520027988,0.657923068666485,0.268238640042835
44.44,0.3,71.8583575833898,0.324422590246657,0.89053650538407,0.656087411706427,0.273054088288914
44.45,0.3,71.7054724265696,0.325503150835009,0.890681602482771,0.656738514428614,0.269308323691782
44.46,0.3,71.5543619565867,0.325462038308732,0.889755082203898,0.659025096052783,0.270667619561235
44.47,0.3,71.4050605044938,0.325707929387053,0.890101355561164,0.656504464710254,0.268992103114532
44.48,0.3,71.257601437536,0.323445653098492,0.891654541106292,0.657883506391697,0.269316817173615
44.49,0.3,71.1120171586709,0.324632547026573,0.89039919601516,0.657576296981665,0.270041673872388
44.5,0.3,70.9683391064423,0.325191753393518,0.887968726946573,0.656212856526077,0.268979254375645
44.51,0.3,70.8265977551937,0.327797064458083,0.887253503093802,0.65654528757657,0.27012414427688
44.52,0.3,70.6868226156082,0.326985425899175,0.886227788506213,0.658846193462847,0.268259128051557
44.53,0.3,70.5490422355577,0.327942370634449,0.887725996619062,0.660623049674179,0.269341180216778
44.54,0.3,70.4132842012494,0.326109938912794,0.888065340280624,0.659118310044415,0.268619816629457
44.55,0.3,70.2795751386542,0.328259272078093,0.888075653879109,0.6577249292176,0.27014795434486
44.56,0.3,70.1479407152037,0.326230801608358,0.886787245862086,0.659765538641847,0.270111400226154
44.57,0.3,70.0184056417419,0.328673257631044,0.886776142610705,0.657574333182655,0.270890071525575
44.58,0.3,69.8909936747167,0.32982331800306,0.885360845001844,0.658463186402108,0.271034684558125
44.59,0.3,69.7657276186016,0.328824919344324,0.885929352174877,0.655596441364066,0.271453560693002
44.6,0.3,69.6426293285291,0.329707302765611,0.886616097134515,0.657309357647426,0.269671067467284
44.61,0.3,69.5217197131288,0.328549513518887,0.885401906348673,0.660516201010521,0.268938003858454
44.62,0.3,69.4030187375534,0.328568686943621,0.885558042969322,0.65847603720004,0.268505419469938
44.63,0.3,69.2865454266819,0.332994104148757,0.885314920097741,0.657828099123078,0.268778691233712
44.64,0.3,69.1723178684902,0.32940792898592,0.884862168105574,0.658821229751208,0.266381685440554
44.65,0.3,69.0603532175737,0.328740283508493,0.885725207294251,0.656650177469221,0.268495596590395
44.66,0.3,68.9506676988145,0.330952463474006,0.887207244544176,0.657793299709178,0.271643339369213
44.67,0.3,68.8432766111796,0.328208092549056,0.882307853195806,0.6572579079589,0.270245954648739
44.68,0.3,68.7381943316421,0.330393077670881,0.886489075120763,0.660695999037489,0.269494663992977
44.69,0.3,68.6354343192134,0.328282063055395,0.884481182167353,0.655564641915588,0.26946187150469
44.7,0.3,68.5350091190788,0.331805417549616,0.88089634593482,0.65964704398,0.26977834653511
44.71,0.3,68.4369303668249,0.329169007663948,0.882324418888487,0.659991325835763,0.271011404190167
44.72,0.3,68.3412087927531,0.331746730708345,0.881779542229552,0.656543783321448,0.270249076716699
44.73,0.3,68.2478542262674,0.329548750079933,0.881549151028865,0.657972010592405,0.267912907615907
44.74,0.3,68.1568756003327,0.330701392197407,0.880144529086018,0.656992719997348,0.266008984313049
44.75,0.3,68.0682809559914,0.330028924624172,0.88132004901711,0.658550533430961,0.270554765383962
44.76,0.3,67.9820774469359,0.33003652612952,0.88234136796882,0.661261085695566,0.270314008749462
44.77,0.3,67.8982713441273,0.332479579680861,0.880607008568721,0.657816466832211,0.270229247610575
44.78,0.3,67.816868040456,0.332536327168562,0.880807398392505,0.659541799072625,0.268638435497382
44.79,0.3,67.7378720554371,0.332577316866107,0.87942271686712,0.658058112956448,0.269273071660114
44.8,0.3,67.6612870399371,0.332372393468481,0.881250688274238,0.655620259643103,0.270040127537811
44.81,0.3,67.587115780926,0.332303329611256,0.882550171950444,0.659863035879307,0.27070274058078
44.82,0.3,67.5153602062506,0.332616623582373,0.878978827606013,0.657381224988649,0.270573959965035
44.83,0.3,67.4460213894267,0.331646763952531,0.881090176515174,0.660758179635344,0.273061051221318
44.84,0.3,67.3790995544444,0.330324826597318,0.879936777924378,0.658439479209781,0.271375315755534
44.85,0.3,67.3145940805865,0.330876903508994,0.880416010446015,0.655179769931894,0.268238182155773
44.86,0.3,67.2525035072555,0.331691780869348,0.879616395667375,0.659968627677523,0.270251611259365
44.87,0.3,67.1928255388083,0.329617073723112,0.879002287672009,0.659623275103886,0.274208840083378
44.88,0.3,67.1355570493974,0.329044919262526,0.879355003472079,0.658300012804122,0.269741122145447
44.89,0.3,67.0806940878164,0.334002570238575,0.881162325406145,0.656947541464158,0.268686077013644
44.9,0.3,67.0282318823513,0.332281984865145,0.875864363838213,0.660339575609262,0.271021551430363
44.91,0.3,66.978164845636,0.33117700258847,0.874563529000091,0.65991246927067,0.270132136591296
44.92,0.3,66.9304865795125,0.33167464640875,0.87668167771859,0.658122277529873,0.268683438036086
44.93,0.3,66.8851898798976,0.331757279209354,0.879692023707332,0.656610838637553,0.269214667516119
44.94,0.3,66.8422667416566,0.331235572637495,0.876480295757286,0.65758892009373,0.270792161951918
44.95,0.3,66.8017083634861,0.331421658900328,0.876921783068966,0.655797715370397,0.272014462268117
44.96,0.3,66.7635051528079,0.333165630752107,0.87777588243098,0.655984118341363,0.270697346716553
44.97,0.3,66.7276467306765,0.333385004233433,0.875121305410435,0.656764857021749,0.271912625193622
44.98,0.3,66.694121936703,0.333063135128922,0.873117985731595,0.657248250925781,0.270196376963006
44.99,0.3,66.6627126689571,0.332172645913774,0.875986307412546,0.658134127681682,0.26818293726363
45,0,66.6320164672692,0.334543547024004,0.874043842320126,0.658196654013432,0.268137975875794
45.01,0,66.6017721540379,0.336100729731908,0.874110104489069,0.657946527742293,0.267008330506529
45.02,0,66.571977243403,0.334247398475669,0.875354787334886,0.657741507552162,0.267420506036619
45.03,0,66.5426290511977,0.332807006134626,0.875223216027416,0.657483930870475,0.271229870614509
45.04,0,66.513724696603,0.333414725377978,0.8747592604893,0.65645685373512,0.268697401532963
45.05,0,66.4852611038962,0.333387533730457,0.874305908321591,0.655687138696996,0.271592385686118
45.06,0,66.4572350042967,0.33360043156403,0.872918884866194,0.659035416057212,0.270568469060452
45.07,0,66.4296429379039,0.331309838588484,0.872559276184774,0.65806940703925,0.27199852841522
45.08,0,66.402481255729,0.332973013125049,0.871694355582537,0.658033521592405,0.270409268196761
45.09,0,66.3757461218178,0.333652062779918,0.869082564340154,0.652472959699379,0.270029241946896
45.1,0,66.3494335154646,0.331505710870606,0.873682011464218,0.656324522757494,0.271059751018961
45.11,0,66.3235392335134,0.332360808730377,0.870583977473269,0.655499269665854,0.270275870466581
45.12,0,66.298058892748,0.334049634787245,0.874178817023648,0.653172053491671,0.273240981419613
45.13,0,66.272987932367,0.333128045013163,0.87045252144209,0.655535557614569,0.271839131828535
45.14,0,66.2483216165439,0.333348102990645,0.868966303568791,0.655594600432206,0.268426916350171
45.15,0,66.2240550370691,0.333497480491833,0.870444590338771,0.65700367226304,0.270716786105398
45.16,0,66.2001831160739,0.335507198946661,0.871444866936095,0.656835237631877,0.27088669126733
45.17,0,66.1767006088332,0.333121297950049,0.869767307748722,0.658049886447989,0.267625827577658
45.18,0,66.153602106646,0.33025453989969,0.870136717257888,0.656757246881604,0.269956753871358
45.19,0,66.1308820397923,0.331731099599382,0.867468505275847,0.657492573446529,0.270215123547691
45.2,0,66.1085346805628,0.332823100551222,0.869918721083478,0.655474868961538,0.270747447488864
45.21,0,66.0865541463622,0.331432046540566,0.868095470959154,0.65417926650637,0.269908543069572
45.22,0,66.0649344028816,0.333590470876024,0.872402653884375,0.657356528904958,0.271259674401698
45.23,0,66.0436692673395,0.332611342754359,0.869243119813399,0.656269676518086,0.271091807779443
45.24,0,66.0227524117893,0.333848877372818,0.867108558921988,0.653510915162756,0.26816739425384
45.25,0,66.0021773664912,0.33339338929627,0.867634703582287,0.654561725883373,0.270559847059811
45.26,0,65.9819375233453,0.329079067754725,0.869653310390475,0.655809412731561,0.269129989968314
45.27,0,65.9620261393861,0.331426637480241,0.866956193847818,0.654759839946763,0.269548224666784
45.28,0,65.9424363403348,0.330953500750157,0.86675147052985,0.651731707504441,0.269606698568037
45.29,0,65.9231611242063,0.333373203948643,0.866414069040421,0.657939903934829,0.270444672636674
45.3,0,65.904193364972,0.331385164940274,0.865075672637249,0.655748511434694,0.269444045728518
45.31,0,65.8855258162726,0.331741361097257,0.86612853000172,0.654761167975528,0.270193328611985
45.32,0,65.8671511151811,0.333410601949977,0.865301319024395,0.654200737845252,0.272576332040307
45.33,0,66.0120879091472,0.330047098739717,0.865774271347575,0.653288567292655,0.270988456884191
45.34,0,66.0983481608914,0.33019572866081,0.862545908719456,0.651547789263424,0.271304262986951
45.35,0,66.1486350436807,0.330321730290909,0.865280785962298,0.653698507182834,0.270501677175098
45.36,0,66.1907837482722,0.332990450434794,0.866900003855915,0.651897671441056,0.267767199858648
45.37,0,66.2321176409921,0.331309217926081,0.862006939088623,0.648787809920347,0.270771426812076
45.38,0,66.2742778360413,0.330670174836243,0.863123567235153,0.652502887620244,0.271047387553935
45.39,0,66.3175950298388,0.330582480264138,0.863408841290766,0.653409781688096,0.270066828635252
45.4,0,66.3621111465177,0.331007784471876,0.863343539072266,0.655863848045717,0.268799416668009
45.41,0,66.4078050246877,0.333743094525262,0.866603019707562,0.652071368873443,0.27332283690068
45.42,0,66.454641497492,0.329304826875013,0.862740044619161,0.652214616344293,0.267539561630667
45.43,0,66.5025820290775,0.332224024034772,0.863352783143792,0.652201296085363,0.269146870188155
45.44,0,66.5515870262259,0.328056533110413,0.863302105335955,0.649999286333724,0.269123160469768
45.45,0,66.6016163492181,0.330571372370303,0.86584851933,0.649814885655999,0.269997869045671
45.46,0,66.6526294332528,0.329906153882685,0.864431163560197,0.652789863413762,0.269095878305894
45.47,0,66.7045853257974,0.328621349769877,0.863217679264528,0.652377130279129,0.267844128496452
45.48,0,66.7574427059932,0.325808657652323,0.860241905312077,0.647842601748519,0.27339152388841
45.49,0,66.8111599004491,0.327689910585763,0.861724887790565,0.65303488182593,0.269956263838631
45.5,0,66.8656948985328,0.329209480575613,0.861863616550788,0.653063303991714,0.269722764339403
45.51,0,66.9210053678363,0.327767891145086,0.860110624839126,0.652396413400745,0.270660954826363
45.52,0,66.9770486699628,0.327958112297051,0.861370621278344,0.651207479502587,0.27115889569205
45.53,0,67.0337818766679,0.327043356993591,0.86274990780491,0.651274422337042,0.270952805669846
45.54,0,67.0911617863607,0.328142510685509,0.859705118923123,0.649339434257334,0.271239171150751
45.55,0,67.1491449409676,0.328660756193999,0.861076234648024,0.648825125155242,0.268472506243862
45.56,0,67.2076876431551,0.327072225467918,0.858016207102473,0.650203134957197,0.268227783707405
45.57,0,67.2667459739117,0.326174128132715,0.861232469744966,0.649302548041056,0.271222504280407
45.58,0,67.3262758104864,0.328326131856856,0.85780953222912,0.648715568449965,0.270137114875023
45.59,0,67.3862328446786,0.326473564772617,0.859147478881579,0.649734556758198,0.267882262042182
45.6,0,67.4465726014782,0.328747942572595,0.860673974401579,0.649294769826095,0.271036250049512
45.61,0,67.5072504580498,0.326661623976072,0.857040244475599,0.647505476479161,0.271448835424017
45.62,0,67.5682216630563,0.327091512113076,0.858210901383045,0.646320194634356,0.270468579768705
45.63,0,67.6294413563163,0.326692027965049,0.858631193051982,0.651026390071785,0.267926425249453
45.64,0,67.6908645887894,0.324131249343569,0.857491422314138,0.649231095466953,0.26818821279616
45.65,0,67.752446342881,0.327223382901822,0.857124059801025,0.64870127333829,0.272566082993689
45.66,0,67.8141415530607,0.326508517477279,0.856588019276305,0.645836356736174,0.271134747358198
45.67,0,67.8759051267847,0.327063615913024,0.855007338290366,0.647026654509496,0.269491486562201
45.68,0,67.9376919657133,0.324805541309002,0.85923212374591,0.647750390759158,0.269494477765679
45.69,0,67.9994569872152,0.323703235246001,0.855161130454984,0.647294744905014,0.269860010249426
45.7,0,68.0611551461461,0.324051890826391,0.854752353822175,0.646874352587803,0.269249766356425
45.71,0,68.1227414568929,0.325696963122311,0.855354920480009,0.649730212523279,0.270156936606354
45.72,0,68.1841710156703,0.322975697898366,0.857256460222765,0.650172932449663,0.269491310592396
45.73,0,68.2453990230587,0.321958769032973,0.854841387696547,0.651035929840574,0.27056473033796
45.74,0,68.3063808067694,0.321079391741127,0.855391763400487,0.646459070957188,0.270220567155298
45.75,0,68.3670718446259,0.323507470588585,0.855833937958566,0.647496725179573,0.267726291220364
45.76,0,68.4274277877433,0.323520182785171,0.855473516433044,0.646280685237642,0.271341142136056
45.77,0,68.4874044838963,0.323797222676719,0.852686382833424,0.64560673046571,0.271605946458254
45.78,0,68.5469580010557,0.32512856236859,0.854625773349334,0.646934204078597,0.270532647364895
45.79,0,68.6060446510813,0.32229963028043,0.855146735542988,0.645684710644335,0.269384553191135
45.8,0,68.6646210135524,0.323330065563788,0.854239220975778,0.643843082670616,0.268900945214036
45.81,0,68.7226439597205,0.321731066313965,0.855623856305874,0.646466472701218,0.271243734591265
45.82,0,68.7800706765659,0.322765317675601,0.853785015759467,0.645198076680778,0.272051173881142
45.83,0,68.8368586909414,0.321733770083819,0.854293319164978,0.646538836470641,0.270329600055406
45.84,0,68.8929658937831,0.320301193572627,0.853492065171407,0.644528569490469,0.270956893410607
45.85,0,68.9483505643715,0.32057901430991,0.851173022840466,0.647270111377978,0.271336134534432
45.86,0,69.0029713946219,0.322071983966498,0.851496351423183,0.643640485526198,0.272345531525217
45.87,0,69.0567875133852,0.321348646747021,0.85182144161725,0.645170340987663,0.270887616926408
45.88,0,69.1097585107397,0.322614902115148,0.85195273408944,0.646443522278008,0.27007591417156
45.89,0,69.1618444622517,0.318965945688064,0.852475817109496,0.644437922843475,0.267154176543086
45.9,0,69.2130059531866,0.320565227370498,0.849720264168254,0.64505153396737,0.272599074020489
45.91,0,69.2632041026475,0.319508942497072,0.850875753317087,0.643883683590008,0.267994435968504
45.92,0,69.3124005876207,0.318096183853093,0.850151862364342,0.643898586066127,0.268432210704478
45.93,0,69.3605576669071,0.321185641590443,0.85195967620564,0.643492390533989,0.2684332952695
45.94,0,69.4076382049169,0.321153756276887,0.850163664287139,0.642585750324051,0.270065937628141
45.95,0,69.4536056953059,0.319487265321386,0.852218131107131,0.644873011406654,0.269160519108568
45.96,0,69.498424284433,0.319547504736665,0.853051274473079,0.643791925050478,0.270117534330534
45.97,0,69.5420587946129,0.317357473737564,0.849043591159324,0.642635008617426,0.270465971695249
45.98,0,69.5844747471463,0.320058364615343,0.847928949550291,0.644115882288447,0.26959316133703
45.99,0,69.6256383851019,0.317171851398053,0.849885187245321,0.643475362642089,0.27185747727357
46,0,69.6655166958299,0.3162314353227,0.852974676798835,0.642950401587061,0.272153324210864
46.01,0,69.7040774331834,0.316329740683901,0.849713164452434,0.643618291660141,0.271198292262379
46.02,0,69.7412891394271,0.321745547723375,0.848686111094599,0.642767654583691,0.268269531931916
46.03,0,69.7771211668088,0.318769492962667,0.848605817378054,0.645328545748054,0.27053968453968
46.04,0,69.8115436987749,0.318603459245344,0.847903464072254,0.642535690148544,0.27245619175557
46.05,0,69.8445277708048,0.318163542580678,0.849013951797366,0.645823902329247,0.270155113779018
46.06,0,69.8760452908455,0.316394280700227,0.847573479994951,0.641772674247277,0.269806369771153
46.07,0,69.906069059323,0.318036870041708,0.847819717635671,0.64368282021903,0.271649986761979
46.08,0,69.9345727887105,0.318836918694372,0.848379043768191,0.643856474374321,0.269018483242131
46.09,0,69.9615311226327,0.318425822808047,0.847896744843964,0.645163747365132,0.270899089253472
46.1,0,69.9869196544848,0.316542958453633,0.848147027220511,0.642486416542681,0.2694319525714
46.11,0,70.0107149455478,0.317629734336903,0.842979472424835,0.641137619279277,0.269316935798488
46.12,0,70.0328945425792,0.31714515581536,0.846686180816096,0.641564797280665,0.269172156565473
46.13,0,70.0534369948607,0.316808736701429,0.847385774589943,0.64376442893192,0.272704937935392
46.14,0,70.0723218706834,0.316454277857561,0.844473886492625,0.643090445417229,0.271067775728496
46.15,0,70.0895297732548,0.316776811284204,0.847092334574793,0.640641860650904,0.269909481528966
46.16,0,70.105042356006,0.318046216306836,0.845646800492201,0.64115787213084,0.269800682466338
46.17,0,70.1188423372866,0.318754401386274,0.846661650761224,0.642181868170556,0.270424619109368
46.18,0,70.1309135144278,0.314482259055158,0.846820335915062,0.642308264123785,0.27044001801138
46.19,0,70.1412407771595,0.313378234047956,0.846522211627667,0.641316275173022,0.268486255397205
46.2,0,70.1498101203663,0.317105448925059,0.844989106989071,0.640031005670826,0.270013030329304
46.21,0,70.1566086561674,0.314083348978355,0.845229666997299,0.640598650516518,0.269255934966548
46.22,0,70.1616246253081,0.312599915978087,0.846845622256974,0.64311806702075,0.268221310012721
46.23,0,70.1648474078491,0.314687602949663,0.844090879587474,0.644287689174949,0.269225937659659
46.24,0,70.1662675331419,0.316378791073676,0.843880698968664,0.641143891306325,0.271495725284501
46.25,0,70.1658766890794,0.313510747741551,0.843721584701625,0.640427705510124,0.271984859584959
46.26,0,70.1636677306115,0.317169229314613,0.844900509390091,0.640512801530483,0.270328110242957
46.27,0,70.1596346875153,0.31681465155377,0.845700869129713,0.641854414996275,0.27095088542252
46.28,0,70.1537727714125,0.317525844604053,0.842037757023198,0.64005494011743,0.270156879292447
46.29,0,70.1460783820256,0.316854740344001,0.844543699189981,0.640528299315652,0.270203665729221
46.3,0,70.1365491126658,0.316183818859211,0.843778848450503,0.642859499098554,0.272779768538117
46.31,0,70.1251837549482,0.316085841207984,0.844345087787404,0.641107468661693,0.27060308744389
46.32,0,70.1119823027267,0.316593702863679,0.844457797137038,0.640963858157046,0.271126914601715
46.33,0,70.096945955248,0.314223892850422,0.844781445569613,0.642128332951188,0.268959147777467
46.34,0,70.0800771195186,0.315195132788943,0.841658126447522,0.643630129383412,0.268834701753453
46.35,0,70.0613794118843,0.316207955701241,0.842586110848183,0.640818355889503,0.268818798565671
46.36,0,70.0408576588208,0.313397099862469,0.840691626589131,0.640742705834238,0.27072618946621
46.37,0,70.0185178969349,0.312516523848566,0.842569146824062,0.64004391183283,0.271444767268371
46.38,0,69.994367372178,0.312732140156658,0.841430980574088,0.641193651840336,0.273006723863281
46.39,0,69.9684145382724,0.312086859826427,0.841053275029928,0.640864403296275,0.270329252291401
46.4,0,69.9406690543541,0.313704811573496,0.840617316342332,0.643363817721679,0.267984975762798
46.41,0,69.9111417818352,0.313617642067769,0.842335106847038,0.643867245746107,0.271430471286112
46.42,0,69.8798447804917,0.31344533525198,0.843115050054484,0.640166662334797,0.268487414307776
46.43,0,69.8467913037809,0.313661574340783,0.840443070984792,0.641255469395963,0.269096869353033
46.44,0,69.8119957933959,0.316104106757696,0.840318703505298,0.642880761310591,0.27004475020345
46.45,0,69.775985647132,0.314496709524189,0.839609629934188,0.640813299207239,0.268890772569704
46.46,0,69.7396143256734,0.314977787753171,0.841439592658336,0.642527514994383,0.269398337281569
46.47,0,69.7028851877968,0.318639905098005,0.840658822024249,0.641563966948886,0.271652946816289
46.48,0,69.6658018163799,0.31488829333288,0.838277746267626,0.642675464532209,0.273029456223937
46.49,0,69.6283680179318,0.31479764427736,0.839150489367724,0.643388394992884,0.270148434414139
46.5,0,69.5905878220457,0.312222766878712,0.838707013709955,0.640769992550317,0.267386851938874
46.51,0,69.5524654807711,0.313464964835514,0.840639658695605,0.639493130486569,0.271841690430562
46.52,0,69.514005467909,0.316268007496302,0.840707069407742,0.643200410134652,0.268491058600722
46.53,0,69.4752124782269,0.311412533492235,0.839745398038573,0.642570090352928,0.269172157804254
46.54,0,69.436091426594,0.312122142537077,0.838598306594011,0.644155037239075,0.268596662650744
46.55,0,69.3966474470373,0.313106110858296,0.836860195299585,0.643544760531027,0.268967271129187
46.56,0,69.356885891718,0.315198078126379,0.837531286699844,0.640648136930557,0.27000875765706
46.57,0,69.3168123298264,0.315686603268607,0.836487130312695,0.641912420788636,0.267905089528063
46.58,0,69.2764325463973,0.313035175681491,0.837410500747902,0.644849645327291,0.27097145599013
46.59,0,69.235752541045,0.315315549718276,0.839643039617628,0.641025434980827,0.270134361078746
46.6,0,69.1947785266163,0.315459821322985,0.834407972980377,0.642769524242727,0.270580971881959
46.61,0,69.1535169277629,0.313812632097969,0.836039503627666,0.641622102639188,0.266795037715913
46.62,0,69.1119743794329,0.31638892887174,0.841755902328845,0.643806226960156,0.270198117200371
46.63,0,69.0701577252795,0.314872558527133,0.833824143753294,0.642502855518196,0.26818263681526
46.64,0,69.0280740159895,0.313014239274797,0.837748347679176,0.64453746322459,0.270105688522623
46.65,0,68.9857305075279,0.315033822161072,0.837719161438915,0.644238923594657,0.268465108904543
46.66,0,68.9431346593024,0.314047203854343,0.837791211819673,0.646609490251682,0.267604287515743
46.67,0,68.9002941322438,0.31363758734372,0.835724319698917,0.642982276358638,0.271832800951991
46.68,0,68.8572167868052,0.317231646178148,0.837955639250162,0.641158962118004,0.267703505338047
46.69,0,68.8139106808772,0.315081715137305,0.834268676396863,0.645742134734443,0.269816411343413
46.7,0,68.7703840676224,0.312957719574792,0.839987866066805,0.642788607211707,0.268312666809949
46.71,0,68.7266453932246,0.316923532557813,0.837688920128045,0.646733119185698,0.26783865799379
46.72,0,68.6827032945571,0.313073813948803,0.835735465513987,0.645032804255573,0.27147510088101
46.73,0,68.6385665967664,0.316088130520952,0.836705033907964,0.643885339018522,0.26829376729898
46.74,0,68.5942443107738,0.312703614541858,0.834745402279244,0.645384617794047,0.27004945062011
46.75,0,68.5497456306938,0.313944970806083,0.836382238820082,0.645541655391691,0.271089603482328
46.76,0,68.5050799311683,0.314583101825921,0.836671953832725,0.64500197720736,0.26792726604143
46.77,0,68.4602567646194,0.313647128659658,0.836008807458134,0.645217037417688,0.271130278187388
46.78,0,68.4152858584172,0.314166370532102,0.83581760694642,0.643418172151427,0.270157634856896
46.79,0,68.3701771119661,0.314951466359912,0.836669144492433,0.646074000766369,0.270183213187349
46.8,0,68.3249405937073,0.315011100059597,0.836453979911048,0.64516725476457,0.272391143132898
46.81,0,68.2795865380385,0.313892292244619,0.833476468240364,0.645028367102328,0.26995299626292
46.82,0,68.2341253421513,0.316521171421163,0.836133277644698,0.646601953983501,0.267803212467182
46.83,0,68.1885675627856,0.31346926039246,0.836089977048073,0.644381543302054,0.271086936065142
46.84,0,68.1429239129023,0.316964216749004,0.836380278053144,0.648780073531812,0.27017222729974
46.85,0,68.0972052582733,0.313587538218431,0.832831474994107,0.64552616512108,0.271404008738558
46.86,0,68.0514226139898,0.311550730591297,0.83264151971758,0.645491709748891,0.270687892547245
46.87,0,67.9083166091886,0.310929490623288,0.832923831856422,0.643257293828222,0.270612115914842
46.88,0,67.7769254019208,0.313698908511822,0.832333802998838,0.646674992371221,0.273359364408949
46.89,0,67.6806952496301,0.316497074564746,0.835588886319861,0.648793603858594,0.269710621439191
46.9,0,67.5947657342879,0.315914389978836,0.833896618473425,0.644409561194594,0.269659912899534
46.91,0,67.5115288573203,0.314292402292106,0.83468048128571,0.645187542660947,0.268423414156872
46.92,0,67.4290466127619,0.315588716565094,0.833283404507531,0.647677063788757,0.2699380019281
46.93,0,67.3468730966951,0.314883273310541,0.83595408886441,0.644697897426634,0.271071260583821
46.94,0,67.2649384416115,0.317324325324873,0.834467833088347,0.644625298365464,0.27061400340062
46.95,0,67.1832668029922,0.316077053263222,0.832503637391646,0.648857562687885,0.269817175561372
46.96,0,67.1019059465719,0.314733557741942,0.837600447981109,0.645902506192465,0.271253603035946
46.97,0,67.0209096943811,0.314323938393427,0.833082095459648,0.647086657330966,0.270867155977368
46.98,0,66.9403335361365,0.31343511536926,0.834297265223254,0.64776074598213,0.269730553290437
46.99,0,66.8602335199616,0.316746801940432,0.831198914529236,0.646894416672417,0.271740890916768
47,0,66.780665960753,0.316556548183248,0.832795671493425,0.648769981294622,0.270685563376335
47.01,0,66.7016873527925,0.31491620475311,0.834158611340915,0.644778321921442,0.269660085260663
47.02,0,66.6233543336236,0.313677818534307,0.831511043067613,0.649008300110772,0.26997557653105
47.03,0,66.5457236610069,0.316552238270305,0.833582394718773,0.64837664879693,0.270145531524543
47.04,0,66.468852193421,0.315292769658792,0.833878570355435,0.647430196657541,0.271679857927267
47.05,0,66.3927968717312,0.318613439189411,0.833486390059943,0.64582843513528,0.269899385949425
47.06,0,66.31761470144,0.316468153311146,0.832726967015602,0.647699043611402,0.268762129915305
47.07,0,66.2433627353763,0.315394656605797,0.833355499556715,0.651039281623814,0.270698497878411
47.08,0,66.1700980567969,0.316919819245864,0.831528343407221,0.648904153656395,0.269614200526249
47.09,0,66.0978777628972,0.318152736724298,0.831992755019341,0.649861614124568,0.269397025913774
47.1,0,66.0267589487366,0.318074852866387,0.831474920112408,0.648991840901412,0.271113089276062
47.11,0,65.9567986915835,0.318977127094648,0.831889193344672,0.649330191964429,0.271002675025397
47.12,0,65.888054035687,0.318838651440406,0.833602536461586,0.650511253554454,0.27249857526204
47.13,0,65.8205819774778,0.316174330387228,0.830226212341345,0.649035617518379,0.268953843612777
47.14,0,65.7544394512048,0.318015180807885,0.834204810532118,0.650632242690143,0.271192073828687
47.15,0,65.6896833150091,0.319971465290617,0.83142085974953,0.652358875529964,0.269899537490707
47.16,0,65.6263703374374,0.316748325435916,0.834236933845396,0.652956893325498,0.270080831360698
47.17,0,65.5645571843993,0.315957853102946,0.832344555967552,0.653590529697584,0.27061839802675
47.18,0,65.5043004065664,0.320200155422753,0.831526408311337,0.650157828167068,0.271439835188969
47.19,0,65.4456564272153,0.318431074859761,0.835609961373526,0.64811922606129,0.268025941441676
47.2,0,65.3886815305141,0.318674600918817,0.833389109412287,0.652754351267922,0.271663154345593
47.21,0,65.3334318502498,0.320503303136255,0.83221159247283,0.650892829594288,0.267300439423455
47.22,0,65.2799633589969,0.316133041822528,0.830592250608477,0.652030042453583,0.26943748979327
47.23,0,65.2283318577226,0.318625811619434,0.831234914116361,0.652667925042531,0.269135150355532
47.24,0,65.1785929658268,0.318575231360305,0.834003632783335,0.65077836090477,0.269510059928154
47.25,0,65.130802111612,0.317819257427889,0.833517164789411,0.654507531235767,0.267164187097341
47.26,0,65.0850145231794,0.318438665058247,0.830910561196454,0.652329509468104,0.270743768569557
47.27,0,65.0412852197452,0.320168931016046,0.832888510231904,0.652709631569708,0.270022133378922
47.28,0,64.9996690033715,0.317837429111379,0.832250516361937,0.650709939550766,0.26905407398494
47.29,0,64.9602204511063,0.320911769649481,0.831651381212114,0.652363523059279,0.269905409834628
47.3,0,64.9229939075231,0.319745793228852,0.831815312664417,0.653499778437725,0.270087871907047
47.31,0,64.8877956240528,0.318591987871905,0.830612514857725,0.65310201565984,0.269120756073001
47.32,0,64.8533153599496,0.317417369912639,0.834743172407061,0.651849310251802,0.2689251725875
47.33,0,64.8193656676432,0.316804971675001,0.831193419058053,0.653507514510525,0.26707546449728
47.34,0,64.7859589901437,0.319330966872047,0.828912786858297,0.65425778839083,0.270183713210787
47.35,0,64.7531076710858,0.316810763627377,0.832907311406884,0.656356768082627,0.268939339775291
47.36,0,64.7208239488955,0.317297970587951,0.832036902099212,0.65390869294987,0.268273238447481
47.37,0,64.6891199509712,0.317215050271152,0.832421549989055,0.650712970316641,0.266052551377946
47.38,0,64.6580076878832,0.318270041944432,0.829866812367483,0.655718967974585,0.271436277764256
47.39,0,64.627499047594,0.320872239088525,0.830703250655466,0.654987053742598,0.268757877351839
47.4,0,64.5976057897046,0.320689449044277,0.833269385808498,0.653174963393993,0.270893543153597
47.41,0,64.5683395397294,0.319128089283318,0.830728021401144,0.653241468133182,0.2693570470501
47.42,0,64.5397117834044,0.318736191630768,0.831522899083374,0.655875590298506,0.270878860028433
47.43,0,64.5117338610315,0.320940997634227,0.834148834999688,0.654573420211095,0.270841703419069
47.44,0,64.4844169618642,0.318378998461052,0.831491697298701,0.654920532644096,0.269619819808294
47.45,0,64.4577721185365,0.318726749955091,0.829337992026581,0.650455261149878,0.269766382131752
47.46,0,64.4318102015417,0.318712315099551,0.83169504828897,0.653010125782141,0.267070654175066
47.47,0,64.4065419137617,0.317817590429741,0.830965354099748,0.654447349935236,0.27081306957954
47.48,0,64.3819777850538,0.317770683721745,0.831256129078748,0.656801905148061,0.269998738654421
47.49,0,64.3581281668971,0.31787456120347,0.831431018625993,0.654214862917966,0.270695852773905
47.5,0,64.3350032271028,0.318073653890348,0.831353538013465,0.654854207807479,0.270128160448458
47.51,0,64.3126129445926,0.319676653803375,0.835416117676704,0.657943444494668,0.27147269454811
47.52,0,64.2909671042496,0.318729912163315,0.828447130100146,0.658263428200886,0.269649111413025
47.53,0,64.2700752918438,0.320051017023644,0.830502995520533,0.657634480025947,0.269083061944147
47.54,0,64.2499468890384,0.317955514543123,0.832362913823001,0.654837181454347,0.268821387814697
47.55,0,64.2305910684793,0.317408307763044,0.834743599110996,0.656909915628413,0.270521032391156
47.56,0,64.2120167889722,0.319658498594192,0.829819557549317,0.656741604221286,0.270153362912488
47.57,0,64.1942327907506,0.317395268130036,0.831010360076805,0.655996128168845,0.269135624019457
47.58,0,64.1772475908398,0.320292205258149,0.829738554554191,0.65667285228631,0.268166393147307
47.59,0,64.1610694785183,0.3194539912517,0.832735668943092,0.656844580572569,0.270182415403591
47.6,0,64.1457065108833,0.318672845124496,0.82866331777125,0.655667537456793,0.270690475409481
47.61,0,64.2092110167614,0.319067593797946,0.83078198650942,0.658058402334119,0.269694538629404
47.62,0,64.3948962088568,0.318489704657433,0.832798016261861,0.656498773034042,0.271714252839738
47.63,0,64.5007809764159,0.316639344490044,0.830625871671042,0.657234570692668,0.26973838121738
47.64,0,64.580358899931,0.316407466423992,0.832661365463573,0.656262930654442,0.266375741087227
47.65,0,64.6553906907649,0.316979380216077,0.832510973725657,0.659049704910056,0.270788282996418
47.66,0,64.7321038216998,0.316632101684593,0.830679189989419,0.658854040294426,0.270805402240039
47.67,0,64.8122022723189,0.319382958294615,0.830247313768619,0.657668813331639,0.270191436192138
47.68,0,64.8961694662613,0.315090409262269,0.831789395507763,0.65623931276233,0.271866574074902
47.69,0,64.9841643080618,0.316722753230021,0.828663665582663,0.658038302307849,0.270347065803917
47.7,0,65.0762594854737,0.315311127953658,0.831742621980981,0.658494520134177,0.269365447647613
47.71,0,65.1725046034774,0.315508200329911,0.833381774064238,0.658007077356455,0.268724711549484
47.72,0,65.2729429033493,0.313374622037915,0.832854836106632,0.65712685853822,0.2674192741464
47.73,0,65.3776156906898,0.314484198701648,0.829835752237182,0.65862636402216,0.270127830923984
47.74,0,65.4865635074778,0.314393594169046,0.832936098635319,0.655187366176791,0.268589698599014
47.75,0,65.5998264410093,0.31415820341657,0.830232498710641,0.660400998635132,0.26970599522929
47.76,0,65.7174442037756,0.313764508012778,0.832003440852245,0.65845542756437,0.270807756920177
47.77,0,65.8394561523813,0.311739674097116,0.829906964711757,0.658170381894475,0.271096117157984
47.78,0,65.9659012900902,0.312210060668315,0.831088888394081,0.658332656405291,0.268437678296622
47.79,0,66.0968182648254,0.31378019461852,0.83243901137679,0.661048312723327,0.270620925194438
47.8,0,66.2322453657555,0.31185874480909,0.833918809704082,0.656198622646591,0.270486318090245
47.81,0,66.3722205192922,0.31190331616766,0.831764737491467,0.655633483541457,0.269516721371625
47.82,0,66.5167812847103,0.310497399856518,0.833446976079942,0.659867298589104,0.270303923970836
47.83,0,66.6659648494375,0.314295127388982,0.833989220081962,0.657646495638999,0.27017414137652
47.84,0,66.8198080240223,0.308891971310702,0.833802299937107,0.658089560941828,0.269237282969171
47.85,0,66.9783472367711,0.307889497718469,0.832433174518911,0.658470691427448,0.269922383671575
47.86,0,67.1416185280497,0.310027702731545,0.830417906541741,0.659685507188189,0.271499159193322
47.87,0,67.3096575442384,0.307349379694337,0.831814226579432,0.659657254446654,0.26883105314035
47.88,0,67.4824995313335,0.308410747382983,0.833576269706629,0.661138166343281,0.269383959828479
47.89,0,67.6601793281878,0.308263120231393,0.833500453931034,0.656929878408586,0.269102601271509
47.9,0,67.8427313593823,0.308148606807975,0.832912951753414,0.657966641486025,0.270258663314869
47.91,0,68.0301896277219,0.307589927898262,0.832992132476824,0.658146653448377,0.274609375650535
47.92,0,68.2225877063503,0.306272096570235,0.831803301437132,0.657658481370827,0.269330305600786
47.93,0,68.4199587304781,0.304757642457456,0.830059526043056,0.656645194879404,0.270863330651814
47.94,0,68.6223353887171,0.303413085755072,0.835050173393606,0.657998372126723,0.269452901579834
47.95,0,68.8297499140194,0.303312858848801,0.830545482360349,0.658916812954557,0.269262793234517
47.96,0,69.042234074215,0.304756013903305,0.831646516249745,0.65455389757641,0.268058173529162
47.97,0,69.2598191621465,0.303085345340462,0.83422170637564,0.659761187160964,0.269722965915759
47.98,0,69.4825359853957,0.303070544207248,0.834746562829281,0.658795972085567,0.267911747170894
47.99,0,69.7104148556033,0.302165666714226,0.834739368802068,0.658373728159638,0.268220455476886
48,0,69.9434855773775,0.300453323696324,0.835156216974124,0.660296363546898,0.267724555584297
48.01,0,70.1817774367921,0.301748399687077,0.833520451639586,0.657143363854207,0.270644391352553
48.02,0,70.4253191894751,0.301368650005403,0.83214243947647,0.655891669541219,0.268331746001443
48.03,0,70.6768370995816,0.298197085809766,0.832492191668838,0.658343300007126,0.268560901756673
48.04,0,70.9410976479313,0.300360414809659,0.835057505243802,0.659318749096733,0.267891746535877
48.05,0,71.2140920979355,0.295891121678495,0.833449120911167,0.658653661839695,0.27258172350559
48.06,0,71.4937659269964,0.298683133654852,0.834580278963361,0.657395459657552,0.270016742786465
48.07,0,71.7794713865177,0.29474812956589,0.832817979226281,0.657756890096376,0.269465933475042
48.08,0,72.0710299443056,0.295637980559089,0.834353050576794,0.658084539234592,0.269814948166596
48.09,0,72.3684078394391,0.29554275211898,0.834757184908668,0.65904950532732,0.268199890629071
48.1,0,72.6716151339955,0.29241720837586,0.834978884966996,0.658045434014552,0.270080402847574
48.11,0,72.9806748269631,0.295187013642382,0.833093844411087,0.655447610737814,0.269178016819706
48.12,0,73.2956134226493,0.292966818956364,0.83238391699039,0.656009062282208,0.269515292709148
48.13,0,73.6164580428085,0.292740383383796,0.836194139160643,0.658630319819474,0.271733680149439
48.14,0,73.9432355332037,0.292505163961426,0.835126639787763,0.657819940019129,0.270605813790471
48.15,0,74.2759721778081,0.290634059580147,0.834591115617481,0.657255658326367,0.270294620130798
48.16,0,74.6146935979347,0.287310669745614,0.832712802972042,0.657927485133517,0.270547793514997
48.17,0,74.9594247074458,0.288712200800184,0.834391363997881,0.656683417632633,0.269772424003453
48.18,0,75.3101896847659,0.288465353442298,0.839479479852561,0.656153265108257,0.273477901777362
48.19,0,75.6670119497371,0.285005737729805,0.834884332256915,0.656039251076336,0.270137598457695
48.2,0,76.029914141675,0.286767809501531,0.836651297171089,0.657424713528522,0.268436895156312
48.21,0,76.3989180975282,0.288192306874633,0.834674217087333,0.657842847746675,0.26750533406811
48.22,0,76.7740448298153,0.284098450999341,0.837485170575502,0.65683442866926,0.271371253234596
48.23,0,77.1553145042526,0.283304601773534,0.83536360238383,0.658732650657242,0.269624914162471
48.24,0,77.5427464170579,0.280682943238673,0.836124955688363,0.657810300575226,0.270053186217534
48.25,0,77.9363589719384,0.283858780336297,0.839087071330456,0.658207370077931,0.271603825344546
48.26,0,78.3361696567787,0.280341992911253,0.835817561344787,0.655639323880613,0.272055050645423
48.27,0,78.742195020047,0.28186495721177,0.83496206453862,0.656118254973488,0.267772721035146
48.28,0,79.1544506469423,0.280146968635755,0.836148185098422,0.655311060326613,0.271245924989203
48.29,0,79.5729511353003,0.278211583752499,0.837651670371379,0.654140046075723,0.271890198906652
48.3,0,79.9977100712847,0.279522484394246,0.8375385128405,0.65701453195254,0.271360887760701
48.31,0,80.428740004884,0.276795946669272,0.837118807922502,0.655134374021283,0.26889442022576
48.32,0,80.8660524252405,0.275083391007444,0.839386128188915,0.656934691223852,0.274109740602129
48.33,0,81.3096577358357,0.275529611515226,0.834224477334822,0.65485698969551,0.270730894030269
48.34,0,81.7595652295579,0.272205652489389,0.836699121604173,0.654328881343696,0.269296304818298
48.35,0,82.2157830636814,0.273977698314091,0.837859541719522,0.654999559417995,0.271810853748077
48.36,0,82.6783182347818,0.273032932949441,0.83753300047466,0.656318134073749,0.268496348008212
48.37,0,83.147176553619,0.270857368939136,0.837475084241255,0.653541119451217,0.268458668892615
48.38,0,83.6223626200177,0.269424194928385,0.835689219244592,0.655611332573165,0.269337913367862
48.39,0,84.1038797977731,0.265920338983997,0.839572352746304,0.654774958759677,0.269942328407236
48.4,0,84.5917301896169,0.268878414137579,0.839354205507367,0.653680873805714,0.269651634788105
48.41,0,85.0859146122726,0.267653848096537,0.836987271256188,0.656386995564657,0.270959317029783
48.42,0,85.5864325716347,0.266772702684025,0.837982560352423,0.655180892048377,0.270831781439292
48.43,0,86.093282238106,0.264645420767771,0.839892862291994,0.65560753457528,0.268151802633571
48.44,0,86.6064604221246,0.263332275793289,0.839561847620375,0.652329677344199,0.267413192311036
48.45,0,87.1259625499193,0.260597699330548,0.837809242924773,0.654246782179107,0.271833319201288
48.46,0,87.6517826395264,0.26139017092802,0.837525329616277,0.655921940379314,0.271071828264333
48.47,0,88.1839132771049,0.257423134817899,0.837077434598311,0.653530654716666,0.271206029220844
48.48,0,88.7223455935883,0.261038314179027,0.839636673015775,0.65322970949787,0.271119903490713
48.49,0,89.2670692417079,0.258422508471235,0.839185452374718,0.653609769445973,0.27110695695539
48.5,0,89.8180723734287,0.258046845475047,0.838728302997522,0.652799079097715,0.269350628800504
48.51,0,90.3753416178336,0.256510183474385,0.838301902709618,0.653261643456381,0.270902338654411
48.52,0,90.9388620594969,0.254232058213888,0.841215225944962,0.651141571766213,0.267555769916099
48.53,0,91.5086172173836,0.254385102535989,0.840752182040106,0.654380075512466,0.271222059646046
48.54,0,92.0845890243187,0.254866156160375,0.841352929839991,0.651680185974253,0.269868182177785
48.55,0,92.6667578070611,0.255172019475451,0.839216028532453,0.653190670544152,0.27279082863014
48.56,0,93.2551022670265,0.250840315024331,0.84132256472947,0.65164445350842,0.27058234936508
48.57,0,93.8495994616963,0.250013260768125,0.843107137785702,0.652662838110225,0.269720371498423
48.58,0,94.4502247867561,0.250059117055401,0.839161940157798,0.653875866869327,0.270613311009397
48.59,0,95.0569519590024,0.248911113870712,0.838597292174044,0.653038308173136,0.26960763931651
48.6,0,95.6697530000578,0.2465912029795,0.842821052309388,0.651392064913216,0.268556996962944
48.61,0,96.2885982209365,0.244642237861158,0.839848711336199,0.650299173664868,0.270746760377784
48.62,0,96.9134562075005,0.244739995337289,0.840004128980634,0.652771543605231,0.271919710745077
48.63,0,97.5442938068455,0.243463093360445,0.842038578759438,0.648900860987885,0.269902453478428
48.64,0,98.181076114658,0.242344490676841,0.841879140546898,0.651638214161903,0.269081063252847
48.65,0,98.8237664635825,0.241835493191089,0.842824319597363,0.650178075240771,0.268790593509699
48.66,0,99.4723264126389,0.243634427967369,0.844032531040319,0.652487739380515,0.26826257146674
48.67,0,100.126715737729,0.238536484417805,0.842820818111442,0.647349499831416,0.269993873560203
48.68,0,100.786892423268,0.237592947820302,0.844033134059086,0.650810518212163,0.270566256320096
48.69,0,101.45281265499,0.235512333897132,0.841805981980497,0.649248652537649,0.268639055350112
48.7,0,102.124430813944,0.23357219406355,0.841948399610291,0.648038840137748,0.271217838057103
48.71,0,102.801699471737,0.234680603983159,0.844672306529227,0.648710075601005,0.269895994802489
48.72,0,103.484569387058,0.234647062055068,0.84336031350903,0.648212788741387,0.269769939145419
48.73,0,104.172989503498,0.234865569685778,0.843845468799765,0.649742462879589,0.270209451868057
48.74,0,104.866906948733,0.23137764335439,0.843810457666524,0.646279143321194,0.27103348048099
48.75,0,105.56626703507,0.232570343932603,0.84579092464145,0.650507593000841,0.269283733014794
48.76,0,106.271013261415,0.231333098225576,0.841804594831787,0.650132173819104,0.271778260527152
48.77,0,106.981087316678,0.228126161519393,0.845091340442214,0.651575529985611,0.269953523453868
48.78,0,107.696429084648,0.227513431217548,0.844906010710738,0.648060743336455,0.269661492496919
48.79,0,108.416976650377,0.224637447798136,0.845731934726807,0.649993569659959,0.268558557207489
48.8,0,109.142666308081,0.226697944692101,0.843703738154333,0.646848668539417,0.271487361781916
48.81,0,109.873432570606,0.221481655535212,0.844382498088378,0.649924530340291,0.270246004453735
48.82,0,110.609208180465,0.220067633874172,0.845891095175265,0.648441661291805,0.270262245566043
48.83,0,111.349924122484,0.220037694030685,0.847055271915976,0.647944518316107,0.270975943068524
48.84,0,112.095509638065,0.21786189720722,0.847888246965109,0.649027979853355,0.272161706300008
48.85,0,112.845892241098,0.218215044980047,0.843886950107734,0.648063350125414,0.269890977307727
48.86,0,113.600997735531,0.217610231778209,0.843017844018812,0.644796648293095,0.272230118306162
48.87,0,114.360750234621,0.217092938858913,0.848546357882484,0.647237986828752,0.268580240432814
48.88,0,115.125072181876,0.214828520732701,0.845470401927231,0.64508590140594,0.270606555025174
48.89,0,115.893884373703,0.213903678468668,0.846172806426952,0.645172416972824,0.270220186091163
48.9,0,116.667105983775,0.213661554868019,0.847978289888764,0.645527800772936,0.268356476103671
48.91,0,117.444654589116,0.209668096387321,0.848800640767465,0.645226428531948,0.269920194419281
48.92,0,118.226446197928,0.209267918699213,0.846188128432462,0.647224967142688,0.267973064610156
48.93,0,119.012395279147,0.208040993822647,0.849895562259612,0.651350975123863,0.26928225170498
48.94,0,119.802414793741,0.207435743086777,0.848990243169523,0.643394608159241,0.273643175907715
48.95,0,120.596416227747,0.207769882853101,0.847665896825453,0.648043632597765,0.269429946614725
48.96,0,121.394309627049,0.206267421449404,0.848253018934865,0.646757036303722,0.271220345668896
48.97,0,122.196003633887,0.203907432202866,0.848725342640494,0.644058892410048,0.267175424827367
48.98,0,123.00140552509,0.203702632493027,0.848155789592332,0.641783843640614,0.271468190085887
48.99,0,123.810421252041,0.202138313674614,0.847692186516869,0.647441908806294,0.270180215744921
49,0,124.622955482333,0.200998493798507,0.849762741150816,0.644481278377243,0.26907535710053
49.01,0,125.438911643136,0.200609172420558,0.850898746466293,0.64465788855485,0.267778132153459
49.02,0,126.25819196623,0.199403630191382,0.851488116102291,0.645009977469424,0.269152593618383
49.03,0,127.080697534712,0.198829914469585,0.850226338521005,0.644009383775142,0.269398595819883
49.04,0,127.906328331336,0.198373417965998,0.85342764660999,0.644441339793719,0.269336120429607
49.05,0,128.734983288473,0.195687485583769,0.848706694150961,0.64433359973756,0.270388312843009
49.06,0,129.566560339669,0.193451632397345,0.852486016014233,0.646678046754231,0.269956291166269
49.07,0,130.400956472763,0.192805928841677,0.84978675491025,0.641819704419097,0.269038083706555
49.08,0,131.238067784548,0.191034415706583,0.84936621671895,0.645492099951775,0.271173266188028
49.09,0,132.077789536929,0.192202374566968,0.85072513076757,0.644385395722698,0.270625317600466
49.1,0,132.920016214561,0.190927925563239,0.849640821965326,0.643258016874089,0.271376149224914
49.11,0,133.76464158391,0.18725739730316,0.852864408458952,0.644682840543262,0.270470678451449
49.12,0,134.611558753719,0.188304301553961,0.851934087311421,0.643448851921755,0.267744652283381
49.13,0,135.460660236814,0.185832866581325,0.852978902831438,0.643943276201219,0.27040493553607
49.14,0,136.311838013234,0.18545164805243,0.854014552973228,0.641307944261401,0.268348155477488
49.15,0,137.164983594614,0.184808626572622,0.850999706544062,0.640424633463947,0.268938557105959
49.16,0,138.019988089794,0.183137368517118,0.852821061114846,0.643059751208199,0.270756468069957
49.17,0,138.876742271584,0.18202503113988,0.854346753236681,0.644785943229454,0.268060254393075
49.18,0,139.735136644655,0.183063693998247,0.854141949781606,0.644452470695066,0.271301470205689
49.19,0,140.595061514483,0.181016956230922,0.852578375937456,0.643411761223276,0.271733413176317
49.2,0,141.456407057304,0.177967491348149,0.854276134807119,0.641358334824629,0.271887281431375
49.21,0,142.319063391013,0.176246635263403,0.85545988879377,0.643737768078431,0.269927279971686
49.22,0,143.182920646954,0.177904642882795,0.856727715029606,0.642075092315702,0.268877343971914
49.23,0,144.04786904254,0.178484961752233,0.856517885429541,0.643320486865417,0.273053943015463
49.24,0,144.913798954636,0.174388907297597,0.854598494580761,0.64448888218596,0.271333350724268
49.25,0,145.78060099364,0.173273940151239,0.854586072359535,0.641119804430373,0.267992831570565
49.26,0,146.648166078213,0.171164157501324,0.853078905493845,0.643583308485063,0.27123514442425
49.27,0,147.516385510559,0.174521598269698,0.855289100824432,0.6405454131076,0.271113516395181
49.28,0,148.385151052226,0.171565997220975,0.856308199219274,0.642475438120543,0.269653978243799
49.29,0,149.254355000325,0.171442396851453,0.85595471121206,0.643659919157119,0.270835645039914
49.3,0,150.123890264118,0.169733818872377,0.855261666602764,0.639942121253773,0.27278263968867
49.31,0,150.993650441892,0.168950309699214,0.857029223779175,0.641913501578343,0.271616935416845
49.32,0,151.863529898056,0.166486395495994,0.857133491389055,0.644865668294903,0.269018413188638
49.33,0,152.733423840383,0.1666634344255,0.856996394420266,0.642858979587264,0.273235653985165
49.34,0,153.603228397318,0.164854810955382,0.857617788847092,0.642937891881654,0.269631471418758
49.35,0,154.472840695295,0.16352580953213,0.856513827347184,0.643370183937434,0.269918638813121
49.36,0,155.342158935965,0.163840187981115,0.857089379260548,0.640858462773344,0.266927794498568
49.37,0,156.211082473286,0.160862171937861,0.859007413167786,0.642071666301911,0.272674999005675
49.38,0,157.079511890376,0.16027526974216,0.858305364579166,0.642245417461753,0.270509099906874
49.39,0,157.947349076074,0.161095772631428,0.856975303254093,0.640172161869566,0.26879036750102
49.4,0,158.814497301117,0.158757405881002,0.858107657395858,0.641679879808614,0.269157632891477
49.41,0,159.68086129387,0.157176142529085,0.858220080811687,0.642112298541704,0.267693341907482
49.42,0,160.546347315534,0.159996214504533,0.859356381289537,0.639554052496954,0.269991839360217
49.43,0,161.410863234744,0.15467604186638,0.859562552258928,0.642113551175045,0.269882373604524
49.44,0,162.274318601508,0.156425239415697,0.857003005873993,0.640327218041468,0.27115600929166
49.45,0,163.136624720385,0.153332474585923,0.857492247775663,0.641781305359906,0.271653890831921
49.46,0,163.997694722852,0.154461132474494,0.863470989523282,0.641652720805034,0.269512516728484
49.47,0,164.857443638782,0.152827574646866,0.858380921444121,0.643512827935568,0.268797216010263
49.48,0,165.715788466951,0.149845115805986,0.86210532494133,0.640374280135695,0.266557096996145
49.49,0,166.572648244526,0.152627084973693,0.865208464365635,0.641833422265175,0.269706041139111
49.5,0,167.427944115447,0.148562183420511,0.862035880619705,0.641493889936906,0.270328694885534
49.51,0,168.28159939764,0.151489296781231,0.861775178192016,0.641978192807168,0.269623583112118
49.52,0,169.133539649005,0.150266722981965,0.858723065713248,0.641737456909534,0.271252867618473
49.53,0,169.9836927321,0.148445383909714,0.861815471820766,0.641455669336378,0.269806863319634
49.54,0,170.831988877469,0.14695988813447,0.862984700869387,0.639821589227502,0.267136387733519
49.55,0,171.678360745551,0.146286306515139,0.861839575082151,0.641150495614558,0.267836131038762
49.56,0,172.522743487102,0.143162923805665,0.862287660589425,0.641219900519161,0.271290607235418
49.57,0,173.365074802088,0.143824951161589,0.863683869119095,0.640817892272284,0.27206624408002
49.58,0,174.205294996976,0.143096144085978,0.86219142941757,0.642611811707665,0.270043465076756
49.59,0,175.043347040383,0.141050052711259,0.86431339133407,0.642021642235857,0.272861163318569
49.6,0,175.879176617023,0.140869019492968,0.867343373766737,0.64275912833676,0.270854863672148
49.61,0,176.712732179912,0.138730214804444,0.863997308885237,0.640642329827698,0.268385193348796
49.62,0,177.543965000767,0.137611261608331,0.863510746330993,0.643231591150245,0.268608835398439
49.63,0,178.372829218574,0.138634805842248,0.867857865735206,0.641075262814686,0.269167494340531
49.64,0,179.199281886267,0.138361338606361,0.866287507423236,0.641339124024849,0.267180987708538
49.65,0,180.023283015485,0.13929440161415,0.867561268376522,0.643510209819999,0.269594651987309
49.66,0,180.84479561937,0.134216988734932,0.864199746558024,0.643846024078501,0.273454161728105
49.67,0,181.663785753365,0.137912872135518,0.866442918782867,0.641424251718753,0.269982797652073
49.68,0,182.480222553981,0.136014517515355,0.865571935049636,0.643361154390024,0.270788843818731
49.69,0,183.294078275513,0.132021106168204,0.866747306808888,0.642335254031005,0.269914267323723
49.7,0,184.105328324656,0.13349651549719,0.867624931648797,0.640046480527687,0.270953893781786
49.71,0,184.913951293019,0.132349532268891,0.869179646267829,0.644230266645275,0.270659606229454
49.72,0,185.719928987497,0.130570174021108,0.868567267217395,0.64683244608242,0.267687799467957
49.73,0,186.523246458491,0.130415415892648,0.869838805864483,0.641572285942199,0.270548954571925
49.74,0,187.323892025957,0.130636885962125,0.867384375365801,0.644117071602346,0.267655924228385
49.75,0,188.121857303266,0.129631608819548,0.86617474275337,0.643817204462808,0.270263874148851
49.76,0,188.917137218866,0.125109802071965,0.86902961355043,0.642444154140798,0.269027481670703
49.77,0,189.709730035737,0.127457384848164,0.869851364595383,0.645022051519931,0.270177040974285
49.78,0,190.499637368634,0.125038679460844,0.867094500397085,0.643493082641746,0.268474870812115
49.79,0,191.286864199103,0.124686024861767,0.870019852759979,0.643569565461577,0.270522877943665
49.8,0,192.071418888291,0.125109795940741,0.867847376375091,0.645340365909363,0.27046553032694
49.81,0,192.853313187523,0.125011661992588,0.868689180934336,0.644061503421997,0.271151360858806
49.82,0,193.632562246678,0.123143018827314,0.86970644398837,0.645765429281466,0.2697687129633
49.83,0,194.409184620342,0.124360078316436,0.870884866575993,0.643177423889375,0.269522084789251
49.84,0,195.183202271778,0.124635785371011,0.869149922224377,0.643501387510943,0.27032158805674
49.85,0,195.95464057469,0.120653577072835,0.871085727484522,0.643651673937785,0.268288706882196
49.86,0,196.723528312822,0.119928308594977,0.869549979610613,0.643337646561974,0.269348518909326
49.87,0,197.489897677397,0.120512853245291,0.871096733800446,0.642408388365006,0.27108450542933
49.88,0,198.253784262411,0.120154105736718,0.872300803661929,0.644185310438546,0.268346846342692
49.89,0,199.015227057807,0.117678461805798,0.871382641821404,0.646127057569494,0.269498102227505
49.9,0,199.774268440551,0.11706517767319,0.874014424914451,0.643857705324909,0.273289485863485
49.91,0,200.530954163629,0.116004866285455,0.870104341182021,0.645659722831487,0.271666519251996
49.92,0,201.285333343004,0.117027811670557,0.873933003464329,0.646806651184479,0.269292595326119
49.93,0,202.037458442545,0.115677666290004,0.874396413756716,0.645478921623567,0.269302165367286
49.94,0,202.787385256969,0.114310387672047,0.872160326888223,0.644991064229167,0.269092750981853
49.95,0,203.535172892827,0.115212458350157,0.873886221077378,0.645175564453373,0.271495908513349
49.96,0,204.280883747563,0.11453397668539,0.872927223454367,0.646086826148875,0.26813683092837
49.97,0,205.024583486682,0.115268540513818,0.874858980501054,0.647301893626461,0.269400930959236
49.98,0,205.76634101907,0.11192851131108,0.873283777764648,0.645933068893131,0.269917454241062
49.99,0,206.506228470499,0.114937899537615,0.875341250795758,0.645533392715614,0.269571596460667
50,0.3,207.244321155347,0.110867826451576,0.87621609574339,0.645924606892481,0.27078215899322
50.01,0.3,545.021482115831,0.00110169059367293,0.874478395675361,0.645980647049601,1
50.02,0.3,545.021482115831,0.000295911805180898,0.874467953124145,0.647125213355084,0.997305064223223
50.03,0.3,545.021482115831,0.000160879959568754,0.876339522476462,0.644885138879867,1
50.04,0.3,545.021482115831,0.00150372480398274,0.876216159677231,0.646826691039183,0.999083743388383
50.05,0.3,545.021482115831,0.000418621109770283,0.875078013836125,0.644989004753546,1
50.06,0.3,545.021482115831,0,0.87539231152772,0.647681061734075,1
50.07,0.3,545.021482115831,3.99402896906518e-06,0.876803683544922,0.647108897956639,0.999348473917323
50.08,0.3,545.021482115831,0,0.876683931438044,0.646563112237438,0.999609978508476
50.09,0.3,545.021482115831,0,0.879191356408562,0.646373693607363,0.998200999257558
50.1,0.3,545.021482115831,0.0010700850273277,0.877879336020739,0.646805581437012,1
50.11,0.3,545.021482115831,0.0016449085867515,0.877845950133596,0.64738611973517,1
50.12,0.3,545.021482115831,0,0.878422600872407,0.647875328428226,1
50.13,0.3,545.021482115831,0,0.877453027659152,0.647756598676139,0.999757315850025
50.14,0.3,545.021482115831,0.00234371158012017,0.877254173626917,0.648094712313946,0.999715721980377
50.15,0.3,545.021482115831,0.0032727992900876,0.881340890287143,0.646289350244858,0.999258928938872
50.16,0.3,545.021482115831,0.000160872939953466,0.88132293415367,0.64680436152612,0.998915696903505
50.17,0.3,545.021482115831,0.000868746777096548,0.875851470979367,0.64866861905114,1
50.18,0.3,545.021482115831,0.000219765264482494,0.878815805104935,0.647174673764713,0.999038777841515
50.19,0.3,545.021482115831,0,0.880170549166213,0.648037605315543,1
50.2,0.3,545.021482115831,0.00206579192141571,0.881293886917127,0.648224757242242,1
50.21,0.3,545.021482115831,0.00237439683232984,0.87968484255453,0.648060622992374,0.999472637054352
50.22,0.3,545.021482115831,0,0.881161830178654,0.651311904271153,0.99788583506726
50.23,0.3,545.021482115831,0,0.882329161216823,0.652110261182478,0.999529902966127
50.24,0.3,545.021482115831,0,0.881689876792189,0.646627811363829,0.997597602162557
50.25,0.3,545.021482115831,0.000868589757342869,0.885202176867044,0.650657732448711,0.999565163851704
50.26,0.3,545.021482115831,0,0.883580634105968,0.649830009744085,0.998532676365309
50.27,0.3,545.021482115831,0,0.879056081755068,0.650944310436761,0.999355004295382
50.28,0.3,545.021482115831,0.00331407299286018,0.882729316421211,0.650613256022352,0.99832964973086
50.29,0.3,545.021482115831,0,0.884020929446699,0.650350018134397,1
50.3,0.3,545.021482115831,0,0.884080670526448,0.650610571817755,1
50.31,0.3,545.021482115831,0.00209411743645155,0.881678770264333,0.651486276582059,1
50.32,0.3,545.021482115831,0.00148660062984636,0.884415522058455,0.650607866744667,1
50.33,0.3,545.021482115831,0,0.883917454220927,0.651253104980449,0.998050229532122
50.34,0.3,545.021482115831,0.00148114516005854,0.883513418997939,0.650468472708592,0.999831627206134
50.35,0.3,545.021482115831,0,0.88481647891707,0.650698321011256,1
50.36,0.3,545.021482115831,0,0.883080277609158,0.653940343071658,1
50.37,0.3,545.021482115831,0.000396701384701159,0.885171354426319,0.648087471955945,0.999083758546955
50.38,0.3,545.021482115831,0,0.887448540546098,0.652348868716589,0.999699643207144
50.39,0.3,545.021482115831,0,0.886453282804165,0.650754080864236,1
50.4,0.3,545.021482115831,0.000615019044141301,0.887581781094539,0.652221120524826,0.999418983492276
50.41,0.3,545.021482115831,0.000475007143599036,0.889041247045191,0.652461211783275,0.999726501349696
50.42,0.3,545.021482115831,0.00231147819694876,0.887028276621765,0.653299107509818,0.998957178819065
50.43,0.3,545.021482115831,0,0.888325737933275,0.651456122556027,0.999723474925219
50.44,0.3,545.021482115831,0,0.885581539791021,0.654604805342011,0.998602068690588
50.45,0.3,545.021482115831,0.00350470887404384,0.882411676364422,0.655620585437236,0.998961003284904
50.46,0.3,545.021482115831,0.000994371408349128,0.887258956933739,0.65211032689192,1
50.47,0.3,545.021482115831,0.00140870352802544,0.884725034356616,0.656866907992716,0.999542980102609
50.48,0.3,545.021482115831,0.00265115480358881,0.88869486480125,0.654083120538222,1
50.49,0.3,545.021482115831,0,0.887798300763526,0.65374644633576,1
50.5,0.3,545.021482115831,6.63400830548342e-05,0.887864002364468,0.653136673465076,1
50.51,0.3,545.021482115831,0.00229785628177774,0.888213752827151,0.654381918806345,1
50.52,0.3,545.021482115831,0,0.888740359897439,0.652318251461996,1
50.53,0.3,545.021482115831,0,0.889810837128683,0.655383240608423,1
50.54,0.3,545.021482115831,0,0.887097340214319,0.653849024477736,1
50.55,0.3,545.021482115831,0,0.889831184572229,0.654534933184933,1
50.56,0.3,545.021482115831,0,0.88938597961226,0.655066270039513,1
50.57,0.3,545.021482115831,0,0.889324753227942,0.653356387994824,1
50.58,0.3,545.021482115831,0.00162535983786674,0.889448237887484,0.653988957059573,1
50.59,0.3,545.021482115831,0.00299423634180408,0.892476659428261,0.653716302902095,1
50.6,0.3,545.021482115831,0,0.890900119962203,0.655057462460317,0.999149288302592
50.61,0.3,545.021482115831,0.000195357792174968,0.891909668286461,0.656087344921986,1
50.62,0.3,545.021482115831,0,0.892559865360815,0.656900928393391,0.99814160281247
50.63,0.3,545.021482115831,0.00186679509645987,0.88973852421404,0.656527173783401,0.999336195583881
50.64,0.3,545.021482115831,0.000521565269723066,0.894241978825201,0.655773529935639,0.997853108733092
50.65,0.3,545.021482115831,0.00333243497226069,0.890963111726145,0.655833588166828,1
50.66,0.3,545.021482115831,0,0.890406972653437,0.654642262175084,1
50.67,0.3,545.021482115831,0.000946601861033983,0.891818156263478,0.654051391609536,0.999283700725531
50.68,0.3,545.021482115831,0,0.894162804484349,0.655983393891711,1
50.69,0.3,545.021482115831,0.000516104271014184,0.891855851169492,0.656525520878616,1
50.7,0.3,545.021482115831,0.00276367088154851,0.894692869649384,0.655721493394703,1
50.71,0.3,545.021482115831,0,0.893563868050813,0.657821908155858,0.999991351800079
50.72,0.3,545.021482115831,0.000402533596305843,0.891291216832565,0.657149311138207,0.999585690234005
50.73,0.3,545.021482115831,0.000643207601743391,0.892233509921431,0.656053380325362,0.999280589999816
50.74,0.3,545.021482115831,0,0.894443570837813,0.655605751205706,0.998160923662221
50.75,0.3,545.021482115831,0,0.892759813256631,0.659223094032756,0.998540809154826
50.76,0.3,545.021482115831,0.00221444228697027,0.894236215607911,0.655937735095128,1
50.77,0.3,545.021482115831,0,0.895775363648595,0.658482258272442,1
50.78,0.3,545.021482115831,0.0015147497314731,0.897283114546467,0.657037899501879,0.999597033398159
50.79,0.3,545.021482115831,0.00206751225861865,0.895761250481004,0.656327222846957,1
50.8,0.3,545.021482115831,0.00291575375791419,0.896626854930098,0.659194216927217,0.999445639102375
50.81,0.3,545.021482115831,0,0.894027061251166,0.658881213747424,1
50.82,0.3,545.021482115831,0,0.8995804059529,0.655899287864066,1
50.83,0.3,545.021482115831,0,0.897376350254998,0.661355855378106,0.999127303083474
50.84,0.3,545.021482115831,0.000654009013120852,0.897179963148345,0.656129159354961,0.999007089068241
50.85,0.3,545.021482115831,0.000924448835814857,0.896585888487262,0.656858347501239,0.999221521666747
50.86,0.3,545.021482115831,0.00111271178597703,0.899032385477647,0.656811045417875,1
50.87,0.3,545.021482115831,0.000775508509147453,0.899695763229622,0.658379468111768,0.998495042069161
50.88,0.3,545.021482115831,0.00156799408349655,0.894088072590649,0.654901292392015,1
50.89,0.3,545.021482115831,0,0.896901243135629,0.657699723231308,1
50.9,0.3,545.021482115831,0.000489613224622781,0.898319654988909,0.656071084547869,0.998117598894801
50.91,0.3,545.021482115831,0,0.900395791985615,0.658404292646106,0.999953744824569
50.92,0.3,545.021482115831,0.00093194914252998,0.90087325921111,0.661604757296573,0.999819756319117
50.93,0.3,545.021482115831,0.00049412917349094,0.899111348119611,0.658996324618437,0.998544442633689
50.94,0.3,545.021482115831,0,0.900297919319016,0.657882568405641,1
50.95,0.3,545.021482115831,0,0.897465951618081,0.659183460407074,1
50.96,0.3,545.021482115831,0.000308828477420491,0.898639684006965,0.65848898163286,0.998757420252115
50.97,0.3,545.021482115831,0,0.898673450209758,0.659093852340038,1
50.98,0.3,545.021482115831,0,0.898934994192215,0.659970658871071,1
50.99,0.3,545.021482115831,0,0.899492145671809,0.658721953351757,0.999082050057312
51,0.3,545.021482115831,0,0.901132276868075,0.658791871795311,1
51.01,0.3,545.021482115831,0.000974048019504967,0.902428799967386,0.656604838164033,0.999520107573289
51.02,0.3,545.021482115831,0,0.903272550411602,0.658452570120804,1
51.03,0.3,545.021482115831,0,0.899333357677384,0.657962188901885,0.998537337715794
51.04,0.3,545.021482115831,0,0.900732091068622,0.659535330994118,1
51.05,0.3,545.021482115831,0.000250885707315956,0.903269525619799,0.658315813820159,0.99998717632251
51.06,0.3,545.021482115831,0.000642917693934462,0.90191812554037,0.657894873353728,0.999361102202574
51.07,0.3,545.021482115831,0,0.901278893964785,0.659035161647625,1
51.08,0.3,545.021482115831,0,0.903767944949381,0.658754614798375,1
51.09,0.3,545.021482115831,0.000456162140781318,0.903122417130258,0.65682067778393,0.999294121629397
51.1,0.3,545.021482115831,0,0.90424318790236,0.660184725182034,1
51.11,0.3,545.021482115831,0.00107070180071589,0.90256816859323,0.659318536380331,1
51.12,0.3,545.021482115831,0.000138525003256072,0.90011393372957,0.658556873369958,1
51.13,0.3,545.021482115831,0,0.903543178704571,0.656860929798487,1
51.14,0.3,545.021482115831,0,0.904665591140123,0.65726604861487,1
51.15,0.3,545.021482115831,0,0.90553523251059,0.655925355234439,1
51.16,0.3,545.021482115831,0,0.905466070360247,0.658687337407182,1
51.17,0.3,545.021482115831,0.00303753772411644,0.906204903797749,0.659888032857248,0.996337436890351
51.18,0.3,545.021482115831,0,0.904828647883872,0.658055885373075,1
51.19,0.3,545.021482115831,0,0.904518388495378,0.654884141104138,1
51.2,0.3,545.021482115831,0,0.902680749526914,0.658544772544401,1
51.21,0.3,545.021482115831,0,0.904709819149597,0.656741771487435,1
51.22,0.3,545.021482115831,0,0.906174067853211,0.655947473323378,1
51.23,0.3,545.021482115831,0.000964852213627095,0.906365363225668,0.657334858383658,1
51.24,0.3,545.021482115831,0.00136623455403746,0.906321009913865,0.657912021569875,1
51.25,0.3,545.021482115831,0.000645255957771087,0.904852388832756,0.658597420619487,1
51.26,0.3,545.021482115831,0.00052483032273656,0.90775768408361,0.658440581081981,0.999211369992838
51.27,0.3,545.021482115831,0.000764764897811334,0.907709413273949,0.657469672323701,1
51.28,0.3,545.021482115831,0.00240789781329937,0.906217796848203,0.655776527403171,1
51.29,0.3,545.021482115831,0,0.906773528005828,0.655901905783556,1
51.3,0.3,545.021482115831,0,0.907451969883276,0.655596922899114,1
51.31,0.3,545.021482115831,0,0.907036895384663,0.656586001607428,1
51.32,0.3,545.021482115831,0.00181813683319234,0.906596930894585,0.658656233257245,1
51.33,0.3,545.021482115831,0.000969965130180216,0.909372710856221,0.656400363608827,0.998533410789489
51.34,0.3,545.021482115831,0.00154242931462312,0.908003302653186,0.660328926318776,0.999755718368572
51.35,0.3,545.021482115831,0,0.905614602138705,0.65819488952117,0.999344804229724
51.36,0.3,545.021482115831,0.00157552485814697,0.908175017697101,0.656633673636595,1
51.37,0.3,545.021482115831,0.000853732027604137,0.909429035898824,0.655520033111672,1
51.38,0.3,545.021482115831,0.000262704441069244,0.91045411630243,0.656772255817105,0.998980137648231
51.39,0.3,545.021482115831,0.00283048290147808,0.909681222610811,0.655274173554945,1
51.4,0.3,545.021482115831,0.00111265482365646,0.910661228028529,0.658977061063509,0.998745740173736
51.41,0.3,545.021482115831,0,0.909183266783012,0.655860204994502,0.998791314670041
51.42,0.3,545.021482115831,0.00135767702265156,0.907263398500637,0.656460591542589,1
51.43,0.3,545.021482115831,0.00131529387577574,0.91116080756668,0.658451555665716,0.99830576710303
51.44,0.3,545.021482115831,0,0.90934575766243,0.654535470301328,1
51.45,0.3,545.021482115831,0,0.909571911655863,0.654332015268269,0.999753630308247
51.46,0.3,545.021482115831,0.00105610470913849,0.910366627173771,0.657351402201467,0.998547387161984
51.47,0.3,545.021482115831,0,0.908743400599244,0.656634373681775,0.998431421884728
51.48,0.3,545.021482115831,0.00219240298905204,0.911066460870955,0.652920345268278,0.997050855936567
51.49,0.3,545.021482115831,0,0.911290577147835,0.655316911364061,1
51.5,0.3,545.021482115831,0.00104518188311555,0.909693457524036,0.657091145361398,0.998397824713148
51.51,0.3,545.021482115831,0,0.910875887016249,0.654080287596352,1
51.52,0.3,545.021482115831,0.00166241358668744,0.913060206534637,0.655592348855499,1
51.53,0.3,545.021482115831,0.000888419974961684,0.910341158412844,0.655241295611924,1
51.54,0.3,545.021482115831,0,0.912448102521466,0.656622666633097,0.999990296505383
51.55,0.3,545.021482115831,0,0.907973406765865,0.653906552115579,1
51.56,0.3,545.021482115831,0.00309909912539314,0.910616389301045,0.651367951917323,1
51.57,0.3,545.021482115831,0.00073385182757351,0.911838888170828,0.651620264010548,1
51.58,0.3,545.021482115831,0.000276367465273498,0.910761076978211,0.654407542758418,0.998683064459829
51.59,0.3,545.021482115831,0.00200735180108918,0.91079673253081,0.653989574863357,1
51.6,0.3,545.021482115831,0,0.908533150941209,0.652907065635485,1
51.61,0.3,545.021482115831,0,0.911255870431156,0.656020616104215,0.99878462033308
51.62,0.3,545.021482115831,0,0.91030049453708,0.653020126640753,0.998797759662105
51.63,0.3,545.021482115831,0.000377750886715733,0.911859829961222,0.654994071086651,0.996869238485643
51.64,0.3,545.021482115831,0,0.91198268666804,0.65366317361031,0.999277353706136
51.65,0.3,545.021482115831,0,0.914477854182778,0.65027077826974,1
51.66,0.3,545.021482115831,0.00200387798567515,0.911997439810482,0.652724837474206,0.999497151656126
51.67,0.3,545.021482115831,0,0.913718775873358,0.653103688451414,1
51.68,0.3,545.021482115831,0,0.911721772103266,0.654398191620753,0.999158268015433
51.69,0.3,545.021482115831,0.000335530685014221,0.910640892490293,0.652004540020271,0.998622885862414
51.7,0.3,545.021482115831,0.00190347195360466,0.911400316295216,0.653861785951193,0.99750294892882
51.71,0.3,545.021482115831,0,0.913682566329662,0.650560043461204,0.998660939173795
51.72,0.3,545.021482115831,0,0.914650725719048,0.652767682511711,0.999498369063093
51.73,0.3,545.021482115831,0.00222048103548165,0.913497707546322,0.650470107692692,1
51.74,0.3,545.021482115831,0,0.912883215149224,0.650220737783502,0.999952558102388
51.75,0.3,545.021482115831,0.000841229426561727,0.913478812631766,0.648762595151659,1
51.76,0.3,545.021482115831,0,0.914184509963059,0.651140223788335,0.998085706862499
51.77,0.3,545.021482115831,0,0.912958963729965,0.650317275442805,1
51.78,0.3,545.021482115831,0,0.915559478833669,0.650508397813958,0.998460201099703
51.79,0.3,545.021482115831,0.000952064319606771,0.914762941564994,0.649312487140026,1
51.8,0.3,545.021482115831,0.000755030123100546,0.914980244119057,0.652342166537338,1
51.81,0.3,545.021482115831,0.000312427183603411,0.91315408386171,0.647517359418128,0.998319741127012
51.82,0.3,545.021482115831,0.00075334128411738,0.916570947238513,0.648322383824468,1
51.83,0.3,545.021482115831,0.00158721081158782,0.918482954064455,0.651682068784378,1
51.84,0.3,545.021482115831,0,0.91392996202702,0.651531861789186,1
51.85,0.3,545.021482115831,0,0.915746899856653,0.65170303877254,0.999269644606534
51.86,0.3,545.021482115831,0,0.916630273902827,0.649034560469504,0.999620469096222
51.87,0.3,545.021482115831,0,0.9128912412457,0.650684364990261,1
51.88,0.3,545.021482115831,0.000460446100879382,0.913587664336424,0.651038086010813,1
51.89,0.3,545.021482115831,7.51081224914104e-05,0.915962931525832,0.648877731188112,0.997975301216433
51.9,0.3,545.021482115831,0.000401516047838521,0.91396549689126,0.647928106390259,0.998710797828429
51.91,0.3,545.021482115831,0,0.917117298267717,0.646601993100226,0.999491006822083
51.92,0.3,545.021482115831,0.00016291145039298,0.914093469860841,0.64786338077327,0.998318355372542
51.93,0.3,545.021482115831,0,0.918632840864581,0.648775941486637,0.999534956383148
51.94,0.3,545.021482115831,0,0.916271852021504,0.649517586414042,0.999437160318062
51.95,0.3,545.021482115831,0.00115261749796014,0.914333887883407,0.647922875629227,1
51.96,0.3,545.021482115831,0.0013370314196846,0.916433701495433,0.646957103906682,0.998296160683884
51.97,0.3,545.021482115831,0,0.917144952682094,0.646845956104096,0.998482017383544
51.98,0.3,545.021482115831,0.00126874733423949,0.916778735723225,0.646423712530291,0.999414844722087
51.99,0.3,545.021482115831,0,0.914962093759715,0.647661810555188,1
52,0.3,545.021482115831,0.000898155592625844,0.916552764188623,0.646142380791285,1
52.01,0.3,545.021482115831,0.000849103508457257,0.913454167967883,0.648215778715551,0.998568309567421
52.02,0.3,545.021482115831,0,0.916894708325612,0.646373255101668,0.99913645845866
52.03,0.3,545.021482115831,0.00169970766083323,0.918620232916972,0.649115171368902,0.997911036330833
52.04,0.3,545.021482115831,0.0020978803426499,0.91868425838608,0.647635179530891,1
52.05,0.3,545.021482115831,0,0.916140887149951,0.646762529269589,0.998666761854679
52.06,0.3,545.021482115831,0.000372832016659913,0.917702400441247,0.645981979903526,0.999782100920345
52.07,0.3,545.021482115831,0.000187978041560374,0.917472564787513,0.64495530413679,0.999539672536803
52.08,0.3,545.021482115831,0,0.916616790179808,0.646546306056935,1
52.09,0.3,545.021482115831,0.00137107005898236,0.915939523051108,0.646646914402253,1
52.1,0.3,545.021482115831,0.00244751695897328,0.915227832681691,0.648526829361696,0.99822715324163
52.11,0.3,545.021482115831,0.0021370155670469,0.917964364779631,0.644187146412386,1
52.12,0.3,545.021482115831,0.000613314494253453,0.916746567067922,0.64416120907571,1
52.13,0.3,545.021482115831,0.0026273562592659,0.913952528468616,0.64490941402342,0.99884864438346
52.14,0.3,545.021482115831,0.000344203267547463,0.917844014477527,0.644887105827064,0.999117964989611
52.15,0.3,545.021482115831,0.000141578204887655,0.918139809037035,0.645356995210421,0.998941920094236
52.16,0.3,545.021482115831,0.00025055973583595,0.916680433754177,0.644792149996538,0.999827710470119
52.17,0.3,545.021482115831,0.000517287126487117,0.919577558706733,0.646933401905925,0.999503305403799
52.18,0.3,545.021482115831,0.00158151556875049,0.918040271785705,0.644600428442488,0.999686978323059
52.19,0.3,545.021482115831,0.00123337209043178,0.920039194181189,0.644197950058137,1
52.2,0.3,545.021482115831,0.000763289969674367,0.917655941859695,0.64356289977912,1
52.21,0.3,545.021482115831,0.00182871068855524,0.917565269422932,0.646748928591832,1
52.22,0.3,545.021482115831,0,0.921171289206176,0.641933312456152,0.997676049382146
52.23,0.3,545.021482115831,0.000550047236211343,0.914767154587819,0.644620803113374,0.998632420995699
52.24,0.3,545.021482115831,0.00195132664935529,0.919600780773925,0.642209063500089,0.997435475266378
52.25,0.3,545.021482115831,0.000903125117561436,0.919625506844922,0.641798540314973,0.997505736772927
52.26,0.3,545.021482115831,0,0.918424751884206,0.64490199287664,1
52.27,0.3,545.021482115831,0.000998067775610235,0.919083277169569,0.645251360729557,0.998472659044461
52.28,0.3,545.021482115831,0.000954532093077365,0.920523710350369,0.641737345618447,1
52.29,0.3,545.021482115831,0,0.91884705148314,0.642964579560506,1
52.3,0.3,545.021482115831,4.19019383802217e-05,0.91854276145304,0.643381043636075,0.998966434329861
52.31,0.3,545.021482115831,4.55655147915811e-05,0.921394253896977,0.643919817664691,0.99968497495068
52.32,0.3,545.021482115831,0,0.917012941491517,0.640405460366681,1
52.33,0.3,545.021482115831,0,0.918458970086527,0.642117389023282,0.99871150789564
52.34,0.3,545.021482115831,0.000547770130355969,0.918226780752754,0.643069898794516,1
52.35,0.3,545.021482115831,0,0.919485296914038,0.643600637298224,0.998542341415739
52.36,0.3,545.021482115831,0.00137184396311639,0.918525612588797,0.641992037331032,1
52.37,0.3,545.021482115831,0.000862443709897329,0.920369747983032,0.643449573706235,1
52.38,0.3,545.021482115831,0,0.916949660537951,0.643158100108097,0.999506468061788
52.39,0.3,545.021482115831,0.00174421230410337,0.918036643678281,0.642947108486139,0.999324081693206
52.4,0.3,545.021482115831,0,0.917941654114025,0.641674155881091,1
52.41,0.3,545.021482115831,0.000613893432441603,0.92170829975646,0.640568659196511,0.998699263311273
52.42,0.3,545.021482115831,0.00154630804935754,0.917868093307494,0.641767316217277,1
52.43,0.3,545.021482115831,0.000343236288754601,0.916003162506058,0.641956666561912,1
52.44,0.3,545.021482115831,0,0.916144003924215,0.640797112784602,0.999796549008747
52.45,0.3,545.021482115831,0,0.91806263109772,0.642182558948424,1
52.46,0.3,545.021482115831,0,0.920830322399129,0.641374939063482,1
52.47,0.3,545.021482115831,0,0.918767703361025,0.640809466851322,0.999781448726501
52.48,0.3,545.021482115831,0,0.919004852753183,0.642999527743496,1
52.49,0.3,545.021482115831,0,0.917257450069071,0.642824061097081,0.999809297867407
52.5,0.3,545.021482115831,0,0.919727480883834,0.642764397365391,0.997440391397525
52.51,0.3,545.021482115831,0.000483770125293291,0.919301126942898,0.64276785713742,1
52.52,0.3,545.021482115831,0,0.916912098238085,0.640880660110336,1
52.53,0.3,545.021482115831,0.00103149671960993,0.918932850140985,0.640523630828031,0.997142845816983
52.54,0.3,545.021482115831,0,0.917637509668513,0.640292989850388,1
52.55,0.3,545.021482115831,0,0.919120880653703,0.642459072784091,1
52.56,0.3,545.021482115831,0.000587141133229582,0.919248818246393,0.640710561981238,1
52.57,0.3,545.021482115831,0,0.919768131374924,0.640803054558605,1
52.58,0.3,545.021482115831,0.00155821789867598,0.920279871699546,0.641575012217374,1
52.59,0.3,545.021482115831,0.00224274933886274,0.917641526888893,0.64327676930425,0.999353475476597
52.6,0.3,545.021482115831,0.000415352550345992,0.918094568145098,0.642733463895431,0.998294565494162
52.61,0.3,545.021482115831,0,0.920669534998952,0.641072176963317,0.998018606449276
52.62,0.3,545.021482115831,0,0.920085880798918,0.642687035296559,0.999535774876424
52.63,0.3,545.021482115831,0,0.920716994559364,0.642579186197122,0.999141539095752
52.64,0.3,545.021482115831,0.000689199407156118,0.916205883162583,0.640142153039613,0.999288542383637
52.65,0.3,545.021482115831,0,0.919627518897201,0.63958436940398,1
52.66,0.3,545.021482115831,0.00199070372987258,0.914889184521216,0.642627142987245,1
52.67,0.3,545.021482115831,0.000866551920069998,0.918587817053911,0.639659731259794,0.997527133173513
52.68,0.3,545.021482115831,0,0.91930979583026,0.644215471490069,1
52.69,0.3,545.021482115831,0.000110150513551533,0.920044201378988,0.641221438412771,0.997490287931788
52.7,0.3,545.021482115831,0.0020391192642933,0.918473575445054,0.640599665461574,1
52.71,0.3,545.021482115831,0,0.915597574509416,0.643550980239934,0.999546961066071
52.72,0.3,545.021482115831,0,0.921050588370409,0.643006584654719,0.998477481214812
52.73,0.3,545.021482115831,0,0.917203108619096,0.643578888823057,0.997606780300786
52.74,0.3,545.021482115831,0,0.917589182604387,0.641689384048786,1
52.75,0.3,545.021482115831,0.00219250641412784,0.918546595111925,0.640655287416226,0.999309364089568
52.76,0.3,545.021482115831,0,0.917382961332475,0.642705781561202,1
52.77,0.3,545.021482115831,0,0.915926523624988,0.642581576407313,0.998729980159442
52.78,0.3,545.021482115831,0,0.919552907428959,0.643798030995796,1
52.79,0.3,545.021482115831,0.0023065181505305,0.91859152399702,0.641339354814111,0.997864950662149
52.8,0.3,545.021482115831,0,0.919551867771664,0.641017170549404,0.999528982498097
52.81,0.3,545.021482115831,0,0.920024244868788,0.638548380147845,1
52.82,0.3,545.021482115831,0,0.914399398652986,0.64277257953963,0.997822346569049
52.83,0.3,545.021482115831,0,0.91727947894553,0.640136763457763,0.999521276098161
52.84,0.3,545.021482115831,0,0.918855875020424,0.64188340060275,0.999270728599397
52.85,0.3,545.021482115831,0,0.916647500956044,0.641407971749185,1
52.86,0.3,545.021482115831,0.000261629112991971,0.916508843266354,0.639726678188753,0.999319220806805
52.87,0.3,545.021482115831,0,0.914590789275914,0.641755268623507,0.999806175071825
52.88,0.3,545.021482115831,0.00120070774343617,0.918243070271761,0.644359986081087,1
52.89,0.3,545.021482115831,0.000758609439466553,0.91511923451379,0.643560548839688,1
52.9,0.3,545.021482115831,0,0.917934462730921,0.643898919833673,1
52.91,0.3,545.021482115831,0,0.917119346121,0.644629118620451,1
52.92,0.3,545.021482115831,0.00150051775695905,0.916963343341362,0.642798119737193,0.999615714475875
52.93,0.3,545.021482115831,0,0.918720124680207,0.644726516043036,1
52.94,0.3,545.021482115831,0,0.915334084006776,0.640940598445692,0.997690886580268
52.95,0.3,545.021482115831,0,0.918026792523051,0.643407228523267,0.997297323304028
52.96,0.3,545.021482115831,0.000444486806620163,0.920326419059992,0.641429419296376,1
52.97,0.3,545.021482115831,0.00158726568543816,0.915703281373931,0.643572533275255,0.999338834127638
52.98,0.3,545.021482115831,0.000352729039003353,0.915551872087275,0.643896503264289,0.998464131317101
52.99,0.3,545.021482115831,0,0.916965484221855,0.643660261266714,1
53,0.3,545.021482115831,0,0.914372943234046,0.646701826562888,1
53.01,0.3,545.021482115831,0,0.915735873752764,0.64591080565819,1
53.02,0.3,545.021482115831,0,0.915983338525885,0.643193829758949,1
53.03,0.3,545.021482115831,0,0.918236728002803,0.645694424650175,1
53.04,0.3,545.021482115831,0.000147646191100364,0.918389545338209,0.645972299003854,0.998128614609858
53.05,0.3,545.021482115831,0,0.914608944186073,0.644846885967889,0.999035953998798
53.06,0.3,545.021482115831,0,0.916292936466109,0.644559268845706,0.999954694358827
53.07,0.3,545.021482115831,0,0.916612250233032,0.644095280202992,1
53.08,0.3,545.021482115831,0,0.914492800234111,0.644735531555695,1
53.09,0.3,545.021482115831,0.00271671347723497,0.915705557985464,0.644573685064376,1
53.1,0.3,545.021482115831,0,0.91595533207996,0.647845183653445,1
53.11,0.3,545.021482115831,0.00297311574498526,0.915446150151521,0.644970447445906,0.999875111789016
53.12,0.3,545.021482115831,0,0.91667933427714,0.645104364707187,1
53.13,0.3,545.021482115831,0,0.91568315686965,0.646438432034816,0.999707446885009
53.14,0.3,545.021482115831,0,0.916480795494212,0.64299565647802,1
53.15,0.3,545.021482115831,0,0.9132999797925,0.645973915204497,0.998592428582898
53.16,0.3,545.021482115831,0,0.912662270064737,0.646659241049344,1
53.17,0.3,545.021482115831,0,0.912294756423859,0.645497254947208,0.99941944289056
53.18,0.3,545.021482115831,0,0.912956799220022,0.643994742923294,1
53.19,0.3,545.021482115831,0.000870118129106796,0.915271422731286,0.64661285366964,1
53.2,0.3,545.021482115831,0.000170349171469158,0.914515283971512,0.64602706971548,0.999403581277352
53.21,0.3,545.021482115831,0,0.91345998986657,0.64740890435531,0.999177952579917
53.22,0.3,545.021482115831,0,0.912957051194329,0.646840706986601,1
53.23,0.3,545.021482115831,0,0.91329497264922,0.648543258290703,0.999569106031619
53.24,0.3,545.021482115831,0.000462214221663501,0.911491693438583,0.646936599605736,0.999225258557503
53.25,0.3,545.021482115831,2.97589280064097e-05,0.914700989361357,0.647938200665185,1
53.26,0.3,545.021482115831,0,0.913450632527645,0.645404826676586,0.999235256537859
53.27,0.3,545.021482115831,2.78217503167747e-05,0.915876299457832,0.64644051869205,1
53.28,0.3,545.021482115831,0.000119428221164341,0.911476557275424,0.646671787691996,1
53.29,0.3,545.021482115831,0.00127807971741467,0.913442553505178,0.649046457837029,0.999024884643152
53.3,0.3,545.021482115831,0,0.913710227985968,0.646926545225049,0.99951082056742
53.31,0.3,545.021482115831,0.0011750106764361,0.911266955316341,0.649657550796587,1
53.32,0.3,545.021482115831,0.000410921521828998,0.912357567639309,0.648409331281095,1
53.33,0.3,545.021482115831,0,0.911695553106986,0.647462995978904,0.999401591946495
53.34,0.3,545.021482115831,0,0.912220183080495,0.648513005471934,0.995146503108463
53.35,0.3,545.021482115831,0,0.911358519347066,0.64770876358119,0.998928137148233
53.36,0.3,545.021482115831,0,0.914331558366313,0.647455986438599,0.998855870199912
53.37,0.3,545.021482115831,0,0.909826936341046,0.648273079749582,0.998696915414256
53.38,0.3,545.021482115831,0.0014456976052555,0.912070266754884,0.650255463971543,1
53.39,0.3,545.021482115831,0.000279485095656484,0.911172734807695,0.649766878359575,0.998694930742498
53.4,0.3,545.021482115831,0,0.910778395000355,0.648656157873135,0.998198646713429
53.41,0.3,545.021482115831,0,0.910878482931538,0.647468814679123,0.999657954904846
53.42,0.3,545.021482115831,0.00230627604681615,0.910210930317082,0.651648559359182,0.999826945066588
53.43,0.3,545.021482115831,0.000507184460136569,0.914293840580455,0.649570521914311,0.999653455865341
53.44,0.3,545.021482115831,0,0.913200159123289,0.65060835634121,1
53.45,0.3,545.021482115831,0.00187969936522754,0.909848019930488,0.649735301410181,1
53.46,0.3,545.021482115831,0.00180570268467313,0.910398563877217,0.651836395960679,0.99906132433656
53.47,0.3,545.021482115831,0.000404651636920298,0.912806434380503,0.651158411092614,0.999596140963693
53.48,0.3,545.021482115831,0,0.908675745004347,0.649420692103908,0.998264856594666
53.49,0.3,545.021482115831,0.000859740895927611,0.911931747453603,0.648702186307554,1
53.5,0.3,545.021482115831,0,0.907737407288461,0.652495368802625,1
53.51,0.3,545.021482115831,0.000714539259717054,0.909348019038984,0.652180353352972,1
53.52,0.3,545.021482115831,2.38353155548528e-05,0.910469507653912,0.652457043521996,1
53.53,0.3,545.021482115831,0.00283527625066446,0.912841979833269,0.65045073268004,0.998312597977673
53.54,0.3,545.021482115831,0,0.912557337080508,0.650562799744068,0.998982032766898
53.55,0.3,545.021482115831,0,0.910158661065338,0.652436076684028,0.999221947881295
53.56,0.3,545.021482115831,0.00143907108992453,0.910580433256822,0.654537660979188,0.998626803343961
53.57,0.3,545.021482115831,0.00102473923096721,0.91012070415468,0.651945484415807,0.997871994759893
53.58,0.3,545.021482115831,0,0.907327623986957,0.652654008652598,0.998440252849677
53.59,0.3,545.021482115831,0,0.910056380791405,0.651901671020495,1
53.6,0.3,545.021482115831,0,0.910312407582236,0.654115711150311,1
53.61,0.3,545.021482115831,0.00365714206221686,0.907400806767816,0.652422565973077,1
53.62,0.3,545.021482115831,0,0.906255346141329,0.654048776461602,1
53.63,0.3,545.021482115831,0,0.907453634433723,0.656867246311416,0.998999880789146
53.64,0.3,545.021482115831,0.000527507994197392,0.90682506500701,0.654069571721967,1
53.65,0.3,545.021482115831,0.000279004456977001,0.909601864002361,0.654835919467623,1
53.66,0.3,545.021482115831,0,0.904874473632219,0.654237223109266,0.998276552715788
53.67,0.3,545.021482115831,0,0.907243233959804,0.656679768335238,1
53.68,0.3,545.021482115831,2.09126673252122e-05,0.909107625003206,0.656755730338104,1
53.69,0.3,545.021482115831,0,0.907444464108187,0.65384186105876,1
53.7,0.3,545.021482115831,0,0.906631426864086,0.655075985597194,1
53.71,0.3,545.021482115831,0,0.907462421838164,0.653663485513558,0.999708103791296
53.72,0.3,545.021482115831,0,0.907454391657641,0.655820224469023,1
53.73,0.3,545.021482115831,0,0.907658395457899,0.657887003070955,0.998552517489197
53.74,0.3,545.021482115831,0.000228130376413841,0.90331109173644,0.655425967138257,0.998253185788404
53.75,0.3,545.021482115831,0,0.903634410372244,0.656329954709869,1
53.76,0.3,545.021482115831,0.000766446993435552,0.907227831372174,0.656123323251016,1
53.77,0.3,545.021482115831,0,0.904939576488449,0.655579024895357,1
53.78,0.3,545.021482115831,0,0.90698314928224,0.655514833415172,1
53.79,0.3,545.021482115831,0.000844719033400904,0.905767567785383,0.656958555434069,1
53.8,0.3,545.021482115831,0.00121653323794471,0.906954137434022,0.654328902521842,1
53.81,0.3,545.021482115831,0.000735791537090404,0.9017683323629,0.655971041481907,0.998171682943249
53.82,0.3,545.021482115831,0,0.905407287185769,0.656241732397944,1
53.83,0.3,545.021482115831,0,0.902577201480843,0.656027116308792,0.999044032610966
53.84,0.3,545.021482115831,0,0.901553578849073,0.656219983883339,0.998635388902486
53.85,0.3,545.021482115831,0.000482249421125412,0.903419458580016,0.655256976949427,0.998612702432528
53.86,0.3,545.021482115831,0,0.902617277839653,0.655770671800338,1
53.87,0.3,545.021482115831,7.25663445602151e-05,0.901645611245051,0.657260539019908,0.99904023299523
53.88,0.3,545.021482115831,0.000452766126576668,0.901826271000643,0.658363679737316,1
53.89,0.3,545.021482115831,0,0.901542088039458,0.660341107592671,1
53.9,0.3,545.021482115831,0.000276180145555874,0.902546990233059,0.656020249825076,1
53.91,0.3,545.021482115831,0.0037527659538629,0.903624262461022,0.659427039090924,0.99667150583429
53.92,0.3,545.021482115831,0.00367289088142473,0.902368677227375,0.656014134408923,1
53.93,0.3,545.021482115831,0,0.901565517846268,0.657878155208376,1
53.94,0.3,545.021482115831,0,0.901088649449172,0.658915118323156,1
53.95,0.3,545.021482115831,0,0.90349094620703,0.655118180476326,1
53.96,0.3,545.021482115831,0,0.900705707724687,0.65683049910562,1
53.97,0.3,545.021482115831,0.0016150713986775,0.904030761207379,0.656508692462975,1
53.98,0.3,545.021482115831,0.0015535303261451,0.900353629578311,0.658069326163222,0.99863266509753
53.99,0.3,545.021482115831,0.0028496252346346,0.901916878878668,0.656446152893623,0.996826418810953
54,0.3,545.021482115831,0,0.89909427487497,0.659866640116351,0.997306561429417
54.01,0.3,545.021482115831,0,0.89863859167275,0.659876901183299,1
54.02,0.3,545.021482115831,0.00161422574202322,0.900948446882697,0.659515878471683,1
54.03,0.3,545.021482115831,0.00239245356821449,0.901116350851831,0.658444601060814,0.998408501897289
54.04,0.3,545.021482115831,0,0.900979197953675,0.656154721405053,1
54.05,0.3,545.021482115831,0.000471205426137043,0.899817354866457,0.655032087864127,0.998249287242124
54.06,0.3,545.021482115831,0,0.898417026039861,0.661442647945483,0.996976850406413
54.07,0.3,545.021482115831,0.00207386442819032,0.902892395189696,0.659981970179906,1
54.08,0.3,545.021482115831,0,0.899541323893096,0.65679648850755,1
54.09,0.3,545.021482115831,0.00170997478684031,0.898929599586511,0.658873370643786,1
54.1,0.3,545.021482115831,0,0.897289813490554,0.658745535749272,1
54.11,0.3,545.021482115831,0,0.898896471019335,0.658994225733584,1
54.12,0.3,545.021482115831,0,0.897579814765158,0.66034722385051,1
54.13,0.3,545.021482115831,0.000756062450845587,0.899485641900431,0.658247605875558,1
54.14,0.3,545.021482115831,0.00181883668184606,0.89640655143805,0.660578764192475,0.999137661403944
54.15,0.3,545.021482115831,0,0.897580870013973,0.657101875448996,0.999937445142585
54.16,0.3,545.021482115831,8.25363180692038e-05,0.897090651196327,0.661518694963886,1
54.17,0.3,545.021482115831,0.00141535434802216,0.895019781239581,0.657347178829413,0.999543228771227
54.18,0.3,545.021482115831,0.00131517387658455,0.896655665033509,0.658684517650162,1
54.19,0.3,545.021482115831,0.00171444807314692,0.895915195246545,0.658829002779384,1
54.2,0.3,545.021482115831,0.00128105417979048,0.895831853297919,0.660508251004605,0.99938332120175
54.21,0.3,545.021482115831,0.000644966551557801,0.896101091046425,0.658523642072049,1
54.22,0.3,545.021482115831,0,0.894192065800176,0.658019426689059,1
54.23,0.3,545.021482115831,0.00106893420050839,0.893873681402485,0.659010786456796,1
54.24,0.3,545.021482115831,0,0.893111716314977,0.659011604549736,1
54.25,0.3,545.021482115831,0,0.894951395093136,0.657328333210594,0.998720285888623
54.26,0.3,545.021482115831,0,0.894530911677496,0.660556198664048,1
54.27,0.3,545.021482115831,6.3885598478768e-05,0.894834379815708,0.658593703339857,0.997928714497084
54.28,0.3,545.021482115831,0.00057092679822429,0.893782438652202,0.659756124772531,1
54.29,0.3,545.021482115831,0.000467021755666751,0.894203770794884,0.656832330190196,0.999875921025309
54.3,0.3,545.021482115831,0.000339313633190083,0.89513052413188,0.656073840809309,1
54.31,0.3,545.021482115831,8.49138151026634e-05,0.894032971916823,0.657844889822653,0.999116889889202
54.32,0.3,545.021482115831,0.00223061450667508,0.893081102959706,0.657367111440252,0.998987771364597
54.33,0.3,545.021482115831,0,0.894855833989428,0.658288888270262,0.998544584251096
54.34,0.3,545.021482115831,0,0.890917339721685,0.657411065505523,0.99961470991185
54.35,0.3,545.021482115831,0.00035778439015349,0.893586375980362,0.657242683671111,0.99863030080695
54.36,0.3,545.021482115831,0,0.893573559178955,0.657769242235529,0.999757570615153
54.37,0.3,545.021482115831,3.95523421338864e-05,0.89235849167691,0.65671568503336,0.999079139317959
54.38,0.3,545.021482115831,0.000997084418933869,0.89136739931681,0.659488150303815,1
54.39,0.3,545.021482115831,0.00168622679989347,0.890428301071579,0.657088043653434,0.998542853637091
54.4,0.3,545.021482115831,0.00345724892058409,0.890446212427052,0.659489956015248,1
54.41,0.3,545.021482115831,0.0014881819220589,0.89066580839764,0.658339594901995,0.999436688299766
54.42,0.3,545.021482115831,0,0.892064671207373,0.657146371698952,0.999291063002636
54.43,0.3,545.021482115831,0.0017355941311438,0.892598504392393,0.659245903300111,1
54.44,0.3,545.021482115831,0,0.892001092726161,0.655686024442752,1
54.45,0.3,545.021482115831,0.000701361803343154,0.888771134186254,0.658123980342084,1
54.46,0.3,545.021482115831,0.000829188939103555,0.886788765557047,0.657926344841346,1
54.47,0.3,545.021482115831,0,0.89065511654542,0.656423130155072,1
54.48,0.3,545.021482115831,0,0.888025555800552,0.656797296276828,1
54.49,0.3,545.021482115831,0,0.888221486868619,0.65740655522987,1
54.5,0.3,545.021482115831,0.000538045426869878,0.889525506199581,0.658666286928726,1
54.51,0.3,545.021482115831,0,0.889993389862686,0.65885493833196,0.999197864459411
54.52,0.3,545.021482115831,0.0013599958977536,0.88910865552706,0.654635606528883,0.998821078466948
54.53,0.3,545.021482115831,0.00157403175968924,0.888023690670705,0.65490534469318,1
54.54,0.3,545.021482115831,0.000773223280858987,0.88682748832513,0.659724579651108,0.997672011329029
54.55,0.3,545.021482115831,0.00427949045779737,0.88852404421855,0.656139194327968,1
54.56,0.3,545.021482115831,0,0.885962484624836,0.655763175489336,1
54.57,0.3,545.021482115831,0,0.888473760527622,0.656976886223974,0.998868092640543
54.58,0.3,545.021482115831,0,0.886756568095452,0.657042016757431,1
54.59,0.3,545.021482115831,0,0.886146292315299,0.656335454459003,1
54.6,0.3,545.021482115831,0,0.886654641253678,0.65743703501346,0.998604925737953
54.61,0.3,545.021482115831,0,0.886046287469061,0.653427289377965,1
54.62,0.3,545.021482115831,0,0.884249431362604,0.656113532348938,1
54.63,0.3,545.021482115831,0,0.885491976161861,0.656153518968895,0.997428746957407
54.64,0.3,545.021482115831,0.000879855370086668,0.884381207833383,0.655767210302519,0.99771834805899
54.65,0.3,545.021482115831,0.00209496343253006,0.884395494400582,0.653903275136229,1
54.66,0.3,545.021482115831,0,0.883669750352105,0.657131951498838,0.998479716902204
54.67,0.3,545.021482115831,0,0.884575909977129,0.655778691335397,0.997725065895191
54.68,0.3,545.021482115831,0,0.885718812331355,0.656264233905,1
54.69,0.3,545.021482115831,0.00135673993184743,0.885895473379702,0.654753742134289,1
54.7,0.3,545.021482115831,0.00177242103836167,0.88520193553071,0.655496311337993,1
54.71,0.3,545.021482115831,0.00157156179913697,0.879994843330532,0.651438265292738,1
54.72,0.3,545.021482115831,0,0.882418396372053,0.651458793048159,0.999354074596884
54.73,0.3,545.021482115831,0,0.882530009274813,0.654532689834043,1
54.74,0.3,545.021482115831,0.000170788092626951,0.880605599268481,0.652562209124581,0.999688593304616
54.75,0.3,545.021482115831,0,0.879737204625037,0.651802302424373,0.999243500531423
54.76,0.3,545.021482115831,0.00102287378109906,0.878854196406912,0.654991267713279,0.998843571021925
54.77,0.3,545.021482115831,0,0.882758782759441,0.654538415975693,1
54.78,0.3,545.021482115831,0,0.880885578221284,0.651133453494677,1
54.79,0.3,545.021482115831,0,0.880996751325702,0.653690271730225,1
54.8,0.3,545.021482115831,0,0.881576515634236,0.654367594982264,1
54.81,0.3,545.021482115831,0.00163621865406041,0.881550621228763,0.654677066693023,1
54.82,0.3,545.021482115831,0.000918191809191402,0.879060677905478,0.652826884253788,1
54.83,0.3,545.021482115831,0,0.880250902645419,0.65276522927643,1
54.84,0.3,545.021482115831,0.000163700835259745,0.881225048325119,0.65073625951055,0.999681664725795
54.85,0.3,545.021482115831,0.00158153793331818,0.880514449447137,0.655236918435548,1
54.86,0.3,545.021482115831,0,0.879186235346421,0.651378128655632,0.998537346253827
54.87,0.3,545.021482115831,0.000784299227078769,0.877211717504776,0.650423795453314,0.999481270260163
54.88,0.3,545.021482115831,0,0.877548483066472,0.651846047956674,0.998388730412799
54.89,0.3,545.021482115831,0,0.878790539542533,0.650010125751315,1
54.9,0.3,545.021482115831,0,0.87838760044064,0.649763991154781,1
54.91,0.3,545.021482115831,0.000518971818026882,0.880199919552642,0.652997537645452,1
54.92,0.3,545.021482115831,0.000592170724060229,0.878775195230691,0.651628942471524,1
54.93,0.3,545.021482115831,0,0.876966128436772,0.651037318992299,0.998773893803244
54.94,0.3,545.021482115831,5.90006362968294e-05,0.878623827546704,0.650323695169045,1
54.95,0.3,545.021482115831,0.000136729299326154,0.877225457441441,0.650087985774222,1
54.96,0.3,545.021482115831,0.00146062307000933,0.876541167983168,0.650487714895193,0.998775441912678
54.97,0.3,545.021482115831,0,0.876336635796193,0.648593984212849,1
54.98,0.3,545.021482115831,0,0.873866685310384,0.649215275208485,1
54.99,0.3,545.021482115831,0.00173691598945109,0.874550355681596,0.649633367595061,0.996682242380026
55,0,545.021482115831,0.000947513454321252,0.874651204488151,0.646858349132228,1
55.01,0,545.021482115831,0.00023673476516575,0.874030392019775,0.650511319590112,0.997469349426708
55.02,0,545.021482115831,0.000283788753768006,0.877088787457649,0.64872447524045,0.999950257949116
55.03,0,545.021482115831,0,0.87466794650326,0.649627029608042,0.999393983862437
55.04,0,545.021482115831,0,0.874100154331854,0.646775514863596,1
55.05,0,545.021482115831,0.00197438135503011,0.871386270446662,0.648880068699959,1
55.06,0,545.021482115831,0.000661324146131186,0.873004534360355,0.647778600072872,0.998169042445682
55.07,0,545.021482115831,0.00229465593987462,0.872777219840172,0.649456315541907,0.998756877753246
55.08,0,545.021482115831,0,0.872514205073814,0.64897519106465,0.998909110680449
55.09,0,545.021482115831,0,0.875243606301691,0.648942105574801,0.999606723108562
55.1,0,545.021482115831,8.90620969571166e-05,0.8686727044872,0.647140857821493,0.998402247491674
55.11,0,545.021482115831,0.000787103342198245,0.870849828561571,0.645742761992209,0.999536362500295
55.12,0,545.021482115831,0,0.873414565756174,0.647013930520834,1
55.13,0,545.021482115831,0,0.872214766599209,0.647518105168504,1
55.14,0,545.021482115831,0,0.872936945862633,0.642828359831261,1
55.15,0,545.021482115831,0.00213615966383626,0.87126560712312,0.64754538729635,1
55.16,0,545.021482115831,0.00113345202445436,0.868188374497599,0.645687740160106,1
55.17,0,545.021482115831,0.000418720744462555,0.871280551809733,0.649169738028642,1
55.18,0,545.021482115831,0.000620849096984384,0.869647923893218,0.646785926905288,0.998026399361254
55.19,0,545.021482115831,0.00295658421489272,0.871835835402286,0.648245555812221,0.99989734062186
55.2,0,545.021482115831,0.00120702230250586,0.869332716748314,0.649001477865937,1
55.21,0,545.021482115831,0.000903346394623222,0.869434708650204,0.647104674388867,0.998721158833403
55.22,0,545.021482115831,0,0.870871353079363,0.645269824224638,1
55.23,0,545.021482115831,0.00242173178350033,0.869412986243128,0.646043081779252,0.998016338422509
55.24,0,545.021482115831,0.0032711227703443,0.867638535897014,0.647270647767727,1
55.25,0,545.021482115831,2.35108176332791e-06,0.866090224043415,0.646257718198329,1
55.26,0,545.021482115831,0.000792369272501265,0.868620475193311,0.646753131025541,1
55.27,0,545.021482115831,0.00129065308224867,0.866276185627201,0.647087357309544,1
55.28,0,545.021482115831,0.00129145294071442,0.867886151322455,0.644888030151562,0.999943910640801
55.29,0,545.021482115831,0,0.868447181495393,0.646553767780288,1
55.3,0,545.021482115831,0,0.867521392197147,0.644073030540593,0.998445745003035
55.31,0,545.021482115831,0,0.868842565902222,0.644818517930847,0.999174049566702
55.32,0,545.021482115831,0.000497673490209719,0.868537245506793,0.641497331400494,1
55.33,0,545.021482115831,0.000594698606133311,0.865224071423711,0.646793351630079,0.996913089169916
55.34,0,545.021482115831,0,0.863555940758977,0.643979766790189,0.999674630324427
55.35,0,545.021482115831,0,0.86520947237592,0.64141701149758,0.999726712776039
55.36,0,545.021482115831,0,0.866255406362267,0.645369287357053,1
55.37,0,545.021482115831,0.000604970962322486,0.863822978580744,0.643926839508327,0.998356255147323
55.38,0,545.021482115831,0.00103815335708036,0.865945949794184,0.642534455249179,0.999216714463836
55.39,0,545.021482115831,0,0.863336414667385,0.642998628849488,1
55.4,0,545.021482115831,0.00348657619974153,0.863886592699582,0.645706441905359,0.99985497031114
55.41,0,545.021482115831,0,0.863211444296748,0.643920901934051,1
55.42,0,545.021482115831,0.00105828871686058,0.864309014781106,0.643761267958591,0.999034874945577
55.43,0,545.021482115831,0,0.863614716159128,0.64209243479594,1
55.44,0,545.021482115831,0.00151140765510908,0.864478299567975,0.64471418480371,0.995715116474611
55.45,0,545.021482115831,0.00109880955998856,0.86475745068551,0.639972318724244,1
55.46,0,545.021482115831,0,0.86332412868402,0.642499173035117,0.999618753258414
55.47,0,545.021482115831,0.00018324622849193,0.861767176903484,0.645067430833168,1
55.48,0,545.021482115831,0,0.860312403973405,0.643411831147266,1
55.49,0,545.021482115831,0,0.858803777697286,0.642991216814411,0.999857019208111
55.5,0,545.021482115831,0,0.862547353613212,0.641346996217236,1
55.51,0,545.021482115831,0,0.861344060745488,0.642936470729668,1
55.52,0,545.021482115831,0.000459604120157636,0.859654816093136,0.6437755005957,1
55.53,0,545.021482115831,0,0.863065695642514,0.643041704639268,1
55.54,0,545.021482115831,0.000661211536432709,0.860633787733973,0.641973897912187,1
55.55,0,545.021482115831,0,0.859205455534476,0.643007964506867,1
55.56,0,545.021482115831,0,0.861496050980746,0.641585041687023,1
55.57,0,545.021482115831,8.0130945708946e-05,0.85583108601885,0.642366192347831,0.997498882995373
55.58,0,545.021482115831,0.000395804516944691,0.859836403849551,0.64509670648326,1
55.59,0,545.021482115831,0,0.856580256019391,0.644079837814319,0.999566575611984
55.6,0,545.021482115831,0,0.858942562013939,0.643470819470117,0.998492947074018
55.61,0,545.021482115831,0.00170194244913889,0.859572884741403,0.643384519361615,1
55.62,0,545.021482115831,0,0.860261916476457,0.640514245987822,1
55.63,0,545.021482115831,0,0.859708549945538,0.64012940954482,0.997204894048483
55.64,0,545.021482115831,0.00106649754679127,0.858687576638891,0.64250788648277,1
55.65,0,545.021482115831,0,0.858070608252759,0.64291674709134,1
55.66,0,545.021482115831,0.00166021380186838,0.857165654230601,0.643315629983492,1
55.67,0,545.021482115831,0,0.857785413864912,0.640550476843345,0.999059625339652
55.68,0,545.021482115831,0.00137851683077667,0.856480937083247,0.641083029174003,0.998401583119836
55.69,0,545.021482115831,0,0.85464109959502,0.642973055093988,1
55.7,0,545.021482115831,0.00078633885219227,0.857437822046396,0.641126080454618,1
55.71,0,545.021482115831,0.00116648955762297,0.856158895945723,0.641962282835779,0.999597122712456
55.72,0,545.021482115831,0.00164155133615925,0.857016445110288,0.640441628391677,1
55.73,0,545.021482115831,0,0.85629134462502,0.64069562181088,1
55.74,0,545.021482115831,0.000546850803123805,0.85651375560959,0.641852618537752,1
55.75,0,545.021482115831,0.000235890834681509,0.854362042122921,0.642475189217717,0.999790131954174
55.76,0,545.021482115831,0.00163104032337658,0.854206910135886,0.640000932560417,0.999160802099586
55.77,0,545.021482115831,0,0.85334977984944,0.643307986587167,1
55.78,0,545.021482115831,0.00202041079129521,0.852358349472538,0.640098337948046,0.999047588363493
55.79,0,545.021482115831,0,0.853489777089813,0.6436533439633,0.999747335191546
55.8,0,545.021482115831,0,0.854807164249932,0.640910132428412,0.995561281877819
55.81,0,545.021482115831,0.00274727595831369,0.853694555729071,0.639569583920499,0.998884162047855
55.82,0,545.021482115831,0,0.851834264872599,0.641302872775808,0.999665941274047
55.83,0,545.021482115831,0.00011703221512837,0.855321192426146,0.640977463164541,1
55.84,0,545.021482115831,0.000466155485392134,0.851953322180821,0.642027786573233,1
55.85,0,545.021482115831,0.00209758152169328,0.849505753477992,0.643521409745338,0.9994866650555
55.86,0,545.021482115831,0,0.851097712143132,0.644497072027929,0.999183106180347
55.87,0,545.021482115831,0,0.852130824355476,0.639571998256582,1
55.88,0,545.021482115831,0,0.853307232204418,0.643506957058269,0.999507163544576
55.89,0,545.021482115831,0,0.850807741156357,0.641121903613107,1
55.9,0,545.021482115831,0.00130129418795908,0.847930075787609,0.641182482107298,0.997309551739571
55.91,0,545.021482115831,0,0.852895977927213,0.641493276310787,0.997921791531231
55.92,0,545.021482115831,0.000236003802439488,0.849677168635824,0.639822429039654,1
55.93,0,545.021482115831,0,0.85123274356833,0.644422257369164,1
55.94,0,545.021482115831,0,0.852508847832436,0.644564979310254,1
55.95,0,545.021482115831,0,0.851049522436029,0.641345972996878,0.998078319640244
55.96,0,545.021482115831,0.000361387632490328,0.852122863195101,0.643558767796131,0.999993381987646
55.97,0,545.021482115831,0.00124243786991313,0.848826429611038,0.641561015672801,1
55.98,0,545.021482115831,0.00191626330202326,0.849717502904296,0.641165622247973,0.996801553713565
55.99,0,545.021482115831,0.00242006331267072,0.849387517463596,0.640360124953865,1
56,0,545.021482115831,0,0.848560501636357,0.645082197978717,0.997910835890779
56.01,0,545.021482115831,0,0.849653984154808,0.641242808636701,1
56.02,0,545.021482115831,0,0.849336860337545,0.642863511547811,0.999949004191136
56.03,0,545.021482115831,0,0.850622229080087,0.64231471989839,0.997411203316927
56.04,0,545.021482115831,0.000161802206214362,0.847603800907203,0.644713471318213,0.999677627844868
56.05,0,545.021482115831,0.00162274663978893,0.848855624940652,0.642126662552696,0.997149815175495
56.06,0,545.021482115831,0.000760868379443883,0.847126393749533,0.642336700157279,1
56.07,0,545.021482115831,0,0.848680721655203,0.642490756589009,0.99893695359934
56.08,0,545.021482115831,0.000203232618792082,0.849152594581644,0.642310875111167,1
56.09,0,545.021482115831,0,0.844534284303944,0.643441238548973,0.999705963018346
56.1,0,545.021482115831,0.00264746723543076,0.846464059373764,0.641257689372957,0.999362723255428
56.11,0,545.021482115831,0,0.846942472525901,0.643530469895589,0.9989858153012
56.12,0,545.021482115831,0,0.84728575643637,0.642724139886953,0.998648544116454
56.13,0,545.021482115831,0.00117543389833488,0.842888968949689,0.641166118379999,1
56.14,0,545.021482115831,0,0.847924374476168,0.647036322176253,0.998584868626807
56.15,0,545.021482115831,0.000739703640778844,0.845116380377153,0.643070222594528,1
56.16,0,545.021482115831,0,0.843823201775565,0.645604972424163,0.99921956036755
56.17,0,545.021482115831,0,0.84369839949494,0.643789385951243,1
56.18,0,545.021482115831,0,0.843137697599089,0.644794671916901,0.998067407421811
56.19,0,545.021482115831,0.000226739415577888,0.846097532432374,0.646368463934276,0.997909755830289
56.2,0,545.021482115831,0,0.846751183794267,0.642764146257552,1
56.21,0,545.021482115831,0.00065802852885707,0.846506369249702,0.642635787972098,0.999406044980671
56.22,0,545.021482115831,0.000533398068505831,0.845005767457227,0.643522873779047,0.999106459884673
56.23,0,545.021482115831,0,0.844792770569121,0.643452002650654,0.999455087510087
56.24,0,545.021482115831,0.00171480734821572,0.844606342535259,0.643788009992695,0.999199394287465
56.25,0,545.021482115831,0,0.843440465464632,0.645045851118716,0.999354069593705
56.26,0,545.021482115831,0.00230999811445721,0.844504084412958,0.647105800838525,0.998462440903012
56.27,0,545.021482115831,0,0.846006617346422,0.644777891176204,1
56.28,0,545.021482115831,0,0.841997909777668,0.646052790794962,1
56.29,0,545.021482115831,0,0.844945873783429,0.646016630332931,0.997435805686534
56.3,0,545.021482115831,0.000629854250553202,0.840747915321914,0.646212769862672,0.999943110076726
56.31,0,545.021482115831,0.000976650773007443,0.843661436734917,0.645800119424798,1
56.32,0,545.021482115831,0.000723501093667436,0.844724237208111,0.647450629553276,1
56.33,0,545.021482115831,0,0.84147821709952,0.646360346657364,0.998489797223285
56.34,0,545.021482115831,0,0.843531935558887,0.647983886609834,1
56.35,0,545.021482115831,0,0.844976527153174,0.644492106687567,0.999807457678628
56.36,0,545.021482115831,0.000784005420145661,0.84078150175573,0.647713764841001,1
56.37,0,545.021482115831,0.00100662051912521,0.838686431167345,0.64797144095453,0.999722104875592
56.38,0,545.021482115831,0.00112044524032826,0.843943900878723,0.647601215037745,0.998700414468521
56.39,0,545.021482115831,0,0.843801734008713,0.645554111813499,0.998120610132316
56.4,0,545.021482115831,0.000108332725480154,0.840559883596869,0.647026475598229,0.998590329173374
56.41,0,545.021482115831,0.00159249439087019,0.842941853628035,0.647016678151319,1
56.42,0,545.021482115831,0,0.839397612421333,0.647160934804913,0.999005362885615
56.43,0,545.021482115831,0,0.842917113644026,0.646678040626421,1
56.44,0,545.021482115831,0,0.84260160544715,0.64523660749103,0.998741454893305
56.45,0,545.021482115831,0.000581287821660638,0.840897516041298,0.649653337768055,0.999177023772487
56.46,0,545.021482115831,0,0.839728792940949,0.64774081765859,1
56.47,0,545.021482115831,0,0.841175232022564,0.648272657797342,0.999775452945928
56.48,0,545.021482115831,0,0.839781598232234,0.650306462705057,0.999415412809618
56.49,0,545.021482115831,0,0.84016978375175,0.651320718199998,0.999301147856295
56.5,0,545.021482115831,0.000740974013569802,0.838708226039988,0.651796777930617,0.99857954606409
56.51,0,545.021482115831,0,0.83878605481758,0.648934408734007,1
56.52,0,545.021482115831,0.00099758174962906,0.838868755750955,0.649836648920522,1
56.53,0,545.021482115831,0.000278027813566649,0.841687683462749,0.64748404662434,1
56.54,0,545.021482115831,0.00369176343716874,0.839341753680987,0.648513863803234,1
56.55,0,545.021482115831,0,0.840562603273026,0.650908173289571,0.99952051982826
56.56,0,545.021482115831,0,0.837878730914645,0.649100550003733,1
56.57,0,545.021482115831,0,0.840308145814295,0.650254740318948,1
56.58,0,545.021482115831,0.000897855005568021,0.839888777964591,0.650734955880201,1
56.59,0,545.021482115831,0.000527356725362236,0.838063125506132,0.652035925055259,0.999445884108845
56.6,0,545.021482115831,0,0.839385970528563,0.649883842437698,0.998500568102283
56.61,0,545.021482115831,0.000262481258048689,0.838285506132816,0.650658772339458,1
56.62,0,545.021482115831,0.00107964744081711,0.83968194324566,0.654041068278984,0.999521862230594
56.63,0,545.021482115831,0.00349611115840903,0.838332325860214,0.651356327015039,0.996368727924458
56.64,0,545.021482115831,0.00137744360991952,0.836849261898173,0.65063510071382,0.999524768402817
56.65,0,545.021482115831,0,0.837624309810451,0.652464572307397,0.998950606107651
56.66,0,545.021482115831,0,0.838403138433852,0.653747461006031,0.996837713551969
56.67,0,545.021482115831,0,0.840197560135586,0.654223625331133,0.999438536092983
56.68,0,545.021482115831,0,0.839469607700459,0.652553047283887,0.998455220990298
56.69,0,545.021482115831,0,0.838907377438043,0.651687378045591,1
56.7,0,545.021482115831,0.000512983628670739,0.837562947800892,0.651227844305211,0.999061843854066
56.71,0,545.021482115831,0,0.834326306708278,0.653216406874124,1
56.72,0,545.021482115831,0,0.835439726404346,0.651179125791082,1
56.73,0,545.021482115831,0.000863866299563319,0.835976519388825,0.653385163172908,1
56.74,0,545.021482115831,0,0.835138458495282,0.655880920637791,1
56.75,0,545.021482115831,0.0028623769196577,0.834314848306237,0.653184263466009,0.998653305597192
56.76,0,545.021482115831,0.000932726521083305,0.834185351067794,0.654703686507965,1
56.77,0,545.021482115831,0,0.835031893415383,0.650013138266094,0.997681316991326
56.78,0,545.021482115831,4.62159170875642e-05,0.836592596603423,0.653871764734271,1
56.79,0,545.021482115831,0.00399128609297728,0.835698067332481,0.652354497819844,1
56.8,0,545.021482115831,0.00249060390389373,0.838396436293145,0.65560212714502,1
56.81,0,545.021482115831,0.000732891189806503,0.835622556342132,0.653769208849796,0.998209887283475
56.82,0,545.021482115831,0,0.833864534258867,0.653106009428827,0.998730741864174
56.83,0,545.021482115831,0.000508583603345986,0.835451665286095,0.655573925782742,0.999521488732071
56.84,0,545.021482115831,0,0.83498419937769,0.654055669502495,1
56.85,0,545.021482115831,0.00176757856527699,0.833713366555599,0.65418596727309,0.999794320415138
56.86,0,545.021482115831,0,0.835086170215039,0.652609085061414,0.999684025218728
56.87,0,545.021482115831,0.000719234518603135,0.835745868483602,0.653587631269388,0.999113035872842
56.88,0,545.021482115831,0,0.834890072976468,0.654865997973938,1
56.89,0,545.021482115831,0,0.836029098102345,0.65736790640662,0.998552020434694
56.9,0,545.021482115831,0,0.836146842061935,0.658677590824618,1
56.91,0,545.021482115831,0,0.834042258988762,0.655397299632742,1
56.92,0,545.021482115831,0.000165667131762025,0.834552013002425,0.656840664202609,1
56.93,0,545.021482115831,0,0.832159618848608,0.656815177748902,1
56.94,0,545.021482115831,0.000965390421876918,0.834554751552653,0.655432527118508,1
56.95,0,545.021482115831,0,0.833937450887935,0.657116328401857,0.999078148431033
56.96,0,545.021482115831,0,0.833549701269023,0.657260489046768,0.999568882031397
56.97,0,545.021482115831,0.00285473448782944,0.83546076605847,0.655532029258426,0.999401497581481
56.98,0,545.021482115831,0.00132601663625039,0.830341361851631,0.658024596461416,1
56.99,0,545.021482115831,0.00091445208850858,0.832634482952067,0.657484521206943,1
57,0,545.021482115831,0.00140822695453772,0.833256062272223,0.656662740118174,1
57.01,0,545.021482115831,0.000577288723963425,0.834481635456074,0.653230141076297,1
57.02,0,545.021482115831,0.000156665889117236,0.832366619372349,0.656627306968199,0.998933426037906
57.03,0,545.021482115831,0,0.83203665418656,0.657997802446622,1
57.04,0,545.021482115831,0,0.832439800524151,0.658576805295207,0.997906719166741
57.05,0,545.021482115831,0.000459008399122791,0.833198277440087,0.656189288392419,1
57.06,0,545.021482115831,0.00117825682450372,0.831978395735157,0.655541280787684,1
57.07,0,545.021482115831,0,0.835495532235408,0.66028357640103,1
57.08,0,545.021482115831,0,0.832899722960119,0.657056566530108,1
57.09,0,545.021482115831,0.00132232081402346,0.831766730480359,0.658038338957915,1
57.1,0,545.021482115831,0.000760714618154867,0.833254394710701,0.656062980590124,0.999781163330519
57.11,0,545.021482115831,0,0.8311289370618,0.655433619720835,0.997158704713011
57.12,0,545.021482115831,0.00249410274336151,0.832062425780512,0.661487220132725,1
57.13,0,545.021482115831,0,0.831333714363696,0.659295289692858,0.998662703886107
57.14,0,545.021482115831,0,0.832800155610857,0.658504028048747,0.999259979316905
57.15,0,545.021482115831,0.00185928069370049,0.832323245859213,0.657428359778134,1
57.16,0,545.021482115831,0,0.831868551418331,0.659643734320324,0.998661401152134
57.17,0,545.021482115831,0,0.831697572714823,0.657319136431826,0.999833128525155
57.18,0,545.021482115831,0,0.830787997247183,0.657866252351741,1
57.19,0,545.021482115831,0.000657130132223888,0.833036944187762,0.656763907358664,0.997380959810638
57.2,0,545.021482115831,0.0018312029225591,0.831754018538231,0.66013643362237,0.999543510502142
57.21,0,545.021482115831,0,0.830557884799557,0.65973229662778,0.998680979886267
57.22,0,545.021482115831,0,0.83379127703808,0.656058189284315,1
57.23,0,545.021482115831,2.05793632991132e-05,0.832308939406949,0.661166734014789,1
57.24,0,545.021482115831,0.000922763787910006,0.832118500118383,0.660099879632994,1
57.25,0,545.021482115831,0.00034022504982809,0.835214791109085,0.657600296531589,0.999354009893264
57.26,0,545.021482115831,0,0.830710598926122,0.659415301113113,0.999937963975878
57.27,0,545.021482115831,0.000641206162790285,0.831354449027589,0.659674187768371,1
57.28,0,545.021482115831,0,0.831499994666934,0.660191075851064,0.998664075755554
57.29,0,545.021482115831,0,0.831671298344221,0.657019074053662,1
57.3,0,545.021482115831,0,0.830918581328887,0.656692805724433,0.998715936893933
57.31,0,545.021482115831,0.000166853301099202,0.829685911561906,0.659292869560092,1
57.32,0,545.021482115831,0.000244497226324986,0.833348594944457,0.661614777401094,0.999412068767729
57.33,0,545.021482115831,0.00113078631906148,0.831982393397903,0.657593313880096,0.999279372580375
57.34,0,545.021482115831,0.000569882326636921,0.83078997641468,0.657958988671495,0.998583428298187
57.35,0,545.021482115831,0.000417718403977515,0.829907620894203,0.657317230691476,1
57.36,0,545.021482115831,0.000697764531610808,0.832042415993515,0.661299391917798,1
57.37,0,545.021482115831,0.00402986530280513,0.831183949018242,0.660653452058224,1
57.38,0,545.021482115831,0.00210837529523201,0.828941369010779,0.659156543930391,0.999239878011558
57.39,0,545.021482115831,0,0.833100808133353,0.657918373774701,1
57.4,0,545.021482115831,0,0.829529930969443,0.657030450164367,1
57.41,0,545.021482115831,0.000668822957989071,0.829669122971244,0.659234078631684,0.998159387298824
57.42,0,545.021482115831,0,0.831283870402523,0.65969289645297,0.998792107799039
57.43,0,545.021482115831,0.00184527798406423,0.831432488332116,0.660978070278798,1
57.44,0,545.021482115831,0,0.831382654096407,0.660882751109984,1
57.45,0,545.021482115831,0.000240305458614521,0.830348242588293,0.657007063578217,0.999739262299634
57.46,0,545.021482115831,0.00229486045957744,0.832607416446576,0.6571696107225,1
57.47,0,545.021482115831,0,0.829665645739142,0.659149028016482,0.999755826247091
57.48,0,545.021482115831,0.00190988806019283,0.832303871586017,0.656850687868001,1
57.49,0,545.021482115831,0,0.827374507455578,0.659784252423626,0.998646915512489
57.5,0,545.021482115831,0,0.833607499931527,0.657416137902637,1
57.51,0,545.021482115831,0,0.82982873215999,0.658081188368994,1
57.52,0,545.021482115831,0,0.831776954812473,0.656905015764423,1
57.53,0,545.021482115831,0.00164260827236602,0.829539234768528,0.656606397068139,0.999259391020049
57.54,0,545.021482115831,0,0.830185522460251,0.659507778503815,1
57.55,0,545.021482115831,0,0.832130916831888,0.659673455922626,1
57.56,0,545.021482115831,0.00155147826619411,0.83118777943949,0.65960604416316,0.998701210859324
57.57,0,545.021482115831,0,0.832275535968997,0.654099219141888,0.997536282717068
57.58,0,545.021482115831,0,0.831492744310469,0.654890134733008,1
57.59,0,545.021482115831,0.00149409150520585,0.832338904320444,0.661427215575876,0.998482666781631
57.6,0,545.021482115831,0.000592386543598507,0.82958762205607,0.655550576960525,1
57.61,0,545.021482115831,0,0.83405379918901,0.656259666440176,0.997931497829669
57.62,0,545.021482115831,0.000820669527641206,0.831276495982626,0.657991249560025,1
57.63,0,545.021482115831,0,0.830309507072023,0.65623649116774,0.999762432266399
57.64,0,545.021482115831,0.0015791067885225,0.830011042429284,0.658446315151977,0.996266477559427
57.65,0,545.021482115831,0,0.833068430600504,0.654753684440932,0.999481433905754
57.66,0,545.021482115831,0.00114482908010006,0.830769698747763,0.656511553767801,0.999812748486087
57.67,0,545.021482115831,0.00186884745882346,0.830062726978634,0.657416722955757,0.998093440640477
57.68,0,545.021482115831,0,0.829153342180221,0.655972713901777,1
57.69,0,545.021482115831,0,0.835138132839373,0.656425185089946,0.998586846957071
57.7,0,545.021482115831,0.00107142020667309,0.830096471497275,0.655620103321678,1
57.71,0,545.021482115831,0,0.829767321241585,0.656003743439951,1
57.72,0,545.021482115831,0.00111769474422142,0.83219435253684,0.655865666506098,0.999893287599011
57.73,0,545.021482115831,0,0.832250395324888,0.654378220744545,1
57.74,0,545.021482115831,0.000218917633909778,0.829981485547114,0.656737502183759,0.99806361450102
57.75,0,545.021482115831,0.000104119799697358,0.832585409334823,0.656172191471299,0.998458630178634
57.76,0,545.021482115831,0,0.833216190279797,0.654845535523097,1
57.77,0,545.021482115831,0,0.832729348263737,0.657984535432803,0.998601322875397
57.78,0,545.021482115831,0.00184063789162347,0.831075891635414,0.655002386006315,1
57.79,0,545.021482115831,0,0.832289644447168,0.655966576531335,0.997667401139946
57.8,0,545.021482115831,0,0.830948920692799,0.656406958904282,0.998287750437049
57.81,0,545.021482115831,0.00328491894846041,0.831677310006037,0.653673836555716,1
57.82,0,545.021482115831,0.000855202004210294,0.830831895425989,0.655013519791529,0.997210518935061
57.83,0,545.021482115831,0.00180162842151378,0.831463136021815,0.654247019036655,0.999449667257425
57.84,0,545.021482115831,0,0.831268467675936,0.654767332277582,0.99868354098159
57.85,0,545.021482115831,0.000600495421837624,0.831022430445645,0.651990035026921,0.996904046227095
57.86,0,545.021482115831,2.80632069770004e-05,0.831822906432273,0.656495987857931,1
57.87,0,545.021482115831,0,0.833069408947046,0.654999075157013,0.998769247464274
57.88,0,545.021482115831,0,0.83022301709666,0.651910982010802,0.996963326317046
57.89,0,545.021482115831,0.00134584970807888,0.830524173644701,0.65356871919988,1
57.9,0,545.021482115831,0.000921334524390113,0.832580888063961,0.653594145819662,0.999362687219757
57.91,0,545.021482115831,0,0.832731998371813,0.654875984379434,1
57.92,0,545.021482115831,0.00129170767651079,0.834455066827293,0.652139846836019,1
57.93,0,545.021482115831,0.000332151278105191,0.832632457849823,0.654902249493165,0.999692905249918
57.94,0,545.021482115831,0,0.831627668467297,0.654344882077749,1
57.95,0,545.021482115831,0,0.837349078818039,0.652828554089095,1
57.96,0,545.021482115831,0,0.834256836855343,0.654406800011269,0.998327001453216
57.97,0,545.021482115831,0,0.831950888075309,0.653015930226708,1
57.98,0,545.021482115831,0.00062743138860842,0.834708196302922,0.652288513636739,0.997975769257686
57.99,0,545.021482115831,0,0.833097932085685,0.653135230722431,1
58,0,545.021482115831,0,0.834657355575576,0.654048021524789,0.999211554605687
58.01,0,545.021482115831,0,0.832597636794527,0.65142887532604,1
58.02,0,545.021482115831,0,0.828095641528543,0.651234104954831,0.998594350088759
58.03,0,545.021482115831,0,0.83502187686946,0.652290613743754,0.996734044581982
58.04,0,545.021482115831,0.000406054787061354,0.832726402025829,0.651136960772501,0.998300873133714
58.05,0,545.021482115831,6.44958749841178e-05,0.835812955679064,0.652938669713204,1
58.06,0,545.021482115831,0.000986028862217955,0.833996263226383,0.65023556751793,0.999685036159821
58.07,0,545.021482115831,0.00247206316281361,0.833874903839194,0.651926784004336,0.999990370721076
58.08,0,545.021482115831,0.00100712747485692,0.835149036198645,0.649182769792499,1
58.09,0,545.021482115831,0.000149566965404456,0.833536586628923,0.652006851501533,1
58.1,0,545.021482115831,0,0.832653880564324,0.652403085192161,0.998358830177347
58.11,0,545.021482115831,0.000620537532226175,0.834480826113497,0.65087104904236,0.998912670772845
58.12,0,545.021482115831,0,0.834112591379702,0.651334379145294,1
58.13,0,545.021482115831,0.00225815050206677,0.834790687685991,0.649369610638289,0.999826569292401
58.14,0,545.021482115831,0,0.836611357426724,0.652252748989923,0.999046098438704
58.15,0,545.021482115831,0,0.835700118967618,0.647737674495456,0.999181999269534
58.16,0,545.021482115831,0.000288647937839565,0.836885142948978,0.650238841788691,1
58.17,0,545.021482115831,0,0.836390646930974,0.651223065022379,1
58.18,0,545.021482115831,0.000412610713867005,0.83441371523581,0.649393642573018,0.998940301031367
58.19,0,545.021482115831,0,0.836069890361683,0.646056576861681,1
58.2,0,545.021482115831,0.00200444558769449,0.834412226008721,0.647773567526776,0.999289745592747
58.21,0,545.021482115831,0,0.836318724769931,0.648702442641432,0.999517553237878
58.22,0,545.021482115831,0.001703082857733,0.835164145317166,0.648977174522119,0.999250025318867
58.23,0,545.021482115831,0,0.834922763159577,0.64753921936184,0.999879844480206
58.24,0,545.021482115831,0.00323341067563847,0.836238032394178,0.651038065715371,1
58.25,0,545.021482115831,0,0.836604071971888,0.648127936435436,1
58.26,0,545.021482115831,0,0.838518149836933,0.646358041231338,1
58.27,0,545.021482115831,0.000152690500144073,0.834832573531972,0.64780894646709,0.999719757534019
58.28,0,545.021482115831,0.000724749366052673,0.837599013303253,0.648958391807083,1
58.29,0,545.021482115831,0,0.838094538502285,0.649976821574249,1
58.3,0,545.021482115831,0,0.835915761344345,0.647323607359992,0.998916282268671
58.31,0,545.021482115831,0.000682703842230332,0.837944414914806,0.646750855828336,0.999878303574085
58.32,0,545.021482115831,0,0.837498106669721,0.647085017543294,1
58.33,0,545.021482115831,0,0.837598514710628,0.646650682605302,1
58.34,0,545.021482115831,0.00209759997577177,0.833864639958039,0.647554180273135,0.999253777916679
58.35,0,545.021482115831,0,0.837295882101301,0.646806691697638,0.998298937235113
58.36,0,545.021482115831,0,0.837704622041838,0.645425352193079,0.999125535295691
58.37,0,545.021482115831,0.00191511929232275,0.837069925870375,0.647036989582635,0.999980048873646
58.38,0,545.021482115831,0,0.838558583498505,0.647234799179126,0.998966894168758
58.39,0,545.021482115831,0,0.837414999031175,0.64567652133611,1
58.4,0,545.021482115831,0,0.839480722950069,0.643360851734466,0.997404272804576
58.41,0,545.021482115831,0.00091218739416142,0.836941203827838,0.64553386953793,0.999797053728981
58.42,0,545.021482115831,0.00228442410170534,0.835480707669047,0.644749583517445,0.998983781353886
58.43,0,545.021482115831,0,0.836424376217265,0.645036557046212,1
58.44,0,545.021482115831,0.000227686272203999,0.839340998587972,0.645023160576723,1
58.45,0,545.021482115831,0,0.836948122687372,0.645381614957056,0.999002155966862
58.46,0,545.021482115831,0.00202912932903329,0.840058964819876,0.644031565872392,1
58.47,0,545.021482115831,0.000745172915004138,0.838163754632442,0.642379787248322,1
58.48,0,545.021482115831,0,0.839399734150267,0.643662050600235,0.999000180350851
58.49,0,545.021482115831,3.31264300193828e-05,0.839778199492745,0.643206174495075,1
58.5,0,545.021482115831,0.000491223788300785,0.838925482622093,0.645962276628406,0.997241253932689
58.51,0,545.021482115831,0.00239018565783677,0.837759672690938,0.643007257997532,1
58.52,0,545.021482115831,0.000756694135168235,0.841996952027761,0.647152030030991,0.999550549124968
58.53,0,545.021482115831,0.00170717895529352,0.840891470825354,0.646115672359023,1
58.54,0,545.021482115831,0,0.841362556889386,0.645188602619974,1
58.55,0,545.021482115831,0,0.840475471580419,0.644083971543078,0.998204015117918
58.56,0,545.021482115831,0,0.841032067412719,0.645116492932968,1
58.57,0,545.021482115831,0.0015993294482763,0.842837221354171,0.641146170622393,0.999056273094094
58.58,0,545.021482115831,0.000160492492955365,0.843149415045875,0.643412044790379,1
58.59,0,545.021482115831,0.000866179575873608,0.841588590531659,0.644485303532617,0.998024885204533
58.6,0,545.021482115831,0,0.841054365692988,0.642801587574061,1
58.61,0,545.021482115831,0,0.841660232225939,0.642597150244623,0.999313694020606
58.62,0,545.021482115831,0.000541220579545447,0.841807623676947,0.640126011063959,0.998936260288769
58.63,0,545.021482115831,0.000401862658786156,0.840335142585853,0.641119400236493,1
58.64,0,545.021482115831,0.00102313008973705,0.839805895042455,0.643632990977835,1
58.65,0,545.021482115831,0,0.83947643311482,0.642837461184839,0.999862871250236
58.66,0,545.021482115831,0,0.842009572224783,0.643633496934451,0.999322760347024
58.67,0,545.021482115831,0.000919401330420117,0.841854831863034,0.644508696781333,0.999387478458059
58.68,0,545.021482115831,0,0.846266560685199,0.641672464541094,0.999327224432889
58.69,0,545.021482115831,0.00027536494705865,0.844750508304653,0.643489389867499,1
58.7,0,545.021482115831,0.00140194925327095,0.843729533100272,0.641631192760611,1
58.71,0,545.021482115831,0,0.843176309958093,0.641333131746398,0.999755882765953
58.72,0,545.021482115831,3.47625068936464e-05,0.843675003239206,0.641612582444815,0.999111962769409
58.73,0,545.021482115831,0,0.842476397654491,0.642315554376863,0.999902681035308
58.74,0,545.021482115831,0.00105107695007316,0.844257353551746,0.645747609800448,1
58.75,0,545.021482115831,0.000406075014746955,0.84417669330625,0.64145053238158,1
58.76,0,545.021482115831,0,0.844593153420278,0.644449454883858,1
58.77,0,545.021482115831,0,0.845788935106021,0.64249613885213,1
58.78,0,545.021482115831,0.00118072026033111,0.842895127783676,0.639862626688025,0.999473351600884
58.79,0,545.021482115831,0.000973072654439535,0.844375701421351,0.64283897857136,0.999818788294428
58.8,0,545.021482115831,0.000813331352628493,0.84540742957422,0.641740410941401,1
58.81,0,545.021482115831,0.00311581921846428,0.845448559643325,0.644046349922533,0.999482788491874
58.82,0,545.021482115831,0.000542471232199295,0.84392544700984,0.641119911654009,0.998248508088162
58.83,0,545.021482115831,0,0.848517391617921,0.641949918832774,0.999062540860854
58.84,0,545.021482115831,0,0.848309906244707,0.644341684146955,1
58.85,0,545.021482115831,0,0.847128536212865,0.644353688346384,0.99827432812285
58.86,0,545.021482115831,0.00154053036238477,0.844571954493057,0.640490191907583,0.999903807549505
58.87,0,545.021482115831,0,0.846386990486982,0.639281063025747,1
58.88,0,545.021482115831,0,0.846290636686807,0.643825338605546,0.996990949320987
58.89,0,545.021482115831,0,0.849339482708323,0.639678999642958,1
58.9,0,545.021482115831,0.000541298546604221,0.844394768178616,0.641256459650895,0.998730307631966
58.91,0,545.021482115831,0.00222765953106112,0.846150306508757,0.643399446803746,1
58.92,0,545.021482115831,0.00070580706898698,0.845567766170339,0.641625226714186,0.998965511166274
58.93,0,545.021482115831,0.000323909105706077,0.848478648736829,0.641325157617459,1
58.94,0,545.021482115831,0,0.846238332077107,0.641805132999414,1
58.95,0,545.021482115831,0.000276425979535206,0.847174663112621,0.641195908330696,0.999249707260274
58.96,0,545.021482115831,8.69088580378366e-06,0.850425559689463,0.641846687378424,1
58.97,0,545.021482115831,0.00120849936415906,0.84727597373333,0.644019715035376,1
58.98,0,545.021482115831,0,0.848567786676066,0.64366191812076,1
58.99,0,545.021482115831,0.000401584207638753,0.849677880969438,0.64094427556244,1
59,0,545.021482115831,0,0.850576229358602,0.64175316874903,1
59.01,0,545.021482115831,0,0.848953021988659,0.641857431777844,0.998089657271379
59.02,0,545.021482115831,0,0.849209349796087,0.640116146171537,1
59.03,0,545.021482115831,0,0.852933069750864,0.641812341937316,0.999091346070214
59.04,0,545.021482115831,0.000479532548939144,0.849519656236581,0.64335760045115,0.99887180476329
59.05,0,545.021482115831,0.00152034937807331,0.849952779765624,0.64277545483417,1
59.06,0,545.021482115831,0,0.849416322884441,0.644133201111251,1
59.07,0,545.021482115831,0,0.852627907882743,0.642027929006419,0.999712327691324
59.08,0,545.021482115831,9.41148506364061e-05,0.851936013180266,0.642455927559138,0.999369356977052
59.09,0,545.021482115831,0.00131634448702848,0.850796298300006,0.64244746509076,0.99869825848538
59.1,0,545.021482115831,0,0.853676717973694,0.642193223880826,1
59.11,0,545.021482115831,0,0.852791872255942,0.643568271405855,0.998386082437139
59.12,0,545.021482115831,0.000249699426857015,0.850298548048637,0.640336816624416,0.999320213741783
59.13,0,545.021482115831,0,0.851207314868092,0.645935122235957,1
59.14,0,545.021482115831,0,0.852837571485411,0.642364103364397,1
59.15,0,545.021482115831,0,0.849994784439538,0.642962267406947,0.997771633497725
59.16,0,545.021482115831,0,0.852883652399642,0.641931830848409,1
59.17,0,545.021482115831,0.00130586905066595,0.852982307665608,0.643768357886038,0.997889175695592
59.18,0,545.021482115831,0.000844914137385045,0.854983840200052,0.645755041406686,0.999520626516059
59.19,0,545.021482115831,0,0.852827758007589,0.644959878954954,0.999935218520258
59.2,0,545.021482115831,0.00100527042426595,0.855088543578169,0.644119066501658,0.997620199961659
59.21,0,545.021482115831,0,0.855331037757362,0.640962298059865,1
59.22,0,545.021482115831,0.000447517707641842,0.852149166747084,0.643312666994698,1
59.23,0,545.021482115831,0,0.853009191840421,0.642430490549268,0.998552512486237
59.24,0,545.021482115831,0.00393200976121614,0.854596234711984,0.644234152529381,1
59.25,0,545.021482115831,0,0.855650583440329,0.643475880033678,0.998546072787555
59.26,0,545.021482115831,0,0.853735194807725,0.644159654742597,0.998354877992834
59.27,0,545.021482115831,0,0.855082595441911,0.644645951503956,1
59.28,0,545.021482115831,0,0.854549006794038,0.643894816124105,1
59.29,0,545.021482115831,0,0.855940560945224,0.644195911264369,1
59.3,0,545.021482115831,0,0.854400574335877,0.639703112378453,0.997975332600588
59.31,0,545.021482115831,0.000244645959751696,0.856549880086502,0.644852315421201,1
59.32,0,545.021482115831,0.0011492794267471,0.856987507742556,0.64464614376016,0.999852798030046
59.33,0,545.021482115831,0.000710666940244311,0.860076748557596,0.646250521290261,0.999421692725765
59.34,0,545.021482115831,0.00192218009399203,0.856290273193894,0.642345191488753,1
59.35,0,545.021482115831,0.000377617692817895,0.855304814449664,0.645566646418521,0.998925968742357
59.36,0,545.021482115831,0,0.858016644402308,0.642678692941939,0.998730250114235
59.37,0,545.021482115831,0,0.85564628809557,0.644230644668284,1
59.38,0,545.021482115831,0.00108014555459605,0.858888000038674,0.644508473411821,1
59.39,0,545.021482115831,0.000278058783948837,0.859436293838658,0.644933962626927,1
59.4,0,545.021482115831,0.000810817973393038,0.860984000261157,0.646484742892451,1
59.41,0,545.021482115831,0,0.860711149466779,0.645646375841106,0.999462972084597
59.42,0,545.021482115831,0,0.85828768901811,0.646817858572482,0.999102636380875
59.43,0,545.021482115831,0,0.860865209087214,0.646407118553961,1
59.44,0,545.021482115831,0,0.860685807848502,0.646747888344607,1
59.45,0,545.021482115831,0.00164377536661749,0.861050128126096,0.644312305184455,0.996679456860727
59.46,0,545.021482115831,0.00297316980471548,0.86203754230449,0.646413243292914,1
59.47,0,545.021482115831,0,0.862810951940656,0.64642304444215,1
59.48,0,545.021482115831,0.00195266214484934,0.862929776779955,0.648984010936683,0.996651713585159
59.49,0,545.021482115831,0.00352180404912311,0.863343668786814,0.645914515660706,1
59.5,0,545.021482115831,0,0.862499763103274,0.647508254943764,1
59.51,0,545.021482115831,0,0.861994183935004,0.650056720517707,1
59.52,0,545.021482115831,0,0.864046569675897,0.646715600398509,0.998438174309511
59.53,0,545.021482115831,0,0.861530060113562,0.647143596187634,0.998826138354429
59.54,0,545.021482115831,0,0.864209337362969,0.646055147045008,0.998553813067825
59.55,0,545.021482115831,0,0.863348202628392,0.648441872914267,0.998328808000077
59.56,0,545.021482115831,0.00172259983920135,0.864692500605054,0.647059017119845,0.99909484945895
59.57,0,545.021482115831,0,0.86135685857398,0.651333194173902,1
59.58,0,545.021482115831,0,0.863539202364296,0.648952620043829,0.997843420055925
59.59,0,545.021482115831,0.00109136050103744,0.865453931906787,0.647116582093576,1
59.6,0,545.021482115831,0,0.862684060896209,0.65035532455245,1
59.61,0,545.021482115831,0.000355246121138365,0.864251103041784,0.64830809997483,0.999788507734455
59.62,0,545.021482115831,0,0.864461161902694,0.646734271864882,0.99967124385269
59.63,0,545.021482115831,4.4015195704699e-05,0.864683268646141,0.648952680891305,1
59.64,0,545.021482115831,0.000933486164240416,0.864436615400497,0.647525286908301,1
59.65,0,545.021482115831,0.000550901461615635,0.865303900999259,0.647409056621945,1
59.66,0,545.021482115831,0.000781552486422882,0.865890052859662,0.64936606094495,1
59.67,0,545.021482115831,0,0.864442299724986,0.650567158445206,1
59.68,0,545.021482115831,0.00186000687861897,0.866701457362305,0.649522500600489,1
59.69,0,545.021482115831,0,0.866236918089137,0.648154765794631,0.999231840434467
59.7,0,545.021482115831,0,0.865225256006605,0.648122041217781,1
59.71,0,545.021482115831,0,0.867959848584421,0.648455032671999,0.997933031303029
59.72,0,545.021482115831,0,0.865651713168278,0.651073867391008,0.999130647131717
59.73,0,545.021482115831,0,0.864942672184354,0.652798455033784,1
59.74,0,545.021482115831,2.34394493723351e-05,0.867083293784817,0.648699673966048,1
59.75,0,545.021482115831,6.53599746749733e-05,0.869670543948108,0.649877341850116,1
59.76,0,545.021482115831,0.00221293076305796,0.866916840548542,0.649356959223763,1
59.77,0,545.021482115831,0.00303133480088136,0.868285127418702,0.648226314968162,1
59.78,0,545.021482115831,0,0.870424820182504,0.649767080349471,0.999200798267754
59.79,0,545.021482115831,0,0.870763014333268,0.648688595358035,0.998734094217441
59.8,0,545.021482115831,0,0.868068749215747,0.652230798443759,0.999087211697015
59.81,0,545.021482115831,0.000697319533039643,0.870374979433455,0.652883321137292,1
59.82,0,545.021482115831,0.000884184710702088,0.87231740978903,0.651799255005714,0.999300302629537
59.83,0,545.021482115831,0,0.868935301674424,0.653766712782292,0.999967021733742
59.84,0,545.021482115831,0,0.873217805200781,0.652056239580093,1
59.85,0,545.021482115831,0,0.868776078354981,0.650201023944228,1
59.86,0,545.021482115831,0.000951554951722435,0.873110163196758,0.651582289033502,1
59.87,0,545.021482115831,0,0.870098228790314,0.653417195097038,0.999316364647063
59.88,0,545.021482115831,0.00128760162815557,0.872321225342491,0.652969043823299,0.998466098763556
59.89,0,545.021482115831,0,0.867724826585793,0.652941582195743,1
59.9,0,545.021482115831,0,0.871136873954355,0.652155955906524,0.999958722622619
59.91,0,545.021482115831,0,0.873976726050686,0.652114981811855,1
59.92,0,545.021482115831,0.00216181821019577,0.871540079897599,0.654068680608134,0.996444133315822
59.93,0,545.021482115831,0.00103005834871186,0.873866066267574,0.653460679847969,0.999997771819903
59.94,0,545.021482115831,0,0.873437973911366,0.650954087688907,0.999031188793441
59.95,0,545.021482115831,0.0016158253697349,0.873275378505487,0.653921545112135,0.99982866707166
59.96,0,545.021482115831,0.00239834329072244,0.872574339102011,0.654324386942906,1
59.97,0,545.021482115831,0,0.87292984558325,0.655092892107331,1
59.98,0,545.021482115831,0,0.877693596260876,0.654734703925191,0.998958592718816
59.99,0,545.021482115831,0,0.873342926520755,0.654632464585364,0.999953646688534
60,0.3,545.021482115831,9.68509360249122e-05,0.875225016344562,0.653731464832363,0.998146918230846
60.01,0.3,545.021482115831,0,0.872795469782967,0.655308234813299,0.999505212898295
60.02,0.3,545.021482115831,0.000624693854376826,0.876565102325344,0.654092713703423,1
60.03,0.3,545.021482115831,0.000440541390255404,0.877727210201859,0.655147674234824,0.999222889975789
60.04,0.3,545.021482115831,0,0.875514089012912,0.654512983000572,1
60.05,0.3,545.021482115831,0,0.875672716046782,0.657179064858349,1
60.06,0.3,545.021482115831,0,0.876003159628414,0.654186488131102,1
60.07,0.3,545.021482115831,0,0.877801321028216,0.654256191785032,0.999198008917081
60.08,0.3,545.021482115831,0.0021227247503463,0.875223395869131,0.657071862007581,0.998460087567762
60.09,0.3,545.021482115831,0.0010691658754395,0.87631935624269,0.656023572021443,1
60.1,0.3,545.021482115831,0.000595772704245447,0.874905457075948,0.657032185607114,0.99987545404099
60.11,0.3,545.021482115831,0,0.877142447836839,0.65481326781904,1
60.12,0.3,545.021482115831,0,0.878248391730549,0.656152908692931,0.99820582291585
60.13,0.3,545.021482115831,0,0.881053632702252,0.658174322323294,1
60.14,0.3,545.021482115831,0,0.879673625243479,0.656371788724896,0.998478173676643
60.15,0.3,545.021482115831,0.00160987709647319,0.879157064349169,0.656399948521474,0.999599545506483
60.16,0.3,545.021482115831,0,0.879681234416869,0.658279688747925,0.999082318841665
60.17,0.3,545.021482115831,0,0.879164415484727,0.656480425599567,1
60.18,0.3,545.021482115831,0,0.880638444664818,0.659356737960267,0.999136620257044
60.19,0.3,545.021482115831,0,0.880164957147077,0.656754685983701,0.999694325892262
60.2,0.3,545.021482115831,0.000280326503002543,0.880327556471772,0.655466109751865,1
60.21,0.3,545.021482115831,0.00104945353662836,0.878539181198816,0.658821818767896,0.999447730098928
60.22,0.3,545.021482115831,0,0.881151958273273,0.655445426661573,1
60.23,0.3,545.021482115831,0,0.879538984729201,0.653945771157143,0.997603660020014
60.24,0.3,545.021482115831,0.00133544596190468,0.881470282913526,0.659945738332622,0.998244672422002
60.25,0.3,545.021482115831,0,0.882852380971916,0.655807311898068,0.99901487817512
60.26,0.3,545.021482115831,0,0.882289576666549,0.657367983068658,0.999767287264542
60.27,0.3,545.021482115831,0.000392099569469983,0.883840425561851,0.660098801952169,1
60.28,0.3,545.021482115831,0,0.88146273759245,0.65830036097501,1
60.29,0.3,545.021482115831,0.000776889684996763,0.882233494853988,0.658292331000184,0.999262114133598
60.3,0.3,545.021482115831,0,0.882330162573869,0.659202891906723,0.999416218946449
60.31,0.3,545.021482115831,0,0.882891392893968,0.65601568696998,0.998876297713663
60.32,0.3,545.021482115831,0.000516410466214657,0.885130827157845,0.659944508447006,1
60.33,0.3,545.021482115831,0,0.883485888080414,0.658035792447838,1
60.34,0.3,545.021482115831,0,0.885385405795244,0.65544567109602,0.998241312578008
60.35,0.3,545.021482115831,0.000589730559333536,0.884206144866502,0.65551620516479,1
60.36,0.3,545.021482115831,0.00229523761364205,0.886934446849747,0.656867990512859,0.998048990794497
60.37,0.3,545.021482115831,0.0031273317500244,0.884136806123895,0.657968018791716,1
60.38,0.3,545.021482115831,0.00235532393024269,0.882921133173634,0.66063302209988,0.997323048239218
60.39,0.3,545.021482115831,0,0.882958357651012,0.656083996871577,1
60.4,0.3,545.021482115831,0.00332854693547073,0.885856779755585,0.658940129151478,0.999210685373588
60.41,0.3,545.021482115831,0,0.885437778877288,0.658575074870165,1
60.42,0.3,545.021482115831,0.000378682660227389,0.885804445922335,0.659377635173369,0.9983359202891
60.43,0.3,545.021482115831,0.000397957720634759,0.888809642677219,0.658047924207576,0.99908343239456
60.44,0.3,545.021482115831,0,0.884373927886961,0.660037942734871,0.99837035444728
60.45,0.3,545.021482115831,0.00112216317414027,0.887928897607005,0.658350554182631,1
60.46,0.3,545.021482115831,0,0.885787311243681,0.659313651974498,1
60.47,0.3,545.021482115831,0,0.890197724225679,0.660183400481362,0.999164437372501
60.48,0.3,545.021482115831,0,0.888426995963763,0.656486888600971,0.999183123773486
60.49,0.3,545.021482115831,0.000230942663530118,0.887372080768683,0.659760591460925,0.998072714495785
60.5,0.3,545.021482115831,0,0.890509388382401,0.655653465799294,0.999255686806766
60.51,0.3,545.021482115831,0.000431178135530111,0.889923745571329,0.656120398656388,0.999422740162277
60.52,0.3,545.021482115831,0,0.886984387579272,0.659295959908438,1
60.53,0.3,545.021482115831,0.00207177350593599,0.890502124865854,0.660280696486174,0.998594343560478
60.54,0.3,545.021482115831,0.000674910431083495,0.888636303765028,0.657784729871228,0.999888150040277
60.55,0.3,545.021482115831,0,0.890403807472209,0.658507695029442,0.999343508624274
60.56,0.3,545.021482115831,0,0.890451980891167,0.660297278208395,0.999030842420096
60.57,0.3,545.021482115831,0,0.890405175979568,0.659266904376658,0.999568005902771
60.58,0.3,545.021482115831,0,0.891872622682074,0.656541326739259,0.999799855641041
60.59,0.3,545.021482115831,0,0.890465312274358,0.657207507524458,0.998377773378305
60.6,0.3,545.021482115831,0,0.892027336389112,0.658562725718271,0.999563948312763
60.61,0.3,545.021482115831,0.000160420271173802,0.891276137575107,0.658437171597271,0.99786653877189
60.62,0.3,545.021482115831,0.00268169054367084,0.894223020185234,0.658107050537731,1
60.63,0.3,545.021482115831,0,0.893287944871108,0.65930793621156,0.999034117885241
60.64,0.3,545.021482115831,0,0.894331154990554,0.658724831500861,1
60.65,0.3,545.021482115831,0.000747057389633063,0.888244356926242,0.656935901256496,1
60.66,0.3,545.021482115831,0.000521833822073509,0.891657163550709,0.659806655510626,0.999882475507792
60.67,0.3,545.021482115831,0,0.892967801100467,0.659007706858402,1
60.68,0.3,545.021482115831,0,0.893399038806147,0.655005501671783,0.999198168090489
60.69,0.3,545.021482115831,0,0.894242023411159,0.657755831083314,1
60.7,0.3,545.021482115831,0,0.893081126258069,0.659818190230812,0.996517900914853
60.71,0.3,545.021482115831,0.000142666236838465,0.8944989044776,0.658218672698491,0.999016510604746
60.72,0.3,545.021482115831,0,0.892028424384587,0.659904687450593,1
60.73,0.3,545.021482115831,0.00123577170375811,0.894587037922351,0.658163865151177,0.999814842040216
60.74,0.3,545.021482115831,0,0.894863648020041,0.657831312318733,1
60.75,0.3,545.021482115831,0,0.893832171861461,0.657256099618521,0.99739200649868
60.76,0.3,545.021482115831,0,0.895785393000515,0.659898273940665,0.996469810251485
60.77,0.3,545.021482115831,0.00282465300748882,0.89717765639033,0.656904935639323,1
60.78,0.3,545.021482115831,0.000575382018854409,0.894722222537562,0.658609866010073,1
60.79,0.3,545.021482115831,0.00215656415350734,0.895252050914427,0.655926478109828,0.99917972006434
60.8,0.3,545.021482115831,0.00168936087791415,0.893951839980579,0.65730920559282,1
60.81,0.3,545.021482115831,0,0.894244785769186,0.654397735126196,1
60.82,0.3,545.021482115831,3.36197389423161e-05,0.897864465862034,0.655660907029884,0.999962504400235
60.83,0.3,545.021482115831,0,0.894843268480965,0.655886243994377,0.999268488809585
60.84,0.3,545.021482115831,0,0.895570085631772,0.657960802760927,0.999195466133558
60.85,0.3,545.021482115831,0.000272093692536734,0.89739643074565,0.655831124257315,1
60.86,0.3,545.021482115831,0.00246786233137931,0.897883793619027,0.657050745480648,1
60.87,0.3,545.021482115831,0,0.897051531663285,0.655379729279456,0.99928485410452
60.88,0.3,545.021482115831,0.000928707671782366,0.899678025561932,0.657515264176708,1
60.89,0.3,545.021482115831,4.20742459176174e-05,0.896733952351587,0.657802717884932,1
60.9,0.3,545.021482115831,0.000515921809384526,0.89806448715446,0.658249152397973,0.998775281290979
60.91,0.3,545.021482115831,0,0.899235853732994,0.656866777072069,0.999713335189721
60.92,0.3,545.021482115831,0.00133116382233686,0.900397440188917,0.656466948578801,1
60.93,0.3,545.021482115831,0,0.900535692714695,0.656419387283941,1
60.94,0.3,545.021482115831,0,0.899799035158565,0.657021171924484,0.998892375427733
60.95,0.3,545.021482115831,0.00021241302208041,0.899525375566769,0.65585216538972,0.996726323940264
60.96,0.3,545.021482115831,0.00022437795690578,0.902385257863714,0.654691389048491,1
60.97,0.3,545.021482115831,0,0.89939741507842,0.655678672844449,0.998520981549285
60.98,0.3,545.021482115831,0.00130428056745589,0.901495067868137,0.655113739278677,0.998190135990584
60.99,0.3,545.021482115831,0,0.901402677975677,0.654916402082757,0.999827074898537
61,0.3,545.021482115831,0.0013388845287317,0.901859315784623,0.654044694994612,1
61.01,0.3,545.021482115831,0.000235445178603443,0.899584226210233,0.653888541986021,0.998682260833116
61.02,0.3,545.021482115831,0.00134030534170274,0.899669318693539,0.654711957150845,1
61.03,0.3,545.021482115831,0,0.89977190468589,0.6517889287723,1
61.04,0.3,545.021482115831,0.000530639598109748,0.901061929113135,0.654659700780496,1
61.05,0.3,545.021482115831,0.00132046557139625,0.901647918924188,0.654687039289029,0.999673413999917
61.06,0.3,545.021482115831,0,0.902518031127528,0.652927763400202,0.999875024259982
61.07,0.3,545.021482115831,0.0016539978746192,0.902911262303489,0.65347925064509,1
61.08,0.3,545.021482115831,0,0.902924345328956,0.650721704681258,1
61.09,0.3,545.021482115831,0.000212520510872305,0.902791518572054,0.649094361398778,0.997286394013699
61.1,0.3,545.021482115831,0.0010582743353542,0.902082198034484,0.650872070277432,1
61.11,0.3,545.021482115831,0,0.903425175767314,0.652675028672108,0.999172396569643
61.12,0.3,545.021482115831,0,0.90211607350688,0.652722596681328,1
61.13,0.3,545.021482115831,0,0.901141332290653,0.653811213319873,1
61.14,0.3,545.021482115831,0,0.904010648418198,0.651600949058038,0.998988463325207
61.15,0.3,545.021482115831,0,0.904148279582041,0.653470308466376,1
61.16,0.3,545.021482115831,0,0.903736232749365,0.65380471748871,0.99916959438345
61.17,0.3,545.021482115831,0.00167898905897275,0.901698114271959,0.65518138029414,0.998202517544654
61.18,0.3,545.021482115831,0.00195838844546766,0.90330405992419,0.651489077604109,0.998602881254101
61.19,0.3,545.021482115831,0,0.901696516919566,0.649719351646048,1
61.2,0.3,545.021482115831,0.000282160743601699,0.90468845004952,0.65531677575521,0.998591639305839
61.21,0.3,545.021482115831,0,0.906244343997441,0.653999535182147,0.999955873922517
61.22,0.3,545.021482115831,0,0.905348149174481,0.651132292945501,0.999274985483213
61.23,0.3,545.021482115831,0.000338225812381461,0.90444476646753,0.647842860249937,1
61.24,0.3,545.021482115831,0.000828945905552253,0.906931171578658,0.650100174350701,0.999628207867978
61.25,0.3,545.021482115831,0,0.904142291719663,0.649148981378308,0.999025701666262
61.26,0.3,545.021482115831,0.000227136158648367,0.910368355282447,0.649098380293792,1
61.27,0.3,545.021482115831,0.00216450219764359,0.905829226216448,0.648393126930156,0.999497126917691
61.28,0.3,545.021482115831,0,0.90742261720901,0.64896759594467,0.996765007749112
61.29,0.3,545.021482115831,0,0.906633673451593,0.64945166511157,1
61.3,0.3,545.021482115831,0,0.9068804548472,0.647701951674135,1
61.31,0.3,545.021482115831,0,0.908465255160785,0.648550141425055,1
61.32,0.3,545.021482115831,0,0.905862759485853,0.645739346851205,0.997965248295594
61.33,0.3,545.021482115831,0.001765801589668,0.907640239887704,0.648489259295785,0.999817368224716
61.34,0.3,545.021482115831,0,0.906629707376706,0.64576923411473,1
61.35,0.3,545.021482115831,0,0.908409378928996,0.646725453881916,0.999597259570284
61.36,0.3,545.021482115831,0,0.909178777525962,0.652332294244787,0.998807490432576
61.37,0.3,545.021482115831,0,0.905337005236375,0.64611170946488,0.996817291518812
61.38,0.3,545.021482115831,0.000827071651552742,0.908778918317113,0.648018922937954,0.998685984826088
61.39,0.3,545.021482115831,0.000477021943636521,0.907806483790743,0.650033266996126,0.999440370431053
61.4,0.3,545.021482115831,0.000610217284307619,0.908389444434886,0.647710532326235,1
61.41,0.3,545.021482115831,0,0.908516307207432,0.647883310869734,1
61.42,0.3,545.021482115831,0.00231144851308884,0.905210121991785,0.649116739069256,1
61.43,0.3,545.021482115831,0.00140290715483459,0.908919387529372,0.649147789256969,0.998866461212479
61.44,0.3,545.021482115831,0.000118344888117115,0.908154737324455,0.645643578236582,0.999231830091788
61.45,0.3,545.021482115831,0.000299437647723917,0.911182040894757,0.645475128191793,0.999722338410987
61.46,0.3,545.021482115831,0,0.9083850920714,0.647058530833579,0.998323559592643
61.47,0.3,545.021482115831,0,0.909943097923319,0.646771848507148,0.999828783974542
61.48,0.3,545.021482115831,0.00014030525849591,0.909421969045079,0.645717820759965,0.996730668268377
61.49,0.3,545.021482115831,0.00214064928381049,0.90883080263375,0.645514705717652,1
61.5,0.3,545.021482115831,0,0.911083491882877,0.649029189446992,0.999627841735637
61.51,0.3,545.021482115831,0,0.909317900291208,0.646842238444802,0.998953150658061
61.52,0.3,545.021482115831,0.000926544137483363,0.912852960622244,0.645154137515497,0.999710600108955
61.53,0.3,545.021482115831,0,0.910077554137495,0.646333810753333,1
61.54,0.3,545.021482115831,0.00031799836236427,0.91203004869408,0.643761613491531,0.996463731340922
61.55,0.3,545.021482115831,0.000333175337984101,0.910960424262178,0.644041885767138,1
61.56,0.3,545.021482115831,0,0.911135065508656,0.64570234167728,0.999673414294985
61.57,0.3,545.021482115831,0,0.911787200215255,0.647124718646194,1
61.58,0.3,545.021482115831,0.000481227573851031,0.908862799122975,0.645869714159451,0.999792913872899
61.59,0.3,545.021482115831,0,0.910994672810739,0.643445689991765,1
61.6,0.3,545.021482115831,0.00347645037483952,0.911658418179948,0.643894813894068,0.998935626280982
61.61,0.3,545.021482115831,0.00067412352729037,0.911671873423489,0.643791705411509,1
61.62,0.3,545.021482115831,0,0.912082499341673,0.645060547015589,1
61.63,0.3,545.021482115831,0.00144681242749618,0.911259674517353,0.643766809819375,1
61.64,0.3,545.021482115831,0,0.912434990493792,0.643084608857816,0.998359616797818
61.65,0.3,545.021482115831,0,0.913839812769337,0.642455298740974,1
61.66,0.3,545.021482115831,0.000890150155090439,0.913797679282255,0.643421171725293,1
61.67,0.3,545.021482115831,0.000578749212386015,0.912070639459903,0.644395606906992,1
61.68,0.3,545.021482115831,0,0.914382198880762,0.644388868013813,1
61.69,0.3,545.021482115831,0.00120350379319112,0.91247525876849,0.644577178499641,1
61.7,0.3,545.021482115831,0.000981279971513899,0.913766382969542,0.643698131853004,1
61.71,0.3,545.021482115831,0,0.912700235416355,0.6443743753357,1
61.72,0.3,545.021482115831,0,0.915816162788589,0.643368874398467,1
61.73,0.3,545.021482115831,0.00124473385406693,0.91424463549381,0.643241672719364,0.999988025504347
61.74,0.3,545.021482115831,5.30498187002901e-05,0.915500467639911,0.643546826998088,0.998510680909122
61.75,0.3,545.021482115831,0,0.914271721931934,0.64324090564858,0.99954303992114
61.76,0.3,545.021482115831,0.000247260160326085,0.913827929720942,0.641977230431351,1
61.77,0.3,545.021482115831,0.00122284603759827,0.913613467352684,0.644520892973222,0.997291227036293
61.78,0.3,545.021482115831,0.0021575967731551,0.913379284817987,0.640891852697853,0.99978682270832
61.79,0.3,545.021482115831,0,0.911992237002993,0.643106062053845,0.998559307985819
61.8,0.3,545.021482115831,0,0.916732877968351,0.644143293409304,0.998508659725469
61.81,0.3,545.021482115831,0.000193224163957539,0.913765662015381,0.641946089576019,1
61.82,0.3,545.021482115831,0,0.913848098938173,0.640847961697346,1
61.83,0.3,545.021482115831,0,0.914712402490515,0.642488096098915,1
61.84,0.3,545.021482115831,0.00108955864000176,0.91604164001123,0.641877299910567,1
61.85,0.3,545.021482115831,0,0.913393881151706,0.64197753827044,1
61.86,0.3,545.021482115831,0,0.91481681738102,0.643556737650773,0.998240058101135
61.87,0.3,545.021482115831,0.00379629097853573,0.916261586108733,0.64226195868389,0.999599434838831
61.88,0.3,545.021482115831,0.00185063200391391,0.913937844763678,0.640946624057275,0.999837026875527
61.89,0.3,545.021482115831,0,0.916565592618365,0.640699307220654,0.999084521656382
61.9,0.3,545.021482115831,0,0.915495263378051,0.643220096612403,0.999258966531218
61.91,0.3,545.021482115831,0.00104408993236126,0.915659063867482,0.641314880509185,0.999763198585662
61.92,0.3,545.021482115831,0,0.914070261734866,0.638329277244729,0.999179051602396
61.93,0.3,545.021482115831,0.000411734641490185,0.916597753895581,0.641396435108334,1
61.94,0.3,545.021482115831,0,0.915714272468784,0.642557267383365,0.999701265709226
61.95,0.3,545.021482115831,0,0.917917441618236,0.641146160528541,0.999748076073879
61.96,0.3,545.021482115831,0,0.916253576114022,0.641105635729034,0.998796879300935
61.97,0.3,545.021482115831,0,0.916301613162528,0.643713404702462,1
61.98,0.3,545.021482115831,0.000602248893426827,0.917352013978086,0.639324344736396,0.999837037283056
61.99,0.3,545.021482115831,0.000256180183496853,0.915919803422333,0.640416420374546,1
62,0.3,545.021482115831,0,0.916034111430801,0.642256483952435,1
62.01,0.3,545.021482115831,0.000625764489350016,0.916223126860879,0.638984349554325,1
62.02,0.3,545.021482115831,0,0.915261343855605,0.642981344138966,1
62.03,0.3,545.021482115831,0.000130781510680044,0.915894063089858,0.640632834055517,1
62.04,0.3,545.021482115831,0,0.918747594362799,0.640390051635875,0.997623403527845
62.05,0.3,545.021482115831,9.78686667162561e-05,0.916184369294016,0.642048324019945,0.998531431450286
62.06,0.3,545.021482115831,0,0.916732600301395,0.639856052899237,0.99956850705982
62.07,0.3,545.021482115831,0,0.918196281472965,0.641683179126127,1
62.08,0.3,545.021482115831,0,0.916360165050828,0.639436538019047,1
62.09,0.3,545.021482115831,0,0.915250123080256,0.642186947280545,0.995811921168485
62.1,0.3,545.021482115831,0.00160753355569546,0.91854763514488,0.639024083600209,1
62.11,0.3,545.021482115831,0.00130599538182486,0.916859196697222,0.639762143123083,0.998915397806832
62.12,0.3,545.021482115831,0,0.915186149961841,0.642451994898128,1
62.13,0.3,545.021482115831,0.000518371436637414,0.919799065575896,0.643220370905522,1
62.14,0.3,545.021482115831,0,0.917141976753529,0.641916143168894,0.998832524495708
62.15,0.3,545.021482115831,0.00306822403314247,0.916700124824029,0.639636776342925,0.998346279702345
62.16,0.3,545.021482115831,0.00101801915773663,0.919853306908745,0.641380057698548,1
62.17,0.3,545.021482115831,0.00139210358409593,0.914576895785799,0.640564167976802,0.999451469976567
62.18,0.3,545.021482115831,0,0.917539332719215,0.640903585686738,0.998986264192137
62.19,0.3,545.021482115831,0.000413900796868927,0.915318250014635,0.640863903419078,1
62.2,0.3,545.021482115831,0.00163126368637873,0.919819316302009,0.643416220163926,0.999280483398674
62.21,0.3,545.021482115831,0.000272653119421151,0.916844653445413,0.642118224275918,1
62.22,0.3,545.021482115831,3.58907384249961e-05,0.916814365763185,0.639838812479644,0.998504240731125
62.23,0.3,545.021482115831,0.000420072254005443,0.916567380676216,0.642154879771774,1
62.24,0.3,545.021482115831,0.00160425355081243,0.914670460201782,0.639141838132434,1
62.25,0.3,545.021482115831,0,0.917635535091891,0.641095250221599,0.998730847258887
62.26,0.3,545.021482115831,0.002442303205747,0.919076778503564,0.641749319606387,0.9981401450892
62.27,0.3,545.021482115831,0,0.922653343657972,0.642495413367622,1
62.28,0.3,545.021482115831,0,0.917227437737277,0.644822263302799,1
62.29,0.3,545.021482115831,0,0.918994315978171,0.641676885262946,0.999696524496794
62.3,0.3,545.021482115831,0,0.916321710744333,0.644586089365549,1
62.31,0.3,545.021482115831,0.00140915156961074,0.916350224949485,0.642297345820112,1
62.32,0.3,545.021482115831,0,0.918303568454655,0.640699008788904,0.998591899655264
62.33,0.3,545.021482115831,0.00128945284225102,0.917649078295843,0.642448891457914,1
62.34,0.3,545.021482115831,0,0.917890046991642,0.642960938757963,0.999939057718746
62.35,0.3,545.021482115831,0.00103977768679592,0.919452247869074,0.644346630146148,0.999588882364747
62.36,0.3,545.021482115831,0.00241593319011983,0.921720269236227,0.643905588232732,0.998793468379677
62.37,0.3,545.021482115831,0.000757383116494241,0.921099991062791,0.642899344154748,1
62.38,0.3,545.021482115831,0,0.919910633871917,0.644998538096889,1
62.39,0.3,545.021482115831,0.000746085480407678,0.918728192842116,0.640559257514148,0.999635757265097
62.4,0.3,545.021482115831,0.000141542675096894,0.918144003576164,0.64277256700956,1
62.41,0.3,545.021482115831,0,0.916543912294889,0.641817041511407,0.999724706997184
62.42,0.3,545.021482115831,0,0.919006051233238,0.644292945376356,1
62.43,0.3,545.021482115831,0,0.916487314355881,0.644082475062121,0.999965206210812
62.44,0.3,545.021482115831,0.000109776462061135,0.918950827850385,0.642001024843589,0.999607473050918
62.45,0.3,545.021482115831,0,0.916858942979258,0.643519061885509,0.999041776668423
62.46,0.3,545.021482115831,0.000546531157711899,0.91647673997039,0.641829414877132,1
62.47,0.3,545.021482115831,6.18620539053511e-05,0.915952271281735,0.644202729266555,0.999609820439693
62.48,0.3,545.021482115831,0.00287989157786884,0.918541740885615,0.644909068327535,1
62.49,0.3,545.021482115831,0.000430676138892304,0.918734371350963,0.644197286939529,0.997888537686722
62.5,0.3,545.021482115831,0.00284225527455277,0.916239895293044,0.645189508940254,1
62.51,0.3,545.021482115831,0.000635177622923089,0.921081743751186,0.644427770374218,0.997912227663999
62.52,0.3,545.021482115831,2.28055736660387e-05,0.91832923363299,0.644414387933386,0.997529938474389
62.53,0.3,545.021482115831,0.000911704287696504,0.91741362858167,0.64594880872091,0.99913653931596
62.54,0.3,545.021482115831,0,0.917611800942956,0.645721266325698,0.999930571921665
62.55,0.3,545.021482115831,0,0.919545149072553,0.646666040281791,1
62.56,0.3,545.021482115831,0,0.921726901384095,0.643725949778,1
62.57,0.3,545.021482115831,0,0.918863285019269,0.644954440078413,0.998951957278256
62.58,0.3,545.021482115831,0.000372434992476653,0.917998490313334,0.644630055320937,0.998217496156332
62.59,0.3,545.021482115831,0,0.919098219279421,0.647774213875823,1
62.6,0.3,545.021482115831,0,0.916925869299884,0.645016948477271,0.999669135951954
62.61,0.3,545.021482115831,0,0.917497208370927,0.643693116462516,1
62.62,0.3,545.021482115831,0.000249262528674303,0.92019267930869,0.646848666201606,0.998600876455896
62.63,0.3,545.021482115831,0,0.922354777505583,0.643837637306216,0.998252855818102
62.64,0.3,545.021482115831,0,0.91748804544094,0.645898587035309,0.999136514759562
62.65,0.3,545.021482115831,0,0.917187782964897,0.647367722942441,1
62.66,0.3,545.021482115831,0.00221728879935771,0.919919259521868,0.646735739369012,0.999817515505422
62.67,0.3,545.021482115831,0,0.918283358911367,0.64853275381693,0.998609531833822
62.68,0.3,545.021482115831,0,0.921343882378465,0.646282453669753,1
62.69,0.3,545.021482115831,0,0.918475264091394,0.647389254111724,0.999618613506133
62.7,0.3,545.021482115831,0,0.91920353240045,0.650537118589261,1
62.71,0.3,545.021482115831,0.00197691382327041,0.917160615038941,0.64698294515781,1
62.72,0.3,545.021482115831,0,0.917815475576735,0.648142379191978,1
62.73,0.3,545.021482115831,0,0.91751826588142,0.647315753856902,0.999834741010006
62.74,0.3,545.021482115831,0,0.920198625468388,0.648853814323845,0.999146242947128
62.75,0.3,545.021482115831,5.0402470608367e-05,0.916957630843513,0.649457065651778,1
62.76,0.3,545.021482115831,0.00243214001200323,0.919097280261158,0.648689108156446,1
62.77,0.3,545.021482115831,0,0.919061139471818,0.649578695756267,1
62.78,0.3,545.021482115831,0.00183219966520701,0.918464369232681,0.649359444594073,1
62.79,0.3,545.021482115831,0,0.915785979408842,0.649493281179277,0.998446039313385
62.8,0.3,545.021482115831,0,0.916986918229007,0.650502311659206,1
62.81,0.3,545.021482115831,0.000612250997110108,0.914721582078669,0.649929715563664,0.997330127917271
62.82,0.3,545.021482115831,0,0.917514957631788,0.647663403166603,1
62.83,0.3,545.021482115831,0,0.917876445611244,0.646675630581297,1
62.84,0.3,545.021482115831,0.000717685707190421,0.91656775210906,0.650775479286342,1
62.85,0.3,545.021482115831,0.00010947052893149,0.915922247562784,0.647015124710801,0.999968346456022
62.86,0.3,545.021482115831,0.001614345461629,0.917523383950414,0.651019519287134,0.998456888710158
62.87,0.3,545.021482115831,0,0.917736191562496,0.652138266457663,1
62.88,0.3,545.021482115831,0,0.919898403756873,0.65144984750768,0.999917363667365
62.89,0.3,545.021482115831,0,0.917423917655911,0.64942247115153,1
62.9,0.3,545.021482115831,0.0022525333893303,0.919624800697547,0.652657333604002,1
62.91,0.3,545.021482115831,0.00256520773896046,0.91752166787642,0.650984524680992,0.999434453606598
62.92,0.3,545.021482115831,0,0.919845487277941,0.651649162615165,1
62.93,0.3,545.021482115831,0.000214303798198283,0.915674871931428,0.650557203035031,1
62.94,0.3,545.021482115831,0.000935291504133106,0.914837444186837,0.652207306410121,0.999480121145071
62.95,0.3,545.021482115831,0,0.916632060206455,0.652557531706569,0.998174616400878
62.96,0.3,545.021482115831,0.00303081336296966,0.915432443507819,0.648827805521718,1
62.97,0.3,545.021482115831,0.00122917232792432,0.916788414668707,0.652212756440769,0.99833580218723
62.98,0.3,545.021482115831,0.0010558034842118,0.91644141310512,0.653732843948396,1
62.99,0.3,545.021482115831,0.00248157017715499,0.912182880009489,0.65320416901639,0.998598503315986
63,0.3,545.021482115831,0.000498108037379075,0.917767624956102,0.653274918534709,0.999813959417881
63.01,0.3,545.021482115831,0.000670654163898166,0.916061868879523,0.655538851694827,1
63.02,0.3,545.021482115831,0,0.915037214045805,0.6549910025642,1
63.03,0.3,545.021482115831,0,0.916884518181329,0.654316399711919,1
63.04,0.3,545.021482115831,0,0.913674223262392,0.654498468295955,0.999671451688958
63.05,0.3,545.021482115831,0,0.915776932558454,0.653675831076892,0.999299524610171
63.06,0.3,545.021482115831,0,0.917429290317626,0.655010875882533,1
63.07,0.3,545.021482115831,0.000268445999431639,0.916209110007554,0.652817368718147,0.999693802530289
63.08,0.3,545.021482115831,0,0.920312520815151,0.655787718926531,1
63.09,0.3,545.021482115831,0.000306145801148719,0.916643886179985,0.654251739703118,1
63.1,0.3,545.021482115831,0.000910313064335555,0.916714411934713,0.654217767205752,0.997728640120478
63.11,0.3,545.021482115831,0.00219874366503073,0.915257371899138,0.656101777026318,1
63.12,0.3,545.021482115831,0,0.916939195301823,0.65444239312708,0.999917404072141
63.13,0.3,545.021482115831,0.00139460272011286,0.916174148503351,0.655663196159532,0.997623999901214
63.14,0.3,545.021482115831,0,0.918910833395922,0.656024737300584,0.999437579303481
63.15,0.3,545.021482115831,0.00244952338741797,0.916153908005294,0.656442647732726,1
63.16,0.3,545.021482115831,0,0.91563724459394,0.655037772487993,1
63.17,0.3,545.021482115831,0.00140654160265665,0.91564119974574,0.657180783638091,1
63.18,0.3,545.021482115831,0,0.912757470116353,0.656276292309081,0.999697934160077
63.19,0.3,545.021482115831,0.000857029982577104,0.915223987767418,0.655446610054778,0.999841487261267
63.2,0.3,545.021482115831,0,0.916341071000654,0.654840851098431,1
63.21,0.3,545.021482115831,0,0.913528607446792,0.656357330271659,0.999084183647233
63.22,0.3,545.021482115831,0.00314480881451573,0.918519502797269,0.657475057900426,1
63.23,0.3,545.021482115831,0.000122322093069355,0.914294130476655,0.657996632059753,0.997547627051234
63.24,0.3,545.021482115831,0.00141070973814112,0.9153097951491,0.65626105538069,0.998138418967037
63.25,0.3,545.021482115831,0,0.912853210723284,0.658287049035194,1
63.26,0.3,545.021482115831,0.00187617313967964,0.915335737662846,0.6542419123569,1
63.27,0.3,545.021482115831,0.000564314672807507,0.915450113353241,0.659460570831958,1
63.28,0.3,545.021482115831,0,0.91245995921046,0.656602033834598,0.999530456828457
63.29,0.3,545.021482115831,0,0.915522365868293,0.654528542288439,1
63.3,0.3,545.021482115831,0.00192693629268976,0.910985012811073,0.656819190798457,1
63.31,0.3,545.021482115831,0,0.910797516243221,0.655774068498795,1
63.32,0.3,545.021482115831,0.00273338094171525,0.914141772237416,0.658557299478934,1
63.33,0.3,545.021482115831,0,0.912655768267697,0.658663663814325,1
63.34,0.3,545.021482115831,0,0.911002105861657,0.656631106759731,0.999011104354436
63.35,0.3,545.021482115831,0.00197666213310227,0.91238034655813,0.654574712363489,0.999275233742637
63.36,0.3,545.021482115831,0,0.912113088291662,0.656719884111356,0.998176317042542
63.37,0.3,545.021482115831,0.000329956967334809,0.912102651843461,0.656059921981833,1
63.38,0.3,545.021482115831,0,0.913341710570375,0.656783611674686,0.997585949083349
63.39,0.3,545.021482115831,0,0.911307754024781,0.657276113647647,0.998365839752728
63.4,0.3,545.021482115831,0.000841366927915884,0.91337369311859,0.657109264628508,0.99877269093464
63.41,0.3,545.021482115831,0,0.911991633797542,0.657268768148384,1
63.42,0.3,545.021482115831,0,0.910892766500168,0.659476664580234,0.999468642650671
63.43,0.3,545.021482115831,0,0.911583582803178,0.656314268615207,0.999533824226995
63.44,0.3,545.021482115831,0,0.910999153826515,0.657174861343352,1
63.45,0.3,545.021482115831,0.000219707963922806,0.911196958387757,0.657620588023095,1
63.46,0.3,545.021482115831,0,0.910098451055763,0.657817500748927,0.999588871322376
63.47,0.3,545.021482115831,0.000381907690279667,0.910814400268286,0.658196182740244,0.999217971227002
63.48,0.3,545.021482115831,0.00128256859072527,0.913755145607064,0.661124307708953,0.99804516283392
63.49,0.3,545.021482115831,0,0.911037892993465,0.657559261090628,0.99924553461792
63.5,0.3,545.021482115831,0.0015490388492039,0.912600843191006,0.658040074002898,0.99974744574333
63.51,0.3,545.021482115831,0.00191777174583738,0.910441583700491,0.658316557606186,1
63.52,0.3,545.021482115831,0.0014744432394021,0.911087453639785,0.658994665020846,0.999315935945079
63.53,0.3,545.021482115831,0.00141192801760307,0.90940019954993,0.658227148217902,1
63.54,0.3,545.021482115831,0,0.911898453046413,0.657927153179425,0.998767969574267
63.55,0.3,545.021482115831,0,0.90902361605125,0.660568507380517,1
63.56,0.3,545.021482115831,0.00228577669758918,0.909639192315992,0.660593074016503,0.999039118787943
63.57,0.3,545.021482115831,0,0.908949914898181,0.657734367196611,1
63.58,0.3,545.021482115831,0,0.908791762614408,0.658495360469267,0.998394864597324
63.59,0.3,545.021482115831,0,0.907956457396134,0.660495074201284,1
63.6,0.3,545.021482115831,0,0.909036222598757,0.657809533711323,1
63.61,0.3,545.021482115831,0,0.908758966111145,0.660590148885633,0.999627567926776
63.62,0.3,545.021482115831,0,0.907526017073219,0.660635858001657,0.999473785106056
63.63,0.3,545.021482115831,0.00126746236781256,0.906269480527064,0.657696577767648,1
63.64,0.3,545.021482115831,0.000885201248464471,0.904674739549654,0.658963398343535,0.995526140413207
63.65,0.3,545.021482115831,0.00201085212253941,0.906384433319913,0.656828053798135,1
63.66,0.3,545.021482115831,0,0.906409458139834,0.657655088183086,0.99566930968036
63.67,0.3,545.021482115831,0.0027114916756145,0.906127546137903,0.656982055222391,0.999573644910481
63.68,0.3,545.021482115831,0,0.905306968150816,0.661509618043559,1
63.69,0.3,545.021482115831,0,0.905777335615874,0.660046402618313,0.997701849352204
63.7,0.3,545.021482115831,0.00118753288249441,0.908319918924895,0.65659299886458,0.999471751498511
63.71,0.3,545.021482115831,0.00115406238733875,0.908991205227757,0.658427804306845,1
63.72,0.3,545.021482115831,0,0.904399417413084,0.656760444375727,1
63.73,0.3,545.021482115831,0,0.905679147286285,0.659171625734691,0.997594091705323
63.74,0.3,545.021482115831,0.000322710813600944,0.907335798738743,0.65637330620597,0.999117059860768
63.75,0.3,545.021482115831,0,0.908595542879966,0.660110420971439,1
63.76,0.3,545.021482115831,0,0.905445361629171,0.658322246322237,1
63.77,0.3,545.021482115831,0.00137039780889427,0.905983409317109,0.658292942156953,0.999582433582214
63.78,0.3,545.021482115831,0.000803761829946739,0.903982556383757,0.656819081927305,0.999131483203873
63.79,0.3,545.021482115831,0.00193146932356824,0.905259845054474,0.657683324679653,1
63.8,0.3,545.021482115831,0.00207046204238251,0.903128588753005,0.656006566381122,0.999129932249706
63.81,0.3,545.021482115831,0,0.902825473988064,0.658069953172407,1
63.82,0.3,545.021482115831,0,0.903357411057912,0.654433299450834,1
63.83,0.3,545.021482115831,0,0.904212795914342,0.657102239284565,0.998782399147842
63.84,0.3,545.021482115831,0,0.907085389024215,0.656005953630888,1
63.85,0.3,545.021482115831,0,0.903817084347545,0.657551535110916,0.999585822636748
63.86,0.3,545.021482115831,0,0.90443290753082,0.657537132293941,0.999303737959607
63.87,0.3,545.021482115831,0,0.903255796162577,0.65713112179322,0.997896810949584
63.88,0.3,545.021482115831,0.000830509969629128,0.901797804840165,0.656405425209214,0.998415324422118
63.89,0.3,545.021482115831,0.000218151715828292,0.903738651028591,0.65889261607896,0.999416788872046
63.9,0.3,545.021482115831,0.0024153912267279,0.903051877361746,0.657578644776693,0.999384114359804
63.91,0.3,545.021482115831,0,0.903484580376128,0.658402262339112,1
63.92,0.3,545.021482115831,0.000791409453962855,0.904073313680697,0.656225140330383,0.999907389140697
63.93,0.3,545.021482115831,0.00103084562500705,0.90171738206807,0.658911698916649,1
63.94,0.3,545.021482115831,0,0.900008344636089,0.657510480939685,1
63.95,0.3,545.021482115831,0,0.902064947927685,0.653956834658598,0.999879996639525
63.96,0.3,545.021482115831,0,0.901489194913579,0.656939228743578,0.999860643033313
63.97,0.3,545.021482115831,0,0.900788286640108,0.656263515526438,0.997400803068534
63.98,0.3,545.021482115831,0,0.901622200080346,0.655215962294173,0.996823226716326
63.99,0.3,545.021482115831,0,0.901126750218332,0.653482456739533,1
64,0.3,545.021482115831,0.00113009159292524,0.900796148917735,0.655971152883895,0.999565519479029
64.01,0.3,545.021482115831,0,0.899342090075736,0.655258298302217,1
64.02,0.3,545.021482115831,0.00162338496078063,0.899688928193149,0.655135874370651,0.999828063601346
64.03,0.3,545.021482115831,0,0.898364313208873,0.654898422800082,1
64.04,0.3,545.021482115831,0,0.897903474254955,0.655852489647591,1
64.05,0.3,545.021482115831,0.00034724373507155,0.898306669405898,0.655310929061756,0.999091039658053
64.06,0.3,545.021482115831,0,0.899208147533954,0.656891850747479,0.99841086184487
64.07,0.3,545.021482115831,0.000516260036691971,0.898282323275724,0.653393894889823,0.999759488786304
64.08,0.3,545.021482115831,0.00179073382176964,0.898094770851286,0.656781482737354,0.999155461143715
64.09,0.3,545.021482115831,0.0013389651899071,0.89942691369807,0.65549196354322,0.999342219899356
64.1,0.3,545.021482115831,0,0.899216153792303,0.654951351142743,1
64.11,0.3,545.021482115831,0,0.896051534311422,0.656316491884767,0.999303050392875
64.12,0.3,545.021482115831,0,0.898561064278645,0.653910675979849,0.999364454758207
64.13,0.3,545.021482115831,0.000693033080907175,0.898791875907408,0.654906796979509,1
64.14,0.3,545.021482115831,0.00103840595843212,0.896657373578256,0.653304049739688,0.999039826133213
64.15,0.3,545.021482115831,0,0.897153268676595,0.653861380584418,0.999961922871955
64.16,0.3,545.021482115831,0,0.895180738616874,0.652628171256854,0.998997801281349
64.17,0.3,545.021482115831,0,0.897979768598891,0.653095088999001,1
64.18,0.3,545.021482115831,0.000381312938038263,0.897169410966286,0.655754932431077,1
64.19,0.3,545.021482115831,0,0.8959149246974,0.653657736169253,0.998723568067482
64.2,0.3,545.021482115831,0.00223670440672829,0.896354283737902,0.652819585362077,1
64.21,0.3,545.021482115831,0.000905701936142199,0.898534237390279,0.651334414563488,1
64.22,0.3,545.021482115831,0,0.895558449103406,0.653688716495485,1
64.23,0.3,545.021482115831,0,0.894707919213338,0.652143562158735,0.999246578421484
64.24,0.3,545.021482115831,0.00064373729916449,0.893487958952879,0.652592924524814,0.99794059043918
64.25,0.3,545.021482115831,0,0.898002148313582,0.653814039378563,0.998766203294797
64.26,0.3,545.021482115831,0.00124295236811654,0.893503149798077,0.652349953200084,1
64.27,0.3,545.021482115831,0,0.894054217565287,0.651400250745814,1
64.28,0.3,545.021482115831,0,0.892631046844321,0.652038549471039,0.999216810322105
64.29,0.3,545.021482115831,0.00139547370819651,0.894785809859216,0.652563703500519,0.999509517316468
64.3,0.3,545.021482115831,0,0.894807121533814,0.654151019232376,1
64.31,0.3,545.021482115831,0.000975109045827884,0.891888996470585,0.649548032328079,0.999409547070073
64.32,0.3,545.021482115831,0,0.893710517346411,0.65268132642366,0.999822097925856
64.33,0.3,545.021482115831,0,0.892308171314392,0.651900150432084,1
64.34,0.3,545.021482115831,0,0.893641002346362,0.649218400308424,0.998893552800385
64.35,0.3,545.021482115831,0,0.894444203374571,0.651576197422932,1
64.36,0.3,545.021482115831,0,0.890770863379299,0.650153796271181,0.999332031409934
64.37,0.3,545.021482115831,0.0012014087917159,0.89029101282857,0.65238507687537,1
64.38,0.3,545.021482115831,0,0.890185515573604,0.648401762600293,0.998807687317488
64.39,0.3,545.021482115831,0.00127298511150825,0.891695346356599,0.649975078456879,1
64.4,0.3,545.021482115831,0.000726052258974053,0.891579786031122,0.64946944095492,0.998289462773913
64.41,0.3,545.021482115831,0,0.891510080677555,0.6493424990667,0.999622799509442
64.42,0.3,545.021482115831,0.000504592760540058,0.89177790327671,0.64996827866457,0.999270054475932
64.43,0.3,545.021482115831,0.000806377880206826,0.888690874893186,0.650352847839448,0.997336997218636
64.44,0.3,545.021482115831,0.000423967283734918,0.891042449711359,0.650370558455714,0.99847144555666
64.45,0.3,545.021482115831,9.28336229886996e-05,0.89153220103845,0.650631074603831,1
64.46,0.3,545.021482115831,0.00143305734847452,0.888454166057911,0.648258530576606,1
64.47,0.3,545.021482115831,0.0014493376096777,0.891321587725164,0.648163829922601,1
64.48,0.3,545.021482115831,0,0.888902979339114,0.64716911678297,1
64.49,0.3,545.021482115831,0,0.889752441050482,0.648665769518838,1
64.5,0.3,545.021482115831,0,0.889612526381225,0.647077021892242,1
64.51,0.3,545.021482115831,0,0.886375180386532,0.649035225839485,0.997348831371025
64.52,0.3,545.021482115831,0.00172793883448933,0.886350220105297,0.648069048724462,1
64.53,0.3,545.021482115831,0.00167245214705457,0.887758716648522,0.647079322036641,1
64.54,0.3,545.021482115831,0.000418234453368658,0.888361399589469,0.647831613220712,1
64.55,0.3,545.021482115831,0.00076312598869251,0.88865398563526,0.64654418039823,0.99981154173722
64.56,0.3,545.021482115831,0.000449563177423062,0.88684954493031,0.649133209398972,0.997408477242597
64.57,0.3,545.021482115831,0.00283858139562754,0.886386409915916,0.647421447157739,1
64.58,0.3,545.021482115831,0.000832616771423347,0.888342393404124,0.645828614540032,0.997185223009138
64.59,0.3,545.021482115831,0,0.886316157988931,0.644877708690095,0.999201306759557
64.6,0.3,545.021482115831,0,0.884169302376831,0.647239185068714,1
64.61,0.3,545.021482115831,0,0.886594660118443,0.64328476716936,1
64.62,0.3,545.021482115831,0.000629219773561788,0.883245294891318,0.644481274510595,1
64.63,0.3,545.021482115831,0,0.883294785328758,0.644281952856101,0.998648205762504
64.64,0.3,545.021482115831,0.00230351602158279,0.886382630018691,0.645885510356359,0.998538173344718
64.65,0.3,545.021482115831,0,0.886637182138395,0.644990624340055,0.999498881587158
64.66,0.3,545.021482115831,3.41565280476221e-05,0.884314485639775,0.648710034473566,0.999721480680757
64.67,0.3,545.021482115831,0.00153371600418678,0.880897004852173,0.645374410347227,1
64.68,0.3,545.021482115831,0,0.882183251500291,0.644726953573566,0.999077875374272
64.69,0.3,545.021482115831,0.000799310498749405,0.88477975939824,0.646136369674393,0.99942032161169
64.7,0.3,545.021482115831,0,0.885785279923826,0.646032929068478,0.998087268375252
64.71,0.3,545.021482115831,0.000378253957796607,0.88265904230151,0.644488532900351,1
64.72,0.3,545.021482115831,0.000911813219715636,0.882651238948061,0.645794385460468,1
64.73,0.3,545.021482115831,0,0.882354274983689,0.645792487515933,0.998264444155735
64.74,0.3,545.021482115831,0,0.883836471781976,0.646143698301897,0.999312440370877
64.75,0.3,545.021482115831,0.0010851557185274,0.884132182984292,0.643737131712407,0.999097822801194
64.76,0.3,545.021482115831,0,0.880920735971795,0.645367613691706,1
64.77,0.3,545.021482115831,0.00215394428606263,0.880322091904735,0.645990677182921,1
64.78,0.3,545.021482115831,0.00140394099297155,0.883131361149317,0.644262574015475,1
64.79,0.3,545.021482115831,0.000323612415575246,0.879659858149795,0.645450085766683,1
64.8,0.3,545.021482115831,0.00053126151082473,0.879744922303353,0.645578330728992,0.997912386199524
64.81,0.3,545.021482115831,0,0.880292356919648,0.644450940447448,0.998783363202691
64.82,0.3,545.021482115831,0.00129836731839758,0.877081156900668,0.645623444376306,0.999954243160215
64.83,0.3,545.021482115831,0,0.878639614589252,0.641956105744385,1
64.84,0.3,545.021482115831,0.000500874808346539,0.880790366874206,0.643459078544111,1
64.85,0.3,545.021482115831,0.000277348585965456,0.878648832019323,0.644096462732256,1
64.86,0.3,545.021482115831,0,0.878595322681498,0.646030920197846,0.999215728538599
64.87,0.3,545.021482115831,0,0.878928530351775,0.643809961095439,0.999062441268508
64.88,0.3,545.021482115831,0,0.879592790979939,0.642991460698858,0.998956459601693
64.89,0.3,545.021482115831,0.000754327360556402,0.879954625270068,0.643987186998781,1
64.9,0.3,545.021482115831,0,0.878190545012039,0.64273508990037,1
64.91,0.3,545.021482115831,0,0.875600555864997,0.639940507244657,1
64.92,0.3,545.021482115831,0.000396905777504006,0.875449834197418,0.642266949361188,0.999551579271985
64.93,0.3,545.021482115831,0.000742443840453582,0.878262713207644,0.642268175921656,0.999355012944953
64.94,0.3,545.021482115831,0,0.876661202374866,0.641889212364242,1
64.95,0.3,545.021482115831,0.00132317662811582,0.878762360260975,0.644806901193247,1
64.96,0.3,545.021482115831,0.00193275653959798,0.876323844916918,0.644483137640285,1
64.97,0.3,545.021482115831,0,0.874543016447146,0.644644768992559,0.996580451397171
64.98,0.3,545.021482115831,0,0.875403219222337,0.642010284776107,1
64.99,0.3,545.021482115831,0,0.875272822892458,0.642189802941061,0.998424327250898
65,0,545.021482115831,0,0.874462567819282,0.641029313316743,1
65.01,0,545.021482115831,0,0.872039699973182,0.643146041542362,1
65.02,0,545.021482115831,0,0.877265408055531,0.64294697440708,1
65.03,0,545.021482115831,0,0.873814596063162,0.642673826376289,1
65.04,0,545.021482115831,0,0.872467712957778,0.644178879947232,1
65.05,0,545.021482115831,0.000566356189909519,0.873204930512541,0.642042777517554,0.997772931371963
65.06,0,545.021482115831,0,0.869748404206527,0.64173214688252,0.997631617988291
65.07,0,545.021482115831,0,0.873387651266362,0.644765644499619,0.999007693190158
65.08,0,545.021482115831,0.00294536453276926,0.872146722134252,0.639182481750356,0.998658326848362
65.09,0,545.021482115831,0.00367189250176113,0.874180197558158,0.642660369443363,0.998309268090183
65.1,0,545.021482115831,0.00219972793203089,0.872568216118736,0.641633862171373,0.997734931400643
65.11,0,545.021482115831,0,0.87369844533666,0.642119108597021,1
65.12,0,545.021482115831,0.000498787723165308,0.872978356113392,0.639259610931329,0.997826985613629
65.13,0,545.021482115831,0,0.873812063552123,0.640537542288976,0.997409821668206
65.14,0,545.021482115831,0,0.870791678084002,0.642177603098789,1
65.15,0,545.021482115831,0.000491287031374899,0.871275703630416,0.643581513155973,1
65.16,0,545.021482115831,0.00100617559259816,0.870032025906768,0.641717944398307,1
65.17,0,545.021482115831,0,0.871344051934042,0.643916778017304,1
65.18,0,545.021482115831,0,0.870816061281903,0.639933499047509,1
65.19,0,545.021482115831,0.000652540803126279,0.870425208783866,0.640641449519864,1
65.2,0,545.021482115831,0.00026445089360694,0.868399573310281,0.642863305516146,0.999978905530334
65.21,0,545.021482115831,0,0.869168747951761,0.641987740370587,0.999893784548886
65.22,0,545.021482115831,0.00148704680368044,0.871176571910208,0.641179940370883,1
65.23,0,545.021482115831,0.0025664930763274,0.869066080572219,0.640779887538302,1
65.24,0,545.021482115831,0,0.867266561531949,0.640215752220928,1
65.25,0,545.021482115831,0,0.869079458676284,0.643204395355966,1
65.26,0,545.021482115831,0,0.86802969144849,0.63958731474304,0.998679605953263
65.27,0,545.021482115831,0.00293865246053424,0.868364912457607,0.643557140551701,1
65.28,0,545.021482115831,0,0.866137093701286,0.642499533196586,0.998212276729365
65.29,0,545.021482115831,0,0.868542735373176,0.639947633727133,0.99972571062055
65.3,0,545.021482115831,0,0.865928428775123,0.638265443584336,1
65.31,0,545.021482115831,0.000758207551029214,0.868446443547357,0.642686285694636,1
65.32,0,545.021482115831,0.00278527007191379,0.863771425853799,0.642996068945942,1
65.33,0,545.021482115831,0,0.865900092005218,0.640547195766195,0.996795170985167
65.34,0,545.021482115831,0.000680387641646179,0.86487709207657,0.642563552035478,0.998625442330418
65.35,0,545.021482115831,0.00197166812569855,0.863624621841796,0.642930984676483,0.999175234403714
65.36,0,545.021482115831,0,0.866639578899038,0.641729546794645,0.999873207225492
65.37,0,545.021482115831,0.000665519348589114,0.865665970130196,0.640989653610739,1
65.38,0,545.021482115831,0.000470970656345465,0.864146018581377,0.642294584573158,1
65.39,0,545.021482115831,0,0.864611281422232,0.640277971444837,0.99790493884699
65.4,0,545.021482115831,0,0.863882237839212,0.643591965258912,0.99849233018153
65.41,0,545.021482115831,0,0.862545404806151,0.642547495894602,1
65.42,0,545.021482115831,0,0.862957886543274,0.64071982279146,1
65.43,0,545.021482115831,0.000167642248725098,0.861364527241386,0.643800228136402,0.998411021357961
65.44,0,545.021482115831,0,0.865458165215298,0.642405382343518,1
65.45,0,545.021482115831,0,0.860898779993999,0.643609563988171,1
65.46,0,545.021482115831,0.000713702798954984,0.862753391350237,0.64128641012647,1
65.47,0,545.021482115831,0,0.863124946797313,0.643879739125126,1
65.48,0,545.021482115831,0.00110844952345337,0.860297949318621,0.640230961008196,1
65.49,0,545.021482115831,0.00129490884015786,0.863403826716325,0.64228273491169,0.999269469232425
65.5,0,545.021482115831,0.00118937862393991,0.861622100062343,0.643854695202179,0.999662371519696
65.51,0,545.021482115831,0,0.860079875617539,0.64229478747192,0.998585420227519
65.52,0,545.021482115831,0.00103605978919472,0.860742685200133,0.640611416002131,0.99769668124967
65.53,0,545.021482115831,0.00153142482284271,0.861732831569494,0.644295229795451,0.997914970926836
65.54,0,545.021482115831,0,0.860565596842971,0.644085706361733,0.999184136887829
65.55,0,545.021482115831,0,0.860995516930364,0.644145991228013,0.999250318667383
65.56,0,545.021482115831,0.00101249479739174,0.859998510248069,0.640420486381115,0.998433922069005
65.57,0,545.021482115831,0.000612044934311185,0.860902110927758,0.64130973792097,1
65.58,0,545.021482115831,0.000845819164034008,0.859643143793367,0.645530384466174,0.999286905153033
65.59,0,545.021482115831,0,0.858875210938451,0.643773831895255,0.998845653044339
65.6,0,545.021482115831,0,0.859105305352168,0.644174074151228,1
65.61,0,545.021482115831,0.00328261741863,0.858947592427448,0.645123484809931,0.999138014197129
65.62,0,545.021482115831,0.000130866099021706,0.859967311714043,0.645598336489244,1
65.63,0,545.021482115831,0.000266216812173775,0.859863800235609,0.644555732006395,1
65.64,0,545.021482115831,0,0.855743013997602,0.645464051421015,0.995782725096053
65.65,0,545.021482115831,0,0.857238175511112,0.642490212909301,0.999907598466914
65.66,0,545.021482115831,8.05961040806648e-05,0.858056422127422,0.645442779594125,0.998840272398912
65.67,0,545.021482115831,0,0.856213980958988,0.644934611481196,1
65.68,0,545.021482115831,0.00131921595064998,0.855945994841024,0.646067152701042,0.999720875929147
65.69,0,545.021482115831,0,0.858304018014707,0.643213611976088,1
65.7,0,545.021482115831,0,0.853954177350257,0.647199085366623,1
65.71,0,545.021482115831,0,0.857724752277298,0.646061336228547,0.996865509630916
65.72,0,545.021482115831,0,0.857985457783661,0.646637812266856,0.99923086402252
65.73,0,545.021482115831,0,0.855130279000532,0.645860565276158,1
65.74,0,545.021482115831,0,0.856497939539344,0.644928342286754,0.998348868400449
65.75,0,545.021482115831,0.00151518586668911,0.856940869576798,0.644950357036248,1
65.76,0,545.021482115831,0.000551791848083765,0.856505059926964,0.646110290197459,0.99985579695659
65.77,0,545.021482115831,0.000524820208158582,0.854809197367286,0.647199982085929,1
65.78,0,545.021482115831,0,0.854292123943278,0.644446193399844,0.999690277269308
65.79,0,545.021482115831,0.0012063963294073,0.852243833780102,0.646915687922197,0.999424308213029
65.8,0,545.021482115831,0,0.854634044525841,0.647184895546225,0.99768349032247
65.81,0,545.021482115831,0,0.853323711826637,0.649991171838182,0.998693444053822
65.82,0,545.021482115831,8.1121166605913e-05,0.850811575489574,0.645693566401815,0.997266780250594
65.83,0,545.021482115831,0,0.851468026597289,0.646665900148073,0.997104524108207
65.84,0,545.021482115831,0,0.855345228558576,0.648929265743633,0.998590872010335
65.85,0,545.021482115831,0,0.850706595091442,0.647524484014611,1
65.86,0,545.021482115831,0,0.853071818195487,0.648660238527836,1
65.87,0,545.021482115831,0,0.848058862833295,0.648009993639705,1
65.88,0,545.021482115831,0,0.850194662569256,0.64923572418204,0.999481984871579
65.89,0,545.021482115831,0.000318509209928396,0.852990398048012,0.650192904016837,0.998798626421849
65.9,0,545.021482115831,0.00122313585540511,0.849704558176525,0.648979201918224,0.998672617509846
65.91,0,545.021482115831,0.000127125698988938,0.852893026179099,0.648204433063673,0.996743902303304
65.92,0,545.021482115831,0.00100086156678437,0.851107751460594,0.649272723308996,0.999858121020229
65.93,0,545.021482115831,0.00189402502352417,0.849769306158753,0.65190039520959,0.998191622561705
65.94,0,545.021482115831,7.22254879343641e-06,0.851363372665663,0.650839526332803,1
65.95,0,545.021482115831,0.000596324167011017,0.850571274174279,0.649706316416858,1
65.96,0,545.021482115831,0,0.84879224152467,0.649422904317748,0.999197328264325
65.97,0,545.021482115831,0.00114812296222433,0.848013534177719,0.650939980532221,1
65.98,0,545.021482115831,0.000164104120081979,0.848678859037581,0.649598796232416,1
65.99,0,545.021482115831,0.000557711797059463,0.84888434773168,0.649758024112528,1
66,0,545.021482115831,0.00216774702410685,0.848397992336685,0.649878383506092,1
66.01,0,545.021482115831,0,0.84791911655443,0.649300288565094,1
66.02,0,545.021482115831,0.00159161337376463,0.848341109320666,0.652660982981106,1
66.03,0,545.021482115831,0.00172153517009966,0.848994464511473,0.650625154067893,1
66.04,0,545.021482115831,0,0.847257798288815,0.651645669066415,1
66.05,0,545.021482115831,0,0.848354338469062,0.650679153210049,1
66.06,0,545.021482115831,0.000915290865130867,0.847864353480919,0.652050060307695,1
66.07,0,545.021482115831,0,0.848198974978233,0.652920606251851,0.997996092521724
66.08,0,545.021482115831,0,0.846766590324857,0.651885642252684,0.999726673371428
66.09,0,545.021482115831,0.00207498291705596,0.84417839046453,0.650691685211936,1
66.1,0,545.021482115831,0,0.847179803683071,0.651664135624255,0.999095331764694
66.11,0,545.021482115831,0.000444116001543672,0.84570339963184,0.651191521481359,1
66.12,0,545.021482115831,0.00130105460416953,0.847575003169522,0.652989462752635,1
66.13,0,545.021482115831,0.00352963997166639,0.849788656473157,0.652114662010632,1
66.14,0,545.021482115831,0,0.847574028566946,0.652815320516239,0.998250374457699
66.15,0,545.021482115831,0.0026589118833678,0.846816560294567,0.652496384396807,1
66.16,0,545.021482115831,0.00164274916652267,0.844397625905226,0.657098024746489,0.998615775786287
66.17,0,545.021482115831,0.000822948338646601,0.846182573508827,0.654171901740795,1
66.18,0,545.021482115831,0,0.845402446354717,0.655737695003403,0.99992093410575
66.19,0,545.021482115831,0,0.844701975954927,0.652975455235842,1
66.2,0,545.021482115831,0,0.843363912146296,0.653207059490228,1
66.21,0,545.021482115831,3.60214414629303e-05,0.844499710949582,0.653079442715236,0.997075738569698
66.22,0,545.021482115831,0.00106690424497101,0.843826022232199,0.654085250311207,0.999086680961183
66.23,0,545.021482115831,0,0.842924954891463,0.658828725719798,0.999322444359928
66.24,0,545.021482115831,0.00067101587041638,0.845043563663213,0.652687447021511,0.998873139773305
66.25,0,545.021482115831,0,0.843692231057632,0.654434448020543,0.998787621303798
66.26,0,545.021482115831,0,0.843535124695473,0.652170365919985,1
66.27,0,545.021482115831,0,0.84491024532572,0.65648766303844,1
66.28,0,545.021482115831,1.89800800334585e-05,0.844383372722252,0.655907637829644,1
66.29,0,545.021482115831,0,0.843470922576387,0.652898290427911,1
66.3,0,545.021482115831,0.00246801372340706,0.843670803631132,0.653250198888355,0.999928939295029
66.31,0,545.021482115831,0.00110505310460289,0.841917104917862,0.653413991106788,0.998704453354931
66.32,0,545.021482115831,0,0.842856322322502,0.655399603623855,0.997478090489373
66.33,0,545.021482115831,0,0.843178936741009,0.654741056882594,0.99936033010759
66.34,0,545.021482115831,0,0.842003976421186,0.657157068142617,1
66.35,0,545.021482115831,0,0.844316675636694,0.655627038752403,0.99758870735277
66.36,0,545.021482115831,0,0.841735714592787,0.654651002305057,0.996622745767242
66.37,0,545.021482115831,0,0.843167825264656,0.657445879675622,1
66.38,0,545.021482115831,0,0.841245722116779,0.655450055954901,1
66.39,0,545.021482115831,0,0.841188827424832,0.657779628648679,0.999605273723338
66.4,0,545.021482115831,0.000353958979852603,0.841613734498152,0.654584009367792,1
66.41,0,545.021482115831,0,0.843237412889941,0.656561191439,1
66.42,0,545.021482115831,0,0.842569037544675,0.655159806863535,0.999027700146347
66.43,0,545.021482115831,0.000792586799716293,0.841541352069454,0.656475096838581,1
66.44,0,545.021482115831,0,0.840422022456054,0.655249907826304,1
66.45,0,545.021482115831,0,0.839928885303148,0.657112297182372,0.999634141990166
66.46,0,545.021482115831,0,0.839588204228796,0.654163807918008,1
66.47,0,545.021482115831,0,0.839936105270922,0.659060203167217,0.999406598332829
66.48,0,545.021482115831,0,0.842126624524276,0.655568971432271,0.998180039957336
66.49,0,545.021482115831,0.00038714681796488,0.840211303238761,0.655553746269189,0.999717512995795
66.5,0,545.021482115831,0,0.840726420508828,0.658369257705934,0.999679984226459
66.51,0,545.021482115831,0.000733184500186423,0.84014308579084,0.656687453498107,1
66.52,0,545.021482115831,0,0.839968151980113,0.656075062263794,1
66.53,0,545.021482115831,0.000686038634792885,0.838954133100738,0.658943805629678,1
66.54,0,545.021482115831,0,0.838671756287353,0.660546909025817,1
66.55,0,545.021482115831,0,0.837418364894535,0.656201815496215,1
66.56,0,545.021482115831,8.12059719694837e-05,0.837827437098585,0.655799646422446,1
66.57,0,545.021482115831,0.000857537012164219,0.83831034189161,0.657771797193567,1
66.58,0,545.021482115831,0.00189680625191472,0.838769360514752,0.657965340039836,0.999149160360364
66.59,0,545.021482115831,0.000964839854799692,0.837429517136557,0.656181235161684,0.998696531906209
66.6,0,545.021482115831,0.000798208204058867,0.836198802295354,0.659960204442104,1
66.61,0,545.021482115831,0,0.837820310691738,0.656730518749449,0.998209179370324
66.62,0,545.021482115831,0.00188130060922209,0.838687367628946,0.661295153423456,1
66.63,0,545.021482115831,0,0.840204788324961,0.659767904213497,0.99766700152243
66.64,0,545.021482115831,0,0.839529302015613,0.659397134589067,0.999146015991586
66.65,0,545.021482115831,0.00167810756303527,0.838339240631165,0.658941339840633,0.999336853450935
66.66,0,545.021482115831,0,0.839007699125902,0.65729823051783,0.999124623009545
66.67,0,545.021482115831,0,0.835585456873783,0.658299566259855,1
66.68,0,545.021482115831,0.00325749109302095,0.837958233450547,0.659877218036557,1
66.69,0,545.021482115831,0.00219365373352509,0.839776230113906,0.656818575281456,0.998492593666495
66.7,0,545.021482115831,0.00107332556368759,0.835837216414887,0.657098198173381,1
66.71,0,545.021482115831,0.00115015167627984,0.839096547402607,0.658255804856268,0.998549871791275
66.72,0,545.021482115831,0,0.837978348708961,0.660757511177518,0.999645998515299
66.73,0,545.021482115831,0,0.83864104991026,0.658488151338919,1
66.74,0,545.021482115831,0.00125367695239547,0.834227485972253,0.656995735347986,0.999148288397201
66.75,0,545.021482115831,0.00035808232823663,0.837329113728131,0.658719617720141,1
66.76,0,545.021482115831,0,0.837341698945496,0.656753788664222,1
66.77,0,545.021482115831,0,0.836817956157699,0.658427749062197,1
66.78,0,545.021482115831,0.000626866831987728,0.833166878473217,0.658666874909615,1
66.79,0,545.021482115831,0.00326960679827352,0.83363022125412,0.657285866389211,1
66.8,0,545.021482115831,0.00122498661367649,0.83532673406734,0.65766287076534,0.999945665579585
66.81,0,545.021482115831,0.000832263289504814,0.835297225043389,0.655585894555673,1
66.82,0,545.021482115831,0.00137917371471856,0.837682864589669,0.657664565575778,0.998742411172738
66.83,0,545.021482115831,0,0.833589841242805,0.659036614708401,0.999731243181106
66.84,0,545.021482115831,0,0.834746441513292,0.660983721774503,1
66.85,0,545.021482115831,0.000853028007948657,0.834927443453965,0.65835117195517,1
66.86,0,545.021482115831,0.000344289702790655,0.833476000066751,0.660819349871351,1
66.87,0,545.021482115831,0.000973300273119685,0.835263051240441,0.65753879533985,0.999256887884055
66.88,0,545.021482115831,8.86117840462507e-05,0.83283807204784,0.659863336644315,0.998476672077159
66.89,0,545.021482115831,0.0020070402817464,0.834961705354082,0.662080819907011,0.99848737506163
66.9,0,545.021482115831,0,0.833376419478161,0.65832218017423,0.999901846489375
66.91,0,545.021482115831,0,0.834637722641902,0.658044149273898,0.998040023038591
66.92,0,545.021482115831,0.00112328710422507,0.83583741319899,0.658202165784884,0.99840932261304
66.93,0,545.021482115831,0,0.833951991437188,0.659729487148469,0.99934433971424
66.94,0,545.021482115831,0.000831943985133065,0.833813703830346,0.660762775518978,0.999779227183244
66.95,0,545.021482115831,0,0.831835028143223,0.657758217518356,1
66.96,0,545.021482115831,0.000772480873690917,0.832797717072755,0.657376960102928,1
66.97,0,545.021482115831,0.00112618740417168,0.831334056328335,0.65927888878904,1
66.98,0,545.021482115831,0.000651759896434077,0.834741190612008,0.658168229578492,1
66.99,0,545.021482115831,0,0.835159368489822,0.656503272461981,1
67,0,545.021482115831,0,0.833168056599132,0.659268659380417,1
67.01,0,545.021482115831,0.000510609653024866,0.833417789904807,0.654776601854102,1
67.02,0,545.021482115831,0,0.832713196193853,0.657580355739502,1
67.03,0,545.021482115831,0.000104135839105564,0.833452205378377,0.656177862896748,1
67.04,0,545.021482115831,0,0.832568054616282,0.656687969351265,0.999127897380368
67.05,0,545.021482115831,0.00180068153765456,0.833833609503562,0.659092949741664,1
67.06,0,545.021482115831,5.39044508644984e-06,0.832666190410545,0.658333931354421,1
67.07,0,545.021482115831,0.000351480976996621,0.833560110534533,0.655688310197948,1
67.08,0,545.021482115831,0.00393455250758557,0.831876273067211,0.660207138840782,0.999621508047188
67.09,0,545.021482115831,0,0.831714486164948,0.655611123697758,1
67.1,0,545.021482115831,0.0021179624227406,0.831725946873172,0.658682993765118,1
67.11,0,545.021482115831,0,0.831471608304303,0.656535378018782,0.999823614104234
67.12,0,545.021482115831,0,0.830630558465047,0.657680054421212,0.998699082700956
67.13,0,545.021482115831,0.000636763716944099,0.831919751828054,0.654719397380574,1
67.14,0,545.021482115831,0.000828741648863975,0.832258953731478,0.655951506997141,1
67.15,0,545.021482115831,0.00147562993897086,0.834479726772728,0.654212162644326,0.999392927236846
67.16,0,545.021482115831,0,0.832890628657447,0.657901680008559,1
67.17,0,545.021482115831,0.00108700946050237,0.832794881801148,0.655087251031733,1
67.18,0,545.021482115831,0.00196096779455402,0.833521795139169,0.654578937366102,1
67.19,0,545.021482115831,0.000681461986419331,0.832965481198581,0.652673926008413,1
67.2,0,545.021482115831,0,0.830298934388604,0.658598173275891,1
67.21,0,545.021482115831,0.000783728830796097,0.834369003857579,0.655139981453557,0.999079967996229
67.22,0,545.021482115831,0.00124623167077908,0.830834059579096,0.656479144091263,1
67.23,0,545.021482115831,0,0.833140845387792,0.652747524707761,0.997524820901492
67.24,0,545.021482115831,0.00146251344899541,0.832706810070697,0.65822423830737,0.999095806283869
67.25,0,545.021482115831,0.000440707070738353,0.830750735138587,0.651857482606643,0.998190260321725
67.26,0,545.021482115831,0.00143977662386421,0.832483777725199,0.654718455565738,0.998500635382467
67.27,0,545.021482115831,0.000460885789576342,0.834766753422487,0.653676838379737,0.997828498795402
67.28,0,545.021482115831,0,0.829626031849139,0.656357540211705,1
67.29,0,545.021482115831,0,0.831639847796604,0.655407966588821,1
67.3,0,545.021482115831,0,0.832463507040361,0.65531783818735,1
67.31,0,545.021482115831,0.00176511089823098,0.833561356648961,0.657083267598217,1
67.32,0,545.021482115831,0.00116620577786362,0.830615614831489,0.650813802503254,1
67.33,0,545.021482115831,0,0.832813091879296,0.652937626801118,0.999602011217738
67.34,0,545.021482115831,0.000740144221312487,0.832764610310845,0.654767785659584,0.998820614128885
67.35,0,545.021482115831,0.000917406967986495,0.831699119767639,0.655355378910752,0.998486205355411
67.36,0,545.021482115831,0.000874333672586011,0.831694386613442,0.653445778688785,0.997673153243916
67.37,0,545.021482115831,0,0.828643800551078,0.651938338427473,1
67.38,0,545.021482115831,0,0.831138890928058,0.651510677241509,0.999154033369996
67.39,0,545.021482115831,0,0.833619691084351,0.653159341952952,1
67.4,0,545.021482115831,0,0.831325604261162,0.652384599496563,0.99928885789238
67.41,0,545.021482115831,0,0.830417451359087,0.651173240920712,0.998776292831239
67.42,0,545.021482115831,0,0.829678375659074,0.648528210157672,0.998578534876062
67.43,0,545.021482115831,0.00125809326363223,0.833002167922843,0.650802606115734,0.99892414323229
67.44,0,545.021482115831,0,0.834549931836122,0.651208773809341,1
67.45,0,545.021482115831,0.00246090199686717,0.830148046332475,0.649276614570552,0.999609017688074
67.46,0,545.021482115831,0,0.831231506495314,0.652492998765323,1
67.47,0,545.021482115831,0,0.83033150982585,0.650757053198202,0.999684049676992
67.48,0,545.021482115831,0.00230965494643593,0.829565851680597,0.651645935235909,0.999743577379575
67.49,0,545.021482115831,0,0.829891752049536,0.651589199891458,0.999316305503836
67.5,0,545.021482115831,0.00123825545508215,0.828993020292945,0.649834393867793,1
67.51,0,545.021482115831,0,0.834825413788357,0.650116775764184,1
67.52,0,545.021482115831,0.000294944547352478,0.829754345420325,0.651439373277537,1
67.53,0,545.021482115831,0.000412049334506457,0.831130088552898,0.650010291876255,0.998320605760741
67.54,0,545.021482115831,0.000952993829515849,0.831548525797675,0.6502884040143,0.999884300236379
67.55,0,545.021482115831,0.00163609151212906,0.832929391796808,0.650617567298019,0.999886816676018
67.56,0,545.021482115831,0,0.8301620755812,0.648530840735753,1
67.57,0,545.021482115831,0.000438375636343049,0.831919962498471,0.649882973431137,1
67.58,0,545.021482115831,0,0.831117481583264,0.649826317514614,0.999701014458361
67.59,0,545.021482115831,2.02787812462442e-06,0.833363274887838,0.64732043543782,1
67.6,0,545.021482115831,0.00195435297357352,0.830791167477475,0.648043939941625,0.997537926687099
67.61,0,545.021482115831,0.0020537194684708,0.832371010390265,0.650915802164732,0.999010972183792
67.62,0,545.021482115831,0,0.832972151335076,0.645676923796119,1
67.63,0,545.021482115831,0,0.829305021344604,0.647424754055848,1
67.64,0,545.021482115831,0.000152219549471156,0.829586784580724,0.648145844166461,1
67.65,0,545.021482115831,0,0.834335958444465,0.646830480685824,0.99839249405832
67.66,0,545.021482115831,0.00160471011013122,0.833489584723956,0.651044320536987,0.998916629963905
67.67,0,545.021482115831,0.000822310388963422,0.831954558391682,0.650048274718709,0.997029035683466
67.68,0,545.021482115831,0.00237376793066713,0.832734241365168,0.648174375880016,1
67.69,0,545.021482115831,0,0.831988139744749,0.646952886511907,0.999438254671437
67.7,0,545.021482115831,0.000861686917853081,0.831640722094192,0.648523951999379,1
67.71,0,545.021482115831,0.001427041815683,0.83217687482792,0.647972097447379,1
67.72,0,545.021482115831,0,0.83234828007431,0.646598448212,1
67.73,0,545.021482115831,0,0.830005441185796,0.646009824001303,1
67.74,0,545.021482115831,0.00200559183338131,0.832958832137374,0.644766687628333,1
67.75,0,545.021482115831,0.00132642406772158,0.831561660586521,0.64685097939593,0.999689265536739
67.76,0,545.021482115831,0.00202129765159771,0.83233187943064,0.64642901322508,0.999092960155635
67.77,0,545.021482115831,0,0.830446327328569,0.643017376625203,0.999354903753257
67.78,0,545.021482115831,0.000112278997715172,0.832571676949419,0.643755965493712,1
67.79,0,545.021482115831,0.000133480079361109,0.834628449157779,0.646352505873431,1
67.8,0,545.021482115831,0,0.832696949057818,0.644316650081782,0.997987278978738
67.81,0,545.021482115831,0.00260798407332815,0.83015426846534,0.645322687790288,1
67.82,0,545.021482115831,0.000833241782019607,0.831943271208373,0.6436816947933,1
67.83,0,545.021482115831,0.00148716517652881,0.828743828462981,0.645094169106837,1
67.84,0,545.021482115831,0,0.829965796996953,0.643868202280144,1
67.85,0,545.021482115831,0,0.831108688223256,0.647376048658561,0.999770495097213
67.86,0,545.021482115831,0.000102609789209839,0.832036583053952,0.644384505674242,1
67.87,0,545.021482115831,0,0.82960985836542,0.644693141274422,0.998478434369602
67.88,0,545.021482115831,0.000846656139014217,0.830183624319095,0.645905043593255,0.999028094973848
67.89,0,545.021482115831,0.00130787617757394,0.832503748627828,0.643213997418505,0.999060774822308
67.9,0,545.021482115831,0.00354626518094589,0.834042968557231,0.646032231349294,0.99694036667774
67.91,0,545.021482115831,0,0.834492009303104,0.641201468745774,1
67.92,0,545.021482115831,0,0.832483245492943,0.644938866999325,1
67.93,0,545.021482115831,0,0.83175651828315,0.642889015039588,0.999891455280728
67.94,0,545.021482115831,0.00316288795438418,0.832478211320291,0.643838291776012,0.999002347825802
67.95,0,545.021482115831,0,0.833812700526236,0.644129282993444,1
67.96,0,545.021482115831,0,0.833645226076691,0.643215316708427,0.999949397389924
67.97,0,545.021482115831,0,0.83504661830748,0.643663621535883,1
67.98,0,545.021482115831,0,0.834065798165063,0.643887799505083,1
67.99,0,545.021482115831,0.000314788857253494,0.831928926726755,0.641834114580178,0.999478730022155
68,0,545.021482115831,0.00310428993787109,0.834738316875886,0.644387092519194,0.998768836261534
68.01,0,545.021482115831,0.0033996812235398,0.835448086225276,0.642251917450037,1
68.02,0,545.021482115831,0.00218985337541403,0.832189447595027,0.644619110641818,1
68.03,0,545.021482115831,0.000476914906456886,0.832616827826439,0.642086663644214,1
68.04,0,545.021482115831,0,0.831499163932683,0.643283502906802,0.999010514857101
68.05,0,545.021482115831,0.000923886263825896,0.8342358384129,0.63998840269298,1
68.06,0,545.021482115831,0.00161664762884219,0.834409205824638,0.640139091271919,1
68.07,0,545.021482115831,0.000740053005151824,0.835312062862245,0.642345241755237,1
68.08,0,545.021482115831,0,0.834495070064659,0.643055892933559,1
68.09,0,545.021482115831,0,0.832521899730297,0.642643571258004,1
68.1,0,545.021482115831,0.000202109875193773,0.831179979355589,0.642356099274315,0.9995011831462
68.11,0,545.021482115831,0.000621406208207733,0.833351102174415,0.641444508811999,0.997780705928112
68.12,0,545.021482115831,0,0.83724893152027,0.640992459663782,0.997293253517687
68.13,0,545.021482115831,0.00289628803651488,0.835481943986036,0.644181767106969,1
68.14,0,545.021482115831,0.000207509915722822,0.835362423456089,0.640336566470608,1
68.15,0,545.021482115831,0.00120871459601014,0.835397618644078,0.640857283829351,0.99815378502967
68.16,0,545.021482115831,0.00181962814217116,0.834305089180137,0.642242120336957,1
68.17,0,545.021482115831,0.00154413575194968,0.833052986825158,0.640979531613105,0.998625547215535
68.18,0,545.021482115831,0.000372452912438724,0.834466540651827,0.639497436819183,0.9989361923129
68.19,0,545.021482115831,0,0.832946129430775,0.641599108792495,1
68.2,0,545.021482115831,0,0.835466511571928,0.640464438774606,1
68.21,0,545.021482115831,0,0.835470933265532,0.643917769762556,1
68.22,0,545.021482115831,0,0.833659901809619,0.639581449829111,1
68.23,0,545.021482115831,0.00182880061399041,0.833638525068807,0.643182075993596,1
68.24,0,545.021482115831,0,0.837430507816888,0.642717350087936,1
68.25,0,545.021482115831,0.000139444040178021,0.837590419921851,0.640689535961962,0.998440363081899
68.26,0,545.021482115831,0.000697436816193628,0.836497307064078,0.642856519589542,0.998630927269217
68.27,0,545.021482115831,0.00327353354580018,0.838438619477284,0.644003367573195,1
68.28,0,545.021482115831,0.00262758647311834,0.835743017768861,0.638590282252482,1
68.29,0,545.021482115831,0.00156819066348791,0.840534643697922,0.641204893017229,1
68.3,0,545.021482115831,0,0.837824684251731,0.640707401150382,1
68.31,0,545.021482115831,0,0.83616804459716,0.638601312119931,0.998794652096397
68.32,0,545.021482115831,0.00164645893091414,0.836596406402515,0.64150405908285,1
68.33,0,545.021482115831,0.00148326991829766,0.836427021145279,0.642701139564532,0.998554610315811
68.34,0,545.021482115831,0,0.836803773231271,0.642405508554699,0.999276742023066
68.35,0,545.021482115831,0,0.838131908250408,0.640910991728401,0.999920738572172
68.36,0,545.021482115831,0,0.838442368083189,0.641000301864915,0.998568425225135
68.37,0,545.021482115831,0.00123735496840298,0.83686860722609,0.640192739629201,0.999449694730258
68.38,0,545.021482115831,0.0009558082896252,0.835301177464324,0.639789169620681,0.999200320973249
68.39,0,545.021482115831,0,0.837972933601063,0.642332930753037,0.998957498554593
68.4,0,545.021482115831,0,0.836936414075234,0.642888322441592,0.999789485691017
68.41,0,545.021482115831,0.000120422792316224,0.839965817097133,0.641857310491581,1
68.42,0,545.021482115831,0,0.836829022618331,0.640001135505079,0.99758987389263
68.43,0,545.021482115831,0.00151557933132716,0.839638082179168,0.642192127586385,0.998790475717098
68.44,0,545.021482115831,0,0.840067718180787,0.640565035939869,1
68.45,0,545.021482115831,0.00093804282132694,0.83910012009725,0.642169283138363,0.995453592493292
68.46,0,545.021482115831,0.00120232850117094,0.840631569565224,0.641394521764802,1
68.47,0,545.021482115831,0.000777827207716433,0.83891582444439,0.640760265343438,1
68.48,0,545.021482115831,4.14342355015883e-05,0.838412132924576,0.642740295795199,0.999130887193941
68.49,0,545.021482115831,0,0.83926714712697,0.640904208525727,0.999097570097393
68.5,0,545.021482115831,0.000414701761249212,0.837600202908389,0.642068737430844,1
68.51,0,545.021482115831,0,0.839554386086287,0.643510380726654,0.999703268742532
68.52,0,545.021482115831,0,0.840679959583241,0.642693513808445,1
68.53,0,545.021482115831,0,0.839154306459673,0.641174395880316,1
68.54,0,545.021482115831,0.000544507150591726,0.840795709958355,0.641619664656278,0.999833788465579
68.55,0,545.021482115831,0.000900118333704537,0.83975866688308,0.642249591706007,0.999265868598318
68.56,0,545.021482115831,0,0.840301509485114,0.643965584793559,1
68.57,0,545.021482115831,0,0.840029059961748,0.642445924765131,0.999425833192572
68.58,0,545.021482115831,0.000156404812830661,0.839351676488093,0.641480663472358,0.99978143327421
68.59,0,545.021482115831,0,0.841931881390917,0.641147517755041,0.999027414227561
68.6,0,545.021482115831,0.000652372948795549,0.841873320454006,0.642219955561738,0.999485551626632
68.61,0,545.021482115831,0.000266820107783232,0.840772362445612,0.643633475751705,0.999385564811295
68.62,0,545.021482115831,0,0.840930932923094,0.64405179974984,0.997795630521418
68.63,0,545.021482115831,0,0.843065853315509,0.641615502773266,1
68.64,0,545.021482115831,0.00112151753884552,0.841910643546894,0.644356534433435,1
68.65,0,545.021482115831,0,0.841452541905664,0.644835413178532,1
68.66,0,545.021482115831,0,0.843306418479643,0.642225517429964,1
68.67,0,545.021482115831,0.00245009621259193,0.841043990684069,0.642952362928077,0.998192918638158
68.68,0,545.021482115831,0,0.843943036233462,0.643342721123959,0.999421179278953
68.69,0,545.021482115831,0,0.84273933084784,0.644787653185688,1
68.7,0,545.021482115831,0,0.841991088220553,0.643881954684587,0.998376558624814
68.71,0,545.021482115831,0.000565193134534461,0.842550707812668,0.642647901402171,0.998499734935267
68.72,0,545.021482115831,0,0.843467543950835,0.640893975535217,0.99852596106965
68.73,0,545.021482115831,0.000339956839600584,0.843584254737877,0.646320762324013,0.999787551908905
68.74,0,545.021482115831,0,0.84294089049734,0.644451692604808,0.998213277167299
68.75,0,545.021482115831,0.000529117397055811,0.844873791482317,0.642324733733183,1
68.76,0,545.021482115831,0,0.843623382732867,0.643113132347225,1
68.77,0,545.021482115831,0.000171427113859843,0.843683224944098,0.643243472022447,0.998669792100225
68.78,0,545.021482115831,0.00070375760152701,0.846400808016043,0.643708741949467,1
68.79,0,545.021482115831,0,0.845052082101997,0.64490088715217,0.999655060148263
68.8,0,545.021482115831,0,0.845709272224647,0.646229364104024,1
68.81,0,545.021482115831,0.000108552768655768,0.846800401304503,0.642955973956006,1
68.82,0,545.021482115831,0.00222787899258978,0.846763128100642,0.642715475889915,1
68.83,0,545.021482115831,0.000287873738137192,0.845095837503156,0.64756879860697,1
68.84,0,545.021482115831,0,0.845074740426949,0.645162431814909,0.998026072814627
68.85,0,545.021482115831,0,0.846804143373639,0.647034848291382,1
68.86,0,545.021482115831,0.00257106572937399,0.847179587429271,0.645347617791831,0.999663709697136
68.87,0,545.021482115831,0,0.844756619115365,0.643995879035222,1
68.88,0,545.021482115831,0.00137907739234899,0.847276224042282,0.646403247680597,1
68.89,0,545.021482115831,0,0.847099708621679,0.645838787119029,0.998999494588604
68.9,0,545.021482115831,0.00117732783724285,0.846436727903733,0.646495984396485,1
68.91,0,545.021482115831,0.00104046320282526,0.847181664319757,0.64665888311373,0.999133002171343
68.92,0,545.021482115831,0,0.843265687137037,0.648909899763306,0.999584211143562
68.93,0,545.021482115831,0.000936068800247356,0.847443445204966,0.645974160667829,1
68.94,0,545.021482115831,0,0.847826769350213,0.645983972519303,0.998812667890197
68.95,0,545.021482115831,0.000895127641975332,0.846538324202994,0.64828241123674,1
68.96,0,545.021482115831,0,0.849699455565084,0.643689501182611,0.99951619643346
68.97,0,545.021482115831,0.000813900882800694,0.847679037263913,0.64749427610843,0.999475252537397
68.98,0,545.021482115831,0.000207880519629878,0.850329695869551,0.648830274565918,0.999767621641885
68.99,0,545.021482115831,0,0.848318709147329,0.649961657378192,1
69,0,545.021482115831,0.000954061885657041,0.849471037428934,0.652224935283353,0.999890849990677
69.01,0,545.021482115831,0,0.847400641239652,0.646067336475859,0.99785540362489
69.02,0,545.021482115831,0,0.85110762773065,0.644838250203926,1
69.03,0,545.021482115831,0.000122636391236192,0.848517553231518,0.64735820906271,0.998059542391761
69.04,0,545.021482115831,0.00244403815187101,0.850444711858665,0.649106031792785,0.999859129969258
69.05,0,545.021482115831,0,0.85277423276489,0.65066677891974,0.999279824495662
69.06,0,545.021482115831,0.00021239732574545,0.849402147916013,0.650263732904222,1
69.07,0,545.021482115831,0.00298945661711918,0.85340580852094,0.648948317017271,1
69.08,0,545.021482115831,0.00132940397200602,0.850806709298655,0.647554492072907,0.999173108289839
69.09,0,545.021482115831,0.000744909612414748,0.852239235929912,0.647961218983113,1
69.1,0,545.021482115831,0,0.850687705591839,0.648036594278319,1
69.11,0,545.021482115831,0.00244579211445722,0.850426795713866,0.650111548756073,1
69.12,0,545.021482115831,0.00238867997690865,0.852229636099674,0.648563810622026,1
69.13,0,545.021482115831,0,0.854108927104355,0.649042543246326,1
69.14,0,545.021482115831,0.00122610793528775,0.851965204720754,0.648277893997914,1
69.15,0,545.021482115831,0.000430292079599632,0.852201398188781,0.651671961448586,1
69.16,0,545.021482115831,0.00173993172772593,0.852136518122361,0.650267955546612,1
69.17,0,545.021482115831,0.00289353383532137,0.852160634942047,0.652602321022398,0.999108773422935
69.18,0,545.021482115831,0.00146162752974079,0.853603152714217,0.649881687726504,0.999046602241737
69.19,0,545.021482115831,0.0018329244021178,0.855776347201463,0.650739676844068,1
69.2,0,545.021482115831,0.00225159084790849,0.852098755599078,0.652513553316573,1
69.21,0,545.021482115831,0.00117294010654795,0.854697628272222,0.651421090207134,0.999283969754922
69.22,0,545.021482115831,0,0.854426488047294,0.651617931876953,0.997792717701114
69.23,0,545.021482115831,0.00140948547155188,0.852398106866157,0.652071700138499,1
69.24,0,545.021482115831,0,0.854165418151861,0.652834017160545,1
69.25,0,545.021482115831,0,0.855121982008012,0.651320388989868,1
69.26,0,545.021482115831,0.000205418433654381,0.857182125208057,0.652144688225791,0.998484472619723
69.27,0,545.021482115831,0.00026802289681858,0.856028371166157,0.651916229067482,0.999003377996349
69.28,0,545.021482115831,0.000721088015082945,0.858929558130871,0.65147638255294,1
69.29,0,545.021482115831,0,0.856392685553657,0.652325004996545,0.998201443502269
69.3,0,545.021482115831,0,0.857183977380584,0.652684790369989,0.999153840066462
69.31,0,545.021482115831,0.000987484379230755,0.855548339580751,0.655436249981045,1
69.32,0,545.021482115831,0,0.858266641805754,0.654528598450618,1
69.33,0,545.021482115831,0.00159615029524781,0.85653729977862,0.652286839320812,0.999202452662597
69.34,0,545.021482115831,0.000148452129242855,0.855669985172374,0.653476381268481,1
69.35,0,545.021482115831,0.00156305314919977,0.855508289031152,0.653469837449382,1
69.36,0,545.021482115831,0.00247395811752577,0.856542995462974,0.652931397722334,1
69.37,0,545.021482115831,0.000354262226960867,0.86052207566649,0.653008401419315,0.999053143411828
69.38,0,545.021482115831,0,0.855686552688555,0.654574087042957,1
69.39,0,545.021482115831,0.00340645514084345,0.861193419772751,0.65336356484501,1
69.4,0,545.021482115831,0.00159084157636549,0.860489282552135,0.653471420637805,1
69.41,0,545.021482115831,0,0.857725474910934,0.654716154536838,1
69.42,0,545.021482115831,0.00225402265427804,0.86078539442504,0.657221658911315,0.996875055757684
69.43,0,545.021482115831,0.00112294051081478,0.861726085070636,0.656246133130774,0.999922397336812
69.44,0,545.021482115831,0.00122798248892891,0.859971542761113,0.655427139571376,0.997811808878148
69.45,0,545.021482115831,0.000875448210221328,0.858808120919886,0.653603678199467,1
69.46,0,545.021482115831,0.00348940990958322,0.860474982270418,0.656071007549253,0.999147842664353
69.47,0,545.021482115831,0.000509836686118439,0.859376588583095,0.657321569177908,0.997230282753277
69.48,0,545.021482115831,0,0.86417853472483,0.657898000999458,0.998782292806706
69.49,0,545.021482115831,0.00198806586876486,0.861834914126334,0.657672469381007,1
69.5,0,545.021482115831,0,0.862455223635378,0.654306585487513,0.997053034146095
69.51,0,545.021482115831,0,0.861873365679426,0.657262768742132,0.998218669787086
69.52,0,545.021482115831,0.00218062791208227,0.861753335766401,0.657837280249601,1
69.53,0,545.021482115831,0,0.863424001631989,0.656519515227179,0.999245653028567
69.54,0,545.021482115831,0,0.861711705417167,0.657861409798448,1
69.55,0,545.021482115831,0,0.861352308531405,0.655191747428281,1
69.56,0,545.021482115831,0,0.862553371235824,0.655342220137343,0.999576526654286
69.57,0,545.021482115831,0.000711745504017631,0.863392863063321,0.657984122178326,1
69.58,0,545.021482115831,0,0.86211910764708,0.656991085304578,0.999344779886362
69.59,0,545.021482115831,0,0.865585371934093,0.654686288683263,1
69.6,0,545.021482115831,0.000965705985721981,0.862762271990844,0.65593156275243,1
69.61,0,545.021482115831,0,0.864041991670458,0.658098196337987,0.99985522807774
69.62,0,545.021482115831,0,0.863580609875689,0.655824397172939,1
69.63,0,545.021482115831,0.0011465262987878,0.865866721267279,0.657284633269962,1
69.64,0,545.021482115831,0.000813218871569556,0.866154652614466,0.657367443398453,1
69.65,0,545.021482115831,3.0977356576865e-06,0.865775069738148,0.654897096167682,0.999044438437903
69.66,0,545.021482115831,0.00113579499301912,0.865194649582309,0.658022869940121,0.999174925521445
69.67,0,545.021482115831,0,0.868985321503732,0.658216544957915,1
69.68,0,545.021482115831,0,0.866159793161356,0.659522135216634,1
69.69,0,545.021482115831,0.000367392978606702,0.864568000101859,0.658712845445877,1
69.7,0,545.021482115831,0.00065206971016884,0.867676252446181,0.657157938787426,1
69.71,0,545.021482115831,0.00124889194782,0.866456204307859,0.658733622984527,1
69.72,0,545.021482115831,0.00179975517691835,0.868192292153693,0.656804939603212,1
69.73,0,545.021482115831,0.000374266316262092,0.86733560327968,0.6598747452351,0.998076747420099
69.74,0,545.021482115831,0,0.867138612961534,0.662063054302941,1
69.75,0,545.021482115831,0.0014021818251865,0.867570938229283,0.657757113975012,0.999027629690775
69.76,0,545.021482115831,0.00383105721950469,0.869524704379136,0.657234846115933,0.999550335096825
69.77,0,545.021482115831,0,0.869462334064119,0.657956466713054,1
69.78,0,545.021482115831,0,0.870338627105926,0.659130118720392,1
69.79,0,545.021482115831,0.00120414950206834,0.86956688667682,0.658942458585502,1
69.8,0,545.021482115831,0,0.870393183685402,0.660100844464568,0.997202217141453
69.81,0,545.021482115831,0,0.870014240787206,0.660754486660429,1
69.82,0,545.021482115831,0.00242268651069173,0.870526458549044,0.658200498104423,0.996876804892332
69.83,0,545.021482115831,0,0.87045062425579,0.657066973689718,0.999783658213643
69.84,0,545.021482115831,0,0.871482624828001,0.656099240749388,1
69.85,0,545.021482115831,0,0.868560324208871,0.655764083532336,0.996793344532888
69.86,0,545.021482115831,0,0.871211352219174,0.660145928750813,0.999924494700241
69.87,0,545.021482115831,0,0.87046814915443,0.656218110889376,0.999695971140584
69.88,0,545.021482115831,0,0.870875583373621,0.657473873143294,0.998709745013511
69.89,0,545.021482115831,0,0.872153879730317,0.658550438591201,0.999778809751917
69.9,0,545.021482115831,0,0.872886687849714,0.656431740831659,0.999864151040988
69.91,0,545.021482115831,0.000779077307186313,0.871194229333279,0.658991821992721,0.999787858423352
69.92,0,545.021482115831,0.000867236826664423,0.87285185740055,0.657983941160637,1
69.93,0,545.021482115831,0,0.873818280478634,0.659306227010861,0.999660999355821
69.94,0,545.021482115831,0,0.87416790797805,0.658541330543349,1
69.95,0,545.021482115831,0.000944391572236069,0.874193683805161,0.658090734871517,1
69.96,0,545.021482115831,0.00119430940938637,0.873636879885146,0.66157253795854,1
69.97,0,545.021482115831,0.00210287140507491,0.872933730706657,0.661068515242291,0.999202201769379
69.98,0,545.021482115831,0,0.874600784102022,0.658837266819941,0.998930137589359
69.99,0,545.021482115831,0,0.875340391927567,0.658457067833513,0.998060619167269
70,0.3,545.021482115831,0.000792116132736876,0.876689418418605,0.659452889352877,0.997955171687641
70.01,0.3,545.021482115831,0.000366798091955428,0.875777279269652,0.657402501248353,1
70.02,0.3,545.021482115831,0,0.87486454527394,0.65571777660137,1
70.03,0.3,545.021482115831,0.000951792460591591,0.877990056993395,0.660141281326354,0.999111196494378
70.04,0.3,545.021482115831,0.00136746282719188,0.877552063231399,0.658086154282913,0.99788737981108
70.05,0.3,545.021482115831,0.000862517479599975,0.876265351719581,0.655703719483803,1
70.06,0.3,545.021482115831,0,0.877238661587092,0.659126909042657,1
70.07,0.3,545.021482115831,0,0.875300907383283,0.65785306236329,0.999212847259715
70.08,0.3,545.021482115831,0,0.878762889371282,0.658954132784582,0.998993152199643
70.09,0.3,545.021482115831,0.000121615927017369,0.876674953049714,0.654547391071225,0.998804392645855
70.1,0.3,545.021482115831,0.000687174627271178,0.879347822582646,0.658444918068898,1
70.11,0.3,545.021482115831,0,0.876127065864967,0.657366841165464,1
70.12,0.3,545.021482115831,0,0.877771686761004,0.659779769227974,0.99999204648959
70.13,0.3,545.021482115831,0.00193268295546148,0.876470329894146,0.65717254148342,1
70.14,0.3,545.021482115831,0,0.877662773433781,0.657245218834315,1
70.15,0.3,545.021482115831,0.000356777166822746,0.88142545838065,0.656438529885885,0.998293866714982
70.16,0.3,545.021482115831,0,0.879616316896052,0.659178351621864,1
70.17,0.3,545.021482115831,0.00387594005313731,0.881353353369624,0.658014273010442,1
70.18,0.3,545.021482115831,0.00327794637999152,0.879642829194795,0.657734245156926,0.998471120423867
70.19,0.3,545.021482115831,0.000225062969793542,0.878789143796139,0.657055066410121,0.999516994414819
70.2,0.3,545.021482115831,0,0.88317983514576,0.658636415462853,1
70.21,0.3,545.021482115831,0,0.881613696114424,0.656201288551779,0.995900611543817
70.22,0.3,545.021482115831,0,0.878269370087757,0.654801692500954,0.999248684097431
70.23,0.3,545.021482115831,0.00167416401298992,0.882682553314469,0.657128205955336,1
70.24,0.3,545.021482115831,0,0.881193419601977,0.656657756907055,1
70.25,0.3,545.021482115831,0.00096055589038432,0.883612122607482,0.654193009189088,0.999825556221735
70.26,0.3,545.021482115831,0,0.882145363632989,0.65593406185516,0.999889685549702
70.27,0.3,545.021482115831,0,0.879767032147968,0.654639039159389,1
70.28,0.3,545.021482115831,0.00303299847560382,0.882644137118525,0.657311186399132,1
70.29,0.3,545.021482115831,0,0.88443079519673,0.655905297076197,0.999617407204257
70.3,0.3,545.021482115831,0.00364509011109404,0.884986649515515,0.656958288762701,1
70.31,0.3,545.021482115831,0,0.882032893905838,0.658242001237175,0.998732843732137
70.32,0.3,545.021482115831,0,0.882211372847827,0.65850466151547,0.996894445402011
70.33,0.3,545.021482115831,0,0.884354891799542,0.652183522281418,1
70.34,0.3,545.021482115831,8.05834845645075e-05,0.883605273914422,0.656613395617569,0.998853931374129
70.35,0.3,545.021482115831,0,0.881739475465876,0.655320982536816,0.998697567720935
70.36,0.3,545.021482115831,0,0.883687703654942,0.654379651148736,1
70.37,0.3,545.021482115831,0.00152228687391421,0.88412411095616,0.653303608045176,1
70.38,0.3,545.021482115831,0.000561304160179111,0.886621349632444,0.656813423350367,0.999423457129545
70.39,0.3,545.021482115831,0.00142299416375172,0.88434201025742,0.651819545302988,1
70.4,0.3,545.021482115831,0,0.88379662203547,0.652652295244896,1
70.41,0.3,545.021482115831,9.73316934662266e-05,0.887111933327334,0.652876344565921,1
70.42,0.3,545.021482115831,6.78947518268355e-06,0.887079800094623,0.653284819968373,1
70.43,0.3,545.021482115831,0.00308188242530975,0.886092384829072,0.651950411008228,1
70.44,0.3,545.021482115831,0.00207120963799518,0.886711498006674,0.653845538474056,0.998576136246894
70.45,0.3,545.021482115831,0,0.8873311726342,0.653058696264057,1
70.46,0.3,545.021482115831,0,0.889383646912403,0.653630890806045,1
70.47,0.3,545.021482115831,0,0.88549037408547,0.654745629609681,0.999806268117309
70.48,0.3,545.021482115831,0.00247644494002073,0.888850788183071,0.656236977043261,1
70.49,0.3,545.021482115831,0.00141109603328017,0.887165126238055,0.653418385106856,1
70.5,0.3,545.021482115831,0,0.889021476564562,0.652122481248556,0.999254729872874
70.51,0.3,545.021482115831,0.00171186107749897,0.8876399512066,0.653863747377358,1
70.52,0.3,545.021482115831,2.75469439852137e-05,0.88839939810293,0.653052210367017,0.997111949792863
70.53,0.3,545.021482115831,0,0.887952667846208,0.650347504828458,1
70.54,0.3,545.021482115831,0,0.891293961063223,0.64913196784521,1
70.55,0.3,545.021482115831,0.000994836847418758,0.889528312189866,0.651009882452508,0.999843898831764
70.56,0.3,545.021482115831,0,0.889464769460133,0.652038485522499,1
70.57,0.3,545.021482115831,0,0.892249865677291,0.650904446002454,1
70.58,0.3,545.021482115831,0.00437422420708983,0.890465179252338,0.6502921345154,0.998922301518023
70.59,0.3,545.021482115831,8.98630338715113e-07,0.887705824673864,0.651073504681745,1
70.6,0.3,545.021482115831,0,0.89023009166371,0.652486461663067,0.998798651170069
70.61,0.3,545.021482115831,3.09373568128611e-05,0.891299884950483,0.652664752629331,0.999765494827668
70.62,0.3,545.021482115831,0,0.892571973866453,0.649320552369286,1
70.63,0.3,545.021482115831,0,0.892314770801739,0.650911714687255,1
70.64,0.3,545.021482115831,0,0.893475126798876,0.651159628377858,0.998592746799594
70.65,0.3,545.021482115831,0,0.89038888706956,0.653389153764493,1
70.66,0.3,545.021482115831,0,0.892548553909188,0.651669559472705,0.999747786616452
70.67,0.3,545.021482115831,0.000622304273063392,0.894552313180796,0.649606593446712,1
70.68,0.3,545.021482115831,0.000972157639295558,0.894401842914174,0.650079214533433,0.997400134986998
70.69,0.3,545.021482115831,0,0.89453626206579,0.650326058570557,0.999155460325069
70.7,0.3,545.021482115831,0.00301428801819641,0.894454612334237,0.64790462521357,1
70.71,0.3,545.021482115831,0,0.892459327063477,0.649131808541143,0.999043654459165
70.72,0.3,545.021482115831,0.00203108704507238,0.895240189349951,0.647418070035301,1
70.73,0.3,545.021482115831,0.000982805013596773,0.893998328249866,0.6485676475465,0.999860568708438
70.74,0.3,545.021482115831,0.00175069003762463,0.895741556467909,0.646638429361245,1
70.75,0.3,545.021482115831,0,0.894704720458908,0.649087576652207,0.998503388463266
70.76,0.3,545.021482115831,0,0.894717431181973,0.64938181933582,0.999923682800545
70.77,0.3,545.021482115831,0,0.896672946154823,0.64918262586455,1
70.78,0.3,545.021482115831,0,0.894643266886835,0.64917792798841,1
70.79,0.3,545.021482115831,0.000264896841138794,0.898047928079701,0.648874873966304,1
70.8,0.3,545.021482115831,0.000195851945346993,0.896886847175081,0.648389702503189,0.998643264300428
70.81,0.3,545.021482115831,0,0.89664664136044,0.645894623600014,1
70.82,0.3,545.021482115831,0,0.897179618514724,0.649134626942002,1
70.83,0.3,545.021482115831,0.00155819443108722,0.895845787508419,0.646842019190722,0.999556512641608
70.84,0.3,545.021482115831,0.00121458429702781,0.896832194421015,0.647053933668104,1
70.85,0.3,545.021482115831,0,0.896628489921043,0.649947395794647,1
70.86,0.3,545.021482115831,0,0.900011055428425,0.64697976164773,1
70.87,0.3,545.021482115831,0.00166230383719521,0.899574913955285,0.644473959214576,1
70.88,0.3,545.021482115831,0.00046864332310925,0.898525455050793,0.645635764135616,1
70.89,0.3,545.021482115831,0.00179433140013066,0.900013838514659,0.646448851927474,0.999650221984259
70.9,0.3,545.021482115831,0.000894953437935654,0.897692908570502,0.648308237645603,0.999559186551879
70.91,0.3,545.021482115831,0,0.898412332148757,0.646473571310157,0.998627652990648
70.92,0.3,545.021482115831,2.54143145777726e-05,0.898204362372112,0.647722440856207,1
70.93,0.3,545.021482115831,0,0.898804354542037,0.649144083215978,1
70.94,0.3,545.021482115831,0,0.90123585996641,0.645114499329423,1
70.95,0.3,545.021482115831,0,0.897475728745414,0.645836611812896,0.999976830559859
70.96,0.3,545.021482115831,0,0.898886418899213,0.644180553571126,1
70.97,0.3,545.021482115831,0,0.902169614143432,0.64593939491182,1
70.98,0.3,545.021482115831,0.00111942153758128,0.899358522030887,0.647088727777772,1
70.99,0.3,545.021482115831,0,0.899620842789049,0.641516986334557,0.998336862066837
71,0.3,545.021482115831,0.00014549329405052,0.899756114553265,0.64382681505948,0.99983491673186
71.01,0.3,545.021482115831,0,0.900860838789036,0.644828115576679,1
71.02,0.3,545.021482115831,2.36441460670595e-05,0.900558378610613,0.642885919497926,1
71.03,0.3,545.021482115831,0.000487420581486185,0.90190534588714,0.644712994857242,1
71.04,0.3,545.021482115831,0.00238951427101333,0.902705485118302,0.643384076315846,0.998481399269546
71.05,0.3,545.021482115831,0.000530872241981263,0.902138291837634,0.645091744046439,1
71.06,0.3,545.021482115831,0.00311564476922497,0.901080314936734,0.646140456117565,0.999584597240834
71.07,0.3,545.021482115831,0.000646821733159735,0.902269610451574,0.643971668693821,0.99910502804334
71.08,0.3,545.021482115831,0,0.902141175034914,0.642799634719638,0.999378484432701
71.09,0.3,545.021482115831,0.00161313795664834,0.902366279951599,0.645243045553037,0.999061082254354
71.1,0.3,545.021482115831,0.000767617030957826,0.900634842572407,0.643692415316609,0.998317447032255
71.11,0.3,545.021482115831,0.00151839680968609,0.90415478047138,0.644021951301378,1
71.12,0.3,545.021482115831,0,0.903200007028936,0.643498404883679,0.999333917374087
71.13,0.3,545.021482115831,0,0.907161794967757,0.642000705548469,1
71.14,0.3,545.021482115831,0.00175970986022384,0.904932590916628,0.64371039811474,0.997478326392862
71.15,0.3,545.021482115831,0.00149569228068359,0.901733474520264,0.642962635802186,1
71.16,0.3,545.021482115831,0,0.903825078915515,0.643100374171598,0.997509280075569
71.17,0.3,545.021482115831,0.00189356412220645,0.903949021959283,0.642804337297337,0.999392459783219
71.18,0.3,545.021482115831,0,0.905126691872794,0.640618094236916,0.999023317422044
71.19,0.3,545.021482115831,0.000128852889067282,0.903551941522339,0.640326992726731,0.998116540746765
71.2,0.3,545.021482115831,0,0.902864151954252,0.642395347647498,0.998726819495737
71.21,0.3,545.021482115831,0.001088283439198,0.905935132129981,0.646770060829485,1
71.22,0.3,545.021482115831,0.00326780944145224,0.903628084838792,0.644067131670111,0.998651022578597
71.23,0.3,545.021482115831,0,0.904288049985004,0.643145556115692,0.999717441393761
71.24,0.3,545.021482115831,0,0.907786092337016,0.642682544214199,0.999178929326538
71.25,0.3,545.021482115831,0,0.907269175399449,0.642371283784013,1
71.26,0.3,545.021482115831,0,0.906913220332099,0.64095084328887,0.999555039967073
71.27,0.3,545.021482115831,0,0.908438709135984,0.644057750182471,0.999641702459923
71.28,0.3,545.021482115831,4.57374860613777e-05,0.907192194978292,0.639797412509362,1
71.29,0.3,545.021482115831,0.000395932388869854,0.907377270350537,0.643262837973301,1
71.3,0.3,545.021482115831,0.00059183420180203,0.904999749447306,0.642870515466554,0.997911405296648
71.31,0.3,545.021482115831,0,0.907378969861021,0.643535869151491,1
71.32,0.3,545.021482115831,0.000587104026469499,0.906664247313323,0.643349242609077,1
71.33,0.3,545.021482115831,0,0.9072603168824,0.641989428130399,1
71.34,0.3,545.021482115831,0.00198990237386393,0.908376704296214,0.642552730048818,1
71.35,0.3,545.021482115831,0,0.908887162956425,0.642304175834234,1
71.36,0.3,545.021482115831,0.00255803015703875,0.908110375153494,0.640777023742212,1
71.37,0.3,545.021482115831,0.000713590272058731,0.908669652297272,0.64368343087087,1
71.38,0.3,545.021482115831,0.000225439586338558,0.909726932396071,0.642806875345701,0.999634974181076
71.39,0.3,545.021482115831,0.000368791708281802,0.907817571698783,0.640386461703551,1
71.4,0.3,545.021482115831,0.00121170752550662,0.909540745067431,0.642361208097978,0.998449030757918
71.41,0.3,545.021482115831,0,0.906581951757194,0.640691930091164,0.998921612920384
71.42,0.3,545.021482115831,0,0.911039290693429,0.640086978331462,1
71.43,0.3,545.021482115831,0,0.908779741620836,0.640574821563287,1
71.44,0.3,545.021482115831,0.00310157080107063,0.91039662408933,0.640997816243196,0.998308378795791
71.45,0.3,545.021482115831,0,0.908182949421444,0.640692600555995,1
71.46,0.3,545.021482115831,0.00155901196574601,0.907078965588456,0.641839093493864,1
71.47,0.3,545.021482115831,0.00185371631526827,0.90974017754774,0.641211620936021,0.999271306756501
71.48,0.3,545.021482115831,0.000833923031625133,0.90823078410902,0.642251203684352,0.999628891083943
71.49,0.3,545.021482115831,0,0.907967822414932,0.643375562581422,1
71.5,0.3,545.021482115831,5.7800429324918e-05,0.910236218627635,0.642388764273834,0.999963868315171
71.51,0.3,545.021482115831,0.000712239098186466,0.911708475553922,0.638681850043474,0.999557675826532
71.52,0.3,545.021482115831,0,0.911152082369361,0.642937779899423,0.99802159987378
71.53,0.3,545.021482115831,0.000417277137075628,0.910105237736991,0.639812730656555,1
71.54,0.3,545.021482115831,0,0.91260225384855,0.641942546827776,0.999235789625632
71.55,0.3,545.021482115831,0,0.912917923612011,0.642282840081952,0.996293537811191
71.56,0.3,545.021482115831,0,0.91569313042353,0.643402680970008,1
71.57,0.3,545.021482115831,0,0.912116721586099,0.641298409056267,0.9990289237452
71.58,0.3,545.021482115831,0,0.91153463688908,0.642426443049595,1
71.59,0.3,545.021482115831,0.000278629998424227,0.914384071946942,0.642099228099337,0.998169240677358
71.6,0.3,545.021482115831,0.0016089683735003,0.910051888656784,0.643911826105646,1
71.61,0.3,545.021482115831,0,0.912621762366208,0.643403866352981,0.998850256736013
71.62,0.3,545.021482115831,0.000445859899723237,0.910754807338173,0.642079318064341,0.999058034173077
71.63,0.3,545.021482115831,0,0.913104081979896,0.645458716152784,1
71.64,0.3,545.021482115831,0.00167798310978876,0.910075462798535,0.64346773229387,0.999867180406116
71.65,0.3,545.021482115831,0,0.912992093714827,0.641884450291608,0.999869749529821
71.66,0.3,545.021482115831,0.00109430302420274,0.91446190879441,0.641949345781974,0.999711677961108
71.67,0.3,545.021482115831,0.00101092171300724,0.913038805022597,0.642781316230953,1
71.68,0.3,545.021482115831,0,0.913025612544297,0.641879432421081,1
71.69,0.3,545.021482115831,0.00125381712893257,0.911924808742138,0.64122727513436,1
71.7,0.3,545.021482115831,0.00118050753887892,0.910533870214223,0.643568296367011,1
71.71,0.3,545.021482115831,0,0.913990202209218,0.641288343071075,1
71.72,0.3,545.021482115831,0,0.913950094078698,0.644274742533941,0.999619549034134
71.73,0.3,545.021482115831,0,0.914418670037709,0.642245644026895,0.997879181703375
71.74,0.3,545.021482115831,0.00093360362447833,0.914481413876314,0.638986443169364,1
71.75,0.3,545.021482115831,6.46527013993669e-05,0.915765329201296,0.64235179469951,0.999630788759432
71.76,0.3,545.021482115831,0.00157096872558792,0.914028335423775,0.643724367952015,0.998740803551296
71.77,0.3,545.021482115831,7.30784468474978e-05,0.913465586448943,0.639783913333849,1
71.78,0.3,545.021482115831,0.000472197254343653,0.914820992078984,0.641507985361307,1
71.79,0.3,545.021482115831,0,0.913261707572058,0.643430279672144,0.99968626373583
71.8,0.3,545.021482115831,0,0.915046887654235,0.642067547602577,1
71.81,0.3,545.021482115831,0.00180598001267726,0.913090515446256,0.642682040945126,1
71.82,0.3,545.021482115831,0,0.917238814403864,0.645336881899419,0.997970353075204
71.83,0.3,545.021482115831,0.000773463807479522,0.913577196004557,0.645619880944181,0.999003764149017
71.84,0.3,545.021482115831,0.001772286915642,0.916180259349703,0.643215995455473,1
71.85,0.3,545.021482115831,0.00161932830412355,0.91520678007725,0.642333496966585,0.998504832164727
71.86,0.3,545.021482115831,2.12322639806747e-05,0.918949841961233,0.643997146515074,0.999590209141009
71.87,0.3,545.021482115831,0.00121040665695204,0.917167940642383,0.644972892837844,0.998681168517847
71.88,0.3,545.021482115831,0.000149267816324896,0.912627859040657,0.645420371097432,0.999252579766678
71.89,0.3,545.021482115831,0.000798885261393369,0.914353851473974,0.645123054488835,0.998548814117263
71.9,0.3,545.021482115831,0,0.91548074604638,0.64409416267514,0.998994275179127
71.91,0.3,545.021482115831,0.000910746672167793,0.915196076791415,0.64594372645926,1
71.92,0.3,545.021482115831,0,0.915765387301667,0.644751253885741,1
71.93,0.3,545.021482115831,0,0.916787965724562,0.646710449748132,1
71.94,0.3,545.021482115831,0.00149217500081573,0.91723276221528,0.644335965509066,0.997008171763592
71.95,0.3,545.021482115831,0,0.917319257212234,0.642905223490581,0.998971174395354
71.96,0.3,545.021482115831,0,0.915066717565373,0.646668393706553,0.99797330680783
71.97,0.3,545.021482115831,0,0.916653507139881,0.648359448759917,1
71.98,0.3,545.021482115831,0,0.917562849208504,0.646058252212814,1
71.99,0.3,545.021482115831,0,0.916257189783123,0.646556795573488,1
72,0.3,545.021482115831,0,0.918182325204296,0.647539119382045,1
72.01,0.3,545.021482115831,0,0.920403073300254,0.646419958306351,1
72.02,0.3,545.021482115831,0.00178439518170555,0.914780032471419,0.645876023758226,0.998949805331987
72.03,0.3,545.021482115831,0,0.91613314890835,0.646721759817275,1
72.04,0.3,545.021482115831,6.46816957251553e-05,0.918519536650219,0.646202299804811,0.999840000178556
72.05,0.3,545.021482115831,0.000524470507426685,0.919037582219966,0.645517965064599,1
72.06,0.3,545.021482115831,0,0.915089455733193,0.64618668362269,1
72.07,0.3,545.021482115831,0,0.916823187651774,0.645718112148175,0.997762378497731
72.08,0.3,545.021482115831,1.23369232007006e-05,0.916450911376255,0.647151689577726,1
72.09,0.3,545.021482115831,0,0.916448487933368,0.64765839221299,0.997277144105823
72.1,0.3,545.021482115831,0,0.918717648226509,0.646974361022563,0.998221136189666
72.11,0.3,545.021482115831,0,0.917139331698785,0.648291896684723,0.998850111949175
72.12,0.3,545.021482115831,9.53112103340057e-06,0.915795211586997,0.646823704818585,0.999521361428896
72.13,0.3,545.021482115831,0,0.917859097501285,0.64661594709786,0.999586593869574
72.14,0.3,545.021482115831,0,0.917896327989723,0.646147188458873,1
72.15,0.3,545.021482115831,0.00342866803836349,0.917717059830097,0.648527621788697,0.998999339961889
72.16,0.3,545.021482115831,0,0.918472562645677,0.651194309824503,1
72.17,0.3,545.021482115831,0,0.916821997119039,0.648703549753428,0.999838030453265
72.18,0.3,545.021482115831,2.13826042123147e-05,0.917391234748442,0.646978835284431,0.998640449071238
72.19,0.3,545.021482115831,0,0.920064347393187,0.649365118645738,0.998012028210641
72.2,0.3,545.021482115831,0.00128147204800791,0.918054836741843,0.648329396025358,1
72.21,0.3,545.021482115831,0,0.917668892461352,0.650104188161711,0.998295803391736
72.22,0.3,545.021482115831,0.00157810805833922,0.918810467523822,0.649902063521215,0.997835701929094
72.23,0.3,545.021482115831,0.000958512439483706,0.918573959487627,0.65139388893524,0.998291397654825
72.24,0.3,545.021482115831,0,0.920233950011154,0.651329794759713,0.999942292406829
72.25,0.3,545.021482115831,0,0.918038989194849,0.651430213477557,1
72.26,0.3,545.021482115831,0.00101277583414444,0.920619654987713,0.647636172026692,0.999281365241378
72.27,0.3,545.021482115831,0.000688953130433659,0.917872768484319,0.648715467753684,1
72.28,0.3,545.021482115831,0.000644838479744524,0.916733022601123,0.649718831396512,1
72.29,0.3,545.021482115831,0,0.916690608822683,0.651738057114857,1
72.3,0.3,545.021482115831,0,0.916762891600454,0.651524849074867,1
72.31,0.3,545.021482115831,0,0.91881536238881,0.651344991356964,1
72.32,0.3,545.021482115831,0.00104501453774155,0.917853682509716,0.651377548407994,1
72.33,0.3,545.021482115831,0.00069017167742986,0.918059553353417,0.651659858786347,1
72.34,0.3,545.021482115831,0.0023389590943828,0.923676342015804,0.650029492911541,1
72.35,0.3,545.021482115831,0.000427838099189335,0.9196722416004,0.651128026159341,0.999966570062055
72.36,0.3,545.021482115831,0.000247075234758367,0.921526551047583,0.65129382314124,1
72.37,0.3,545.021482115831,0,0.917607759833665,0.651052956340754,1
72.38,0.3,545.021482115831,0,0.919258894737501,0.653104213817812,1
72.39,0.3,545.021482115831,0.0013791651609296,0.916933678810008,0.651853090758203,0.999695551162265
72.4,0.3,545.021482115831,7.51727911893049e-05,0.918488193797825,0.652244567300646,0.999835192324331
72.41,0.3,545.021482115831,0,0.919144821823768,0.653388072893798,1
72.42,0.3,545.021482115831,0,0.918098222236858,0.651899234093979,0.998235445978267
72.43,0.3,545.021482115831,9.63626796940616e-05,0.920361855143089,0.652208480417335,1
72.44,0.3,545.021482115831,0.00147320851065003,0.919996358363427,0.654858594801559,0.999841940838859
72.45,0.3,545.021482115831,0.000752693809643906,0.918493859746672,0.652435597107732,0.999782595233645
72.46,0.3,545.021482115831,0,0.916602135905048,0.654391791108367,0.999993928694339
72.47,0.3,545.021482115831,0.00109723954334187,0.917986408625269,0.650695210750206,0.997868141721125
72.48,0.3,545.021482115831,0,0.918076663680536,0.653523264107417,1
72.49,0.3,545.021482115831,0,0.918643932143756,0.65470648093744,1
72.5,0.3,545.021482115831,0,0.917082477862987,0.654131449682816,0.997509919713032
72.51,0.3,545.021482115831,0.000516075487950415,0.919238219709708,0.651584365797266,1
72.52,0.3,545.021482115831,0,0.919391575027676,0.652513765394092,0.998413259420176
72.53,0.3,545.021482115831,0,0.920310436078394,0.654224240774288,0.997486411535549
72.54,0.3,545.021482115831,0,0.918435666990504,0.654507794003398,0.99878217620319
72.55,0.3,545.021482115831,0.00024634332241693,0.918642137598948,0.653122422209671,0.996883038240627
72.56,0.3,545.021482115831,0.00232063848203667,0.918140098392714,0.655452846766092,1
72.57,0.3,545.021482115831,0.00175310682001584,0.920180749613063,0.655062780895342,1
72.58,0.3,545.021482115831,0.000378209473351514,0.91840662245306,0.654597243415764,0.999351772844683
72.59,0.3,545.021482115831,0.00187993615263864,0.917616826701122,0.654488151303165,1
72.6,0.3,545.021482115831,0,0.919160864373986,0.659768348904062,1
72.61,0.3,545.021482115831,0,0.915639553094908,0.654510041122404,1
72.62,0.3,545.021482115831,0,0.918755698022631,0.657167655953901,1
72.63,0.3,545.021482115831,0,0.919068695105246,0.654498666035061,0.999842200544393
72.64,0.3,545.021482115831,0,0.922169554655198,0.65651260638441,0.998562248540015
72.65,0.3,545.021482115831,0.000256754927860823,0.917612075098105,0.654751663413425,1
72.66,0.3,545.021482115831,0.000597420361398356,0.918456627372124,0.654795021672882,0.99681188429775
72.67,0.3,545.021482115831,0.000217322037429906,0.918040413220096,0.657290839379538,0.99855199335078
72.68,0.3,545.021482115831,0,0.919757645874238,0.654681180726201,1
72.69,0.3,545.021482115831,0.00161003156428584,0.918447745663192,0.655909681351313,1
72.7,0.3,545.021482115831,0.0013234918538291,0.919625840645854,0.656153316705515,1
72.71,0.3,545.021482115831,0.000227521629524988,0.917687509523317,0.65965731845694,0.998988817509065
72.72,0.3,545.021482115831,0.000874156248726439,0.914862229170009,0.655088800679519,0.999969933186029
72.73,0.3,545.021482115831,0.000528055442875475,0.918825385866685,0.656525534841883,1
72.74,0.3,545.021482115831,0.000150361586371143,0.920340747937939,0.656147843435107,1
72.75,0.3,545.021482115831,0.000149894869408442,0.918874341589922,0.659236248822559,0.996921606423176
72.76,0.3,545.021482115831,1.82585434896154e-05,0.918169798608594,0.655864643718242,0.999504646076347
72.77,0.3,545.021482115831,0.00160088469227139,0.918328813360817,0.659420843894878,0.999748071662089
72.78,0.3,545.021482115831,0.00174057511461674,0.917882846602084,0.656917289707638,1
72.79,0.3,545.021482115831,0.00202207662926479,0.919316561201602,0.656214597805321,1
72.8,0.3,545.021482115831,0.000786690965289634,0.917954058476529,0.658534673046297,0.999256514771873
72.81,0.3,545.021482115831,0.00102865197842287,0.91996553089359,0.657348860934874,1
72.82,0.3,545.021482115831,0.000234404945654073,0.920336539925238,0.65612291148631,0.998936384799379
72.83,0.3,545.021482115831,0.00128345715205652,0.918776227063544,0.657354013933879,1
72.84,0.3,545.021482115831,0,0.918230560039856,0.656855676708448,0.999422380520058
72.85,0.3,545.021482115831,0.00112927767564328,0.919996645808144,0.658917753876284,1
72.86,0.3,545.021482115831,0.000491220803533998,0.917824706820556,0.657595453461459,0.998877238730685
72.87,0.3,545.021482115831,0.000598035316955775,0.919375170957763,0.65846292543369,1
72.88,0.3,545.021482115831,0.00070907845212942,0.918779244032874,0.654410999874378,1
72.89,0.3,545.021482115831,0,0.914750958515613,0.658553387899873,1
72.9,0.3,545.021482115831,0,0.917582543108888,0.656399785988522,1
72.91,0.3,545.021482115831,0,0.915317477567309,0.659015049779548,1
72.92,0.3,545.021482115831,0,0.916843901300546,0.659152282312163,1
72.93,0.3,545.021482115831,0.000819994787404065,0.913971091264409,0.658937437171857,1
72.94,0.3,545.021482115831,0,0.917125375987212,0.659544478850365,1
72.95,0.3,545.021482115831,0.000599071179277026,0.917429107256757,0.657845064055205,0.999122064597677
72.96,0.3,545.021482115831,0,0.91611713394775,0.659827124044292,1
72.97,0.3,545.021482115831,0,0.917638073245861,0.658975812655834,1
72.98,0.3,545.021482115831,0,0.917318026085384,0.660035621917694,1
72.99,0.3,545.021482115831,0,0.914742845246247,0.659519799358046,0.999563424376423
73,0.3,545.021482115831,0,0.915854229881828,0.659427901937425,0.998864551624544
73.01,0.3,545.021482115831,0,0.919423998743027,0.659532965788553,1
73.02,0.3,545.021482115831,0.0017261465150105,0.914435195515938,0.658043179591975,1
73.03,0.3,545.021482115831,0.000674132017529328,0.915503752463615,0.658912928409466,1
73.04,0.3,545.021482115831,0,0.912192336546447,0.656725265181008,0.997378528504814
73.05,0.3,545.021482115831,0.00161471636797083,0.914337399139923,0.659743520558424,1
73.06,0.3,545.021482115831,0.00195571032495759,0.914006081771096,0.658584082716312,0.997515570735406
73.07,0.3,545.021482115831,0.000204070079188219,0.916480906669366,0.658765240188657,1
73.08,0.3,545.021482115831,0,0.915113699488227,0.656612010145662,0.999536069480212
73.09,0.3,545.021482115831,0.000246363684282102,0.916309179804254,0.657958594290231,0.999906908880974
73.1,0.3,545.021482115831,0.00142759704767076,0.914018601471782,0.655893977406127,1
73.11,0.3,545.021482115831,0.00149246696148375,0.916247945801105,0.660920973551305,1
73.12,0.3,545.021482115831,0.00294004638614973,0.914341332554409,0.657565697604459,0.99903993205977
73.13,0.3,545.021482115831,0,0.912985991622016,0.656661451546775,1
73.14,0.3,545.021482115831,0,0.916055283189873,0.658840425657764,1
73.15,0.3,545.021482115831,0.00210979139307598,0.914502257279265,0.659302044293409,0.99903250210711
73.16,0.3,545.021482115831,0,0.91450801854731,0.658344421164627,1
73.17,0.3,545.021482115831,0.00185459961659732,0.913113385544762,0.658922158104858,1
73.18,0.3,545.021482115831,0.0018777785307704,0.916537351569588,0.658174123477637,1
73.19,0.3,545.021482115831,0.00032805205033621,0.916243136517659,0.660648218675423,0.999790837509555
73.2,0.3,545.021482115831,0,0.917711918975494,0.659139256964334,1
73.21,0.3,545.021482115831,0.00192273803996053,0.913495402244659,0.656419758691922,0.999995932304278
73.22,0.3,545.021482115831,0.00174064677781605,0.91557403923064,0.659132626125119,0.999672422357967
73.23,0.3,545.021482115831,0,0.917862865829938,0.657791000901951,1
73.24,0.3,545.021482115831,0.00125811462502397,0.913565840194872,0.661560498922972,1
73.25,0.3,545.021482115831,0,0.914219775188137,0.658883008263707,1
73.26,0.3,545.021482115831,0,0.913808781484672,0.656679922048065,1
73.27,0.3,545.021482115831,0,0.913053638536301,0.65746299818584,1
73.28,0.3,545.021482115831,0,0.911560091765807,0.656732238405897,1
73.29,0.3,545.021482115831,0,0.914935331649239,0.656676418674931,1
73.3,0.3,545.021482115831,0.00011286237321863,0.915320689173139,0.656719177316561,1
73.31,0.3,545.021482115831,0.000209541527109978,0.911916156375354,0.658975531767464,0.999732976847078
73.32,0.3,545.021482115831,0,0.913131801360949,0.656505979953168,1
73.33,0.3,545.021482115831,0.000329977579838858,0.913562793887657,0.657192226631404,1
73.34,0.3,545.021482115831,0.00112671145900666,0.911957203176514,0.656922631894547,0.996951207341163
73.35,0.3,545.021482115831,0,0.912885121459432,0.655227026175565,0.999270759342792
73.36,0.3,545.021482115831,0,0.914080841199013,0.656012879920938,0.997690038097012
73.37,0.3,545.021482115831,0.0017148605438657,0.914251022697102,0.656118091611216,0.999371883176906
73.38,0.3,545.021482115831,0.00149622888850568,0.91392978968171,0.657163017036417,0.999831729529291
73.39,0.3,545.021482115831,0,0.911456330145189,0.654834123375223,1
73.4,0.3,545.021482115831,0,0.910444502512748,0.656935537025075,0.999574165043356
73.41,0.3,545.021482115831,0,0.911182053126563,0.655323457644788,1
73.42,0.3,545.021482115831,0,0.913223500852934,0.654565599780156,1
73.43,0.3,545.021482115831,0,0.911873193614725,0.659213452967077,0.998637996751931
73.44,0.3,545.021482115831,0.0022325104758441,0.913120889210824,0.656431922571073,0.999043039492349
73.45,0.3,545.021482115831,7.31701128312483e-05,0.911420713839908,0.655043325581356,1
73.46,0.3,545.021482115831,0,0.911595993225608,0.65409685395384,0.999447115197092
73.47,0.3,545.021482115831,0,0.911316486607932,0.656031928412593,1
73.48,0.3,545.021482115831,0,0.910259661129775,0.654437399580003,0.998752009872041
73.49,0.3,545.021482115831,0.000625730850049023,0.913406102659957,0.656722114911997,0.99993604715861
73.5,0.3,545.021482115831,0,0.910648787377671,0.655292332310483,0.999409784469785
73.51,0.3,545.021482115831,0.000427596033325949,0.910155826011228,0.65353146057901,0.999462650986613
73.52,0.3,545.021482115831,0,0.911258639320113,0.654057414871753,1
73.53,0.3,545.021482115831,0.0015819064104281,0.911335259868737,0.654135599025527,0.999276480841149
73.54,0.3,545.021482115831,9.14075161762818e-05,0.90685613196873,0.654674126311912,0.999678137067377
73.55,0.3,545.021482115831,0,0.908342177014766,0.653796200628492,0.999442272657417
73.56,0.3,545.021482115831,0.00269384676410495,0.909211917233524,0.654555500080738,1
73.57,0.3,545.021482115831,0.000305068352358954,0.909346265853148,0.654724413266358,0.998078865063345
73.58,0.3,545.021482115831,0,0.907111217157713,0.653757293553209,1
73.59,0.3,545.021482115831,0,0.907469083154866,0.654908028533725,1
73.6,0.3,545.021482115831,0,0.908639263392184,0.653417672383907,0.997721359917247
73.61,0.3,545.021482115831,0,0.909173103550717,0.652572546001632,0.999283690426034
73.62,0.3,545.021482115831,0.00222775036094989,0.90625934537567,0.652732336122051,1
73.63,0.3,545.021482115831,0.00150906003739094,0.908322552321221,0.650619746066029,0.998765231826319
73.64,0.3,545.021482115831,0,0.90589382658652,0.652643220881281,1
73.65,0.3,545.021482115831,0.00114843425332991,0.908030780161877,0.654395629709459,0.999250467621434
73.66,0.3,545.021482115831,0,0.908628579205456,0.654856650722028,0.999224369663344
73.67,0.3,545.021482115831,0.00130706755643518,0.910344331930189,0.651948560162979,0.999691599229644
73.68,0.3,545.021482115831,0,0.908273818660848,0.650494481382457,1
73.69,0.3,545.021482115831,0.00115437684914589,0.909844378242724,0.653552638180133,1
73.7,0.3,545.021482115831,0,0.905594197138441,0.653648471709122,1
73.71,0.3,545.021482115831,0,0.906466856707968,0.650114177608358,0.99993148601885
73.72,0.3,545.021482115831,0.000225447805550952,0.90680398327111,0.653565160984301,1
73.73,0.3,545.021482115831,0,0.904073472780048,0.649141557658804,1
73.74,0.3,545.021482115831,0,0.905413417826849,0.652896929432961,1
73.75,0.3,545.021482115831,0.00106341925751715,0.90484624037693,0.648983679909951,0.998465949247223
73.76,0.3,545.021482115831,0.000311678390763784,0.904674135497513,0.651274524550152,0.998478773851385
73.77,0.3,545.021482115831,0,0.904764208713741,0.652677602717602,1
73.78,0.3,545.021482115831,1.63777748844298e-05,0.903539533896623,0.650676583789047,0.999473903473111
73.79,0.3,545.021482115831,0,0.906541616531044,0.65195021515075,1
73.8,0.3,545.021482115831,0.00150646489472066,0.905739537378077,0.650494300362679,1
73.81,0.3,545.021482115831,0.000436318964745906,0.905754379038926,0.650726368002919,0.998573868053184
73.82,0.3,545.021482115831,0,0.905311032866359,0.648254015162864,0.999132033727065
73.83,0.3,545.021482115831,0.000569006163303291,0.905154503607304,0.64867293862691,0.999168425760887
73.84,0.3,545.021482115831,0,0.906355374436488,0.650261528710185,0.999695749603903
73.85,0.3,545.021482115831,0,0.904706826857406,0.650289337324692,0.998723037889109
73.86,0.3,545.021482115831,0,0.902373427438262,0.648743519121614,0.998583679624749
73.87,0.3,545.021482115831,0.000227884355336147,0.903422477767442,0.652591749204162,1
73.88,0.3,545.021482115831,0,0.905281413311883,0.649273296023112,1
73.89,0.3,545.021482115831,0.00069295859907312,0.90036073869311,0.64880348699389,1
73.9,0.3,545.021482115831,0,0.901666647278886,0.649515586877293,1
73.91,0.3,545.021482115831,0,0.904875903643846,0.647548854051478,0.998350200275248
73.92,0.3,545.021482115831,0.000659369390013835,0.90167485194404,0.649377855611851,0.999777309160841
73.93,0.3,545.021482115831,0,0.90109722872811,0.647254938363501,0.998679252688258
73.94,0.3,545.021482115831,0.000671301194743266,0.904312337929967,0.647950750533858,1
73.95,0.3,545.021482115831,0,0.901819316557119,0.646669979799366,1
73.96,0.3,545.021482115831,0,0.901694872866361,0.647076762764569,0.999005718671
73.97,0.3,545.021482115831,0,0.901415622225363,0.647739052618722,0.999913726992937
73.98,0.3,545.021482115831,0.00099265848432876,0.901983530476841,0.648271853888837,0.997692080551567
73.99,0.3,545.021482115831,0,0.900411223966895,0.647078337797091,0.99904113611992
74,0.3,545.021482115831,0,0.898525697659065,0.646100243216581,1
74.01,0.3,545.021482115831,0,0.900761144767877,0.647589324605917,0.999115429575819
74.02,0.3,545.021482115831,0,0.898949619226939,0.644201538270462,0.998525728965444
74.03,0.3,545.021482115831,0,0.900412504223984,0.646255015656834,1
74.04,0.3,545.021482115831,0,0.89853784396415,0.648413406492362,0.997465343818085
74.05,0.3,545.021482115831,0.000742661177322143,0.900162358691558,0.646176950832979,0.997432590446155
74.06,0.3,545.021482115831,0.000387467559313839,0.89805204715731,0.645326638146068,1
74.07,0.3,545.021482115831,0.00180007541058351,0.899614072200791,0.646107911401734,1
74.08,0.3,545.021482115831,0,0.900743497936616,0.645132922993715,0.998458242554129
74.09,0.3,545.021482115831,0.000858589750635107,0.900490252877842,0.645581867888707,0.997181403236888
74.1,0.3,545.021482115831,0,0.897527816150236,0.645639778799357,1
74.11,0.3,545.021482115831,0.00151204562995444,0.897957881689207,0.644858259815082,1
74.12,0.3,545.021482115831,0.000860690870353813,0.898753888257785,0.644165221619727,1
74.13,0.3,545.021482115831,0,0.896244993304968,0.64615546443322,1
74.14,0.3,545.021482115831,0,0.897692491251563,0.646191850779139,0.999920377983049
74.15,0.3,545.021482115831,0.00177220816951443,0.895595046648356,0.645018388478825,1
74.16,0.3,545.021482115831,0,0.896235120863612,0.645102758014388,0.999518346602547
74.17,0.3,545.021482115831,0,0.896722275084282,0.644178718268055,1
74.18,0.3,545.021482115831,0.00288427038837396,0.896288017704575,0.646987584392746,0.999248398416424
74.19,0.3,545.021482115831,0.000190183670669045,0.896715424004084,0.644054629131382,0.998199782741383
74.2,0.3,545.021482115831,0.0013693939357605,0.893748285826774,0.644900429150701,1
74.21,0.3,545.021482115831,0.000603077460095355,0.89410959291191,0.643000004289939,1
74.22,0.3,545.021482115831,0.00174682004263917,0.895442278688524,0.643806939762324,0.999837140432766
74.23,0.3,545.021482115831,0.001489157618185,0.896977714312992,0.64195962052575,1
74.24,0.3,545.021482115831,0.000461339815711099,0.893171043576985,0.64360111144009,0.998188230731883
74.25,0.3,545.021482115831,0.00202007892169937,0.897361804525199,0.641181380938183,1
74.26,0.3,545.021482115831,0,0.894490584564326,0.641666421652116,0.996990611787224
74.27,0.3,545.021482115831,0.00240215510650951,0.892733061750283,0.64524004170013,0.998374736455691
74.28,0.3,545.021482115831,0.00126802022272095,0.891488136146976,0.643450114241004,1
74.29,0.3,545.021482115831,0.000516834688936531,0.894227060664989,0.642265812978369,0.996045110826527
74.3,0.3,545.021482115831,0,0.892097027977,0.644091841055406,1
74.31,0.3,545.021482115831,0,0.892389040104471,0.642467896084632,1
74.32,0.3,545.021482115831,0.000716008845035815,0.892292556063093,0.643278729540944,0.999809810135162
74.33,0.3,545.021482115831,0,0.894603596504974,0.643224850788977,1
74.34,0.3,545.021482115831,0,0.893777909426179,0.641587266483685,0.999159479608579
74.35,0.3,545.021482115831,0,0.891471378404634,0.642550714971607,0.998197770383677
74.36,0.3,545.021482115831,0.00296597597856825,0.893246153090449,0.641444661368547,1
74.37,0.3,545.021482115831,0,0.890223655811796,0.643229786670801,0.999680620574439
74.38,0.3,545.021482115831,0,0.889488502302759,0.641412989455676,1
74.39,0.3,545.021482115831,0,0.891553666833615,0.640387408352554,0.999619452212915
74.4,0.3,545.021482115831,0,0.890826627152646,0.640539983886629,0.999020029677049
74.41,0.3,545.021482115831,0.000368308184607354,0.891374426103847,0.643366475201665,0.999117033913037
74.42,0.3,545.021482115831,0.000505207553113476,0.888768993921763,0.641758423900069,1
74.43,0.3,545.021482115831,0,0.890238293263605,0.640019316929582,1
74.44,0.3,545.021482115831,0.00186786559577978,0.890842293215931,0.641346231443397,0.998557348614689
74.45,0.3,545.021482115831,0.00159981989897732,0.888619928574987,0.643437486568997,0.998939851413751
74.46,0.3,545.021482115831,0,0.893331850833517,0.642094615355782,0.997971618361991
74.47,0.3,545.021482115831,0,0.889505307667254,0.64210321366548,0.998846325633083
74.48,0.3,545.021482115831,0.00139839877758092,0.888804678662602,0.641584122732843,0.999713804517147
74.49,0.3,545.021482115831,0,0.887041682728725,0.642649852232796,0.999573383413786
74.5,0.3,545.021482115831,0.000670762119899405,0.88785316216284,0.641995486789723,0.99932422737225
74.51,0.3,545.021482115831,0,0.887474143731758,0.640614263633596,0.998457193045962
74.52,0.3,545.021482115831,0.00206420700072039,0.886824700280567,0.641476356342611,0.998045723068473
74.53,0.3,545.021482115831,0.00058161661562248,0.887395897646124,0.639665137820978,1
74.54,0.3,545.021482115831,0,0.886322219351555,0.63982397316962,0.999215725213278
74.55,0.3,545.021482115831,0,0.886250484203261,0.640147999170566,1
74.56,0.3,545.021482115831,0,0.884863579742772,0.643777729022385,0.998237131810984
74.57,0.3,545.021482115831,0.00165762003737181,0.885897089639047,0.641377067082821,0.998599666136237
74.58,0.3,545.021482115831,0.00132499265267364,0.88574475287785,0.641317303736331,1
74.59,0.3,545.021482115831,6.70508867054537e-05,0.886548604638005,0.641449386236173,1
74.6,0.3,545.021482115831,0,0.887458475056619,0.64103498945116,1
74.61,0.3,545.021482115831,0,0.88755961033167,0.638119962137033,0.998939936967631
74.62,0.3,545.021482115831,0.000567151685610042,0.88257124228625,0.641800151584864,0.998675597621233
74.63,0.3,545.021482115831,0,0.886252142458986,0.6414511035148,0.99919535273739
74.64,0.3,545.021482115831,0.00260807875128697,0.883634102980699,0.644145994092452,0.998353458003688
74.65,0.3,545.021482115831,0,0.886025860189797,0.640620540041471,0.99970024687779
74.66,0.3,545.021482115831,0,0.882644179790445,0.642508984936772,0.998573680331319
74.67,0.3,545.021482115831,0.00183622599353764,0.886162668692346,0.642514780593271,0.999308331889149
74.68,0.3,545.021482115831,0,0.88260406569213,0.64143463928135,1
74.69,0.3,545.021482115831,2.6807779558646e-05,0.882804282350342,0.643344140302133,0.998348407885714
74.7,0.3,545.021482115831,0.00213721784698957,0.885355165914004,0.64113839659667,0.999395232990116
74.71,0.3,545.021482115831,0.00282538221242167,0.883920226738307,0.641082269541147,1
74.72,0.3,545.021482115831,0,0.882272491103453,0.64091173816495,0.998531600497896
74.73,0.3,545.021482115831,0.000235218797521046,0.881639682343046,0.640611940734879,1
74.74,0.3,545.021482115831,0.000146372797563054,0.885393837844045,0.639425920107766,1
74.75,0.3,545.021482115831,0.000597670094100086,0.880683209438105,0.638763024602942,0.998154035539094
74.76,0.3,545.021482115831,0,0.882363994972776,0.644474003910177,1
74.77,0.3,545.021482115831,0.00201574260982778,0.881449194753626,0.642463105205591,1
74.78,0.3,545.021482115831,0,0.880809529165353,0.640230128751256,0.999775026266751
74.79,0.3,545.021482115831,0,0.88361362311581,0.645344813482167,0.999164002799819
74.8,0.3,545.021482115831,0,0.880555221804397,0.643304430042011,1
74.81,0.3,545.021482115831,0,0.879488157911096,0.642527520787231,0.999360422264742
74.82,0.3,545.021482115831,0,0.88155083031075,0.641912181289429,0.999041849742731
74.83,0.3,545.021482115831,0.000256015880136246,0.877529309518237,0.643386004444555,1
74.84,0.3,545.021482115831,0,0.880150863201537,0.644581582156124,1
74.85,0.3,545.021482115831,0.00107598769584327,0.877778109324058,0.642870108927336,1
74.86,0.3,545.021482115831,0.00158765491923683,0.877919107466073,0.644685780463158,0.999217079681175
74.87,0.3,545.021482115831,0,0.873793325567745,0.642611753469392,1
74.88,0.3,545.021482115831,0.0017480310317237,0.879548247468018,0.642475080066729,1
74.89,0.3,545.021482115831,0.000260762561910894,0.880297699270475,0.643614306456174,0.999965795689526
74.9,0.3,545.021482115831,0,0.878716220886711,0.644889423622348,1
74.91,0.3,545.021482115831,0.00243351289559624,0.875742780009055,0.643140398654085,0.999796430590039
74.92,0.3,545.021482115831,0,0.875696893550779,0.641949628551648,1
74.93,0.3,545.021482115831,0.000616812511493702,0.877017711267933,0.641611144099768,0.99965269166545
74.94,0.3,545.021482115831,0.00130730530032853,0.879574827143726,0.639657117221822,1
74.95,0.3,545.021482115831,0.000926000974561144,0.87806129642992,0.643692972820537,1
74.96,0.3,545.021482115831,0,0.876949783662463,0.642332920109156,1
74.97,0.3,545.021482115831,0.000336500653411146,0.87416046689874,0.646393450420981,1
74.98,0.3,545.021482115831,0.000580108786924443,0.875160852807689,0.641494541634611,0.997321013250489
74.99,0.3,545.021482115831,0,0.875889320012181,0.645595361554893,0.998432213124067
75,0,545.021482115831,0.0018413554189904,0.877525622950046,0.643365961748832,0.999908560014193
75.01,0,545.021482115831,0,0.873730177845094,0.644065940828169,1
75.02,0,545.021482115831,0,0.871727274432562,0.644047177867705,0.999047052693756
75.03,0,545.021482115831,0,0.875849309355434,0.64606852849941,1
75.04,0,545.021482115831,0,0.873505558091674,0.644415042270198,1
75.05,0,545.021482115831,0.000655315474828339,0.874995510549527,0.646491681524687,0.998484506292506
75.06,0,545.021482115831,0.000262471063908363,0.872748313059676,0.645834255137153,1
75.07,0,545.021482115831,0,0.871086419716858,0.644881185317464,0.99905937874223
75.08,0,545.021482115831,0,0.871651262007984,0.645942086013001,1
75.09,0,545.021482115831,0.00102217132168416,0.873987862313761,0.647326847569237,0.999945756761083
75.1,0,545.021482115831,0.00110657860658465,0.871724284044955,0.645193810112564,1
75.11,0,545.021482115831,0,0.872258588147627,0.645788366992405,1
75.12,0,545.021482115831,0.00080853046467249,0.872171960373228,0.644747545560283,0.998749351773796
75.13,0,545.021482115831,0.00107017754330282,0.872826967990712,0.647114494328193,0.999961050324294
75.14,0,545.021482115831,0,0.871822064427083,0.647816766631378,0.999564692327997
75.15,0,545.021482115831,0,0.872064350240645,0.647052404190299,0.998766176178273
75.16,0,545.021482115831,0,0.873887670878136,0.645360426955362,1
75.17,0,545.021482115831,0.000981636519736011,0.869467717834615,0.647992245889235,1
75.18,0,545.021482115831,0,0.867896979023422,0.649012937317964,1
75.19,0,545.021482115831,0,0.869800832780885,0.64724041067277,0.999235349471998
75.2,0,545.021482115831,0,0.868785135518717,0.647286310217299,0.999529006908183
75.21,0,545.021482115831,0.00112073823335624,0.866616101021262,0.646632755194791,0.999423564436318
75.22,0,545.021482115831,0.00218728835054753,0.869445379633475,0.647210014549064,1
75.23,0,545.021482115831,0.000440388412839254,0.868403510859895,0.647980859797593,1
75.24,0,545.021482115831,0.000505802870601497,0.869279549741905,0.646908695038989,1
75.25,0,545.021482115831,0,0.867464619456771,0.64593706792351,1
75.26,0,545.021482115831,0.00115039472263585,0.868340733097507,0.647171952723519,1
75.27,0,545.021482115831,0.000188789656968879,0.868767372942513,0.647255584447259,1
75.28,0,545.021482115831,0,0.870235952950035,0.649148036002204,1
75.29,0,545.021482115831,0.00133388596250356,0.866958699594952,0.646829291900735,0.998962563915703
75.3,0,545.021482115831,0.00159391526175708,0.867147987407266,0.647904136978406,0.99939280346806
75.31,0,545.021482115831,0,0.86553534038746,0.648872977262141,0.999359470985003
75.32,0,545.021482115831,0,0.86598449018347,0.649377485919253,1
75.33,0,545.021482115831,0,0.865169680019464,0.647644257851471,0.999731897861528
75.34,0,545.021482115831,0.00130911794622579,0.867731188455471,0.649555409309531,0.999827306221108
75.35,0,545.021482115831,0.000793301972563838,0.866524210230305,0.6484848032429,0.998879819941815
75.36,0,545.021482115831,0,0.864563357240957,0.64919798119907,1
75.37,0,545.021482115831,0.000878074442011165,0.864047462656657,0.649214088889947,0.99838726791699
75.38,0,545.021482115831,0.00145786486695834,0.864711990234711,0.650179730048903,1
75.39,0,545.021482115831,0,0.863635870749039,0.64751832057967,0.999529004219367
75.4,0,545.021482115831,0,0.864133601278065,0.651384465325697,1
75.41,0,545.021482115831,4.77614581672074e-05,0.865009140410814,0.648426951830536,1
75.42,0,545.021482115831,0,0.863099810925666,0.652930451577347,1
75.43,0,545.021482115831,0,0.860998467800967,0.650074047863085,1
75.44,0,545.021482115831,0.00202213725911832,0.861050600404737,0.650573004266885,1
75.45,0,545.021482115831,0.000375812340271558,0.86223550391446,0.650501630139244,1
75.46,0,545.021482115831,0,0.859056375205303,0.649791948200815,1
75.47,0,545.021482115831,0,0.862995097482249,0.651756985462241,1
75.48,0,545.021482115831,0,0.863287035463273,0.651710366600359,1
75.49,0,545.021482115831,0.000518124999734355,0.861384571112112,0.651679451655349,0.998907654629983
75.5,0,545.021482115831,0.000742523090214751,0.858144400859511,0.6500305313797,1
75.51,0,545.021482115831,0.000268963252330483,0.862960286098882,0.65206416314538,1
75.52,0,545.021482115831,0.00155127984206214,0.863345002446813,0.653166760194341,0.996313144224092
75.53,0,545.021482115831,0,0.859455334568536,0.65302976505026,0.998981097229753
75.54,0,545.021482115831,0,0.85876956426111,0.650090711103368,0.999167979455797
75.55,0,545.021482115831,0.000229893308508891,0.861909376697088,0.651653486585643,1
75.56,0,545.021482115831,0,0.857908854456125,0.651212114161506,1
75.57,0,545.021482115831,0,0.860127464656624,0.653068013054055,0.999589233299047
75.58,0,545.021482115831,0.00216116731665826,0.860063057670068,0.653150161866708,1
75.59,0,545.021482115831,0,0.859851817300449,0.651666613604485,0.999398917691025
75.6,0,545.021482115831,0,0.858467489737764,0.652601418058582,1
75.61,0,545.021482115831,0.00241949318155813,0.859524814105754,0.654307193202431,1
75.62,0,545.021482115831,0,0.858975972303245,0.655087241506688,0.999793943629107
75.63,0,545.021482115831,0,0.860443679369117,0.654200377394305,1
75.64,0,545.021482115831,0,0.858530178650971,0.653550251803257,0.99977202481289
75.65,0,545.021482115831,0,0.858559928051744,0.6569463587645,1
75.66,0,545.021482115831,0,0.856732221024874,0.654565078280301,0.998551869369366
75.67,0,545.021482115831,0.000892487072106765,0.855401481036743,0.653205583059205,0.9991366718089
75.68,0,545.021482115831,0.00049006027113509,0.857000327070596,0.654838454803654,1
75.69,0,545.021482115831,0.000563279871865484,0.858172375484429,0.653102623042628,0.999810355709692
75.7,0,545.021482115831,0.00263073646471277,0.856068113321517,0.655016652747859,1
75.71,0,545.021482115831,0.00199116381949281,0.856718105174422,0.655408706622575,0.999837346312836
75.72,0,545.021482115831,0,0.857866539731844,0.655510590874959,0.999589728317255
75.73,0,545.021482115831,0,0.8581149256089,0.654402103734811,0.998223013367187
75.74,0,545.021482115831,0.000290457971538864,0.857553514311849,0.655391522673575,1
75.75,0,545.021482115831,0.000421028557887112,0.85373569344924,0.65497782191739,0.998565532464578
75.76,0,545.021482115831,0.00209842551920634,0.853114182943229,0.657145512140834,0.999240281412048
75.77,0,545.021482115831,0.000600526310470627,0.851580499521562,0.655857289869359,0.999696216312161
75.78,0,545.021482115831,0,0.854108721381593,0.655032954085448,1
75.79,0,545.021482115831,0.00163322745316497,0.853245375091769,0.657320141735858,0.998022899639122
75.8,0,545.021482115831,0.00168927368503285,0.853268685851688,0.652533238125525,0.999090601254188
75.81,0,545.021482115831,7.99522068691026e-05,0.851041221383634,0.655167517983352,1
75.82,0,545.021482115831,0.00126480047460359,0.853430000218585,0.657539195604838,1
75.83,0,545.021482115831,0.000566669145014295,0.85490075128649,0.657404830157626,1
75.84,0,545.021482115831,0.000319510447033305,0.855107557558412,0.654054129928469,1
75.85,0,545.021482115831,0.00118572538635882,0.851362746075771,0.657811631255372,0.998059026234917
75.86,0,545.021482115831,0.0024735914518517,0.855393309213616,0.659641604708214,0.99928831987791
75.87,0,545.021482115831,0.000776831551254105,0.8542912820062,0.65722140452491,0.999272734521135
75.88,0,545.021482115831,0.000384556708094175,0.851803786901846,0.658805766082847,1
75.89,0,545.021482115831,0,0.851398966751981,0.653909791470172,1
75.9,0,545.021482115831,0,0.849422118450623,0.655518200791295,1
75.91,0,545.021482115831,0.000169354606065382,0.851937613185756,0.656528328380388,0.998259905932801
75.92,0,545.021482115831,0,0.851797521841377,0.65779838094488,1
75.93,0,545.021482115831,0.000385236278534557,0.85006578239384,0.657632076663991,0.996445891003098
75.94,0,545.021482115831,0.00322933332682615,0.852265381800701,0.654897535209725,1
75.95,0,545.021482115831,0.0021836490996673,0.850002843493764,0.656146216569855,0.999643911821848
75.96,0,545.021482115831,0,0.849465112523986,0.656732351885702,0.997157199292536
75.97,0,545.021482115831,0.000714592754057578,0.849263439138012,0.65811364164785,1
75.98,0,545.021482115831,0.0001216672829824,0.852242337522091,0.657275569885864,1
75.99,0,545.021482115831,0.00286275489393375,0.847867816380866,0.658382533527247,1
76,0,545.021482115831,0,0.848093874089438,0.656736806604923,1
76.01,0,545.021482115831,0.00232806631662021,0.848496100180352,0.657582834394097,1
76.02,0,545.021482115831,0.000945038260296363,0.849158623950874,0.658234829234103,0.998643202628223
76.03,0,545.021482115831,0,0.847741144254714,0.658609949014035,1
76.04,0,545.021482115831,0,0.850734608275742,0.657649370415155,0.999120726832205
76.05,0,545.021482115831,0,0.849614535131076,0.657404106350797,0.99963192151844
76.06,0,545.021482115831,0,0.847937423358046,0.658718921415387,1
76.07,0,545.021482115831,0.00156019476025814,0.848271490644523,0.65937777382245,1
76.08,0,545.021482115831,0,0.848242156645673,0.660461073527462,1
76.09,0,545.021482115831,0,0.84611822338837,0.65921934465119,1
76.1,0,545.021482115831,0,0.847711885894623,0.658497138063301,1
76.11,0,545.021482115831,0,0.845661334283665,0.658100791979237,1
76.12,0,545.021482115831,0.00156999470816538,0.844796792700248,0.659826092406875,1
76.13,0,545.021482115831,0,0.846063779754564,0.659224004548512,1
76.14,0,545.021482115831,0.00190932251527334,0.843699539643257,0.657727163114631,1
76.15,0,545.021482115831,0,0.846323638589809,0.656767526103878,0.999444240122227
76.16,0,545.021482115831,0.000785776293379651,0.846194547395996,0.65875507001124,0.999011029438732
76.17,0,545.021482115831,0,0.845265599082058,0.658389888368015,1
76.18,0,545.021482115831,0.00185076353735658,0.847928986934915,0.66099020580911,1
76.19,0,545.021482115831,0,0.845531634403252,0.658677511473735,0.996850355326673
76.2,0,545.021482115831,0.0012912352893384,0.847713656946487,0.65729261591771,1
76.21,0,545.021482115831,0,0.8446061792598,0.657948225538132,0.998239743091299
76.22,0,545.021482115831,0,0.845454083986886,0.658738184618647,0.998440724077649
76.23,0,545.021482115831,0.000314979591240244,0.845695251687354,0.659453510744908,1
76.24,0,545.021482115831,0,0.843230166351157,0.65768221606391,1
76.25,0,545.021482115831,0,0.845921791784215,0.658077510524963,0.999051738715087
76.26,0,545.021482115831,0.00014878301064282,0.843447323770757,0.658780778721674,1
76.27,0,545.021482115831,0,0.844617265400477,0.657395556990618,1
76.28,0,545.021482115831,0.00062355837133366,0.843343382846232,0.65714764639214,1
76.29,0,545.021482115831,6.85393721402874e-05,0.843440278247522,0.657756570709127,1
76.3,0,545.021482115831,3.34626378068216e-05,0.84371174752617,0.657993218602339,0.998988925534117
76.31,0,545.021482115831,0,0.84174346638339,0.659691676038627,0.998262658238591
76.32,0,545.021482115831,0,0.842538615410495,0.658936592356068,1
76.33,0,545.021482115831,1.25496502297527e-06,0.842233381292353,0.65995785947736,0.999915623623996
76.34,0,545.021482115831,0.0009852711767704,0.844717143974265,0.659639581921789,1
76.35,0,545.021482115831,0.00117107169850883,0.840538607323342,0.658869050927159,0.998111681772508
76.36,0,545.021482115831,0,0.840533366208072,0.65906838011447,0.999032886991815
76.37,0,545.021482115831,0.00175378947964561,0.84275607400264,0.65943553458936,1
76.38,0,545.021482115831,0.000110962549193796,0.839173265629827,0.656082355366276,1
76.39,0,545.021482115831,0,0.841217769597043,0.660009727872565,1
76.4,0,545.021482115831,0.000813800658812352,0.83754346331287,0.66045980487283,0.998468727652639
76.41,0,545.021482115831,0,0.843403839910906,0.657658544477266,0.998593592991166
76.42,0,545.021482115831,0,0.839119875391459,0.656853900346355,1
76.43,0,545.021482115831,0.00411506475823009,0.839628251605884,0.657881344102012,1
76.44,0,545.021482115831,0.00218861170110636,0.840213831286449,0.655518164959126,0.997316479561427
76.45,0,545.021482115831,0,0.839955167560839,0.659695863545363,0.999638362037828
76.46,0,545.021482115831,0.00041494587552084,0.841195997261639,0.658224556728183,1
76.47,0,545.021482115831,0.00151680998890066,0.841383218231134,0.657726548354754,0.999794169952489
76.48,0,545.021482115831,0.00159102424057317,0.841918592090475,0.655718324368642,0.998168361873751
76.49,0,545.021482115831,0,0.83931806538158,0.654556657312361,1
76.5,0,545.021482115831,0.000248004904644791,0.83898651877824,0.657898428353661,0.998732775865332
76.51,0,545.021482115831,0.000127865956037764,0.840275873440712,0.656005633579051,1
76.52,0,545.021482115831,0.000704808868901064,0.837027784863692,0.654079490434005,1
76.53,0,545.021482115831,0.00125032843622622,0.838144417298377,0.655950014422832,1
76.54,0,545.021482115831,0.00152268492775865,0.839379762980463,0.658651699588889,0.996422460654934
76.55,0,545.021482115831,0,0.837705586034023,0.659015754897397,0.999924206443247
76.56,0,545.021482115831,0,0.837240266806235,0.656036882006639,1
76.57,0,545.021482115831,0.00139653735237918,0.838860138439138,0.658025380292914,1
76.58,0,545.021482115831,0.00274274035106765,0.839487184659596,0.65655519208259,1
76.59,0,545.021482115831,0,0.839672593623777,0.655532371466267,1
76.6,0,545.021482115831,0,0.835319741004666,0.656827993825143,1
76.61,0,545.021482115831,0.0011177451258788,0.840480994199656,0.657764802073485,0.999881971690519
76.62,0,545.021482115831,0,0.836969712172885,0.656282104410319,1
76.63,0,545.021482115831,0.000469994594103239,0.836729110034572,0.65735765534981,0.999289376318461
76.64,0,545.021482115831,0,0.835462615171102,0.656776294262452,1
76.65,0,545.021482115831,0,0.836558176952146,0.656625095248919,1
76.66,0,545.021482115831,0.00305413681018387,0.834457529017151,0.653859763936297,0.999140767135879
76.67,0,545.021482115831,0.00169589902874319,0.836670025456438,0.653687324004664,0.998973673221636
76.68,0,545.021482115831,0.000611804584007839,0.838815109494006,0.654042798423407,1
76.69,0,545.021482115831,0,0.837474715793298,0.65530664684061,1
76.7,0,545.021482115831,0,0.838558674023301,0.655019149797507,1
76.71,0,545.021482115831,0,0.835808196962298,0.653407199455637,1
76.72,0,545.021482115831,0,0.837535584202964,0.654892451994419,0.999379734417259
76.73,0,545.021482115831,0,0.834111517117361,0.653691247859698,1
76.74,0,545.021482115831,0,0.835302355227562,0.654486873673209,1
76.75,0,545.021482115831,0,0.83324289256016,0.653441564737782,1
76.76,0,545.021482115831,0,0.837047628032291,0.655809327630614,0.998800914600766
76.77,0,545.021482115831,0,0.837097542715732,0.649981119412285,0.999352135402895
76.78,0,545.021482115831,0,0.835542106005477,0.653517487544743,0.999155647434512
76.79,0,545.021482115831,0.00239730647437214,0.836028246891721,0.652661048510345,0.999885733564145
76.8,0,545.021482115831,0.000521008718348784,0.834981171341055,0.654346251099117,1
76.81,0,545.021482115831,0.000132938280880239,0.83313346122095,0.65193201743512,1
76.82,0,545.021482115831,0,0.835964283609527,0.652661435556282,0.999987003872874
76.83,0,545.021482115831,0,0.834326824399302,0.652333169168021,0.997331684753835
76.84,0,545.021482115831,0,0.834614410671857,0.650693765115179,1
76.85,0,545.021482115831,0,0.836514139762512,0.651174591130671,1
76.86,0,545.021482115831,0.00153566512703971,0.833997346715534,0.652349634569522,1
76.87,0,545.021482115831,3.32739521079018e-05,0.835360996629817,0.650019304448988,1
76.88,0,545.021482115831,0,0.83644575963171,0.653771123270782,1
76.89,0,545.021482115831,0.0017158028807377,0.835439685322019,0.652077583512274,0.999803655105701
76.9,0,545.021482115831,0.00135934969596591,0.834581565785068,0.651885905674191,1
76.91,0,545.021482115831,0.000469201743226379,0.832261078924987,0.649418148947884,1
76.92,0,545.021482115831,0.000327601993612809,0.83430725925821,0.651687779748331,1
76.93,0,545.021482115831,0.00206954821393301,0.832022337110277,0.649998454918869,0.999872684032114
76.94,0,545.021482115831,0.00123671497270505,0.833231215378984,0.65143876252287,0.998313832447735
76.95,0,545.021482115831,0.000601521695104198,0.831301769348207,0.650982727787643,1
76.96,0,545.021482115831,0.00030458345461103,0.833258456451993,0.651377969653437,0.998197287909528
76.97,0,545.021482115831,0,0.833297821356787,0.647111910765472,1
76.98,0,545.021482115831,0,0.833199996618077,0.650996631200956,0.999490619149831
76.99,0,545.021482115831,0.000198090696998333,0.830612636466385,0.64887105575685,1
77,0,545.021482115831,0,0.835338974310528,0.648421210187431,0.999172379409991
77.01,0,545.021482115831,0.00253115759076046,0.833574135756116,0.650864921949024,0.99945295404863
77.02,0,545.021482115831,0,0.835082775305855,0.647614992632148,0.997660117402499
77.03,0,545.021482115831,0,0.832378014303271,0.647945691887085,1
77.04,0,545.021482115831,0,0.83061899215011,0.647270159442793,1
77.05,0,545.021482115831,0,0.832965411507584,0.649052176469331,0.999791210806722
77.06,0,545.021482115831,5.34552345330541e-05,0.831819997213335,0.650026090467356,0.997575965232236
77.07,0,545.021482115831,0,0.831115575656545,0.648960679881648,0.99779698730467
77.08,0,545.021482115831,0.000695843573011115,0.831871449942861,0.649660434549237,0.999580785666058
77.09,0,545.021482115831,0.00165531479079312,0.832324991058541,0.647836341326141,0.999184619610593
77.1,0,545.021482115831,0,0.832515228371603,0.648013259723574,1
77.11,0,545.021482115831,0,0.831434134936727,0.645816414216033,0.997713583322064
77.12,0,545.021482115831,0.00158477554237311,0.831690502439715,0.645967744205784,1
77.13,0,545.021482115831,0,0.830848343795275,0.646472798760619,0.997623423698211
77.14,0,545.021482115831,0.000839521964536885,0.832933782164922,0.649093747321086,1
77.15,0,545.021482115831,0.00187660843235235,0.831921397221175,0.648856918708182,0.999564118148626
77.16,0,545.021482115831,0,0.831234644408909,0.644870336316171,0.999675775451645
77.17,0,545.021482115831,0.000658600370161855,0.831633348603622,0.64595709685187,1
77.18,0,545.021482115831,0.00148166492123757,0.832857332733677,0.646786808708059,1
77.19,0,545.021482115831,0.00206199056153499,0.830935956601123,0.646630884632644,1
77.2,0,545.021482115831,0,0.83017688065195,0.645615950689994,1
77.21,0,545.021482115831,0.00333178481974173,0.83201314178745,0.646058173513207,1
77.22,0,545.021482115831,0.000655034100590079,0.829449244390419,0.645541721262289,0.998727943652175
77.23,0,545.021482115831,0.0025949776047927,0.832302929764925,0.645687991058988,1
77.24,0,545.021482115831,0.00131242427299066,0.831882181904951,0.642995832202339,0.998270659801993
77.25,0,545.021482115831,0.000982167967842318,0.83241888897725,0.645655076951497,1
77.26,0,545.021482115831,0,0.830488994554551,0.644013613749766,0.999969718091752
77.27,0,545.021482115831,0.000179476703642158,0.829395461468765,0.646609021987834,1
77.28,0,545.021482115831,0.000147198872333374,0.830865849593648,0.645583133777232,0.998714693980663
77.29,0,545.021482115831,0,0.827914355809962,0.644267336666587,0.998300718099385
77.3,0,545.021482115831,0.000537177551997795,0.830508868622837,0.64600495604296,1
77.31,0,545.021482115831,0,0.83117652800433,0.646559952143004,1
77.32,0,545.021482115831,0,0.832792596041763,0.644303446865515,1
77.33,0,545.021482115831,0,0.831598226772047,0.645446549016866,1
77.34,0,545.021482115831,0.00247121014301223,0.830497634594232,0.644647646873127,0.997948113416598
77.35,0,545.021482115831,0,0.830088526701677,0.642515436851646,1
77.36,0,545.021482115831,0,0.830938925088818,0.642860707527187,0.999621131646806
77.37,0,545.021482115831,0.000346587050845923,0.82958846446382,0.644330366189403,0.99905571793442
77.38,0,545.021482115831,0.0018484410821614,0.832362544520738,0.641782382220575,1
77.39,0,545.021482115831,0.00146124752610167,0.832343424878876,0.64246074257439,1
77.4,0,545.021482115831,0,0.830759039919591,0.643194482436989,1
77.41,0,545.021482115831,0,0.830926675631167,0.643098608062294,0.998352790162206
77.42,0,545.021482115831,0.00169604275819697,0.830769398181745,0.643170744771704,1
77.43,0,545.021482115831,0.000253782695143571,0.831590359415335,0.645755077530942,1
77.44,0,545.021482115831,0.00053484475026012,0.833879169373677,0.642740292022756,0.998614365532914
77.45,0,545.021482115831,0.00155319439051255,0.832449170184732,0.643348975516727,1
77.46,0,545.021482115831,0.00138714003984869,0.831453196706946,0.640187455844868,1
77.47,0,545.021482115831,0,0.831108022702937,0.643438265625547,1
77.48,0,545.021482115831,0.00209116968122045,0.828399719212208,0.643047220628457,0.999363465922362
77.49,0,545.021482115831,0.000552920538957038,0.831041629480952,0.641587855208012,0.999946813205556
77.5,0,545.021482115831,0,0.828170157874969,0.643007073541182,0.999789806413441
77.51,0,545.021482115831,0.00188455217027082,0.832090325431434,0.646782100156158,1
77.52,0,545.021482115831,0,0.831764652420945,0.644488691340085,1
77.53,0,545.021482115831,0.000454479193941944,0.826768013419387,0.642628386239908,1
77.54,0,545.021482115831,0,0.832422018928542,0.640430143689086,0.999241311849878
77.55,0,545.021482115831,0.00131269202453436,0.829813692499257,0.640446625059242,0.998890393393465
77.56,0,545.021482115831,0,0.830623023175826,0.642942738404019,1
77.57,0,545.021482115831,0.00213831055200083,0.831903075162432,0.640994179103559,1
77.58,0,545.021482115831,0,0.831946608872873,0.640806678996811,0.998581562544933
77.59,0,545.021482115831,0,0.832137174781569,0.641570480951194,1
77.6,0,545.021482115831,0,0.831003400799718,0.643611805423611,1
77.61,0,545.021482115831,0.00148824108322082,0.833052093297474,0.643199696256993,1
77.62,0,545.021482115831,0.00023987907477991,0.830331334875763,0.643160650599894,1
77.63,0,545.021482115831,0.0019094958317989,0.83239137222244,0.643562468317592,1
77.64,0,545.021482115831,0,0.83319592530764,0.640120975504488,1
77.65,0,545.021482115831,0.00126953110552507,0.829841055506006,0.641091846812977,0.998454749694325
77.66,0,545.021482115831,0,0.833837477297957,0.643510148456618,1
77.67,0,545.021482115831,0.00147969401849874,0.832599160763529,0.641515930497184,1
77.68,0,545.021482115831,0,0.832275050439858,0.643407042512077,1
77.69,0,545.021482115831,0.00198133770292863,0.830168451181764,0.643811354394965,0.999055443051811
77.7,0,545.021482115831,0,0.831287014386628,0.644006064348853,0.998301160931524
77.71,0,545.021482115831,0,0.832688535090375,0.641007805923351,1
77.72,0,545.021482115831,0.000575284601176746,0.831897526439064,0.639426828616836,0.997708908008847
77.73,0,545.021482115831,0.000875804776508727,0.833481115024665,0.643896215807693,1
77.74,0,545.021482115831,0.000832994690248011,0.830921831878875,0.64301169696207,1
77.75,0,545.021482115831,0.00315658886639433,0.831318899264282,0.642383359056146,1
77.76,0,545.021482115831,0.000811799177615563,0.832816201863277,0.637884785750774,1
77.77,0,545.021482115831,0,0.829876259733683,0.642371992802872,0.999609359718997
77.78,0,545.021482115831,0.0017068488566559,0.832410827358007,0.639746134403054,1
77.79,0,545.021482115831,0.00087527366479107,0.835369471805248,0.64127361507097,1
77.8,0,545.021482115831,0,0.830685028169724,0.643194012248057,1
77.81,0,545.021482115831,0.000713974536750692,0.831504010843958,0.64012057007981,1
77.82,0,545.021482115831,0,0.830542229886474,0.642697953724754,0.998910354922158
77.83,0,545.021482115831,0,0.834254017358361,0.638062989110106,0.998804582908143
77.84,0,545.021482115831,0.000644409806089397,0.833727522813809,0.642469326304141,1
77.85,0,545.021482115831,0,0.835032263677449,0.64272720993694,0.99788107862005
77.86,0,545.021482115831,0,0.830302420294398,0.641237486207855,0.999136853732409
77.87,0,545.021482115831,0,0.831202323569478,0.642330165850723,0.999012654935066
77.88,0,545.021482115831,0,0.83558053865603,0.640284214908274,1
77.89,0,545.021482115831,0,0.830541983763322,0.642684809571632,0.999323178653506
77.9,0,545.021482115831,0.000103975909561127,0.83247934474746,0.642072255198494,0.999486862574016
77.91,0,545.021482115831,0,0.832032892166534,0.64337914118868,1
77.92,0,545.021482115831,6.28031263487731e-05,0.833992865459299,0.64362095769578,0.996743799346479
77.93,0,545.021482115831,0.000301466301817953,0.831605280998237,0.641131288476899,1
77.94,0,545.021482115831,0.00188191574384543,0.830896096745662,0.641037393761734,0.998948289994815
77.95,0,545.021482115831,0.00120671303678063,0.830401495857209,0.639397348625764,0.998705456003983
77.96,0,545.021482115831,0,0.833093768389235,0.642891770904209,0.999659662801938
77.97,0,545.021482115831,0,0.833140797655174,0.642431903225569,1
77.98,0,545.021482115831,0.00222414947323064,0.832295066198797,0.642694961375325,0.999047140490429
77.99,0,545.021482115831,0,0.834231390854459,0.641541829143306,1
78,0,545.021482115831,0,0.83335263125858,0.640868916209439,1
78.01,0,545.021482115831,0.00253227686896866,0.835253756302926,0.638520970329655,1
78.02,0,545.021482115831,0,0.833285346717455,0.642885067913973,1
78.03,0,545.021482115831,0,0.831972460984586,0.640830982064377,1
78.04,0,545.021482115831,0.00344723742886997,0.833158686015505,0.642621242701175,1
78.05,0,545.021482115831,0,0.8334454563602,0.643207348548496,0.999057894369061
78.06,0,545.021482115831,0.00110294186166181,0.832846975811125,0.642661286908185,0.998353115504089
78.07,0,545.021482115831,0,0.831726447063857,0.642711509579152,1
78.08,0,545.021482115831,0.00108063177668722,0.834825463339298,0.643352075021763,0.998486936764903
78.09,0,545.021482115831,0.000145651385040339,0.834842909281947,0.642151836979939,1
78.1,0,545.021482115831,0,0.833149327135143,0.643961633533893,0.999437029741429
78.11,0,545.021482115831,0,0.835869349847389,0.642627999412927,1
78.12,0,545.021482115831,0,0.83345423056968,0.644556438784135,1
78.13,0,545.021482115831,0,0.836748690462543,0.645452811489086,0.998277246967966
78.14,0,545.021482115831,0,0.838452969283875,0.645060796999144,0.998689807188506
78.15,0,545.021482115831,0.00200923295637698,0.833770459033207,0.643830355389806,1
78.16,0,545.021482115831,0,0.834806425356918,0.643030426336183,0.998185269240564
78.17,0,545.021482115831,0,0.836088108248934,0.64328701226061,1
78.18,0,545.021482115831,1.93976830098603e-05,0.833375493285577,0.642892058583089,0.998536402497478
78.19,0,545.021482115831,0,0.836417003921243,0.642670498999052,1
78.2,0,545.021482115831,0,0.835795311576786,0.644100994956418,1
78.21,0,545.021482115831,0,0.833923157389611,0.644686382864467,0.998825353267575
78.22,0,545.021482115831,0.000200892653891487,0.83507667629087,0.647662678310783,1
78.23,0,545.021482115831,0.000427967979592334,0.832341781920955,0.646132558174871,1
78.24,0,545.021482115831,0.00176571783467297,0.834511136521807,0.643812290013212,1
78.25,0,545.021482115831,0,0.836570651895017,0.644950055469253,0.998332200852598
78.26,0,545.021482115831,0,0.837195091905367,0.646135817678209,0.998196147127397
78.27,0,545.021482115831,0,0.838185766824917,0.644189046554361,0.999087686944915
78.28,0,545.021482115831,0,0.835948009444171,0.645460030671901,0.99955547651054
78.29,0,545.021482115831,0.00183374812503212,0.836121247762437,0.64497966109569,1
78.3,0,545.021482115831,0.00110150085702284,0.838362742259115,0.646224419526889,1
78.31,0,545.021482115831,3.29706578335097e-05,0.835882772697562,0.646410534657607,1
78.32,0,545.021482115831,0,0.836772603901887,0.64926013598338,1
78.33,0,545.021482115831,0.00151451389121884,0.83782351726391,0.64547516635512,0.998734151350227
78.34,0,545.021482115831,0,0.837775066106303,0.64882510041964,0.998700873019825
78.35,0,545.021482115831,0.000954643784353028,0.838394610215979,0.646619991228184,1
78.36,0,545.021482115831,0.000885569074545491,0.837896198461521,0.646815908428728,1
78.37,0,545.021482115831,0,0.836390899952767,0.645264298218628,0.998717056589234
78.38,0,545.021482115831,0,0.838454696862562,0.64782125520182,0.999992053516827
78.39,0,545.021482115831,9.23876217109796e-05,0.83935111651718,0.644590337311972,1
78.4,0,545.021482115831,0.0011839893932052,0.839116200239916,0.647741045693586,0.999530610513525
78.41,0,545.021482115831,0.000670877867555249,0.83498005299207,0.648007921355062,1
78.42,0,545.021482115831,0,0.840324142343242,0.648017297401348,1
78.43,0,545.021482115831,0.00118643951622654,0.835840404557464,0.649162804799962,0.999416749300623
78.44,0,545.021482115831,6.62572497510479e-05,0.836766971862853,0.649550180094472,1
78.45,0,545.021482115831,0.000109226379367966,0.840611607352758,0.646979179348903,0.998580093966421
78.46,0,545.021482115831,0.00212086009794548,0.83849245195333,0.652289602728837,0.999529788349159
78.47,0,545.021482115831,0,0.840435044284592,0.648394592213646,0.99976886066363
78.48,0,545.021482115831,0,0.84097956313798,0.648940809413471,1
78.49,0,545.021482115831,0,0.83774539384454,0.649971797504326,0.999235072736075
78.5,0,545.021482115831,0.000722584621737071,0.839127585953427,0.651466189523554,0.998757044515961
78.51,0,545.021482115831,0.00284085608405381,0.839523135458432,0.649149349031622,0.999735477439661
78.52,0,545.021482115831,0.00164549401725482,0.842466060118955,0.652257234104749,0.99941659367006
78.53,0,545.021482115831,0.000836096631074743,0.840259937292339,0.648691924773739,1
78.54,0,545.021482115831,0.00102546845703014,0.839576818243837,0.648288481247124,1
78.55,0,545.021482115831,0,0.841574507807391,0.648982579326816,0.999831054895176
78.56,0,545.021482115831,0,0.838863470274717,0.652860080411719,1
78.57,0,545.021482115831,0.00090048590912631,0.841363768234825,0.648941029756608,0.998465257765648
78.58,0,545.021482115831,0,0.841550168899974,0.649798669446231,1
78.59,0,545.021482115831,0,0.843432634790572,0.650095288223019,1
78.6,0,545.021482115831,0.000759439144452892,0.841080197615602,0.653335473078516,1
78.61,0,545.021482115831,0.00022518313477138,0.839344801353796,0.651720835327394,1
78.62,0,545.021482115831,0,0.84136936611722,0.651180799920417,0.999976054979976
78.63,0,545.021482115831,0.000226287742361713,0.84162168452767,0.652714970660009,0.998688722626689
78.64,0,545.021482115831,0,0.843932185012405,0.651377558430261,0.999496597448246
78.65,0,545.021482115831,0,0.844798178376195,0.650531896670197,1
78.66,0,545.021482115831,0,0.840409376156948,0.650654486498139,0.99953954225638
78.67,0,545.021482115831,0.00232372598820548,0.842075269125528,0.654354775441746,0.997593949780864
78.68,0,545.021482115831,0,0.8420915601379,0.650829142553735,1
78.69,0,545.021482115831,0.000969514868901557,0.844966837557102,0.650782434833673,0.999804753707638
78.7,0,545.021482115831,0.00177481037140637,0.840114120410709,0.654647070268106,0.99966474370713
78.71,0,545.021482115831,0,0.843955769491349,0.652025026475019,0.999164317426199
78.72,0,545.021482115831,0.00101098471576902,0.84201773016791,0.653854414480595,1
78.73,0,545.021482115831,0,0.843335052871586,0.654828961376974,1
78.74,0,545.021482115831,0,0.842167557659323,0.6523824376123,1
78.75,0,545.021482115831,0,0.845298553778656,0.653931645666006,0.999238343972831
78.76,0,545.021482115831,0.00303353664939436,0.845856324206984,0.65459440761703,1
78.77,0,545.021482115831,0,0.843515567983022,0.654326185860618,0.999236347754346
78.78,0,545.021482115831,0,0.843066219948303,0.651502578164262,0.999878212534962
78.79,0,545.021482115831,0,0.84334698664266,0.656135246065658,0.999603054842367
78.8,0,545.021482115831,0.000307126202589163,0.843426573653418,0.653664290051726,1
78.81,0,545.021482115831,0,0.844686738324741,0.65378339236479,1
78.82,0,545.021482115831,0.000134088069543445,0.844008391466156,0.65568170248001,0.999622695100222
78.83,0,545.021482115831,0,0.847708602271797,0.656558619488658,0.997829768938201
78.84,0,545.021482115831,0,0.845613398015051,0.653895217249714,0.999524787032891
78.85,0,545.021482115831,0.00286775425325969,0.842896781714178,0.653913026826901,0.99940008232819
78.86,0,545.021482115831,0.00123907119092548,0.844361512152731,0.656410506745544,1
78.87,0,545.021482115831,0.00173648351073009,0.845840895336149,0.656038492001481,0.997578991284847
78.88,0,545.021482115831,0.00150548918373411,0.848651764031476,0.654686448975348,1
78.89,0,545.021482115831,0.000923048292539466,0.84903931262665,0.655250768677066,0.997956738851291
78.9,0,545.021482115831,0.00115568928629959,0.848414857224117,0.656761515894292,1
78.91,0,545.021482115831,0,0.848429895597204,0.655285288835679,1
78.92,0,545.021482115831,0.000108232534629379,0.849200926184248,0.656047081184334,1
78.93,0,545.021482115831,0,0.848653825059115,0.657405819048219,0.999920760656713
78.94,0,545.021482115831,0.0020066372666911,0.848691880868039,0.65577004414152,1
78.95,0,545.021482115831,0.00307961640501307,0.846744957506781,0.655847464086078,0.999792148743266
78.96,0,545.021482115831,0,0.849614335636724,0.653412387626947,1
78.97,0,545.021482115831,0,0.849157780210577,0.654395607455095,0.999534279868544
78.98,0,545.021482115831,0,0.847775464547127,0.655269108614162,1
78.99,0,545.021482115831,0.00121889774426096,0.845088915602265,0.65768603752616,1
79,0,545.021482115831,0,0.848032503111432,0.654329308305191,0.999446143676487
79.01,0,545.021482115831,7.61977039464137e-05,0.851356423967211,0.656198445530913,1
79.02,0,545.021482115831,0.000371645733388689,0.848151314790539,0.657170569574626,0.999494497267769
79.03,0,545.021482115831,0,0.849250284988043,0.657058427751359,1
79.04,0,545.021482115831,0.00213929764233337,0.85313354473973,0.656657953136498,0.998764460954392
79.05,0,545.021482115831,0.00178938190766217,0.85000341468521,0.65710738555695,0.997446336616726
79.06,0,545.021482115831,0,0.85179183876792,0.655087138035892,0.999642199947323
79.07,0,545.021482115831,0.00130081594812329,0.851262995841792,0.657396282513416,1
79.08,0,545.021482115831,0,0.851187132910295,0.658617081490113,1
79.09,0,545.021482115831,0.000703985095861198,0.851325622139638,0.658938828072146,0.997739706444308
79.1,0,545.021482115831,0.000691654821958313,0.85097927911828,0.657235462061998,1
79.11,0,545.021482115831,0.000325265942363821,0.853266930506481,0.659248767983847,1
79.12,0,545.021482115831,0,0.852155046726294,0.658857695709285,1
79.13,0,545.021482115831,0,0.851512854364032,0.656798078855033,1
79.14,0,545.021482115831,0.000641774045883342,0.853260301526685,0.657113999974178,1
79.15,0,545.021482115831,0,0.854890821626526,0.65817770127665,0.998772069272269
79.16,0,545.021482115831,0.00030453584007241,0.854034933634015,0.65871030891127,1
79.17,0,545.021482115831,0,0.85510038572654,0.659430198414613,0.99914125336604
79.18,0,545.021482115831,0.000854876264941541,0.852230850301338,0.65600993090025,1
79.19,0,545.021482115831,0.000124893836290985,0.853529120499363,0.658898595543314,1
79.2,0,545.021482115831,0,0.854153566585918,0.658358178245099,0.998175101011064
79.21,0,545.021482115831,0.000207661947130539,0.853131819342904,0.659855679323395,0.998050804311442
79.22,0,545.021482115831,4.93301665321842e-05,0.852688670832017,0.65974306757059,0.998369174116744
79.23,0,545.021482115831,0.00177176810858223,0.856075441145637,0.657835767078596,1
79.24,0,545.021482115831,0,0.85655083109452,0.659389050846571,0.99884221157692
79.25,0,545.021482115831,0,0.857938203691186,0.656915963932453,1
79.26,0,545.021482115831,0.000574305196591943,0.856611910222546,0.658292017433842,1
79.27,0,545.021482115831,0.000453741416590924,0.855421216124695,0.658934511762544,0.999075734712284
79.28,0,545.021482115831,0.000277384132984253,0.85555114965489,0.658451611390335,1
79.29,0,545.021482115831,0.00245965314708985,0.856304518866501,0.658325843974524,1
79.3,0,545.021482115831,0.00110118734897534,0.853906167292124,0.65937471078736,0.997981976081352
79.31,0,545.021482115831,0,0.855067459386386,0.657247714499834,0.999969007033269
79.32,0,545.021482115831,0.00200806918952625,0.855459523022413,0.657551410186804,0.999527256237856
79.33,0,545.021482115831,0,0.859794687180062,0.656831884268147,1
79.34,0,545.021482115831,0.000652700741391802,0.86123553975223,0.657755292771781,1
79.35,0,545.021482115831,0.00212707630072198,0.856974347880549,0.659029391553459,0.997107817736809
79.36,0,545.021482115831,0,0.856741501038189,0.656302927374024,1
79.37,0,545.021482115831,0.00104659710150498,0.859712051811073,0.657896106239063,1
79.38,0,545.021482115831,0.000832838556690697,0.861595899521109,0.65833449803598,0.999708023096807
79.39,0,545.021482115831,0.000981641468577681,0.857706833005682,0.660526428709137,0.999522944778166
79.4,0,545.021482115831,0,0.856888999072757,0.659144188439165,0.999746051006794
79.41,0,545.021482115831,0.000332039044427757,0.85886513942039,0.657406058193922,0.998446506622973
79.42,0,545.021482115831,0.000287656749676165,0.859738942124101,0.662218929666924,0.999023967056187
79.43,0,545.021482115831,0.000576332704328524,0.858947085906042,0.65637939908938,1
79.44,0,545.021482115831,0,0.858979987981428,0.656950935392979,0.999172796722945
79.45,0,545.021482115831,0,0.860072722735943,0.656729711172888,0.998383978580991
79.46,0,545.021482115831,0,0.861137686177794,0.65642929249181,0.999888499851441
79.47,0,545.021482115831,0.000466539290841848,0.861257469638229,0.656523081488105,0.999770183764271
79.48,0,545.021482115831,0.000352370219277951,0.86217856206407,0.659094331649459,0.999337998245821
79.49,0,545.021482115831,0.000405289206979678,0.860492102490803,0.660810860165653,1
79.5,0,545.021482115831,0,0.86196608424498,0.656923967011289,0.997488284138901
79.51,0,545.021482115831,0.00214142940675925,0.864114938433828,0.657032423195834,0.998421170993949
79.52,0,545.021482115831,0,0.861133410760116,0.659454809384835,1
79.53,0,545.021482115831,0,0.863069519750227,0.65771087266977,1
79.54,0,545.021482115831,0,0.862470779870623,0.656817239746762,0.9988192706588
79.55,0,545.021482115831,0,0.861790706309583,0.655911089958255,1
79.56,0,545.021482115831,0.000571433328183719,0.86725088606741,0.657411277202289,0.998290155254978
79.57,0,545.021482115831,0,0.862614336870437,0.656492888764387,1
79.58,0,545.021482115831,0.000463285871210065,0.862345510904424,0.659186333438147,0.998457200806705
79.59,0,545.021482115831,0,0.864280044627164,0.658162139952338,1
79.6,0,545.021482115831,0,0.863761812829883,0.656863912980249,0.999810439710995
79.61,0,545.021482115831,0.000771915723285141,0.862264335462846,0.658172028111382,0.998954854689753
79.62,0,545.021482115831,0,0.864157090928088,0.656571237739029,1
79.63,0,545.021482115831,0,0.862933194648585,0.657134299662655,0.999880422713258
79.64,0,545.021482115831,0,0.86426376922437,0.657283953789949,0.99886042473846
79.65,0,545.021482115831,0,0.862541660024775,0.654433556023196,0.999297380340811
79.66,0,545.021482115831,0,0.866604082773697,0.657092679048609,1
79.67,0,545.021482115831,5.19338396003327e-05,0.865985261299341,0.657342816097606,0.999412555792445
79.68,0,545.021482115831,0.000837834842929178,0.86409766098477,0.656385799033902,0.998548258433712
79.69,0,545.021482115831,0,0.865499069732712,0.656394587546906,0.999147073894856
79.7,0,545.021482115831,0,0.868323671941529,0.654897272230617,0.998729091873534
79.71,0,545.021482115831,0,0.866051568595257,0.656307378558219,1
79.72,0,545.021482115831,0,0.868041571903562,0.657261082886282,0.999445840930678
79.73,0,545.021482115831,0.00334794857566906,0.864810151449185,0.655894087151166,1
79.74,0,545.021482115831,0.00301863385375915,0.867011105377795,0.655745124194304,1
79.75,0,545.021482115831,0,0.86950514303078,0.655351734061138,1
79.76,0,545.021482115831,0,0.866229608261168,0.65568428276025,0.998440344958292
79.77,0,545.021482115831,0.00115323797454132,0.866466625224186,0.654595397533822,0.999448075480774
79.78,0,545.021482115831,0.000644011040734775,0.869172716219428,0.655066695365337,0.998735903777599
79.79,0,545.021482115831,0.00114693098595193,0.871354874586254,0.655521883612466,0.998325026032992
79.8,0,545.021482115831,0.00313033276982841,0.867260731307676,0.655746760045723,1
79.81,0,545.021482115831,0,0.868117392015124,0.655566330333354,0.999447462485013
79.82,0,545.021482115831,0.00216456155167818,0.873166986049363,0.655764548550096,0.998619223821871
79.83,0,545.021482115831,0,0.871279685681688,0.653668929335905,1
79.84,0,545.021482115831,0.000819468951631574,0.868890480974466,0.653485656522234,0.999484903297133
79.85,0,545.021482115831,0,0.872279490999758,0.652999471722006,0.999354528781003
79.86,0,545.021482115831,0.000193012934227066,0.871129187984371,0.652517187227284,0.999246722737429
79.87,0,545.021482115831,0,0.870423395489381,0.654550047729288,0.999021561940079
79.88,0,545.021482115831,0.000242466179837204,0.870318094240033,0.653707355411388,0.997284935335638
79.89,0,545.021482115831,0.000877248148332027,0.872110041589343,0.653185002325944,0.998616484905229
79.9,0,545.021482115831,0.00159987525679305,0.871732796389845,0.652667658837195,0.997787815548155
79.91,0,545.021482115831,0,0.873026635632925,0.651110813509277,0.998791413062611
79.92,0,545.021482115831,0,0.873772491365513,0.652484180383126,0.99984884912346
79.93,0,545.021482115831,0.000694844812528722,0.871957092344691,0.653166037867608,1
79.94,0,545.021482115831,0,0.871061244856218,0.65208415535881,1
79.95,0,545.021482115831,0.000420766998574009,0.874904282993311,0.65485352810445,1
79.96,0,545.021482115831,0,0.871746278584458,0.652696270014604,1
79.97,0,545.021482115831,0,0.872617803511559,0.655784128325913,1
79.98,0,545.021482115831,0.00121667566019689,0.876926042068587,0.653556540821387,0.997646382383143
79.99,0,545.021482115831,7.74902700369871e-05,0.876138001862554,0.650552274210388,1
80,0.3,545.021482115831,0,0.876423323620318,0.653369820035006,1
80.01,0.3,545.021482115831,0,0.874740953549946,0.653655273021588,1
80.02,0.3,545.021482115831,0.00142891326464853,0.8730782615294,0.650862172063124,1
80.03,0.3,545.021482115831,0.000796583604006167,0.87389082775597,0.653624294222203,1
80.04,0.3,545.021482115831,0,0.876722027731811,0.648568161413243,1
80.05,0.3,545.021482115831,0.000451507196781752,0.876486318783108,0.654115047370361,0.997469407890956
80.06,0.3,545.021482115831,0.000385957657018453,0.875969350485782,0.651447355560537,0.998804959716428
80.07,0.3,545.021482115831,0,0.878917183257062,0.65024833928612,0.9981614526479
80.08,0.3,545.021482115831,0,0.877284381210549,0.650916759602269,0.999443779785643
80.09,0.3,545.021482115831,0.00132640158737877,0.876216218963836,0.6508764069465,0.999165102503982
80.1,0.3,545.021482115831,0,0.877732071111209,0.652251252117374,0.997841465814423
80.11,0.3,545.021482115831,0.000990359518113967,0.879374591648425,0.649370335803116,1
80.12,0.3,545.021482115831,0.000233932838872936,0.879817876649542,0.65343435419545,0.999815889855305
80.13,0.3,545.021482115831,0,0.87862711126954,0.650873265444566,0.996719819940033
80.14,0.3,545.021482115831,0.00139596655416121,0.877719380005593,0.6506749329092,0.998807832417238
80.15,0.3,545.021482115831,0.000727370415266324,0.878667207699282,0.649681258034748,0.999952649275047
80.16,0.3,545.021482115831,0,0.877714592916372,0.649567561445144,0.998604659507032
80.17,0.3,545.021482115831,0,0.879068878629169,0.649158236684402,1
80.18,0.3,545.021482115831,0.00186681319327269,0.880800333944369,0.645476156531691,0.998365960014192
80.19,0.3,545.021482115831,0,0.88174338767989,0.648543478942488,1
80.2,0.3,545.021482115831,0,0.879177737617965,0.647589776709942,1
80.21,0.3,545.021482115831,0,0.880100952165615,0.649133183415308,0.999342526774924
80.22,0.3,545.021482115831,0.000996086457138455,0.883533412965381,0.646742457074536,0.997402823309858
80.23,0.3,545.021482115831,0.000392522059992842,0.882940603410074,0.649130296173351,1
80.24,0.3,545.021482115831,0.00131714660516721,0.879572277411165,0.646361950361725,1
80.25,0.3,545.021482115831,0,0.881571174294598,0.646701867897647,0.998614094230812
80.26,0.3,545.021482115831,0,0.880694569978147,0.648237537726908,0.999422170151356
80.27,0.3,545.021482115831,0,0.882679879788915,0.647523353575004,0.999251600274229
80.28,0.3,545.021482115831,0.000649287384162782,0.88269437855482,0.64649659168489,1
80.29,0.3,545.021482115831,0,0.882246786781895,0.647478176694469,1
80.3,0.3,545.021482115831,0,0.883954462583267,0.6463891694071,1
80.31,0.3,545.021482115831,0,0.880941038286082,0.646442205479982,0.997543834891677
80.32,0.3,545.021482115831,0,0.883149641587205,0.64652058464314,0.998091802487247
80.33,0.3,545.021482115831,0,0.885520838784913,0.647883817142948,1
80.34,0.3,545.021482115831,0,0.883516292001552,0.644688089094842,0.998941531369088
80.35,0.3,545.021482115831,0,0.88474310256468,0.644191065066586,1
80.36,0.3,545.021482115831,0.000547194895022389,0.885145594885542,0.648055648405127,1
80.37,0.3,545.021482115831,0,0.885111690168463,0.644731777934144,0.998812921491196
80.38,0.3,545.021482115831,0,0.887060364154914,0.64438635040227,0.998406663596732
80.39,0.3,545.021482115831,0.000927734600148601,0.885374537985853,0.647186861996761,0.999879810697319
80.4,0.3,545.021482115831,0.00115404943305054,0.886109453570912,0.644589260479259,0.998842617676006
80.41,0.3,545.021482115831,0,0.885701212083069,0.648617906104148,1
80.42,0.3,545.021482115831,0.00273845880694155,0.886392517880126,0.643394330796365,0.999249013631091
80.43,0.3,545.021482115831,0.00124111145711172,0.888851439479763,0.645468367036527,1
80.44,0.3,545.021482115831,0.00147447251516606,0.885437822054887,0.645350267054727,1
80.45,0.3,545.021482115831,0.00159293458347439,0.888421993459545,0.642425107192825,1
80.46,0.3,545.021482115831,0.00239454192377559,0.887743265287511,0.6454471536154,1
80.47,0.3,545.021482115831,0.000715501388127124,0.890025245603708,0.644684553155671,0.999143379325798
80.48,0.3,545.021482115831,0.000372145422213818,0.888530244760667,0.643314851669814,1
80.49,0.3,545.021482115831,0,0.888523391118364,0.644363991935237,0.999691709768139
80.5,0.3,545.021482115831,0.00127263115177105,0.888097688653466,0.644990678208855,1
80.51,0.3,545.021482115831,0,0.889408724549497,0.644636847695118,0.999701983898081
80.52,0.3,545.021482115831,0.00290787426933241,0.890636262500394,0.645727812698074,0.998986643355158
80.53,0.3,545.021482115831,0.00101842414000714,0.890126005529113,0.641529489739892,1
80.54,0.3,545.021482115831,0.000237344593106749,0.889229925017981,0.648432839865512,1
80.55,0.3,545.021482115831,0.00172026333022884,0.888956433378849,0.643132682374735,1
80.56,0.3,545.021482115831,0.00227366468770401,0.891673555879076,0.64318424710315,1
80.57,0.3,545.021482115831,0,0.890646251283239,0.642782004752247,0.998032538532939
80.58,0.3,545.021482115831,0,0.892568465569948,0.64146566653303,1
80.59,0.3,545.021482115831,0.000827300194723392,0.891285747528044,0.644972056392793,1
80.6,0.3,545.021482115831,0.000374443768034036,0.890952400376082,0.642111526171716,0.99995529271435
80.61,0.3,545.021482115831,0.00127107536805442,0.892891171219959,0.642285447567154,1
80.62,0.3,545.021482115831,0,0.891163737378324,0.641969820867918,1
80.63,0.3,545.021482115831,0.00153197636965261,0.887075594533625,0.643739001607922,0.998041828144677
80.64,0.3,545.021482115831,0.0011744006033862,0.892544269904977,0.646643245274618,0.996974779474744
80.65,0.3,545.021482115831,0,0.891602636815868,0.639935688532261,0.999199447486551
80.66,0.3,545.021482115831,0,0.891314941538299,0.641793178052793,1
80.67,0.3,545.021482115831,1.7108907877165e-05,0.893682709608115,0.640359134064227,1
80.68,0.3,545.021482115831,0.00111751732294957,0.8947334956723,0.638836382257806,0.999279849450733
80.69,0.3,545.021482115831,0.00214248908052568,0.890985965352834,0.64305102546246,1
80.7,0.3,545.021482115831,0.00115674461295535,0.89451186307955,0.643133207803565,0.998763104602805
80.71,0.3,545.021482115831,0.00112772921535443,0.89483536167425,0.644432325298165,1
80.72,0.3,545.021482115831,0,0.894023277664913,0.640366373726157,1
80.73,0.3,545.021482115831,0.000476657147908859,0.893510649810669,0.641227402603905,0.999591869018949
80.74,0.3,545.021482115831,0,0.895263471446237,0.641499066046477,1
80.75,0.3,545.021482115831,0.000859447796189975,0.89466154155034,0.641128091589587,0.998420266838709
80.76,0.3,545.021482115831,0,0.89422286675822,0.642577564450974,0.999201616852586
80.77,0.3,545.021482115831,0,0.89811350909318,0.642060950267634,1
80.78,0.3,545.021482115831,0.000196359232161494,0.900098594526879,0.643813102213923,1
80.79,0.3,545.021482115831,0,0.895216658498732,0.640189301626817,1
80.8,0.3,545.021482115831,0,0.896579922886186,0.641767804023018,1
80.81,0.3,545.021482115831,0,0.895957573678124,0.64007026271142,0.999231466167392
80.82,0.3,545.021482115831,0,0.89699928612176,0.640795543679207,0.997983477294186
80.83,0.3,545.021482115831,0,0.893389595796037,0.640466931320023,1
80.84,0.3,545.021482115831,0.000535336262129548,0.895322761108525,0.643555200155,0.997973040304459
80.85,0.3,545.021482115831,0.00239847657447051,0.896906841590462,0.641293306528391,0.999840587098707
80.86,0.3,545.021482115831,0,0.898298809102359,0.642777658356103,1
80.87,0.3,545.021482115831,0,0.898887609769207,0.643132108752691,1
80.88,0.3,545.021482115831,0,0.89758458343263,0.641192686822881,1
80.89,0.3,545.021482115831,0.000199695655552049,0.895994152196972,0.643048330274717,0.998420478791838
80.9,0.3,545.021482115831,0.00389211548942104,0.895913727185224,0.642151838489729,0.999161177840246
80.91,0.3,545.021482115831,0.000508650248207192,0.899943961675551,0.64074488017891,0.999181078814474
80.92,0.3,545.021482115831,0.00252337913744101,0.898614313160469,0.644406962191715,1
80.93,0.3,545.021482115831,0,0.897390882799767,0.641719381452365,0.999484228960554
80.94,0.3,545.021482115831,0.000480535460759733,0.899715072535096,0.64046265200014,1
80.95,0.3,545.021482115831,0,0.897492015652991,0.642579523905708,0.998604046405223
80.96,0.3,545.021482115831,0,0.898835281678038,0.640348327308747,0.998384205564856
80.97,0.3,545.021482115831,0,0.898744594578908,0.642930090815694,1
80.98,0.3,545.021482115831,0.00245995421879742,0.900776061590485,0.641595569247883,0.998134558875078
80.99,0.3,545.021482115831,0,0.898414170341386,0.640561591157533,1
81,0.3,545.021482115831,0.00128535177589561,0.900017224787072,0.640508533301714,1
81.01,0.3,545.021482115831,0,0.903825304591135,0.6386185477877,0.998846670181744
81.02,0.3,545.021482115831,0,0.900350471970968,0.641167878434282,1
81.03,0.3,543.294582856476,0,0.900087221449407,0.642535368857104,1
81.04,0.3,542.319624174767,0.000433311193041927,0.901305390457532,0.639777306425413,0.997213864358636
81.05,0.3,541.459170654107,0,0.903944751215933,0.642247190430336,0.998572160917937
81.06,0.3,540.58590715962,0.00149770403673097,0.900380342046874,0.642978301654425,0.998093783355391
81.07,0.3,539.709130517522,0.000659130604891926,0.901692242727393,0.640572230186466,0.999253271652634
81.08,0.3,538.828667971721,0.00147814978869916,0.901087658787819,0.641287961737931,1
81.09,0.3,537.944549023973,0.00230291240708469,0.901706250862366,0.644404746023186,1
81.1,0.3,537.05684372232,0.0025683746365652,0.902646644592647,0.643547651671039,0.998980178887029
81.11,0.3,536.165618351136,0.00390942320032607,0.904444069621053,0.642634059432268,1
81.12,0.3,535.270941543458,0.00220246848095376,0.902998673899822,0.641723156240119,1
81.13,0.3,534.372883819766,0.00354570271478763,0.902256512016979,0.642805484218819,0.999338396391457
81.14,0.3,533.471517555743,0.00337107992650919,0.900771184896335,0.643691115255615,0.999491946594852
81.15,0.3,532.566916942447,0.00599694262252957,0.903570504350978,0.641809032081073,1
81.16,0.3,531.659157943756,0.00605625183780867,0.905364341299315,0.64242097898391,0.997962799569075
81.17,0.3,530.748318253399,0.0049435177683699,0.901544359619407,0.641782057387465,0.997960819510512
81.18,0.3,529.834477251299,0.00450267960418193,0.904386650469027,0.643998009563092,1
81.19,0.3,528.917715959287,0.00575446941302151,0.905150269447946,0.641071942387641,1
81.2,0.3,527.99811699621,0.00475036869742207,0.905315834613205,0.643415699574112,0.998166423414622
81.21,0.3,527.075764532462,0.00709310594215621,0.905870269206576,0.641681015312973,1
81.22,0.3,526.150744243984,0.00590697226245493,0.9052127699443,0.642528711173233,1
81.23,0.3,525.223143265734,0.00917841789816527,0.904360894967276,0.641532146100002,0.996683727241929
81.24,0.3,524.293050144692,0.00866513333927941,0.904196557048229,0.642869489655558,1
81.25,0.3,523.360554792408,0.00827599280164489,0.906762708225959,0.641901308388155,0.99916728355331
81.26,0.3,522.425748437135,0.00700824375707825,0.906402316233202,0.642953083333135,0.999938268943263
81.27,0.3,521.488723575565,0.00788607784157231,0.90742928553426,0.643020906654678,1
81.28,0.3,520.549573924229,0.0113465813606674,0.908111002206418,0.646165635734441,1
81.29,0.3,519.608394370547,0.006447885985534,0.906109106218602,0.643809650961544,1
81.3,0.3,518.665280923607,0.00911747468112497,0.908900618274555,0.643851309425522,0.995872386134114
81.31,0.3,517.720330664671,0.0100650440184866,0.907444897081028,0.644799500007305,1
81.32,0.3,516.773641697451,0.00786586011541933,0.908671955309146,0.646896371771038,1
81.33,0.3,515.825313098193,0.0101492072663687,0.906467297736987,0.643672071386697,0.99848433136729
81.34,0.3,514.875444865577,0.0146813046280235,0.909109008085656,0.64357378189883,0.999942174236926
81.35,0.3,513.924137870494,0.010914927918199,0.90760150407446,0.643604213157121,0.998351493318431
81.36,0.3,512.971493805712,0.0122289294224433,0.90817753218226,0.646217541380677,0.999718114276055
81.37,0.3,512.017615135457,0.0128288088010929,0.909087354043809,0.64493553990865,0.999904890015863
81.38,0.3,511.062605044956,0.0115129337041554,0.908466992455781,0.645248502382512,1
81.39,0.3,510.106567389958,0.0141790030126109,0.907092182823951,0.64437511149164,0.999926934390138
81.4,0.3,509.149606646268,0.0107658778272983,0.906685440802771,0.647367389040758,0.999837181340898
81.41,0.3,508.191827859321,0.0135340487832432,0.909872860019167,0.647021681681038,1
81.42,0.3,507.233336593828,0.012600755796978,0.908933534080284,0.648104897759526,1
81.43,0.3,506.274238883518,0.0135777417106621,0.908981845687516,0.646230363505528,0.999358023100632
81.44,0.3,505.314641181005,0.0131835577542746,0.907492534521234,0.646299204093822,0.99996852691753
81.45,0.3,504.354650307812,0.0163434664983948,0.908894104393051,0.646833446505516,1
81.46,0.3,503.394373404575,0.013250453029853,0.909923472439531,0.645686800456074,1
81.47,0.3,502.433917881442,0.0166395842506314,0.909760160043625,0.646723270139277,1
81.48,0.3,501.473391368729,0.0128247890632167,0.907824008526147,0.646690865708105,1
81.49,0.3,500.512901667811,0.0176451757470349,0.909495424117549,0.647113581442864,1
81.5,0.3,499.552556702307,0.0141731869310536,0.911929023928716,0.646789842582721,0.999745054678443
81.51,0.3,498.592464469573,0.0173477428707109,0.910727231071939,0.646271270025498,0.998264370857292
81.52,0.3,497.632732992524,0.0179325863455577,0.909881623412725,0.64459298962858,1
81.53,0.3,496.673470271812,0.0187072127979657,0.909805825733415,0.647852771540198,1
81.54,0.3,495.714784238383,0.0175151041545775,0.910543010559851,0.644785667029302,1
81.55,0.3,494.756782706428,0.0190001604466383,0.911695172939183,0.648040459053432,0.999802182940638
81.56,0.3,493.799573326766,0.0198478491622914,0.912017559699414,0.647093988205916,0.998566582304976
81.57,0.3,492.843263540654,0.0189908460960422,0.913573785412059,0.648181672164848,1
81.58,0.3,491.887960534072,0.019705938626017,0.909164566109598,0.646663433302831,1
81.59,0.3,490.933771192486,0.0190279844291367,0.907805534526614,0.64850595616852,1
81.6,0.3,489.980802056108,0.0193082064578756,0.910173687814133,0.649221904985294,0.998859635161103
81.61,0.3,489.029159275676,0.0212849566479894,0.912548958811828,0.648951715599569,1
81.62,0.3,488.078948568771,0.0208322680972776,0.912825636764996,0.649924498754849,0.997503385330964
81.63,0.3,487.130275176689,0.0206233395553761,0.910016623043941,0.649762633230505,1
81.64,0.3,486.183243821881,0.0225470473143905,0.913138778106785,0.648872776714337,0.999180150041007
81.65,0.3,485.237958665972,0.0213806914247158,0.912704190679077,0.64681341499234,1
81.66,0.3,484.29452326839,0.0219571503785593,0.912198434986393,0.650106523771715,0.999115377183811
81.67,0.3,483.353040545599,0.0242874682955436,0.91468776670101,0.651174883936006,1
81.68,0.3,482.413612730963,0.0241515226576802,0.914526172800549,0.649432687817337,1
81.69,0.3,481.476341335254,0.0254282303493685,0.911294989116187,0.651078354867942,0.997022621367591
81.7,0.3,480.541327107802,0.0235911181373271,0.912059324587315,0.651035482294004,0.99824056952233
81.71,0.3,479.608669998314,0.0248312720843754,0.915111005144248,0.653305585231618,0.99991432964301
81.72,0.3,478.678469119371,0.0234620651511386,0.914093816374924,0.650304854822004,0.999861654065197
81.73,0.3,477.7508227096,0.0252288287136271,0.914592582337306,0.650620039308723,1
81.74,0.3,476.825828097542,0.0246478665531709,0.911265186092614,0.651715673684881,1
81.75,0.3,475.903581666229,0.0248487358925292,0.912470756774598,0.651472452935181,0.996217398449818
81.76,0.3,474.984178818459,0.0275611693845875,0.913279331337617,0.650189297888944,0.99953600332378
81.77,0.3,474.067713942795,0.0270939233173094,0.912709017904806,0.652216665591999,0.999631622491156
81.78,0.3,473.154280380292,0.0262075842431521,0.916329100826653,0.648275925616772,1
81.79,0.3,472.243970391945,0.0255244353822259,0.913250658307624,0.653788481763359,0.998189376796016
81.8,0.3,471.336875126874,0.027449462286347,0.911837788471368,0.653086539423706,1
81.81,0.3,470.433084591259,0.0300912819095023,0.914239238548954,0.65358044344142,0.999549656656429
81.82,0.3,469.532687618008,0.0252361535245577,0.915600775897225,0.649623645490158,0.997726999560492
81.83,0.3,468.635771837176,0.0287759995484536,0.916336122389582,0.653351896681061,1
81.84,0.3,467.742423647145,0.0277544041855559,0.9156027934127,0.651815483480508,1
81.85,0.3,466.852728186538,0.0324151886974538,0.915004762291522,0.65529219388957,1
81.86,0.3,465.96676930691,0.0264036950809034,0.915834753644031,0.654378439547632,1
81.87,0.3,465.084629546184,0.0301526658772434,0.91588946053245,0.651962126535104,1
81.88,0.3,464.206390102847,0.0344338405774311,0.914738849227795,0.655451506630475,1
81.89,0.3,463.332130810904,0.0294615736913389,0.91653184141259,0.654615362308943,1
81.9,0.3,462.461930115592,0.0323967155092244,0.915188888468392,0.654533484777231,1
81.91,0.3,461.595865049852,0.0324702252781844,0.915224682039842,0.652893459810926,0.999780717060853
81.92,0.3,460.734011211557,0.0329383642118235,0.914856729106469,0.654494368550521,0.999963844495331
81.93,0.3,459.876442741491,0.0332145721112784,0.914384179885894,0.655629427686686,1
81.94,0.3,459.023232302083,0.0337034006973314,0.916584384879849,0.654145481536019,1
81.95,0.3,458.1744510569,0.0348073633133695,0.914388475766891,0.653919894248897,1
81.96,0.3,457.330168650873,0.0346040083540493,0.915613589735862,0.654308042822498,1
81.97,0.3,456.490453191277,0.0303305755640566,0.917297692225091,0.654605511742402,1
81.98,0.3,455.65537122945,0.0338189755806187,0.918194343891427,0.65533775470155,0.999589150380566
81.99,0.3,454.824987743251,0.036039655873962,0.918593105485889,0.654621194826619,1
82,0.3,453.999366120242,0.0366221320026186,0.919037513584733,0.655252352736852,1
82.01,0.3,453.17856814161,0.0354415968397975,0.916782961741142,0.655481360146578,0.997630279078497
82.02,0.3,452.362653966806,0.0331994328301457,0.916364953687883,0.654152444577524,0.997545362567464
82.03,0.3,451.551682118897,0.0374302630811067,0.91616702797728,0.654763319302696,0.999528560520941
82.04,0.3,450.745709470642,0.0362359779117189,0.913892595614068,0.654653326841919,1
82.05,0.3,449.944791231268,0.0370603777720228,0.919212446518779,0.654578417072814,1
82.06,0.3,449.148980933944,0.0373097449637921,0.918885401178673,0.651949300826703,0.99847926675804
82.07,0.3,448.358330423953,0.038086956805538,0.918565403214204,0.656759790038895,0.99908444597115
82.08,0.3,447.572889847559,0.0369818622698804,0.915505964794086,0.655023963946013,1
82.09,0.3,446.792707641538,0.0367390107534326,0.918471813205336,0.656872147644016,0.998387193105888
82.1,0.3,446.017830523406,0.038696729871624,0.918164211536578,0.656364804568905,1
82.11,0.3,445.248303482295,0.0413477693298796,0.919480906639284,0.657404565769608,1
82.12,0.3,444.484169770504,0.0406337954010969,0.916088282630371,0.657248290081328,1
82.13,0.3,443.725470895695,0.041086083460341,0.917360192868856,0.659526891723215,0.995350563751034
82.14,0.3,442.97224661374,0.0387027092766972,0.915868836055571,0.656448945370843,0.999180806372892
82.15,0.3,442.22453492221,0.0387310221693088,0.917453269588432,0.659641767613278,0.999110795868191
82.16,0.3,441.482372054482,0.0406444074246772,0.918771737967945,0.657863978615693,1
82.17,0.3,440.745792474488,0.0406600187800241,0.919237293254619,0.65705984962343,1
82.18,0.3,440.014828872073,0.0401679908918392,0.917101712208456,0.657560394022673,1
82.19,0.3,439.289512158955,0.039128006562718,0.918218484575944,0.655065894301687,0.998647519376537
82.2,0.3,438.569871465295,0.0409651158525718,0.917646104740063,0.656960024504186,1
82.21,0.3,437.855934136863,0.0426734844008957,0.916967593704967,0.659600543166979,0.999463687967304
82.22,0.3,437.147725732777,0.0437444612788375,0.916825695277636,0.65895051647812,1
82.23,0.3,436.445270023835,0.0407873203780866,0.917728262285286,0.656437891266325,1
82.24,0.3,435.74858899141,0.0445911043877166,0.919541166468791,0.658817056310891,1
82.25,0.3,435.057702826911,0.0424681007136413,0.917505214496568,0.656936391977897,1
82.26,0.3,434.372629931794,0.0431769966042958,0.918539749197107,0.65455221791651,0.99817523440581
82.27,0.3,433.693386918131,0.0435599894919751,0.919892460474043,0.654979456128326,0.997798476280638
82.28,0.3,433.019988609713,0.0429262457574562,0.918656031829097,0.658234431127833,0.999955883462205
82.29,0.3,432.35244804369,0.0443136445279486,0.917959076210981,0.659017900718477,1
82.3,0.3,431.690776472734,0.0448394806272883,0.916324458344459,0.658321666023112,0.998102764014937
82.31,0.3,431.034983367726,0.0442059547129544,0.915907822799761,0.657830164963136,1
82.32,0.3,430.38507642095,0.0458944442966496,0.917419991982586,0.66065018063609,0.99928606255874
82.33,0.3,429.741061549798,0.0474228502915771,0.917469665420428,0.656424815083928,1
82.34,0.3,429.102942900968,0.0463334157126465,0.918113772455805,0.659993029608354,0.999640587489517
82.35,0.3,428.470722855163,0.0476086973295455,0.916930136132622,0.657514257711884,0.998383820550608
82.36,0.3,427.844402032261,0.0455581495660848,0.919766893457548,0.656917581432974,1
82.37,0.3,427.223979296981,0.0469714524710432,0.918590451627058,0.655681048727001,0.999971906488145
82.38,0.3,426.609451765012,0.0488979373720783,0.91878979318125,0.656393784009496,0.999642361550524
82.39,0.3,426.000814809605,0.0491534785429428,0.91934159381263,0.661547221595343,1
82.4,0.3,425.398062068642,0.0496291219159139,0.918757307539775,0.659904256031052,1
82.41,0.3,424.801185452139,0.0471635424166522,0.918538615772989,0.659299062295257,1
82.42,0.3,424.21017515022,0.0478108820785622,0.92015495587556,0.658732343532,0.999357560617884
82.43,0.3,423.625019641517,0.0452768593634184,0.917732826959864,0.657529531419511,0.999687241200854
82.44,0.3,423.045705702025,0.0483884170745499,0.919278574244328,0.660216872100911,0.999144843878923
82.45,0.3,422.472218414376,0.0458045185911512,0.918238640744685,0.65910017223839,0.998045619080636
82.46,0.3,421.904541177549,0.0467402624210117,0.918361807890566,0.660100333223075,0.997959219388018
82.47,0.3,421.342655717009,0.0474004790279602,0.91766591933291,0.659542397066182,1
82.48,0.3,420.786542095257,0.0504661017028076,0.916699760576416,0.657479308736142,0.998268553526447
82.49,0.3,420.236178722797,0.0492529840711312,0.916851945301399,0.656534294975466,1
82.5,0.3,419.691542369522,0.0482424600114112,0.920448462964475,0.657880546451226,0.998468122347013
82.51,0.3,419.152608176491,0.0518953983748396,0.918567769306409,0.657911876870274,1
82.52,0.3,418.619349668125,0.0494909765239003,0.91882664194722,0.658045601045618,1
82.53,0.3,418.091738764793,0.0497831329805773,0.919908150466415,0.660652349644264,0.999951024932727
82.54,0.3,417.569745795795,0.0522141599639123,0.91931070868929,0.656575744669211,0.999335419827458
82.55,0.3,417.053339512737,0.0523502669531304,0.918577927861056,0.658897495566154,0.998871803348867
82.56,0.3,416.542487103295,0.0508646360496856,0.918147044064249,0.659594634987393,1
82.57,0.3,416.037154205367,0.0509359087358163,0.918432055566853,0.657042174643823,0.999931815406688
82.58,0.3,415.537304921603,0.0527882916716898,0.918912248296946,0.657805564937903,1
82.59,0.3,415.042901834317,0.0519495338072887,0.91988816722532,0.659227615943449,0.997485299382601
82.6,0.3,414.553906020773,0.051712250309162,0.917030479682119,0.658329253428833,1
82.61,0.3,414.070277068854,0.0568637167698926,0.918668120162682,0.656316775383675,0.998943055412112
82.62,0.3,413.591973093087,0.0533876835813129,0.917264154852067,0.656206864579088,0.99798121163384
82.63,0.3,413.118950751056,0.0523111205216557,0.916468184416909,0.655729549388988,1
82.64,0.3,412.651165260164,0.0531244607736367,0.917621322506721,0.658697236067313,0.998316763341686
82.65,0.3,412.188570414775,0.0546597517704709,0.919735373097407,0.658851427592003,0.999093118564714
82.66,0.3,411.73111860371,0.0529154283510453,0.917945482522721,0.659486230851131,1
82.67,0.3,411.278760828103,0.0532148036347036,0.917718061734546,0.657008224442181,0.999243422660331
82.68,0.3,410.831446719619,0.0517705633392337,0.915658342358126,0.659372385127698,0.997539700707729
82.69,0.3,410.389124559035,0.0534290812860048,0.920223743547717,0.657970000633762,0.99794043928372
82.7,0.3,409.951741295157,0.0540450202536422,0.917935212573326,0.655048526276528,1
82.71,0.3,409.519242564115,0.0530145806902518,0.918551111169073,0.658189026694451,0.998824537814122
82.72,0.3,409.091572708988,0.0558718053913874,0.917261543370886,0.658905731050555,1
82.73,0.3,408.668674799792,0.0544682893641497,0.919386488289707,0.657608084190424,0.997306941632505
82.74,0.3,408.250490653813,0.0552579606862342,0.917076909262963,0.659341044386814,1
82.75,0.3,407.836960856283,0.0562642922840537,0.916367413799682,0.658736885092766,1
82.76,0.3,407.428024781403,0.0548505446438586,0.916714366313247,0.654628171743085,1
82.77,0.3,407.023620613712,0.0543188764627833,0.917554940021832,0.656849993527003,1
82.78,0.3,406.623685369795,0.0557248757145204,0.918571738868949,0.659732896338714,0.999612347009263
82.79,0.3,406.228154920325,0.0520852284121341,0.917842043764616,0.65797771293525,0.999920027092297
82.8,0.3,405.836964012457,0.0571002344544919,0.918824502621551,0.656958132499353,1
82.81,0.3,405.450046292543,0.056890757101722,0.918466820623299,0.657177273704735,1
82.82,0.3,405.067334329191,0.0569223237271238,0.917914751515398,0.657924991519726,1
82.83,0.3,404.688759636653,0.0559802261402117,0.916651731018055,0.656428231062337,1
82.84,0.3,404.314252698543,0.0568062530088196,0.918581537905677,0.654905081524998,0.997152570046371
82.85,0.3,403.94374299188,0.0586713971543256,0.915438401795771,0.656810565380017,1
82.86,0.3,403.577159011465,0.0605551912464532,0.916460839371588,0.65698186669228,1
82.87,0.3,403.214428294577,0.0582761986331566,0.916418022589589,0.656536439068376,1
82.88,0.3,402.855477445985,0.0575540440096661,0.916447779205033,0.657517071381283,0.998771179832405
82.89,0.3,402.500232163286,0.0603328913424503,0.917476571439763,0.656660445552443,0.999577146485289
82.9,0.3,402.148617262555,0.0587955610480991,0.916766826684342,0.656559175348676,0.997863961595968
82.91,0.3,401.800556704309,0.0556624985464658,0.917243554849225,0.655092298764608,1
82.92,0.3,401.455973619777,0.0582595144160144,0.918373138327068,0.654806170806009,1
82.93,0.3,401.114790337484,0.0585892447440435,0.915973512304107,0.653510043723774,1
82.94,0.3,400.776928410128,0.0603517685715687,0.91557386975337,0.656470255838579,0.999193407957912
82.95,0.3,400.442308641764,0.0594040701538251,0.91820383083604,0.655610436996248,0.999934528952873
82.96,0.3,400.110851115276,0.0585877363166516,0.917207187250131,0.653573103644158,0.999182896394778
82.97,0.3,399.782475220149,0.0590687987958364,0.91522848719928,0.654943214169595,1
82.98,0.3,399.457099680524,0.0597396075347942,0.918271081124146,0.652736544421366,0.997509358147508
82.99,0.3,399.134642583526,0.0593434032176969,0.915665882792078,0.654632930731342,0.999865981179977
83,0.3,398.815021407888,0.0605749209960738,0.915589991425357,0.655574080749385,0.99896967689309
83.01,0.3,398.498153052832,0.0591196986542045,0.916312456746571,0.654668859083467,1
83.02,0.3,398.183953867222,0.0591716656516793,0.918410203668747,0.656146244312703,0.999686193145026
83.03,0.3,397.872339678982,0.0586211644272146,0.915261969888429,0.652052108133313,0.999844373486828
83.04,0.3,397.563225824762,0.0602508002152418,0.916721517556755,0.653254765725329,1
83.05,0.3,397.256527179867,0.0601626575376251,0.914998646052487,0.653897392412783,0.999968665262803
83.06,0.3,396.952158188407,0.061063397487486,0.91728741770787,0.652671041945199,1
83.07,0.3,396.65003289371,0.0601283672628372,0.914260183166045,0.651411574994917,1
83.08,0.3,396.350064968946,0.0608099055150139,0.917087087937868,0.653650772200186,0.99951206404398
83.09,0.3,396.052167747972,0.0591669555063146,0.91566738701112,0.653805553687191,1
83.1,0.3,395.756254256409,0.0610873798978185,0.915586981911502,0.650959863076536,0.99750511361056
83.11,0.3,395.462237242906,0.0601574208751225,0.913990716383931,0.651413818591172,1
83.12,0.3,395.170029210615,0.0635626037578741,0.914459043918828,0.653808312181731,1
83.13,0.3,394.879542448849,0.0607634321015006,0.914065078725244,0.649821144224758,0.99705654013472
83.14,0.3,394.590689064924,0.062898317896261,0.915559498671279,0.650991619157578,1
83.15,0.3,394.303381016171,0.0632167595826037,0.913588019279118,0.650001143072836,1
83.16,0.3,394.017530142111,0.061835600251123,0.913398532625913,0.65270884031054,0.997907554973858
83.17,0.3,393.733048196783,0.0625145633264869,0.916696615465439,0.652896872661084,1
83.18,0.3,393.449846881211,0.0630654470378801,0.912325916054847,0.650847377505857,1
83.19,0.3,393.167837876005,0.0633347893503104,0.914274330658828,0.652103736883298,1
83.2,0.3,392.886932874082,0.0633402111839098,0.915582783278899,0.649500432163432,0.997927303415434
83.21,0.3,392.607043613497,0.0644170150595063,0.916484656668934,0.652254610058684,1
83.22,0.3,392.328081910369,0.0608570202607481,0.914397191103942,0.650155551053113,1
83.23,0.3,392.049959691898,0.0621806400590709,0.917346128418686,0.650892626489634,0.9962277473712
83.24,0.3,391.772589029452,0.0641517667213714,0.914386311188081,0.650022602072622,0.999491389151139
83.25,0.3,391.495882171715,0.0626571338714854,0.915423283741556,0.648712055702076,1
83.26,0.3,391.219751577887,0.0649521280416091,0.913917141163693,0.649263695951766,1
83.27,0.3,390.944109950917,0.0632320705046669,0.913428696375923,0.652425847858854,1
83.28,0.3,390.668870270763,0.0623005000433099,0.913891908902551,0.64684528320852,0.999661665547073
83.29,0.3,390.39394582765,0.0640260120079059,0.915544274294233,0.649662686334462,0.999125161635169
83.3,0.3,390.119250255334,0.0634300670103166,0.914196608213039,0.648618967476103,0.999266730283066
83.31,0.3,389.844697564343,0.0628921907718749,0.914717299861808,0.648902267743722,1
83.32,0.3,389.570202175175,0.0627266134850256,0.913538423949991,0.647958473002133,0.999374343904299
83.33,0.3,389.295678951465,0.0666149014017048,0.912044743097146,0.645672048540544,1
83.34,0.3,389.021043233071,0.0631249038078879,0.912361943886901,0.649355530803669,0.998490106101041
83.35,0.3,388.746210869089,0.0663700082865162,0.913394460391528,0.647199150856946,1
83.36,0.3,388.471098250775,0.0637791554259826,0.911723477875237,0.648687937570033,0.999227946279964
83.37,0.3,388.195622344346,0.0652668002947953,0.913055641204491,0.649453496384919,1
83.38,0.3,387.919700723671,0.0637573347765298,0.91274819792197,0.647998244806967,0.998954508261616
83.39,0.3,387.643251602804,0.0630368597382618,0.911889972524731,0.647291582835074,1
83.4,0.3,387.366193868368,0.0677714881211045,0.912220407588209,0.647884752367163,1
83.41,0.3,387.088447111756,0.0640554023522039,0.910259801983566,0.647751070783215,1
83.42,0.3,386.809931661151,0.0651805565020655,0.912037642476813,0.647038841956653,0.997399292914341
83.43,0.3,386.530568613325,0.068559729737351,0.913647124350847,0.646642840189581,1
83.44,0.3,386.250279865217,0.067477494942495,0.911232234952787,0.647447813913846,0.999575597176619
83.45,0.3,385.968988145272,0.066533286793875,0.912401066894831,0.646677157305534,1
83.46,0.3,385.686617044513,0.0658574792716457,0.912748407120034,0.645312212872884,1
83.47,0.3,385.403091047343,0.0670780911016235,0.909676290089067,0.644131399502295,0.998736399228409
83.48,0.3,385.118335562043,0.0647709768881083,0.911616955705352,0.644789597588731,1
83.49,0.3,384.832276950968,0.0659095659354104,0.908594631537235,0.645007204095646,1
83.5,0.3,384.544842560406,0.0682114204174174,0.909916108562861,0.646516584536472,1
83.51,0.3,384.25596075009,0.0669393414294035,0.911015635530063,0.645726685339582,1
83.52,0.3,383.965560922355,0.0678314946590941,0.911086151799149,0.64518812901414,1
83.53,0.3,383.673573550903,0.0672570755843653,0.909765190889783,0.646851139857234,1
83.54,0.3,383.379930209169,0.069120298258866,0.912369088308433,0.644460577194711,1
83.55,0.3,383.084563598277,0.0656341723499347,0.910211590073293,0.647002760491524,0.999697074890423
83.56,0.3,382.787407574558,0.0662494299350641,0.909696412401798,0.645320807870397,1
83.57,0.3,382.488397176616,0.0652587874104664,0.908176683225289,0.645595703109419,0.999696677385221
83.58,0.3,382.187468651924,0.0673406979748857,0.909511528993573,0.645658475643831,1
83.59,0.3,381.884559482949,0.069847812085159,0.910996040630811,0.64603379077691,1
83.6,0.3,381.579608412747,0.0658041367368814,0.909048818531163,0.644837813382611,0.998180698227757
83.61,0.3,381.272555470072,0.0695880578549801,0.909570200657043,0.645953686672193,0.997494544916731
83.62,0.3,380.963341993921,0.0672658280555591,0.908722490539933,0.646227413508376,1
83.63,0.3,380.651910657548,0.0704903985996325,0.911085269847375,0.645740522258987,0.997530312331457
83.64,0.3,380.338205491903,0.0666870221418691,0.907174235950002,0.642536031126925,0.999207500527766
83.65,0.3,380.022171908482,0.068500204311539,0.908528568980336,0.642760573811525,0.998950852957388
83.66,0.3,379.703756721589,0.0708618850738778,0.909975668375157,0.643295384571058,0.997835174693784
83.67,0.3,379.382908169973,0.0692484526757093,0.905983278167747,0.644103429116379,0.998821289285328
83.68,0.3,379.059575937848,0.0674325357088731,0.908699062635052,0.643197980473046,1
83.69,0.3,378.733711175257,0.0682462684307707,0.910049096670113,0.646700555655357,0.99978852934869
83.7,0.3,378.405266517788,0.0683723765987831,0.907905760637259,0.643169130287625,1
83.71,0.3,378.074196105607,0.0718415791478952,0.905808509668321,0.64299129490419,1
83.72,0.3,377.74045560182,0.071293436064943,0.908033249163739,0.643422296186047,1
83.73,0.3,377.40400221012,0.0698097094148929,0.906038450595256,0.642132972232274,1
83.74,0.3,377.064794691736,0.068780087022152,0.906471982236489,0.640769190687172,0.999305404982929
83.75,0.3,376.722793381647,0.0707571932093003,0.905085688443324,0.644535468282826,1
83.76,0.3,376.377960204071,0.0704151012728912,0.905451121347731,0.639959160179045,1
83.77,0.3,376.030258687194,0.0703095235800145,0.90814698555828,0.642241905999657,1
83.78,0.3,375.679653977152,0.0682976199987979,0.903172239375737,0.645523973553082,1
83.79,0.3,375.326112851236,0.0680660366375261,0.903137031647217,0.642672557146954,0.999520240920016
83.8,0.3,374.969603730324,0.072292253035453,0.904796802488666,0.643804763591724,0.9990891893654
83.81,0.3,374.610096690514,0.0707201516442315,0.904727110290998,0.646169215150909,1
83.82,0.3,374.247563473977,0.0707265502756203,0.905200765290268,0.641092294258949,0.999469942323402
83.83,0.3,373.881977498986,0.0732704097915925,0.901562782401801,0.641675154707536,0.997589824517917
83.84,0.3,373.513313869141,0.0724107843447771,0.904229486922234,0.644715400522672,0.99940455861393
83.85,0.3,373.141549381771,0.0711590381985949,0.903049243942108,0.644606877766205,1
83.86,0.3,372.766662535505,0.072860538435096,0.9038490279316,0.642679619545021,1
83.87,0.3,372.388633537014,0.0723826131442499,0.900826326916715,0.641481626465843,0.998321908358365
83.88,0.3,372.007444306909,0.0759465947620514,0.900493243852023,0.641533282893573,1
83.89,0.3,371.623078484797,0.072660404536778,0.905070336226173,0.643498476760226,1
83.9,0.3,371.235521433481,0.0742095872123534,0.902689612194274,0.644401539764119,0.99816897631065
83.91,0.3,370.844760242324,0.073688331077591,0.90353553265598,0.642000275156524,0.995723482356722
83.92,0.3,370.450783729731,0.074259261235526,0.902908496278726,0.639948778618595,1
83.93,0.3,370.053582444804,0.0697770456668442,0.89960805232504,0.639730130849686,0.999478820558632
83.94,0.3,369.653148668106,0.0749736700761083,0.902954122573531,0.641754446133127,0.999278873498839
83.95,0.3,369.249476411586,0.0760734450072139,0.902384914258322,0.64044311873073,1
83.96,0.3,368.84256141763,0.0720331289274343,0.90135131098035,0.639866422039122,0.99879986073461
83.97,0.3,368.43240115726,0.0752403669862529,0.901329753970592,0.641513011247748,0.998788490202743
83.98,0.3,368.018994827455,0.0731306929033943,0.901308156957077,0.639517896605282,1
83.99,0.3,367.602343347638,0.0794284396778189,0.90174617997938,0.640377643482888,1
84,0.3,367.182449355278,0.0721045053621723,0.899980166087817,0.640161639673779,1
84.01,0.3,366.759317200658,0.0763788053054305,0.899755151947634,0.641407489404834,1
84.02,0.3,366.332952940782,0.0770141383504842,0.899371338009248,0.64014728661906,1
84.03,0.3,365.90336433243,0.0737100060794071,0.901904109333961,0.64133445060478,0.999721670663497
84.04,0.3,365.470560824387,0.0744661485062145,0.900127914973539,0.640795875705338,0.998931324030684
84.05,0.3,365.034553548815,0.0758854313291452,0.899908172221075,0.641333573861652,1
84.06,0.3,364.595355311806,0.0760234215710511,0.900465830285419,0.641402766459532,0.998711146192181
84.07,0.3,364.152980583107,0.0759557393546781,0.899056584407855,0.642009445758894,1
84.08,0.3,363.707445485024,0.0773001923181436,0.89670298690333,0.639766499767497,1
84.09,0.3,363.258767780522,0.0786583513992176,0.895902369693896,0.642090109752478,1
84.1,0.3,362.806966860515,0.0756250420908368,0.901421334747484,0.643114108653544,1
84.11,0.3,362.352063730378,0.0790429532891171,0.898764276446846,0.643549143005896,1
84.12,0.3,361.894080995655,0.0774470420010842,0.897985075530767,0.64002313083893,0.998925882191305
84.13,0.3,361.433042847014,0.0789925110850653,0.89845701242955,0.64384646516522,1
84.14,0.3,360.968975044434,0.0781651704400819,0.898785901947877,0.641266963504777,1
84.15,0.3,360.501904900634,0.0790477599856228,0.89773332034836,0.643223749052181,1
84.16,0.3,360.031861263774,0.0811223050255143,0.899858472846005,0.643499216203683,1
84.17,0.3,359.558874499423,0.0796864366099127,0.895872121443943,0.6394706890294,1
84.18,0.3,359.082976471819,0.0789412239132278,0.897438505852885,0.641178136985592,1
84.19,0.3,358.60420052442,0.0806396778042141,0.896765240905017,0.640039181091299,1
84.2,0.3,358.122581459785,0.0808628871255057,0.894634796230419,0.643179607381398,0.999667175609684
84.21,0.3,357.638155518765,0.0799868641681915,0.897128175178825,0.642025897720573,1
84.22,0.3,357.150960359054,0.080522957428758,0.895026540123482,0.641786263835421,1
84.23,0.3,356.661035033087,0.0792340187610252,0.89393129415289,0.640910049120193,0.998315183924251
84.24,0.3,356.168419965319,0.0786610415270955,0.894692579970396,0.64233296295442,1
84.25,0.3,355.673156928894,0.0807541255571313,0.894219058972553,0.640735341128322,0.998283767500352
84.26,0.3,355.175289021716,0.0794358955391651,0.892727568098917,0.641268983911982,1
84.27,0.3,354.674860641953,0.0803713901128716,0.896202355307856,0.641655001544113,0.998096272042245
84.28,0.3,354.171917462979,0.0813986275863385,0.893029302240823,0.642504764005324,0.998893183321575
84.29,0.3,353.666506407767,0.0826395764837272,0.895382904766543,0.641747898965566,0.9987811518542
84.3,0.3,353.158675622776,0.0831659671804945,0.895349393354196,0.642697483341484,0.999833362140365
84.31,0.3,352.648474451319,0.0832920525691381,0.896759103452238,0.644285721402436,0.999117762930471
84.32,0.3,352.135953406447,0.0827861203853722,0.893080098649881,0.644435527772531,0.999839747209463
84.33,0.3,351.621164143373,0.0828971020300421,0.893894818371823,0.641107605185583,1
84.34,0.3,351.104159431442,0.0837417180449064,0.891456889787745,0.641227806274358,0.999011101754031
84.35,0.3,350.584993125674,0.0837709870326861,0.890541433789408,0.643700875803517,0.999112794989256
84.36,0.3,350.063720137891,0.0848296881916179,0.89193974575124,0.643224256622466,0.998991573970572
84.37,0.3,349.540396407467,0.0853108151152812,0.893221301148143,0.644174910653094,1
84.38,0.3,349.015078871692,0.0847222101701489,0.893059065916744,0.642465142029798,1
84.39,0.3,348.487825435801,0.083817552105567,0.892505280500832,0.643118940953887,0.99927169725867
84.4,0.3,347.958694942658,0.0851886162192381,0.891362058929241,0.643386597377361,1
84.41,0.3,347.427747142144,0.0850205988515743,0.88932474202139,0.643007314526652,1
84.42,0.3,346.895042660239,0.0846401345566428,0.889310592010967,0.6417789213731,1
84.43,0.3,346.360642967853,0.0857110531346168,0.891001662859232,0.644219238853825,0.998628865216731
84.44,0.3,345.824610349384,0.0869434640285037,0.888612521478019,0.643156210901647,1
84.45,0.3,345.287007871073,0.0882542054244904,0.890236983730228,0.643567621759241,0.998979244228744
84.46,0.3,344.747899349121,0.0884367584149965,0.888334185065682,0.646662928054672,1
84.47,0.3,344.207349317648,0.0850624727322661,0.887605480035318,0.646896086689946,1
84.48,0.3,343.665422996454,0.0856384115428792,0.886934580363757,0.643979010971299,1
84.49,0.3,343.122186258649,0.0858940854889297,0.887741875180112,0.647714242014433,1
84.5,0.3,342.577705598154,0.0885931999369066,0.887580165214811,0.644260472934222,0.998504939207318
84.51,0.3,342.032048097079,0.0915280764172487,0.888628547691736,0.644481015323041,0.998011537212246
84.52,0.3,341.485281393028,0.087956680798766,0.887739437410888,0.644554986185619,0.998806567318965
84.53,0.3,340.937473646326,0.0871112002948958,0.887327515442044,0.648314720173634,1
84.54,0.3,340.388693507199,0.0900973233182278,0.887199694692247,0.649759809326747,0.998544739061324
84.55,0.3,339.839010082917,0.0918205196226764,0.886793181429363,0.644526018690947,1
84.56,0.3,339.288492904936,0.0909605279396094,0.887144590959455,0.645882510215541,0.999655080762411
84.57,0.3,338.737211896038,0.0893469265339682,0.888607594595754,0.648561773426734,1
84.58,0.3,338.185237337499,0.0880232384666108,0.886266800524975,0.64540199828616,0.999259306965775
84.59,0.3,337.632639836304,0.0879317077505352,0.887399528112798,0.644631347379887,0.997724272215981
84.6,0.3,337.07949029242,0.0909346725575765,0.884349807161457,0.645069580897982,0.999923790672271
84.61,0.3,336.525859866156,0.0913397866974269,0.885450355781002,0.646179988454285,0.999862388196814
84.62,0.3,335.971819945608,0.0947213730510846,0.883503968211411,0.647793859394401,0.999795135850963
84.63,0.3,335.417442114235,0.0905545753723425,0.888067800672591,0.642537112626133,0.999945082056223
84.64,0.3,334.862798118554,0.093838547504023,0.8852632624772,0.647766821502951,1
84.65,0.3,334.307959835989,0.0947520209562617,0.885537113646724,0.644994952741934,1
84.66,0.3,333.752999242885,0.0904087657543787,0.884594636327743,0.649580902051425,1
84.67,0.3,333.197988382701,0.0918500587998742,0.883698391543579,0.649768602774704,0.998131179919086
84.68,0.3,332.642999334403,0.0946996537380713,0.882788057040706,0.647499000605716,1
84.69,0.3,332.088104181058,0.097377102454465,0.884531440325295,0.646812068380735,0.999307287420766
84.7,0.3,331.533374978672,0.0960208947498833,0.885715940425245,0.649234393923294,0.997743985600906
84.71,0.3,330.978883725251,0.096207357101687,0.883331598260064,0.646060189973008,1
84.72,0.3,330.424702330129,0.094193467042871,0.881203447768125,0.648227814397239,0.999659578617898
84.73,0.3,329.870902583559,0.093369153679549,0.879795223301527,0.646975385399714,0.999770187499877
84.74,0.3,329.317556126585,0.0950123438161517,0.883292256544125,0.647571552419994,0.999199585889786
84.75,0.3,328.764734421214,0.095398863127639,0.880363225814786,0.649696857060989,0.99898222886151
84.76,0.3,328.212508720887,0.0971778066126617,0.880412896178014,0.647470725251023,1
84.77,0.3,327.660950041278,0.0965269809512326,0.881405010037523,0.64817588385018,1
84.78,0.3,327.110129131419,0.0985222237514107,0.880432075744476,0.647785399551049,1
84.79,0.3,326.560116445161,0.0979173763215067,0.877888680590078,0.647390941479223,0.999133152143682
84.8,0.3,326.010982113,0.0984475925910454,0.880301052245571,0.648389340896824,1
84.81,0.3,325.462795914255,0.097896654570552,0.88131296189003,0.649154086062563,1
84.82,0.3,324.915627249623,0.0982829011818005,0.880352592330933,0.649514356917361,1
84.83,0.3,324.369545114116,0.0989881763825257,0.879148319241262,0.64886556891829,1
84.84,0.3,323.824618070384,0.0966827648562593,0.880181691524103,0.649303773967918,0.999684650585124
84.85,0.3,323.280914222451,0.0998041462867146,0.876085582937196,0.65065129444151,1
84.86,0.3,322.738501189836,0.0993141242744789,0.877598224292407,0.6513899784489,1
84.87,0.3,322.197446082112,0.0992300795459426,0.880111410022321,0.651359997851556,0.998395169553334
84.88,0.3,321.657815473873,0.100548793160022,0.877771253191914,0.650287827026442,1
84.89,0.3,321.119675380133,0.100445265067243,0.876685637241339,0.651126335494773,1
84.9,0.3,320.583091232165,0.0996811945293203,0.876114255724476,0.649987828763353,1
84.91,0.3,320.048127853774,0.0992658991910612,0.878251432381301,0.652948509223127,0.997370288614173
84.92,0.3,319.514849438027,0.102830407902473,0.876913593444822,0.650483924311389,0.998376968889732
84.93,0.3,318.983319524421,0.101734083438522,0.876064192406648,0.65309545727173,1
84.94,0.3,318.453600976523,0.103207857079239,0.877868258826991,0.653698913815692,1
84.95,0.3,317.925755960056,0.101544566783849,0.876913184416445,0.650128730268103,0.999029921915141
84.96,0.3,317.399845921465,0.103070935922615,0.87514149107349,0.651060081477466,1
84.97,0.3,316.875931566939,0.101752141038675,0.877254512788312,0.649912960470786,0.996748071187509
84.98,0.3,316.354072841909,0.101501225970768,0.876453953686534,0.654389623334209,1
84.99,0.3,315.834328911024,0.1020842197724,0.875994268204309,0.651237539236249,1
85,0,315.316758138596,0.104036722739325,0.874292524446105,0.656772563297216,0.999102415523065
85.01,0,314.801418069527,0.104627370139553,0.873303208012119,0.652293132798775,1
85.02,0,314.288365410722,0.103019501511,0.876989666260699,0.654653380289167,0.99903937066103
85.03,0,313.777656012975,0.105131097130941,0.875356036794264,0.654462191769485,1
85.04,0,313.269344853335,0.106982974057325,0.874143626454906,0.652410411581236,1
85.05,0,312.763486017974,0.103765301617054,0.874099032661434,0.653665918954217,0.999635705029508
85.06,0,312.260132685509,0.105163536574395,0.871730354429455,0.655756867770012,1
85.07,0,311.75933711084,0.108174585613441,0.872708265920367,0.654268654481387,1
85.08,0,311.261150609439,0.104924142252742,0.874667301267533,0.652504628014969,0.998922101022862
85.09,0,310.765623542152,0.107216333474985,0.875319296290985,0.65685400419714,1
85.1,0,310.272805300457,0.105186566301771,0.869843031531586,0.659760320572266,0.997433867600906
85.11,0,309.782744292221,0.10852679720334,0.873732042097965,0.651687617576591,0.998828403191143
85.12,0,309.295487927921,0.108333209372167,0.871002912918096,0.655745170417944,1
85.13,0,308.811082607363,0.107293919480916,0.869995410583754,0.654206319183396,1
85.14,0,308.329573706852,0.107554526844017,0.869835610437085,0.652930135225032,0.999091926661635
85.15,0,307.851005566855,0.107298105595856,0.869830596054912,0.654855631916176,1
85.16,0,307.375421480125,0.110171684756243,0.872339843508521,0.654796595351734,0.999498065024281
85.17,0,306.902863680301,0.107431460131392,0.869253286343196,0.656219331373669,0.998455788069
85.18,0,306.433373330966,0.109912727636309,0.869457054131958,0.653727954963008,1
85.19,0,305.966990515175,0.107469217065625,0.869865402699317,0.656272078663857,0.998623558400739
85.2,0,305.503754225441,0.111300379044756,0.86998356277696,0.656210526406345,1
85.21,0,305.043702354179,0.112451710677527,0.869456479644509,0.655826322590924,0.999385342482954
85.22,0,304.586871684598,0.109983843837966,0.86797166227431,0.655941175240022,0.999889128221753
85.23,0,304.133297882051,0.108741263018357,0.867792125174319,0.657205568874089,0.998097366821633
85.24,0,303.683015485827,0.112417505790629,0.867927407575689,0.654394464170472,1
85.25,0,303.236057901389,0.112642126623013,0.865726389859762,0.658398987270816,0.999438698584035
85.26,0,302.792457393045,0.109368302598114,0.869807189526175,0.659342179425942,0.999505089703308
85.27,0,302.352245077058,0.109945834392447,0.86639661678454,0.658163414527633,1
85.28,0,301.91545091519,0.112620262665939,0.864810034568533,0.65485899014718,1
85.29,0,301.482103708666,0.113512828893731,0.865318690560011,0.657481578863852,1
85.3,0,301.052231092561,0.115030336975866,0.866093453201187,0.657310885986305,1
85.31,0,300.625859530616,0.111690180279017,0.868827943393432,0.655935833219787,0.997547783973553
85.32,0,300.203014310452,0.115332003011027,0.865269221861799,0.654988007968287,1
85.33,0,299.783719539203,0.114069748787434,0.864878904766955,0.659892613970984,1
85.34,0,299.367998139556,0.115058690056417,0.864528418532703,0.657794275776743,0.996887240204864
85.35,0,298.955871846186,0.115044710745154,0.866283974726428,0.659174196370939,0.999452003723317
85.36,0,298.547361202592,0.11382335099737,0.864879265972458,0.659072847611541,0.999938962520942
85.37,0,298.142485558321,0.114701503221338,0.864847945108357,0.65487168367296,0.999798476097778
85.38,0,297.741263066583,0.113995721401788,0.864689033874694,0.657503003921381,0.999075687115401
85.39,0,297.34371068225,0.11726952003876,0.863693717758837,0.66027224462633,0.999851543313301
85.4,0,296.949844160226,0.114422985601187,0.864175436169109,0.65846312243013,0.999587550439674
85.41,0,296.559678054208,0.115660269197895,0.863421739842308,0.657110525841415,0.999452006441707
85.42,0,296.173225715796,0.114343138298046,0.861428409638446,0.656524185720018,1
85.43,0,295.790499293987,0.115909151559187,0.865049505896647,0.658888140544566,0.997712805838766
85.44,0,295.411509735021,0.117558587396008,0.862768582582656,0.65843368287303,0.999393217657739
85.45,0,295.03626678259,0.118359178933422,0.862762293423486,0.657154499302768,1
85.46,0,294.664778978391,0.116628569261151,0.862802575388932,0.657200083981935,0.998467621892907
85.47,0,294.297053663044,0.117984352458206,0.859995224069349,0.658393848035514,1
85.48,0,293.933096977341,0.119035053426416,0.862274002218695,0.659926646354121,1
85.49,0,293.572913863843,0.120015325848861,0.860253600246199,0.66019254587406,1
85.5,0,293.216508068813,0.116389383166241,0.861616604898825,0.659139848748674,0.999903687675323
85.51,0,292.863882144489,0.116657738551988,0.861915703729276,0.658485529052842,1
85.52,0,292.515037451675,0.119259153911618,0.860666212323989,0.66049730726756,1
85.53,0,292.169974162669,0.116737513313374,0.859472341493657,0.659324589754056,0.99839000383231
85.54,0,291.828691264514,0.11789149643436,0.861086149208936,0.656255853673575,1
85.55,0,291.491186562561,0.118797341256281,0.861415206402215,0.659091760184695,1
85.56,0,291.157456684356,0.118247548683135,0.86334346057582,0.659002877448093,0.999281868127053
85.57,0,290.827497083836,0.119599982613903,0.86169360346985,0.659416023303961,0.997565224175043
85.58,0,290.549597674845,0.119984781711258,0.85873910051984,0.661374351496021,1
85.59,0,290.531467242814,0.118331291122513,0.8574134974891,0.658724169313857,1
85.6,0,290.526224377717,0.118652704334342,0.859907934369059,0.659911142712466,1
85.61,0,290.520709493966,0.119487152895398,0.862121892120488,0.658619354873073,1
85.62,0,290.520709493966,0.122824129924111,0.858855193752093,0.658605520649242,0.999489046594943
85.63,0,290.520709493966,0.11797433254627,0.860983641193608,0.658390191297713,0.999925481458471
85.64,0,290.520709493966,0.11917494930572,0.857813422168729,0.657396744278747,1
85.65,0,290.520709493966,0.119404759385777,0.857472366787555,0.658679891992416,1
85.66,0,290.520709493966,0.120234766559276,0.858249328878244,0.655818846762307,0.999140176640496
85.67,0,290.520709493966,0.120274640685202,0.857482341183122,0.658193884175497,1
85.68,0,290.520709493966,0.121835031924912,0.85616631824017,0.658826135617295,1
85.69,0,290.520709493966,0.120252755811661,0.856268454977464,0.657722736577417,1
85.7,0,290.520709493966,0.118511357768164,0.855213963497262,0.659329618667602,0.999763186540869
85.71,0,290.520709493966,0.120846995041726,0.854670734523262,0.65822238327838,1
85.72,0,290.520709493966,0.120662111773165,0.853976846321809,0.657042311176564,1
85.73,0,291.566122183605,0.119667242529777,0.855752747524454,0.660902658571943,0.998931884548676
85.74,0,292.065157619079,0.118830373461491,0.854086710903457,0.655725608308694,0.9987514053231
85.75,0,292.579741009489,0.119443388634941,0.855851837897772,0.658198255372541,1
85.76,0,293.10162875963,0.118320313415324,0.854479593820005,0.657931738589956,1
85.77,0,293.627127366925,0.116824481440529,0.854752507677456,0.658667871286213,0.998857957993809
85.78,0,294.156766836653,0.117521783729695,0.853064019181425,0.659012477066591,0.999533298712836
85.79,0,294.690499492523,0.116034295894386,0.854714583776535,0.656517180535815,0.997978924701796
85.8,0,295.228325162066,0.117779966460549,0.854449464589774,0.658967366349362,1
85.81,0,295.77023968723,0.11458268613813,0.857013597237905,0.658655016155017,1
85.82,0,296.316237738712,0.11609245213418,0.855555168437719,0.660660059647968,0.99682310556956
85.83,0,296.866312764979,0.116452219967875,0.852924022974504,0.657432644966768,0.998386787499568
85.84,0,297.420456977874,0.115412718934966,0.854901012007912,0.656158751563882,1
85.85,0,297.978661351586,0.115623164798336,0.854149491888026,0.658024884214236,0.999039150152
85.86,0,298.540915620094,0.114757346412679,0.852915846484725,0.658556083190704,0.9981875157442
85.87,0,299.107208275144,0.112557513674091,0.849546795314601,0.65816336168608,0.999476221242055
85.88,0,299.677526564605,0.113186948065249,0.851810486929131,0.658892244037453,1
85.89,0,300.251856491215,0.110097486204897,0.851963603920764,0.656414001191935,1
85.9,0,300.830182811716,0.111469800528252,0.851610988084866,0.658630142617277,0.99897781276781
85.91,0,301.412489036393,0.115318437032972,0.853086306701442,0.655193794185796,0.999101138110467
85.92,0,301.998757429022,0.111393159615777,0.851543260560819,0.654020355516105,1
85.93,0,302.588969007221,0.112569876917479,0.848661405548558,0.655264630427056,1
85.94,0,303.183103543233,0.110555815662369,0.849632795343312,0.650588719617169,1
85.95,0,303.781139565118,0.110852751869323,0.849935909112946,0.657524369410592,1
85.96,0,304.383054358389,0.11103097020131,0.853322741278443,0.656039840492086,1
85.97,0,304.98882396807,0.10831304774405,0.852282023275676,0.654641140302721,1
85.98,0,305.598423201212,0.110655802520174,0.849208117025917,0.656734919660738,1
85.99,0,306.211825629842,0.108646448261957,0.851271829985168,0.657584352657113,0.998742057393781
86,0,306.829003594376,0.10869562820405,0.850071701278063,0.653622962128668,1
86.01,0,307.449928207485,0.108061195747973,0.849983766897443,0.656864576880082,1
86.02,0,308.074569358429,0.109206828183356,0.850241665499403,0.655623120968265,1
86.03,0,308.702895717863,0.11107981100148,0.850820872156403,0.658523057284815,1
86.04,0,309.33487474312,0.108919872140355,0.847096827914053,0.65558811805749,0.999192815091065
86.05,0,309.970472683967,0.106083555512687,0.847418781145509,0.657034528021562,0.999968947453198
86.06,0,310.609654588864,0.107364649587739,0.848408882726128,0.654123308110178,1
86.07,0,311.252384311702,0.108121278031853,0.84948368720506,0.655774324004452,0.999045557864466
86.08,0,311.898624519043,0.106452017272489,0.848009528206931,0.654099435611954,0.998784948025517
86.09,0,312.548336697869,0.105056953957743,0.844530368550634,0.654845746158438,1
86.1,0,313.201481163825,0.105769623789378,0.846089558081434,0.655410948504829,0.999842969775106
86.11,0,313.858017069989,0.104210127375281,0.847314421435691,0.653485413592081,0.998517084969438
86.12,0,314.517902416149,0.107915460808746,0.847272395267548,0.654399387548176,1
86.13,0,315.181094058605,0.102773166030432,0.84466162246645,0.654249120933575,1
86.14,0,315.847547720492,0.1026106671578,0.843578056592775,0.653502661048125,1
86.15,0,316.51721800264,0.105466279278308,0.844876443407462,0.652776719869753,0.996943084214531
86.16,0,317.19005839496,0.102299513339661,0.844678091381122,0.654221704706814,0.999425383170362
86.17,0,317.866021288368,0.101755800793688,0.844941161008926,0.653170573297051,1
86.18,0,318.545057987247,0.103125762127587,0.845957387810393,0.656638178616101,0.999241477344582
86.19,0,319.227118722457,0.0993344784468461,0.843697429817503,0.652596382648755,0.998221944483969
86.2,0,319.912152664883,0.0991106217047883,0.846314955621442,0.653486083729527,1
86.21,0,320.600107939534,0.100293119414975,0.844277735182034,0.65396488810209,1
86.22,0,321.290931640193,0.101811451881342,0.845386967860592,0.65235390562512,1
86.23,0,321.984569844611,0.0996882304308798,0.844493000610407,0.652397322942715,1
86.24,0,322.680967630268,0.101219595291729,0.844249275145021,0.652291985441606,0.999227253340939
86.25,0,323.380069090668,0.10231927762321,0.844174696716357,0.649314639549164,1
86.26,0,324.081817352208,0.0988042504490534,0.84340514186335,0.651382318770274,0.997829751437488
86.27,0,324.786154591592,0.098496923519739,0.843295164872477,0.64984227067493,1
86.28,0,325.4930220538,0.0963669466896418,0.844715399939588,0.653745371953229,0.998440508827739
86.29,0,326.202360070613,0.0973005620573459,0.840905051344848,0.652294837680792,1
86.3,0,326.9141080797,0.0989344988865428,0.841151143643893,0.651140614705371,1
86.31,0,327.628204644243,0.0967291890427253,0.843242891009453,0.652352001189385,1
86.32,0,328.344587473129,0.0971604891972053,0.845494041740718,0.651662285318088,1
86.33,0,329.063193441679,0.0971870237226419,0.842388464238461,0.651742642899514,0.999599311460891
86.34,0,329.783958612938,0.094432828910322,0.844671084967418,0.647476807140841,1
86.35,0,330.506818259495,0.0935244247594669,0.840769307267684,0.650584100186454,1
86.36,0,331.231706885857,0.0945025051222041,0.841911390642953,0.651065216144541,0.996794610076642
86.37,0,331.958558251355,0.0947072507858168,0.843385190003129,0.650268612919195,1
86.38,0,332.687305393586,0.0928520998162582,0.84208027767916,0.651553353281252,1
86.39,0,333.417880652383,0.0932452809553036,0.843507676198928,0.649994528634069,0.998190817969012
86.4,0,334.150215694308,0.0918966604768028,0.843678058224839,0.650364407865113,1
86.41,0,334.884241537672,0.0902036941041891,0.840374772162669,0.650366478344212,1
86.42,0,335.619888578057,0.0908658319900825,0.83905876591336,0.648310616535228,0.998479477002447
86.43,0,336.357086614352,0.0919930454772204,0.841335613608975,0.647842019515579,1
86.44,0,337.09576487529,0.0925180773945633,0.842070557743661,0.651350355236269,1
86.45,0,337.835852046467,0.0920383076860044,0.841785867522759,0.6484793051221,1
86.46,0,338.577276297862,0.0928888076243538,0.840945825736642,0.650303590144552,1
86.47,0,339.319965311817,0.0921109708968705,0.839176482289565,0.649178557705299,0.998072560870998
86.48,0,340.063846311493,0.0886187673248765,0.838775424726806,0.650209594155832,1
86.49,0,340.808846089784,0.0888843769719752,0.838694854992017,0.648192721415722,1
86.5,0,341.554891038676,0.0880876975112082,0.840046331952731,0.649867141501636,0.99860109571536
86.51,0,342.301907179043,0.0892017348526647,0.839740579219008,0.649501687917288,0.999721105201735
86.52,0,343.049820190875,0.087213309206202,0.840874124974864,0.64910496618087,1
86.53,0,343.798555443918,0.0890849381845769,0.840533214866084,0.646760957586047,1
86.54,0,344.548038028712,0.0890073965832003,0.842711258017556,0.648897389149934,0.999267883019503
86.55,0,345.298192788033,0.0850962399005452,0.839894667803187,0.646681341395349,0.999473245968689
86.56,0,346.0489443487,0.0892737888260126,0.838147660918089,0.64822283613382,0.999930528927583
86.57,0,346.80021715376,0.0828998513045547,0.836137447422595,0.646183821058583,0.999645230616328
86.58,0,347.55193549501,0.0841896411416354,0.837449601016076,0.646784328543361,0.998717123466497
86.59,0,348.30402354587,0.0849138743879689,0.838162278148525,0.645305989584112,1
86.6,0,349.056405394567,0.0859916331653111,0.837177125326489,0.647452404613967,1
86.61,0,349.809005077634,0.0843390593331181,0.838940552973734,0.648577372994054,1
86.62,0,350.561746613693,0.0836911464598893,0.835560575044142,0.645230637456037,1
86.63,0,351.314554037525,0.0839903427110534,0.83878796121168,0.647507503445157,0.998284940693878
86.64,0,352.067351434379,0.0803669776580676,0.837099760543952,0.646597144018824,0.999892354276206
86.65,0,352.820062974547,0.0814265403283846,0.840024069282054,0.64655597128722,0.996711524455087
86.66,0,353.572612948144,0.0812844849324226,0.837177465107865,0.64472350517728,1
86.67,0,354.324925800104,0.0813501577738248,0.836891193796969,0.643954884157241,1
86.68,0,355.076926165361,0.0812891119519364,0.837008120863848,0.644866832057074,1
86.69,0,355.828538904204,0.0822268544398821,0.837185564130759,0.647030919442438,1
86.7,0,356.579689137776,0.0803852301474347,0.835951603541553,0.645635191258606,1
86.71,0,357.330302283711,0.0816722170301726,0.840014684161654,0.643143381327218,1
86.72,0,358.080304091882,0.0809063154512485,0.834745266305332,0.645022100020187,0.998188461497694
86.73,0,358.829620680238,0.0763850119632551,0.834734998813147,0.644434071488898,1
86.74,0,359.578178570712,0.077790613431528,0.837399787840887,0.645068869054675,1
86.75,0,360.325904725189,0.0786057712125196,0.835256618359445,0.646457736107542,0.999692462629853
86.76,0,361.072726581498,0.0805469073780247,0.833582337064948,0.645231032587904,0.996825154251017
86.77,0,361.818572089407,0.0762062627948683,0.83590469561976,0.644209228564183,0.999986972268858
86.78,0,362.563369746623,0.0788065424473193,0.834522368286322,0.641162170490114,1
86.79,0,363.307048634741,0.0798972516465208,0.837106967884435,0.64494027307379,0.997152564464364
86.8,0,364.049538455151,0.0778741843843401,0.836257020743807,0.642406228016336,0.999857663805615
86.81,0,364.79076956486,0.077581082397024,0.836480782141683,0.64247047179388,0.998401458877309
86.82,0,365.530673012222,0.076548240121306,0.834872370686262,0.643651940504907,1
86.83,0,366.269180572538,0.0776627290900166,0.834658505703013,0.644036804871964,0.999446055355974
86.84,0,367.00622478352,0.0774488838348381,0.833730376238474,0.641043787988518,1
86.85,0,367.741738980587,0.0705967554403565,0.834837488659534,0.64317672991638,0.999090915955895
86.86,0,368.475657331969,0.0731748778639062,0.836659730556307,0.645917595686052,0.998888273226446
86.87,0,369.207914873602,0.0754497434099022,0.834227046324893,0.642602663229778,0.999627254943612
86.88,0,369.938447543797,0.0734924062638328,0.833331128942752,0.642297551839158,0.999965916179671
86.89,0,370.66719221764,0.0724753302310046,0.834658284393146,0.643185691101836,0.999488382610036
86.9,0,371.394086741119,0.0723403724025655,0.834779084440772,0.642370559580001,1
86.91,0,372.119069964953,0.0728083568489807,0.835571506570141,0.642116888153936,1
86.92,0,372.842081778092,0.0726414090527572,0.835463171451439,0.641761206296852,1
86.93,0,373.563063140873,0.0731173640075082,0.83370940628608,0.643466162611307,0.999201564237896
86.94,0,374.28195611781,0.0718371329245005,0.833997829785606,0.643160159194232,0.999342409465433
86.95,0,374.998703909984,0.0673493383455057,0.834053269729563,0.64511951504141,1
86.96,0,375.713250887034,0.0695859843988996,0.83299710133587,0.640094817009932,1
86.97,0,376.425542618699,0.0714043533607329,0.832914774741228,0.642722577533382,1
86.98,0,377.135525905918,0.0708684647952492,0.830260409707032,0.644853322918084,0.997906899146603
86.99,0,377.843148811438,0.0700634441210189,0.832047428954719,0.64244344205293,1
87,0,378.548360689936,0.0709969253375618,0.834833106308049,0.639169318134206,1
87.01,0,379.25111221761,0.0691719474025558,0.832591381730229,0.639976215635645,0.999590769165209
87.02,0,379.951355421236,0.0667873962166632,0.833823189826363,0.642810184954845,1
87.03,0,380.649043706665,0.0680014385479174,0.831453534505066,0.640922932151299,1
87.04,0,381.344131886729,0.0697114179190372,0.83237202555474,0.641324727943542,0.999444994515324
87.05,0,382.036576208564,0.0675938746566509,0.83167243666691,0.642587527083545,1
87.06,0,382.726334380297,0.0672317400549497,0.834742336743443,0.641278587186885,0.999802779610873
87.07,0,383.413365597096,0.0686216162809148,0.832438777888798,0.640300319563587,1
87.08,0,384.097630566577,0.0660142815607654,0.830557317751912,0.641085373415415,1
87.09,0,384.779091533514,0.0632696674385162,0.833332843979628,0.641976772270058,0.997987572618576
87.1,0,385.457712303875,0.0639106710725407,0.830844941509875,0.642110298471704,0.998113974480394
87.11,0,386.133458268137,0.0650409756729914,0.831915286854146,0.64262035896611,1
87.12,0,386.806296423878,0.0648140427277561,0.831741473151304,0.63991447423554,0.999001312034481
87.13,0,387.476195397622,0.064601162274253,0.833546999783514,0.639423949637411,0.997842691692594
87.14,0,388.143125465933,0.0634067196322469,0.830081791915802,0.642473451956015,0.998565152737387
87.15,0,388.80705857573,0.0624562337457883,0.833163266562133,0.640938093957718,0.998606477225514
87.16,0,389.467968363815,0.0641939816093068,0.828338046334197,0.641969704112543,0.999808547833626
87.17,0,390.125830175595,0.0642593767861112,0.833651960228127,0.638899874678485,0.997893338821682
87.18,0,390.780621082999,0.0643155290296596,0.83337099557677,0.640594835430395,1
87.19,0,391.432319901557,0.0630621404262869,0.830648617735965,0.641331365016298,1
87.2,0,392.08090720664,0.0637606543485933,0.832553456600265,0.642695910934175,0.998950922735813
87.21,0,392.726365348856,0.0628563294666666,0.833008086575255,0.644839403707297,1
87.22,0,393.368678468574,0.0624052847317201,0.831781933935173,0.640475081228519,1
87.23,0,394.007832509576,0.0624127426142192,0.832771037553949,0.644747486854832,0.999722326751507
87.24,0,394.643815231839,0.0607754210284298,0.828649344330384,0.639617669741305,0.998343704413908
87.25,0,395.276616223407,0.0621336208725246,0.833390197728553,0.641509026229549,0.997740356830945
87.26,0,395.906226911376,0.0591035997165546,0.827935297048299,0.639740281835905,1
87.27,0,396.532640571972,0.0600639750386999,0.832744051177412,0.643142680695415,0.999963773992193
87.28,0,397.155852339708,0.0574149259260827,0.832232948249104,0.64272185965246,0.999336111680666
87.29,0,397.775859215625,0.058894815319772,0.832107644135856,0.641432211906035,0.999915530466923
87.3,0,398.392660074614,0.0594330020501303,0.831698546351485,0.639768832018368,1
87.31,0,399.006255671793,0.0618592835619238,0.831982984407576,0.64224828999993,0.997871571278878
87.32,0,399.616648647965,0.0569461171916998,0.832233552766544,0.644132928169571,1
87.33,0,400.22384353413,0.0590260023761638,0.83252850061048,0.643501870276155,0.999501604019095
87.34,0,400.827846755058,0.0561059393128344,0.829724161952995,0.642659053507709,0.999189913679394
87.35,0,401.428666631925,0.0602886934588025,0.831068620543757,0.64390121096618,1
87.36,0,402.026313383997,0.0566444234473793,0.832146349558505,0.643154058266853,0.998210093254307
87.37,0,402.620799129382,0.0566702755510056,0.830459296519235,0.641448404482746,0.998536225279478
87.38,0,403.212137884826,0.0573322350700603,0.830639601888693,0.641634286786095,1
87.39,0,403.80034556458,0.0585540240047605,0.831046002906611,0.643185362397549,0.998245122452351
87.4,0,404.385439978312,0.0579188393636419,0.831201876605751,0.640679121576168,1
87.41,0,404.967440828095,0.0558324856823772,0.830535170527138,0.641730832668863,0.999697784424896
87.42,0,405.546369704447,0.0572344461326014,0.832274519588416,0.643102743547371,1
87.43,0,406.122250081449,0.0559223467843859,0.830630944803037,0.641949722161177,1
87.44,0,406.69510731093,0.0572811504743713,0.833655231349478,0.641960271789567,0.998364136668197
87.45,0,407.264968615733,0.0558394261670754,0.835362825111893,0.642378239618486,0.999487145161735
87.46,0,407.83186308206,0.0584080213566518,0.829629525997674,0.643997674479797,0.998325072485803
87.47,0,408.395821650913,0.0573568219187046,0.830108537722038,0.643660481168724,0.997942554610222
87.48,0,408.956877108627,0.0565695279270616,0.832260938649262,0.64381651070635,0.999520375715246
87.49,0,409.51506407651,0.0558376082910506,0.829310098850762,0.644572114524904,1
87.5,0,410.070418999591,0.0576291086403495,0.832941213852758,0.643899252687228,0.999741924674044
87.51,0,410.6229801345,0.0560734649919002,0.832912903310738,0.642847568978664,1
87.52,0,411.172787536464,0.0530322094439097,0.831560079003576,0.644441274953769,0.998254340851321
87.53,0,411.719883045453,0.0526239154681038,0.832539913634118,0.642543037983598,1
87.54,0,412.264310271481,0.0538670317363103,0.830809373062168,0.644603054140932,1
87.55,0,412.806114579056,0.0539191198409189,0.831560386107456,0.644853600855405,0.998186704087702
87.56,0,413.345343070812,0.0537918966760951,0.830520554665626,0.642659482750121,0.999339324397475
87.57,0,413.882044570336,0.0507789830345051,0.831567717003933,0.644236504653252,1
87.58,0,414.416269604169,0.0514489792418105,0.82966991473468,0.642908325540152,1
87.59,0,414.948070383045,0.0505457314850584,0.833498205141489,0.643221533587083,0.996632352626064
87.6,0,415.477500782334,0.0522193064471639,0.832536456677661,0.64319661183337,0.999812740437862
87.61,0,416.004616321739,0.0527913542583611,0.832259114136789,0.642745162260764,1
87.62,0,416.529474144235,0.0536595421914973,0.831433276272961,0.645758008355604,0.998834285700159
87.63,0,417.052132994286,0.0490437088923519,0.83129165765557,0.643721086484931,1
87.64,0,417.572653195332,0.0462564334381451,0.833696969569996,0.644631327472057,0.998365512316959
87.65,0,418.091096626587,0.0508287374971081,0.831331105234548,0.645933968255856,0.998750242097851
87.66,0,418.607526699144,0.0489300807567089,0.832289088293221,0.645729435327717,0.998779346459775
87.67,0,419.122008331413,0.0481058091725432,0.833333418285517,0.644481145356785,1
87.68,0,419.634607923904,0.0516511666922037,0.833191051648596,0.646003314097776,0.998263104666387
87.69,0,420.145393333373,0.0476006707092747,0.832483417857575,0.646721394495829,1
87.7,0,420.654433846351,0.0501153031187468,0.829738176468148,0.648605174741302,0.998109619137034
87.71,0,421.161800152066,0.0490079236677463,0.832721122455688,0.646630373846802,1
87.72,0,421.667564314787,0.0499088645300682,0.83378720118027,0.646146463985699,1
87.73,0,422.171799745589,0.04716333940089,0.833332940006801,0.64629039298249,1
87.74,0,422.674581173582,0.04761413661221,0.833020119401748,0.649067984882738,0.999492796820333
87.75,0,423.175984616594,0.0491402436603992,0.830111015079571,0.646387344697687,1
87.76,0,423.676087351354,0.0473660304254835,0.830571302205999,0.646890610013822,1
87.77,0,424.174967883162,0.0488731300288828,0.832433205937703,0.647835992197898,0.999605085149909
87.78,0,424.672705915102,0.0476747178907948,0.831611355162276,0.648193166751987,0.999956520559385
87.79,0,425.169382316778,0.0469953341951272,0.831405672272218,0.648716516528686,1
87.8,0,425.665079092617,0.0468753022209263,0.834990739764497,0.646103805038763,1
87.81,0,426.159879349749,0.0448161861404369,0.833428625686966,0.648572798966486,1
87.82,0,426.653867265484,0.0456323674747737,0.831852501588798,0.646113671577645,0.99923058742352
87.83,0,427.147128054397,0.0467839861256709,0.831083477654518,0.646152368122829,0.99873164951327
87.84,0,427.639747935051,0.0469238570081514,0.83263795131919,0.649290939283916,1
87.85,0,428.131814096374,0.0428545560002769,0.833665548889202,0.647495395012364,0.999483227446885
87.86,0,428.623414663694,0.0468621887749123,0.829963601843934,0.648181837195399,0.999446245322257
87.87,0,429.114638664476,0.0460943051751324,0.831140025280211,0.649661282825845,0.996750974845628
87.88,0,429.605575993748,0.0442201051554375,0.832342201844057,0.64798553730117,1
87.89,0,430.096317379266,0.0454118436004473,0.833569478351169,0.647037087116443,0.998696945350569
87.9,0,430.586954346409,0.0461238330149063,0.834207760219445,0.651262676849209,0.996852756396324
87.91,0,431.07757918284,0.0443777665917192,0.83236702332811,0.649198149440327,0.999127268005401
87.92,0,431.568284902938,0.044366598841593,0.832739154005242,0.650584960928892,1
87.93,0,432.059165212029,0.0460934370675847,0.831344187351537,0.648569096569439,1
87.94,0,432.550314470425,0.0452163860972681,0.833428424074652,0.650084820563689,1
87.95,0,433.041827657293,0.0445329203626954,0.833341267363739,0.650413973300461,1
87.96,0,433.533800334364,0.0453934914195131,0.831850656659348,0.651774803826125,1
87.97,0,434.026328609514,0.0421973621980341,0.832652887466041,0.650755160128232,0.999615218742135
87.98,0,434.51950910021,0.0442617863148799,0.836864965726699,0.650745998830485,0.999505385958671
87.99,0,435.013438896861,0.0437816136441673,0.833022580959025,0.652001390400077,1
88,0,435.508215526066,0.042026241727655,0.83478813171959,0.650313084160492,0.999516270393734
88.01,0,436.003936913808,0.0406415100181297,0.835195207896349,0.649817583955543,1
88.02,0,436.500701348563,0.0433038063201425,0.834363342646125,0.651176740195244,0.999628655065205
88.03,0,436.998607444385,0.0401116403641848,0.830730622524772,0.651689449755105,0.998121950030204
88.04,0,437.497754103953,0.0426423099538278,0.834369520765621,0.653058424543382,0.999259152461597
88.05,0,437.998240481599,0.0415525536766827,0.833318603874793,0.652616782068343,0.999852626839656
88.06,0,438.500165946347,0.0419196165958164,0.833026834399145,0.652963253617847,0.997419760095673
88.07,0,439.003630044949,0.0412363606204395,0.835143050598836,0.653010972438135,1
88.08,0,439.508732464961,0.0428603535657347,0.833777128923771,0.650453593193452,1
88.09,0,440.015572997851,0.0409918126123393,0.835001251199982,0.653508059346226,0.999762956372261
88.1,0,440.524251502163,0.0409871164215277,0.835581310639097,0.652093928284305,0.998367049603305
88.11,0,441.034867866738,0.0384683071876298,0.833554033177597,0.65252429669632,1
88.12,0,441.547521974025,0.0393644975861811,0.834145443084582,0.653635067337901,0.998332843952007
88.13,0,442.06231366347,0.0399941710061795,0.835219683452853,0.652161039599719,1
88.14,0,442.579342695008,0.0398774206551844,0.832330398564061,0.65347628440277,1
88.15,0,443.098708712671,0.0373424001535057,0.835523269345022,0.653121418590358,1
88.16,0,443.620511208311,0.0391656459085442,0.832974846454911,0.65605405986231,1
88.17,0,444.144849485464,0.0395078824312285,0.833750878392605,0.651657716382286,0.998119072817974
88.18,0,444.671822623355,0.0403130539092522,0.835088733077001,0.654654298598398,0.996875413731975
88.19,0,445.201529441047,0.0379561287922581,0.835665033555003,0.652817128040159,0.999544106373234
88.2,0,445.73406846177,0.038405797658832,0.835720670375454,0.655750276760088,1
88.21,0,446.269537877406,0.0404790388373536,0.835950617296554,0.652965764472702,0.99968263950453
88.22,0,446.808035513166,0.0374645112893753,0.836921789513544,0.653104224074618,1
88.23,0,447.349658792451,0.0368673122649952,0.833544119636161,0.650407285494365,0.997455720324249
88.24,0,447.894504701908,0.0368935617907404,0.837551039334837,0.655034861183414,1
88.25,0,448.442669756702,0.0382097325106884,0.836118756564523,0.655374825239156,0.998177332359447
88.26,0,448.994249965994,0.0363859535803286,0.835608958707031,0.65548881311214,0.998405759713342
88.27,0,449.549340798642,0.0352669138814074,0.838908340217259,0.654395242945,0.998161162890338
88.28,0,450.108037149129,0.0360371687883232,0.834386923176067,0.654382188823853,1
88.29,0,450.67043330373,0.0375932472964153,0.835398786058563,0.653939658617799,1
88.3,0,451.236622906915,0.0357879786910502,0.833424522731741,0.65602446966198,1
88.31,0,451.806698928007,0.0369372055575262,0.837800327080248,0.655154512009688,0.999469957936411
88.32,0,452.380753628088,0.0353011273424851,0.841341559939314,0.656132160197051,0.998110133730181
88.33,0,452.958878527168,0.0358216979865658,0.835520321853613,0.6554344803132,0.999657661321901
88.34,0,453.541164371619,0.0357112846946057,0.837550661866211,0.655213098005819,1
88.35,0,454.127701101885,0.0348275024604812,0.838024129935787,0.657306440865119,1
88.36,0,454.718577820457,0.0342690045339469,0.8375336751234,0.65599637839102,0.997718871022248
88.37,0,455.313882760139,0.0358540330805253,0.835751930051252,0.652793885184857,1
88.38,0,455.913703252597,0.0326482074627911,0.837526434821906,0.656531945403889,1
88.39,0,456.518125697201,0.0326520925269016,0.839667108961836,0.655102765324338,0.999536749772039
88.4,0,457.127235530156,0.0325128907552365,0.837518509171065,0.656034156246305,1
88.41,0,457.741117193935,0.0349241727766295,0.840836705082638,0.655621406428485,1
88.42,0,458.359854107024,0.0334606780550138,0.84026572504251,0.65936841160596,0.998767175940088
88.43,0,458.983528633957,0.0315376273302621,0.841687367955331,0.655729445398962,0.998736738750695
88.44,0,459.612222055682,0.0327356070547796,0.841102432537649,0.65425231197986,0.998693900542395
88.45,0,460.246014540222,0.0322447306519729,0.838717740787021,0.655432414029168,0.999459007372892
88.46,0,460.884985113677,0.0317280004557188,0.840299992425358,0.656149643260227,1
88.47,0,461.529211631523,0.0298214616530769,0.838034113640293,0.656741182289166,0.998087082050657
88.48,0,462.178770750261,0.0339804275559146,0.839793753685008,0.65513427864471,1
88.49,0,462.833737899377,0.0309160753670222,0.839120738618665,0.655211890362551,1
88.5,0,463.494187253643,0.0299562614660006,0.838962351559544,0.655399480195579,1
88.51,0,464.160191705754,0.0346138692322768,0.841552630486812,0.657328419094851,0.999241053532469
88.52,0,464.8318228393,0.0314830079073279,0.840172694953494,0.657813121003547,0.998458845144303
88.53,0,465.509150902081,0.0286845741330971,0.838699281726364,0.657636005305801,0.998538621117276
88.54,0,466.192244779771,0.0316954328781189,0.836931296959707,0.660164666326323,0.999147520493845
88.55,0,466.881171969926,0.0284108796650441,0.841318861434927,0.656085527939245,1
88.56,0,467.575998556349,0.0305752899634147,0.837906483951739,0.656474848749252,1
88.57,0,468.276789183805,0.0299194735346762,0.840184895437613,0.656464986304071,0.999738431544369
88.58,0,468.983607033093,0.0292094016286818,0.83897203413857,0.659220878513654,0.999423466226564
88.59,0,469.696513796494,0.028848765914387,0.842009750181294,0.656465712210974,0.999800138271792
88.6,0,470.415569653565,0.0265791011383473,0.841102762410252,0.656324478642036,1
88.61,0,471.140833247311,0.0298392991295376,0.841248092853329,0.661169134625957,0.998855395577977
88.62,0,471.872361660736,0.0278657936250191,0.843474375910242,0.652564622498607,1
88.63,0,472.610210393755,0.02812032198497,0.840805685808198,0.659798404242606,1
88.64,0,473.354433340497,0.0271000941283136,0.84100290266947,0.658072868140642,0.998871918636918
88.65,0,474.105082766991,0.0262615628392461,0.845001683701483,0.65736178616404,1
88.66,0,474.862209289232,0.0260706946010877,0.842349177942075,0.6587760660247,0.996635995042002
88.67,0,475.625861851645,0.0270709995363849,0.841081616530184,0.659379799017163,0.999921139772035
88.68,0,476.396087705948,0.025327481432777,0.841335076835543,0.658714479890486,1
88.69,0,477.172932390402,0.0249587186525491,0.844086787907009,0.65880939313557,0.998996659269154
88.7,0,477.956439709485,0.0243866347103594,0.841783854337101,0.659894735336302,1
88.71,0,478.746651713955,0.0230026276202996,0.842591116545755,0.660129822406026,0.999945993451402
88.72,0,479.543608681347,0.0248987633657982,0.84238993286342,0.658300125559621,0.999807835257301
88.73,0,480.347349096873,0.0243958295583958,0.844538461940856,0.660216257843699,1
88.74,0,481.157909634756,0.0222160822712516,0.843855509637038,0.658668007491189,1
88.75,0,481.97532513999,0.0223636032433364,0.844059835136115,0.660465407616699,1
88.76,0,482.799628610543,0.0234519677875982,0.84548882868824,0.659032279902339,1
88.77,0,483.630851179986,0.0221038613655435,0.844185226353411,0.659478488346099,0.99869968579721
88.78,0,484.469022100586,0.0220588841962324,0.843890106705636,0.659006293108317,0.997618674865986
88.79,0,485.314168726844,0.0222733987877341,0.845816043291927,0.659094729296174,1
88.8,0,486.166316499487,0.0229179697356861,0.84470622021215,0.65818825899278,0.99772458449556
88.81,0,487.025488929946,0.0195404494208091,0.846061474600558,0.658271001777049,1
88.82,0,487.891707585282,0.021919207048683,0.84577545848748,0.658516037839601,0.998444180224321
88.83,0,488.764992073608,0.0224495765568725,0.845177931705429,0.65987826989752,1
88.84,0,489.645360030001,0.0191132104879679,0.849137978264127,0.65849030634259,1
88.85,0,490.53282710289,0.0182872292662669,0.843567435991343,0.658195846479789,0.997931322894309
88.86,0,491.427406940969,0.0205823531788127,0.843696487571723,0.658718085881389,1
88.87,0,492.329111180603,0.0199699245439435,0.847979834434667,0.659619120906108,0.999670579227884
88.88,0,493.237949433762,0.0198763943401742,0.848053708747832,0.656352886463244,0.997996946401341
88.89,0,494.153929276474,0.0202465468374962,0.845706928492747,0.658632430439012,0.99876290326163
88.9,0,495.077056237817,0.0156746299399535,0.846670741457613,0.657597764936655,0.998469718775688
88.91,0,496.007333789453,0.0195539403992587,0.850676045450953,0.656913802896317,1
88.92,0,496.944763335713,0.016053228067733,0.847097113635727,0.656776355436064,0.996354584111212
88.93,0,497.889344204248,0.0172224966845184,0.850176219538695,0.658664806634959,1
88.94,0,498.84107363724,0.0139415044315232,0.846965906251436,0.658168914053249,1
88.95,0,499.799946783198,0.0148242902527321,0.84641241091381,0.659025992121257,1
88.96,0,500.765956689347,0.0158748392485669,0.846898080926043,0.656466994250348,1
88.97,0,501.73909429461,0.0161977303830776,0.847442190802845,0.659290857715304,0.998613433089543
88.98,0,502.719348423195,0.0176633937275663,0.84950708878778,0.65760201992551,0.998897820474268
88.99,0,503.706705778809,0.0163443901655622,0.850373920964938,0.657113302821559,0.998357239481423
89,0,504.701150939493,0.0161168088867469,0.85177105382015,0.655995967526915,1
89.01,0,505.702666353101,0.0149109951630722,0.8493459506562,0.657355482623882,0.999772970982349
89.02,0,506.711232333421,0.0153614611186222,0.849352046406082,0.657583258333403,0.999426283513633
89.03,0,507.726827056958,0.0128364095625516,0.849644080861806,0.656212251065471,0.998771449247421
89.04,0,508.749426560391,0.010442604218482,0.848373794601509,0.658276602156738,0.99907765615926
89.05,0,509.779004738702,0.0139923071573004,0.849736346035408,0.657510641405527,0.996672309470246
89.06,0,510.815533344001,0.00923481524844175,0.85057268389971,0.657888027356484,1
89.07,0,511.858981985056,0.0155124618981172,0.851402152571201,0.657390933152868,1
89.08,0,512.909318127521,0.011439942362918,0.851008090887081,0.656238442974605,0.998292990533824
89.09,0,513.966507094904,0.0114480103530873,0.850821918768669,0.659056730299945,1
89.1,0,515.030512070257,0.0115804911042709,0.853305129308471,0.656774548368523,0.998349533016348
89.11,0,516.101294098612,0.00869631020732,0.852011291912326,0.657781589622733,1
89.12,0,517.17881209018,0.0100105918342351,0.85287569457779,0.656696906407763,1
89.13,0,518.263022824306,0.00771227804709787,0.850615085234252,0.657263211929415,0.998946257660848
89.14,0,519.353880954201,0.00930852893390362,0.852109903411205,0.655431611508597,1
89.15,0,520.436400845894,0.00869453491034057,0.852177906313382,0.656056254527932,1
89.16,0,521.441730757546,0.0103676377029631,0.854275887238373,0.65750239667126,0.998939518131904
89.17,0,522.448358130388,0.00875615551669287,0.853999506981455,0.655948529684718,0.998682126775863
89.18,0,523.461913729335,0.00943804441416599,0.855220409674555,0.654881299004431,0.998923471105364
89.19,0,524.298782908475,0.00649130896833654,0.852265956864926,0.654275988440622,0.999858779055187
89.2,0,525.006691469847,0.00517793020151623,0.854573348014545,0.654739133881399,0.997620367983392
89.21,0,525.726989969031,0.00542212069430034,0.852356730467361,0.655772610257679,1
89.22,0,526.418769871901,0.00614311673367882,0.853370427584421,0.654816748344398,0.998934564471593
89.23,0,526.929452277923,0.00771438751604609,0.853610769998351,0.657567048920928,1
89.24,0,527.433413193072,0.00466453017686909,0.855640583510087,0.65347378340048,1
89.25,0,527.943260802245,0.00654948691176346,0.85494225334796,0.656017326586788,0.999607785850182
89.26,0,528.36208109541,0.00191686518608017,0.85543448070458,0.656346925593181,0.999481755016556
89.27,0,528.714857148138,0.0093366695448386,0.856892317930374,0.654200844607344,1
89.28,0,529.074867797362,0.0085772914849401,0.856516248091882,0.652737778589954,0.999847730757312
89.29,0,529.427200527025,0.00654694914537331,0.856037151820727,0.655872583966622,1
89.3,0,529.721937813919,0.00403788691164243,0.857561447546142,0.654769161146985,0.999966129005212
89.31,0,530.016062262679,0.00676246258069595,0.856245771363619,0.653580151044285,1
89.32,0,530.313628413448,0.00418311517042841,0.857606106785912,0.654666552789934,0.998038054682755
89.33,0,530.61215798053,0.00497640495531953,0.859194096514451,0.655517143696435,1
89.34,0,530.912037449546,0.00502806068791327,0.857590361741215,0.652254215479465,1
89.35,0,531.214432097657,0.00320110584993243,0.859072702179033,0.653844825468711,0.998358897813174
89.36,0,531.518764449374,0.00568590955635858,0.859297386661415,0.653299411987315,0.999521801645757
89.37,0,531.823076487643,0.0041708861563184,0.858344866947166,0.651430756490627,0.998913181091406
89.38,0,532.129381643033,0.00430938297080583,0.85727451666283,0.654469519432603,0.999940368176843
89.39,0,532.437725577502,0.00387696948409886,0.857312885130829,0.652700272235904,1
89.4,0,532.7463177586,0.00484344022789365,0.860640998176177,0.6516167582761,1
89.41,0,533.055485908334,0.00523617544889217,0.861775220461981,0.651034700379523,0.999661812173671
89.42,0,533.366401557174,0.00414909203399219,0.86206932527028,0.652547619354574,0.998390883275532
89.43,0,533.678466067559,0.0072988704644366,0.859744956885063,0.650582406267658,1
89.44,0,533.989650694402,0.00226755495266307,0.859078646859516,0.653124622266068,0.999253846903351
89.45,0,534.302036272625,0.00595067481584164,0.858981913609186,0.654221329522807,1
89.46,0,534.615667954757,0.00607385175753264,0.862720605115514,0.65378638619469,1
89.47,0,534.928705281265,0.00776443260194905,0.860052801375425,0.651866651850924,0.998063324550664
89.48,0,535.241482233173,0.00415265948772325,0.8588905290622,0.650901100774801,0.998245820881019
89.49,0,535.555199047598,0.00312021533016811,0.86101811832234,0.652395154576448,1
89.5,0,535.86924916016,0.00459552937085464,0.863006414829086,0.650961731127508,1
89.51,0,536.181592869869,0.00531686150915989,0.862906126898547,0.64918984932725,0.999810461327399
89.52,0,536.494314602336,0.00377437517553819,0.863453453714352,0.651185504854942,1
89.53,0,536.807456344729,0.000561335600597818,0.861680750822245,0.649305307616644,1
89.54,0,537.119179789176,0.00515930898448479,0.861514768732166,0.648627271152994,0.996824958402843
89.55,0,537.429814455616,0.000938605995201573,0.86383298107054,0.652108857220789,0.999948475970836
89.56,0,537.74055347634,0.00132600735099571,0.864332448915055,0.649419283314017,0.996921134376741
89.57,0,538.050787034438,0.000638093485225221,0.862340013582923,0.648453916962527,0.999004347334429
89.58,0,538.358468388641,0.00191487337260775,0.863797043475979,0.647300275750156,1
89.59,0,538.665686088872,0.0043853871363795,0.864157129312561,0.650053654884542,1
89.6,0,538.972481151792,0.00116359614270347,0.86250839701029,0.647468626900294,1
89.61,0,539.277034011544,0.00197569940416395,0.862108559363772,0.65001185842001,1
89.62,0,539.579668413933,0,0.867721202553634,0.648657358382248,0.998983493970373
89.63,0,539.881561751759,0.0062795457729733,0.865746704613789,0.647704076323343,1
89.64,0,540.182115789996,0,0.86445548864512,0.647937812078619,1
89.65,0,540.47933359998,0.00201694598118895,0.864091967080934,0.646755249390766,1
89.66,0,540.775248010873,0.000223211817328693,0.866124251222392,0.64856856738189,0.998905687722577
89.67,0,541.069896978534,0,0.864223623048181,0.647395638400191,0.999328619568787
89.68,0,541.361516688485,0.00235436747674587,0.86636113708777,0.648137244365131,1
89.69,0,541.650418681884,0.00241957738592318,0.866744112174105,0.646213678528243,0.999769444397867
89.7,0,541.93774093169,0.000745164559265237,0.866651840968102,0.649094171276846,0.99866117559667
89.71,0,542.223014855211,0.000795899690996035,0.863835770025659,0.644969878514848,0.998518850774145
89.72,0,542.50482072482,0,0.866963339178428,0.647229053457203,1
89.73,0,542.784536692851,0.00120887700004783,0.866278585596209,0.645391119149684,0.999002535404834
89.74,0,543.062156366922,0,0.866834890573711,0.646470361731755,0.998241876529239
89.75,0,543.336836747084,0.00202069221878571,0.870238400054884,0.647171446917835,0.99950863422824
89.76,0,543.608653268144,0,0.866979002260138,0.64711114047326,1
89.77,0,543.87804364709,0,0.868736427992098,0.647953410147027,0.999334012317933
89.78,0,544.144696955694,0.000263259801293985,0.869292400388077,0.646025242700752,0.999089005828411
89.79,0,544.407724699118,0,0.867786292800057,0.646141543795126,0.999672003439513
89.8,0,544.667908228821,0.000112830512674432,0.870286606546703,0.647138049484558,1
89.81,0,544.925203402472,0.00291826313802808,0.869430902165749,0.646575180454074,0.99613874772543
89.82,0,545.021482115831,0,0.869494366169611,0.645825378180984,0.999723244184901
89.83,0,545.021482115831,0,0.869102028578825,0.643084509883243,1
89.84,0,545.021482115831,0.00162881477366765,0.870138272925375,0.647440701492556,1
89.85,0,545.021482115831,0.00121843871435201,0.872204614822227,0.644553785728573,0.999178654170056
89.86,0,545.021482115831,0,0.8746615506187,0.643927090552184,0.9997600908499
89.87,0,545.021482115831,0,0.87174026136778,0.647167631924647,0.99761857197312
89.88,0,545.021482115831,0,0.872206485676293,0.645756585707276,0.998992058531897
89.89,0,545.021482115831,0.000250089578038045,0.874445132099841,0.644554153063574,1
89.9,0,545.021482115831,0.00103704788336152,0.871608368769105,0.645091850997859,1
89.91,0,545.021482115831,0,0.87113943967159,0.644866084096354,0.998593006112669
89.92,0,545.021482115831,0,0.872848932747861,0.643585955413544,0.999469939583149
89.93,0,545.021482115831,0.000988807655216451,0.874965737361678,0.641867503028649,0.999728402462322
89.94,0,545.021482115831,0,0.870586011945657,0.645318218392456,0.999269978014027
89.95,0,545.021482115831,0,0.873656886807668,0.644014718049497,0.999313532498596
89.96,0,545.021482115831,9.94140970492378e-05,0.875734517330463,0.645217666740795,0.99826594300433
89.97,0,545.021482115831,0,0.87366229980949,0.641988273116901,0.999109467930198
89.98,0,545.021482115831,0.00212070765394286,0.87292777177937,0.641674101042071,1
89.99,0,545.021482115831,0.000306004640353304,0.875001338397859,0.644799702214015,1
90,0.3,545.021482115831,0,0.87674269078577,0.643416146838427,0.998913757159015
90.01,0.3,545.021482115831,0,0.877340158463278,0.642703182140195,0.998916826510766
90.02,0.3,545.021482115831,0.00176582502877895,0.876948316199371,0.642679486347713,1
90.03,0.3,545.021482115831,0.0014838777130377,0.876154231382671,0.641298437020359,1
90.04,0.3,545.021482115831,0.00265438523196772,0.873911671088328,0.644493860646584,0.999651371392832
90.05,0.3,545.021482115831,0.0013905310481856,0.875960646941981,0.643535392101645,1
90.06,0.3,545.021482115831,0,0.87742194963204,0.644810669824166,0.997554048440997
90.07,0.3,545.021482115831,0,0.877355836519992,0.642694863470016,1
90.08,0.3,545.021482115831,0,0.876177916002145,0.643455431223289,0.999879312809306
90.09,0.3,545.021482115831,0.00044629048301199,0.879574667683528,0.639419011784095,0.998302940048409
90.1,0.3,545.021482115831,0.0011373595663426,0.881079889482591,0.64188052477275,0.999104275428927
90.11,0.3,545.021482115831,0.00023127095171456,0.878677489134353,0.645267805735239,1
90.12,0.3,545.021482115831,0.000340097379576678,0.877907234906278,0.642753076778309,0.999841401321844
90.13,0.3,545.021482115831,0,0.880486879900499,0.642381121627485,0.999839064072467
90.14,0.3,545.021482115831,0,0.880401084436973,0.640102758928002,1
90.15,0.3,545.021482115831,0.00117495384038634,0.877436798841418,0.644487687569174,1
90.16,0.3,545.021482115831,0,0.880400315827702,0.645927006636197,0.999757803728359
90.17,0.3,545.021482115831,0.000609538694496215,0.881716624429205,0.64188973190539,0.999869622803219
90.18,0.3,545.021482115831,0.000319946059365081,0.882239853479844,0.641544295735198,0.998639027610105
90.19,0.3,545.021482115831,0.00047265772671857,0.878775441375449,0.644467871032315,0.999770099581476
90.2,0.3,545.021482115831,0.00151153467524149,0.879752494519005,0.640011782879825,1
90.21,0.3,545.021482115831,0.00131335999078452,0.881581772418794,0.642770503650255,1
90.22,0.3,545.021482115831,0,0.883792840625525,0.639994638892726,0.999491691670094
90.23,0.3,545.021482115831,0.000702860739848797,0.882198589246713,0.642638797925739,0.996774382132803
90.24,0.3,545.021482115831,0.00278936849319014,0.881055347100145,0.642911887586115,0.996743721599554
90.25,0.3,545.021482115831,0.00212167016957569,0.88219804221961,0.640544635105056,0.999585479050051
90.26,0.3,545.021482115831,0.000754117551677779,0.882265810198942,0.641297144123119,1
90.27,0.3,545.021482115831,0,0.882021222708456,0.642084260415422,1
90.28,0.3,545.021482115831,0,0.882146420592665,0.643361978027068,1
90.29,0.3,544.087672018638,0,0.883887690491814,0.641630640651282,0.999607296059097
90.3,0.3,543.038620367164,0.000479660785151306,0.882906171081432,0.640991472552772,1
90.31,0.3,542.265837728422,0,0.88319914480208,0.643220613040084,0.998497967068989
90.32,0.3,541.490949950425,0.00243578060573147,0.884597400711365,0.640967738907214,1
90.33,0.3,540.70931028514,0.000353954220465216,0.885811249312959,0.641657789536894,0.999729191438744
90.34,0.3,539.923581019263,0,0.886910245080268,0.641747793009188,1
90.35,0.3,539.133512398154,0,0.882283744769098,0.641484270188995,1
90.36,0.3,538.339145280729,0.00292180690821032,0.884040760644144,0.640999633762335,1
90.37,0.3,537.540508704642,0.0011797055731199,0.884024797199398,0.645255474769335,1
90.38,0.3,536.737633881534,0.00093587418165067,0.882207116240717,0.639827136865185,1
90.39,0.3,535.930554524991,0.00287386342877441,0.884059992070729,0.641381463879932,0.99933777509543
90.4,0.3,535.119306694976,0.00260189542090844,0.886856702792338,0.643627168415491,0.998520587217748
90.41,0.3,534.303928785629,0.00264806670122564,0.889753064504721,0.638535330996812,0.999184947424032
90.42,0.3,533.484461498414,0.00433439042819796,0.886035092967212,0.643045444715133,1
90.43,0.3,532.660947814826,0.00414543921409591,0.886405260972666,0.64053303802146,0.999485418571128
90.44,0.3,531.833432968029,0.00602472421678649,0.887876312966096,0.640480793722934,1
90.45,0.3,531.001964413463,0.00554834113780462,0.888258682014905,0.641766587860575,1
90.46,0.3,530.166591798412,0.00548429275285828,0.886655498026692,0.643327827429074,1
90.47,0.3,529.327366930576,0.00429207658688673,0.886106882890819,0.643390919582431,1
90.48,0.3,528.484343745668,0.00464982632135996,0.891062439378046,0.641421294439134,1
90.49,0.3,527.637578274049,0.00331252322734307,0.890839641940857,0.64311864408914,0.998665020124223
90.5,0.3,526.787128606427,0.00387246133583003,0.884905098672381,0.642209768140849,1
90.51,0.3,525.933054858659,0.00710416944368203,0.890510732995689,0.644569921252447,1
90.52,0.3,525.07541913566,0.00807189144937114,0.890644626398068,0.642038102937597,0.999994832744077
90.53,0.3,524.214285494455,0.00518840807656973,0.889525732695142,0.64138793463051,0.998142700503899
90.54,0.3,523.349719906401,0.00517163101856686,0.890344848913065,0.642680798866363,0.999910007307573
90.55,0.3,522.481790218603,0.00746798896375747,0.890442369966665,0.645081175988032,1
90.56,0.3,521.610566114553,0.00769389691210628,0.892218296142875,0.642044078512153,0.996969205901608
90.57,0.3,520.736119074016,0.00676599930527108,0.890649835141585,0.641925777252,0.999866251537686
90.58,0.3,519.858522332188,0.00906938298632196,0.891492333796876,0.640944812435477,0.999295791882104
90.59,0.3,518.977850838173,0.0106005558757494,0.888621040637927,0.64066185611306,0.996452208167874
90.6,0.3,518.09418121278,0.0100012462608922,0.890624344986765,0.643796961218877,1
90.61,0.3,517.207591705686,0.010243447072689,0.888631673214927,0.642208584371971,0.997488770505115
90.62,0.3,516.318162152003,0.0116337310707139,0.890645878772627,0.642610173509003,1
90.63,0.3,515.425973928242,0.0127307401888687,0.888894713148284,0.641697973112227,1
90.64,0.3,514.531109907754,0.00988375711724668,0.890776935819103,0.642879506638249,1
90.65,0.3,513.633654415639,0.011282463104024,0.88981583031681,0.642599832975132,1
90.66,0.3,512.73369318317,0.0126830029196758,0.890921197824665,0.640716005667482,0.99861653968282
90.67,0.3,511.831313301753,0.0112660426551596,0.892995019767536,0.643046233731159,0.999424149182212
90.68,0.3,510.926603176471,0.0105725877266128,0.893305057712372,0.643304781055048,0.99734624907738
90.69,0.3,510.019652479225,0.0118482422246842,0.892737926336149,0.6447854827714,1
90.7,0.3,509.1105521015,0.0133544418204004,0.894195346647214,0.639158169143594,1
90.71,0.3,508.19939410681,0.0141755425211995,0.894314309356515,0.643658871162337,0.998930663477452
90.72,0.3,507.28627168283,0.0135812651293295,0.89337408664595,0.646127295334286,1
90.73,0.3,506.371279093251,0.0161571125357902,0.894020486218193,0.644929239840128,1
90.74,0.3,505.454511629397,0.0120814845293893,0.89340752455798,0.646919633953074,1
90.75,0.3,504.53606556162,0.016930527225139,0.897419895684964,0.644288914640186,1
90.76,0.3,503.616038090522,0.0146633171574595,0.894227821340365,0.645960742506008,0.998481241839765
90.77,0.3,502.694527298013,0.0166238849076281,0.895012116677507,0.64584250768873,0.999840932583684
90.78,0.3,501.771632098251,0.0170038751644541,0.892500585532395,0.645277798306735,0.999423452501256
90.79,0.3,500.847452188484,0.0174076597207143,0.893876825613602,0.643845737585667,1
90.8,0.3,499.922087999834,0.0131686913405704,0.897579737952639,0.645665743714093,0.999095722216774
90.81,0.3,498.995640648037,0.0178027983437798,0.895992039809708,0.647216523814081,1
90.82,0.3,498.068211884185,0.0178200963414342,0.89590900571084,0.646371273631873,1
90.83,0.3,497.139904045481,0.0160015748274086,0.896511734696401,0.645106105717617,0.999348671719909
90.84,0.3,496.210820006054,0.0167728419630828,0.89968940467702,0.647073177842415,1
90.85,0.3,495.281063127844,0.0151065724690949,0.897831727939278,0.64646117284317,1
90.86,0.3,494.350737211593,0.0192074550022352,0.89917756522938,0.646975869269291,1
90.87,0.3,493.419946447977,0.0199458314213205,0.897939438099149,0.649190473165398,1
90.88,0.3,492.488795368885,0.019782730373154,0.896344500364008,0.644641156025953,1
90.89,0.3,491.557388798895,0.0194280758003217,0.896586442262042,0.646222905471363,0.997995346377612
90.9,0.3,490.625831806949,0.0196450925600673,0.900378672069907,0.648969088500905,0.998040871138695
90.91,0.3,489.694229658279,0.0208294594816394,0.898477075092617,0.646117289962723,0.99826531746319
90.92,0.3,488.762687766576,0.0205227884128694,0.899429441654627,0.646079457828162,0.999711237333846
90.93,0.3,487.831311646459,0.0226131653875784,0.898850551285114,0.644848101439053,0.998396554307076
90.94,0.3,486.900206866246,0.0202840022152633,0.902761171739809,0.645378913566038,1
90.95,0.3,485.969479001059,0.0207991004719427,0.899193535367262,0.647645816045149,1
90.96,0.3,485.039233586277,0.0192634545993748,0.899025611191039,0.646959299095492,1
90.97,0.3,484.109576071374,0.0211687110794679,0.899276624096957,0.646674531403349,0.999020389224007
90.98,0.3,483.180611774147,0.0204144156962575,0.900892898932729,0.648694615253217,0.997940588674576
90.99,0.3,482.252445835372,0.0211531272655912,0.9012097010226,0.64650516118479,0.999091962183158
91,0.3,481.32518317388,0.0214618335111685,0.898405587820801,0.648213859372126,1
91.01,0.3,480.39892844211,0.0256853849098329,0.902922419146986,0.645755345103217,1
91.02,0.3,479.473785982128,0.0266673722602796,0.903124151999628,0.648858494002694,1
91.03,0.3,478.54985978214,0.0231272344045402,0.902822040632666,0.649909359357952,1
91.04,0.3,477.627253433521,0.0254075228538422,0.900569638834347,0.647895257927362,1
91.05,0.3,476.70607008837,0.0247357048114142,0.90090194249559,0.647923177068239,1
91.06,0.3,475.786412417609,0.0255263710702318,0.898964196410225,0.647543996459531,0.998742313968432
91.07,0.3,474.868382569651,0.0234875552455753,0.899159992739241,0.648635611253276,0.998700921424268
91.08,0.3,473.952082129627,0.0259081005440439,0.902097477223896,0.650080270232904,0.996845930814743
91.09,0.3,473.037612079221,0.0266653999127865,0.902945101816755,0.649276899628017,0.999945760737082
91.1,0.3,472.12507275709,0.0251263159064867,0.902712812713345,0.650824536632338,0.999211594773723
91.11,0.3,471.214563819918,0.0283530836992454,0.902695226183941,0.648945049421489,0.999456224578342
91.12,0.3,470.306184204082,0.0271336931216484,0.903793111128927,0.651349911501666,0.999680667257528
91.13,0.3,469.400032087963,0.0301525901456508,0.902963748645533,0.650895581289007,0.999477171704219
91.14,0.3,468.496204854919,0.0302083514179354,0.905610710317064,0.650630900984848,1
91.15,0.3,467.594799056892,0.0297332832534358,0.904423700835864,0.6507143937494,0.998504571151127
91.16,0.3,466.695910378717,0.0292324897585863,0.903967959172352,0.653834856786896,1
91.17,0.3,465.799633603078,0.0310198377925666,0.904626734741008,0.651865486410725,0.998644023192925
91.18,0.3,464.906062576184,0.0295302852609993,0.903973158423299,0.652149205566763,0.996993777879034
91.19,0.3,464.015290174105,0.0311775955213182,0.905284002623108,0.655103768437326,0.998016649704146
91.2,0.3,463.127408269841,0.0314396942001201,0.903908638019024,0.64957906978334,1
91.21,0.3,462.242507701076,0.0319327064560527,0.905079549117956,0.651417527824998,1
91.22,0.3,461.360678238661,0.0311035869500739,0.906264825156771,0.651395349084507,0.999218160596948
91.23,0.3,460.482008555802,0.0335611773380716,0.906066363532915,0.651397284754163,1
91.24,0.3,459.606586197985,0.0310367908480004,0.90342467022813,0.651010421303894,0.999875902973341
91.25,0.3,458.734497553621,0.0330161457741294,0.907121176693757,0.653170726673175,1
91.26,0.3,457.865827825419,0.0347025725366461,0.905074150064213,0.654059118031592,1
91.27,0.3,457.000661002495,0.0329176331259724,0.905579497788318,0.65320264727829,0.99892979703578
91.28,0.3,456.139079833224,0.0343721267526934,0.907049917570936,0.652081858383899,0.996927167867075
91.29,0.3,455.281165798815,0.0356659491163534,0.905856320637968,0.65438819356889,1
91.3,0.3,454.426999087634,0.0341166485431171,0.905439608503379,0.6515484639866,1
91.31,0.3,453.576658570267,0.0354312525730723,0.90710343718189,0.65450180159502,0.999077233174808
91.32,0.3,452.730221775312,0.0362391740858833,0.906695237892724,0.653893503906979,0.998808006247187
91.33,0.3,451.887764865928,0.0363616184515372,0.905486105617752,0.654636633172004,0.999629788218707
91.34,0.3,451.049362617099,0.0347206039690721,0.909218721919328,0.652978874435846,0.999935479914774
91.35,0.3,450.215088393655,0.0364804031568361,0.90941209247928,0.652655492604224,1
91.36,0.3,449.385014129021,0.0364051664297604,0.908737349551268,0.653739058124926,1
91.37,0.3,448.559210304695,0.0374399548736751,0.908914953260885,0.650182288108167,1
91.38,0.3,447.737745930463,0.0360553975086223,0.910060172809692,0.653920513680561,1
91.39,0.3,446.920688525337,0.0380612973619592,0.91031987938814,0.654208566204807,1
91.4,0.3,446.108104099224,0.0370059522310181,0.90966585927563,0.654240832005917,0.99814958018616
91.41,0.3,445.300057135307,0.0390496525234912,0.909151712877842,0.656252188049891,1
91.42,0.3,444.496610573153,0.0383178368722415,0.909181779559776,0.654546389285225,0.995987960231145
91.43,0.3,443.697825792525,0.0415938384849801,0.909207149845829,0.655686766035951,1
91.44,0.3,442.903762597907,0.0387745730019837,0.909086004623978,0.655793647079046,0.999991835892501
91.45,0.3,442.114479203732,0.0411769110558827,0.909033008543288,0.65565147184723,1
91.46,0.3,441.330032220309,0.0413074127529372,0.909614925024747,0.658093571779427,1
91.47,0.3,440.550476640438,0.0406895537423149,0.909038765679282,0.653230864208118,1
91.48,0.3,439.775865826714,0.0443588601737454,0.910236583711828,0.654967566302277,1
91.49,0.3,439.006251499521,0.0406161094166608,0.907229179009619,0.656435740905235,0.999120351148278
91.5,0.3,438.241683725686,0.041789057934414,0.910268312619492,0.657715835451242,1
91.51,0.3,437.482210907814,0.0414095429836658,0.911091049724633,0.65385696130515,1
91.52,0.3,436.727879774279,0.0429277389066153,0.91161235324662,0.651500052129776,1
91.53,0.3,435.978735369875,0.0421012068279779,0.911954051045158,0.657385078926982,1
91.54,0.3,435.234821047111,0.0399532079084424,0.910978199365856,0.654893964358574,1
91.55,0.3,434.496178458155,0.0445357244878189,0.910485915026456,0.659483862769332,1
91.56,0.3,433.762847547404,0.0447113663136987,0.912591934179653,0.658291001308079,0.999503580041088
91.57,0.3,433.034866544695,0.0437587721458845,0.913850731169172,0.655974723817449,1
91.58,0.3,432.312271959124,0.0451578003792893,0.910447506686081,0.656277272325182,0.998970308696898
91.59,0.3,431.595098573482,0.043792985368599,0.911292362070438,0.656287478584602,1
91.6,0.3,430.883379439308,0.0420113580703626,0.912681934590733,0.656792902662036,0.999157175668395
91.61,0.3,430.17714587252,0.0443024104217985,0.915077464571627,0.657711816652049,0.998458419925741
91.62,0.3,429.476427449665,0.0454020953542039,0.910252624833851,0.656865053261268,0.999388106478283
91.63,0.3,428.781252004723,0.0468381820454753,0.911829502426606,0.660852123270076,0.999872668580565
91.64,0.3,428.091645626513,0.0480735980986974,0.9128854963486,0.65816990740613,1
91.65,0.3,427.407632656654,0.0481429611371179,0.915389336141684,0.656227309641647,0.999089865525084
91.66,0.3,426.729235688095,0.0465575657947569,0.91146937771087,0.65609447642813,0.999217146310458
91.67,0.3,426.056475564192,0.043830316274128,0.910899767559995,0.659114197012327,1
91.68,0.3,425.389371378344,0.0472552185363406,0.912897931601428,0.656533450057523,1
91.69,0.3,424.727940474155,0.0481838018166824,0.913232658180041,0.658531201193923,1
91.7,0.3,424.072198446142,0.0477121368101942,0.911601557347581,0.656238704238304,0.996677543662983
91.71,0.3,423.422159140961,0.0460601497329068,0.911870946976781,0.656537024183003,0.999765602187143
91.72,0.3,422.777834659153,0.0491020071620671,0.91390517560963,0.657794063095356,1
91.73,0.3,422.139235357402,0.0470858475787431,0.913993496118979,0.658239985030707,1
91.74,0.3,421.506369851302,0.0507108305171899,0.913871224356856,0.658275679351431,0.998832746292785
91.75,0.3,420.879245018612,0.0499429825036324,0.914267421913578,0.658991772679851,1
91.76,0.3,420.257866003017,0.0498273805592973,0.913858988755021,0.659259386940965,1
91.77,0.3,419.642236218364,0.049376172386469,0.911338106249709,0.658199389475822,0.999320032991548
91.78,0.3,419.032357353372,0.0517189121851844,0.914359778259617,0.657443378623355,0.999898414496577
91.79,0.3,418.428229376833,0.0514107080523277,0.913504714861996,0.659250041334745,1
91.8,0.3,417.829850543258,0.0496283713579488,0.916464983864948,0.659466271688963,0.999060354857549
91.81,0.3,417.237217399002,0.0506802440449393,0.913519932358481,0.660596038626372,1
91.82,0.3,416.650324788825,0.0518942111735898,0.913452447399376,0.657488557396099,1
91.83,0.3,416.069165862922,0.049890028218381,0.917268295215576,0.655101369228917,1
91.84,0.3,415.493732084377,0.0496650424248675,0.91511920284261,0.65721141018445,0.999271128344049
91.85,0.3,414.924013237072,0.0506258256319198,0.912725325962818,0.659972140465336,0.995711377625136
91.86,0.3,414.359997434016,0.0519044336970497,0.915355241354812,0.657716343950131,0.998713641847003
91.87,0.3,413.801671126108,0.0501539994476458,0.916155739334744,0.657012195045363,1
91.88,0.3,413.249019111324,0.0512288465799025,0.91342965171332,0.659962248011161,1
91.89,0.3,412.702024544315,0.0529651770865727,0.917730165819349,0.658686421881145,1
91.9,0.3,412.160668946434,0.0536899918865551,0.917153206146172,0.657011711005956,0.999593905523442
91.91,0.3,411.62493221615,0.0514883414334062,0.915623630413265,0.655511486542658,1
91.92,0.3,411.094792639886,0.0527408317264347,0.914588278396279,0.659070490864623,1
91.93,0.3,410.570226903253,0.0521193530501004,0.915522889374993,0.656805837095165,1
91.94,0.3,410.051210102676,0.0556334112822022,0.915024957741145,0.656966725692567,1
91.95,0.3,409.537715757417,0.0543133650567126,0.91494043468535,0.657652479965456,0.999613579359328
91.96,0.3,409.029715821992,0.0547087012151707,0.91717044627652,0.659843729473872,0.997869434987067
91.97,0.3,408.527180698964,0.0565072839018455,0.915411749276435,0.658052337178144,0.998398915832124
91.98,0.3,408.030079252134,0.056622434871897,0.915753687931949,0.656174437419511,1
91.99,0.3,407.538378820093,0.055949387728382,0.915731183643,0.657799309797176,0.999075249538762
92,0.3,407.052045230171,0.0558609189653418,0.91632946486827,0.658841864120366,0.999260657307221
92.01,0.3,406.571042812749,0.0554960790470547,0.916002010525488,0.661096788430124,0.999124630955805
92.02,0.3,406.095334415938,0.054560778232658,0.914397383150839,0.656841224803464,1
92.03,0.3,405.62488142064,0.0557297443554185,0.916591037151904,0.656908055197744,0.999203107524295
92.04,0.3,405.159643755968,0.0550693665713472,0.917266655368309,0.65792611656453,1
92.05,0.3,404.699579915024,0.0583136269293446,0.914561906976006,0.657068759280128,1
92.06,0.3,404.244646971054,0.0573991715660721,0.917772860474779,0.656156227612237,0.999627984360506
92.07,0.3,403.794800593948,0.0559153868500852,0.916581008869518,0.659084907631598,1
92.08,0.3,403.349995067105,0.0570119503163469,0.918306649423547,0.657553907601802,1
92.09,0.3,402.910183304651,0.0569895173860824,0.918026121955935,0.659180352629428,0.999937428894252
92.1,0.3,402.475316869015,0.0560314810452481,0.917299875013693,0.656534579941053,1
92.11,0.3,402.045345988847,0.0573619969217872,0.917344138814149,0.656524742431365,0.998860148477016
92.12,0.3,401.620219577298,0.0587482498136276,0.918216215050424,0.657802916735747,0.998080619911618
92.13,0.3,401.199885250638,0.0612883323869173,0.917836065790888,0.656592567593259,0.999528817642624
92.14,0.3,400.784289347231,0.0552555854668045,0.918342285796706,0.656834897940796,1
92.15,0.3,400.373376946843,0.0574699073871247,0.918061970549811,0.658553463795205,0.999705474044192
92.16,0.3,399.9670918903,0.059162448252571,0.918372194299344,0.657342226789587,1
92.17,0.3,399.565376799491,0.0566213000986063,0.916165851082244,0.659108386822762,0.999267925512343
92.18,0.3,399.168173097704,0.0580677367152357,0.918003758598828,0.654909579136918,0.99997296691143
92.19,0.3,398.775421030304,0.0600865105704134,0.919053815094995,0.656924503548508,0.998637174901832
92.2,0.3,398.387059685749,0.0593778280707361,0.916544767119401,0.657001077436597,1
92.21,0.3,398.003027016935,0.0585572284663457,0.918379906343644,0.657914971523974,1
92.22,0.3,397.623259862886,0.0634442300492781,0.916682200791101,0.655164836860727,1
92.23,0.3,397.247693970763,0.0594209462405417,0.917896556970656,0.65517958198029,1
92.24,0.3,396.876264018211,0.0612183151895634,0.918191487925967,0.658207232439149,1
92.25,0.3,396.508903636033,0.0572505623487998,0.920695604374797,0.654784859640113,0.999879651278054
92.26,0.3,396.145545431187,0.0615788459253172,0.918130762553552,0.655570882229646,0.999551164998381
92.27,0.3,395.786121010109,0.0614559073543879,0.91720577067313,0.656625229955002,0.999876636926918
92.28,0.3,395.430561002361,0.0610076809142161,0.919751581054551,0.655742346282249,1
92.29,0.3,395.078795084594,0.0605326566328533,0.918515509872836,0.653757400648994,1
92.3,0.3,394.730752004832,0.0614326701737446,0.919595458130304,0.656792742670275,1
92.31,0.3,394.386359607065,0.0613269490263455,0.919788351677208,0.656919757424009,0.999515892951903
92.32,0.3,394.045544856164,0.0624356778716008,0.91837397357946,0.657091992633553,1
92.33,0.3,393.708233863099,0.0625938056763484,0.918643628678419,0.655306527254564,1
92.34,0.3,393.374351910462,0.0622297297724532,0.918864023193952,0.656077892734654,1
92.35,0.3,393.043823478298,0.0622682392020328,0.918762761826173,0.654710021556389,1
92.36,0.3,392.716572270239,0.0630550502879224,0.920303324876291,0.656312198384364,1
92.37,0.3,392.39252123992,0.0620447804205164,0.918155602562619,0.653511283571162,0.999521272791095
92.38,0.3,392.071592617711,0.0614898951694201,0.919366322641555,0.65727722877731,0.997230495069292
92.39,0.3,391.753707937717,0.0624439535235906,0.91693030656257,0.655183894172947,0.999125286760808
92.4,0.3,391.438788065072,0.0617674849118631,0.919589092249142,0.653070608085382,1
92.41,0.3,391.126753223518,0.0639629448250643,0.918753448620909,0.651122452677609,1
92.42,0.3,390.817523023253,0.0638406566187994,0.919203763245315,0.653789802061295,0.999622426838923
92.43,0.3,390.511016489052,0.0616945890931075,0.918506231357779,0.653145193406986,0.999816939613989
92.44,0.3,390.207152088657,0.0639698637195077,0.918983528200776,0.654516065773572,1
92.45,0.3,389.905847761426,0.0627457914369351,0.918818995615216,0.655137823517205,0.999305641884448
92.46,0.3,389.607020947238,0.0629502782207213,0.919428596297617,0.653257597981189,1
92.47,0.3,389.310588615645,0.0644280688721711,0.917734283484434,0.651907563656298,1
92.48,0.3,389.016467295273,0.0636982481733583,0.918325734595422,0.654023867824756,0.999754681726116
92.49,0.3,388.724573103456,0.0611570869356195,0.917201003195257,0.65207564609531,0.999686793043974
92.5,0.3,388.4348217761,0.0636217425123329,0.920246497548004,0.651797652254294,0.998112157200915
92.51,0.3,388.14712869777,0.0629751553486077,0.919372321583505,0.650144179609541,1
92.52,0.3,387.861408931997,0.0656151370282091,0.918009118749301,0.653758565618582,0.998813761509044
92.53,0.3,387.577577251792,0.0633952139453153,0.916384837642973,0.648878153926164,1
92.54,0.3,387.295548170356,0.0638190214614076,0.917449823801105,0.653350119707631,0.998792608508298
92.55,0.3,387.015235971984,0.0630673226997698,0.917206631165508,0.653400877068357,0.999637075543526
92.56,0.3,386.73655474316,0.0650100743797242,0.919791493625163,0.650733667498879,0.998027216108744
92.57,0.3,386.459418403813,0.0672633251788831,0.920772429332501,0.653828838681901,1
92.58,0.3,386.183740738756,0.067862871831483,0.920539915763972,0.653790734885369,1
92.59,0.3,385.909435429264,0.0656378503770103,0.917512248341229,0.652954987153151,0.999615571209715
92.6,0.3,385.636416084809,0.0663487321580987,0.917377938280823,0.649150955901062,1
92.61,0.3,385.364596274925,0.0642210087542244,0.916905485755782,0.64869215425559,0.999398240067628
92.62,0.3,385.093889561209,0.0658511843088426,0.92087128226541,0.654447739476715,1
92.63,0.3,384.824209529419,0.0697180569697232,0.919293361162769,0.651138013603454,0.999585530616431
92.64,0.3,384.555469821698,0.0658399982471828,0.916914285228342,0.650670762848436,0.999087304683802
92.65,0.3,384.287584168867,0.0671327689851678,0.919791218546003,0.650549410239408,1
92.66,0.3,384.020466422822,0.0672410773264379,0.918407077033152,0.649824271575495,0.997998805678693
92.67,0.3,383.754030588977,0.0667160503493555,0.919599838141511,0.648724119449603,0.998674003078334
92.68,0.3,383.488190858782,0.0686579712923091,0.920639034677854,0.649799386093667,0.999272357823171
92.69,0.3,383.222861642272,0.0686430084155739,0.918638771258143,0.646690777195259,1
92.7,0.3,382.957957600653,0.0679732604355087,0.919054858156953,0.64870239947907,1
92.71,0.3,382.693393678903,0.0650166111690793,0.918522729174864,0.648807864794552,0.998893603423442
92.72,0.3,382.42908513838,0.0665624858964623,0.919471966837838,0.650411164491845,1
92.73,0.3,382.164947589408,0.0670765010540239,0.91548206546432,0.647203033596771,0.999067478070516
92.74,0.3,381.900897023861,0.0684269509102595,0.918398520340007,0.649611122021015,1
92.75,0.3,381.636849847687,0.0687049913375519,0.919512381145276,0.648862867168662,1
92.76,0.3,381.372722913388,0.0682458723091509,0.918655766394547,0.649709899749483,0.999342859210401
92.77,0.3,381.108433552432,0.0700246534065105,0.917133642982785,0.646541042878875,0.99981686761164
92.78,0.3,380.843899607587,0.0694458051441632,0.918713977228391,0.648755202719009,0.998410269127041
92.79,0.3,380.579039465142,0.0702359258789809,0.917678224371756,0.649177894340046,0.999679043082178
92.8,0.3,380.313772087028,0.0683926459291259,0.915095629222172,0.648852366078032,0.999106683782175
92.81,0.3,380.048017042806,0.0673954734055782,0.917650451242722,0.647330400555441,1
92.82,0.3,379.781694541504,0.067549285074233,0.916728747839403,0.647212904515271,0.998116566414998
92.83,0.3,379.514725463299,0.0680838488778914,0.9181752124234,0.647624729676194,1
92.84,0.3,379.247031391017,0.0660159090752709,0.914167803701322,0.647785985260084,0.999362960129439
92.85,0.3,378.978534641442,0.0697028822896669,0.917566504432171,0.647162354453546,1
92.86,0.3,378.709158296408,0.0690647202097999,0.918778119237257,0.64623178762319,1
92.87,0.3,378.438826233673,0.0680017255074631,0.918075739579715,0.647762931701716,0.998315021607772
92.88,0.3,378.167463157537,0.0681762988587496,0.918920058396226,0.645501011174399,1
92.89,0.3,377.894994629209,0.0696853583233689,0.916430113389621,0.645376331665363,1
92.9,0.3,377.621347096887,0.0687810321360595,0.919577034120955,0.646685504858376,1
92.91,0.3,377.346447925552,0.0703473490008243,0.916726560150396,0.645761378285207,0.998408946137866
92.92,0.3,377.07022542644,0.0710526009812196,0.917520037460075,0.646790436280174,0.999564172040104
92.93,0.3,376.79260888619,0.0700006488002019,0.914722799415831,0.646849775659964,0.999544978377922
92.94,0.3,376.513528595646,0.0687364599436166,0.915575143339603,0.645321097173605,1
92.95,0.3,376.23291587829,0.072111010416389,0.91662475040421,0.648102468855966,0.999006989656877
92.96,0.3,375.950703118298,0.0711233287414611,0.917457634735283,0.644828894865142,0.998442442944671
92.97,0.3,375.666823788199,0.0698245166708413,0.915868331531982,0.646165125639072,0.999519355786017
92.98,0.3,375.381212476117,0.0725285531583107,0.91754793727455,0.645345805002781,1
92.99,0.3,375.093804912579,0.069459119550888,0.915074294200324,0.643660805176006,0.998302875207825
93,0.3,374.804537996878,0.0716312695543009,0.916833860290154,0.644925276103557,0.999611198431049
93.01,0.3,374.513349822967,0.0709905476799424,0.918399229525414,0.643999204019003,0.999037611988037
93.02,0.3,374.220179704874,0.0718340393050892,0.917228089426608,0.646786346767403,0.999628802465152
93.03,0.3,373.924968201619,0.0710916918584534,0.916327749136735,0.642075369230176,1
93.04,0.3,373.627657141609,0.0705195159377015,0.913584483513415,0.645539285369679,1
93.05,0.3,373.328189646513,0.0729946755745225,0.914988899242614,0.644654433610287,1
93.06,0.3,373.02651015458,0.0708187402941528,0.9156545663521,0.642701509807641,0.998504021330319
93.07,0.3,372.722564443399,0.0732449794595417,0.915150939572826,0.644481197507216,0.999200878592208
93.08,0.3,372.416299652086,0.0734863066609986,0.914475911451645,0.641903807338481,1
93.09,0.3,372.107664302864,0.0745942964986622,0.917885307257435,0.646260140578809,0.997843799818559
93.1,0.3,371.796608322054,0.0717944788661389,0.916438804781837,0.643381312150491,0.999922815666242
93.11,0.3,371.483083060424,0.0716682636281381,0.916227461449364,0.643738464471063,1
93.12,0.3,371.167041312918,0.0697607854428721,0.91404666830486,0.643129816991709,1
93.13,0.3,370.848437337722,0.0750560997536071,0.914962610690562,0.644538853879206,1
93.14,0.3,370.527226874673,0.0718361102437734,0.917831537022489,0.641043516401943,1
93.15,0.3,370.203367162987,0.0752265630917875,0.915842609893708,0.642820285995661,0.999462912603649
93.16,0.3,369.876816958299,0.0739959286741787,0.915430088131797,0.640774006119126,0.997710348568798
93.17,0.3,369.547536549,0.0706715010585202,0.913703678550872,0.64067102550922,1
93.18,0.3,369.215487771855,0.0763681307260095,0.911128753436202,0.64224286563623,0.999961238444269
93.19,0.3,368.880634026906,0.0727667514530271,0.914809453808709,0.645202445345012,0.998425463856396
93.2,0.3,368.542940291622,0.072391191579061,0.915577039733397,0.642826679520255,1
93.21,0.3,368.202373134314,0.0756513174702974,0.914310777840703,0.640819915030281,1
93.22,0.3,367.858900726787,0.0727203624150921,0.916742201277575,0.640426365382818,0.999741905565496
93.23,0.3,367.512492856226,0.0768151571603948,0.914404649552536,0.642448816936943,0.99830199467174
93.24,0.3,367.163120936302,0.0758948479700117,0.913427276213137,0.64109248854296,1
93.25,0.3,366.810758017496,0.0733910337036466,0.914888075483201,0.641273674557363,1
93.26,0.3,366.455378796629,0.0744823517320341,0.912883195726251,0.642701434348944,0.99988211328775
93.27,0.3,366.096959625587,0.0757958220192231,0.912438082215077,0.641417482764396,0.999781785587944
93.28,0.3,365.735478519247,0.0734450844250622,0.914464093120393,0.642242467931405,0.99985372023985
93.29,0.3,365.370915162579,0.07574138093333,0.914435990391721,0.643348688378831,1
93.3,0.3,365.003250916934,0.0780209678731049,0.914115362367394,0.639648780807063,1
93.31,0.3,364.632468825505,0.075682823496912,0.910946690979769,0.644492435749996,0.998694851993563
93.32,0.3,364.258553617956,0.0752636140006744,0.914303640274234,0.642080113697378,1
93.33,0.3,363.881491714219,0.0779010304278201,0.915085205868447,0.643001661831659,0.999828546019965
93.34,0.3,363.501271227455,0.0776157456855928,0.913935277526316,0.643928106368506,1
93.35,0.3,363.117881966175,0.0755077087960007,0.914055892727173,0.639148441689958,0.998544446197917
93.36,0.3,362.731315435511,0.0780623222996122,0.913505558949789,0.641085719581484,0.999581038165608
93.37,0.3,362.341564837654,0.0777937081221881,0.911395182431268,0.642872643520566,0.997704979876838
93.38,0.3,361.94862507144,0.0792940000361017,0.914198710118928,0.642652730495942,1
93.39,0.3,361.552492731094,0.0787327466811502,0.910483177793205,0.643001016718019,1
93.4,0.3,361.153166104126,0.0774778277883232,0.910113736210259,0.641001186184766,0.99939408291623
93.41,0.3,360.750645168391,0.0749051565004693,0.911815380233891,0.640016581659079,1
93.42,0.3,360.344931588295,0.0780843671815497,0.910557659849644,0.641076317599181,1
93.43,0.3,359.936028710172,0.0806049242260483,0.908275839104356,0.642324556420725,1
93.44,0.3,359.523941556818,0.0797349299090572,0.911492087449599,0.63985936561815,0.996732054708349
93.45,0.3,359.108676821196,0.0780674716408608,0.912866209252202,0.644163665596751,0.999632360035789
93.46,0.3,358.690242859305,0.0772518133650853,0.912245166620863,0.641970147109484,0.999607024998739
93.47,0.3,358.268649682235,0.080262939031738,0.909573316482161,0.641463952041499,0.997031960246694
93.48,0.3,357.843908947393,0.0780459456874542,0.911773400784723,0.643535595169673,1
93.49,0.3,357.416033948923,0.0794873021396413,0.910164454392209,0.641030151534805,1
93.5,0.3,356.985039607317,0.0820616080759331,0.908928132411659,0.642083038868209,1
93.51,0.3,356.550942458227,0.0799048062213962,0.908955953870622,0.642008955880019,1
93.52,0.3,356.11376064049,0.0815007689827053,0.910059772096016,0.64166551211388,0.999684442045279
93.53,0.3,355.673513883365,0.0814304034818148,0.910254490477235,0.641208895589257,0.999433927130594
93.54,0.3,355.230223493001,0.0795972291788816,0.91034862125318,0.641541040605199,1
93.55,0.3,354.78391233814,0.0808990126842476,0.907305717582249,0.642003570061984,1
93.56,0.3,354.334604835068,0.0824983897361309,0.907957586903851,0.642583833968077,0.999186606011182
93.57,0.3,353.882326931818,0.0811257901963007,0.907763216255081,0.643995922827024,0.99951595423565
93.58,0.3,353.427106091656,0.084128548250809,0.908997241482389,0.642842046429655,1
93.59,0.3,352.968971275824,0.0805434882066386,0.908812796500549,0.641901208672436,1
93.6,0.3,352.507952925603,0.0836601840221197,0.906933356706949,0.644100483907578,1
93.61,0.3,352.044082943661,0.0842375921965845,0.90880663330122,0.641277875423098,0.999372782590395
93.62,0.3,351.577394674732,0.0833309912886755,0.910298871406955,0.639878759841755,1
93.63,0.3,351.107922885625,0.0843623983840083,0.909539159550942,0.643260948375092,1
93.64,0.3,350.635703744575,0.0840588541942231,0.909097934005537,0.639033655504551,1
93.65,0.3,350.160774799971,0.083464254023382,0.908037481051073,0.642830975509915,1
93.66,0.3,349.683174958444,0.0838376453499284,0.9079770504784,0.643875502058373,1
93.67,0.3,349.202944462359,0.0852278069419537,0.908064795368084,0.642529472087239,1
93.68,0.3,348.720124866715,0.0868547599265408,0.905242118389377,0.644076353613602,1
93.69,0.3,348.234759015466,0.0849382791419138,0.909706086952815,0.642723837504189,1
93.7,0.3,347.746891017291,0.0856208881268898,0.906381823107236,0.644149728519296,0.997101316240611
93.71,0.3,347.256566220815,0.0871426011749206,0.905435450850025,0.641739038211371,0.99988101994021
93.72,0.3,346.763831189316,0.0855170607842174,0.907510733198631,0.643870350338291,0.999983090831018
93.73,0.3,346.268733674917,0.0866189924020706,0.907444100859388,0.643504691241931,0.999859235774824
93.74,0.3,345.771322592302,0.0881839492009824,0.9063722975321,0.644301649185678,1
93.75,0.3,345.271647991949,0.0866343670867765,0.905474821378677,0.641801702963418,1
93.76,0.3,344.769761032923,0.0895826670954349,0.905239240680492,0.642212313000812,0.999225936005443
93.77,0.3,344.265713955232,0.0868994664948274,0.906721252191027,0.642323791514138,0.999293157335248
93.78,0.3,343.759560051773,0.0891689538408408,0.906322518966587,0.641971553892747,1
93.79,0.3,343.251353639876,0.087670393529631,0.906523206029255,0.64466418169074,1
93.8,0.3,342.741150032489,0.0880833569771827,0.903077565293486,0.644520878310192,0.998991548290549
93.81,0.3,342.229005508988,0.0884795502231059,0.908149436695654,0.643270515531784,0.999348462355801
93.82,0.3,341.714977285664,0.0879849009589734,0.906515003876763,0.644196071546234,0.99962512351842
93.83,0.3,341.199123485894,0.0858404145000815,0.904240698067689,0.643395056081432,1
93.84,0.3,340.681503110009,0.0904318773528297,0.905600644762599,0.64534532413661,1
93.85,0.3,340.162176004888,0.0900569503424685,0.902187338392056,0.644678629770169,1
93.86,0.3,339.641202833297,0.0911848872582922,0.9044086726375,0.643913073140316,0.999955702175369
93.87,0.3,339.118645042988,0.0902182881242409,0.902565172496189,0.64587198307074,1
93.88,0.3,338.594564835583,0.0907407217281451,0.906015444794922,0.642975079122723,0.999785531624831
93.89,0.3,338.069025135262,0.0908457923204527,0.903101042732538,0.643677249443261,0.998926610120401
93.9,0.3,337.542089557266,0.0920765680409953,0.901557139471493,0.64578583515405,1
93.91,0.3,337.013822376254,0.0897498468715828,0.905122844268134,0.645156411847532,1
93.92,0.3,336.484288494506,0.0908005049805223,0.900399841961339,0.644858023502004,0.999142851368985
93.93,0.3,335.953553410027,0.0914235766839512,0.903961946640191,0.643209819724368,1
93.94,0.3,335.421683184531,0.0940346000406723,0.904011790822552,0.642479442073979,0.997590695580732
93.95,0.3,334.888744411361,0.0923895361239959,0.903681170748694,0.644611600578879,1
93.96,0.3,334.35480418334,0.0940553968086304,0.901723363902339,0.643815036332881,0.999581484642342
93.97,0.3,333.819930060583,0.092440396012604,0.902928049171148,0.641985426417469,1
93.98,0.3,333.284190038286,0.0939782494136908,0.898224484868951,0.645683735579256,0.999958641270983
93.99,0.3,332.747652514509,0.09435963889912,0.900192773307606,0.645494702888541,1
94,0.3,332.210386257971,0.0929022434373878,0.902123144056995,0.645008366713379,1
94.01,0.3,331.672460375887,0.0942018124485992,0.900446664395223,0.647911148685956,1
94.02,0.3,331.133944281842,0.0952843202985191,0.902376362708084,0.647281933242463,1
94.03,0.3,330.594907663741,0.0942353555700634,0.900532860742168,0.644751378036538,1
94.04,0.3,330.055420451841,0.0927910720293909,0.898944145383761,0.645109477297361,0.99882598999689
94.05,0.3,329.515552786886,0.0949270266849509,0.900080687561256,0.648728623816155,0.999638680781183
94.06,0.3,328.975374988364,0.095044929573107,0.900150094101624,0.646976822250011,1
94.07,0.3,328.434957522891,0.0969108790026864,0.898069638786921,0.645765329966524,1
94.08,0.3,327.894370972757,0.0957247461613684,0.900014282283509,0.644317133850082,1
94.09,0.3,327.353686004632,0.0939584910931615,0.897541981603959,0.645566001239323,0.997670241476141
94.1,0.3,326.812973338456,0.094583030406161,0.898969921266124,0.648145695696382,1
94.11,0.3,326.272303716533,0.0974398099804594,0.898956278019877,0.647443299055992,0.999208979010117
94.12,0.3,325.731747872828,0.0981788828170904,0.897223740379216,0.645809614920671,0.998641751389581
94.13,0.3,325.191376502498,0.0938481016891042,0.896895751463741,0.6495636141268,1
94.14,0.3,324.651260231663,0.0983404681506157,0.899590560885469,0.650944944018294,1
94.15,0.3,324.111469587434,0.0979976115820302,0.897899452995423,0.649806079856581,0.999635078415146
94.16,0.3,323.572074968197,0.0976876194887576,0.89611885925208,0.648198938282158,1
94.17,0.3,323.033146614199,0.101619997216745,0.898374873989631,0.64894950641197,1
94.18,0.3,322.494754578406,0.100066985423526,0.89685026846661,0.644517991732101,1
94.19,0.3,321.956968697678,0.0991115520332152,0.895108399032328,0.648724488435489,0.998965731511177
94.2,0.3,321.419858564261,0.099181949956639,0.895810076282681,0.649634714155864,0.99722762832782
94.21,0.3,320.883493497598,0.0997829451865586,0.896332285420803,0.65029006789628,0.998558894044403
94.22,0.3,320.347942516491,0.100770444301236,0.896681601619104,0.649780667549547,1
94.23,0.3,319.813274311602,0.101475796696981,0.896886191469606,0.648377955999396,1
94.24,0.3,319.279557218316,0.10243849698146,0.894439727071418,0.649802521087044,1
94.25,0.3,318.746859189975,0.0995172562952829,0.89441055229644,0.649774909514044,0.998314743936989
94.26,0.3,318.215247771488,0.10406936983637,0.894730684468518,0.650728108477732,0.998212610343666
94.27,0.3,317.684790073321,0.10223970755096,0.895462815524444,0.651106261291736,1
94.28,0.3,317.155552745894,0.102421924879376,0.895060352279366,0.650536402691371,0.998037882066692
94.29,0.3,316.627601954367,0.104379444538368,0.893713551534107,0.649384459220001,0.997446679043802
94.3,0.3,316.101003353839,0.104213561435851,0.895035123403909,0.650898489002962,0.999783631221781
94.31,0.3,315.575822064971,0.103826235215001,0.896641243772604,0.649375173324118,1
94.32,0.3,315.052122650018,0.103121322851792,0.893709036300863,0.653507668478967,1
94.33,0.3,314.529969089301,0.104754652337327,0.895269154075532,0.649897101647686,0.999384355253501
94.34,0.3,314.009424758109,0.103533358634807,0.892697951858882,0.650938141680273,1
94.35,0.3,313.49055240404,0.107133689351717,0.892648888486893,0.654264250757719,0.999112363740611
94.36,0.3,312.973414124784,0.106356312638762,0.892308742833614,0.649273728880513,0.99969789965741
94.37,0.3,312.458071346364,0.104362036633314,0.889870433631079,0.650088430870726,1
94.38,0.3,311.944584801817,0.104671700539004,0.890554991253548,0.651843583288533,0.999008320557154
94.39,0.3,311.433014510346,0.104935720091824,0.890356308592546,0.651114288784955,1
94.4,0.3,310.923419756914,0.106997637702223,0.890209838655274,0.652452136179466,1
94.41,0.3,310.415859072323,0.106642874384692,0.891178046897235,0.653192363708845,0.999125266225463
94.42,0.3,309.910390213733,0.107097309612327,0.887570803928245,0.652223617959562,0.997052752608563
94.43,0.3,309.407070145673,0.109559184204556,0.890500901592256,0.650976791260082,1
94.44,0.3,308.905955021502,0.109186006773295,0.889351872619377,0.654182389674875,0.999333863505293
94.45,0.3,308.407100165353,0.110751110071442,0.888348146088775,0.65197723192428,0.999088673432662
94.46,0.3,307.910560054543,0.110280754253958,0.888592006226096,0.652106834163625,0.999029172785526
94.47,0.3,307.416388302455,0.112417610620852,0.888657335816342,0.652565797057645,0.999492330002961
94.48,0.3,306.924637641901,0.108465815629753,0.8898871791611,0.654176529584528,0.99896584112634
94.49,0.3,306.435359908946,0.110638557695011,0.890145162974505,0.653119653660777,1
94.5,0.3,305.948606027218,0.109112771013336,0.886456393544175,0.655877875560883,1
94.51,0.3,305.464425992684,0.111257531266587,0.888056919267609,0.652377942100037,1
94.52,0.3,304.982868858894,0.111059130275242,0.888741962925412,0.657237230475862,0.996902644469254
94.53,0.3,304.503982722713,0.109948336920169,0.88885286702799,0.653605422876869,0.99816722600073
94.54,0.3,304.0278147105,0.11189952854127,0.88803454512922,0.652323984559218,0.999637675481595
94.55,0.3,303.554410964778,0.111442819935252,0.88580959055658,0.652059733905228,1
94.56,0.3,303.083816631354,0.114172333322946,0.888182027092065,0.656219429078187,0.999517481297784
94.57,0.3,302.616075846915,0.112112197728134,0.887471433639183,0.656027465197286,0.999969436390393
94.58,0.3,302.151231727081,0.110799055389567,0.888435967304386,0.656457037654002,0.998883749032779
94.59,0.3,301.689326354924,0.111149399187126,0.888731423717269,0.654094035296294,0.997798455912832
94.6,0.3,301.230400769939,0.1149428476234,0.885080915623571,0.65523302629685,0.999622175796292
94.61,0.3,300.774494957476,0.114698655118594,0.885693976736429,0.656463964145579,1
94.62,0.3,300.321647838622,0.114102813040155,0.887054159319842,0.654970735630873,1
94.63,0.3,299.871897260529,0.112045127022848,0.885281742563635,0.655990179246069,0.997613665898495
94.64,0.3,299.425279987201,0.112476268292313,0.887120364332131,0.655792698110864,1
94.65,0.3,298.981831690707,0.11303568275937,0.88459413399516,0.658344744024977,1
94.66,0.3,298.541586942847,0.113318444022128,0.883647688055788,0.656389041197764,0.999811394581955
94.67,0.3,298.104579207247,0.112936452413331,0.885268920262509,0.655316804291256,0.998558372232471
94.68,0.3,297.670840831888,0.114986390585766,0.88518260555518,0.654281892785313,1
94.69,0.3,297.240403042067,0.115433540467485,0.883433525616028,0.655084336369831,0.999080896367163
94.7,0.3,296.813295933775,0.11743955405912,0.883655978602098,0.657061969137011,0.99959487406129
94.71,0.3,296.389548467505,0.11713539165345,0.884704417801456,0.656311951188795,0.997948195261095
94.72,0.3,295.969188462468,0.11431667046866,0.88226436666385,0.65645170973554,0.99972309858353
94.73,0.3,295.552242591225,0.118353235394164,0.879253710438235,0.657585132806321,0.997685258946986
94.74,0.3,295.138736374732,0.116707180275002,0.882568978519642,0.657666404844732,0.998772592266777
94.75,0.3,294.72869417778,0.115808372762424,0.878545003765647,0.656049859263934,1
94.76,0.3,294.32213920484,0.116697230625429,0.881022139921198,0.655467355889501,1
94.77,0.3,293.919093496306,0.119444871824362,0.877981932604729,0.659118830018898,0.999976559575109
94.78,0.3,293.519577925125,0.117141709860452,0.881051232343222,0.658604549755271,1
94.79,0.3,293.123612193813,0.116715815935697,0.881270362780007,0.660289234547584,1
94.8,0.3,292.73121483186,0.11854385583985,0.88276168750036,0.65912314532143,1
94.81,0.3,292.342403193509,0.120755354538897,0.880022538116389,0.657251106382699,1
94.82,0.3,291.957193455906,0.118696197477353,0.880440288139801,0.654708438832648,1
94.83,0.3,291.575600617632,0.119269990447468,0.880586121160353,0.659721468554102,0.999930188092684
94.84,0.3,291.197638497582,0.120071635561872,0.879077719650256,0.657187385047574,0.999183150341463
94.85,0.3,290.823319734224,0.120555823565674,0.87877779165633,0.657662095091473,0.997054032951929
94.86,0.3,290.452655785205,0.120670777767484,0.877947581473229,0.657921230009309,0.999159851553466
94.87,0.3,290.085656927313,0.117980278372303,0.876760254231352,0.658795152657442,0.99992939983662
94.88,0.3,289.722332256787,0.119535765133857,0.878755909163261,0.657742729786617,0.999874045408942
94.89,0.3,289.362689689975,0.118481813285745,0.877330237419433,0.659907440648187,0.99850330832538
94.9,0.3,289.006735964331,0.120615614712053,0.875462353169711,0.660031861859745,1
94.91,0.3,288.65447663975,0.12000394287809,0.87816469784586,0.658935075800571,1
94.92,0.3,288.30591610024,0.119348828884673,0.876858232017939,0.656766183473342,1
94.93,0.3,287.961057555914,0.120738595382781,0.878235814680523,0.657688336022316,1
94.94,0.3,287.619903045325,0.123641048395615,0.87656721620347,0.658131550608162,0.999316420367708
94.95,0.3,287.282453438106,0.121271710288378,0.87554750468741,0.657877017777712,1
94.96,0.3,286.948708437943,0.123817559508445,0.877132469416521,0.65985712746247,1
94.97,0.3,286.618666585861,0.122358372758763,0.874076622164181,0.658526101244337,0.999704105247957
94.98,0.3,286.292325263813,0.122392857402984,0.875223885690057,0.661051444839387,0.998315430174144
94.99,0.3,285.969680698596,0.122215681466366,0.876768533842644,0.657687472603807,1
95,0,285.650727966059,0.123104580010409,0.875873702836855,0.659509538162325,1
95.01,0,285.335460995624,0.121959702344535,0.874112889518214,0.658148075398764,0.998673385367581
95.02,0,285.0238725751,0.124427816812243,0.876240424312726,0.659544260086896,0.998552187712779
95.03,0,284.715954355803,0.124018743256656,0.876185690693066,0.657682203086436,1
95.04,0,284.411696857967,0.121006417553031,0.874861695292005,0.657783908787737,0.999479413570524
95.05,0,284.111089476447,0.123356868924197,0.872788542039185,0.658942114327808,1
95.06,0,283.814120486718,0.12382634084259,0.875411282880776,0.661508249338151,1
95.07,0,283.520777051158,0.122624149156437,0.873062187174524,0.660661939067778,1
95.08,0,283.231045225611,0.123427674210595,0.871393614075805,0.657964815014982,1
95.09,0,282.944909966251,0.125070729580535,0.873083309706348,0.654903093615947,1
95.1,0,282.662355136709,0.123762891324979,0.872169536016743,0.65972185027562,0.999228451085993
95.11,0,282.383363515491,0.124620520017609,0.872942019359787,0.655807298523949,0.998776543879272
95.12,0,282.107916803672,0.124458826164262,0.871902498278126,0.659467762700921,0.998465246877714
95.13,0,281.835995632862,0.124720981460644,0.871178067807915,0.658589375056913,0.998496941518871
95.14,0,281.567579573453,0.126747804658137,0.871347995955268,0.657731427864836,1
95.15,0,281.302647143134,0.124031953151904,0.872209293013011,0.659041827020532,0.996491980962932
95.16,0,281.041175815678,0.128898497582573,0.870215315266974,0.659133372784379,1
95.17,0,280.783142030004,0.127057772203745,0.868959644739161,0.659096001843568,0.999974989587693
95.18,0,280.5285211995,0.12593485927921,0.872083334415531,0.656924011661338,0.997995257498329
95.19,0,280.277287721621,0.125074268266513,0.870635805757406,0.658858510635895,1
95.2,0,280.029414987748,0.12611300696802,0.870335196644986,0.65851468994492,1
95.21,0,279.784875393314,0.127679336892945,0.86901236366214,0.658757602384749,1
95.22,0,279.543640348194,0.129560283424476,0.869378806792383,0.657959891115975,0.997337385762014
95.23,0,279.30568028736,0.126561384524295,0.870297925970795,0.65752756672869,1
95.24,0,279.070964681796,0.126060000632046,0.870661783347275,0.65844579291544,1
95.25,0,278.83946204967,0.126904477300752,0.868591088327814,0.657832754908205,0.998764980089825
95.26,0,278.61113996778,0.12640782003947,0.868138002994054,0.659620805576523,0.999423041960321
95.27,0,278.38596508324,0.125905483011325,0.865308470282133,0.660271940584642,1
95.28,0,278.163903125444,0.127232436653522,0.867812251937085,0.65952721250896,0.999289825284317
95.29,0,277.944918918273,0.129067775773389,0.863916919450923,0.656226298859288,1
95.3,0,277.728976392566,0.126719574062455,0.864275714025322,0.657043559226789,0.999418870248459
95.31,0,277.516038598852,0.128442524011005,0.866583225757653,0.656152176096288,1
95.32,0,277.306067720322,0.129295328995493,0.865607928232722,0.656130204087316,1
95.33,0,277.099025086074,0.129847863640439,0.863682004550303,0.657380358768639,0.998720153609682
95.34,0,276.894871184597,0.128023556848742,0.866051512796943,0.656505672752313,0.999281840719827
95.35,0,276.693565677521,0.127902291591442,0.863354410628867,0.657123868960141,1
95.36,0,276.495067413607,0.129603396688487,0.864199311164903,0.655171282254379,1
95.37,0,276.299334442999,0.129450587872461,0.865905383610748,0.655535661920701,1
95.38,0,276.106324031715,0.12817321568942,0.867023303650748,0.654371139647419,0.998320542332649
95.39,0,275.915992676404,0.127195322594428,0.863545213658229,0.656592475128378,1
95.4,0,275.728296119331,0.12898213390359,0.86319327410356,0.657797041369381,1
95.41,0,275.543189363631,0.131589481176817,0.865432201658916,0.656787628343435,0.999106366078106
95.42,0,275.360626688789,0.127825511721715,0.864380714356549,0.657061428740192,1
95.43,0,275.180561666378,0.129558214904558,0.861421870361506,0.656075879706259,0.999760894555868
95.44,0,275.002947176041,0.133320732228439,0.860698034103722,0.65710377674079,0.998121741220553
95.45,0,274.827735421703,0.129036036167147,0.863210415758401,0.655882468660421,0.999262465529615
95.46,0,274.654877948041,0.130038124983726,0.86279251496248,0.656664991585654,0.999987702349758
95.47,0,274.48432565718,0.132969394676482,0.86264369169488,0.656228978855203,0.998075899684109
95.48,0,274.31602882563,0.129643115326187,0.862354165670804,0.656700075219993,1
95.49,0,274.149937121464,0.131339790170098,0.862317135205792,0.654023625976829,1
95.5,0,273.985999621722,0.12956344122034,0.86326878332812,0.657429243815416,1
95.51,0,273.824164830049,0.127702020590577,0.863140938963262,0.653066185726057,0.999623494469378
95.52,0,273.671788278078,0.130824165036226,0.861716690903478,0.65641217068482,0.999715315653191
95.53,0,273.560581994966,0.131765707755312,0.859502511949077,0.653907487308484,0.997181885391821
95.54,0,273.452197940992,0.132410641047099,0.861172490777446,0.652656233336986,0.998346088877801
95.55,0,273.345308662451,0.132959203550797,0.860003172409902,0.654452792634775,1
95.56,0,273.324904457387,0.131156528722656,0.859803986933237,0.655513673088637,0.999397864369346
95.57,0,273.324904457387,0.133747087231734,0.859312017452244,0.653483379485893,0.999989318653657
95.58,0,273.324904457387,0.131665659431855,0.859233244905954,0.655115005636158,0.998539599765073
95.59,0,273.324904457387,0.131073547230081,0.860221205277033,0.655997741523392,0.996882929970279
95.6,0,273.324904457387,0.130675687915527,0.858554385182135,0.654359847817031,1
95.61,0,273.324904457387,0.132441749623947,0.856998682409281,0.653454933384582,1
95.62,0,273.324904457387,0.129609403525269,0.858304027028766,0.654426133628925,0.998749701212036
95.63,0,273.324904457387,0.129857764266143,0.856218601306559,0.653614895188947,0.996305705026805
95.64,0,273.324904457387,0.132753875900692,0.85702718115766,0.652884322002352,0.998887154584002
95.65,0,273.324904457387,0.129967210321035,0.857637502971544,0.651743245840572,1
95.66,0,273.746479108526,0.130244890427296,0.855484085765052,0.652117029622964,0.999108488172008
95.67,0,274.768752695711,0.133548453203039,0.856762694304167,0.654837608513324,0.997907516723514
95.68,0,275.323844058276,0.130708698423628,0.858176754175856,0.653309324540527,1
95.69,0,275.91540835616,0.130647728365874,0.857833802032592,0.653799849287798,1
95.7,0,276.507448964451,0.129257963074344,0.857086033349435,0.652852670934027,1
95.71,0,277.101584770382,0.125356006670503,0.856515956065193,0.651097319109334,0.999082433805066
95.72,0,277.697765210822,0.128008884485399,0.854123370195058,0.650869454302051,0.99937586566368
95.73,0,278.295928146323,0.128088106032538,0.853645301538149,0.652218471360041,0.999756472619112
95.74,0,278.896022362428,0.129773667666707,0.854683116646155,0.652340568674233,0.9984905180286
95.75,0,279.497994470156,0.12779615493333,0.856705914047052,0.652544857432787,1
95.76,0,280.101790511479,0.126563320193544,0.854486806833784,0.652966488856901,1
95.77,0,280.707355849317,0.124849198850099,0.856209366291719,0.652128805232603,0.998197691047635
95.78,0,281.314635193505,0.123934289514956,0.855278243624787,0.651196475956179,1
95.79,0,281.923572619911,0.127063219540506,0.853573349088458,0.651691511013664,0.998426693003407
95.8,0,282.534111590139,0.123095894206894,0.852349622703025,0.65017309564492,1
95.81,0,283.1461949717,0.124750608942812,0.853184324331858,0.650698882742767,1
95.82,0,283.75976505863,0.126759396581535,0.854738983312855,0.651022190352549,0.998959315876725
95.83,0,284.37476359253,0.120235901732488,0.852831038463617,0.649116187083176,1
95.84,0,284.991131784063,0.123592120630737,0.855445598021053,0.650095802768694,1
95.85,0,285.608810334853,0.121843414886735,0.851227765414164,0.650879124279361,1
95.86,0,286.227739459821,0.123097409428787,0.853546432201338,0.649615282089526,1
95.87,0,286.847858909937,0.121238457632975,0.851388768119163,0.651856826877496,0.998822248389961
95.88,0,287.469107995372,0.120898533426959,0.851098738217083,0.65050605826575,0.999474939425177
95.89,0,288.091425609059,0.119320478584921,0.852962475309479,0.648883339267885,0.998262792057497
95.9,0,288.714750250648,0.119406622834778,0.851393818076225,0.648550700786968,0.999787008702053
95.91,0,289.339020050845,0.122562019995886,0.850255116089791,0.647526012589738,0.999548623374432
95.92,0,289.964172796133,0.118102709278677,0.851419470951762,0.646870829790501,0.998871170204094
95.93,0,290.590145953862,0.120434978576235,0.85302838449483,0.650167541628586,1
95.94,0,291.216876697695,0.12004564861418,0.848693275341357,0.648055786155976,1
95.95,0,291.844301933416,0.117852679193394,0.851295783171587,0.646043367748272,1
95.96,0,292.472358325068,0.117228109325118,0.850461167935534,0.646932641213339,0.997913129005683
95.97,0,293.100982321435,0.118428081275745,0.849533760457618,0.64950456166344,1
95.98,0,293.730110182827,0.118276806795329,0.850581660247993,0.645298473053156,0.999362823443403
95.99,0,294.359678008191,0.119367502902854,0.850098181101089,0.648147220004396,0.999164971322784
96,0,294.989621762515,0.116781438535586,0.849324230867068,0.64557074692798,0.998854627305063
96.01,0,295.619877304511,0.117378305030899,0.848918621480539,0.646578165562479,1
96.02,0,296.25038041458,0.11606184443022,0.847638902330971,0.646370233715809,1
96.03,0,296.881066823036,0.114142797764359,0.848335597254306,0.645081212362908,1
96.04,0,297.51187223857,0.115489585328488,0.848197967510001,0.644988386147676,1
96.05,0,298.142732376964,0.117620465598918,0.849216531116044,0.647293217008464,1
96.06,0,298.773582990007,0.113899894648896,0.848839388214735,0.645477582139779,0.998824938883847
96.07,0,299.404359894634,0.115235218872208,0.846285922978861,0.647183046177208,1
96.08,0,300.034999002243,0.113913732769349,0.847702581260788,0.646623009248405,0.994850963592414
96.09,0,300.665436348198,0.113504857366159,0.846409469454931,0.644365968713512,0.999874449897338
96.1,0,301.295608121489,0.11156150383416,0.847806994839425,0.646451065418797,0.999642197220158
96.11,0,301.92545069454,0.112700377019959,0.847942680688191,0.64611989355022,1
96.12,0,302.554900653145,0.113908981663084,0.846211397279313,0.644801913538663,0.999489547800107
96.13,0,303.183894826518,0.111290925205257,0.848426719324195,0.64636049773037,0.998880603314934
96.14,0,303.812370317446,0.110746786294159,0.846410761801752,0.645965852402334,1
96.15,0,304.440264532513,0.11011770703339,0.846582278774091,0.644792945420684,0.997634493660056
96.16,0,305.067515212398,0.110377156025544,0.846882484633154,0.64132616114267,1
96.17,0,305.694060462209,0.111082206152948,0.845988448597904,0.644852598459122,1
96.18,0,306.319838781857,0.109236055080378,0.842450182450558,0.645705500068718,0.999640668415206
96.19,0,306.944789096433,0.111590132522634,0.845995670735553,0.643487612833279,1
96.2,0,307.568850786582,0.106843100679674,0.846031845588668,0.644622561578224,1
96.21,0,308.19196371885,0.107752967913128,0.843573508868501,0.642683618599912,1
96.22,0,308.814068275995,0.107955937794157,0.844820482435124,0.645141951355512,1
96.23,0,309.435105387224,0.107100928157523,0.845858636675425,0.644765684318913,1
96.24,0,310.055016558364,0.106870756755903,0.843446218391262,0.645496957723788,1
96.25,0,310.673743901928,0.107092862394498,0.84702022816905,0.64353199517844,1
96.26,0,311.291230167056,0.109015276136632,0.843353446712738,0.643278415256417,1
96.27,0,311.907418769339,0.108465513803977,0.845359029280127,0.643294440911938,1
96.28,0,312.522253820469,0.102932317061256,0.842345205389285,0.644993461100682,0.999428097457473
96.29,0,313.135680157723,0.106993324759737,0.844426798379946,0.644641657190218,1
96.3,0,313.747643373256,0.107861253037205,0.841458158968888,0.644704593028613,0.999098196311884
96.31,0,314.358089843177,0.108246120925453,0.842086317832265,0.644359407503433,0.999537026410638
96.32,0,314.966966756399,0.102841535144509,0.841743506208176,0.641290693110103,1
96.33,0,315.57422214323,0.1051843133405,0.842199059236179,0.642158347031436,0.998584916035833
96.34,0,316.179804903706,0.104686302272535,0.843265138445247,0.64113305825777,1
96.35,0,316.78366483563,0.102653427318485,0.843553973341669,0.641994648324381,0.999301512594855
96.36,0,317.3857526623,0.102731509763219,0.839470154622577,0.642811976458133,1
96.37,0,317.986020059921,0.100989362083755,0.84068636215054,0.639924764813088,0.998263405274539
96.38,0,318.584419684664,0.102739609307031,0.838438991712501,0.643774785553823,0.998139432006486
96.39,0,319.180905199369,0.102160991800447,0.841845430731017,0.643159941346848,0.999019185580341
96.4,0,319.775431299865,0.103420739627637,0.841786190816821,0.642485399896558,0.998686300892815
96.41,0,320.367953740885,0.102848505216962,0.842217158036166,0.638421683220335,1
96.42,0,320.958429361572,0.10103599662634,0.840506272745523,0.643174022033288,0.997648376820417
96.43,0,321.54681611055,0.0978727563370867,0.840539216473545,0.639326325959868,1
96.44,0,322.133073070534,0.100393276578552,0.842749380994143,0.64195674218647,1
96.45,0,322.717160482483,0.10061327828496,0.84147998900277,0.639943237352842,0.998331193840643
96.46,0,323.299039769256,0.0982406398875601,0.837504948763519,0.644036045841914,1
96.47,0,323.87867355877,0.0986005204939537,0.83801031666905,0.639030965935486,0.997977888385603
96.48,0,324.456025706639,0.100135461513324,0.837944177811266,0.641233068586109,0.999318286210493
96.49,0,325.031061318277,0.0982598102465941,0.840235790504251,0.64024067057646,1
96.5,0,325.603746770449,0.0988874494518674,0.838721756623496,0.64237904090681,0.999429328687138
96.51,0,326.174049732255,0.096513526139811,0.839682430403149,0.640787067715585,0.996342843015301
96.52,0,326.741939185535,0.0970298701225248,0.838805334793535,0.640932777736086,0.999626439940174
96.53,0,327.307385444678,0.0978418117930358,0.841046684428673,0.642071100300585,0.997879421033922
96.54,0,327.870360175817,0.0963635969507576,0.839517911663931,0.64112030201523,0.999485609508174
96.55,0,328.430836415407,0.0946014573145514,0.838052432707065,0.639941487603566,0.999732123559806
96.56,0,328.988788588163,0.0971933854234987,0.839250842920357,0.641154445804869,0.998594702060582
96.57,0,329.544192524344,0.0968075656005202,0.837072382564796,0.643401745440508,1
96.58,0,330.097025476381,0.0952397275492008,0.839331911031831,0.641657010186497,0.999807083727999
96.59,0,330.64726613483,0.0953220416688835,0.840003764072019,0.641763843471671,0.997933732336781
96.6,0,331.194894643635,0.0955076645674999,0.839074394270378,0.639274562767677,0.999756476388663
96.61,0,331.739892614704,0.093344761866475,0.836973471463478,0.642669002162793,0.996734074732854
96.62,0,332.282243141765,0.0955945005252359,0.841674909507238,0.643767357641404,1
96.63,0,332.82193081352,0.0951588888044018,0.837578995184058,0.641430787902364,1
96.64,0,333.358941726065,0.0907516112696359,0.8350676875941,0.640365727937525,0.998294003440483
96.65,0,333.893263494573,0.0975474558857983,0.837322406275079,0.640452265253083,0.998897766217536
96.66,0,334.424885264246,0.0949449749111113,0.837407784624548,0.641190445736328,1
96.67,0,334.953797720505,0.0939782530850647,0.837033301724934,0.640224107411668,0.99922931245033
96.68,0,335.479993098425,0.0939505671466818,0.837046402502669,0.642745141995721,1
96.69,0,336.003465191416,0.0915537382072657,0.833226572908942,0.643028677395172,0.999756918974667
96.7,0,336.524209359116,0.0913398987980172,0.836121699669428,0.642654767388255,0.998780716521779
96.71,0,337.042222534532,0.0908294414715236,0.834068542090299,0.643129678443178,1
96.72,0,337.557503230378,0.0928509631969592,0.83865289787488,0.641523925385327,0.999177181541462
96.73,0,338.070051544644,0.0905034492755196,0.835286209912422,0.642340945095567,1
96.74,0,338.579869165378,0.091220927070788,0.836855721231302,0.641069686820241,1
96.75,0,339.086959374666,0.0908090966209409,0.833021413584949,0.643881978299297,0.999376618780279
96.76,0,339.591327051832,0.0908717993367211,0.836428832713736,0.64130731815088,1
96.77,0,340.092978675836,0.0909599435361089,0.834920903184077,0.641325938328854,0.999316308601649
96.78,0,340.591922326878,0.0885528456678098,0.837600020819537,0.639660695886408,1
96.79,0,341.088167687208,0.0903600326429886,0.835639925331498,0.642976990814029,0.999650487046205
96.8,0,341.581726041138,0.0916057813129361,0.836730722223597,0.641933354005919,0.999525920596007
96.81,0,342.072610274258,0.0877432956974415,0.83368489732499,0.644196954405121,0.999179317815953
96.82,0,342.56083487186,0.0875485873243921,0.83275842904286,0.642642353407054,0.997916911452573
96.83,0,343.046415916567,0.0893763983162465,0.835805621654057,0.642573455453738,0.998961119643122
96.84,0,343.529371085173,0.0861398897590459,0.837299656304197,0.643185353756242,0.999208335060705
96.85,0,344.009719644702,0.0880635629452049,0.835510734875098,0.640848895383632,1
96.86,0,344.487482447668,0.0855156053970799,0.835754596540973,0.640129726084179,1
96.87,0,344.962681926574,0.085982434839188,0.83485582217143,0.642860217866551,0.999664575706962
96.88,0,345.435342087625,0.0869527693584761,0.83593421242054,0.643835303843334,1
96.89,0,345.905488503672,0.0860648949648834,0.833964944180888,0.643280106848806,1
96.9,0,346.373148306399,0.0869929301462649,0.834724623536711,0.642415628166317,0.999651149437369
96.91,0,346.838350177746,0.0858784811476499,0.837245971698041,0.642135480744194,1
96.92,0,347.301124340582,0.0859043430567937,0.833061211469734,0.644866353860437,1
96.93,0,347.76150254864,0.0864078397158579,0.834799870825655,0.643209032696956,1
96.94,0,348.219518075706,0.0841130524442492,0.832487570746043,0.644471668571052,0.999178631616334
96.95,0,348.675205704094,0.0861235857749113,0.832795854399768,0.646063177121086,0.999476066032619
96.96,0,349.128601712393,0.0852435698871303,0.832729738603753,0.643601952152932,0.999826838211463
96.97,0,349.579743862504,0.086356315924702,0.83393796442171,0.642629196138658,1
96.98,0,350.028671385986,0.0857312150995372,0.832763230139223,0.64364515224652,1
96.99,0,350.475424969702,0.084156270824756,0.833843731601998,0.643581302671571,0.999396126553277
97,0,350.920046740791,0.0838774575792692,0.834839960517613,0.64282634081752,0.99938965739335
97.01,0,351.362580250975,0.0847295929024407,0.832722218501164,0.644706522794934,0.999449885158809
97.02,0,351.8030704602,0.0847417735158131,0.832858658814438,0.645631300960508,1
97.03,0,352.24156371964,0.0817355021831894,0.833954526076556,0.644554548421085,0.999751502423754
97.04,0,352.678107754065,0.0837414596630856,0.831606195066339,0.643200432959481,1
97.05,0,353.112751643584,0.080979534146664,0.834014909331454,0.642505278687205,1
97.06,0,353.545545804784,0.0831393775989959,0.834625561588569,0.644453412958051,1
97.07,0,353.976541971274,0.0831991958780705,0.836472990920911,0.646076702900545,0.999354478136771
97.08,0,354.405793173645,0.0817788531075681,0.83186028102216,0.643871897225358,0.999102170933356
97.09,0,354.833353718862,0.0808396316927649,0.832334675716885,0.64586469925796,1
97.1,0,355.259279169098,0.0809034995662855,0.832458341998567,0.646607553419824,0.998680758020746
97.11,0,355.683626320033,0.0835409073730142,0.830232268548872,0.646582851767948,0.998443945842586
97.12,0,356.106453178623,0.0835170636353534,0.832170874747261,0.644489447787574,1
97.13,0,356.527818940356,0.0821447995113663,0.833158467671499,0.645388631039848,0.999590133144475
97.14,0,356.947783966014,0.0790471000786271,0.832404760273481,0.64574075777509,1
97.15,0,357.366409757948,0.0798003549545794,0.833916300706396,0.647373425032001,0.999207125118342
97.16,0,357.783758935889,0.08152305376485,0.827981935037215,0.645476488387293,0.999653598273121
97.17,0,358.199895212304,0.079428474455673,0.831490199319621,0.647470834516399,0.999923293835051
97.18,0,358.614883367316,0.0803245730257442,0.830487293025072,0.643875501372447,0.998689556721683
97.19,0,359.0287892232,0.0801013373432724,0.830907200760034,0.645402139432697,1
97.2,0,359.441679618473,0.0785505533671041,0.836371411832973,0.645174570943029,1
97.21,0,359.853622381597,0.0800675232961402,0.833425820816619,0.648024050320617,1
97.22,0,360.264686304298,0.0800556864736125,0.832380115663407,0.648639023209234,1
97.23,0,360.674941114531,0.0760771937232033,0.832789008037679,0.646369388835238,0.999173884088673
97.24,0,361.084457449097,0.0767686852456465,0.831267666493124,0.647802466213017,1
97.25,0,361.493306825936,0.0791626095413022,0.831068024071927,0.64714980428765,1
97.26,0,361.901561616096,0.0791731525077873,0.832086743197749,0.649668291774056,0.99978005985892
97.27,0,362.309295015417,0.0764031868768543,0.831913516603703,0.64963355128291,1
97.28,0,362.716581015924,0.0778587832155617,0.82957408401217,0.644275373333144,1
97.29,0,363.12349437695,0.0755624530050238,0.833031895345296,0.649578838611709,0.999518305936113
97.3,0,363.530110596019,0.074608812207381,0.829872381423149,0.650473397059701,0.997125819518877
97.31,0,363.936505879478,0.0780080759685319,0.830730000297732,0.651656438617868,0.999223835654383
97.32,0,364.34275711292,0.0773779512206645,0.83332642711975,0.648287766994529,0.998907352847524
97.33,0,364.748941831393,0.0758020298915732,0.832732922030339,0.648847094275124,1
97.34,0,365.155138189415,0.0779502900904384,0.831897429639378,0.647102671899039,0.99788754431003
97.35,0,365.561424930824,0.0749589692855611,0.833115725260375,0.647504990647327,0.999166408236527
97.36,0,365.967881358451,0.0780300718875577,0.831523447659017,0.649778189563507,0.999879543392711
97.37,0,366.374587303656,0.0756909908567686,0.831812281618742,0.650063454915685,0.999133000144725
97.38,0,366.781623095727,0.075393400161212,0.831950511907191,0.651330239865547,1
97.39,0,367.189069531154,0.0766578607385807,0.833274657964528,0.651003077565967,1
97.4,0,367.597007842809,0.0765685590474892,0.831174701120842,0.646822522299034,0.999857874339296
97.41,0,368.005519669024,0.0753831749674404,0.834651153833376,0.650413735048029,1
97.42,0,368.414687022592,0.0756018529218262,0.82980271089301,0.65205245810517,1
97.43,0,368.824592259709,0.0740533541725242,0.828103008374035,0.649217478402179,1
97.44,0,369.235318048858,0.0735615172949139,0.830167680714385,0.65249172255671,0.997135954503126
97.45,0,369.64694733965,0.0751728350382468,0.831112549814934,0.651549898931315,0.999439233398962
97.46,0,370.059563331653,0.0729793059990803,0.828730480830628,0.651355595468618,1
97.47,0,370.473249443184,0.0733747621720441,0.832278132348504,0.652067634587108,1
97.48,0,370.888089280122,0.073328820432719,0.832905342625972,0.653218678797518,1
97.49,0,371.304166604712,0.075322594341843,0.831908687824871,0.651712949631906,1
97.5,0,371.721565304399,0.0706945643461085,0.832133691985719,0.653094901967035,1
97.51,0,372.14036936069,0.0721021801470621,0.831135191104641,0.652237452935715,1
97.52,0,372.560662818064,0.0734697065998616,0.834312527785283,0.652102811088697,0.997603448084489
97.53,0,372.982529752927,0.0750886785905911,0.828891561692678,0.653377624755236,1
97.54,0,373.40605424264,0.0728631006181503,0.83243841107503,0.651813348192865,1
97.55,0,373.831320334613,0.0714908225196154,0.829154799941565,0.654504763232718,0.999842223626854
97.56,0,374.258412015491,0.0716965884672566,0.829185722577174,0.654274055492738,0.999997861901235
97.57,0,374.68741318043,0.071958943499138,0.831711972106416,0.652786140747427,1
97.58,0,375.11840760247,0.0725785964800522,0.831021210890936,0.654665221243985,1
97.59,0,375.551478902034,0.0673243599019458,0.82892880397834,0.653957920478994,1
97.6,0,375.98671051653,0.0721420802513847,0.828886857143526,0.653221852446754,0.999293719447917
97.61,0,376.424185670099,0.0710704770958412,0.829797486148877,0.654917424194823,1
97.62,0,376.863987343489,0.0685075701385856,0.829912018044546,0.65142782443873,1
97.63,0,377.306198244079,0.0687080846762193,0.833269023771168,0.653620651534934,0.999830748810674
97.64,0,377.750900776054,0.0720175580779506,0.831427199654876,0.654159718978405,0.999900504844024
97.65,0,378.198177010745,0.0684859121465711,0.8306339289568,0.654711134680018,0.998208913515922
97.66,0,378.648108657127,0.0703882928173641,0.832600189372893,0.653945135658827,0.998291896170123
97.67,0,379.100777032501,0.0647952693985409,0.833312047916445,0.654903713259946,1
97.68,0,379.556263033355,0.0694889043117828,0.832717149465477,0.655520639196399,0.999644892683154
97.69,0,380.014647106404,0.0692173891955545,0.831431769397755,0.656325582662379,0.999617068871332
97.7,0,380.47600921984,0.0669666080700447,0.831536188918985,0.655249361091325,1
97.71,0,380.94042883476,0.0678966296730422,0.830085764714722,0.657063994086952,1
97.72,0,381.40798487682,0.0680904895374667,0.830541433863247,0.654435743604309,0.998593234058821
97.73,0,381.878755708084,0.0650077835704359,0.830064981302668,0.658806920526192,1
97.74,0,382.352819099099,0.067672591808371,0.830493382132206,0.656078889227319,0.997043458659976
97.75,0,382.830252201183,0.0667171234715778,0.829258913957427,0.656708491465059,0.999382157208127
97.76,0,383.311131518946,0.0671542108258124,0.831923779729239,0.653144595557827,1
97.77,0,383.795532883034,0.0663955945304739,0.833713663939537,0.657733337786193,1
97.78,0,384.28353142311,0.0656021364694031,0.8307222515316,0.657282661721827,1
97.79,0,384.775201541082,0.0688628733423798,0.833103975057592,0.655820528643501,0.997859280815739
97.8,0,385.27061688456,0.065231092755648,0.831490841210225,0.656171495770619,0.999754277019283
97.81,0,385.769850320569,0.0635219075233385,0.832972801646591,0.65646790246831,1
97.82,0,386.27297390951,0.0644209970997525,0.832895984301521,0.658029093499926,0.997522080934212
97.83,0,386.780058879381,0.0631360284641365,0.832740259671002,0.653023330749962,0.998334544165431
97.84,0,387.291175600243,0.0647868901272746,0.832068371236599,0.657080251273684,1
97.85,0,387.806393558962,0.064280562420278,0.831007483823455,0.657197906383364,1
97.86,0,388.325781334208,0.0663034547326425,0.832423145465416,0.657254132994989,1
97.87,0,388.849406571719,0.0647639550285541,0.831852404687094,0.654112225367017,0.996026281679775
97.88,0,389.377335959844,0.064858509556917,0.835268136384684,0.655639875958412,1
97.89,0,389.909635205353,0.0646293758166055,0.832973396905261,0.658132874718181,0.998616714817678
97.9,0,390.446369009529,0.0633468334765579,0.832681795967775,0.65987757300874,1
97.91,0,390.987601044535,0.0619675260540091,0.83358187482102,0.657600151236627,0.999768165992282
97.92,0,391.533393930065,0.0630732115982111,0.83208982038413,0.658148181337114,1
97.93,0,392.083809210282,0.0629017953269006,0.831349089921105,0.658436609060139,1
97.94,0,392.638907331047,0.0638886598986435,0.83154270479646,0.656536987081795,0.997314104092911
97.95,0,393.198747617427,0.0618978848381093,0.832901130817573,0.658045533581817,1
97.96,0,393.763388251508,0.0622291003035996,0.833278451199473,0.658364425469885,0.998984374958
97.97,0,394.332886250504,0.0627879373825702,0.833115297994417,0.657197057325814,1
97.98,0,394.907297445154,0.060927717497597,0.833474883678604,0.657882674422206,0.995412543761183
97.99,0,395.486676458435,0.0610310960196057,0.833530542199732,0.658577918118521,1
98,0,396.071076684564,0.0638705256755222,0.832188383890838,0.658907937698678,0.999740888579164
98.01,0,396.660550268326,0.0604988835117861,0.831347074255785,0.65966186985432,1
98.02,0,397.255148084689,0.0555726886123848,0.833712210384225,0.658475567177474,1
98.03,0,397.854919718757,0.0594884054564798,0.833377634367685,0.656396879871619,0.999819104535259
98.04,0,398.459913446014,0.059260326963141,0.83469535324857,0.656872838366648,1
98.05,0,399.070176212909,0.0588133886147693,0.833249124870483,0.656997381461607,1
98.06,0,399.685753617742,0.059483959501784,0.834906354882496,0.657767950594266,1
98.07,0,400.306689891898,0.0592038360119853,0.834211362076584,0.659442170027076,0.999664080467868
98.08,0,400.933027881384,0.057854877772194,0.833559591161843,0.658631575052252,0.99995799508144
98.09,0,401.564809028722,0.0573578465778591,0.835577644105629,0.657873341133627,0.999878341663836
98.1,0,402.202073355161,0.0582404278243347,0.833674510936605,0.65775042035406,0.998191365021245
98.11,0,402.844859443229,0.0544756950468928,0.834254291475082,0.65955800075995,0.999328655512049
98.12,0,403.49320441964,0.0608938465323843,0.832347005237541,0.659056746298262,0.999983719210182
98.13,0,404.14714393853,0.0573022615086736,0.83780550125928,0.657865325898352,1
98.14,0,404.806712165057,0.0563730980244315,0.833526384274086,0.657225019541138,0.999970110851972
98.15,0,405.471941759347,0.0569400427376212,0.834559993002511,0.657620430190001,0.999857747915662
98.16,0,406.142863860808,0.0557441473313669,0.837034737570172,0.661181049556154,1
98.17,0,406.819508072791,0.0551974555569405,0.835367825233868,0.6595466878538,1
98.18,0,407.501902447641,0.0534975642797331,0.834616659104543,0.656980052453074,1
98.19,0,408.190073472094,0.0546394924442986,0.836336493246903,0.660897783471451,1
98.2,0,408.88404605308,0.0538371054082325,0.835582239729733,0.657647568897422,0.998643999178223
98.21,0,409.583843503882,0.0542382091203652,0.835770022028068,0.659182862101227,0.999825244288761
98.22,0,410.289487530701,0.0576942541142442,0.834727493204355,0.656992167781372,0.997495987177698
98.23,0,411.000998219602,0.0527726217706615,0.836176043588147,0.658042425246659,1
98.24,0,411.718394023868,0.0541214671929711,0.837278289999919,0.658614603867882,1
98.25,0,412.441691751752,0.0523070377496451,0.838701963807489,0.65703075309084,0.99999662508184
98.26,0,413.170906554635,0.054229544167641,0.834476575747706,0.659581231728728,0.999063538646372
98.27,0,413.906051915618,0.0526241297931425,0.834604607506417,0.657037093811661,0.996866611307549
98.28,0,414.64713963851,0.0524127133813104,0.836527047328408,0.657384085191509,0.998538429493296
98.29,0,415.394179837265,0.0515779810151031,0.834565863962402,0.658617177637229,1
98.3,0,416.14718092585,0.0510312139937599,0.836917830091635,0.655208778145436,1
98.31,0,416.90614960855,0.050890747387236,0.833997415311411,0.656966012874358,0.998669840591333
98.32,0,417.671090870719,0.0484101768969212,0.837510460428548,0.658771115338167,0.999396092745943
98.33,0,418.442007970005,0.0524595904621239,0.836533065783367,0.658902288680326,1
98.34,0,419.218902428013,0.0509835786117982,0.834363194577205,0.659319194055247,0.999744923785411
98.35,0,420.001774022458,0.0447013078296758,0.837553266133227,0.659047177797322,0.998115305112328
98.36,0,420.790620779785,0.0496573067303756,0.834905445510387,0.657484084369952,0.999792709349054
98.37,0,421.585438968286,0.0475999307970701,0.837492412439105,0.657827329048111,1
98.38,0,422.386223091692,0.0478303514905685,0.839418151632191,0.659191546689407,0.999701750719949
98.39,0,423.192965883287,0.0476034370979777,0.838021899164707,0.657647983625925,0.997020005068559
98.4,0,424.005658300517,0.0470347239889734,0.840113494898137,0.659382105491567,1
98.41,0,424.824289520122,0.0477281155871943,0.839369951472274,0.655441672451188,1
98.42,0,425.648846933798,0.0483151232141061,0.839888848857558,0.658763303656688,0.998015302536303
98.43,0,426.47931614438,0.0453876647168144,0.836579455816502,0.657728704409737,1
98.44,0,427.31568096259,0.0479108243654813,0.840789614715312,0.658820959426099,0.99950115482453
98.45,0,428.157923404307,0.0448630440612655,0.838434355418657,0.658738857105729,0.999862158961541
98.46,0,429.006023688428,0.0463473343505056,0.839008045755615,0.656544172682041,1
98.47,0,429.859960235273,0.0440523330802441,0.841241397685787,0.656632863457083,1
98.48,0,430.719709665582,0.0462822344190858,0.838889490748777,0.656170972500271,0.999078808121097
98.49,0,431.585246800093,0.0438412999781538,0.839833905643187,0.655756526656613,1
98.5,0,432.456544659718,0.0448327856843044,0.839689909796383,0.660956197170518,0.999839967285841
98.51,0,433.333574466315,0.0428563715729296,0.838908084667706,0.65415570540247,0.997083356045862
98.52,0,434.216305644089,0.0446673405022975,0.840879743095288,0.656149339691068,0.999297849804711
98.53,0,435.104705821597,0.0423357076998333,0.838602197404862,0.657076688606684,1
98.54,0,435.998740834397,0.0430410820742781,0.841322957037461,0.65858644991029,0.998946971008076
98.55,0,436.898374728328,0.0440497993967041,0.842039661113396,0.657122460929106,1
98.56,0,437.803569763447,0.0415935507222336,0.838129088182253,0.654135642655138,1
98.57,0,438.714286418612,0.0425529625934812,0.841932163037798,0.656290904411994,1
98.58,0,439.630483396741,0.0418365331065514,0.840611099033456,0.656579273517169,1
98.59,0,440.55211763074,0.0410422469469443,0.840682878047636,0.654623881114658,1
98.6,0,441.479144290119,0.041692601067427,0.842656474164203,0.654431710345351,0.998581083347211
98.61,0,442.411516788289,0.041486870882362,0.840643968060356,0.658033636531844,0.999844342790752
98.62,0,443.349186790569,0.0377429631678275,0.840938270674913,0.655734076869218,1
98.63,0,444.292104222896,0.0407980154237854,0.844188057439893,0.654311283820854,1
98.64,0,445.240217281249,0.0409977420819375,0.844150878514741,0.653986856869937,0.999783517337762
98.65,0,446.193472441798,0.0366819057716979,0.841693517411082,0.652993071821816,0.999973005628396
98.66,0,447.151814471788,0.0370495160339039,0.842104666596102,0.656440505108761,0.999920642242365
98.67,0,448.11518644115,0.0385087662091183,0.841485057653922,0.654408677001426,1
98.68,0,449.083529734863,0.0357375439489494,0.841454151578749,0.654059733520786,0.999028774390379
98.69,0,450.056784066075,0.0372823391386882,0.843507700634506,0.654928896849276,0.997667868131463
98.7,0,451.034887489966,0.0372546602990162,0.843251756179006,0.655439267712428,1
98.71,0,452.017776418391,0.035900191178314,0.841947267927415,0.652287709561632,0.999917882205446
98.72,0,453.005385635284,0.0341804381661896,0.844701982894636,0.651482580299125,0.999195674872931
98.73,0,453.99764831284,0.0339891130292343,0.84378690643518,0.654322263837377,0.999626536470392
98.74,0,454.994496028482,0.0355602623564692,0.843687702351246,0.652536258116877,0.997790608537517
98.75,0,455.995858782608,0.0345464338140571,0.843069169411528,0.651638023277803,0.998949020998069
98.76,0,457.001665017133,0.031379363623805,0.844374461936545,0.652180728594733,0.999660506414822
98.77,0,458.011841634823,0.0331539981172013,0.844648610543394,0.653320555866399,1
98.78,0,459.026314019433,0.033252359573037,0.845587234614719,0.652617314055957,1
98.79,0,460.045006056635,0.0321126340875929,0.844040868228194,0.652993210163843,1
98.8,0,461.067840155766,0.0323988629588603,0.845395883741557,0.651559842203618,1
98.81,0,462.09473727237,0.0327662999771447,0.844563624706508,0.653618388727791,0.999353662453972
98.82,0,463.125616931555,0.0298333601870655,0.848260311282389,0.651697731498249,0.999052830138841
98.83,0,464.160397252163,0.0318822437770326,0.847173367610952,0.651879738786638,1
98.84,0,465.198994971739,0.030002522538008,0.845202992203694,0.652180803546651,0.998539614409024
98.85,0,466.241325472322,0.0290432895490046,0.847932691110153,0.652813925860821,0.998539138839273
98.86,0,467.287302807052,0.0317114827921159,0.845628857813253,0.650851818481931,0.999208737974133
98.87,0,468.336839727567,0.0261628578177887,0.847832061402041,0.652332229914784,1
98.88,0,469.389847712231,0.0295657594031592,0.844878649899239,0.649798504797101,1
98.89,0,470.446236995158,0.0285152406786699,0.845343219524955,0.653056801167569,1
98.9,0,471.505916596041,0.0273794344184515,0.844997780950409,0.650606821236585,0.999800692684986
98.91,0,472.568794350785,0.0298020771722586,0.847934681378727,0.652612725005705,0.999732343022206
98.92,0,473.634776942936,0.0279093326601243,0.847119487456784,0.650433328256338,1
98.93,0,474.703769935904,0.0243034817290924,0.844515094164472,0.650462208691758,0.999505953296273
98.94,0,475.775677805975,0.0240521614193147,0.846565519827062,0.649145290499165,1
98.95,0,476.850403976104,0.0248141251993971,0.845742492149998,0.650730796370069,0.999366872257484
98.96,0,477.927850850483,0.0244144927791601,0.847560297015869,0.651255129101528,0.997603563627964
98.97,0,479.007919849881,0.0262079436121681,0.845428651575821,0.649034136263221,1
98.98,0,480.090511447742,0.0235268776192543,0.848929573910233,0.650895229342508,1
98.99,0,481.17552520704,0.0266702027592375,0.849975657892818,0.651212910446763,1
99,0,482.262859817869,0.0253516858133275,0.850669407194435,0.648507048317278,0.998638405020272
99.01,0,483.352413135781,0.0258369226145319,0.847245431508787,0.649795149590662,0.998961877348861
99.02,0,484.444082220832,0.021781362853556,0.85065558871951,0.650502939953318,1
99.03,0,485.537763377344,0.0231402755052794,0.84779844953133,0.649159992539276,1
99.04,0,486.633352194378,0.0226050237663925,0.852499641706321,0.646815312719016,0.998874390223113
99.05,0,487.730743586874,0.0204975491035294,0.847604601939523,0.647887977421207,1
99.06,0,488.829831837482,0.0190363077634909,0.849812304037897,0.646438442714197,0.999797409641754
99.07,0,489.930510639042,0.0192413086542488,0.850700599394316,0.646095526265362,0.99822279285669
99.08,0,491.03267313771,0.0197768353435491,0.850046685010583,0.65080537467729,0.996355570457332
99.09,0,492.136211976718,0.0193910743020532,0.850216322411994,0.64905223480699,1
99.1,0,493.241019340736,0.0200792936528756,0.852517321958304,0.64848234491467,1
99.11,0,494.346987000835,0.0172521941421798,0.852689094719378,0.644895445246255,1
99.12,0,495.454006360029,0.0214071728639337,0.850889222941764,0.646056532080805,1
99.13,0,496.561968499372,0.02004990957813,0.852151052401831,0.644598912692428,1
99.14,0,497.670764224591,0.0154334924273646,0.853158289306885,0.647689333943515,0.9988113314778
99.15,0,498.780284113247,0.0162103979386037,0.852537504647038,0.649450933374863,0.998980697337951
99.16,0,499.89041856238,0.0142540658451278,0.854081263114839,0.646355819262222,0.99968006659725
99.17,0,501.001057836648,0.0158861321200931,0.852127952690552,0.646889195033088,0.999893043966794
99.18,0,502.112092116911,0.0140286465921336,0.852926600405476,0.644393405930072,1
99.19,0,503.223411549243,0.0161766515650193,0.852231432646065,0.647777761285926,0.999472838329349
99.2,0,504.334906294366,0.0140652453252909,0.852799342651039,0.641980962560351,0.998709532354484
99.21,0,505.446466577454,0.0141912235604447,0.854561684442513,0.64399943369356,1
99.22,0,506.557982738308,0.0155561690144565,0.855680191096896,0.643458084276792,0.999155521786974
99.23,0,507.66934528186,0.0131414898304239,0.856008840001311,0.645159029227858,1
99.24,0,508.780444928986,0.0117477514113763,0.855738202570272,0.6436066999213,0.999714567094516
99.25,0,509.891172667607,0.0137114812391433,0.855980244496481,0.645915674038661,1
99.26,0,511.00141980404,0.0111888382965435,0.853923548627276,0.646405582017876,1
99.27,0,512.111078014573,0.0105678323838829,0.854939393240725,0.645420841004284,1
99.28,0,513.220039397253,0.0126774549991595,0.854982264121398,0.647036360596865,0.997384065317549
99.29,0,514.328196523831,0.0109439796246857,0.856534827917627,0.643954817722937,1
99.3,0,515.435442491861,0.00946478046440198,0.855321837226256,0.644128846643452,1
99.31,0,516.541670976903,0.0125409544911044,0.854149305116892,0.64343965863196,0.999613860223457
99.32,0,517.64677628481,0.00891381176666497,0.856674260890301,0.643786259226309,0.997806521145576
99.33,0,518.750653404079,0.00854215919878278,0.856343022871939,0.643840718272685,1
99.34,0,519.84842789605,0.0117933702480791,0.855164481120818,0.642068037307245,1
99.35,0,520.94126375554,0.00893711915208641,0.855727278111045,0.643606826227991,0.997209158558823
99.36,0,522.03272775629,0.00802056297027874,0.857048417710547,0.642845241751404,1
99.37,0,523.073834919734,0.00646029233241149,0.859616020861068,0.640564765841729,1
99.38,0,523.841193569155,0.00981036892501557,0.859536771681352,0.644238087073082,0.99860611765615
99.39,0,524.590497688236,0.00536003270220046,0.857421273541248,0.643512089022991,1
99.4,0,525.339560590274,0.00669988881261177,0.855735766004803,0.643128919874323,1
99.41,0,525.942155061049,0.00442747674746138,0.862210374716562,0.643419360332466,0.999016779722598
99.42,0,526.436653914986,0.00628622517285548,0.861933075925776,0.642867437849838,0.999577446265228
99.43,0,526.93311998293,0.00750044954587869,0.860322289476066,0.643118961571541,0.999124644293262
99.44,0,527.401833917655,0.00455553620873529,0.860727968750678,0.64256237830572,0.998554263126733
99.45,0,527.734919927274,0.00584611008555101,0.859288756489328,0.642044387841317,0.999042889090462
99.46,0,528.056142880842,0.00397075141412604,0.858597607107497,0.641870780183085,1
99.47,0,528.374120646756,0.00616246925478196,0.861254869746776,0.641928539898584,0.999910161362641
99.48,0,528.626090515174,0.00667857422419067,0.860179296085355,0.644407651751846,1
99.49,0,528.828553087174,0.00545484659175405,0.860587386895391,0.643140064495399,0.998124265003243
99.5,0,529.028610520806,0.00221917293595788,0.859657191577628,0.64199141319125,1
99.51,0,529.219824687792,0.00586779493014906,0.860940879489744,0.641204217145405,0.999615886890805
99.52,0,529.384898413798,0.00605347597461765,0.862800522205306,0.642564323155326,1
99.53,0,529.543609477126,0.00425077043081456,0.85999051740059,0.643105840007664,0.999312198657116
99.54,0,529.697293326423,0.00785202959451138,0.860402788710522,0.641682285081285,1
99.55,0,529.844777839258,0.00537741689415112,0.864470106153508,0.641923953732216,1
99.56,0,529.986266398068,0.00591784461823213,0.864288150990671,0.640234168383336,1
99.57,0,530.122380017367,0.00720865813449142,0.863153107963761,0.640097052436516,1
99.58,0,530.252851768917,0.00427673142717004,0.864821186787637,0.641062749847783,0.996401966975385
99.59,0,530.376797008719,0.0051021105546183,0.864643215831069,0.641810786362797,1
99.6,0,530.495141679385,0.00363118326313908,0.864733675154598,0.642334594093647,1
99.61,0,530.607914620076,0.00703594485110979,0.864422535222307,0.640007136874101,1
99.62,0,530.714423619808,0.00435010440507541,0.864420172505644,0.640742616589518,1
99.63,0,530.814808865012,0.00428807752330581,0.866279268305264,0.639637414517196,0.998883696855798
99.64,0,530.909535026522,0.00615911708490462,0.864420154061853,0.64087080750627,0.998990765775263
99.65,0,530.998410379777,0.00278202968311244,0.86591734857016,0.642788156802889,0.999449195229239
99.66,0,531.080790944327,0.00760310065536705,0.866443035025624,0.642054855464686,1
99.67,0,531.157362138973,0.0050748689177188,0.866006701373155,0.637369569301834,1
99.68,0,531.228151750754,0.00578128969282606,0.863785597374414,0.640615268453984,1
99.69,0,531.292692767143,0.00390107390819051,0.866219120677977,0.64255114555019,0.997110652808177
99.7,0,531.3510871646,0.00429583959873178,0.870868807404953,0.642008647523244,1
99.71,0,531.40365884427,0.00697258203307415,0.867025488286231,0.639233494917064,1
99.72,0,531.450299010634,0.00462615658500887,0.870059528122494,0.641350418617102,0.997839515573519
99.73,0,531.490641149377,0.00253161066360625,0.869463341862265,0.641915181252506,1
99.74,0,531.525089076516,0.00634056654864145,0.869744953523729,0.642717785272425,0.999740140656617
99.75,0,531.553667131809,0.00612313746598536,0.863212735969931,0.637322479415531,1
99.76,0,531.576171712777,0.00272977645821833,0.868620621139889,0.640578130017609,0.999859769856233
99.77,0,531.592656827401,0.00545929814806784,0.869844417545107,0.641922555790816,0.998787915814401
99.78,0,531.603277191433,0.00431217018372851,0.868796830077718,0.640507114775562,1
99.79,0,531.60801195062,0.00527984633665553,0.871718368520755,0.641647040359693,1
99.8,0,531.608259299666,0.00471457672368316,0.86938902371731,0.641879934552161,0.997304303614121
99.81,0,531.608259299666,0.00550429108125831,0.86737813432721,0.641342313968747,0.999615631416609
99.82,0,531.608259299666,0.00557027329703365,0.870247777607158,0.642056436035433,1
99.83,0,531.608259299666,0.00439288710666643,0.872627471743805,0.64001229877321,1
99.84,0,531.608259299666,0.00459711644965869,0.869088713870776,0.641080545306631,0.99949740918618
99.85,0,531.608259299666,0.00302265814094057,0.871510264763357,0.64178779165786,1
99.86,0,531.608259299666,0.00337271817323566,0.870573718898954,0.642175539994736,0.999995579804915
99.87,0,531.608259299666,0.00347473795015934,0.872197876484908,0.641657160057901,0.999464651085942
99.88,0,531.608259299666,0.00373878494984175,0.869746101118895,0.641632410787557,1
99.89,0,531.608259299666,0.00614832296369525,0.869699615630054,0.64334963411882,0.999743902874478
99.9,0,531.608259299666,0.00491482468454045,0.872543661509132,0.642744712929997,0.999197044831446
99.91,0,531.608259299666,0.00565206186428488,0.872083288214679,0.640792967006522,1
99.92,0,531.608259299666,0.00376106052008894,0.872570235087284,0.641920482726134,1
99.93,0,531.608259299666,0.0038023250156196,0.872803500667803,0.642337122754404,1
99.94,0,531.608259299666,0.00697733911146417,0.873368836509521,0.64267235560091,0.999887207196525
99.95,0,531.608259299666,0.0044778367987333,0.871872165864607,0.642043343999768,0.99921216342454
99.96,0,531.608259299666,0.00298727182823732,0.872708881835673,0.640598634970925,1
99.97,0,531.608259299666,0.00468637988691781,0.875447532741265,0.641726509761671,0.998433126816052
99.98,0,531.608259299666,0.004115256609163,0.876777045857016,0.642720999256868,0.998145055126399
99.99,0,531.608259299666,0.00500677178905262,0.876661287746165,0.64267646710577,1
100,0.3,531.608259299666,0.00422375537440801,0.872890639171201,0.64336176765905,0.997623396374958
100.01,0.3,531.608259299666,0.00642351589413867,0.875378146612836,0.643960637610861,1
100.02,0.3,531.608259299666,0.00668416204798544,0.875248484194256,0.643320321432718,1
100.03,0.3,531.608259299666,0.0049054339188612,0.873447828499594,0.640787292670561,0.998955706485757
100.04,0.3,531.608259299666,0.00552680867315994,0.875341908614567,0.646356595215883,0.999988542772798
100.05,0.3,531.608259299666,0.0047972924704551,0.877132029890495,0.642408859278967,1
100.06,0.3,531.608259299666,0.00327590862641513,0.875485710581243,0.642892971800724,0.999851908807475
100.07,0.3,531.608259299666,0.00634885114045764,0.875882902643515,0.643935727152497,1
100.08,0.3,531.608259299666,0.00544971936772099,0.879479552206974,0.639901794608429,1
100.09,0.3,531.608259299666,0.00487047898009119,0.876718093898635,0.643717048310731,0.998483049062069
100.1,0.3,531.608259299666,0.0015832418661946,0.878929569343862,0.642489276389634,0.998351975568401
100.11,0.3,531.608259299666,0.0058630924458863,0.877275645126134,0.644349171106071,0.999823589507122
100.12,0.3,531.608259299666,0.00570675160945924,0.877400848313082,0.646391379745459,0.997370773176413
100.13,0.3,531.608259299666,0.00619298343194451,0.8780337112136,0.642650354594822,0.998843282655383
100.14,0.3,531.608259299666,0.00432950167665122,0.876930158729451,0.642808896512721,0.998119171424409
100.15,0.3,531.608259299666,0.00459060135437028,0.878214340068278,0.644552549451104,1
100.16,0.3,531.608259299666,0.00264290147363106,0.882358438467655,0.645775009910471,1
100.17,0.3,530.319100114102,0.0038609477060808,0.879046074274287,0.641865310593389,0.998732446318318
100.18,0.3,528.970198442218,0.00635606258395998,0.879078447270053,0.644498229581716,1
100.19,0.3,528.022991238506,0.00699545084285025,0.879145529864793,0.643944662375173,1
100.2,0.3,527.036984021072,0.00880546551420489,0.881733547425827,0.645826114266514,1
100.21,0.3,526.051338667158,0.00874125628449715,0.880952944776799,0.645396381030513,0.998824316001656
100.22,0.3,525.064513103026,0.00685477429769521,0.883006645820218,0.645015241974869,1
100.23,0.3,524.07655019868,0.00649447798781944,0.880051184329122,0.645012436817298,0.999933150645224
100.24,0.3,523.087574555865,0.00677740944066599,0.879481560365946,0.647782322647045,1
100.25,0.3,522.097691756193,0.00712764179397985,0.881618938096044,0.644524173845429,1
100.26,0.3,521.107009702595,0.00809393626781263,0.880545022191883,0.647517681461107,1
100.27,0.3,520.115636746933,0.00973791421678874,0.882485990686019,0.643865182211625,0.997501376530533
100.28,0.3,519.123681710265,0.00697725609238769,0.88253213971579,0.646526642066155,1
100.29,0.3,518.131253834872,0.011202788939447,0.882083019626123,0.643992376094231,1
100.3,0.3,517.138462732095,0.0108448290471504,0.8862101390263,0.644762032167274,0.999858726528727
100.31,0.3,516.145418331303,0.0124806274403835,0.881870225149052,0.644914417845631,1
100.32,0.3,515.152230829006,0.0117597630862241,0.88403289978346,0.648187400699948,0.998303777244885
100.33,0.3,514.159010638209,0.0122828065528018,0.882912129835573,0.648070523499057,1
100.34,0.3,513.165868338043,0.00910620127484497,0.884576126317003,0.646163644056897,1
100.35,0.3,512.17291462369,0.0106890978041036,0.883764028690168,0.645859719275693,1
100.36,0.3,511.180260256632,0.0126173122726307,0.884670559364909,0.646428116652233,1
100.37,0.3,510.188016015244,0.0151117395998429,0.886258921221803,0.646826663211395,0.998511806722387
100.38,0.3,509.196292645756,0.0137628609767575,0.883039589553503,0.648408366315419,1
100.39,0.3,508.205200813612,0.0125110843643162,0.88648396624826,0.648033212847802,0.998447214622569
100.4,0.3,507.214851055242,0.0136886036252902,0.885672395745529,0.648376665760402,0.998243831487663
100.41,0.3,506.225353730277,0.0144174888968684,0.886448284299355,0.647187478473329,0.999632181026747
100.42,0.3,505.236818974209,0.0146522713299179,0.88397582310132,0.646788361262104,1
100.43,0.3,504.249356651546,0.011794269605295,0.88756237262738,0.649396197432676,0.998988480702725
100.44,0.3,503.263076309462,0.0150612147599793,0.889189988876107,0.648826478630641,0.998264872036758
100.45,0.3,502.278087131961,0.0171715538467393,0.890181769949869,0.646023957050833,1
100.46,0.3,501.294497894583,0.0153633141241147,0.888586515603323,0.646481632094637,1
100.47,0.3,500.312416919661,0.0169578248068831,0.88802882807713,0.648011686119114,0.998554864627262
100.48,0.3,499.331952032155,0.0154015491410407,0.889592238124958,0.647130776423189,1
100.49,0.3,498.353210516076,0.0182042909449022,0.890233928287442,0.651209413759128,1
100.5,0.3,497.376299071505,0.0161466758279443,0.890112895914138,0.650793127074463,0.998810285735082
100.51,0.3,496.401323772243,0.0174032368411089,0.887624237377845,0.650120680002702,0.999662475916812
100.52,0.3,495.428390024085,0.020591901394258,0.887429230077757,0.649828475947051,1
100.53,0.3,494.457602523754,0.0188588642088088,0.890954950295416,0.648564686788342,1
100.54,0.3,493.489065218484,0.0180937007978577,0.890479330449937,0.649495994631901,1
100.55,0.3,492.52288126628,0.0186941312076636,0.88896356427602,0.651450817949422,1
100.56,0.3,491.559152996863,0.022190450352978,0.888422136720472,0.650530049650422,1
100.57,0.3,490.597981873311,0.0182420080975187,0.88942429867403,0.652343389943179,1
100.58,0.3,489.639468454405,0.0206897289489117,0.888113045095939,0.650980302790044,0.999918809675712
100.59,0.3,488.683712357687,0.0223287890164306,0.891982240802902,0.651437119528205,1
100.6,0.3,487.730812223245,0.022839306264452,0.89238622790092,0.650922577112926,0.999956223259578
100.61,0.3,486.780865678229,0.0223939368910643,0.891808091165572,0.650947403532743,1
100.62,0.3,485.833969302107,0.0213160629273711,0.894214447264106,0.647566377567709,1
100.63,0.3,484.890218592663,0.0217813191164496,0.892149401432322,0.650751580176837,1
100.64,0.3,483.949707932749,0.022843424345731,0.890300328809818,0.652819561944594,1
100.65,0.3,483.012530557798,0.021698183212247,0.8929505897404,0.653056367933015,1
100.66,0.3,482.078778524101,0.0249269866493617,0.892829789359282,0.65101900684957,0.997976057810287
100.67,0.3,481.148542677834,0.024306345790641,0.892050333084563,0.654874320646925,1
100.68,0.3,480.22191262488,0.0248023182244744,0.893907479470216,0.65391405960028,1
100.69,0.3,479.298976701402,0.0237853771339106,0.891516756866206,0.652078256230975,1
100.7,0.3,478.379821945211,0.0271873163408258,0.893495553662716,0.651119649574121,0.998143429851126
100.71,0.3,477.464534067895,0.0270719915910772,0.894789933615479,0.649204947439043,0.998741855279412
100.72,0.3,476.553197427735,0.0248565857937941,0.894958143071464,0.650547208473677,1
100.73,0.3,475.645895003401,0.0286073470912517,0.893310425963038,0.654765385138307,1
100.74,0.3,474.74270836843,0.0250162438160307,0.894718210628888,0.651102824792672,1
100.75,0.3,473.84371766647,0.0263405973210186,0.893765514134313,0.655102996111265,1
100.76,0.3,472.949001587325,0.0276152855501035,0.895109643792845,0.651447942656543,0.999951827184962
100.77,0.3,472.058637343757,0.0270891515390712,0.895296077588712,0.651919864259965,0.99932864319059
100.78,0.3,471.172700649076,0.0260450673165718,0.895603804491282,0.654804380880228,0.996503997185168
100.79,0.3,470.2912656955,0.02775921902947,0.893971131443372,0.656701246804683,1
100.8,0.3,469.414405133288,0.0282496061886169,0.895431900593401,0.653222320863919,1
100.81,0.3,468.542190050635,0.0284873084938378,0.897335440171433,0.653223788166189,1
100.82,0.3,467.674689954342,0.0299046290471725,0.896813752901989,0.655064178558802,1
100.83,0.3,466.811972751234,0.0294828126525844,0.895681544852071,0.657717897415581,1
100.84,0.3,465.954104730353,0.0296808849072053,0.895907552091489,0.657141065024551,1
100.85,0.3,465.101150545883,0.0318897108559186,0.899406438376311,0.656892427509832,1
100.86,0.3,464.253173200835,0.0311623560525155,0.898836666833504,0.655704563191179,0.998964636849794
100.87,0.3,463.410234031472,0.0299267793338597,0.897987152807242,0.654842793060389,0.998222020457365
100.88,0.3,462.57239269247,0.0328621830486256,0.897099491324995,0.65755654492874,1
100.89,0.3,461.739707142812,0.0280112583682991,0.898994441943479,0.656874903349587,1
100.9,0.3,460.912233632402,0.033913925489094,0.898564667683849,0.654039407372169,0.9995785390742
100.91,0.3,460.090026689403,0.0302826425840079,0.900560091760602,0.655374079438947,0.996950778634615
100.92,0.3,459.273139108292,0.0328482558688436,0.900457621722014,0.653289457518472,1
100.93,0.3,458.461621938607,0.0322263689284096,0.900760200160387,0.656173169118944,0.999479197251776
100.94,0.3,457.655524474406,0.0333639973430319,0.899701412690155,0.657405470595064,0.999180462486108
100.95,0.3,456.854894244412,0.0340736129454551,0.901601966924634,0.655462839621901,1
100.96,0.3,456.059777002848,0.0351276530211808,0.899280041097921,0.658333450212846,1
100.97,0.3,455.270216720944,0.0327782413505352,0.900920449610993,0.655946163119042,0.999928099035053
100.98,0.3,454.486255579112,0.0338442215680097,0.901789643639803,0.655494703080022,1
100.99,0.3,453.707933959795,0.0334907246964498,0.902003957218631,0.65684492654118,1
101,0.3,452.935290440961,0.0381050037219711,0.900187090139155,0.658162444450992,0.999437507259765
101.01,0.3,452.168361790249,0.036302984906418,0.901037666776526,0.657536605053689,1
101.02,0.3,451.40718295975,0.0360814559982357,0.902209597187646,0.65611279654404,0.999445236473721
101.03,0.3,450.651787081424,0.0338749538995503,0.901614976378741,0.655958554050943,0.998950112749645
101.04,0.3,449.902205463141,0.0350531495783686,0.901128444895566,0.658578275150759,0.999113391118373
101.05,0.3,449.158467585336,0.0354858666967401,0.902377718917627,0.659554000700794,1
101.06,0.3,448.420601098269,0.0395526961110526,0.903990809672104,0.659937448818674,0.999151182936216
101.07,0.3,447.688631819893,0.0381710174404042,0.901908658123128,0.659025221094052,1
101.08,0.3,446.962583734305,0.037002741528597,0.90125397769972,0.655825817490666,1
101.09,0.3,446.242478990793,0.038691085339598,0.902458162077339,0.658985674335522,0.999699465879841
101.1,0.3,445.528337903448,0.0381851898139558,0.903584487628657,0.658752472979346,0.99837960048745
101.11,0.3,444.820178951349,0.0389247144733963,0.901739966173531,0.659179134585596,1
101.12,0.3,444.118018779314,0.0399956132926809,0.904267106180923,0.657542150319609,1
101.13,0.3,443.421872199196,0.0394901796156355,0.903536381432487,0.658607803320847,1
101.14,0.3,442.731752191732,0.0384055459067112,0.906059196074725,0.658176005593723,0.998220347024896
101.15,0.3,442.047669908929,0.0417883419234275,0.904299499189375,0.658161651900701,0.998727300376435
101.16,0.3,441.369634676977,0.0415359164723931,0.903449040286071,0.658045209076249,1
101.17,0.3,440.697653999694,0.03957149851325,0.903086783519193,0.657801091988119,1
101.18,0.3,440.031733562478,0.0414737196485928,0.905599732634233,0.658729311015895,0.997026627098986
101.19,0.3,439.371877236778,0.041140072638377,0.906558545344371,0.659181139303015,0.998366646309274
101.2,0.3,438.718087085066,0.0414306303598521,0.904435509166444,0.65898666791601,0.999243919391515
101.21,0.3,438.070363366297,0.0429021704464223,0.905894537706827,0.657209590731136,1
101.22,0.3,437.428704541873,0.0410578092122909,0.908175516079675,0.656635087288211,0.998420332759934
101.23,0.3,436.793107282077,0.043839746796059,0.905489914232484,0.658560377475756,0.998948910916111
101.24,0.3,436.163566472997,0.0423681198924967,0.904776595212541,0.65896928423576,1
101.25,0.3,435.540075223906,0.0432687203338502,0.907502966800649,0.658607217018578,0.997774182258143
101.26,0.3,434.922624875121,0.0434560629511582,0.905712422597902,0.658494321400102,0.999829272656032
101.27,0.3,434.311205006315,0.0443051778051899,0.904864619623532,0.659134531978317,1
101.28,0.3,433.705803445283,0.0447277237010712,0.906679585815193,0.660123776176119,1
101.29,0.3,433.106406277153,0.0411292370007851,0.906765952669567,0.656332818152472,0.999894250758187
101.3,0.3,432.512997854052,0.0418603982301602,0.907403503694099,0.65712057614012,0.999647215208992
101.31,0.3,431.925560805192,0.041576001670092,0.909501444168362,0.658650547576226,1
101.32,0.3,431.344076047407,0.0413300554370554,0.905302095954761,0.656323228632311,1
101.33,0.3,430.768522796102,0.0434426281828484,0.907673651363982,0.659528920388414,0.998249193460788
101.34,0.3,430.198878576642,0.0450602497403996,0.906536669320053,0.660975438372303,0.998602363463798
101.35,0.3,429.635119236147,0.0454758480413837,0.904959335558186,0.656825038586206,0.999353669142938
101.36,0.3,429.077218955707,0.0471951101114822,0.90727265258073,0.656333237425,0.999890557511756
101.37,0.3,428.525150263007,0.0458766648848729,0.908773606761453,0.656460021739563,0.99975443386765
101.38,0.3,427.978884045365,0.044298577726342,0.90868191971612,0.658011447990015,1
101.39,0.3,427.438389563165,0.0488386643022847,0.911332183949836,0.659392824875489,0.999841301516429
101.4,0.3,426.903634463692,0.0473947959825947,0.908094266576151,0.659228069102395,1
101.41,0.3,426.374584795367,0.0459881630816886,0.909945790600154,0.657124108064496,1
101.42,0.3,425.851205022373,0.0487570006892398,0.908729087141789,0.655653756098692,0.999944703879381
101.43,0.3,425.333458039667,0.0453952704135153,0.908225955525175,0.658127345994672,1
101.44,0.3,424.821305188387,0.0491428941795653,0.909941937431094,0.659465222263419,0.999544632958211
101.45,0.3,424.314706271637,0.0490705999830047,0.910466881986607,0.660035054960327,1
101.46,0.3,423.813619570654,0.0486792648317112,0.909851429921344,0.655468739973573,1
101.47,0.3,423.318001861356,0.0486496941607218,0.90879932788073,0.65519125438037,1
101.48,0.3,422.827808431267,0.0477375395225642,0.912804771605563,0.660212635963622,0.999550987848644
101.49,0.3,422.342993096811,0.0459958705021223,0.912364745960016,0.658039351999038,0.998789951526809
101.5,0.3,421.863508220984,0.0473927340016114,0.912605383014192,0.65344374121349,0.997581167625601
101.51,0.3,421.389304731387,0.0502227892741145,0.909115800339656,0.659461368924305,1
101.52,0.3,420.92033213864,0.050031960512993,0.910408040182397,0.658792963231043,1
101.53,0.3,420.456538555148,0.0486094846202284,0.911053824776274,0.658533255353351,0.997859295048137
101.54,0.3,419.997870714232,0.0487674050670881,0.910385894584389,0.657922583475509,1
101.55,0.3,419.544273989636,0.0479670621078388,0.911128713517235,0.658456595062757,1
101.56,0.3,419.095692415373,0.0489557856693512,0.914029460810088,0.656411599827716,0.999574145602866
101.57,0.3,418.652068705943,0.0521505714576352,0.911564336306577,0.65742218617277,1
101.58,0.3,418.213344276903,0.0511146125644908,0.912801727167243,0.65828932139014,0.999993564880247
101.59,0.3,417.779459265787,0.050135629536116,0.913850760213241,0.65795780301797,1
101.6,0.3,417.35035255339,0.0504565806958266,0.911289061374453,0.656906206257366,0.998893633550063
101.61,0.3,416.925961785392,0.0518589562533047,0.91168694517401,0.658442832491533,0.998743642750827
101.62,0.3,416.506223394334,0.0514526606238345,0.910279839957366,0.655972991106741,1
101.63,0.3,416.091072621943,0.0519784218404115,0.913829367642847,0.655507620914708,1
101.64,0.3,415.680443541805,0.0522008632475277,0.910934081642151,0.656023332303384,1
101.65,0.3,415.274269082374,0.0524911372709493,0.914644732950462,0.656705268119331,1
101.66,0.3,414.872481050332,0.0507174682053888,0.91278497382858,0.655170471143219,0.998821676529729
101.67,0.3,414.475010154282,0.0525252949111586,0.916136404519038,0.653501168010674,0.998306220009624
101.68,0.3,414.081786028781,0.0535707864306687,0.913865677565069,0.654946670067845,1
101.69,0.3,413.69273725871,0.0517065446484134,0.910598892180858,0.657019604383325,0.999413708902939
101.7,0.3,413.307791403976,0.0514640710688616,0.913213069761549,0.656469888716257,0.998701061592239
101.71,0.3,412.926875024547,0.0540046296595638,0.912482641455343,0.653722174486661,1
101.72,0.3,412.549913705815,0.0543250258691807,0.9162181583947,0.655250303466624,1
101.73,0.3,412.176832084279,0.0504365899818153,0.913855508337725,0.655113744566594,1
101.74,0.3,411.807553873563,0.0510994438025084,0.911874503308226,0.654977596389048,1
101.75,0.3,411.44200189075,0.051430617330794,0.91351801481834,0.654560750133569,1
101.76,0.3,411.080098083025,0.0549611389470852,0.916528876723249,0.655660694699983,0.999238033002098
101.77,0.3,410.721763554644,0.0553994872104193,0.91392692857326,0.654105389014227,1
101.78,0.3,410.366918594208,0.0541970553729197,0.916288180337708,0.655312612352213,0.999969777665716
101.79,0.3,410.015482702249,0.0527115372685206,0.915291354719216,0.654893088708342,1
101.8,0.3,409.66737461911,0.0537263780064919,0.91499959604078,0.652887951289358,0.999281217226934
101.81,0.3,409.322512353139,0.0534853947729446,0.914788277535028,0.655460934484025,0.998771122363282
101.82,0.3,408.980813209162,0.0556921019821008,0.912562276572482,0.654766122412144,1
101.83,0.3,408.642193817259,0.0540121558321639,0.916186026036292,0.657668355412629,1
101.84,0.3,408.306570161822,0.0550091922621038,0.915094409488649,0.6502531406724,1
101.85,0.3,407.973857610894,0.0547918331241555,0.912895685191312,0.65257206681205,1
101.86,0.3,407.643970945785,0.0559230454757339,0.912683812911942,0.654901032698651,1
101.87,0.3,407.316824390959,0.0570986665417495,0.916089907202178,0.656243412949841,1
101.88,0.3,406.992331644181,0.0541530317184466,0.914559247701405,0.654995919182556,0.998209532195922
101.89,0.3,406.670405906931,0.0571822801271104,0.916026866671063,0.653578617271946,0.997946266052235
101.9,0.3,406.350959915064,0.0583588708398634,0.915004951512501,0.651261157502771,1
101.91,0.3,406.033905969719,0.0549076307123863,0.916951935091476,0.654356935427079,1
101.92,0.3,405.719155968465,0.0553435357007488,0.912550489776658,0.653766731521558,0.998183089504453
101.93,0.3,405.406621436682,0.0562273683094882,0.916207809600456,0.652323223412947,1
101.94,0.3,405.096213559162,0.0568840520382189,0.914035350799285,0.652004064495256,0.999919309314993
101.95,0.3,404.78784321193,0.0565552000136433,0.914462359948322,0.650563546577477,0.999505579847293
101.96,0.3,404.481420994271,0.0558428805976573,0.915675717417579,0.651723267107809,0.998722748132549
101.97,0.3,404.176857260956,0.0557874905262955,0.914730126668853,0.650152880018,1
101.98,0.3,403.874062154666,0.0586327433971658,0.915334350662857,0.653044870692782,1
101.99,0.3,403.572945638588,0.0576751054268696,0.917283535866524,0.652518734856746,0.998759027507535
102,0.3,403.273417529192,0.0566952611274398,0.916584819021605,0.651490092469323,0.998594370738978
102.01,0.3,402.975387529159,0.0564114928701354,0.916188404566648,0.650080102491011,0.997323814068271
102.02,0.3,402.678765260478,0.0605770995248894,0.917642699499657,0.64975375711426,1
102.03,0.3,402.383460297671,0.0597871866017662,0.917121779296845,0.651174734060467,1
102.04,0.3,402.089382201157,0.0593629159746837,0.917245819226901,0.650557895711589,0.998269869213311
102.05,0.3,401.79644055073,0.0573243459136141,0.919001152042504,0.652469133313747,1
102.06,0.3,401.504544979154,0.0594542696359169,0.91497297910118,0.651778843955541,0.999258929548388
102.07,0.3,401.213605205845,0.0584633970933635,0.916298971034689,0.649663700404166,1
102.08,0.3,400.923531070649,0.0607667651283894,0.916583051806374,0.649061279604874,1
102.09,0.3,400.634232567677,0.0591861513834379,0.918968031030608,0.648390528755398,1
102.1,0.3,400.345619879216,0.0590647715986505,0.915145376695115,0.649925353597201,1
102.11,0.3,400.057603409676,0.0573971186652116,0.915994168858523,0.651834368716145,0.999797880820659
102.12,0.3,399.770093819576,0.0589396677793422,0.920649918042033,0.650851933050623,1
102.13,0.3,399.483002059538,0.0617988242516365,0.918010434003892,0.651808793292389,1
102.14,0.3,399.196239404306,0.0584692098675682,0.917116579821793,0.649955580544347,0.999986384005372
102.15,0.3,398.909717486735,0.0618399184301294,0.91840049486507,0.650693544874043,0.998380754645591
102.16,0.3,398.623348331774,0.0613151568004232,0.918369088579694,0.647748703554418,0.999919422062516
102.17,0.3,398.337044390394,0.0601564830178821,0.918362928912521,0.649693155193223,0.997880218798809
102.18,0.3,398.050718573481,0.0580976558222653,0.918780043922298,0.650214179654327,0.999390580935907
102.19,0.3,397.764284285642,0.0615948463790832,0.917295939540229,0.650695847974518,0.999279313787418
102.2,0.3,397.47765545894,0.0599856999441997,0.915975356858984,0.648895678693555,0.99893166104206
102.21,0.3,397.190746586524,0.0579845258277952,0.916681456878627,0.650480249128747,0.997821916772579
102.22,0.3,396.903472756136,0.0613667624154473,0.920537628414194,0.648853826503856,0.997575913256807
102.23,0.3,396.615749683498,0.0590830431990749,0.916746092254099,0.646227517051941,1
102.24,0.3,396.32749374554,0.0609155233764011,0.91584729570892,0.64787093701836,0.998653300461857
102.25,0.3,396.038622013464,0.0634034427661802,0.917649508109206,0.64564879962224,1
102.26,0.3,395.74905228563,0.0623308915492252,0.920112869381732,0.6487993648401,0.999932264587698
102.27,0.3,395.458703120234,0.0593285009641393,0.918535757978727,0.646304992735515,0.995477818196563
102.28,0.3,395.167493867774,0.0621866564460581,0.916508847848179,0.646435761221601,0.998211597058162
102.29,0.3,394.875344703283,0.0630058700944027,0.915088829754164,0.648044761834677,1
102.3,0.3,394.582176658307,0.0618171595756304,0.919805253953878,0.645828581981558,0.99842211182396
102.31,0.3,394.28791165261,0.0618478814239892,0.91793796006576,0.646686659131,1
102.32,0.3,393.992472525602,0.0611712862359695,0.917271489560408,0.647047522356183,1
102.33,0.3,393.695783067456,0.0623659754689311,0.916786007806415,0.644788729558618,1
102.34,0.3,393.397768049897,0.0617897179306795,0.916282514388757,0.647413840188061,1
102.35,0.3,393.098353256662,0.0654961750185786,0.919224969291803,0.645646868766658,0.996556212412902
102.36,0.3,392.797465513597,0.0653598155681544,0.919956273470068,0.644248818916856,0.999722545458269
102.37,0.3,392.495032718372,0.0627632052477338,0.919023146726108,0.645858135606394,0.998220290269357
102.38,0.3,392.190983869813,0.0630194825818931,0.918835180622197,0.643674926201569,0.997689251433888
102.39,0.3,391.885249096815,0.0620709438294953,0.918641113920335,0.645867322138299,1
102.4,0.3,391.577759686825,0.0630540300609623,0.917664982678038,0.644643624659204,1
102.41,0.3,391.268448113885,0.0634207517817961,0.915797852755787,0.643566274492275,0.997083421241024
102.42,0.3,390.957248066205,0.0615147658484508,0.918639843932029,0.644702061079588,1
102.43,0.3,390.644094473254,0.0633410901364098,0.917086902078637,0.645624634261602,0.998115861049165
102.44,0.3,390.328923532354,0.0625207254632856,0.920418788784915,0.645917746231513,1
102.45,0.3,390.011672734758,0.0658400932968303,0.919714132931689,0.645854133035215,1
102.46,0.3,389.692280891192,0.0649597936876348,0.919908849492667,0.644282403958452,0.99976129737656
102.47,0.3,389.370688156849,0.0636930413813853,0.918116106593225,0.643964008638188,0.997395935255952
102.48,0.3,389.046836055816,0.0643519324031759,0.918201285844211,0.640401848994298,0.997930671408543
102.49,0.3,388.720667504918,0.0629781080763874,0.919321239236401,0.644297360936296,0.996061904407321
102.5,0.3,388.392126836962,0.0640023393492165,0.917956828205493,0.641688779855405,0.998869822364413
102.51,0.3,388.061159823364,0.0672304340455645,0.919041854498019,0.642568899209405,1
102.52,0.3,387.727713696155,0.0610858936402941,0.921156210740861,0.643764745586425,1
102.53,0.3,387.391737169322,0.0620646468859129,0.918936720598195,0.644285684458103,0.998799569992901
102.54,0.3,387.053180459519,0.0665097187360598,0.918974619150737,0.643335523248221,0.998746078483544
102.55,0.3,386.711995306063,0.0662130101268087,0.918468014558195,0.64096391875273,0.999179145051021
102.56,0.3,386.368134990281,0.0646928442396715,0.917458538626812,0.643772869613476,1
102.57,0.3,386.021554354119,0.0669802099734711,0.918699288722476,0.641935174230981,0.999683926551648
102.58,0.3,385.67220981806,0.067046513275021,0.917496342092262,0.643776905235951,1
102.59,0.3,385.3200593983,0.0661594909962513,0.917262561612615,0.645223599914313,1
102.6,0.3,384.965062723181,0.064953430545776,0.917013669686502,0.644390381863359,0.998257628561304
102.61,0.3,384.607181048872,0.06755542376044,0.917509913212437,0.640719095710505,0.999788453033962
102.62,0.3,384.246377274293,0.0693936964763576,0.916463266582967,0.643062857017153,0.998728794158277
102.63,0.3,383.882615955241,0.067588693153981,0.916883311944757,0.640773514375183,1
102.64,0.3,383.515863317749,0.0668028205157271,0.917281283416228,0.643617840581923,0.998247497643943
102.65,0.3,383.146087270635,0.0722279146008511,0.914813342934578,0.641036958017611,1
102.66,0.3,382.773257417246,0.0650431140269143,0.919075979967769,0.641010247673196,1
102.67,0.3,382.39734506639,0.0666397532230789,0.91653575371171,0.642387816129907,0.998850219812388
102.68,0.3,382.01832324243,0.0685001088627284,0.91766230392905,0.641244653052593,1
102.69,0.3,381.636166694565,0.0697470888200237,0.920159333511034,0.641193114645144,0.996995889355857
102.7,0.3,381.250851905248,0.0670206726771401,0.920073738918951,0.643119433062802,0.998549251484701
102.71,0.3,380.862357097774,0.0677202557872117,0.920986540171608,0.641464335890867,1
102.72,0.3,380.470662243003,0.0693116588503603,0.918141012632965,0.639901006809371,0.999798005601244
102.73,0.3,380.075749065231,0.0685224928303808,0.918112226665688,0.640891224740782,0.999279148324647
102.74,0.3,379.677601047196,0.0693307728958013,0.917899303629615,0.643057593647784,0.999384411741455
102.75,0.3,379.276203434207,0.0659788923015769,0.917057988762365,0.641183698989491,1
102.76,0.3,378.871543237416,0.0705410002294987,0.917152592468922,0.641440034150271,0.998479211550912
102.77,0.3,378.463609236198,0.0692594238703445,0.917281050881461,0.643526756119145,1
102.78,0.3,378.052391979666,0.0681104802481314,0.919283610965542,0.640930538045895,1
102.79,0.3,377.637883787304,0.0708439256007048,0.918257285288323,0.640766099388509,1
102.8,0.3,377.22007874871,0.0724815266965923,0.917043970349444,0.640185859527552,0.998797174375972
102.81,0.3,376.798972722473,0.0691462396613868,0.918942523630217,0.638955194580028,1
102.82,0.3,376.374563334159,0.0689408462443026,0.917674614322052,0.64021090230204,0.998799104821046
102.83,0.3,375.946849973418,0.068582475926308,0.91768914433084,0.640591989859724,0.998984293556922
102.84,0.3,375.515833790217,0.0693437266596123,0.919060457311079,0.640826906834065,1
102.85,0.3,375.081517690193,0.0691053432138931,0.916768782908229,0.643239005576779,1
102.86,0.3,374.643906329138,0.0727959551880911,0.916609750539016,0.645412742660937,1
102.87,0.3,374.203006106604,0.0676582370652639,0.919263458878224,0.640829348000797,0.999160628102441
102.88,0.3,373.758825158657,0.07270315321876,0.914686131503297,0.643697596166498,1
102.89,0.3,373.311373349757,0.0708453712510343,0.918908272538559,0.641522558810628,1
102.9,0.3,372.860662263792,0.0725161036062074,0.920420164352547,0.641077730095882,0.999136830788366
102.91,0.3,372.406705194261,0.0727088662157951,0.914035725894241,0.64172460194066,0.999048509237648
102.92,0.3,371.94951713361,0.0755900828682035,0.91979884921988,0.640538341957537,0.998479388445951
102.93,0.3,371.489114761744,0.0723080894779047,0.917508689477518,0.64306007936062,1
102.94,0.3,371.025516433702,0.0738663047954789,0.917842522689184,0.639718748385557,0.999485715529288
102.95,0.3,370.55874216652,0.0718704038836528,0.918933991885499,0.640049185457081,1
102.96,0.3,370.088813625287,0.074412282765526,0.917955015481047,0.64331442612207,1
102.97,0.3,369.615754108395,0.0726314639123923,0.918363927560143,0.642990371547436,1
102.98,0.3,369.139588532016,0.0737695865113829,0.915987380968834,0.645439436456745,0.999525205571585
102.99,0.3,368.660343413781,0.0741123662605353,0.914091694495486,0.644009747137884,1
103,0.3,368.178046855717,0.074479709171463,0.919877187012736,0.642705214148765,1
103.01,0.3,367.692728526414,0.0770295772930064,0.917066304968069,0.643015378669815,1
103.02,0.3,367.20441964246,0.0747979007450536,0.916384769825866,0.638324194206338,1
103.03,0.3,366.713152949149,0.0754732045410206,0.919105137513486,0.643370395421432,1
103.04,0.3,366.218962700474,0.0746405972455703,0.917437621149104,0.64165271019465,0.99957306343082
103.05,0.3,365.721884638424,0.0796352357338068,0.916450082474352,0.641865463593252,1
103.06,0.3,365.221955971595,0.0762071427667284,0.914058287627341,0.643114271518282,1
103.07,0.3,364.719215353136,0.0747721140246167,0.918139931717221,0.639930221966119,0.997519832315815
103.08,0.3,364.213702858037,0.0790966455707647,0.915093862395178,0.64132510286484,0.999085758455077
103.09,0.3,363.705459959789,0.0772373376308058,0.912836602534223,0.642884546835398,0.998128089913487
103.1,0.3,363.194529506418,0.0755121776914754,0.917499747189574,0.64156151880266,1
103.11,0.3,362.680955695916,0.0783416430150185,0.916976870081213,0.643502121738493,1
103.12,0.3,362.164784051089,0.0785815846016721,0.916206849877323,0.643579196080488,1
103.13,0.3,361.646061393842,0.0774097156059027,0.915276036693872,0.641135301837165,0.998873273008511
103.14,0.3,361.1248358189,0.0805760308240419,0.915305481198278,0.642855285149815,0.995985957616845
103.15,0.3,360.601156667018,0.0808597746435648,0.915973338215569,0.643523689020143,0.999486537048823
103.16,0.3,360.075074497661,0.0793395957780118,0.914764840586873,0.64119644833876,0.997165330048431
103.17,0.3,359.5466410612,0.0776564767786948,0.914844324570587,0.643340239990282,0.998656551273336
103.18,0.3,359.015909270633,0.0787790094117746,0.913595630798129,0.644382794076388,1
103.19,0.3,358.482933172845,0.0801175592645425,0.914701635417313,0.643131156488752,0.999743626245258
103.2,0.3,357.947767919445,0.0807787474195029,0.912051732324007,0.64293116802981,1
103.21,0.3,357.410469737173,0.0796218915569832,0.916245307071724,0.64340617063597,0.998235951113663
103.22,0.3,356.871095897928,0.0803996958366413,0.913485062303421,0.644120515821334,0.999109891990539
103.23,0.3,356.329704688405,0.082051498129908,0.915752606449737,0.640900829184124,1
103.24,0.3,355.786355379391,0.0822242986394477,0.91399790859535,0.643213955138558,0.998975454939009
103.25,0.3,355.241108194717,0.0812514184721837,0.913956334155345,0.644279757035392,1
103.26,0.3,354.694024279906,0.0827672913079985,0.912692117273344,0.643458239350346,1
103.27,0.3,354.145165670521,0.0834884700104714,0.913225347300627,0.644450913157596,1
103.28,0.3,353.594595260239,0.0801732437183905,0.914189590326931,0.643437691750248,0.998655174565395
103.29,0.3,353.042376768689,0.082924111685375,0.913658877306238,0.642835544521706,1
103.3,0.3,352.488574709034,0.083244815983768,0.914262157532598,0.641970032828109,1
103.31,0.3,351.933254355368,0.0834020372310611,0.914220825112117,0.644829892106442,1
103.32,0.3,351.376481709906,0.0849828421416261,0.915714210230985,0.645545391471772,1
103.33,0.3,350.818323470016,0.0844202896003866,0.913746408401231,0.644647207179045,1
103.34,0.3,350.258846995098,0.084496402460717,0.91054215173849,0.646209766406925,1
103.35,0.3,349.698120273331,0.0851318646717823,0.913367242453203,0.64495135098916,0.998235358609892
103.36,0.3,349.136211888326,0.0881657051392797,0.91477878140705,0.643123078675432,1
103.37,0.3,348.573190985675,0.0854668351089301,0.913413453813373,0.645513484631299,0.999201502649354
103.38,0.3,348.009127239445,0.0858304253163698,0.912064739100436,0.646319438270454,0.999340772074723
103.39,0.3,347.44409081862,0.0841452696064463,0.912529730500056,0.648078067246313,1
103.4,0.3,346.878152353516,0.0853685328606971,0.911599337928098,0.64502944878968,1
103.41,0.3,346.311382902186,0.0872111180252716,0.912353739414927,0.646062726699218,0.999181753915485
103.42,0.3,345.743853916838,0.0865387563249079,0.908830621785276,0.645684741163844,1
103.43,0.3,345.175637210284,0.0845035500106418,0.913006722113835,0.647047560808277,0.999096006131782
103.44,0.3,344.606804922432,0.0875899658130906,0.910399913832522,0.646242486081753,0.999100942760964
103.45,0.3,344.037429486856,0.0866604667119593,0.910908904847292,0.646447097660292,0.99953018513357
103.46,0.3,343.46758359744,0.0889472365599434,0.914517860708719,0.645548482897831,0.999651759481159
103.47,0.3,342.897340175132,0.0884713390876107,0.910883037676076,0.645914352046946,1
103.48,0.3,342.326772334817,0.0857391521611816,0.913619419895613,0.648056774461911,1
103.49,0.3,341.75595335233,0.0881597656127696,0.910467598992996,0.647502288919509,1
103.5,0.3,341.184956631621,0.0877048468816602,0.911282926883059,0.647309612525143,0.999576587530121
103.51,0.3,340.613855672098,0.0879252200510615,0.912006328281346,0.648889002818937,1
103.52,0.3,340.042724036146,0.0880431702846101,0.910128672444164,0.64758891526956,0.999051340515473
103.53,0.3,339.471635316866,0.0913876960991211,0.90877124954532,0.648494977540828,0.999789606579742
103.54,0.3,338.900663106022,0.091095738884596,0.908141655032836,0.647590857031021,1
103.55,0.3,338.329880962225,0.0886086250451615,0.907414784340507,0.647016270813446,0.998972329679736
103.56,0.3,337.759362379366,0.0901367283143741,0.908946413618236,0.647916975685176,0.99935686320736
103.57,0.3,337.189180755318,0.089757961281703,0.909489328616882,0.644841708646968,1
103.58,0.3,336.619409360907,0.0918709447976117,0.911595112431771,0.648046449850204,1
103.59,0.3,336.050121309181,0.092686885857478,0.90708997518657,0.648105689843935,1
103.6,0.3,335.481389524977,0.0905549364621166,0.908814902958974,0.652595554552547,1
103.61,0.3,334.913286714809,0.0922931469589618,0.909475263173688,0.651089043052519,0.9984144480299
103.62,0.3,334.345885337082,0.0921458728571178,0.910902401134377,0.649422222911015,1
103.63,0.3,333.779257572654,0.0958524002199662,0.905516505479803,0.650512089847635,0.99906057938949
103.64,0.3,333.213475295731,0.0950553609521186,0.906858256349,0.650578242922508,1
103.65,0.3,332.648610045154,0.0925438479290105,0.907288412586878,0.649614585934052,0.998374344188301
103.66,0.3,332.084732996027,0.0940313343920773,0.907374649632309,0.650654606328631,1
103.67,0.3,331.521914931754,0.0957421810326367,0.908182322842203,0.648193471532205,0.999920744742028
103.68,0.3,330.960226216453,0.0976313805161352,0.908225798840918,0.6489596029618,0.998772008341234
103.69,0.3,330.399736767781,0.0945678007532625,0.90689524922279,0.651155653039067,1
103.7,0.3,329.840516030161,0.0970204793695516,0.907128209971174,0.650288131999958,1
103.71,0.3,329.282632948436,0.0956117552674638,0.90604383005806,0.649571127227503,0.999113520989809
103.72,0.3,328.726155941942,0.0980393357512936,0.907263746535952,0.649641251347887,1
103.73,0.3,328.171152879019,0.0947700852634191,0.906808240606364,0.649707653064851,1
103.74,0.3,327.617691051962,0.0955856946729772,0.908965979612908,0.650411962009644,0.998695534534707
103.75,0.3,327.065837152418,0.0960453550514968,0.904632055544701,0.65042690874665,0.999730388159359
103.76,0.3,326.515657247232,0.097122795803797,0.905889746615059,0.651551935008777,1
103.77,0.3,325.967216754761,0.0978703674702036,0.906439046929604,0.650081383433771,1
103.78,0.3,325.420580421646,0.0986395663072136,0.906693545611074,0.651572184814804,1
103.79,0.3,324.875812300042,0.0995373671157855,0.904350857008562,0.650884585828892,1
103.8,0.3,324.332975725344,0.0981251274265353,0.901960212825137,0.651067322358213,0.997443540284465
103.81,0.3,323.792133294369,0.100225185810653,0.902496633071421,0.650768389199648,1
103.82,0.3,323.253346844023,0.0995727148814523,0.903821414453671,0.655341420351346,0.99962381660772
103.83,0.3,322.71667743046,0.0982412962539177,0.904871145309108,0.654120163827062,1
103.84,0.3,322.182185308715,0.100403533856296,0.906169003544673,0.652931927782478,0.998610445511723
103.85,0.3,321.649929912832,0.100430857166398,0.904840255976775,0.653478050589524,1
103.86,0.3,321.119969836478,0.101580522438355,0.904128215707041,0.653302631024274,0.999417951788988
103.87,0.3,320.592362814053,0.100640756781485,0.902985667649599,0.65378474977111,0.997632394487993
103.88,0.3,320.067165702293,0.102396835473749,0.902046705452643,0.65483943336068,1
103.89,0.3,319.544434462358,0.0989113678452892,0.904681395107532,0.653122205809755,1
103.9,0.3,319.02422414243,0.102854081328589,0.904379856552208,0.655074796614846,1
103.91,0.3,318.506588860791,0.102526663595827,0.902556563627819,0.653048141458143,0.999766048193385
103.92,0.3,317.991581789404,0.105943553522429,0.89955616269874,0.652132872919795,1
103.93,0.3,317.479255137985,0.105430233310997,0.902634512776642,0.656387812726464,0.997972775558933
103.94,0.3,316.969660138571,0.101540249456414,0.904974065916626,0.655350059573666,1
103.95,0.3,316.462847030582,0.104022310947683,0.906180827387603,0.655280482914871,0.996444902089855
103.96,0.3,315.958865046366,0.10405589148969,0.901001060838764,0.655265024103884,1
103.97,0.3,315.457762397248,0.103486258167899,0.904767460040634,0.654793434120282,0.998268062102573
103.98,0.3,314.959586260052,0.102933863577634,0.901836747682459,0.651795967020828,1
103.99,0.3,314.464382764123,0.10439803316598,0.898983857236851,0.654402464051976,1
104,0.3,313.972196978824,0.105385944298297,0.898914704466275,0.655105403237767,0.99955479683084
104.01,0.3,313.48307290152,0.108340292854033,0.904501004001172,0.654943198593072,0.998460481579225
104.02,0.3,312.997053446037,0.103162708477948,0.897302093083802,0.657030328818473,1
104.03,0.3,312.514180431602,0.107898492743008,0.900853953601791,0.656042156249688,0.999988975025354
104.04,0.3,312.034494572254,0.107200277422157,0.897540664877897,0.653413595436984,1
104.05,0.3,311.55803546672,0.106288459524553,0.898739760829439,0.654440766819611,0.99968687144143
104.06,0.3,311.084841588772,0.106345424204,0.900624048200756,0.653730059869337,0.997397078847842
104.07,0.3,310.614950278031,0.108872393794631,0.898446595037865,0.657665336346263,1
104.08,0.3,310.148397731239,0.108573642815722,0.900409598390655,0.655828888142126,1
104.09,0.3,309.68521899399,0.108510815209133,0.89802754483313,0.657146018200308,0.999737548930058
104.1,0.3,309.225447952904,0.108943586269176,0.898866692053721,0.65813378866643,1
104.11,0.3,308.769117328259,0.110700066912557,0.899470638376856,0.656546595565765,1
104.12,0.3,308.316258667058,0.107091398730955,0.898434403407728,0.656308811845142,1
104.13,0.3,307.866902336543,0.10762922194762,0.896331078473397,0.656049686905153,1
104.14,0.3,307.421077518138,0.108687905287462,0.89671137655294,0.655563838047994,0.999493078097136
104.15,0.3,306.978812201833,0.108938198155683,0.896342124044053,0.65928937077477,0.997909487745953
104.16,0.3,306.54013318098,0.107579591773451,0.897159971312515,0.657143536700629,1
104.17,0.3,306.105066047528,0.108911631136739,0.898972147357087,0.657271336047693,0.999567764909423
104.18,0.3,305.673635187662,0.108214368454707,0.897015207913845,0.657838356254329,1
104.19,0.3,305.245863777866,0.113876745232698,0.896159618434006,0.65659534158791,1
104.2,0.3,304.821773781386,0.109847754797594,0.893240731084196,0.65736099314997,1
104.21,0.3,304.401385945107,0.109855105377736,0.896765777543529,0.657833298228535,0.999710866540407
104.22,0.3,303.984719796817,0.11421784883652,0.897622553695273,0.658980126417207,1
104.23,0.3,303.571793642883,0.112997530784353,0.89405304554905,0.656988824338552,0.999961092229079
104.24,0.3,303.1626245663,0.11048759649103,0.895061599620672,0.655205878728001,1
104.25,0.3,302.757228425143,0.11206017121201,0.89395488526417,0.656908168169776,1
104.26,0.3,302.355619851386,0.113914412192865,0.892446127209107,0.6550811641259,0.999917113083157
104.27,0.3,301.95781225011,0.112973539485884,0.895526752560729,0.659983817172016,1
104.28,0.3,301.563817799078,0.110984598554967,0.893203312251501,0.6574045278497,0.996317199267518
104.29,0.3,301.173647448677,0.112964994361211,0.892324632926443,0.656728124263107,0.999216535265701
104.3,0.3,300.787310922234,0.113032072913977,0.890654334096259,0.657865952709621,1
104.31,0.3,300.404816716677,0.112826456292372,0.893839578897535,0.660118532879776,1
104.32,0.3,300.02617210357,0.112234975420525,0.89213949367191,0.657297743166074,0.999886977310657
104.33,0.3,299.651383130482,0.114521044666137,0.889612607120155,0.657838900907145,1
104.34,0.3,299.280454622716,0.11285244654761,0.891860955347854,0.658456277724295,0.999177577104332
104.35,0.3,298.913390185379,0.115916976215686,0.892163754499407,0.659870533893724,0.997876584352248
104.36,0.3,298.550192205793,0.115350624120124,0.891421985650107,0.657334262645794,1
104.37,0.3,298.190861856235,0.113780788623492,0.891081979867941,0.657992725588959,0.998800363755354
104.38,0.3,297.835399097019,0.113537707671855,0.891047862360488,0.658843615249936,1
104.39,0.3,297.483802679905,0.116189405921565,0.890668083290422,0.660713705156197,1
104.4,0.3,297.13607015183,0.11711915560469,0.893188290481878,0.660547188332716,1
104.41,0.3,296.792197858962,0.11358965467865,0.8904804284587,0.657248959210548,1
104.42,0.3,296.452180951078,0.115339146448707,0.888664071257637,0.658604934039687,0.999573449249849
104.43,0.3,296.116013386253,0.115844629150496,0.888076435891085,0.659819257877733,1
104.44,0.3,295.78368793586,0.114871066344736,0.889826121174295,0.65725256930888,1
104.45,0.3,295.455196189887,0.116003416280317,0.887763890309497,0.658445425442782,0.999555462998081
104.46,0.3,295.130528562553,0.1197661907176,0.889821256228438,0.659652773753912,1
104.47,0.3,294.809674298234,0.115108972658639,0.892126190161411,0.657721560656782,1
104.48,0.3,294.49262147769,0.118337698634438,0.8913941914102,0.661959695124899,1
104.49,0.3,294.179357024582,0.115138866731061,0.887647977203126,0.657695538222033,0.999915688551844
104.5,0.3,293.869866712302,0.115298580540137,0.891205650375433,0.657974749046298,1
104.51,0.3,293.564135171084,0.116345040616813,0.889057747883,0.66141289314254,0.99862816440365
104.52,0.3,293.26214589541,0.118203740628073,0.888467529073212,0.657332075649,1
104.53,0.3,292.963881251712,0.11776859278289,0.890140072370427,0.658329941429679,1
104.54,0.3,292.669322486352,0.120304313773811,0.883073345160237,0.656783662224953,1
104.55,0.3,292.378449733895,0.116556026721631,0.886864032272104,0.658203128706804,0.999089579889076
104.56,0.3,292.091242025667,0.118542261611165,0.886177068047986,0.656704534704128,0.998926301295013
104.57,0.3,291.807677298592,0.11959701679496,0.886576797231242,0.660551417361024,0.999420314802625
104.58,0.3,291.527732404308,0.120301189462878,0.887817682949168,0.660786546782092,1
104.59,0.3,291.25138311857,0.119299500779754,0.885518677521052,0.659348960424778,1
104.6,0.3,290.978604150923,0.117842018864635,0.886568821228744,0.656034023605381,1
104.61,0.3,290.709369154654,0.12095417511584,0.88270860014666,0.658059226155847,1
104.62,0.3,290.443650737023,0.119596656665728,0.885682651188422,0.65764813774513,0.997982193172655
104.63,0.3,290.181420469762,0.117571454083159,0.884971379821008,0.656948898117236,0.99936622917662
104.64,0.3,289.922648899854,0.120566192236019,0.883166647980465,0.658791342002655,1
104.65,0.3,289.667305560572,0.12363929763716,0.884403933870142,0.660092254647813,0.998260002189127
104.66,0.3,289.4153589828,0.117717725644056,0.885782596200282,0.656535034064798,0.998900713084359
104.67,0.3,289.166776706622,0.123636784170868,0.882768376731645,0.660005734315935,0.999287858938013
104.68,0.3,288.921525293172,0.12023853221793,0.884546986344484,0.657901939467132,1
104.69,0.3,288.679570336758,0.120011864711591,0.88388724443271,0.658467622865425,0.998672180368494
104.7,0.3,288.440876477254,0.119410988780439,0.883270218339974,0.656437696502872,1
104.71,0.3,288.205407412752,0.122193331634995,0.88363695156648,0.65704460945348,0.999100210900284
104.72,0.3,287.973125912483,0.117854482553653,0.883233217120002,0.657645428542966,0.998824534898834
104.73,0.3,287.743993830003,0.122237737692833,0.882400822438792,0.66083384873603,1
104.74,0.3,287.51797211664,0.119333154920289,0.881995072713208,0.657547775894542,1
104.75,0.3,287.295020835203,0.120566718283475,0.881218149024686,0.659372314366026,0.998594525822549
104.76,0.3,287.075099173955,0.12176820607567,0.878384070070477,0.658363255189384,0.99801319859904
104.77,0.3,286.858165460845,0.121581168484832,0.882159200937595,0.657526132719403,1
104.78,0.3,286.644177178002,0.119412062664667,0.879949208869763,0.658683028580249,0.999548337889589
104.79,0.3,286.433090976485,0.123620638839751,0.880389266244918,0.656911064404032,1
104.8,0.3,286.224862691293,0.123182609377391,0.880148547643581,0.657268907948055,0.998461309594574
104.81,0.3,286.019447356629,0.122077187695875,0.877318256724579,0.658501086885426,0.999602397863955
104.82,0.3,285.816799221427,0.120826636267603,0.880593653198074,0.658889695108755,1
104.83,0.3,285.616871765127,0.123675149309878,0.879269279738365,0.656672288084234,1
104.84,0.3,285.419617713701,0.122112425407614,0.877719588922652,0.654243516144145,0.99860971916633
104.85,0.3,285.224989055943,0.121124351188402,0.878410639545666,0.656223166781125,0.999845365298497
104.86,0.3,285.032937060001,0.123544170898014,0.879169725591509,0.654713612718,0.999798995279069
104.87,0.3,284.843412290154,0.121588163219137,0.879613780546996,0.655022776560755,0.998002809116009
104.88,0.3,284.656364623854,0.122816928308773,0.878345007256119,0.653976580448767,1
104.89,0.3,284.471743268996,0.121500128434014,0.877683335741232,0.655915044220587,1
104.9,0.3,284.289496781441,0.1223936270469,0.877503899619895,0.654812050911399,1
104.91,0.3,284.109573082786,0.121244981752055,0.876912462677839,0.656426081569542,0.998806050064765
104.92,0.3,283.931919478364,0.123963099185301,0.875864965553562,0.655191293579929,1
104.93,0.3,283.756482675489,0.122859020775523,0.876397057982419,0.6538495426778,1
104.94,0.3,283.583208801942,0.125444231496612,0.876263819807281,0.654289360683786,0.999228344332386
104.95,0.3,283.412043424676,0.126052174622917,0.876024639173435,0.655584925793761,0.999508574514438
104.96,0.3,283.24293156877,0.123805707742135,0.876917990919012,0.656129873508816,0.998151371528908
104.97,0.3,283.075817736597,0.12591821500613,0.877918997971135,0.651942329531949,0.99770937675237
104.98,0.3,282.91064592723,0.123510437459763,0.875742932234673,0.652711777084985,0.998225593928718
104.99,0.3,282.747359656054,0.126840183766097,0.876681674490984,0.651305680263378,0.998907939274906
105,0,282.585901974619,0.127284913261888,0.873213369647269,0.654621231069114,1
105.01,0,282.426215490685,0.124951357602919,0.874041529675193,0.652556394648931,1
105.02,0,282.2682423885,0.124759210700307,0.872844325021841,0.653619922413165,0.999831819236149
105.03,0,282.111924449272,0.126324255588341,0.875350535520078,0.653450544037611,1
105.04,0,281.957203071853,0.126318307086124,0.873558123127635,0.654924066390251,0.998064314580425
105.05,0,281.804019293616,0.124737243071469,0.874934199146544,0.653196449881029,0.99893729802456
105.06,0,281.652313811535,0.125417298771269,0.872763953319952,0.654691742381219,0.999452640583856
105.07,0,281.502027003452,0.123857159980512,0.873743601268045,0.653251542638097,0.999149338136084
105.08,0,281.353098949527,0.123640318778678,0.872551541774726,0.652386125483275,0.999123188507667
105.09,0,281.205469453873,0.125193817268827,0.870304097241691,0.651005212759091,1
105.1,0,281.059078066364,0.1241213065391,0.87204208680893,0.650822444584468,0.997909044071128
105.11,0,280.913864104616,0.124672919988791,0.872459655891303,0.651208372973126,0.999055115678897
105.12,0,280.769766676123,0.123623001327797,0.872694141383975,0.652724751998959,1
105.13,0,280.626724700562,0.124638384837116,0.870062268705179,0.650987670382584,0.996922472774176
105.14,0,280.484676932243,0.123775958779172,0.870717690324873,0.650567325989596,0.999798467004072
105.15,0,280.343561982703,0.125033177081794,0.868443320584677,0.650535885427081,0.999356480887561
105.16,0,280.203318343442,0.127032418253201,0.870524716379717,0.650603262692173,1
105.17,0,280.063884408788,0.125161791212123,0.871236772940858,0.65242428879816,1
105.18,0,279.925198498884,0.126602857957,0.869358848800693,0.650429206134416,0.999659087860515
105.19,0,279.787198882795,0.127736384496149,0.870161972668134,0.650717168286242,0.997506844389607
105.2,0,279.649823801724,0.127372999682932,0.867736070245083,0.649367624747743,1
105.21,0,279.513011492316,0.125579921520299,0.869157437315095,0.648860590616009,0.998782034888991
105.22,0,279.376700210079,0.127209885619623,0.870013687022103,0.651578244449731,1
105.23,0,279.240828252863,0.127929251653404,0.869168628600991,0.652442636556307,1
105.24,0,279.105333984429,0.125570252154275,0.868660551096641,0.651381344858436,0.998779156681636
105.25,0,278.97015585808,0.12908323250003,0.86834587034342,0.652001803458134,1
105.26,0,278.83523244035,0.127446635949579,0.869099534370899,0.650557564233612,1
105.27,0,278.700502434739,0.127506114838467,0.8674979296583,0.650517198763245,1
105.28,0,278.565904705487,0.128340816021228,0.866222544461068,0.648726558798111,0.999915408135646
105.29,0,278.431378301376,0.127076453570321,0.867572288784295,0.649827799276112,0.999729129627002
105.3,0,278.296862479549,0.127972559604955,0.867448708768184,0.647254008180236,0.99822195607929
105.31,0,278.162296729338,0.12738120376838,0.866943342057974,0.64789810330409,1
105.32,0,278.027620796089,0.128061018703381,0.866390318712481,0.64796656763049,1
105.33,0,277.892774704974,0.131532537451877,0.866767192542324,0.647140020896207,0.998639318752788
105.34,0,277.757698784778,0.128044162775635,0.863234949576159,0.647660752228472,0.999962640800168
105.35,0,277.622333691649,0.129759947022908,0.864743576416313,0.650028084617309,0.999832920668521
105.36,0,277.486620432805,0.128330562414825,0.86528286803083,0.646790264821824,0.998603948535382
105.37,0,277.350500390182,0.126930187845772,0.862815166900755,0.646341368379262,1
105.38,0,277.213915344011,0.130288815934972,0.865422122505805,0.646555623818912,1
105.39,0,277.076807496315,0.129041959478328,0.863071277928978,0.646868211652491,0.999070761185778
105.4,0,276.93911949431,0.129952923010268,0.864041623812096,0.648011190563613,0.998920475131607
105.41,0,276.800794453708,0.129152383031036,0.864651386133619,0.646907706224292,0.999532324630039
105.42,0,276.661775981899,0.127038819050657,0.86343743216983,0.649506341138,1
105.43,0,276.522008200994,0.13075893112877,0.863830273248657,0.647375219215891,1
105.44,0,276.381435770748,0.129545014305446,0.860439096421405,0.647501865039777,0.997898383241791
105.45,0,276.240003911308,0.132081517927889,0.863682673769965,0.645305390236561,1
105.46,0,276.097658425804,0.129507501712185,0.861308606900707,0.648300905554375,0.999918050404215
105.47,0,275.954345722759,0.130711347407108,0.864296749314729,0.64158339849606,1
105.48,0,275.810012838311,0.130303626797813,0.859537664609038,0.645394046727729,0.999783995964891
105.49,0,275.66460745822,0.130791888747104,0.86340303138043,0.647784444117959,1
105.5,0,275.518077939671,0.128688162918422,0.864931744898515,0.646345801240017,1
105.51,0,275.370373332836,0.130072819474199,0.858413675432261,0.645595927321537,1
105.52,0,275.221443402199,0.128090465708543,0.861125942349158,0.64447782871393,0.999873488276769
105.53,0,275.101849994516,0.129427600944334,0.858964002461406,0.645193230033166,1
105.54,0,275.101849994516,0.129448091463592,0.861798691635667,0.645985246075789,1
105.55,0,275.101849994516,0.129442374300474,0.859473264616167,0.646997785214641,1
105.56,0,275.101849994516,0.130474626900816,0.862520782685536,0.644302437164507,0.999324072243876
105.57,0,275.101849994516,0.128045317333442,0.860564648466358,0.644589239931301,1
105.58,0,275.101849994516,0.130045200456267,0.857785891791284,0.644700907772753,1
105.59,0,275.101849994516,0.129957800274849,0.860690596371092,0.644950340386089,1
105.6,0,275.101849994516,0.131660599669987,0.85860160132241,0.644009044906824,1
105.61,0,275.101849994516,0.132071583658352,0.860533567979148,0.642240712030448,0.999297216789093
105.62,0,275.101849994516,0.129943941742243,0.86005487350202,0.643831431874974,0.999037227115766
105.63,0,275.101849994516,0.130487730625157,0.858997886948267,0.646536338462,0.999931886255796
105.64,0,275.101849994516,0.129962397959419,0.857572468783362,0.645112047771364,0.99905201693347
105.65,0,275.101849994516,0.127967820047464,0.858622292822307,0.643090066082717,0.997767637537612
105.66,0,275.101849994516,0.131660216004247,0.859630155365715,0.642063386175748,0.9996124072259
105.67,0,275.330565769244,0.130530913504599,0.857193609233741,0.641822094216825,1
105.68,0,276.404017174069,0.130121828887787,0.856089764647089,0.643990693236617,1
105.69,0,276.9122606497,0.126888345306574,0.858467406257356,0.643643035085189,1
105.7,0,277.45481040947,0.127823554993077,0.857032170002863,0.642851961149569,1
105.71,0,277.994790648325,0.129834150978859,0.855622621908685,0.640972102563156,0.999689225931818
105.72,0,278.533436422513,0.127794493021759,0.853921619936193,0.645787416172615,0.999006703390211
105.73,0,279.070755367055,0.125650049380125,0.857679580193982,0.641393147736248,0.999103853710945
105.74,0,279.606685280063,0.128166435712496,0.853046599449482,0.642038306233327,1
105.75,0,280.14118151714,0.127423146620276,0.856801332743094,0.645568464447313,1
105.76,0,280.674198406069,0.127013332275583,0.853453004628062,0.643352486501952,0.999988475452459
105.77,0,281.20569119499,0.125375721808942,0.852240649417235,0.643616455746117,1
105.78,0,281.735615936877,0.124030060708198,0.855014645618164,0.643765789392198,1
105.79,0,282.263929520604,0.126888258670898,0.854615007108819,0.642054508873977,0.997518835968858
105.8,0,282.790589694934,0.125788036450329,0.854186955436447,0.641188296129898,0.998155225509151
105.81,0,283.3155550922,0.125881050949612,0.853890035218074,0.644502052385075,0.999939814113273
105.82,0,283.838785251684,0.124516223715636,0.854336385234095,0.64108403745639,1
105.83,0,284.360240642648,0.12446198568209,0.853212077202669,0.640398940293352,1
105.84,0,284.879882686998,0.122455282526626,0.853314628715185,0.641946051201161,0.998437017683808
105.85,0,285.397673781578,0.124783255579028,0.852316735032057,0.640380448531243,0.999704390413201
105.86,0,285.913577320047,0.120847862293819,0.851881078873589,0.643609863424052,0.998451866944237
105.87,0,286.427557714375,0.123334696071488,0.851294871362309,0.643702865909249,1
105.88,0,286.939580415883,0.124271506121209,0.851102388108565,0.643009052345104,0.999167913744736
105.89,0,287.449611935867,0.120449360259383,0.851779164387541,0.63934147311708,1
105.9,0,287.957619865749,0.122037400713117,0.851986342360221,0.640927369388292,0.999915543894529
105.91,0,288.463572896772,0.123583376125338,0.850627542470341,0.64067742541359,0.99801747384754
105.92,0,288.967440839202,0.121421209857856,0.851157233801763,0.64203677643926,0.998352010920962
105.93,0,289.469194641039,0.121072358061984,0.849239186367904,0.643581804610399,0.999150405243137
105.94,0,289.968806406216,0.118688859140714,0.849738956070951,0.64030435892721,0.999824748461777
105.95,0,290.466249412271,0.119003529521838,0.849231357982452,0.642195162958732,0.997933866463088
105.96,0,290.961498127492,0.119863775580241,0.848538235632029,0.643351965947798,1
105.97,0,291.454528227506,0.120400393263979,0.851550647351303,0.639694240907731,1
105.98,0,291.945316611311,0.11575111233596,0.849591945457787,0.641795446027539,1
105.99,0,292.433841416739,0.118488144303259,0.849363946505489,0.642062727106897,1
106,0,292.920082035327,0.117931736394043,0.848272518949585,0.642903622312595,1
106.01,0,293.404019126614,0.119066281214757,0.850363452820378,0.641065196566489,1
106.02,0,293.885634631812,0.12004173760252,0.849862521888866,0.642702302068828,1
106.03,0,294.364911786882,0.118414614314073,0.84994040013446,0.640756654902015,1
106.04,0,294.841835134979,0.118009233810884,0.847732355956143,0.64051233951745,1
106.05,0,295.316390538268,0.114688333835894,0.848167504137178,0.642146235574874,1
106.06,0,295.788565189099,0.117065034698765,0.845563275294745,0.643274687532551,0.999156694442217
106.07,0,296.25834762054,0.113592886894148,0.850603300696354,0.642526698312015,0.999622882840335
106.08,0,296.725727716248,0.115639007873985,0.847814101426964,0.641732856220794,0.998990962008555
106.09,0,297.190696719685,0.114811581508911,0.849425537164504,0.640828619196253,0.998876510711312
106.1,0,297.653247242659,0.114360459750336,0.846344658655589,0.642866900503279,0.998281179815377
106.11,0,298.113373273201,0.115466162661713,0.844359121432565,0.641912449159322,0.999157070115771
106.12,0,298.571070182751,0.114636514055827,0.847724592623436,0.642637109190365,1
106.13,0,299.026334732669,0.11491399822257,0.846683459606741,0.642195128221903,1
106.14,0,299.479165080053,0.114295337509204,0.845820895178236,0.641572641548278,0.998522811728734
106.15,0,299.92956078287,0.116031546731319,0.844434745092888,0.641498608885091,1
106.16,0,300.377522804379,0.112529969899582,0.846045912064584,0.639840118508906,0.999726864504516
106.17,0,300.823053516873,0.112776868351616,0.844588757848712,0.641934624870044,1
106.18,0,301.266156704705,0.112760271596128,0.843602463746746,0.638750545776572,0.99834219826522
106.19,0,301.706837566622,0.112443589363692,0.844235872970241,0.643477449011425,0.999156039812815
106.2,0,302.145102717389,0.110390335713921,0.845960558550778,0.640468225539583,0.999212453022872
106.21,0,302.580960188713,0.112180434576898,0.844817433977512,0.642069213896103,1
106.22,0,303.014419429463,0.113493283815423,0.844391731512882,0.643052976449496,0.999501950069163
106.23,0,303.445491305179,0.109137194745129,0.845595874566744,0.641321101047291,0.997574241266391
106.24,0,303.874188096887,0.111931130057551,0.84424427716869,0.642498268738107,0.99784718827248
106.25,0,304.300523499211,0.110927887609347,0.844453434274989,0.645439248750946,0.99927080980477
106.26,0,304.724512617779,0.111600715961046,0.844132556158466,0.642848077189911,0.997909449344544
106.27,0,305.146171965939,0.111187532393675,0.843792236077928,0.643305482202911,0.99836577258448
106.28,0,305.565519460777,0.108614800224179,0.845781214283141,0.642597834430453,1
106.29,0,305.982574418445,0.109037786682427,0.841962448594782,0.644533267825517,1
106.3,0,306.397357548808,0.10954076448007,0.8433766856576,0.643615367318076,1
106.31,0,306.809890949395,0.10677395561723,0.842628477310707,0.645427692609339,1
106.32,0,307.22019809869,0.112774280183255,0.843505556304265,0.642136930591801,1
106.33,0,307.628303848738,0.107085789395526,0.843413948164553,0.642404503229355,1
106.34,0,308.03423441709,0.107336397131175,0.845191290388827,0.642715670924579,1
106.35,0,308.43801737809,0.109293003333689,0.841440465337168,0.642359256363767,0.998961334278478
106.36,0,308.839681653502,0.108893857628057,0.844225058642876,0.643786652629151,0.999073127889972
106.37,0,309.239257502505,0.10947200355882,0.840848617571392,0.642375272706284,1
106.38,0,309.636776511032,0.107424275247244,0.842973554908484,0.642593018256513,0.996899913309093
106.39,0,310.032271580493,0.107749582431612,0.841804683815625,0.643518482972866,0.999100534886244
106.4,0,310.425776915869,0.107006251107307,0.841311341618599,0.643763852674777,1
106.41,0,310.817328013198,0.107352407922568,0.841285368896355,0.641258989315201,1
106.42,0,311.206961646449,0.104514985718885,0.841662379043745,0.64458983539726,1
106.43,0,311.594715853814,0.106489223590903,0.838541552153647,0.642836243024019,1
106.44,0,311.980629923401,0.109287992309163,0.841786069525408,0.646159615543885,1
106.45,0,312.364744378368,0.106307311521831,0.841226889106445,0.64461969179985,0.997269080660125
106.46,0,312.747100961479,0.105760182631784,0.839844976373824,0.641671773993339,1
106.47,0,313.127742619122,0.10737498590579,0.839950476898198,0.641840965645663,1
106.48,0,313.506713484765,0.10149150759859,0.840550642632975,0.644605776638255,0.999949912737314
106.49,0,313.88405886191,0.107422506940363,0.838670301393707,0.645551842768044,0.999531179361264
106.5,0,314.259825206494,0.104338426597822,0.838869744201805,0.645775916403289,1
106.51,0,314.634060108819,0.102512842766671,0.838575307213983,0.645234400738475,1
106.52,0,315.006812274954,0.106660158610486,0.83894804183301,0.646959889814221,1
106.53,0,315.378131507682,0.10393560532325,0.836912423639535,0.643585209752926,1
106.54,0,315.748068686959,0.104301761570311,0.840911067359474,0.643705520226843,0.998036005765026
106.55,0,316.116675749927,0.102888306364417,0.841456549014103,0.643348573637813,0.999056326338067
106.56,0,316.484005670472,0.101569345396444,0.838359790721527,0.644912366863753,1
106.57,0,316.850112438363,0.101637428362543,0.837146154041704,0.646191481166879,1
106.58,0,317.215051037969,0.102061606866152,0.835823618287925,0.646843026481812,0.998583403988924
106.59,0,317.578877426562,0.103219366474236,0.836200526928867,0.648153170109259,0.998811232375042
106.6,0,317.941648512242,0.100580695052192,0.838503346693023,0.645182635252515,0.99568104680447
106.61,0,318.30342213148,0.100519162857696,0.838671467173854,0.644492370234325,1
106.62,0,318.664257026294,0.102116063718708,0.83877829206893,0.646020936676161,1
106.63,0,319.024212821077,0.102330263452718,0.836868397689012,0.646896608721712,1
106.64,0,319.383349999086,0.100714919833853,0.840532497674565,0.646867673546375,1
106.65,0,319.741729878618,0.10068030487971,0.840422033722292,0.64661920631346,1
106.66,0,320.09941458886,0.100049299968107,0.838192425418664,0.648430308424879,1
106.67,0,320.456467045457,0.102193020176695,0.840047007187692,0.648354534011049,0.999335115895632
106.68,0,320.812950925797,0.100782721767442,0.837779002696779,0.646316245548176,0.999041819310182
106.69,0,321.168930644022,0.101718732192804,0.836331562385179,0.650331079009172,0.99986459816118
106.7,0,321.524471325787,0.0990934441625055,0.835586524045151,0.648257123476652,0.999002310925269
106.71,0,321.879638782784,0.100780272718036,0.83514194132641,0.648842995449271,1
106.72,0,322.234499487035,0.100863948490643,0.837931176020217,0.648302075522197,1
106.73,0,322.58912054497,0.0992211116045809,0.83421919550313,0.64891015623234,0.996832556005798
106.74,0,322.943569671306,0.0979209317962164,0.836899256441857,0.647697976762324,0.998571035251678
106.75,0,323.297915162744,0.100771255056692,0.833970184627597,0.648186230455903,1
106.76,0,323.652225871487,0.10201434874572,0.836004623403359,0.648855209868246,1
106.77,0,324.0065711786,0.097028843890423,0.8341914863488,0.651256577488732,0.999043358612161
106.78,0,324.361020967224,0.0963825518170385,0.835081408080466,0.649577847033538,1
106.79,0,324.715645595656,0.096797438721349,0.835034675954748,0.647241921901643,0.999946393234375
106.8,0,325.070515870303,0.0980588631982642,0.838491092486294,0.649742396682212,0.998754766325399
106.81,0,325.42570301853,0.0944394649531611,0.836419478191282,0.650478771256866,0.999383764513641
106.82,0,325.781278661415,0.100172256058402,0.837756248965194,0.649358154959385,1
106.83,0,326.137314786409,0.0984955419761043,0.833208184499355,0.649405402168147,0.99676754755321
106.84,0,326.493883719938,0.0984722856690972,0.835172047127493,0.649589261088886,1
106.85,0,326.85105809993,0.0947504744371944,0.838106533095725,0.649509643802291,0.999752732762051
106.86,0,327.208910848302,0.0974930685699222,0.834964938855526,0.649371894527412,1
106.87,0,327.567515143404,0.0967739499204186,0.83732076775709,0.649071399865467,0.999465313431085
106.88,0,327.926944392442,0.0975726429360342,0.834513165637747,0.648912721801573,1
106.89,0,328.287272203883,0.0963022647685633,0.83450785176707,0.651499512555185,1
106.9,0,328.648572359849,0.0951387476484001,0.83405434744726,0.652643875535878,0.998617362034458
106.91,0,329.010918788525,0.0966591524782099,0.835248613642521,0.652916851648548,0.997982735211604
106.92,0,329.374385536583,0.0947260240213044,0.834472120929878,0.649779666624822,1
106.93,0,329.739046741625,0.0975007440947131,0.834508741809747,0.652049042067685,0.999664616995791
106.94,0,330.104976604668,0.0962443588497143,0.834614405435161,0.651264241056481,1
106.95,0,330.472249362672,0.0963547917394903,0.833288137103843,0.651803567376151,0.998437521706377
106.96,0,330.840939261123,0.0933220798679842,0.834144723042758,0.652818482514394,1
106.97,0,331.211120526679,0.0963182304593115,0.834484877535062,0.652438547060887,1
106.98,0,331.582867339893,0.0959944294376648,0.833828418091087,0.649674877024046,1
106.99,0,331.956253808008,0.0936485676829306,0.832517302814679,0.654186165332889,1
107,0,332.331353937856,0.0939348692929762,0.835667617408968,0.651792710811,1
107.01,0,332.708241608837,0.0927747444808694,0.832534835684471,0.653003994879509,1
107.02,0,333.086990546018,0.0935423607098421,0.834897547611575,0.653868702759634,1
107.03,0,333.46767429334,0.09197671668234,0.833467077949611,0.652120995458282,1
107.04,0,333.850366186943,0.0928775709096957,0.834065830460976,0.652671475158742,1
107.05,0,334.235139328624,0.092441644439009,0.832709949920908,0.656243661287113,0.999337789170297
107.06,0,334.622066559423,0.0944175639520927,0.83437227291481,0.652600185487148,1
107.07,0,335.011220433358,0.0925455615510791,0.832150396714004,0.654922974613892,1
107.08,0,335.402673191299,0.0927744662076121,0.832647084428522,0.654578209038327,1
107.09,0,335.796496735002,0.090822851191965,0.834311751015586,0.655045964484443,1
107.1,0,336.192762601302,0.0929035520726057,0.834700016951629,0.654637152236111,0.998777418364632
107.11,0,336.591541936471,0.0931337885422155,0.832006664544375,0.653771189332858,0.999883827860582
107.12,0,336.992905470741,0.091762380073851,0.832246813857445,0.655781871276274,1
107.13,0,337.396923493014,0.0924851533169388,0.82864607100076,0.656406289251634,0.997981641987868
107.14,0,337.803665825745,0.0915557695811976,0.833155823875023,0.655278891276189,0.99805398383517
107.15,0,338.213201800016,0.0902810621090002,0.831236151443295,0.652510832763553,1
107.16,0,338.625600230798,0.0915283335126465,0.833323308531993,0.657016834639672,1
107.17,0,339.040929392412,0.0915393391671504,0.833479480282796,0.655611371633573,0.999839157486268
107.18,0,339.459256994181,0.0907870588605518,0.830081102605112,0.654319872717243,0.998222098511344
107.19,0,339.880650156303,0.089668229773734,0.831676047132389,0.656655943142069,0.99902491363216
107.2,0,340.305175385913,0.0899324436651446,0.834256717503098,0.656876634739416,0.999192722350072
107.21,0,340.732898553369,0.088939307640522,0.831745408273792,0.65806745218443,0.999523933921031
107.22,0,341.16388486875,0.0882364641487916,0.833570199992281,0.656354426897341,0.999398350056872
107.23,0,341.598198858573,0.0893850869850234,0.832731895938077,0.658291888932018,0.999589378734481
107.24,0,342.035904342733,0.0892869067016892,0.831935901598339,0.656358116022994,0.997484837638554
107.25,0,342.477064411668,0.0877500148535919,0.83201996931558,0.656721209056182,1
107.26,0,342.921741403754,0.0882521760943561,0.831417468435815,0.655689218050483,0.998581080069272
107.27,0,343.369996882929,0.0883764969025794,0.831989394907111,0.656860216472668,0.99825869370315
107.28,0,343.821891616561,0.0875087984312438,0.831346163176555,0.657365881633291,1
107.29,0,344.277485553539,0.0872246634242246,0.830824122578851,0.655215504194283,1
107.3,0,344.736837802619,0.0894544194764464,0.832434992443093,0.657973846919908,0.998951162790395
107.31,0,345.200006611001,0.0873814423510301,0.829348412939813,0.65755626919397,1
107.32,0,345.667049343166,0.0878620684722686,0.83026841009843,0.65701807858998,0.999609533143866
107.33,0,346.138022459943,0.0863246926127842,0.832777826140033,0.655729745416039,0.998718089498076
107.34,0,346.612981497847,0.0856263157659065,0.828684579541345,0.658677424748761,1
107.35,0,347.091981048653,0.0838863661627701,0.831478693914797,0.656388717982915,1
107.36,0,347.575074739237,0.0856298923669138,0.82963400671807,0.657942888331482,0.998883337604467
107.37,0,348.062315211671,0.0840688058298728,0.831525344111765,0.655597755623482,1
107.38,0,348.553754103577,0.0834398152696858,0.83120061821268,0.659183295590689,1
107.39,0,349.049442028748,0.0838877803214623,0.831463544305777,0.657999418406692,0.9997324434177
107.4,0,349.549428558031,0.0855961175404575,0.831762654415275,0.656578012591877,0.999427913013498
107.41,0,350.05376220048,0.084269775928813,0.832525703353869,0.658271466146308,1
107.42,0,350.562490384777,0.0829907262262082,0.83157940309782,0.657012500315948,1
107.43,0,351.075659440927,0.0851500603578588,0.831584207814294,0.659721920211436,1
107.44,0,351.593314582227,0.0844312073380733,0.834339557673564,0.659204754855083,1
107.45,0,352.115499887515,0.0859622877867899,0.830114753472906,0.65641664073058,1
107.46,0,352.642258283694,0.0821239295248785,0.831626861867532,0.657278866179088,0.998437357563478
107.47,0,353.173631528544,0.0812522669046198,0.829517378665501,0.660127053196991,1
107.48,0,353.709660193819,0.0782886194616571,0.833177632154927,0.656722660413148,0.998172639725017
107.49,0,354.250383648627,0.0816762128564772,0.833212274869724,0.65906791035686,1
107.5,0,354.795840043104,0.0820705813975687,0.831903316675763,0.657370728683059,1
107.51,0,355.346066292386,0.0783678809494764,0.828106717566621,0.660056546081881,1
107.52,0,355.901098060869,0.0794450922011418,0.830811457796222,0.658853636178001,0.998037125033913
107.53,0,356.460969746779,0.0816477550645569,0.831185298709982,0.657542589577733,1
107.54,0,357.025714467035,0.080213760119513,0.830599473725546,0.657523102349596,1
107.55,0,357.595364042429,0.0792441435577792,0.832479834087627,0.660341219596079,1
107.56,0,358.169948983105,0.0785761718609412,0.831632353852322,0.659288735149219,0.997718769596387
107.57,0,358.749498474361,0.0787611913337412,0.832737514916688,0.658497555888048,1
107.58,0,359.334040362762,0.0793739264010667,0.829941171262834,0.659175195972321,1
107.59,0,359.923601142577,0.077671666738016,0.831954230410123,0.656835200938877,1
107.6,0,360.518205942536,0.078863515306726,0.832602157426233,0.65651893875219,1
107.61,0,361.117878512928,0.0782827070954326,0.833703746869195,0.660721086712335,1
107.62,0,361.722641213013,0.0771912880465768,0.830683601506301,0.657355343862242,1
107.63,0,362.332514998792,0.0791940574088286,0.833446205106307,0.659302046698246,1
107.64,0,362.947519411103,0.0799629197874527,0.831371785345962,0.658288903034674,1
107.65,0,363.567672564071,0.076483982967607,0.829691136777115,0.657477256392802,0.998620732013513
107.66,0,364.192991133911,0.0756322243193747,0.831775854703097,0.657362171768445,1
107.67,0,364.823490348079,0.0752879609009506,0.829511849574077,0.658626017234532,0.99865711530002
107.68,0,365.459183974796,0.0756240242423611,0.831244416431478,0.658529949574139,0.999007940687336
107.69,0,366.100084312926,0.0744118376393241,0.832516262348043,0.658181890531411,0.999958686039411
107.7,0,366.746202182237,0.0762579144615276,0.831711880427681,0.659946976901428,0.998435852782706
107.71,0,367.397546914032,0.0737160574380005,0.832294983651846,0.661145448153254,1
107.72,0,368.054126342168,0.0774627971797413,0.832449833761527,0.658925552171032,0.999522193065042
107.73,0,368.71594679446,0.0720631036250015,0.831824892886143,0.657077028053289,0.997443514278887
107.74,0,369.383013084482,0.0707819871689168,0.830772576912907,0.658104959435345,1
107.75,0,370.055328503769,0.0715146664614158,0.830624287122045,0.658617188646108,1
107.76,0,370.732894814427,0.0744529099401084,0.832455164578918,0.658824894840163,0.998547125186433
107.77,0,371.415712242155,0.0730338692277821,0.831749850563684,0.657702479925966,0.997748015755373
107.78,0,372.103779469688,0.0740332569378287,0.831412567492873,0.65781288297475,0.998933383565817
107.79,0,372.797093630667,0.0698119148712141,0.833359586454744,0.658904125365937,0.999762598576421
107.8,0,373.49565030394,0.070610407084289,0.831042478271408,0.655281182804275,0.999821481849487
107.81,0,374.199443508308,0.0735063417736417,0.832267244536525,0.657857845258168,0.999712564384755
107.82,0,374.908465697718,0.0745975474777409,0.833780812184906,0.66059762551371,0.999594786178517
107.83,0,375.622707756904,0.0724331433602006,0.834200355787736,0.659341130101847,0.998934911106604
107.84,0,376.342158997497,0.0724341077949801,0.832191271662025,0.654884203147112,0.999372583413721
107.85,0,377.066807154603,0.0696581022372478,0.832128494970374,0.65705257693302,1
107.86,0,377.796638383851,0.0716332033193449,0.833207636999517,0.659993452982977,0.998790341823314
107.87,0,378.531637258938,0.0674415103490466,0.832684827224756,0.659496314401308,1
107.88,0,379.271786769646,0.0696084942631085,0.83234503696628,0.657087893913545,1
107.89,0,380.01706832038,0.0656845920762057,0.83285373435534,0.655070672252806,1
107.9,0,380.767461729195,0.0686295107279928,0.832870907167664,0.657610443984839,0.997192495632715
107.91,0,381.522945227344,0.0654816676352466,0.831852654831628,0.654867162941032,1
107.92,0,382.283495459353,0.0662419086657793,0.834449897189489,0.655696327251168,0.999913170236926
107.93,0,383.049087483618,0.0655985849749512,0.832910315631743,0.658370700443459,1
107.94,0,383.819694773541,0.0663071439982789,0.830895467152437,0.657803343129304,0.9984013309141
107.95,0,384.595289219213,0.0665380870628211,0.834044084873152,0.65793663478173,0.998187533943646
107.96,0,385.375841129653,0.0688503921133514,0.833094980599853,0.655647033293635,0.999231208114473
107.97,0,386.1613192356,0.0664007065256093,0.833374302181597,0.658508518229998,0.99865768440983
107.98,0,386.95169069288,0.0645239623595117,0.834935585267136,0.654969522811061,1
107.99,0,387.746921086347,0.0614181010338103,0.831305197627267,0.656493853321051,0.999814448436952
108,0,388.546974434407,0.0636249209248606,0.834740939568288,0.658635219867025,0.999822868874093
108.01,0,389.351813194131,0.0618511866268466,0.831146936246722,0.655153997607953,0.999750944513136
108.02,0,390.161398266974,0.0612919563370906,0.834810033669366,0.653948320456392,1
108.03,0,390.975689005092,0.0641932370993372,0.832074472591056,0.656085794070926,1
108.04,0,391.794643218272,0.0636543920930488,0.835640651024776,0.656608161704613,1
108.05,0,392.61821718149,0.0603520996233496,0.833657991949113,0.656037558176582,0.998795036736258
108.06,0,393.446365643087,0.0618634448672213,0.831864268562369,0.656099789404877,1
108.07,0,394.279041833589,0.0624707064612307,0.832617274059691,0.6522389650941,0.999464783389874
108.08,0,395.116197475151,0.0602212270794266,0.835455845688231,0.652707096241741,0.999933936391226
108.09,0,395.957782791665,0.061686901880106,0.837029465798302,0.655820626425947,1
108.1,0,396.803746519513,0.0601828959588544,0.83385174240219,0.652761340863552,0.998880690743066
108.11,0,397.654035918981,0.0611520963607244,0.83339096250844,0.654238093810764,1
108.12,0,398.50859678633,0.0587758591658941,0.833124794105407,0.654918857720281,1
108.13,0,399.367373466549,0.059641265960457,0.835632867476753,0.65544434118673,0.99801697089106
108.14,0,400.230308866779,0.0590247101490682,0.835396278492862,0.652807534877427,1
108.15,0,401.097344470414,0.0610855767638313,0.836406609443213,0.65560218077999,1
108.16,0,401.96842035189,0.0570899509284552,0.834359364801622,0.653983693153562,0.999230361395731
108.17,0,402.843475192162,0.0581824964665454,0.834417791449636,0.65317389360781,1
108.18,0,403.722446294878,0.0541050334927714,0.835661699896343,0.653439303599698,1
108.19,0,404.605269603244,0.0555081182750349,0.835489029689691,0.655372357942795,1
108.2,0,405.491879717597,0.058159264005422,0.836047619018718,0.654810327729881,0.998569419942289
108.21,0,406.382209913671,0.0566904210208095,0.836030646224714,0.650611392294444,1
108.22,0,407.276192161584,0.0577074971461742,0.835705640648799,0.654524088694001,1
108.23,0,408.173757145514,0.0563518373889919,0.838001584742962,0.654622551532667,0.998883616243746
108.24,0,409.074834284104,0.0546502452885124,0.835890063901461,0.651277712311745,0.999254805952283
108.25,0,409.979351751562,0.0524610273609117,0.833650204157358,0.653816726404764,1
108.26,0,410.887236499484,0.0526068303617475,0.836137111428887,0.652701249171872,1
108.27,0,411.798414279385,0.0558709480888247,0.836575003195068,0.652412058348442,0.999489747473659
108.28,0,412.712809665944,0.0518413537890533,0.836916199827195,0.651854705428073,0.999232070581462
108.29,0,413.630346080953,0.0518657133023444,0.837291841992496,0.651830347534071,1
108.3,0,414.55094581799,0.0512924870176966,0.83716054828136,0.651691628340627,0.99860029920244
108.31,0,415.474530067792,0.0491985997563661,0.837199729796645,0.651089562501314,0.998220115862741
108.32,0,416.401018944336,0.0518891047523325,0.837476424985218,0.650114075935563,0.999468237511405
108.33,0,417.330331511629,0.0517256562815177,0.836824028184416,0.649255330963978,1
108.34,0,418.262385811191,0.0481162702850733,0.835953111958179,0.648234872123893,1
108.35,0,419.197098890241,0.0519106552045486,0.836193571101617,0.651515408460872,0.998162743797284
108.36,0,420.134386830579,0.0485459332318318,0.837889975290788,0.651214586443336,1
108.37,0,421.074164778151,0.0499116318691194,0.837116127067036,0.649444460437894,0.998624505768079
108.38,0,422.016346973294,0.0483635629107572,0.836219216964553,0.650136217420694,1
108.39,0,422.960846781669,0.0463564218473316,0.840553911647825,0.651261087612126,1
108.4,0,423.907576725851,0.048510047170579,0.840720030635674,0.650550348571629,0.999511961976617
108.41,0,424.856448517591,0.0469890862729362,0.834912335870877,0.64916476862287,1
108.42,0,425.80737309073,0.0482155798203682,0.837271723328836,0.650167234044535,1
108.43,0,426.760260634756,0.0465014535525784,0.838646126273997,0.648877462296571,1
108.44,0,427.715020629004,0.0479209604411469,0.837919064684323,0.651773537335041,0.998244623967842
108.45,0,428.671561877478,0.0465898287645885,0.837497856722384,0.648641382592948,1
108.46,0,429.629792544295,0.046144741342216,0.84222043074827,0.650233052442722,0.998241893435377
108.47,0,430.589620189732,0.0445474980021307,0.838333226521367,0.647695767395133,1
108.48,0,431.550951806865,0.0465611281654105,0.84159491241337,0.647806147056362,0.998583598416094
108.49,0,432.513693858797,0.0447800117871663,0.836397191123559,0.648645564820296,0.998585756149631
108.5,0,433.477752316446,0.0447310719289777,0.83946752896994,0.648781466026511,0.999809926803259
108.51,0,434.443032696893,0.0435651335995349,0.839745303205675,0.650161957085086,1
108.52,0,435.409440102278,0.0401928326508133,0.83888636899094,0.648653341159394,0.999901983707207
108.53,0,436.376879259207,0.039337146269017,0.838782237257749,0.646594742446852,0.999295146491514
108.54,0,437.345254558678,0.0411309752787002,0.839689465833417,0.647963294528025,1
108.55,0,438.314470096507,0.0386631287639594,0.840809173950168,0.646737490294587,0.998852917951157
108.56,0,439.284429714221,0.0391659162837905,0.839689917481127,0.648302842384469,1
108.57,0,440.255037040417,0.0399992330643407,0.841215241706302,0.646337056911121,0.997864839358987
108.58,0,441.226195532563,0.0385944651935469,0.840885167055668,0.64495540682821,1
108.59,0,442.197808519221,0.0383435942894889,0.841970821576433,0.647183444883879,1
108.6,0,443.169779242678,0.0376629707873803,0.842468684022702,0.644656515826332,0.998015128018072
108.61,0,444.142010901955,0.0393393203306587,0.841509163447023,0.646669299036508,0.999170337080882
108.62,0,445.11440669619,0.0392218832779351,0.840128761806795,0.64273865824528,1
108.63,0,446.086869868353,0.0401723139318049,0.840885085846246,0.6450995192027,0.99965133275471
108.64,0,447.059303749292,0.0344613597392584,0.840683848440562,0.646345600403493,1
108.65,0,448.031611802073,0.0352262993881114,0.841970766544014,0.646807040225619,0.999479510030059
108.66,0,449.003697666604,0.0349737141527861,0.843196097743324,0.644979728922763,1
108.67,0,449.975465204503,0.0370221015908702,0.841270389336475,0.646869893618361,0.996559830228835
108.68,0,450.946818544204,0.0384487172542844,0.841471211824969,0.645405920692307,0.999486131195216
108.69,0,451.917662126273,0.0331040898581558,0.841296838068818,0.64398894405056,1
108.7,0,452.887900748892,0.0364061811726769,0.84197266864901,0.646550478566312,1
108.71,0,453.857439613514,0.0345605860388846,0.844015518767099,0.645405932112723,0.997753235442689
108.72,0,454.826184370646,0.035865200530326,0.846013955845304,0.646036377899544,1
108.73,0,455.794041165732,0.0335037167695403,0.843575760576099,0.644450948918485,0.996970270124356
108.74,0,456.760916685127,0.0342304462937735,0.845699015357618,0.646372607864806,0.999972343239928
108.75,0,457.726718202108,0.0360656962457707,0.84428091851408,0.645034578863548,0.998996746760887
108.76,0,458.691353622932,0.0331007192099707,0.844409816825368,0.643712385443445,0.999175070381212
108.77,0,459.654731532871,0.0319960657551424,0.845313636750586,0.644875912718625,0.997674361477422
108.78,0,460.616761242239,0.0316471526170735,0.843472176990347,0.643285475053958,0.999670677495851
108.79,0,461.577352832349,0.0314148860912789,0.845411486585686,0.644858268880198,1
108.8,0,462.536417201394,0.0318134528125521,0.847149848497485,0.643798110210562,0.999256229798365
108.81,0,463.493866110209,0.0303843015151064,0.845403478799809,0.643825993985123,0.997215757469379
108.82,0,464.449612227899,0.0303345176900222,0.845735321252112,0.643165118134284,0.999939834177211
108.83,0,465.403569177296,0.0310396077055102,0.845381214757841,0.643916154525618,1
108.84,0,466.355651580215,0.0275225332908128,0.84611340989439,0.643750725727025,1
108.85,0,467.305775102484,0.0303053608329171,0.846908324279163,0.643848496324296,1
108.86,0,468.253856498726,0.0308307572395083,0.845839450727949,0.642436887725077,0.997881840063073
108.87,0,469.199813656846,0.0305643407598375,0.847609992981783,0.643961430466109,1
108.88,0,470.14356564221,0.0289294221652848,0.846352111824113,0.642036251919968,0.999501195165379
108.89,0,471.085032741484,0.0291808017433033,0.849242791887601,0.643148742489303,0.998207652455314
108.9,0,472.024136506093,0.0274153831137516,0.84718192862007,0.642395793778604,0.999382342434203
108.91,0,472.960799795292,0.0260950115672139,0.848875041899666,0.643811963599808,1
108.92,0,473.894946818796,0.0270758060874142,0.849618764752732,0.643576530036304,0.998763778507155
108.93,0,474.826503178962,0.0259531261936442,0.849834098839325,0.641082681145966,0.99892164822437
108.94,0,475.755395912474,0.0268680912301735,0.847783107833936,0.643834886974366,1
108.95,0,476.681553531531,0.0267370600524535,0.848553864120007,0.642219454577483,1
108.96,0,477.604906064471,0.0245814601826844,0.848043426834921,0.643272752155407,0.999550588249058
108.97,0,478.525385095839,0.0239695228354861,0.852012951804233,0.641699386955356,0.998726205552039
108.98,0,479.442923805855,0.0253433880222153,0.843943395071945,0.640418097283947,0.999813547816409
108.99,0,480.357457009248,0.0241578981444216,0.849121447256752,0.640597352265244,1
109,0,481.268921193452,0.0247263740943322,0.850069999492713,0.641098882168017,1
109.01,0,482.17725455611,0.0237210375983026,0.850149698516579,0.641850778286285,0.998985906939389
109.02,0,483.082397041874,0.0200521422035203,0.847643967733036,0.643251251217095,1
109.03,0,483.984290378481,0.0216660871084163,0.849014399483415,0.642683520747849,0.997309689887433
109.04,0,484.882878112073,0.0218916526467239,0.852324291023778,0.640690163089912,0.999852846528857
109.05,0,485.778105641721,0.0211967349940235,0.848524389481968,0.64205854428011,1
109.06,0,486.669920253157,0.0239249602487635,0.850172501790188,0.642801395189375,0.998721272856834
109.07,0,487.558271151675,0.0225881276382281,0.850949689474028,0.641986168238513,0.997818258662075
109.08,0,488.443109494166,0.0231591356729629,0.853485241395651,0.640502878790699,0.998428276253671
109.09,0,489.324388420298,0.0190449654636033,0.851338120351593,0.640597675709695,0.999289222781714
109.1,0,490.202063082774,0.0196078823283675,0.851401734687452,0.64227243427039,0.999582473264425
109.11,0,491.07609067669,0.0211449454394615,0.850890373112668,0.640992030601446,0.999026287431211
109.12,0,491.946430467939,0.0208278586693391,0.855868632687319,0.643972401156434,1
109.13,0,492.813043820657,0.0161651279112668,0.852717627688309,0.639648878392978,1
109.14,0,493.675894223695,0.0205437996670691,0.854096074976081,0.64158796009664,1
109.15,0,494.53494731608,0.019367882411076,0.850409053688264,0.642050167698278,1
109.16,0,495.390170911464,0.0206695063606068,0.852173279402464,0.643809121969606,0.999262492517018
109.17,0,496.241535021541,0.0169493924969547,0.852031924950815,0.63972632271379,1
109.18,0,497.089011878403,0.0165427454701896,0.855577870986617,0.642539783695897,1
109.19,0,497.932575955835,0.01860012373241,0.852679891642194,0.64008343883545,1
109.2,0,498.772203989528,0.0177403400642087,0.855430269382321,0.639717718906147,1
109.21,0,499.607874996184,0.0135539385901409,0.855135528397755,0.64014516658322,0.998089057879637
109.22,0,500.439570291531,0.0168293401993792,0.853038001659931,0.64154322110498,1
109.23,0,501.267273507184,0.0185688183882259,0.855159029990459,0.641943683796891,0.998875922846052
109.24,0,502.090970606405,0.0160084421593776,0.857396870716075,0.639926571831266,1
109.25,0,502.910649898693,0.0171662003889677,0.855067379045356,0.644754948059101,1
109.26,0,503.726302053223,0.015448894361456,0.855017387223396,0.641828128573084,1
109.27,0,504.537920111129,0.0168931348053987,0.854604456794958,0.644769550322145,1
109.28,0,505.345499496602,0.0146428412186058,0.853765508820454,0.64135991313218,1
109.29,0,506.149038026818,0.0131963494155824,0.857639092414348,0.644098615476941,1
109.3,0,506.948535920666,0.0127189505931694,0.856050862211275,0.642821806986695,1
109.31,0,507.743995806299,0.012485668284563,0.854112881890564,0.6398249181622,0.998384303316924
109.32,0,508.535422727474,0.012701177740248,0.856043868214496,0.641942075313707,0.999990952981275
109.33,0,509.322824148696,0.013346517563917,0.859516816575949,0.639621936990163,0.998291383679973
109.34,0,510.106209959165,0.0138713854343925,0.857819156493638,0.643208739708421,0.9988643654463
109.35,0,510.885592475505,0.0143977626258088,0.860589247217427,0.641822082862117,0.998698098280716
109.36,0,511.660986443295,0.00977071188493496,0.859945372786743,0.640586798569265,1
109.37,0,512.432409037389,0.0112044693234915,0.857752566909982,0.643598881365703,0.999253292721554
109.38,0,513.199879861031,0.0135656871272727,0.857271387271708,0.641972614960523,0.999534095240422
109.39,0,513.963420943776,0.0101898657451263,0.858279055720745,0.640699873491321,1
109.4,0,514.723056738184,0.0107726097323533,0.859530439645878,0.642622320442725,0.999934651585957
109.41,0,515.478814115344,0.0103298155872147,0.859105533577594,0.642692224806467,1
109.42,0,516.230722359188,0.0109613627392992,0.859200618299187,0.643031929502492,1
109.43,0,516.97881315962,0.0110460010483592,0.857692173003997,0.643824346698853,1
109.44,0,517.723120604464,0.00823354020876305,0.861007361463792,0.643363058946099,0.996831317524892
109.45,0,518.463681170235,0.0100603314939814,0.857568702500066,0.642144150990029,0.997237649584028
109.46,0,519.200533711743,0.0097090377247158,0.86097761126567,0.642635800842781,1
109.47,0,519.933719450538,0.0125817538199228,0.862262753476163,0.642224807147133,0.998586599770907
109.48,0,520.663281962203,0.0082172650008275,0.858486895084605,0.641700158048818,1
109.49,0,521.293529982664,0.00916984490499356,0.859092640769521,0.643177285859977,1
109.5,0,521.85019717053,0.00829473475397356,0.860709566492826,0.643467821081735,0.997484599496495
109.51,0,522.407031006405,0.00963261400249066,0.859867782750626,0.646333694066171,0.999855930210352
109.52,0,522.934234982496,0.0101397941238095,0.860489369214685,0.64308096956025,0.998531529698076
109.53,0,523.313956520169,0.00838914390136371,0.863466640775421,0.641283477578455,1
109.54,0,523.681719326724,0.0110422762136485,0.86334179778225,0.644517579468428,1
109.55,0,524.047043113733,0.00707208264560101,0.86153147626447,0.642339355176871,1
109.56,0,524.338242087244,0.00735423525291911,0.863448711538931,0.644617021234858,0.999143668319968
109.57,0,524.574379466484,0.00672379152477888,0.861873896520654,0.642327400154466,0.998975838589102
109.58,0,524.809541922097,0.00909618148413423,0.863880109744964,0.645965495517886,1
109.59,0,525.029661485398,0.00702567885486228,0.86210493960557,0.647472617477878,0.999865444459704
109.6,0,525.183770438804,0.00761231523919379,0.862220397412047,0.64451592480662,1
109.61,0,525.330665298036,0.0057587273559249,0.866145011677548,0.644031464939469,1
109.62,0,525.474547928672,0.00602002333893858,0.864066751914522,0.645506367781153,1
109.63,0,525.586334697791,0.00487604259010758,0.865221803982981,0.645512358021668,1
109.64,0,525.673835456421,0.00539263664320154,0.866379557057061,0.642737873663642,0.998583498135933
109.65,0,525.759085240799,0.00706363660192815,0.865825966428331,0.645539964363985,0.9997642559978
109.66,0,525.836749589377,0.00708599487376166,0.864844892792992,0.645963801770802,1
109.67,0,525.887634218228,0.0076985126585532,0.862200560600916,0.645370286675487,0.998089532841866
109.68,0,525.93402724361,0.00565369727883963,0.864563331600242,0.645636148254324,1
109.69,0,525.977587633266,0.00439496718647039,0.866501104498068,0.646879311760073,0.999841340925042
109.7,0,526.008812427472,0.00690113437947797,0.86778462848091,0.64246167619744,0.999175634543078
109.71,0,526.030335081893,0.0100553148482507,0.865672102635087,0.645022118528499,1
109.72,0,526.049456292427,0.00495726567945643,0.868146501845904,0.646790597845852,1
109.73,0,526.064841423802,0.0075870320112406,0.867896097398255,0.644514061083216,1
109.74,0,526.071834219959,0.00770011341981369,0.869609681315558,0.647138448985763,1
109.75,0,526.076015794069,0.00531182704915171,0.870761034723742,0.647694972239067,0.999259089977394
109.76,0,526.077878312381,0.00780218027521069,0.867986162413497,0.644549761125339,1
109.77,0,526.077938841257,0.00536358147067281,0.867898206649917,0.645209224213964,0.999051948137099
109.78,0,526.077938841257,0.00724489387924211,0.868881590854712,0.646957806048457,0.999716875042013
109.79,0,526.077938841257,0.00762995808554624,0.868487133774768,0.647144934865878,1
109.8,0,526.077938841257,0.00580770953023109,0.869067063261608,0.645358321910078,0.999170453468869
109.81,0,526.077938841257,0.00732918145612319,0.871266065948676,0.648336903759687,1
109.82,0,526.077938841257,0.00647576170986096,0.870150300375802,0.649126841549313,1
109.83,0,526.077938841257,0.00770846070163396,0.869902698223173,0.64736797518697,0.998363212668236
109.84,0,526.077938841257,0.00496486199081701,0.871618347097863,0.651028385282241,1
109.85,0,526.077938841257,0.00818074021955977,0.872326803231163,0.650270673089847,0.999912788912345
109.86,0,526.077938841257,0.00803632399299104,0.871770568365908,0.647167499099438,0.998697699846532
109.87,0,526.077938841257,0.0063092754720532,0.872212694979166,0.647538232159056,0.999148038079937
109.88,0,526.077938841257,0.00678209071453975,0.873188853847487,0.649338301487932,1
109.89,0,526.077938841257,0.00383379732635703,0.871768569921709,0.645832378453656,1
109.9,0,526.077938841257,0.00707855835380119,0.873446389318611,0.650874089550176,1
109.91,0,526.077938841257,0.00453202565398527,0.871903776736283,0.648882906369908,1
109.92,0,526.077938841257,0.00590269888885522,0.871020460151629,0.648281444024413,1
109.93,0,526.077938841257,0.00380540537269076,0.872727772499887,0.649850403728149,0.998806621078941
109.94,0,526.077938841257,0.00629155111326724,0.872858547257643,0.648871119892803,0.998924631634762
109.95,0,526.077938841257,0.00792676647628324,0.874469770225345,0.649204789961929,1
109.96,0,526.077938841257,0.0076202584768662,0.875710022318403,0.65061922650285,0.998345118916004
109.97,0,526.077938841257,0.00844070578080247,0.875513099314443,0.650072622931849,0.998395569352811
109.98,0,526.077938841257,0.00615481096982173,0.875189571661153,0.649092265469782,0.99934911896276
109.99,0,526.077938841257,0.00482781852611114,0.875048743559984,0.649836626842942,0.999002702613076
110,0.3,526.077938841257,0.00779072655060167,0.87392459300107,0.648466453515853,0.99911781814809
110.01,0.3,526.077938841257,0.00792176431642859,0.875684282935177,0.651140791700353,0.997494133124329
110.02,0.3,526.077938841257,0.00504255183062475,0.874956524605228,0.654922783352229,0.999566444277484
110.03,0.3,526.077938841257,0.00703936632106989,0.871620294389509,0.650518503362993,0.997642691101071
110.04,0.3,526.077938841257,0.00471455752384547,0.874985253951663,0.649053111428205,0.998305706093759
110.05,0.3,526.077938841257,0.00785790146938132,0.874542600414487,0.651632412949704,0.998034074346625
110.06,0.3,526.077938841257,0.00607128051246755,0.876129530848609,0.651060413107981,1
110.07,0.3,526.077938841257,0.00678479313817594,0.876624180189784,0.652881290140472,0.999848582333948
110.08,0.3,526.077938841257,0.0051176845438336,0.875734590084156,0.652110906308241,1
110.09,0.3,526.077938841257,0.00878471141628514,0.877303140903427,0.648798329225943,1
110.1,0.3,526.077938841257,0.00508915377079838,0.879134732665422,0.652890542108382,0.999441196619589
110.11,0.3,526.077938841257,0.00643740498354318,0.876979282328802,0.649640970137403,1
110.12,0.3,526.077938841257,0.0059565633649097,0.878442738114945,0.655413051465631,1
110.13,0.3,526.077938841257,0.00500503386622436,0.878609628897739,0.650740183656043,1
110.14,0.3,526.077938841257,0.00579039063041546,0.881081197578154,0.653292316378388,1
110.15,0.3,526.077938841257,0.00765702530423056,0.877138653167284,0.655757099585862,0.998748493268406
110.16,0.3,526.077938841257,0.00630838856347376,0.87921538385167,0.65527557641194,1
110.17,0.3,526.077938841257,0.00643032917335568,0.878983225695521,0.654344266957721,0.998357540174687
110.18,0.3,524.674771783783,0.00925106297147392,0.881085625067932,0.650638943732181,0.999664765389448
110.19,0.3,523.283857774022,0.00866917826998682,0.880311100959725,0.653560406720862,1
110.2,0.3,522.302378273411,0.00721697281574517,0.88207696547326,0.654167110704129,1
110.21,0.3,521.287476959719,0.00957179412223596,0.880736870280804,0.655855743996114,1
110.22,0.3,520.279551152719,0.0109540833505126,0.878151140642113,0.654471740338673,0.998160706608228
110.23,0.3,519.276932872354,0.0103003516071552,0.882481794977829,0.654348432768083,1
110.24,0.3,518.279637469436,0.0107733682430178,0.880686061996718,0.653112669336509,1
110.25,0.3,517.287758409747,0.00975259409587492,0.880278312101595,0.654816643346025,1
110.26,0.3,516.301367212549,0.00988191572874948,0.885231388033155,0.654544503681018,1
110.27,0.3,515.320535370893,0.00864905634135014,0.882198305447245,0.654631549517528,0.999848112413341
110.28,0.3,514.345332461088,0.00981528952181662,0.882512603941116,0.656658222271669,0.999088478970257
110.29,0.3,513.375826198494,0.0113715484046269,0.882301763536531,0.654560098023128,1
110.3,0.3,512.412082425108,0.0122274150800408,0.881609168917378,0.655182420449855,0.999632459299325
110.31,0.3,511.454165093262,0.0119316881201911,0.883330834443279,0.657123895707014,0.997524471152011
110.32,0.3,510.502136251138,0.0126390046299257,0.883240000000091,0.654027119720817,0.999546476981781
110.33,0.3,509.556056028993,0.00972280474632533,0.882848433074885,0.655616828394563,0.998013296396221
110.34,0.3,508.615982626192,0.0122719172985173,0.884926457955128,0.657297965788777,0.996724383955188
110.35,0.3,507.681972299022,0.0124625338849001,0.885060503326755,0.651357765221436,0.999219776831928
110.36,0.3,506.754079349306,0.0140166349058443,0.885327500773876,0.655085978428256,1
110.37,0.3,505.832356113771,0.0138921873543165,0.88301018578138,0.656174376088217,0.998559808888151
110.38,0.3,504.9168529542,0.0134967414434025,0.885544480011883,0.654587385307165,0.999686812332772
110.39,0.3,504.007618248326,0.0108290471594721,0.885730990937989,0.656436997085384,1
110.4,0.3,503.10469838149,0.0155082122892459,0.888530050064198,0.657684451040549,0.997683731094759
110.41,0.3,502.208137739029,0.0129579554934987,0.885899135393503,0.656380922167292,0.998807802282566
110.42,0.3,501.317978699399,0.0134953426933835,0.886077275637052,0.655519498102602,0.998356391259673
110.43,0.3,500.434261628027,0.0187457829529623,0.886773317951038,0.656508743632273,0.998027912720261
110.44,0.3,499.557024871861,0.0180772432134839,0.885708730717983,0.653575510711123,0.999363508897551
110.45,0.3,498.686304754646,0.0182838959824146,0.883921523766389,0.657609934597578,0.997533732943414
110.46,0.3,497.822135572879,0.0182840919095361,0.887828964662669,0.657822721793618,1
110.47,0.3,496.964549592458,0.0155707213934005,0.890741856562553,0.659114593879929,0.999720368559062
110.48,0.3,496.113577046012,0.0192042219969904,0.887235781165585,0.658047990517058,1
110.49,0.3,495.269246130888,0.0178147968309392,0.887888568254042,0.659024749933159,1
110.5,0.3,494.431583007814,0.0194717921187244,0.889769234486007,0.656434660483397,0.99989798753954
110.51,0.3,493.600611800197,0.0218805463613393,0.88927723280855,0.657286735351092,0.999050096253532
110.52,0.3,492.776354594071,0.0189782444625455,0.886733619850706,0.659862534343478,1
110.53,0.3,491.958831438678,0.0199913402511977,0.886154803907365,0.658222566538967,0.998665373939467
110.54,0.3,491.148060347673,0.0206110651964825,0.886711278058815,0.658349957318835,0.999635443239297
110.55,0.3,490.344057300938,0.0198259419865605,0.88876336960129,0.656846753927298,1
110.56,0.3,489.546836247007,0.0212694397075544,0.889930131572148,0.659850580473576,1
110.57,0.3,488.756409106094,0.0222198502538257,0.889818749163565,0.656520991730923,1
110.58,0.3,487.972785773697,0.0198782322463668,0.89065934212703,0.657112897478986,0.999465415798032
110.59,0.3,487.1959741248,0.0241611241133173,0.893020441453928,0.657872924542519,0.9994643246566
110.6,0.3,486.425980018628,0.0222761864892817,0.889329199479268,0.659650274812943,1
110.61,0.3,485.662807303991,0.0220382936297131,0.892857358914452,0.659960778547238,1
110.62,0.3,484.906457825161,0.022787967428617,0.89008887590049,0.65685715375767,1
110.63,0.3,484.156931428315,0.0229961126476071,0.890186916316184,0.65848427461811,1
110.64,0.3,483.414225968513,0.0237350618146563,0.892355013820119,0.660528138467218,0.99932683604455
110.65,0.3,482.678337317206,0.0209016397059977,0.891995107886247,0.659250459329317,0.999611405108677
110.66,0.3,481.949259370283,0.0228164401302005,0.892073335767893,0.660471583320513,0.998712928814622
110.67,0.3,481.226984056626,0.0240256051988826,0.891916140043207,0.65862006912052,1
110.68,0.3,480.511501347184,0.0242999114591363,0.893777249486319,0.660098807383878,0.999018553427387
110.69,0.3,479.802799264551,0.0248744003608606,0.895141745484819,0.659876089070032,0.997251490689875
110.7,0.3,479.100863893045,0.0240087434637707,0.895922760015111,0.655843407964355,0.997607528874222
110.71,0.3,478.405679389284,0.0250040050781379,0.892704020201538,0.657765939225021,1
110.72,0.3,477.717227993235,0.0245396007431968,0.893592536123927,0.658766238011893,1
110.73,0.3,477.035490039768,0.0242378549919071,0.894891555502936,0.656742183211012,1
110.74,0.3,476.360443970665,0.0238979495626285,0.892595240878503,0.655642014592326,1
110.75,0.3,475.692066347103,0.0242934921453499,0.894703512698568,0.658814967231931,0.999663198602299
110.76,0.3,475.030331862618,0.0266983220549592,0.896367209183099,0.659895069515762,0.996811486081132
110.77,0.3,474.375213356504,0.0257069750858503,0.895018487509391,0.659209805662181,0.998508660990151
110.78,0.3,473.726681827682,0.0289118973300835,0.896266820586618,0.659589015631786,0.998796421604987
110.79,0.3,473.084706449021,0.0260630788917904,0.89590558344906,0.655422388447659,1
110.8,0.3,472.44925458209,0.0257096830005948,0.896361129249763,0.656161314580407,1
110.81,0.3,471.820291792368,0.0292612412470214,0.8976886435963,0.659748506932246,1
110.82,0.3,471.19778186488,0.0272277911769762,0.896065193615031,0.658738737723447,1
110.83,0.3,470.581686820266,0.0295638696409539,0.895207507694775,0.659515716959731,1
110.84,0.3,469.971966931283,0.0293099338192875,0.895755656049698,0.660237268983098,0.998435630870846
110.85,0.3,469.368580739731,0.0287383377150237,0.897121601465556,0.660280112646881,0.998861586815731
110.86,0.3,468.771485073799,0.0275373959499317,0.900591084837108,0.65756291161604,1
110.87,0.3,468.180635065833,0.0290603598187803,0.896556419391713,0.657770878789768,0.998162336385774
110.88,0.3,467.595984170509,0.0286260478314056,0.902031605646234,0.661158718467777,0.998904633259665
110.89,0.3,467.017484183435,0.0288910179885966,0.897759263059713,0.658015511928202,1
110.9,0.3,466.445085260142,0.0311201210098031,0.897286412550465,0.657918219407955,0.999478576402937
110.91,0.3,465.8787359355,0.0314847306758385,0.898761756324726,0.657311330033652,0.999737335544412
110.92,0.3,465.318383143522,0.0290112741100566,0.897857512509605,0.655993609753169,0.999522936866563
110.93,0.3,464.763972237578,0.0304928571379476,0.900865213122482,0.658382851657335,1
110.94,0.3,464.215447011006,0.0314228084218737,0.898265069109812,0.655739158996431,1
110.95,0.3,463.672749718114,0.0306095435818148,0.899372792721601,0.656392696916515,0.999592552864385
110.96,0.3,463.135821095583,0.0317211151190054,0.899874425897357,0.658385243997985,0.997659495390612
110.97,0.3,462.604600384255,0.0321508552784464,0.897672223733636,0.657725905426256,1
110.98,0.3,462.079025351314,0.0292995535104493,0.898445921279963,0.657880680153191,1
110.99,0.3,461.559032312849,0.0314044848699451,0.901010266269856,0.65676836201738,1
111,0.3,461.04455615681,0.0341514816360641,0.901593011023796,0.655700034317389,0.997305231075703
111.01,0.3,460.535530366343,0.0289912411070097,0.90288841071183,0.65874859641685,1
111.02,0.3,460.031887043497,0.0318960238066236,0.899314346297866,0.656592120472099,1
111.03,0.3,459.533556933328,0.0329922378675301,0.902770882158062,0.657345542330287,1
111.04,0.3,459.040469448361,0.0337286971238014,0.90064709564386,0.654931346648,1
111.05,0.3,458.552552693438,0.0330447642398982,0.903308707035161,0.656420133958449,1
111.06,0.3,458.069733490938,0.0334683870972786,0.90375099139645,0.658276285769821,0.998911711991278
111.07,0.3,457.591937406361,0.0338691701583237,0.90105610992578,0.654946568335064,1
111.08,0.3,457.119088774286,0.0318098734998653,0.901182902874468,0.656597378333689,0.999642498972898
111.09,0.3,456.651110724691,0.034367492461179,0.901970639816886,0.658170669046553,0.999411442257101
111.1,0.3,456.187925209641,0.0321961890198272,0.90147974194541,0.657460836734539,1
111.11,0.3,455.729453030334,0.0339633220362728,0.903917255394315,0.655366612833826,1
111.12,0.3,455.275613864503,0.0356074570262888,0.90349250264737,0.656516611221086,0.99936403842319
111.13,0.3,454.826326294182,0.032891157168462,0.90503119746418,0.656307661180574,0.996786992147367
111.14,0.3,454.381507833816,0.0356102439716532,0.903113496346919,0.657970207058441,0.997854377208896
111.15,0.3,453.941074958734,0.0376757027481363,0.903865628076371,0.655705133005942,1
111.16,0.3,453.504943133949,0.0348447681364202,0.903878465155138,0.658474721754327,0.999900038636012
111.17,0.3,453.073026843327,0.0358155431542863,0.902972125701375,0.654140866419718,1
111.18,0.3,452.645239619077,0.0372200767806673,0.904994138717755,0.653803344219643,0.998905827610116
111.19,0.3,452.221494071588,0.033589951558498,0.903642034207613,0.654601237901133,1
111.2,0.3,451.801701919596,0.0344217554323234,0.904637131976216,0.655727994440046,1
111.21,0.3,451.385774020684,0.0358211340202365,0.905696274605041,0.65439699612786,0.998562065382469
111.22,0.3,450.9736204021,0.0340114024285831,0.905509287442773,0.656597387968947,1
111.23,0.3,450.56515029191,0.0359909025663744,0.904757061148771,0.654452443196898,1
111.24,0.3,450.160272150447,0.0352225184155842,0.905680792129416,0.653909330925738,0.999249426993962
111.25,0.3,449.758893702092,0.0359841356224638,0.904001899751242,0.655284680688093,0.999974231463067
111.26,0.3,449.36092196735,0.0369459576776814,0.905086189167779,0.654006766608806,1
111.27,0.3,448.966263295224,0.036332589201568,0.906081081146754,0.655452167596232,1
111.28,0.3,448.574823395897,0.0359594166664088,0.907413451488582,0.653767873634084,1
111.29,0.3,448.186507373689,0.0388942819555141,0.907034671440433,0.650885546281971,0.999642736488079
111.3,0.3,447.801219760306,0.037376680779552,0.904848922124617,0.653781718409478,1
111.31,0.3,447.418864548365,0.0387762376381354,0.905763948058905,0.652823688640898,0.999388985387995
111.32,0.3,447.039345225183,0.0392844001675143,0.907664623495817,0.65230851526177,0.998446430156279
111.33,0.3,446.662564806834,0.0377960424035558,0.907357658427559,0.651431855831789,0.997012531246935
111.34,0.3,446.288425872454,0.0373544055198673,0.907710138247391,0.653275698912167,1
111.35,0.3,445.916830598805,0.0384851258308303,0.907307245920052,0.65433711190656,0.998951666147767
111.36,0.3,445.547680795063,0.0388154557429049,0.907904772252647,0.652370155853889,1
111.37,0.3,445.180877937848,0.0375964388178996,0.906859339293299,0.653110547698095,1
111.38,0.3,444.816323206466,0.0405497124110118,0.908275605663011,0.65168899510241,1
111.39,0.3,444.453917518372,0.0401862347885303,0.908632768899159,0.652908474245157,1
111.4,0.3,444.093561564829,0.0404028405086181,0.910699838418743,0.652944153436067,0.998934278151532
111.41,0.3,443.735155846763,0.0383948719967221,0.90845675304234,0.652306477903151,1
111.42,0.3,443.378600710797,0.0395792316633714,0.90796027395587,0.652971725296555,0.999518742107002
111.43,0.3,443.023796385459,0.0394032563327115,0.908744380521802,0.652374270198389,0.998922317738718
111.44,0.3,442.670643017553,0.0405856231478241,0.908473142251483,0.649724684341278,1
111.45,0.3,442.319040708671,0.0386185420812043,0.911415137209386,0.648093280680301,1
111.46,0.3,441.968889551854,0.0396347974692304,0.910122909479234,0.650801919276276,0.999135394198774
111.47,0.3,441.620089668366,0.0392713195228953,0.9096214336833,0.649575472274808,1
111.48,0.3,441.27254124459,0.0386127420381796,0.909537997648353,0.651193097689759,0.998638198981495
111.49,0.3,440.926144569018,0.0409667155886152,0.911641374693326,0.649699785511887,1
111.5,0.3,440.580800069338,0.0399296812762045,0.906933880687613,0.650084407704798,0.99946524277767
111.51,0.3,440.236408349575,0.0418099597263436,0.913619033794733,0.649170446699415,1
111.52,0.3,439.892870227315,0.0448832605284239,0.910517443665587,0.651413772496601,0.99857535792576
111.53,0.3,439.550086770952,0.0451070309195128,0.911242998161535,0.649927793337256,1
111.54,0.3,439.207959336984,0.0396055861546763,0.910181925323349,0.649828743100432,0.999030637930597
111.55,0.3,438.86638960731,0.040655327486717,0.909486520112099,0.648883095275994,0.999012925174789
111.56,0.3,438.525279626538,0.0394366222343094,0.910214343775005,0.649417758293943,0.999455482964113
111.57,0.3,438.184531839271,0.039777906931242,0.909752142727208,0.648247503840004,0.999127470830166
111.58,0.3,437.844049127366,0.0419098450136447,0.912540414871251,0.648696457287807,1
111.59,0.3,437.503734847142,0.0407269967493731,0.910304013905877,0.64911491935045,0.999154966216048
111.6,0.3,437.163492866527,0.040341472595736,0.912645980745532,0.646725729595227,1
111.61,0.3,436.823227602131,0.041388894019747,0.91167678301796,0.648629418874065,1
111.62,0.3,436.482844056199,0.0439726051453277,0.913290256749372,0.648961684768791,0.999154204636472
111.63,0.3,436.142247853481,0.0409282671801182,0.912512037700805,0.648762497697148,1
111.64,0.3,435.801345277943,0.0427491781095278,0.912162403134255,0.647907974838975,0.997746583587769
111.65,0.3,435.460043309344,0.0417721529322752,0.912636378316482,0.647886664841141,0.997835074383454
111.66,0.3,435.118249659636,0.0427192829238314,0.914225838761887,0.646929852814488,1
111.67,0.3,434.775872809183,0.0431757135921982,0.911964138639105,0.646899428301631,0.999679906912984
111.68,0.3,434.43282204277,0.0417447563804017,0.913904373367436,0.645685715019783,0.99971241345143
111.69,0.3,434.089007485398,0.0452218826959569,0.913341697851157,0.648045294772763,0.999111518319649
111.7,0.3,433.744340137827,0.0449698892678579,0.912209724005725,0.645353336231893,0.999233681246815
111.71,0.3,433.398731911863,0.0451717836131997,0.912681058703503,0.646562111647491,0.999331499611633
111.72,0.3,433.052095665365,0.0447593609545445,0.914011967099667,0.648424507496256,1
111.73,0.3,432.704345236956,0.0445670901695022,0.912582692635952,0.645170625227306,1
111.74,0.3,432.355395480406,0.0460947292466998,0.913761411945952,0.645404156319119,1
111.75,0.3,432.005162298688,0.0465211406539127,0.913438309544614,0.648658977055786,0.998893213870842
111.76,0.3,431.653562677671,0.0410860003026542,0.913780546178484,0.644983658741809,1
111.77,0.3,431.300514719444,0.0416328647854551,0.911878548196272,0.64608132702369,1
111.78,0.3,430.94593767523,0.0457849248510078,0.915982107890337,0.643473959958457,1
111.79,0.3,430.589751977904,0.0451667277097067,0.916021814006579,0.645983665430734,0.999744503115005
111.8,0.3,430.231879274059,0.0464370303626307,0.915701107088848,0.644967510255224,1
111.81,0.3,429.872242455627,0.0463385744786868,0.91833713940588,0.644958414097308,0.998366551868102
111.82,0.3,429.51076569103,0.0443267164539569,0.913938532493748,0.643974755919435,0.999636692389771
111.83,0.3,429.147374455828,0.0434312620398723,0.914707636099244,0.646801579163947,0.999335618202892
111.84,0.3,428.781995562865,0.0441696130436785,0.914368259281551,0.645479561724107,0.997630040687168
111.85,0.3,428.414557191879,0.0452386615782312,0.917121003745545,0.643397968393934,0.999261169694644
111.86,0.3,428.044988918567,0.0458566265789702,0.914060957667846,0.645382844455293,0.997578083844244
111.87,0.3,427.673221743075,0.0465499176996342,0.915398082287372,0.646940753014572,0.998428118632773
111.88,0.3,427.299188117908,0.0450103189183679,0.914783859361469,0.642861218416413,0.99881969180946
111.89,0.3,426.922821975237,0.0453793895120927,0.916202225641432,0.644638698612833,1
111.9,0.3,426.544058753567,0.0478358291731649,0.918236033897725,0.645179716575127,1
111.91,0.3,426.162835423788,0.0496232529573365,0.915550853126903,0.64439582663704,0.999967038556753
111.92,0.3,425.779090514547,0.0477684409096163,0.914223990627758,0.641559202422132,0.998569885995884
111.93,0.3,425.392764136958,0.0479434727161706,0.915465905628055,0.643843979558382,1
111.94,0.3,425.003798008611,0.0462351152157334,0.914667628690256,0.6437272481714,0.998957609995353
111.95,0.3,424.612135476875,0.0482843117845728,0.914489127602069,0.645866545755268,0.998201529436003
111.96,0.3,424.217721541473,0.0453319980944026,0.918527717096001,0.64379469423091,0.999525716618559
111.97,0.3,423.820502876322,0.0491860235294246,0.914629266394466,0.643530908895087,1
111.98,0.3,423.420427850609,0.0487389069669711,0.916729164367334,0.643943094782611,0.998997394632166
111.99,0.3,423.017446549098,0.0483019316079375,0.912550143967123,0.64387074000301,0.999590117114578
112,0.3,422.611510791651,0.0472493669640953,0.915190965802197,0.644636097577745,0.999185903265959
112.01,0.3,422.202574151946,0.0497616821788768,0.916333397300135,0.64281357453722,0.999471536226542
112.02,0.3,421.790591975384,0.0499171462097905,0.915349610532025,0.64235737690315,0.999741455986158
112.03,0.3,421.375521396164,0.0478070648513474,0.918396054844925,0.643610649782101,1
112.04,0.3,420.95732135352,0.0467586504562699,0.917696220276775,0.641634075654962,1
112.05,0.3,420.535952607106,0.0491573960061951,0.917539861988457,0.640898209896297,1
112.06,0.3,420.111377751516,0.0498752128977509,0.916800584179456,0.638556442725236,0.998774979505888
112.07,0.3,419.68356122993,0.0509476012726561,0.916743544323375,0.641703503532876,1
112.08,0.3,419.252469346869,0.0536540756911283,0.919164498233319,0.643418676009202,1
112.09,0.3,418.818070280061,0.0485803315031811,0.916549853845666,0.643397666712995,1
112.1,0.3,418.380334091398,0.052083665655237,0.918077540887316,0.639771347646387,1
112.11,0.3,417.939232736985,0.0514056302385874,0.916505042115154,0.640954741401913,1
112.12,0.3,417.494740076254,0.0518663159696191,0.918060508197346,0.645305772367678,1
112.13,0.3,417.046831880168,0.0506443022446796,0.91935634240996,0.641330942295293,1
112.14,0.3,416.59548583847,0.0478866132460888,0.92231355895627,0.640750304889064,1
112.15,0.3,416.14068156601,0.0524680170457528,0.919178856591448,0.641518658891905,0.999575123255671
112.16,0.3,415.6824006081,0.0516064071494749,0.919020964406999,0.641051169953401,0.997027220725825
112.17,0.3,415.220626444945,0.0496046382041954,0.919550308848176,0.640169795529252,1
112.18,0.3,414.755344495096,0.051814763532484,0.916613456388098,0.643399347024723,0.999241288808282
112.19,0.3,414.286542117955,0.0555305622469711,0.919036611140926,0.642397394870334,0.999780574369416
112.2,0.3,413.814208615313,0.0530992118742464,0.916984429749373,0.640426455351371,1
112.21,0.3,413.338335231927,0.0503747908691508,0.918679401893006,0.640428196746996,1
112.22,0.3,412.858915155134,0.0521138097408905,0.922302976848768,0.64216865587769,0.998821022765897
112.23,0.3,412.375943513493,0.0538184464183197,0.920985093270586,0.641505145001289,0.999293376213195
112.24,0.3,411.889417374474,0.0529518767772159,0.917436829134661,0.640678625255265,0.997269121721509
112.25,0.3,411.399335741163,0.0537889916733434,0.91996649964822,0.641256449345867,1
112.26,0.3,410.90569954803,0.0539721872062382,0.919164425998775,0.640668788456443,0.998085813029782
112.27,0.3,410.408511655716,0.0532205550258771,0.917959739448363,0.643242008083126,0.999482792434856
112.28,0.3,409.907776844875,0.0540282012312004,0.918234600774387,0.642170631146719,1
112.29,0.3,409.403501809061,0.0561588322404255,0.918842068461073,0.641709384264464,1
112.3,0.3,408.895695146667,0.0543086430234819,0.917488389812128,0.640543003020997,1
112.31,0.3,408.384367351916,0.0525594933885832,0.918610600832342,0.6398104341836,1
112.32,0.3,407.869530804929,0.055574565646837,0.915828456740578,0.639664189140533,1
112.33,0.3,407.351199760848,0.0566611196658112,0.919291736714204,0.641148565344447,0.999828395603202
112.34,0.3,406.829390338051,0.056994580587286,0.918290215774184,0.644071691218854,1
112.35,0.3,406.304120505441,0.056269762058726,0.918328551876202,0.641994231798721,0.999306407799475
112.36,0.3,405.775410068836,0.0545719286466326,0.917540404139099,0.643281993519483,1
112.37,0.3,405.243280656471,0.0573979525171762,0.917526122385201,0.640753295036177,1
112.38,0.3,404.707755703597,0.0556941357779135,0.916002461842636,0.642155562061957,0.999763449031092
112.39,0.3,404.168860436225,0.05624319548833,0.91809737998205,0.640064933006543,0.999838978765546
112.4,0.3,403.626621853997,0.054443812974369,0.918544279389296,0.642235844408843,1
112.41,0.3,403.081068712208,0.059362887799166,0.918188778975388,0.642779666993687,0.998222099412851
112.42,0.3,402.532231502993,0.0570313724360981,0.916754001937088,0.641129383698553,1
112.43,0.3,401.980142435691,0.056617582984017,0.919590365424467,0.641989447281542,1
112.44,0.3,401.424835416396,0.0585167672638975,0.920376604207444,0.642438075676485,1
112.45,0.3,400.866346026713,0.0585975233607947,0.916259909081587,0.63965870871221,1
112.46,0.3,400.30471150174,0.0596239330775643,0.919387536887184,0.644690181592317,1
112.47,0.3,399.739970707279,0.0604573230609503,0.917795415062502,0.643587128999038,1
112.48,0.3,399.172164116301,0.0580385593676273,0.919974680129053,0.643272736324618,0.999266000442344
112.49,0.3,398.601333784685,0.0602499190889882,0.919133207839509,0.640697589354467,1
112.5,0.3,398.027523326236,0.059997749542403,0.919695825530298,0.642600053722656,0.998348268745185
112.51,0.3,397.450777887011,0.0612530095750778,0.916686363814767,0.641823161156493,0.998817168162366
112.52,0.3,396.871144118968,0.0610401908383127,0.918273953808235,0.6401247024285,0.99940150990753
112.53,0.3,396.288670152958,0.0639166168217096,0.920040584486162,0.643975112136514,0.998733495956432
112.54,0.3,395.703405571067,0.0625959238346614,0.917737161028939,0.641189287472912,0.999043561949414
112.55,0.3,395.115401378352,0.0616057243764357,0.920300974350202,0.642090423875727,0.999371750272513
112.56,0.3,394.524709973969,0.0624846431088997,0.918739799780547,0.644370504309718,0.997769565812963
112.57,0.3,393.931385121718,0.0634524851970892,0.918063849018104,0.641810904861722,1
112.58,0.3,393.335481920033,0.0614368670614625,0.917185114150643,0.641555927796352,0.999616112003097
112.59,0.3,392.737056771433,0.0594699985510422,0.918997304243987,0.641325612819251,0.99710358404822
112.6,0.3,392.136167351456,0.0619247361023374,0.91697066306062,0.644694355567743,0.998197792823127
112.61,0.3,391.532872577089,0.0632373825836715,0.917686164077281,0.644142359219265,0.998456179718887
112.62,0.3,390.927232574738,0.0613090168947322,0.919237876962442,0.643359748177343,0.9970809734495
112.63,0.3,390.31930864773,0.0631838347739611,0.920041759558201,0.642566900053171,0.999913688565417
112.64,0.3,389.709163243391,0.0637989075842874,0.918619885106535,0.643270294619992,0.999239074358503
112.65,0.3,389.09685991972,0.0646122490361946,0.920291410660228,0.646034465292284,0.998322301452975
112.66,0.3,388.48246331167,0.0644941031851071,0.918823423358568,0.644184328634354,1
112.67,0.3,387.866039097066,0.0666149441116068,0.916552277648613,0.645764966023799,0.999551390163651
112.68,0.3,387.247653962185,0.0646591945026587,0.916320095858688,0.643601822249044,1
112.69,0.3,386.627375567018,0.066780704356955,0.917218570883316,0.64484699801767,0.999522214917215
112.7,0.3,386.005272510229,0.0658905306939067,0.918748737829769,0.643970763233773,0.999755380993324
112.71,0.3,385.381414293855,0.0634587922880987,0.917913922780852,0.644449740039344,1
112.72,0.3,384.75587128774,0.0668994765740541,0.916268151051218,0.644084267284553,0.99917783762696
112.73,0.3,384.12871469375,0.0654753277353944,0.920983588561088,0.64368159358647,0.99880193616556
112.74,0.3,383.500016509784,0.0675578131729006,0.918616275476816,0.643130309854294,0.999159169300559
112.75,0.3,382.869849493603,0.0682591023901584,0.917537947517788,0.645728069535253,1
112.76,0.3,382.23828712649,0.0687835107279369,0.918642789027232,0.644483097984208,0.998238983524557
112.77,0.3,381.60540357679,0.066894051903146,0.920759769331409,0.647219964830738,1
112.78,0.3,380.971273663314,0.0694349997995179,0.920095965606177,0.642340486135294,0.99947034112791
112.79,0.3,380.335972818672,0.0694535496050577,0.918406377123073,0.6443364338222,1
112.8,0.3,379.699577052517,0.0683520855438679,0.917792397012231,0.645580124714702,1
112.81,0.3,379.062162914756,0.0709325603776425,0.919523383788813,0.645229733402365,0.998538139375385
112.82,0.3,378.423807458718,0.0696652269430879,0.91708407568668,0.645596253608977,0.99962691391166
112.83,0.3,377.784588204327,0.0671093338297738,0.918579235354743,0.646502254727604,1
112.84,0.3,377.14458310129,0.0708655425718819,0.920084721298252,0.645332816387708,0.998193276672644
112.85,0.3,376.503870492315,0.0713803474758046,0.91794543910222,0.646672711055984,1
112.86,0.3,375.862529076389,0.0721803108481675,0.919334103743857,0.645843028336206,0.999378366916965
112.87,0.3,375.220637872138,0.0707699439559696,0.918364651708995,0.646219593940314,0.99971208523339
112.88,0.3,374.578276181275,0.0683441580315308,0.915150845095363,0.647269645669468,0.998603806403623
112.89,0.3,373.935523552169,0.0706397185289722,0.915635552681411,0.646690446029529,1
112.9,0.3,373.292459743555,0.0724702263176512,0.917354079199005,0.64581044677983,1
112.91,0.3,372.649164688387,0.0738375927542115,0.918504078134249,0.646060656331381,0.999001232448581
112.92,0.3,372.005718457881,0.0718605897817648,0.918914989761051,0.64756200497715,1
112.93,0.3,371.362201225735,0.0729106374004406,0.915827450722808,0.647277325191061,0.997626355544652
112.94,0.3,370.718693232565,0.0715394911112346,0.919244682705866,0.647549148109972,0.999433003851775
112.95,0.3,370.07527475057,0.0755735938520912,0.91718763892536,0.648144720485201,0.998871921189836
112.96,0.3,369.432026048438,0.0722494186323813,0.916739491377908,0.648915752334032,1
112.97,0.3,368.789027356512,0.0729064385002394,0.915966286610107,0.64742464717109,1
112.98,0.3,368.14635883224,0.0742233687813675,0.916907011249206,0.647935182538721,1
112.99,0.3,367.504100525906,0.0758529718449558,0.914526050162339,0.648023076675123,0.998958710764034
113,0.3,366.862332346678,0.0773207108207666,0.91672017089594,0.648186243257539,1
113.01,0.3,366.221134028979,0.0739764193371772,0.916403723028621,0.648031329634766,0.998783423877536
113.02,0.3,365.580585099181,0.0758747384590968,0.916548407666912,0.647439901243964,0.999811977353824
113.03,0.3,364.940764842673,0.0748393684549914,0.918132829993425,0.649426953750545,1
113.04,0.3,364.301752271273,0.0768292518222863,0.916652812739906,0.647009653837846,0.997723990937222
113.05,0.3,363.663626091023,0.0750982710714343,0.915340302362099,0.64834347689074,1
113.06,0.3,363.026464670383,0.0797741858399907,0.916319534944368,0.648734760928271,1
113.07,0.3,362.390346008811,0.0774912669771651,0.915518695514111,0.648957122337978,0.999161184816642
113.08,0.3,361.755347705761,0.0786552117430826,0.915977530998421,0.64763918059409,1
113.09,0.3,361.121546930117,0.0754879338099753,0.916205508409392,0.651732540703515,0.999958242792889
113.1,0.3,360.489020390039,0.0774061889808624,0.915205854871093,0.649515726365563,1
113.11,0.3,359.857844303272,0.080617457626131,0.916151033026565,0.649501598465908,0.999741302424876
113.12,0.3,359.228094367897,0.0787676500939136,0.916245072236054,0.650395092875431,1
113.13,0.3,358.599845733552,0.0804263290099922,0.913319873653723,0.653956262929725,1
113.14,0.3,357.973172973118,0.0794592112985572,0.915153130761393,0.649922692263277,0.999269111090283
113.15,0.3,357.348150054887,0.0813558230217971,0.913797045632807,0.650321926371881,0.999101061550979
113.16,0.3,356.724850315215,0.0813576669598294,0.913339159961202,0.653264716923343,0.999396506119132
113.17,0.3,356.103346431672,0.0834499572700726,0.914789226950504,0.651879091274701,0.999641726357802
113.18,0.3,355.483710396684,0.0816555725109235,0.916341852298368,0.65188361511913,1
113.19,0.3,354.86601349169,0.0821492062563856,0.91464896626567,0.651094703161302,0.999527439269682
113.2,0.3,354.250326261806,0.0818140900713809,0.913769980542621,0.649412299582443,1
113.21,0.3,353.636718491003,0.0818378742915019,0.91562749314091,0.65407753427362,0.997406064545718
113.22,0.3,353.025259177813,0.0828480764981322,0.916020785537142,0.65218503937074,1
113.23,0.3,352.416016511557,0.0823038376920493,0.914162118957663,0.652885446100854,0.999940063785073
113.24,0.3,351.809057849099,0.0843969385568561,0.912061551588051,0.653578574841025,0.998032680713586
113.25,0.3,351.20444969214,0.0856683466177618,0.913584012846425,0.652749549781236,1
113.26,0.3,350.602257665043,0.0814009106053303,0.913250807962339,0.653228743211422,1
113.27,0.3,350.002546493194,0.0861195946329322,0.912643888668139,0.652730217955522,1
113.28,0.3,349.405379981914,0.0843711395719712,0.916049637493348,0.65470856582891,1
113.29,0.3,348.810820995893,0.0852040245953386,0.911387046568268,0.652669945482336,1
113.3,0.3,348.218931439194,0.0862492968216783,0.915762899374821,0.651677269584894,0.999894213319372
113.31,0.3,347.629772235774,0.0837365030731762,0.912837996764304,0.652757281601176,0.99859127524063
113.32,0.3,347.043403310573,0.0859729114393571,0.914991180765335,0.652339095226102,0.999832341181547
113.33,0.3,346.45988357113,0.0859437984077095,0.911633802037737,0.653738653739365,1
113.34,0.3,345.879270889757,0.0869006495898132,0.91179418187138,0.65409372472957,1
113.35,0.3,345.301622086247,0.0867728465761978,0.913950171211863,0.654190378483702,0.9990862346832
113.36,0.3,344.726992911135,0.0841234142751193,0.910900131698419,0.654360057448915,0.998217598533331
113.37,0.3,344.155438029494,0.0876422020990598,0.911220319480656,0.654705789124887,1
113.38,0.3,343.58701100528,0.0871747748363703,0.915204723914706,0.655411842058316,0.998802474365238
113.39,0.3,343.021764286201,0.0893271000482914,0.910787458347608,0.65199161466073,0.99860100836166
113.4,0.3,342.459749189149,0.088020993689474,0.911140010911422,0.655674960908803,1
113.41,0.3,341.901015886138,0.0867648218524301,0.912117974767306,0.655757584225616,0.999801203849864
113.42,0.3,341.345613390797,0.0881790529960486,0.911158697137057,0.653377731998946,1
113.43,0.3,340.793589545382,0.0884566207376459,0.911742021572263,0.656896840464644,0.999067850525684
113.44,0.3,340.244991008317,0.0899254415929426,0.909874415139262,0.653577851368372,1
113.45,0.3,339.69986324226,0.0896598600217562,0.911688825504592,0.653225288697178,0.998397178264149
113.46,0.3,339.15825050269,0.0912405391669006,0.908688671964114,0.653621895604637,0.999422751725555
113.47,0.3,338.620195827006,0.090518991931851,0.908699342080686,0.65689329059706,0.999057374880581
113.48,0.3,338.085741024144,0.0895619594853601,0.91246803372457,0.655358593513796,1
113.49,0.3,337.554926664702,0.0900292996816369,0.912926289937474,0.655483274661995,0.998529362926204
113.5,0.3,337.027792071568,0.09153985713589,0.911114406583666,0.658058254323394,1
113.51,0.3,336.504375311049,0.092201356756011,0.912767371277011,0.653564346456146,1
113.52,0.3,335.984713184499,0.0919009725850107,0.910881860970715,0.658934660446509,1
113.53,0.3,335.468841220437,0.0906165671042677,0.90961855069647,0.655718955678312,1
113.54,0.3,334.956793667148,0.0932046985911616,0.911065233206549,0.653933219399154,0.999611020454512
113.55,0.3,334.448603485776,0.0928489212626462,0.90909771282672,0.657828836464516,0.998326668641149
113.56,0.3,333.944302343886,0.0918152482598134,0.908771299382146,0.661937594310981,0.996189046992485
113.57,0.3,333.443920609502,0.0960418601149774,0.908941061945979,0.656470987732026,1
113.58,0.3,332.947487345614,0.0928878012708903,0.910902278905323,0.656552368812418,1
113.59,0.3,332.455030305145,0.0941727506789523,0.907360285299862,0.655687572409528,0.997719362741062
113.6,0.3,331.966575926377,0.0956409087603533,0.907623618899826,0.658529776216564,1
113.61,0.3,331.482149328835,0.0945295536265685,0.908074835825857,0.653366488465947,1
113.62,0.3,331.001774309607,0.0961999169320718,0.908871865167145,0.65640203260257,0.998985805171587
113.63,0.3,330.52547334012,0.0950395745292491,0.91126341737074,0.657982487316202,0.998586397560014
113.64,0.3,330.053267563341,0.0939318937970597,0.906576955309232,0.656761322511101,0.999404846638797
113.65,0.3,329.585176791422,0.094431861483803,0.907248173121542,0.657596251328889,1
113.66,0.3,329.12121950376,0.0962851878413734,0.907037797785387,0.657185667069778,0.998005513033281
113.67,0.3,328.661412845492,0.0976547165698682,0.907514187392639,0.65654716148892,0.998150793135309
113.68,0.3,328.205772626395,0.0967872841285397,0.90793019221417,0.658980375969809,0.999877089401556
113.69,0.3,327.754313320208,0.0966801468487191,0.908763876819992,0.658182280742402,1
113.7,0.3,327.307048064356,0.0971647303487619,0.906477942343278,0.656505113633543,0.999283533565038
113.71,0.3,326.863988660073,0.0964158908998565,0.905119708301275,0.65710669500393,1
113.72,0.3,326.425145572935,0.0984439837633218,0.904387324750777,0.656286445243336,1
113.73,0.3,325.990527933769,0.0988454020063558,0.90530623915773,0.658515720836504,0.999197621307983
113.74,0.3,325.560143539962,0.0969089702413333,0.90309513635352,0.654771005586177,1
113.75,0.3,325.133998857149,0.0997090131143752,0.906571024145163,0.659533184648254,1
113.76,0.3,324.712099021278,0.0975183058097395,0.907081595883385,0.657006027977671,1
113.77,0.3,324.294447841055,0.0974680149976063,0.908403842815909,0.656982854490558,1
113.78,0.3,323.88104780075,0.0973172541127313,0.903301259682514,0.65707545851095,0.999308882090736
113.79,0.3,323.471900063379,0.0985686135903084,0.905080368171729,0.657263200111356,0.99848942730951
113.8,0.3,323.067004474238,0.0983257005897847,0.90323318026548,0.659554908336893,1
113.81,0.3,322.666359564798,0.0993248383427328,0.908443618625153,0.66110452218209,0.99878711290377
113.82,0.3,322.269962556959,0.100351895141548,0.905129528241401,0.659984643935576,0.998304504289254
113.83,0.3,321.877809367642,0.0999447651086091,0.903222721431968,0.659230359164094,1
113.84,0.3,321.489894613735,0.0990549401183747,0.906384522273829,0.657980487695139,1
113.85,0.3,321.106211617381,0.100103635583595,0.902200422636216,0.657699566801481,1
113.86,0.3,320.726752411604,0.101021894446195,0.902440247035186,0.659240866934005,1
113.87,0.3,320.351507746261,0.0991417141725788,0.902382253611876,0.658812840151048,1
113.88,0.3,319.980467094347,0.10228427043857,0.903032446359953,0.659302350750619,1
113.89,0.3,319.613618658603,0.0994155459852823,0.903782715797944,0.656575466951265,1
113.9,0.3,319.250949378472,0.103233204649388,0.901409277202132,0.658046788473508,1
113.91,0.3,318.892444937361,0.102473398544901,0.903974486365449,0.657836166806475,1
113.92,0.3,318.538089770239,0.103751595101277,0.903701805215901,0.659115686424592,0.998485483822333
113.93,0.3,318.187867071538,0.102876209454897,0.901627248093131,0.656674847673897,1
113.94,0.3,317.841758803376,0.101762105239556,0.902739102093947,0.657741781835375,0.999729696069609
113.95,0.3,317.499745704093,0.104968253560474,0.90321459718386,0.655994154941809,0.998896174571371
113.96,0.3,317.161807297094,0.103816034373103,0.902743183734968,0.657186387457125,0.997369174906844
113.97,0.3,316.827921900001,0.103070610603996,0.900760581414844,0.659999084709967,0.999896007775725
113.98,0.3,316.498066634114,0.103221381278866,0.903356103237433,0.658737612163326,1
113.99,0.3,316.172217434167,0.103637054567841,0.903632351070864,0.660285706884525,1
114,0.3,315.850349058397,0.103786175827532,0.899364869178592,0.657849797497873,0.99888511749555
114.01,0.3,315.532435098903,0.10620613933167,0.899354171804644,0.655311935657007,1
114.02,0.3,315.218447992311,0.104946545336977,0.900594802582048,0.65929582123303,0.998236882532113
114.03,0.3,314.908359030729,0.105336090329744,0.899448780781805,0.656464427094715,0.999189558454887
114.04,0.3,314.602138373004,0.104666529090434,0.901987694687032,0.658039878633799,1
114.05,0.3,314.299755056264,0.106301884125464,0.898312279094546,0.660605860129373,1
114.06,0.3,314.001177007758,0.103179997546633,0.89829188346136,0.656958639772352,0.999685236520114
114.07,0.3,313.706371056993,0.10560194346265,0.897113621191743,0.655530848579482,1
114.08,0.3,313.415302948142,0.103146119892905,0.898380865978083,0.660162166694585,0.997146393556699
114.09,0.3,313.127937352757,0.104655220717191,0.897293791462264,0.65606496122758,1
114.1,0.3,312.844237882766,0.105427096534431,0.897827180926215,0.659181114946789,1
114.11,0.3,312.564167103749,0.108117760932,0.898674107666895,0.660187198272298,1
114.12,0.3,312.287686548508,0.106490969707577,0.898427520296622,0.658151153710346,1
114.13,0.3,312.014756730911,0.104551893787795,0.897258350663434,0.660248332502846,0.99846950980639
114.14,0.3,311.745337160034,0.10532578661027,0.895358419553702,0.656438512355706,0.999633183002476
114.15,0.3,311.479386354565,0.104742834373101,0.894753060951645,0.65943952778762,1
114.16,0.3,311.216861857505,0.108011167600411,0.894508661565273,0.65827680250069,0.99572987001282
114.17,0.3,310.957720251142,0.10616147929101,0.899467334971619,0.658414109242435,0.996876286886741
114.18,0.3,310.701917172305,0.105714171426529,0.896703495433385,0.657196847540191,1
114.19,0.3,310.449407327897,0.107505250656206,0.895685423924183,0.658980043240934,0.99944244798929
114.2,0.3,310.200144510701,0.107145176978042,0.898011225563844,0.65796482481167,0.998686635994274
114.21,0.3,309.954081615467,0.105812738874814,0.893914035826161,0.656509095173914,0.997025712138653
114.22,0.3,309.711170655271,0.109377065382802,0.897065052947436,0.65715060629332,1
114.23,0.3,309.471362778144,0.109041823384214,0.894855609388825,0.654583444592294,0.99924340821292
114.24,0.3,309.234608283982,0.106317724361611,0.896533500022369,0.657597574665078,1
114.25,0.3,309.000856641718,0.107921125597573,0.892368505339003,0.654939937758078,0.999104979287288
114.26,0.3,308.77005650677,0.107480329443974,0.893363888909518,0.654415354731659,1
114.27,0.3,308.542155738751,0.107172535791918,0.898103633233289,0.657272455958336,0.998175281904246
114.28,0.3,308.317101419458,0.107789440537734,0.895610573426353,0.654073190769685,0.999271779917082
114.29,0.3,308.094839871105,0.106095669907146,0.893689432570591,0.659024854995329,1
114.3,0.3,307.875316674845,0.108185223577442,0.894230089802242,0.653343656171171,1
114.31,0.3,307.658476689532,0.108620866990175,0.893719903749851,0.659823329848097,0.998981036936149
114.32,0.3,307.444264070758,0.107534195347959,0.891476652742801,0.658195444321144,0.999618085841243
114.33,0.3,307.232622290137,0.110585121898403,0.893021501579416,0.655419940366225,1
114.34,0.3,307.02349415485,0.106266125681216,0.892376705726262,0.656370293321402,0.996407462679783
114.35,0.3,306.816821827443,0.109138452602638,0.892064059491725,0.653906517308455,1
114.36,0.3,306.612546845876,0.107561246545873,0.892465234575385,0.653296774616553,1
114.37,0.3,306.410610143816,0.110761276370338,0.893316827757668,0.655909264803643,1
114.38,0.3,306.210952071181,0.106545156521107,0.890446468586418,0.656557741302474,0.999560122718335
114.39,0.3,306.013512414921,0.107691954098367,0.889893980662602,0.656534759568469,0.998677241457051
114.4,0.3,305.818230420045,0.105959190905235,0.888850126595121,0.652858603950023,0.99897076668623
114.41,0.3,305.625044810875,0.107912763958182,0.892826735048233,0.653169167587299,0.999987773854895
114.42,0.3,305.43389381254,0.109955238874416,0.891994061469024,0.658189336750714,0.997848741086638
114.43,0.3,305.244715172693,0.108104519385463,0.888092837388654,0.653842555909829,0.999971724356634
114.44,0.3,305.057446183459,0.109231670841684,0.892398528948137,0.656036743039823,0.998084673713755
114.45,0.3,304.872023703597,0.109397434716472,0.890337581576489,0.652941254442863,0.999805430114593
114.46,0.3,304.688384180882,0.111484657890404,0.889857146311527,0.655391411808994,0.998469649418206
114.47,0.3,304.506463674696,0.110794375043286,0.887793391003891,0.653389850014312,0.9992849677768
114.48,0.3,304.32619787883,0.111944803052333,0.885064087425074,0.656284850026838,0.99912031234542
114.49,0.3,304.147522144485,0.11117607891707,0.888022498722455,0.65145387648922,0.997864322230476
114.5,0.3,303.970371503466,0.111676499970152,0.889217519827967,0.652212919320451,0.999819014776444
114.51,0.3,303.794680691574,0.113221615597803,0.891976600877146,0.650326311190089,0.999502705940241
114.52,0.3,303.62038417218,0.110676848546101,0.888364085880952,0.652967710351975,1
114.53,0.3,303.447416159979,0.110533972657071,0.887823606079887,0.653121955169392,1
114.54,0.3,303.27571064491,0.110360230501784,0.889733500285801,0.654969226323663,0.999880050842522
114.55,0.3,303.105201416257,0.109492254760544,0.886358859108037,0.652756013400238,1
114.56,0.3,302.935822086898,0.112407864896872,0.887034320561942,0.650785622975426,1
114.57,0.3,302.767506117707,0.110013765421638,0.887301785383805,0.653297764850538,0.999499400055491
114.58,0.3,302.600186842111,0.110204391771972,0.886195621942233,0.649823060556332,0.999531609945937
114.59,0.3,302.433797490773,0.111437205981271,0.883482551451713,0.651290891563487,1
114.6,0.3,302.268271216416,0.112398384287649,0.88404090712526,0.651346837576659,1
114.61,0.3,302.103541118756,0.111313722768686,0.884716678672828,0.650822549486546,0.998979523570395
114.62,0.3,301.939540269568,0.112179812476905,0.884089338627677,0.65035508760473,0.998664842999861
114.63,0.3,301.776201737835,0.113994702960234,0.886975208416599,0.651762081534783,0.999697287706703
114.64,0.3,301.613458615013,0.112211772622923,0.882896023993323,0.649373846661005,1
114.65,0.3,301.45124404037,0.110842755738764,0.883947629149984,0.651686255671074,1
114.66,0.3,301.289491226408,0.111151970389254,0.883744112629687,0.649207931329104,0.998693975917581
114.67,0.3,301.128133484358,0.115160604668587,0.885579880966943,0.649708630237847,0.997104986935296
114.68,0.3,300.967104249723,0.114658148851561,0.880578773603908,0.650535135817222,1
114.69,0.3,300.806337107881,0.112825924546321,0.883310739053567,0.648847012772698,0.998367380257838
114.7,0.3,300.645765819717,0.112596196262027,0.882115367234207,0.647786786549943,1
114.71,0.3,300.48532434729,0.114274476366377,0.884274716970081,0.649057924469208,1
114.72,0.3,300.324946879511,0.113857187026171,0.8835875206443,0.648289456229299,0.999704075375829
114.73,0.3,300.16456785783,0.111017487713614,0.883123210016368,0.648194343429794,1
114.74,0.3,300.004122001922,0.113341334200925,0.882934755602057,0.647818776751627,0.998633591686823
114.75,0.3,299.843544335347,0.115515517178714,0.882841603007527,0.649547712471405,0.999997839706083
114.76,0.3,299.682770211184,0.113440137264146,0.883177675819504,0.648267023395774,1
114.77,0.3,299.521735337638,0.114845405913935,0.879731370620995,0.649208793129713,0.998641232011147
114.78,0.3,299.360375803571,0.113521681833321,0.879333485053534,0.648703089273633,1
114.79,0.3,299.198628103993,0.1142677148378,0.88215832612054,0.647591367757559,1
114.8,0.3,299.036429165459,0.115420530319828,0.880547867033667,0.647569373248505,0.999980298700606
114.81,0.3,298.873716371386,0.115027089946878,0.880230154821969,0.650036851678955,1
114.82,0.3,298.710427587259,0.115200418570697,0.880457736865048,0.64577558296534,1
114.83,0.3,298.546501185736,0.114022654652509,0.879891269751913,0.647181457521175,0.999030549021492
114.84,0.3,298.381876071614,0.113645887653186,0.878707602357655,0.647867248030241,0.998955470357674
114.85,0.3,298.216491706652,0.113203285227162,0.882595189823444,0.649099928729466,1
114.86,0.3,298.050288134256,0.116894854401928,0.881041578309797,0.64581270628923,1
114.87,0.3,297.883206003974,0.115615426914018,0.878636982197278,0.644873458513746,1
114.88,0.3,297.715186595829,0.114993920944327,0.877019965525161,0.64901104364254,1
114.89,0.3,297.546171844446,0.11411431139701,0.876700335923225,0.644797379010241,0.999594272810322
114.9,0.3,297.376104362979,0.1126741908597,0.878358188358112,0.647649625946612,0.998252294495393
114.91,0.3,297.204927466809,0.114760506873959,0.875519464990966,0.64620894805312,1
114.92,0.3,297.032585197012,0.115727024572971,0.876096846862096,0.645242991786476,1
114.93,0.3,296.859022343575,0.114651292653078,0.876006258801187,0.644751341906096,0.999785872858384
114.94,0.3,296.684184468352,0.113696253175663,0.877826149939009,0.647474782538829,0.999845868382457
114.95,0.3,296.508017927742,0.115998256762499,0.876048963278976,0.643875409406232,0.999257176938308
114.96,0.3,296.330469895072,0.116366296706095,0.877388663893396,0.645489766947675,1
114.97,0.3,296.151488382693,0.117731930211714,0.875079491423581,0.644710875895543,0.999446455860436
114.98,0.3,295.971022263733,0.118220484127909,0.873259605923903,0.644567500098175,0.999420353652955
114.99,0.3,295.789021293543,0.114362512699479,0.877030709220357,0.646401049785653,1
115,0,295.605436130782,0.114411289745206,0.875765545555909,0.645435479382011,0.997762341377427
115.01,0,295.420218358156,0.113803882001688,0.877899199803329,0.643611530529095,0.999619043758561
115.02,0,295.233320502776,0.11864804592266,0.875257439576779,0.644180456570886,0.998595662792028
115.03,0,295.044696056136,0.112923696423285,0.873804219943239,0.646598060533248,1
115.04,0,294.854299493699,0.116612778460942,0.874685103901939,0.643119567140493,0.999252183433127
115.05,0,294.662086294062,0.114972805297563,0.874110723172858,0.645862031449357,1
115.06,0,294.468012957701,0.116682258703824,0.87313839679671,0.641674207082907,0.997159588871861
115.07,0,294.27203702529,0.117650977548374,0.872079598789992,0.6414415750011,1
115.08,0,294.074117095556,0.117578724553847,0.873141250711277,0.642594137938122,0.999661795010813
115.09,0,293.874212842688,0.116924867282009,0.869942274236624,0.643164256283426,0.998126019287734
115.1,0,293.672285033264,0.119071251619762,0.871869273997891,0.643953499864244,1
115.11,0,293.468295542697,0.118004377254037,0.874679182001432,0.644852225044075,1
115.12,0,293.262207371187,0.118311171196732,0.872077389131069,0.642623271401773,1
115.13,0,293.053984659168,0.117622109469838,0.87103235307213,0.645380525069048,1
115.14,0,292.843592702227,0.117790370376715,0.870416231092392,0.642111256477419,1
115.15,0,292.630997965509,0.117596361914724,0.87137888622253,0.64422921663112,0.997899998744205
115.16,0,292.416168097572,0.119616462027804,0.868114745844911,0.639190311218914,1
115.17,0,292.1990719437,0.117066548524614,0.869269097144096,0.643639939243058,0.999525112380339
115.18,0,291.979679558651,0.117581293667557,0.869310329712555,0.641683574652541,0.999697152078164
115.19,0,291.757962218845,0.11693002163782,0.868955192843493,0.643847658783308,0.99956478544935
115.2,0,291.533892433967,0.118738164541311,0.869898270670911,0.641912058558629,0.998626248333304
115.21,0,291.307443957992,0.117250132506412,0.868793974893762,0.643215244898286,1
115.22,0,291.07859179961,0.120441976782138,0.866339955125545,0.644725757723126,0.998833618852191
115.23,0,290.847312232051,0.119918145704681,0.869000016378931,0.643276491364382,0.999520633282559
115.24,0,290.613582802305,0.119438187770054,0.86906113157827,0.642924974619518,1
115.25,0,290.377382339717,0.117786859168153,0.870231835044005,0.640340104569464,1
115.26,0,290.138690963968,0.116460473221776,0.86917406750093,0.641956513223994,1
115.27,0,289.897490092424,0.118493098372407,0.868407255909108,0.641155848907843,0.998696091933851
115.28,0,289.653762446844,0.117787589939668,0.865383676795813,0.639866368717184,1
115.29,0,289.407492059457,0.119402895974853,0.870216940558008,0.639229493360104,1
115.3,0,289.158664278389,0.119972468464843,0.86344126449037,0.642597023649349,0.998862095212471
115.31,0,288.907265772441,0.117750277288771,0.867651535779891,0.641892288690141,1
115.32,0,288.65328453521,0.121654247141337,0.868566891917559,0.642348339324525,1
115.33,0,288.396709888563,0.119843336107398,0.866250652542451,0.642138311633421,1
115.34,0,288.137532485441,0.120427416216291,0.86536910777835,0.641933318985039,0.999104798441328
115.35,0,287.875744312003,0.122063759669604,0.865239038104681,0.643759382007481,0.999736875630743
115.36,0,287.611338689108,0.120272643434345,0.866302282126206,0.642268004193421,0.999517342506473
115.37,0,287.344310273132,0.126198652307313,0.86366036293115,0.643082105766729,0.999283057707381
115.38,0,287.074655056113,0.120121587153043,0.863703081502777,0.643711563011233,0.996118342467165
115.39,0,286.802370365232,0.126546395936251,0.865631338388852,0.643397008682478,1
115.4,0,286.527454861627,0.123096297875436,0.863670811282589,0.642352558825392,0.998968449555766
115.41,0,286.249908538537,0.122572020280089,0.866159534615009,0.642965495796524,0.99859255527068
115.42,0,285.969732718782,0.124762422887227,0.863957597923561,0.640978136104541,0.998977068312379
115.43,0,285.686930051585,0.123522942517975,0.863260348724315,0.641255057299306,0.999080250995309
115.44,0,285.401504508714,0.125180069827537,0.861483537095476,0.642635460804325,0.999203645373016
115.45,0,285.113461379982,0.123566589350852,0.866132740124634,0.640933608058007,1
115.46,0,284.822807268084,0.124362822648751,0.859369560332088,0.640981708162545,1
115.47,0,284.529550082778,0.123039087467902,0.862721017353809,0.642364371825884,0.999995742365029
115.48,0,284.233699034419,0.124265380939235,0.860523073021846,0.642643059136048,0.999846090592027
115.49,0,283.935264626846,0.126735691562969,0.859022405366766,0.641047231702663,0.998011510945161
115.5,0,283.634258649637,0.122943300094903,0.863292149467621,0.640375674129654,1
115.51,0,283.330694169718,0.126188333472818,0.86241569360815,0.642133700779163,1
115.52,0,283.024585522348,0.123828195100061,0.862868216490526,0.64149289050508,1
115.53,0,282.715948301494,0.127339694783039,0.862818511394891,0.641542155132156,0.999015503406144
115.54,0,282.411655192227,0.123340392682972,0.860058408503388,0.642489156409048,0.998625189089144
115.55,0,282.141055552169,0.12516799741178,0.861805511151033,0.639747391738106,1
115.56,0,281.868723519735,0.12589841354176,0.861964583144719,0.639978828615586,0.999891421840542
115.57,0,281.593525695591,0.126135312068994,0.859331082003817,0.638983976350316,1
115.58,0,281.470974916287,0.125667633449695,0.858603220456503,0.642550911400058,0.999931132822667
115.59,0,281.447161729551,0.1271648589442,0.861622725359194,0.642020167931717,0.999729267929585
115.6,0,281.413259590263,0.1256440841492,0.858744782217646,0.640088308127411,1
115.61,0,281.395356200347,0.126465805333211,0.859639238351574,0.642586334294443,0.999689470633789
115.62,0,281.395356200347,0.125211998205017,0.858025644167369,0.641057317068959,0.999568870831998
115.63,0,281.395356200347,0.128966065995841,0.857770345558741,0.643995283104665,0.998893119434891
115.64,0,281.395356200347,0.12464313377506,0.85853458809346,0.643210206853254,1
115.65,0,281.395356200347,0.126287419614903,0.859018283776652,0.642395258099634,1
115.66,0,281.395356200347,0.128674100095508,0.857927278216834,0.643833892717006,0.999352007272391
115.67,0,281.395356200347,0.125156728814027,0.857343484171296,0.641847321025925,0.999911039183047
115.68,0,281.395356200347,0.123991676877258,0.857373259617873,0.642177822723174,0.999232172891343
115.69,0,281.395356200347,0.126850088986025,0.856481216298245,0.642475305104624,1
115.7,0,281.395356200347,0.128344637646928,0.856525153207668,0.64301044441459,1
115.71,0,281.395356200347,0.12589715316185,0.853906332916444,0.642928336035437,0.999631291170125
115.72,0,281.395356200347,0.126984537764088,0.855949912127613,0.645087177432467,1
115.73,0,282.262088944984,0.126720685866578,0.856508736351685,0.641998416055409,1
115.74,0,282.611196515084,0.124218091868853,0.854641423107043,0.6405322095841,0.999835763873566
115.75,0,282.984538512742,0.122890623651693,0.856380101099324,0.641044751282363,1
115.76,0,283.355501875872,0.125299224779227,0.852978596215833,0.642529739390268,1
115.77,0,283.724358334276,0.123742535679078,0.853624726715769,0.643916352302648,0.998936934334628
115.78,0,284.091264269888,0.121969795806262,0.855834098756533,0.642695151368748,1
115.79,0,284.45622830596,0.123193457964822,0.855566205894625,0.642593691199027,1
115.8,0,284.819280605981,0.123598567663988,0.85241371586962,0.646055050313741,0.999835318887968
115.81,0,285.180450783167,0.122997963993639,0.853466623310933,0.644264916708332,0.9998797489086
115.82,0,285.539769759084,0.123533714146585,0.852046826866695,0.644445891438648,0.999097433725287
115.83,0,285.897269641533,0.122564722909758,0.852483255613081,0.642351351174634,1
115.84,0,286.252983715836,0.12081661599803,0.852411940236694,0.642892853589928,0.997534595904339
115.85,0,286.606946432693,0.122006477143198,0.853306565520692,0.643607252814879,1
115.86,0,286.959193395179,0.123406982274745,0.853488020371381,0.642084171698245,1
115.87,0,287.309761345276,0.121651673844037,0.852141851313533,0.64352677637393,0.99894410665294
115.88,0,287.658688149876,0.121605935077895,0.854137492245951,0.64408459308844,1
115.89,0,288.006012786269,0.118072833193253,0.852501035670138,0.6448244836491,0.996597718127272
115.9,0,288.351775327131,0.124155227598621,0.849771782105612,0.645515294204085,1
115.91,0,288.69601692503,0.123302211677004,0.850177956666856,0.64480788466799,1
115.92,0,289.038779796433,0.118845156351198,0.853355020105968,0.642783996139539,1
115.93,0,289.380107205267,0.118967763008139,0.853206099917034,0.64658982807813,1
115.94,0,289.720043446003,0.12156149053129,0.84996097204008,0.643647726056465,0.99903794114891
115.95,0,290.058633826299,0.119746133438656,0.850241604379514,0.646011129753601,1
115.96,0,290.395924649211,0.120671739029375,0.850279017377074,0.645849313264654,0.999281075638001
115.97,0,290.731963194976,0.118410754725247,0.852044500383074,0.646904495074102,1
115.98,0,291.066797702386,0.117565980115883,0.848044772691283,0.64685196005395,1
115.99,0,291.400477349754,0.117417544262592,0.84985723221724,0.645326311396482,0.999485779925075
116,0,291.733052235505,0.118650293826076,0.845267759820714,0.646537209386375,0.99819665439643
116.01,0,292.064573358377,0.119039972360482,0.845751730294108,0.647062063928148,0.998779799490969
116.02,0,292.395092597269,0.118191543649533,0.848041651155397,0.644633838322763,0.99888659508639
116.03,0,292.724662690735,0.118758577058816,0.849679272471465,0.647018541797433,0.997758594031639
116.04,0,293.053337216133,0.119706135711913,0.849356306380437,0.643595783864764,1
116.05,0,293.381170568457,0.118596503347691,0.847135075674159,0.647379386212737,1
116.06,0,293.708217938849,0.117290773451655,0.849723466890425,0.650836880719391,1
116.07,0,294.034535292816,0.116142991044167,0.848770106961047,0.648320736488823,1
116.08,0,294.360179348149,0.115592215533105,0.848910978970293,0.648317084079648,1
116.09,0,294.685207552577,0.11724005120181,0.850037481672349,0.646281691954401,0.997556865967901
116.1,0,295.009678061152,0.116632940306098,0.846133892555077,0.646188792266785,0.998584561399637
116.11,0,295.333649713383,0.116337638815145,0.847445696015024,0.650139688616567,0.999524673894148
116.12,0,295.657182010135,0.117137639983374,0.847317054886278,0.647567202386706,0.997874824306509
116.13,0,295.980335090308,0.117824036740201,0.844547996295073,0.648194046829339,1
116.14,0,296.303169707283,0.116632541822275,0.850482183606737,0.649703150988064,0.999718637473538
116.15,0,296.625747205196,0.114984107407311,0.846219993863491,0.646376416241922,0.999971237303814
116.16,0,296.948129495004,0.116125388529775,0.847764505262967,0.644239724914591,1
116.17,0,297.270379030383,0.115583559461106,0.846177044547931,0.647242858782972,0.999450556445445
116.18,0,297.592558783459,0.114250508387195,0.844738072383695,0.649699737162049,0.998846664999463
116.19,0,297.914732220395,0.116553989014378,0.845655365042212,0.64739464757266,0.999741933048928
116.2,0,298.236963276829,0.115157216699229,0.843465858607255,0.649421823793143,1
116.21,0,298.559316333194,0.115394952461864,0.844854298891351,0.649260017449099,0.9994908211245
116.22,0,298.881856189914,0.114882637631105,0.841708045091982,0.651366638485286,0.998665344158996
116.23,0,299.204648042503,0.111611653619609,0.842963935377255,0.649451841039904,1
116.24,0,299.527757456569,0.114788813244304,0.845455259653651,0.650834536397401,1
116.25,0,299.851250342731,0.112702904071576,0.843737706794657,0.650738428303358,0.998243644548062
116.26,0,300.175192931477,0.113410372658434,0.84121772002743,0.649457345294863,1
116.27,0,300.499651747953,0.113567692297095,0.841403393529249,0.651637992557423,0.998609796499479
116.28,0,300.824693586708,0.113274847974588,0.844494977930812,0.651783001414447,1
116.29,0,301.150385486399,0.111733851814424,0.843083924265438,0.650659869640192,1
116.3,0,301.476794704471,0.112356385088241,0.840679319447117,0.64992529051174,1
116.31,0,301.803988691815,0.113337859874881,0.841643864918271,0.649091470427573,1
116.32,0,302.132035067424,0.112813705222208,0.845301621714001,0.651512630375425,1
116.33,0,302.461001593048,0.112974102676611,0.842183873890729,0.652610939921431,1
116.34,0,302.790956147858,0.112575831344191,0.843163189632203,0.652867699418616,0.996974181445156
116.35,0,303.121966703142,0.111018929490033,0.843421926074622,0.651311092147682,0.997518755451186
116.36,0,303.454101297016,0.107695577584633,0.841486071723999,0.651759665121504,1
116.37,0,303.787428009184,0.114078145490555,0.84414010484186,0.654769862685907,1
116.38,0,304.122014935747,0.111097648774798,0.841447420328935,0.65400313260782,1
116.39,0,304.457930164059,0.109321709773368,0.842687180603237,0.652648748122741,0.999496671307807
116.4,0,304.795241747661,0.110387742982509,0.841677700377544,0.651557054779104,1
116.41,0,305.134017681272,0.111330668472783,0.844458179543429,0.653055555533918,0.997382083621624
116.42,0,305.474325875873,0.108918320042751,0.842421969016062,0.653361169951845,1
116.43,0,305.816234133873,0.1082526331642,0.839805358262871,0.656414666342436,1
116.44,0,306.159810124368,0.110428822810727,0.837728870868945,0.653298015321059,1
116.45,0,306.505121358509,0.106689924480236,0.84158711207761,0.652775354125784,1
116.46,0,306.852235164974,0.107839237723368,0.839879799594407,0.653752285498318,0.999943219242842
116.47,0,307.201218665555,0.111007866512029,0.838642517954137,0.654109882963194,1
116.48,0,307.55213875087,0.109536677260019,0.839019987472461,0.653747619896498,1
116.49,0,307.905062056203,0.109229171568334,0.841152706852518,0.655568010232529,1
116.5,0,308.260054937476,0.110572433781007,0.841970170508646,0.656799733050447,1
116.51,0,308.617183447363,0.110576635073603,0.838642982312678,0.653895966500805,1
116.52,0,308.97651331155,0.107199971521316,0.83631939631559,0.654682340375466,0.99980950313514
116.53,0,309.338109905143,0.108159694125389,0.838886979290451,0.654665080917674,0.999535706292005
116.54,0,309.702038229235,0.107633786402081,0.839606988822938,0.653372487352133,1
116.55,0,310.068362887635,0.107776981948498,0.840225503471329,0.654984527122628,1
116.56,0,310.437148063759,0.107847844603147,0.83602106967169,0.653860199041259,1
116.57,0,310.808457497694,0.10829450034541,0.836830260549667,0.654690202157449,1
116.58,0,311.182354463436,0.107747371392187,0.839173177565985,0.655223084359171,0.999245800986425
116.59,0,311.558901746309,0.107955756740851,0.838263862437954,0.655319165148087,0.999504688366534
116.6,0,311.938161620566,0.106108774521711,0.838037244422266,0.655168152893419,1
116.61,0,312.320195827171,0.104608651786283,0.835546463524514,0.656243781064877,1
116.62,0,312.705065551788,0.105380026034507,0.836489109055184,0.654517559845036,0.999236297104331
116.63,0,313.092831402942,0.103782589146717,0.835419561299656,0.656050960778289,1
116.64,0,313.483553390398,0.103888252880192,0.838988774561792,0.654526152094012,0.999956268134206
116.65,0,313.877290903731,0.103704497918965,0.836402801981034,0.655948517113338,1
116.66,0,314.274102691099,0.10534598920202,0.84105305878478,0.655977744150154,1
116.67,0,314.674046838228,0.10351292159588,0.837651089564912,0.658127226729332,0.99869336919245
116.68,0,315.077180747607,0.105989661909617,0.836177641442148,0.657999331556323,1
116.69,0,315.483561117896,0.103852095101436,0.838648481989075,0.654951018444469,1
116.7,0,315.893243923544,0.103724173218941,0.837596804053512,0.657491048650001,0.998400758231153
116.71,0,316.306284394634,0.10122796345574,0.836987340057166,0.656812385634878,0.997980201066523
116.72,0,316.722736996945,0.102747029802227,0.836024327501398,0.658806952441371,1
116.73,0,317.142655412236,0.103520182261044,0.836157864558895,0.659590177587259,1
116.74,0,317.566092518761,0.104128080119969,0.835124648541578,0.657138100207359,1
116.75,0,317.993100372007,0.103493575521874,0.83527452625438,0.657533736670504,1
116.76,0,318.423730185666,0.102833174744772,0.834775269950381,0.659637597952226,1
116.77,0,318.85803231284,0.102113043564293,0.835027473608644,0.656882958707127,1
116.78,0,319.296056227477,0.102833222439951,0.831460958715227,0.656171236416454,1
116.79,0,319.737850506052,0.0995312931967873,0.83430227927781,0.657532119126889,1
116.8,0,320.183462809481,0.100162113114104,0.835282514895955,0.658622848982653,0.997621226602776
116.81,0,320.632939865278,0.0996680771972665,0.835290903752986,0.654157932561906,0.9975256427488
116.82,0,321.086327449957,0.0982730472049616,0.83537714683367,0.657785793886747,1
116.83,0,321.543670371684,0.0993943451247846,0.835131999739677,0.65791469687333,1
116.84,0,322.005012453168,0.101381716724493,0.833984629389275,0.658913182917301,0.999078686320006
116.85,0,322.470396514813,0.102882901011104,0.834681533507313,0.658954724148474,0.998479910977713
116.86,0,322.93986435811,0.0995594338445878,0.835563793886256,0.65724684264498,0.999903640548887
116.87,0,323.413456749302,0.100583422577919,0.835948967627908,0.657296841941887,0.999855754281481
116.88,0,323.891213403288,0.100011571990133,0.836369143790551,0.660549055464226,1
116.89,0,324.373172967797,0.0983824008370375,0.835323231096368,0.657621770263156,0.997610239477124
116.9,0,324.859373007824,0.100209580359436,0.833787356786661,0.656566730281651,0.998869810979478
116.91,0,325.349849990324,0.100493500885342,0.836710325711338,0.658872490393856,0.999818207677073
116.92,0,325.844639269181,0.0972208558240139,0.835466854211946,0.659813452131832,1
116.93,0,326.343775070442,0.0945339480107213,0.833752330049027,0.657899456256117,1
116.94,0,326.847290477826,0.097381720548858,0.83215946739613,0.657904640381302,0.999870746611948
116.95,0,327.355217418505,0.0973552543077782,0.834602469371886,0.660097114128092,1
116.96,0,327.867586649165,0.0948931656946623,0.831372483050525,0.656931840827382,0.999902891723753
116.97,0,328.38442774235,0.095404432204213,0.83560444288185,0.66070110743746,0.998288983051678
116.98,0,328.905769073087,0.0940191245162409,0.832541294606331,0.658107795958117,1
116.99,0,329.431637805801,0.0943960025797525,0.833518049529148,0.659754746542674,0.999584880272221
117,0,329.962059881518,0.095943572052445,0.830454130167824,0.65861723614136,0.999925122900643
117.01,0,330.497060005362,0.0946085145790726,0.832045502571551,0.659892590948542,1
117.02,0,331.036661634355,0.0946556104459626,0.832181089916213,0.656430279824386,0.998532424495155
117.03,0,331.580886965511,0.0932614594626684,0.833665370052017,0.657861015875875,0.999494458411707
117.04,0,332.129756924238,0.0930229705544291,0.83398800470789,0.658088127128392,1
117.05,0,332.683291153052,0.0940596999817071,0.836130440263961,0.657732883630446,1
117.06,0,333.241508000597,0.094703807844536,0.831668292550691,0.657765196955955,0.999125149503058
117.07,0,333.804424510988,0.0917790235699655,0.833572885723796,0.658740697324402,1
117.08,0,334.372056413474,0.0941279168019741,0.832956679600307,0.659560219224185,1
117.09,0,334.944418112426,0.0937616426962875,0.829227698759167,0.656721598876161,0.998933506499717
117.1,0,335.521522677655,0.0930551688427049,0.833142748105124,0.656825153351245,0.99871321648177
117.11,0,336.103381835065,0.0928469275901753,0.832364615446214,0.65625105889392,1
117.12,0,336.690005957648,0.0917314247818927,0.832954240399127,0.660133296347509,0.999168242489712
117.13,0,337.281404056819,0.0902726216485657,0.832894180697749,0.656586332354877,1
117.14,0,337.877583774112,0.0904795778132742,0.832606187189636,0.659245790992937,1
117.15,0,338.478551373214,0.0913788121341547,0.834173233275283,0.661056368677181,0.997912032889555
117.16,0,339.084311732375,0.0921456798701071,0.83159922140592,0.657639145022812,0.99851428583974
117.17,0,339.694868337177,0.0907123958477013,0.832454210256667,0.658353988557629,0.99856805747197
117.18,0,340.310223273675,0.0900694866057899,0.830068339924127,0.659782917516377,0.998475822106777
117.19,0,340.930377221918,0.0900627535796175,0.832735912163952,0.659326346678726,1
117.2,0,341.555329449849,0.0884660751873284,0.83356267067568,0.657404164604252,0.99771456424778
117.21,0,342.1850778076,0.089886861439967,0.831328924024071,0.656922776008393,1
117.22,0,342.819618722177,0.0918133197899561,0.832218710202947,0.657784915330666,0.99860483996044
117.23,0,343.458947192548,0.0887767167355154,0.830030727680842,0.66107305234823,0.996367991845082
117.24,0,344.103056785146,0.0874353257913675,0.832509514789102,0.654436322899403,1
117.25,0,344.751939629772,0.0858794249697445,0.830873161173426,0.65666110378634,1
117.26,0,345.405586415934,0.0884599739681985,0.829542776165463,0.657824022040158,0.998965788700522
117.27,0,346.063986389603,0.0879815759621835,0.831931777713066,0.659467641508398,1
117.28,0,346.727127350407,0.0879618150466299,0.830332209465258,0.658387215645219,0.999922064911045
117.29,0,347.394995649269,0.086899402772009,0.831558772456581,0.657825799081725,1
117.3,0,348.067576186483,0.0860495617962164,0.834451937427995,0.658082294658164,1
117.31,0,348.744852410258,0.086208237619226,0.829315601176592,0.655316923126314,1
117.32,0,349.426806315714,0.0848827371105577,0.832250332269782,0.659693444001462,1
117.33,0,350.113418444348,0.0840199742449056,0.831311912332589,0.653814948239813,1
117.34,0,350.804667883976,0.0819761517567761,0.830231881424619,0.656769390336377,0.999934175589726
117.35,0,351.500532269162,0.0824637051164125,0.832225339856069,0.658142977269774,0.997680957875915
117.36,0,352.200987782129,0.084404873233524,0.833037678267605,0.656063862798478,1
117.37,0,352.906009154172,0.0812866915904341,0.830822600604272,0.657922716863927,0.999438917932625
117.38,0,353.615569667574,0.0792794112296414,0.831644034460444,0.657404301788987,1
117.39,0,354.329641158028,0.0804899971153354,0.829803932492101,0.656055609218394,1
117.4,0,355.048194017586,0.0800501662563813,0.831825116348081,0.65540144664057,1
117.41,0,355.771197198122,0.0803720384319574,0.83193678875035,0.657869627668859,1
117.42,0,356.498618215335,0.0806752221161133,0.830147051373649,0.656827612752449,1
117.43,0,357.230423153284,0.0816575326191012,0.831723268516691,0.654412010878982,1
117.44,0,357.966576669473,0.0806497827577656,0.831690669842316,0.654929909740726,1
117.45,0,358.707042000486,0.0804633022387717,0.832220425549318,0.653645315103865,0.998953970159961
117.46,0,359.451780968182,0.0797628862735444,0.83104919204384,0.65500770626016,1
117.47,0,360.200753986447,0.0796259392040667,0.832543193264074,0.653616407305817,0.997851454559272
117.48,0,360.953920068531,0.079128258970809,0.832735958220349,0.656891211057908,0.999149927026807
117.49,0,361.711236834949,0.0770661874195237,0.831413260243672,0.653783360610259,0.999482465983075
117.5,0,362.472660521976,0.079056871461007,0.830791095204383,0.654525125441337,0.998585334306023
117.51,0,363.238145990721,0.0786731175517888,0.830053200140324,0.654589694834063,1
117.52,0,364.007646736808,0.0788403717942356,0.83094478818919,0.654369560601841,0.999457861754022
117.53,0,364.781114900647,0.0767773262795824,0.833987159437468,0.653297856711112,1
117.54,0,365.558501278314,0.0741627639866776,0.829218543255153,0.655141723303137,1
117.55,0,366.339755333047,0.0724057960793222,0.832479278138322,0.655360743027129,0.998194604356896
117.56,0,367.124825207349,0.0750592379139765,0.832595694891699,0.654627695389438,1
117.57,0,367.913657735719,0.075896116929414,0.830595791687802,0.655643086234994,1
117.58,0,368.706198458006,0.073519088582055,0.828690577228078,0.653384267416508,1
117.59,0,369.502391633386,0.0741625454438697,0.831163262215797,0.653927990931396,0.999721045682309
117.6,0,370.302180254976,0.0709433502548033,0.831678924409249,0.653095194608854,0.99950290413411
117.61,0,371.105506065088,0.0732302407847315,0.831872836564334,0.653594521648883,0.998609779640068
117.62,0,371.912309571113,0.0708176648018169,0.833683307093289,0.653426649053393,1
117.63,0,372.722530062055,0.0725877676470976,0.828620142210347,0.653407418499424,1
117.64,0,373.536105625702,0.072694132392092,0.831107457427987,0.654949950401116,1
117.65,0,374.352973166449,0.0735452996126347,0.830462190122742,0.652919363269963,1
117.66,0,375.173068423765,0.0714880507087084,0.831295128829374,0.65411439693616,0.998715992217505
117.67,0,375.996325991316,0.0711352616277497,0.831184659809456,0.654164715927099,0.999991031005081
117.68,0,376.822679336725,0.0667437005837157,0.835643888579098,0.651761279985881,0.997759619721139
117.69,0,377.652060821999,0.0694913478277427,0.834355768167826,0.654318939040002,1
117.7,0,378.484401724596,0.067490917985437,0.831538223846936,0.648625513664796,0.996484912781233
117.71,0,379.319632259141,0.0664038770907668,0.833157254894346,0.650594184676016,1
117.72,0,380.157681599803,0.0667075451082898,0.833933785584673,0.649837715189069,1
117.73,0,380.998477903309,0.0683635269777005,0.829243327921917,0.652639975259983,0.997005836331823
117.74,0,381.841948332607,0.0693861524160161,0.830034277933371,0.652585503247733,0.999635313083011
117.75,0,382.688019081176,0.06781948720755,0.831987238984746,0.651473237143994,1
117.76,0,383.536615397979,0.0654361407895595,0.828693094178209,0.653011623476056,0.999379496196686
117.77,0,384.387661613047,0.0643143065934396,0.831042011599884,0.651727300956425,1
117.78,0,385.241081163703,0.0665049485661171,0.831273608667753,0.650994084734752,1
117.79,0,386.096796621418,0.0653530235893772,0.831351806325768,0.648852813108175,1
117.8,0,386.954729719285,0.0641571565466517,0.831784196139552,0.650905593391872,1
117.81,0,387.814801380116,0.0650018772927483,0.834956237712713,0.652489859728765,0.999885460637793
117.82,0,388.676931745162,0.0636486080175866,0.83306255558378,0.649545171626703,0.999069077570015
117.83,0,389.541040203427,0.0604219661306701,0.832774125329954,0.64647105709378,0.998657223253401
117.84,0,390.407045421586,0.0620194361367651,0.833690125882401,0.649335884012128,1
117.85,0,391.274865374503,0.0628728263806488,0.833455799911605,0.648243927172832,0.999829098765217
117.86,0,392.14441737633,0.0621015478202166,0.833806388453152,0.6512602413476,1
117.87,0,393.015618112174,0.0603701327358194,0.831534440302755,0.648510616130016,1
117.88,0,393.888383670348,0.0618731626855339,0.832500475118379,0.649679350653728,0.997958109011585
117.89,0,394.762629575154,0.0598158909739723,0.834455132224618,0.648416181436667,1
117.9,0,395.638270820244,0.0617252396535691,0.833860511473828,0.647178231745632,0.999450571265452
117.91,0,396.515221902486,0.058535053650962,0.834950432544265,0.647937915855697,0.998137064322643
117.92,0,397.393396856371,0.0583967997549246,0.834625517239609,0.647198875512482,0.999079473551592
117.93,0,398.272709288931,0.0593002811386634,0.831589768729718,0.646484850324264,1
117.94,0,399.153072415142,0.0607148167401474,0.833345582160103,0.650562403560773,0.997362426114784
117.95,0,400.034399093829,0.0585109533803744,0.833685298755389,0.648028296084593,1
117.96,0,400.916601864035,0.0566417484347906,0.833399692067861,0.649347113562532,0.997532176402303
117.97,0,401.799592981839,0.0570597559601861,0.832835521578774,0.649064568940186,1
117.98,0,402.683284457631,0.0577319243535685,0.834172374625808,0.646190014478325,1
117.99,0,403.567588093798,0.0580660493890071,0.83366748671495,0.646976882955829,1
118,0,404.452415522829,0.0594523749211092,0.831507975713058,0.645502346100578,1
118.01,0,405.337678245806,0.0570218066818673,0.834749087035167,0.644269208306184,0.998253005851173
118.02,0,406.223287671278,0.0552169834236784,0.832211106767802,0.645379435935815,1
118.03,0,407.109155154485,0.0552343236123269,0.835537662154793,0.645788417400268,0.999936592429188
118.04,0,407.99519203692,0.0527892954571449,0.833595293833824,0.646063161217831,0.998366979870936
118.05,0,408.881309686224,0.0548456463923993,0.832545334387903,0.644703681971975,0.999193890682192
118.06,0,409.767419536361,0.0551756267389875,0.834123836820976,0.646736464671893,1
118.07,0,410.653433128091,0.0552223541767192,0.83169355787738,0.648326459925097,1
118.08,0,411.539262149697,0.0530059369185563,0.833926378606164,0.645566091157236,0.999250479167255
118.09,0,412.424818477947,0.0524008019297125,0.833951556514482,0.646373430315222,0.998131725525394
118.1,0,413.310014219277,0.0530183647295408,0.833142929497671,0.64447809897776,0.998871304758209
118.11,0,414.194761751176,0.0527563314299586,0.835141307012354,0.647196465960395,1
118.12,0,415.078973763731,0.0489706615056194,0.833984276282535,0.645929949444683,1
118.13,0,415.962563301337,0.0495982417445363,0.833633071580694,0.64406872841397,0.997647277592561
118.14,0,416.845443804527,0.0499493378246363,0.835433406014071,0.646759275442491,0.99896722003221
118.15,0,417.727529151905,0.0510406519384556,0.834470759045909,0.64474797105101,0.999271632295325
118.16,0,418.60873370217,0.0486522957190544,0.833995941296184,0.642682997640895,0.998045281460329
118.17,0,419.488972336181,0.0499298435354553,0.837292515387723,0.642855970681617,1
118.18,0,420.368160499072,0.0516003354173007,0.834177313485151,0.645493047587198,1
118.19,0,421.246214242359,0.0499083225247608,0.837031968144817,0.644842187561388,0.999380394538463
118.2,0,422.12305026604,0.0505786941401248,0.833979756447028,0.647163798588748,1
118.21,0,422.998585960643,0.0504609703832435,0.836399442739648,0.643514156199954,1
118.22,0,423.872739449217,0.0466762933718784,0.836845259446986,0.644557477345809,1
118.23,0,424.745429629219,0.0466520623550317,0.835396306503371,0.643070508112388,1
118.24,0,425.616576214286,0.0481108148778798,0.83394017801915,0.644755336859064,1
118.25,0,426.486099775857,0.0478421487616231,0.833802698401924,0.643092365845426,0.999764110042881
118.26,0,427.353921784633,0.044856485293244,0.838358356410281,0.645526324481281,0.999808234103716
118.27,0,428.219964651825,0.0430263236599238,0.839376572848631,0.643714896379102,1
118.28,0,429.084151770187,0.0468542354028192,0.834629511586106,0.643427054347323,0.999466586973065
118.29,0,429.946407554793,0.0460239715894299,0.835611673855878,0.641090280635674,1
118.3,0,430.806657483539,0.0454218562430372,0.836515100915495,0.638575675655209,1
118.31,0,431.664828137341,0.0440054078331138,0.835792268640925,0.642889171823946,0.999171639796045
118.32,0,432.52084724,0.0419844371020408,0.838356433136836,0.642337970716875,0.999846403749071
118.33,0,433.374643697709,0.0414546056008896,0.836957291863807,0.64193927177054,0.99979821370214
118.34,0,434.226147638186,0.0413822294944981,0.832822125374959,0.64122550097908,0.99985556409105
118.35,0,435.075290449383,0.0427892732009848,0.83630201037344,0.641216729994508,1
118.36,0,435.922004817769,0.041420703838485,0.838685379340018,0.641720437056333,1
118.37,0,436.766224766152,0.0410898401979178,0.838001432088445,0.642000422087734,1
118.38,0,437.60788569101,0.0412731073528546,0.836081284112138,0.643046836313657,0.998324464468746
118.39,0,438.446924399303,0.0415922047014788,0.837463532922976,0.640095691453805,0.997568636313921
118.4,0,439.283279144767,0.0413076115669809,0.83717967096446,0.643792837239268,0.999102270571443
118.41,0,440.116889663614,0.0370759453320011,0.838557804290019,0.642725994591842,1
118.42,0,440.947697209677,0.0398309050338156,0.837165763274604,0.643480777947524,1
118.43,0,441.775644588917,0.0403403024543049,0.837493581271668,0.643043369625316,1
118.44,0,442.600676193305,0.0407619627157909,0.836938219566955,0.6410412716528,0.99913003342889
118.45,0,443.422738034037,0.0396404092121142,0.840040170387607,0.644164407150386,0.99962687170125
118.46,0,444.241777774077,0.038841976010607,0.842284759679731,0.641728367976733,1
118.47,0,445.057744759981,0.0373197339753167,0.838493326558649,0.641777200905543,0.999755727474885
118.48,0,445.870590052993,0.0389232944857667,0.840701043347337,0.64115020287208,1
118.49,0,446.680266459395,0.0385410444282317,0.837026806309799,0.639603708011949,0.999946693102122
118.5,0,447.486728560081,0.038367257047509,0.841702662584402,0.642825373452628,0.998440834362753
118.51,0,448.289932739337,0.0374300629324388,0.840258276952325,0.642697244202797,0.998839621814628
118.52,0,449.089837212812,0.0389201769865123,0.839804053488359,0.640754841326807,0.999412317292035
118.53,0,449.886402054639,0.0345164004128633,0.839539010518529,0.641593964139709,0.997255032854533
118.54,0,450.679589223718,0.0366024817743607,0.841046819555952,0.643076309940537,0.99946087279112
118.55,0,451.469362589121,0.0370668078894339,0.839865731328374,0.641879682792179,1
118.56,0,452.255687954608,0.0360754783351344,0.84212676786862,0.641134733676547,0.997299496717545
118.57,0,453.038533082226,0.0355373774516921,0.842467291839528,0.639615989655067,0.999685346893802
118.58,0,453.817867714997,0.0359365260981927,0.839504421105394,0.640748608081973,1
118.59,0,454.593663598649,0.0347179056316133,0.841253120269622,0.640287881975128,0.997423595947845
118.6,0,455.365894502411,0.0333145765516418,0.841204070783604,0.638802931440753,1
118.61,0,456.134536238807,0.0337480744870962,0.84221953634835,0.640616601780765,1
118.62,0,456.899566682497,0.0341919895531842,0.839966591900944,0.643538918547719,0.998800222461226
118.63,0,457.66096578809,0.0315985425216097,0.842972119296236,0.64152021770327,1
118.64,0,458.418715606971,0.0333226149768079,0.840469424904609,0.640116697613754,1
118.65,0,459.172800303081,0.0332977953197849,0.84313878384149,0.642011543812508,0.999120683053627
118.66,0,459.923206167683,0.0329286864612521,0.842549360922976,0.641435979233578,0.99918424317137
118.67,0,460.669921633072,0.0321969344226914,0.841913482523851,0.639966081204556,0.997162005920083
118.68,0,461.412937285228,0.0329136391826119,0.844558709761212,0.640826484731319,1
118.69,0,462.152245875421,0.032342160569881,0.844422880171302,0.642045173911821,1
118.7,0,462.887842330731,0.0299631603098705,0.845095851684986,0.642007505313026,1
118.71,0,463.619723763495,0.0296060872743177,0.845668651532896,0.640354525630207,1
118.72,0,464.347889479677,0.0295006883155561,0.841941945021968,0.641698017035897,0.995722739979225
118.73,0,465.07234098614,0.0333957776672699,0.841876716870816,0.640979145469351,0.998449895882697
118.74,0,465.793081996823,0.030417034137762,0.843469774166605,0.640389667540412,1
118.75,0,466.510118437837,0.0317706753374492,0.845097209628528,0.643375465923582,0.998216637630219
118.76,0,467.223458451441,0.0290409539635134,0.842006115538156,0.637660603751336,1
118.77,0,467.933112398925,0.027873706889659,0.844553048614744,0.642578330255908,1
118.78,0,468.639092862392,0.0291562621223623,0.847288628420094,0.640905267400076,0.998790793429243
118.79,0,469.341414645436,0.0295139228183892,0.844038120336501,0.642248173150466,0.999943814679537
118.8,0,470.040094772706,0.0275983905037734,0.845545474050454,0.641789397966293,1
118.81,0,470.735152488381,0.0291907505657756,0.84309782293573,0.645042333315085,0.999011072734218
118.82,0,471.426609253543,0.0280965106335014,0.846163817613717,0.643139653673396,0.99997697562964
118.83,0,472.114488742444,0.0265240855761642,0.846511496738722,0.643140913539822,0.998316458942542
118.84,0,472.798816837693,0.0269970424552133,0.846073253972276,0.640995583549426,1
118.85,0,473.479621624345,0.0267444270403051,0.845182001215412,0.643599079561451,0.997722058419455
118.86,0,474.1569333829,0.0268290698264066,0.845978160266428,0.643844395637414,0.995941469177943
118.87,0,474.83078458125,0.0236560475291138,0.846368132673238,0.641678706950357,0.998313167805924
118.88,0,475.501209865525,0.0244304441189971,0.846355345977718,0.641165208511812,0.998844978306776
118.89,0,476.168246049894,0.0263513941420221,0.84875380000604,0.642698270170513,1
118.9,0,476.831932105309,0.0258549676849578,0.84721959157041,0.638641271438036,1
118.91,0,477.492309147199,0.0255414257019905,0.848766948812979,0.643019167030762,1
118.92,0,478.149420422128,0.0255186579221278,0.848664443527671,0.642044030368129,0.998775538133022
118.93,0,478.803311293435,0.0275201820117606,0.851185559195426,0.643826199168003,1
118.94,0,479.454029225847,0.0252641574360539,0.8477509269352,0.643236865001687,0.996074998008122
118.95,0,480.101623769104,0.0251615681311073,0.849135488438982,0.643843043974649,1
118.96,0,480.74614654058,0.0226660799756983,0.850710561425839,0.643146651474982,0.997984172742296
118.97,0,481.387651206934,0.0240603025695774,0.851808772718425,0.642757245130529,1
118.98,0,482.0261934648,0.0248765002129939,0.848671652203626,0.644874270375302,1
118.99,0,482.661831020517,0.0236858732699491,0.847143187308017,0.642122377914155,0.999530921496732
119,0,483.29462356894,0.0240478622495158,0.849536656215125,0.646092834132892,0.999781026137799
119.01,0,483.924632771315,0.0235417722882717,0.849157314838997,0.645071075504941,0.999572463959465
119.02,0,484.55192223226,0.0248516421612776,0.84928560333111,0.644230389677205,0.998318041785214
119.03,0,485.176557475863,0.0240033914641063,0.851682253988303,0.644343433380117,0.997697534088343
119.04,0,485.798605920897,0.0212131924401907,0.849480840950218,0.645298174289588,0.998328985120132
119.05,0,486.418136855195,0.0229561807969683,0.848774034803785,0.646131132396059,0.998888744662924
119.06,0,487.035221409181,0.0210564792641909,0.851683459202237,0.645343232317588,1
119.07,0,487.649932528589,0.0205171300024953,0.850792814476878,0.647275662577705,1
119.08,0,488.262344946378,0.0213341105948724,0.851700094574501,0.646488032670666,0.999938372914942
119.09,0,488.872535153879,0.0221337429762412,0.851470250543137,0.643359331040619,0.998641283098325
119.1,0,489.480581371163,0.0220927951666484,0.85267607501146,0.646763275143631,1
119.11,0,490.086563516688,0.0200251705984365,0.851512310694755,0.646399212916198,0.999161750115194
119.12,0,490.690563176212,0.0175861578034374,0.851067467727003,0.645683421025127,1
119.13,0,491.292663571009,0.0181973536305607,0.85146095804951,0.646620095431614,0.998925244707679
119.14,0,491.892949525403,0.0180542895635026,0.854763385405687,0.647119458226781,1
119.15,0,492.491507433648,0.0187836260530994,0.85342423947689,0.644937765936977,0.999012684347297
119.16,0,493.088425226159,0.019450749957481,0.854698626989068,0.647577932144066,0.998021390399773
119.17,0,493.683792335134,0.0177233795678596,0.854859205710764,0.646013849843039,1
119.18,0,494.277699659574,0.0196805664390355,0.855734145339174,0.644865452031749,1
119.19,0,494.870239529727,0.0174631551623659,0.855559855360505,0.646399138674217,0.997620796792942
119.2,0,495.461505670979,0.0180834926822504,0.853287659479261,0.647275771488041,1
119.21,0,496.051593167209,0.0168323364650769,0.856643913813185,0.650116738048818,1
119.22,0,496.640598423638,0.0182240820596933,0.856513708346155,0.643910003258524,0.996781081460695
119.23,0,497.228619129182,0.0142008486081819,0.854640804526603,0.646393997279821,0.998904142936818
119.24,0,497.815754218336,0.0183720207772562,0.855270864701525,0.648924164013519,1
119.25,0,498.402103832618,0.0147085936980383,0.857261794697935,0.650907763211602,1
119.26,0,498.987769281574,0.0177513164397798,0.854556357389516,0.65079665538937,0.998171067484147
119.27,0,499.572853003394,0.0142723746289601,0.853527757249002,0.648633733064303,1
119.28,0,500.157458525133,0.0182555733469584,0.85697990276831,0.650941371580093,1
119.29,0,500.741690422571,0.0166461314305506,0.856189847412268,0.646784645754476,1
119.3,0,501.325654279742,0.0170345558745882,0.856588937821982,0.6492821992301,0.998458417287892
119.31,0,501.909456648128,0.0175254559612396,0.855783431284556,0.648652946828573,1
119.32,0,502.49320500557,0.0149821339385465,0.857674779702812,0.64704830061143,1
119.33,0,503.077007714884,0.0135702330755767,0.857899156188925,0.650980756613727,0.998198916239061
119.34,0,503.660973982231,0.0144461990216373,0.859485505718499,0.649167263916455,1
119.35,0,504.245213815245,0.0144099857476652,0.858751102795253,0.648998971857236,1
119.36,0,504.829837980945,0.015594549286392,0.856014321592904,0.651077876387993,1
119.37,0,505.414957963442,0.0150593597834597,0.858047857868241,0.651226475793313,1
119.38,0,506.000685921479,0.0140529172801814,0.860570269965695,0.651556536533602,1
119.39,0,506.587134645799,0.0146417735103975,0.858873080727164,0.65009777657656,1
119.4,0,507.174417516385,0.0144326135933154,0.859569464563139,0.648325188040681,1
119.41,0,507.762648459569,0.0125292528420952,0.859956054872219,0.651461327417862,0.997341951473919
119.42,0,508.351941905042,0.0132808469770065,0.861282399777759,0.650809645637953,1
119.43,0,508.94241274278,0.0128657290390592,0.859673383827996,0.650440229970613,1
119.44,0,509.534176279898,0.0137760427126501,0.861910526034562,0.649710849966776,1
119.45,0,510.127348197461,0.0132449812912539,0.861293702664843,0.648526864501583,1
119.46,0,510.722044507253,0.0148183955643974,0.860176546309438,0.653107282288437,1
119.47,0,511.318381508542,0.0116473333468751,0.859528609890778,0.648905880611344,1
119.48,0,511.916475744834,0.0102878777959928,0.862593387159073,0.651401458442908,1
119.49,0,512.516443960649,0.0114080748324992,0.860684024413628,0.651740397087458,0.997747309736305
119.5,0,513.118403058324,0.0120113684385067,0.860452009608138,0.652059824099972,1
119.51,0,513.722470054875,0.0139036767732858,0.861459605123395,0.650364783064596,1
119.52,0,514.32876203891,0.0129719838964796,0.859732750029878,0.6534412209562,0.999401613308931
119.53,0,514.937396127616,0.0119442631520232,0.86210418330226,0.652013594614269,0.998669314590059
119.54,0,515.548489423854,0.00834460243418947,0.865098582024136,0.650055649427648,0.998936108281098
119.55,0,516.162158973335,0.0112271461839564,0.863762952697169,0.65188102214301,1
119.56,0,516.778521721939,0.00871152052424556,0.864872268488191,0.652370923449957,1
119.57,0,517.397694473142,0.00923627286901061,0.860084106876335,0.65541514263941,1
119.58,0,518.019793845601,0.0083330752251955,0.866285886859502,0.652551162414003,0.998565769167905
119.59,0,518.644936230889,0.00859595217806684,0.862737865665563,0.653983169559987,1
119.6,0,519.270865975791,0.00860319634642654,0.864574974785667,0.654827482376955,1
119.61,0,519.886801295751,0.00903852572794255,0.866351106796556,0.654828314994554,0.9989524308065
119.62,0,520.505336762075,0.00732961214926416,0.863733319491553,0.655722149121715,1
119.63,0,521.127481432261,0.0105114057268042,0.862453972320472,0.653700651119949,1
119.64,0,521.641913284881,0.0101589224598839,0.866665962001172,0.654838974704879,1
119.65,0,522.078161721384,0.00559565165811881,0.864348994010614,0.653169107731386,1
119.66,0,522.522479701334,0.00783954070883796,0.865027762436309,0.655960667359246,1
119.67,0,522.949931535911,0.00992646974362886,0.868327564690964,0.65276461690748,0.999743030143268
119.68,0,523.267171146752,0.00701209124527853,0.864438377758163,0.655167309063283,1
119.69,0,523.581407015257,0.00819501058535785,0.867713116838388,0.654470480694655,0.999548427573345
119.7,0,523.900476539652,0.00712290852290466,0.86549048908179,0.65598735450948,0.998699833665771
119.71,0,524.164769700625,0.00677505704468441,0.864011454756238,0.654881775008407,1
119.72,0,524.38993604536,0.00802096645855644,0.868741646531176,0.65632615619547,1
119.73,0,524.621304528772,0.0074035310480668,0.871154582651546,0.657442670105791,1
119.74,0,524.846027904511,0.00678923041306693,0.868915806667779,0.658638016970318,0.997932669160022
119.75,0,525.016028360762,0.00797710509195921,0.867564396135597,0.655416783215768,0.997616422100009
119.76,0,525.186637339167,0.00801899877087192,0.86835572623461,0.655171189313067,0.998582883177181
119.77,0,525.361956596045,0.00785905864727327,0.870259196852054,0.653581615411302,0.999504705266045
119.78,0,525.509388805032,0.00752788987831106,0.867892890427812,0.657438969907303,0.999594557107236
119.79,0,525.637541097129,0.00751252414236063,0.868646124034109,0.655882470554904,0.998106087304125
119.8,0,525.771317283313,0.00567678802219075,0.868645605635246,0.657103976240832,0.997843129973051
119.81,0,525.903205098685,0.00638941585555591,0.869421658690881,0.65708846104706,0.999957225676944
119.82,0,526.00456020484,0.00653893133540759,0.872013424560058,0.655900773056326,1
119.83,0,526.108406193139,0.00564149947545414,0.870880222144898,0.656954049304166,1
119.84,0,526.217222884451,0.00524305346737712,0.871313869078383,0.657516680516507,0.998880738128915
119.85,0,526.310105302168,0.00931348676677358,0.874757502475011,0.655962568650713,1
119.86,0,526.392598317913,0.00613769531744523,0.869435700694032,0.655310077866474,1
119.87,0,526.480740573533,0.0040901212513284,0.873665995281115,0.656842731505292,0.999460853057104
119.88,0,526.569521174087,0.00939118784363328,0.874039909339261,0.658186630872574,1
119.89,0,526.639621213778,0.00595008768724749,0.870626854640253,0.654533660944871,1
119.9,0,526.713339049559,0.00773413566053158,0.87335773378621,0.656391120644626,0.998625096674185
119.91,0,526.792364804013,0.00642261170137643,0.873105300019771,0.657490941461906,1
119.92,0,526.861617447833,0.00710406727165598,0.874845392178183,0.657585831946475,0.999108093944211
119.93,0,526.925105340866,0.00760350482185733,0.874358434425988,0.656061403340496,1
119.94,0,526.994431290469,0.0067850745459736,0.872824122063173,0.654926413420141,1
119.95,0,527.065774075398,0.0061067524056592,0.87560630125794,0.660243210942333,0.999676236048443
119.96,0,527.124227456387,0.00491404731441813,0.874022010738315,0.657414216591615,0.999026015751637
119.97,0,527.186996000596,0.0039042967292399,0.874061950457956,0.656569613311097,1
119.98,0,527.255386755254,0.00608037463273302,0.872705876045668,0.659491314786856,0.999579333064982
119.99,0,527.31698455084,0.0055284487454494,0.874253653327014,0.659503421419943,1
120,0.3,527.375083276569,0.00424333339937862,0.877410002957392,0.657764896335728,0.997449653339623
120.01,0.3,527.439241789431,0.00769782623960189,0.875493423668034,0.658109285951384,1
120.02,0.3,527.494587549689,0.00662019401384139,0.874899865883389,0.655398090875943,0.99809427423725
120.03,0.3,527.494587549689,0.0037674556733102,0.875250975151051,0.657130743608692,0.997649606901341
120.04,0.3,527.494587549689,0.006109704783991,0.874933896390381,0.654935385854723,1
120.05,0.3,527.494587549689,0.00671682063175385,0.875705470988496,0.658669677309757,0.998929199577381
120.06,0.3,527.494587549689,0.00674133319735831,0.877218100454634,0.658680295405242,1
120.07,0.3,527.494587549689,0.00648206735569616,0.87489296321988,0.661232115109597,1
120.08,0.3,527.494587549689,0.00718763440998146,0.877442349114521,0.657668766178778,0.999476428231373
120.09,0.3,527.494587549689,0.00252241865113126,0.879160283591414,0.659282402455324,0.999208919595882
120.1,0.3,527.494587549689,0.00662287886351578,0.87543028361267,0.658591836372255,1
120.11,0.3,527.494587549689,0.00775327778272108,0.877580987645906,0.658066103182878,0.999080491567781
120.12,0.3,527.494587549689,0.00782211112259967,0.877452242120545,0.655799383041187,1
120.13,0.3,527.494587549689,0.00349891627325542,0.878327135181636,0.657972560755606,0.997742004364156
120.14,0.3,527.494587549689,0.0079876621417553,0.877178392303421,0.656291448423378,0.998259490300089
120.15,0.3,527.494587549689,0.00396283778945592,0.878871341512221,0.655604262586257,1
120.16,0.3,527.494587549689,0.0041599359603525,0.881391134727087,0.65948811971392,1
120.17,0.3,527.494587549689,0.00833282819939036,0.880926883458969,0.658368024722277,0.999076700590433
120.18,0.3,527.494587549689,0.00585142554353776,0.879479842368216,0.659518032963918,1
120.19,0.3,527.494587549689,0.00786137621583977,0.878730520198727,0.658371531885184,0.996725724411663
120.2,0.3,527.494587549689,0.00680233728222096,0.87941802846399,0.657254926828557,1
120.21,0.3,527.494587549689,0.00705150940424101,0.883147781123259,0.656873662458431,0.998563099133206
120.22,0.3,527.494587549689,0.00773720618012309,0.880633595807607,0.660919202505674,0.998880727176008
120.23,0.3,527.27533103556,0.00751949399632731,0.880764779570687,0.656862151457249,0.999230057849008
120.24,0.3,525.713616334675,0.00455421144590128,0.880956743324866,0.660629798007731,0.997688060622296
120.25,0.3,525.024120792307,0.00975176043917897,0.883920170622017,0.658106750513456,1
120.26,0.3,524.305683167128,0.00859140832125719,0.883976922184078,0.656745851376327,0.998762855304511
120.27,0.3,523.593091321648,0.00982927175740863,0.882823691215631,0.658390947686731,0.999514535535485
120.28,0.3,522.888057084638,0.00869349957031304,0.880191901012544,0.660150995759996,1
120.29,0.3,522.190100947259,0.010494840824421,0.881572471831321,0.657088980791122,1
120.3,0.3,521.499207810732,0.0100749573379027,0.882411412146578,0.660167922496299,0.998358001198583
120.31,0.3,520.815321653992,0.0112093277204361,0.882370514526499,0.658275089827476,0.999834760655132
120.32,0.3,520.138386062286,0.0110551955797592,0.883440292938565,0.659584272581996,0.999825336686374
120.33,0.3,519.468342908425,0.00886136298963448,0.886216111685242,0.65774570150789,0.999817412986506
120.34,0.3,518.805132264639,0.0125704551769591,0.883241202756845,0.659572618357927,0.996540888037276
120.35,0.3,518.148692446943,0.00895188409485229,0.887093321684687,0.656554934258735,0.99893109922756
120.36,0.3,517.498960036782,0.0119915927812664,0.885623681142155,0.656055201080355,1
120.37,0.3,516.855869904905,0.0122635201744561,0.885255591047696,0.659946363047558,0.998763191202751
120.38,0.3,516.219355235608,0.00997689914210373,0.886635134138789,0.657763703014713,1
120.39,0.3,515.589347551401,0.00937064602323766,0.887713707929917,0.659038545827538,1
120.4,0.3,514.965776738101,0.0105284205292726,0.886301450040802,0.655800041598531,1
120.41,0.3,514.34857107035,0.00960716427667997,0.885452919623642,0.658499777379097,1
120.42,0.3,513.737657237543,0.0140041489474211,0.887838531967692,0.657597456428589,1
120.43,0.3,513.132960370182,0.0116449094699078,0.886616102232126,0.655222841561865,1
120.44,0.3,512.534404066639,0.00903958820638106,0.887571718906313,0.657643206554142,0.99993471319578
120.45,0.3,511.941910420331,0.0123006505001575,0.887782661499393,0.658677744213597,0.998796863543947
120.46,0.3,511.355400047305,0.0156216133545624,0.8874639876359,0.657381268035855,0.999545059178462
120.47,0.3,510.774792114233,0.0111087178411772,0.885286226318841,0.65804425251771,1
120.48,0.3,510.200004366807,0.0124538840907109,0.885913090333196,0.657310823509066,0.998200357368133
120.49,0.3,509.630953158538,0.0125702397643136,0.888771591245332,0.654540332649219,0.997245173662322
120.5,0.3,509.067553479951,0.0125608400846613,0.887462495614633,0.657526568454865,0.999110419017567
120.51,0.3,508.509718988185,0.0123009783712353,0.888542862549153,0.655146709967766,0.999956753679274
120.52,0.3,507.957362036979,0.0142697670331576,0.890669023926465,0.656473492116728,1
120.53,0.3,507.410393707049,0.0115863565139616,0.888895280708678,0.658986120494193,0.99967766850898
120.54,0.3,506.868723836863,0.0133155103414353,0.88815707355778,0.658834975043108,1
120.55,0.3,506.33226105379,0.0140761432997885,0.890291884531213,0.655748295941296,1
120.56,0.3,505.800912805636,0.0121040456149954,0.891542670263776,0.653934723020597,1
120.57,0.3,505.274585392561,0.0133563004755742,0.891344168743108,0.655787502950762,1
120.58,0.3,504.753183999369,0.0164086574641683,0.892299494971182,0.658800176545722,0.998735446366907
120.59,0.3,504.236612728171,0.016051936309111,0.891334736580747,0.653727144026412,1
120.6,0.3,503.724774631411,0.0143949411821975,0.892929199662963,0.655908886561263,1
120.61,0.3,503.217571745268,0.0140861695238727,0.890805946127194,0.655514001000587,0.998133592258247
120.62,0.3,502.714905123405,0.0172922962414827,0.892405146342586,0.65513434592358,1
120.63,0.3,502.216674871082,0.0160182918351106,0.891681114258467,0.657585706150385,1
120.64,0.3,501.722780179614,0.0171747040759068,0.891530805828596,0.654415584473755,1
120.65,0.3,501.233119361184,0.0171426909146713,0.892889756386566,0.652147107400441,1
120.66,0.3,500.747589883983,0.0158926757717654,0.89403247858737,0.653487125915561,1
120.67,0.3,500.266088407701,0.0180304173083772,0.894191860725764,0.654402271366197,0.998996988917708
120.68,0.3,499.788510819333,0.0180623509762145,0.891859639026687,0.655572101628135,1
120.69,0.3,499.314752269321,0.0170042591922943,0.891726993071502,0.654409184192786,0.998749410038559
120.7,0.3,498.844707208003,0.0158865153609453,0.895817699773796,0.653942359662897,0.999912933433537
120.71,0.3,498.378269422382,0.0142853351483618,0.896286751531054,0.654495900612241,0.998696977347738
120.72,0.3,497.915332073196,0.0169918192577269,0.892988213086186,0.654490390274029,1
120.73,0.3,497.455787732277,0.016837425204042,0.894869501593838,0.655175797485616,1
120.74,0.3,496.999528420209,0.0188001264531055,0.893421653076597,0.653768889418376,0.996492887782006
120.75,0.3,496.546445644266,0.0164966696969546,0.893464671304809,0.652910254545865,1
120.76,0.3,496.096430436614,0.0204997668808702,0.895475193692378,0.654791158557738,0.997550654847368
120.77,0.3,495.649373392789,0.0208444407152634,0.893672303969932,0.65571344408899,0.998022815140376
120.78,0.3,495.205164710419,0.0209735785672375,0.895063665902521,0.654995678702878,1
120.79,0.3,494.763694228201,0.0159022296930263,0.897225227512408,0.653468608280331,0.999393135174425
120.8,0.3,494.324851465108,0.0180349093762429,0.8980279531104,0.652132395225066,0.998545019712923
120.81,0.3,493.888525659825,0.0158335514397155,0.897427001770531,0.652277417865196,0.997624005114941
120.82,0.3,493.454605810393,0.017210916586145,0.897233237822368,0.653514163592003,0.999547115718621
120.83,0.3,493.022980714075,0.0225366058714178,0.898585146269439,0.653387744678383,1
120.84,0.3,492.593539007389,0.0182872422208372,0.896773843114751,0.653343744988203,1
120.85,0.3,492.166169206343,0.0186861584942959,0.897112957756668,0.648772492704171,0.998225033856693
120.86,0.3,491.740759746833,0.019196235032375,0.895876971874585,0.651627404963801,1
120.87,0.3,491.317199025189,0.0207502217042579,0.898905998766241,0.652831103949555,0.998870134861874
120.88,0.3,490.895375438886,0.0231237620551432,0.896203918045508,0.652039178978611,1
120.89,0.3,490.475177427355,0.0171004919836934,0.897632187205487,0.651727682609503,1
120.9,0.3,490.056493512938,0.0212725786940753,0.896810516270583,0.652941427259314,1
120.91,0.3,489.639212341925,0.0204391250439793,0.899653099889831,0.649852952329188,1
120.92,0.3,489.223222725701,0.0215673018617088,0.898686386513273,0.650287859072493,0.99628460368989
120.93,0.3,488.808413681939,0.0212708433291155,0.898215527240957,0.650896886804046,0.999717389123063
120.94,0.3,488.394674475873,0.0201042142175441,0.899315666889383,0.649047408408623,0.999092326281009
120.95,0.3,487.981894661599,0.0184973024022234,0.902106666228958,0.65123330980649,1
120.96,0.3,487.569964123415,0.0218437229182184,0.90070826352095,0.651528718469963,0.999724710214643
120.97,0.3,487.158773117157,0.0209992107861962,0.901436547492404,0.649632960348484,0.999744289459608
120.98,0.3,486.748212311533,0.0232210652194091,0.902175990774736,0.649000520825065,0.996406025574797
120.99,0.3,486.338172829439,0.0213224148951523,0.900328600853385,0.650511776368943,1
121,0.3,485.928546289226,0.0194003787675564,0.901919017060047,0.649079269318389,1
121.01,0.3,485.519224845905,0.0244767730085973,0.898869865020062,0.647407393464074,0.998322747722301
121.02,0.3,485.110101232286,0.0225765197530494,0.900447369827235,0.647571645464367,1
121.03,0.3,484.701068800008,0.0215700781897064,0.900963191043994,0.650013169918287,1
121.04,0.3,484.292021560461,0.0231229021903752,0.899205433442177,0.648609670347544,1
121.05,0.3,483.882854225574,0.0266642663682625,0.901888119310389,0.646615352322983,1
121.06,0.3,483.473462248448,0.0245305759215703,0.902247885214603,0.645609575075184,0.998508575677869
121.07,0.3,483.063741863818,0.0226050778817443,0.899600513771639,0.645912701199542,0.999672875051293
121.08,0.3,482.653590128323,0.0233869253167848,0.903412811516474,0.644485756698895,0.99841242965205
121.09,0.3,482.242904960558,0.0253615972666063,0.902011748201231,0.648651391708745,1
121.1,0.3,481.831585180902,0.0227681174854418,0.90270260516475,0.648429553951256,0.999280722211278
121.11,0.3,481.419530551085,0.0231262712015589,0.901913694152485,0.647192135090847,1
121.12,0.3,481.006641813491,0.0249918152424753,0.904852937778778,0.647086703998317,1
121.13,0.3,480.592820730151,0.0238654162578512,0.900854117462932,0.645476102605299,1
121.14,0.3,480.177970121439,0.0248758886368237,0.904901735370684,0.646630158240697,1
121.15,0.3,479.761993904416,0.0238253011350382,0.903587015006463,0.644422364307262,0.999821279558573
121.16,0.3,479.344797130828,0.0240846070420709,0.904420673045232,0.6463059022349,0.999410251129239
121.17,0.3,478.926286024713,0.0237644058069359,0.903958953832791,0.648140465491344,0.997685388291032
121.18,0.3,478.506368019623,0.0240668040215653,0.899782688361839,0.646871539620487,1
121.19,0.3,478.084951795409,0.0253197559921062,0.903713740733542,0.645543004923355,1
121.2,0.3,477.661947314576,0.0263492391713972,0.904147533243284,0.646432901292849,1
121.21,0.3,477.237265858165,0.0257135576952623,0.904507598351429,0.644476242479332,0.999117999109273
121.22,0.3,476.810820061154,0.0251593206077134,0.904950573634118,0.647607420396705,0.999262257416991
121.23,0.3,476.382523947348,0.0257225560390445,0.906490029793302,0.645111008188181,0.998906701891374
121.24,0.3,475.952292963747,0.0242605494893324,0.905443140822693,0.647838144507333,1
121.25,0.3,475.520044014362,0.0247918113792332,0.907909445169771,0.644616557998528,0.999838157054703
121.26,0.3,475.085695493453,0.0268247608508177,0.907303961644721,0.645063337831887,0.999056881567453
121.27,0.3,474.64916731819,0.0254060321539876,0.906281668479908,0.644730866561682,0.998333195786024
121.28,0.3,474.210380960687,0.025111641324652,0.906252008084406,0.644796386885455,0.998433315348254
121.29,0.3,473.769259479422,0.0256971806922899,0.909756877227085,0.644555039030179,0.999436056878153
121.3,0.3,473.325727549981,0.026301306857078,0.907244084501346,0.644113887302889,1
121.31,0.3,472.879711495145,0.0277057018927652,0.906532976154115,0.642253612122002,0.998037388312799
121.32,0.3,472.431139314282,0.028607900352382,0.907952211363331,0.644470581643461,1
121.33,0.3,471.979940712025,0.0278463406529986,0.906390020920875,0.64349274138342,1
121.34,0.3,471.526047126207,0.026530935877099,0.906005215096514,0.643029967081088,1
121.35,0.3,471.069391755069,0.0274577431710017,0.908365469018415,0.64466508407372,1
121.36,0.3,470.609909583674,0.0255649573182754,0.907958039874828,0.64542173603573,1
121.37,0.3,470.14753740955,0.0291433902443337,0.907299509767269,0.645755800964392,1
121.38,0.3,469.682213867516,0.0276988460947876,0.90623989647453,0.643025843987125,0.999977976987564
121.39,0.3,469.213879453694,0.0265261336220384,0.908466471253993,0.644370779647004,1
121.4,0.3,468.742476548673,0.0282130197648986,0.911042932999897,0.644652470653404,1
121.41,0.3,468.267949439823,0.0286858748478154,0.911570527788959,0.644360346656777,0.998561380445857
121.42,0.3,467.790244342731,0.0283210195312047,0.907054582697845,0.643358073984206,0.999059917219924
121.43,0.3,467.309309421746,0.0287230066117054,0.909732962522724,0.643563292834694,0.999616211702898
121.44,0.3,466.825094809635,0.0282237828457662,0.90750932738282,0.643512108884757,0.998204456327767
121.45,0.3,466.337552626301,0.029762423118627,0.906389910753961,0.642062396612128,0.999013636079
121.46,0.3,465.846636996583,0.0315480841258491,0.909829053916612,0.642802243042508,1
121.47,0.3,465.352304067109,0.0306708625856217,0.910267215424018,0.64158755222947,1
121.48,0.3,464.854512022178,0.0279303486303966,0.912329655462053,0.644153025140658,1
121.49,0.3,464.353221098697,0.0324972197762368,0.911494397730469,0.640990879737832,1
121.5,0.3,463.84839360011,0.0273670623253327,0.908815043807576,0.640146673000172,1
121.51,0.3,463.339993909349,0.0312277985658998,0.910517920466767,0.640636323957282,1
121.52,0.3,462.827988500777,0.0298143591363471,0.910926596191528,0.642698453436709,1
121.53,0.3,462.312345951126,0.0313838532057642,0.913775396027199,0.639190492758695,1
121.54,0.3,461.793036949404,0.0305580418565167,0.910690723364585,0.640327652123393,0.999169065575715
121.55,0.3,461.270034305777,0.0335099608092311,0.911267161081943,0.642731829362703,0.998248065925726
121.56,0.3,460.743312959418,0.0327974081949378,0.910154520141111,0.640488940858578,0.999362552386192
121.57,0.3,460.212849985306,0.0288467195318622,0.912946828224005,0.643477106855679,1
121.58,0.3,459.678624599984,0.0354090472802495,0.911313059899426,0.641132580584827,0.999160158368768
121.59,0.3,459.140618166254,0.0291693334661943,0.911311656520138,0.641394375015486,1
121.6,0.3,458.598814196822,0.0305637239693312,0.910485045445448,0.641335580401374,0.99877685929612
121.61,0.3,458.053198356877,0.0329635656311926,0.912249315041682,0.641290490335829,0.998773196990668
121.62,0.3,457.503758465604,0.0351769420741459,0.913045286190955,0.642383031966258,0.999370410468742
121.63,0.3,456.95048449663,0.0335536512018441,0.912603918151962,0.645610642210299,0.999788915493475
121.64,0.3,456.393368577411,0.0327413850020415,0.911047976491076,0.64312227290884,0.9974611128148
121.65,0.3,455.832404987538,0.0350802282716672,0.910594245393742,0.638045532844388,0.998151641851245
121.66,0.3,455.26759015598,0.0339262986073684,0.911338324363504,0.641273403387571,0.997809733151779
121.67,0.3,454.698922657265,0.0326652156757435,0.911993492592698,0.640090366110075,0.99958988826072
121.68,0.3,454.126403206593,0.0334109810263493,0.915141602041897,0.641845148238506,0.999743481500305
121.69,0.3,453.550034653884,0.0334448575398739,0.911689262938353,0.642627075390268,1
121.7,0.3,452.969821976771,0.0352666584647636,0.914886636821209,0.641689112010435,1
121.71,0.3,452.385772272544,0.0354100777404835,0.911307106361578,0.642108113545317,1
121.72,0.3,451.797894749035,0.036137237633027,0.913807184162912,0.641635533102851,0.999625335437157
121.73,0.3,451.206200714471,0.0361755280725313,0.914020019886066,0.642971027589314,1
121.74,0.3,450.610703566288,0.0363958820333632,0.914544778453115,0.643446724761351,1
121.75,0.3,450.011418778911,0.036961087032693,0.913867849962333,0.641477513330211,1
121.76,0.3,449.408363890527,0.037570340227142,0.91498004011488,0.64090982358324,1
121.77,0.3,448.80155848884,0.0371568166835903,0.912660925137436,0.643830849625795,1
121.78,0.3,448.191024195821,0.0367606137103408,0.915704216546566,0.643204733540358,0.997750965907021
121.79,0.3,447.576784651485,0.0374620750066706,0.914560196196025,0.642550592179956,1
121.8,0.3,446.958865496672,0.0385276115279437,0.912939449180199,0.640810649852885,0.998756543239867
121.81,0.3,446.337294354871,0.0373229984195516,0.915870172748171,0.644430212246791,1
121.82,0.3,445.712100813096,0.0393241513426767,0.913254259662707,0.642095198922922,1
121.83,0.3,445.083316401811,0.0404675645548074,0.91500036936259,0.640179388940585,0.999279657870181
121.84,0.3,444.45097457394,0.0398204429003907,0.914406868990543,0.641909218164191,0.998288873514166
121.85,0.3,443.815110682962,0.0399454075820839,0.914858146171705,0.64311934750744,1
121.86,0.3,443.175761960113,0.0401279977965306,0.914119268478234,0.641032572391942,0.999822636181767
121.87,0.3,442.532967490713,0.0405529207950539,0.916041319101148,0.641126187230975,1
121.88,0.3,441.886768189628,0.0415072969377252,0.915787453413971,0.641789582645782,0.999915434139045
121.89,0.3,441.237206775893,0.0411375866071436,0.915124958384976,0.64336302469226,0.999960324833585
121.9,0.3,440.584327746499,0.0388732995963059,0.914251496540759,0.643587617640853,0.999445290460074
121.91,0.3,439.928177349395,0.0432758893381009,0.914262156712675,0.644250248606564,1
121.92,0.3,439.268803555677,0.0409299965305414,0.913808838504911,0.642487108243432,1
121.93,0.3,438.606256031028,0.0417605948948669,0.914351049990348,0.641617407877093,0.999682929398455
121.94,0.3,437.940586106404,0.0433953592982595,0.91832051799162,0.642552522954977,0.998270803338815
121.95,0.3,437.271846747993,0.0409473638907693,0.917127926253656,0.642157959250904,1
121.96,0.3,436.60009252647,0.0410606547744042,0.915007950411913,0.642209441270881,1
121.97,0.3,435.925379585568,0.0408714199172588,0.916404563700641,0.641400390493353,1
121.98,0.3,435.247765609991,0.0410017024843374,0.915138524890066,0.641426738018988,0.999070063120041
121.99,0.3,434.567309792681,0.0450685222517823,0.917318369975832,0.642022046316911,1
122,0.3,433.884072801471,0.0413142940677172,0.915317721839788,0.641526933462032,1
122.01,0.3,433.198116745153,0.0418201222612947,0.916987868144822,0.643698329710791,1
122.02,0.3,432.509505138965,0.0429089063171046,0.917968796385745,0.644695446814486,0.99972642255865
122.03,0.3,431.818302869538,0.0427259792135977,0.915489199350573,0.640837255386561,1
122.04,0.3,431.124576159318,0.0458606863991903,0.915871154934791,0.642046741143745,0.999800568940429
122.05,0.3,430.4283925305,0.0443450874139236,0.918252550981445,0.641745944071787,0.999384060008926
122.06,0.3,429.729820768473,0.0450324151959718,0.917627246090218,0.642740654558959,0.998446648497294
122.07,0.3,429.02893088483,0.0457220917399217,0.918060257877787,0.645197636614896,0.999547231029135
122.08,0.3,428.32579407995,0.0449372373707811,0.916814681412476,0.644809299429537,0.999413708349755
122.09,0.3,427.620482705181,0.0457981985359763,0.915041462530321,0.640562429871906,1
122.1,0.3,426.913070224646,0.0455586055690435,0.917423148858032,0.642217223497636,1
122.11,0.3,426.203631176712,0.0490155206172687,0.917196709548221,0.644171539066024,0.998878650301649
122.12,0.3,425.49224113512,0.046313404806834,0.91675061728719,0.643252018043576,0.999999055479898
122.13,0.3,424.778976669831,0.0483033013884338,0.918560801545963,0.649046033356823,1
122.14,0.3,424.063915307591,0.0501726820463997,0.916138304510696,0.64361720614415,1
122.15,0.3,423.347135492252,0.0480413249758765,0.917472158097372,0.644189786160586,1
122.16,0.3,422.628716544871,0.0470342534710595,0.91927133511606,0.643907398376976,0.999874785438271
122.17,0.3,421.908738623609,0.046834688621915,0.916030825275997,0.643124145615381,1
122.18,0.3,421.187282683462,0.0469582606274529,0.918221233986873,0.644436492239722,0.999162076852103
122.19,0.3,420.464430435838,0.0523839217810874,0.920025963501779,0.643268193920783,1
122.2,0.3,419.740264308022,0.050490196335363,0.915657150267683,0.646879898467211,1
122.21,0.3,419.014867402533,0.0502256543267277,0.91664196683105,0.641846175776912,0.999249671932358
122.22,0.3,418.288323456414,0.0503408284693978,0.916910696016317,0.64423007420312,1
122.23,0.3,417.560716800466,0.05146983176181,0.919015213417424,0.648111910639765,0.997981773844451
122.24,0.3,416.832132318468,0.0496004122346393,0.918579552622814,0.64441459991002,1
122.25,0.3,416.102655406383,0.0500587647589346,0.916391650722809,0.645431776913357,1
122.26,0.3,415.372371931596,0.0533014766160689,0.915469661978897,0.646082573955845,1
122.27,0.3,414.641368192186,0.0549162634653518,0.918664028243042,0.646453887150735,1
122.28,0.3,413.909730876278,0.0544270344412883,0.919464794233183,0.647411636619876,1
122.29,0.3,413.177547021479,0.0516251173255434,0.91986205555717,0.647526694071146,0.999244473312962
122.3,0.3,412.444903974425,0.0517286150859113,0.918690637665267,0.646431839372376,1
122.31,0.3,411.711889350466,0.0517339263179303,0.921489618897902,0.64892556380403,1
122.32,0.3,410.978590993506,0.0531183003422744,0.918690474137746,0.644652749645989,0.996435580424989
122.33,0.3,410.245096936017,0.0538801241890583,0.91958571588611,0.648893765424618,1
122.34,0.3,409.511495359258,0.0540907957640802,0.921512461593132,0.649143182095015,0.99982229262969
122.35,0.3,408.7778745537,0.0533510897587852,0.918954280296094,0.648696455161499,1
122.36,0.3,408.044322879698,0.052002217080292,0.920225083875934,0.647478021271067,1
122.37,0.3,407.310928728415,0.055321040229866,0.917638093301879,0.64964063408298,0.99853056040521
122.38,0.3,406.577780483028,0.0544768499836778,0.919428426881579,0.647065650620784,1
122.39,0.3,405.844966480215,0.057571745214047,0.921026551737916,0.645026513941026,1
122.4,0.3,405.112574971968,0.057150091753303,0.91921275311717,0.646168422975393,0.998719161691458
122.41,0.3,404.380694087726,0.058323175107755,0.917921648732676,0.645367036247814,0.998589068632277
122.42,0.3,403.649411796856,0.0559365932355435,0.91884192410035,0.646978245918274,1
122.43,0.3,402.918815871498,0.0600777574387315,0.918416980658941,0.648668175834453,1
122.44,0.3,402.188993849788,0.0575851532226763,0.919022316301668,0.649832729468128,1
122.45,0.3,401.460032999474,0.0565093763523717,0.918380700031205,0.648470771354915,1
122.46,0.3,400.732020281937,0.0587465952632907,0.917178616340858,0.650021420358619,0.999093457599315
122.47,0.3,400.005042316642,0.06139534012023,0.918196430913826,0.649156400458285,1
122.48,0.3,399.279185346019,0.0615556780719936,0.916781184814136,0.647406558183779,0.999364421551743
122.49,0.3,398.554535200792,0.0588466839774951,0.919041664731992,0.650086156353673,1
122.5,0.3,397.83117726578,0.0598959274276117,0.918107731124915,0.64976214258319,0.997964283304417
122.51,0.3,397.10919644616,0.0614507003390455,0.918570707861462,0.64942989007868,1
122.52,0.3,396.388677134221,0.0650407580456282,0.916181332294147,0.650825592266246,0.998265602751331
122.53,0.3,395.669703176617,0.0621253699161173,0.919265736112456,0.651522540619275,0.999624865005821
122.54,0.3,394.952357842126,0.0581965478637712,0.918820849693788,0.650656763140165,0.998306524502394
122.55,0.3,394.236723789916,0.0615076820651973,0.918461101816621,0.648948015342635,1
122.56,0.3,393.522883038357,0.0617871870918784,0.915714210610302,0.651426250858846,0.997783875027537
122.57,0.3,392.810916934348,0.0626818825303178,0.91746464229682,0.651077640863239,0.998785064199967
122.58,0.3,392.100906123196,0.0615063846857092,0.917629020218002,0.649765568055849,0.999887190211814
122.59,0.3,391.392930519049,0.0627056625044775,0.92145020420839,0.651822445246313,1
122.6,0.3,390.687069275885,0.0625875205673394,0.919258988085327,0.649717375106989,0.998027360590537
122.61,0.3,389.983400759054,0.0645808666781588,0.916220379736972,0.65307986618445,1
122.62,0.3,389.282002517415,0.0637365964083142,0.917180690164672,0.652880440276628,1
122.63,0.3,388.582951256024,0.0644369256010278,0.921294973123516,0.654395364146711,1
122.64,0.3,387.88632280942,0.0657301340497345,0.917497269476042,0.651605605267083,0.998031678207527
122.65,0.3,387.192192115492,0.0665726377518897,0.918527096842922,0.651674740149665,0.998889733772588
122.66,0.3,386.500633189934,0.0663142994193326,0.915190530848711,0.651248063250728,0.998274151773163
122.67,0.3,385.811719101298,0.0661628951365884,0.916667308417555,0.65152553974692,1
122.68,0.3,385.125521946644,0.0641623621175816,0.916691133056286,0.652960831117825,0.999151039194151
122.69,0.3,384.442112827782,0.0666014410939949,0.917600372085552,0.651813639736654,1
122.7,0.3,383.761561828128,0.0662353383139024,0.919054716039861,0.652731772342698,0.995906588772462
122.71,0.3,383.083937990155,0.0645924179743449,0.918914467175039,0.65092777011306,1
122.72,0.3,382.409309293449,0.0667539834868481,0.917970106262234,0.6536483352107,1
122.73,0.3,381.737742633379,0.0662507452732565,0.919097275249318,0.655135136817845,0.999623018664774
122.74,0.3,381.069303800364,0.0681137559407206,0.917290636588094,0.652147739302053,1
122.75,0.3,380.404057459754,0.0679747375085198,0.919321729440443,0.654751577427812,0.999807150980823
122.76,0.3,379.742067132311,0.069631047972887,0.917647413507643,0.652131842017576,1
122.77,0.3,379.0833951753,0.0686174457639625,0.918436606886654,0.653511435809882,1
122.78,0.3,378.428102764187,0.0701407752208225,0.919808002712108,0.652709560847336,0.999425969610271
122.79,0.3,377.776249874933,0.0684935520550454,0.917877964668536,0.653963967235762,0.999804309032335
122.8,0.3,377.127895266896,0.0687397723016598,0.917765833813037,0.653057191359868,0.99946471352633
122.81,0.3,376.483096466333,0.0733659820475319,0.916732750552461,0.657736961466605,1
122.82,0.3,375.841909750492,0.068321372850859,0.917717869580898,0.654306090242927,1
122.83,0.3,375.204390132307,0.0700753281708982,0.916734440751145,0.654472314961587,0.998964422793856
122.84,0.3,374.570591345682,0.0737471921980665,0.91807546429583,0.655926000740995,1
122.85,0.3,373.940565831364,0.0725642225109055,0.919037937714239,0.653902932745064,1
122.86,0.3,373.314364723396,0.0697861464132322,0.916892640459084,0.65739922910227,1
122.87,0.3,372.692037836164,0.0731591643782147,0.919035706314761,0.654897687425168,1
122.88,0.3,372.073633652008,0.0707491472674074,0.918529170039195,0.658314118731265,1
122.89,0.3,371.459199309411,0.0740111708071697,0.915477130640622,0.656538035396577,1
122.9,0.3,370.84878059177,0.0731444144578736,0.918330667738366,0.65602446395081,1
122.91,0.3,370.242421916704,0.07553696512247,0.91598881392585,0.656227654496125,1
122.92,0.3,369.640166325954,0.07257569800698,0.918980266800204,0.654789354877051,0.998036015029542
122.93,0.3,369.04205547581,0.0754160507665365,0.91951479990253,0.654948423405982,1
122.94,0.3,368.448129628112,0.0734421924994378,0.917312888809509,0.653811909157137,1
122.95,0.3,367.858427641774,0.0770732056194376,0.91833592341261,0.657564947264964,1
122.96,0.3,367.272986964868,0.0748665622781874,0.914684473831982,0.656351093525095,0.997061820093234
122.97,0.3,366.691843627227,0.0768470924282441,0.914725121708971,0.657683881363107,0.998390507056151
122.98,0.3,366.115032233588,0.077426765463375,0.919600955969255,0.658338297218392,1
122.99,0.3,365.542585957245,0.0768588313943914,0.918816730367965,0.657979471577061,0.998956519068926
123,0.3,364.974536534239,0.0779182103737851,0.915806861116479,0.659528206114579,1
123.01,0.3,364.410914258041,0.0769397069569887,0.918998157537079,0.66017023239492,1
123.02,0.3,363.851747974749,0.0768029709705816,0.915343815981078,0.65447528527755,1
123.03,0.3,363.297065078794,0.0765685283938616,0.916218553787256,0.657506781084622,1
123.04,0.3,362.746891509124,0.0801439486369031,0.91791865464808,0.657102526913455,0.999231311839265
123.05,0.3,362.20125174589,0.0773800465957053,0.913496939963217,0.656959977855146,1
123.06,0.3,361.660168807609,0.0802406133680793,0.916553047939877,0.658202318422323,0.998613960561633
123.07,0.3,361.123664248807,0.078262660019108,0.916051113460039,0.658424956736169,1
123.08,0.3,360.591758158129,0.0773122145929878,0.918357581212541,0.657046634460664,1
123.09,0.3,360.064469156923,0.0803222509629246,0.916319002937977,0.655703662056528,0.99879162465747
123.1,0.3,359.541814398275,0.0766183587634777,0.91464084701123,0.656019741609776,0.999858547438521
123.11,0.3,359.023809566501,0.0800213751445461,0.91835280001182,0.658764079221381,1
123.12,0.3,358.510468877093,0.0805425045240001,0.916945105297002,0.655913864933969,1
123.13,0.3,358.001805077096,0.0794305003805699,0.914825530123886,0.658117294021648,1
123.14,0.3,357.497829445935,0.0806249644979155,0.916000171241582,0.658440616478,0.999979533850907
123.15,0.3,356.998551796668,0.0780805806112644,0.914519496979275,0.661168083613893,1
123.16,0.3,356.503980477664,0.0804913657941782,0.91643982020191,0.656525027825096,0.9974899794599
123.17,0.3,356.014122374699,0.0810702408001434,0.913631909461108,0.655644425351576,1
123.18,0.3,355.528982913485,0.0803030279308166,0.916935866807398,0.659079536611266,1
123.19,0.3,355.048566062585,0.0821231412642805,0.914910477194095,0.656682927259591,1
123.2,0.3,354.572874336753,0.0840287056095791,0.915162404860901,0.660577770153069,0.998696347859528
123.21,0.3,354.101908800667,0.0809917417979417,0.915677114589569,0.657997728100726,0.998308002057659
123.22,0.3,353.635669073058,0.0800174741902451,0.914704142639555,0.660045969704375,0.999406116523434
123.23,0.3,353.174153331231,0.0844257018671906,0.915030497403178,0.65763825085762,0.998115807044232
123.24,0.3,352.717358315977,0.0815623380176414,0.916529820820703,0.658397461961702,0.997006332461193
123.25,0.3,352.265279336859,0.0821808920816923,0.915847598956544,0.657868663911623,0.998228582508056
123.26,0.3,351.817910277883,0.0809025510518857,0.91337032146531,0.659457345046439,0.999912100751761
123.27,0.3,351.375243603543,0.0857663643565317,0.913316264210978,0.656467889264319,1
123.28,0.3,350.937270365228,0.0845620772622051,0.912681358763465,0.655645127628905,1
123.29,0.3,350.503980208006,0.0820761061481074,0.914724315120092,0.657645109006962,0.999296381433729
123.3,0.3,350.07536137776,0.0837372138741743,0.915344586206522,0.659663865756423,1
123.31,0.3,349.651400728692,0.0826329790399493,0.913985824776427,0.659117219924636,0.999770292416203
123.32,0.3,349.232083731169,0.0860389600022366,0.914840308870124,0.658474078052181,1
123.33,0.3,348.817394479935,0.0851117852700448,0.913574093205239,0.659148858189971,1
123.34,0.3,348.407315702665,0.0847644264506668,0.912936632436452,0.655096754946132,1
123.35,0.3,348.001828768857,0.0874059058313604,0.914134261111954,0.659294419877349,0.998685022913384
123.36,0.3,347.600913699081,0.0849594636648503,0.912886032836781,0.657741633955832,0.997304291282628
123.37,0.3,347.204549174553,0.0865247324329425,0.911534747937401,0.656940782471548,0.998718067655419
123.38,0.3,346.812712547053,0.0863464178471809,0.913154804245919,0.659324720034133,1
123.39,0.3,346.42537984918,0.0870518970742611,0.91117741464042,0.660179101388328,0.999466305491862
123.4,0.3,346.042525804927,0.0881647711011511,0.911910651334891,0.659090859598989,1
123.41,0.3,345.664123840597,0.0876171293796612,0.909069979951951,0.657551486976625,1
123.42,0.3,345.290146096036,0.0880902426460284,0.911418161797766,0.657681975276007,1
123.43,0.3,344.9205634362,0.0878729670040068,0.911106008887004,0.659718796575266,1
123.44,0.3,344.555345463038,0.0871856897044743,0.909649211128677,0.65705113229327,0.998570708674902
123.45,0.3,344.194460527697,0.0874264178567248,0.91132944850852,0.658191411836426,1
123.46,0.3,343.837875743042,0.087988872584737,0.910487608692912,0.659021561215814,1
123.47,0.3,343.485556996505,0.0896752861485968,0.911146789643936,0.658008605592194,0.999761031305996
123.48,0.3,343.137468963234,0.0865619328857541,0.910907702662008,0.657544430332544,0.999527978818932
123.49,0.3,342.793575119569,0.0880974323208201,0.911865304340863,0.658941957465534,1
123.5,0.3,342.453837756814,0.0877722637727278,0.910549147606718,0.654773627383218,1
123.51,0.3,342.118217995342,0.0889449649903539,0.907124418876423,0.658198468418599,1
123.52,0.3,341.786675798989,0.0890082650409449,0.910794459642836,0.658444865813739,0.998482024452665
123.53,0.3,341.459169989763,0.0871890723655784,0.909452230988232,0.659840630365905,0.999105713977832
123.54,0.3,341.135658262865,0.0856931577499014,0.909091210388148,0.658603416975728,0.998508219480242
123.55,0.3,340.816097202008,0.0901763098124426,0.909390123833083,0.657210167599368,1
123.56,0.3,340.50044229504,0.0872440730549172,0.910227033406948,0.659080648849885,0.998044141072768
123.57,0.3,340.188647949878,0.0890618696739638,0.907219035774237,0.659654288345603,0.999920840910337
123.58,0.3,339.880667510734,0.0908152732503688,0.910929201131487,0.654100272684487,0.997703843338897
123.59,0.3,339.576453274646,0.0888667518684923,0.909459616815157,0.656739558775213,0.998330008596888
123.6,0.3,339.275956508313,0.088785329608911,0.909887258254741,0.658801363173032,1
123.61,0.3,338.979127465213,0.0920084108277671,0.90817995259734,0.653255223795658,0.998025747456784
123.62,0.3,338.685915403038,0.0916970023653183,0.906548185078018,0.655444363404825,1
123.63,0.3,338.396268601407,0.0902014094265543,0.907063499878613,0.654253184407588,0.999082067305499
123.64,0.3,338.110134379886,0.0908913297787789,0.90869634438383,0.65487845311894,1
123.65,0.3,337.827459116295,0.0926077495017495,0.908463073279164,0.65696599226912,0.998743853467126
123.66,0.3,337.548188265302,0.0901275754893598,0.906037762786259,0.656451818412716,1
123.67,0.3,337.272266377319,0.0910696053945683,0.907860224971173,0.657737220075628,0.998998548081036
123.68,0.3,336.999637117678,0.090047538424975,0.904500422224021,0.654647429988164,1
123.69,0.3,336.730243286097,0.0948130707294274,0.906975236531772,0.654547576336221,1
123.7,0.3,336.464026836427,0.0878986259572016,0.908485243333991,0.655050452652934,0.998977087920143
123.71,0.3,336.200928896693,0.0887436043332386,0.905742288060604,0.655100531358455,1
123.72,0.3,335.940889789404,0.091424855616242,0.90624304067534,0.655563614742866,1
123.73,0.3,335.683849052153,0.0924719759768525,0.908155951699749,0.657796101246137,0.999635143860745
123.74,0.3,335.429745458485,0.0957523971310976,0.907830555932718,0.654653499507219,0.996997461848614
123.75,0.3,335.178517039054,0.0929940628017474,0.907375789317887,0.656124790832402,0.999134916784946
123.76,0.3,334.930101103037,0.0923877969834404,0.903579767117646,0.655653539383912,1
123.77,0.3,334.684434259828,0.0961804032769156,0.907428532034705,0.654947755333126,0.997761775426833
123.78,0.3,334.441452441003,0.0905618042594139,0.906032527245146,0.656540545003473,1
123.79,0.3,334.201090922536,0.0918970290995678,0.905519238863484,0.6547227774156,1
123.8,0.3,333.963284347289,0.0957117974942639,0.903862268206913,0.656777066535412,1
123.81,0.3,333.727966747763,0.0917129680552742,0.907194413836677,0.652596643027639,1
123.82,0.3,333.495071569086,0.0931258753140348,0.905677664229915,0.654822043365857,1
123.83,0.3,333.264531692273,0.0956154216128214,0.90357290421716,0.653303261648928,0.99952475962084
123.84,0.3,333.036279457722,0.0952183274452505,0.902597358750048,0.652836911678183,1
123.85,0.3,332.810246688958,0.0954198577162921,0.901412061644487,0.653118024454159,0.999497561069004
123.86,0.3,332.586364716614,0.0927761909477237,0.902671039635535,0.655814576359764,1
123.87,0.3,332.364564402645,0.0922429090326167,0.902857212404697,0.654479190728493,1
123.88,0.3,332.144776164781,0.0924806605433076,0.902297925345304,0.653093205849259,0.998453315897433
123.89,0.3,331.926930001193,0.0933544254632284,0.89954279166274,0.655378603085154,1
123.9,0.3,331.71095551539,0.0932195942030953,0.903235956519812,0.653995539387637,0.999294238923396
123.91,0.3,331.496781941323,0.0948895265095274,0.900544408994278,0.652781542208757,0.999538613545411
123.92,0.3,331.284338168699,0.0954606326727967,0.901948267554039,0.652950855268257,1
123.93,0.3,331.073552768506,0.0921568282794696,0.901156792103256,0.651718685889509,1
123.94,0.3,330.864354018718,0.0950184654875818,0.902174322539712,0.652784289739712,1
123.95,0.3,330.656669930211,0.0951718171237846,0.904828724993334,0.653655187380025,0.998526948124489
123.96,0.3,330.450428272843,0.096965337875956,0.900517099669791,0.651304559282186,0.999132586118669
123.97,0.3,330.245556601727,0.0956266032976153,0.902989809172984,0.652048543022178,0.999356891131082
123.98,0.3,330.041982283656,0.0974791909648341,0.899958014632433,0.65198929487605,1
123.99,0.3,329.839632523711,0.0935563933881762,0.903404299243342,0.650773088362351,1
124,0.3,329.638434392,0.0969884577426272,0.900621696270096,0.651435215314539,0.998688968888899
124.01,0.3,329.438314850558,0.0968644019189405,0.900591524746733,0.652781622013217,1
124.02,0.3,329.239200780382,0.0961140564712028,0.901174450013319,0.649242244266165,0.999493136800765
124.03,0.3,329.041019008587,0.0957730802517775,0.898088853778558,0.652597133526297,0.999115842263401
124.04,0.3,328.84369633569,0.0945351163917571,0.901578415756158,0.650704277680861,0.999605425018398
124.05,0.3,328.647159563001,0.0975168890036177,0.898702201305925,0.650190921699639,1
124.06,0.3,328.451335520114,0.0979067090796875,0.897294014950957,0.653616690200225,1
124.07,0.3,328.256151092489,0.0980497012364545,0.897126555631761,0.649882909954891,0.999557486128549
124.08,0.3,328.061533249118,0.0984329212768975,0.897746056670396,0.649139528374163,1
124.09,0.3,327.86740907026,0.0982226737814717,0.89848701842018,0.649786245080064,1
124.1,0.3,327.673705775232,0.0967085498430002,0.899354645187923,0.649511662649088,0.998616872829124
124.11,0.3,327.480350750255,0.0975115203398172,0.897540656716639,0.650075154370131,1
124.12,0.3,327.287271576335,0.0994806317285505,0.899002192048306,0.64807243356287,1
124.13,0.3,327.094396057174,0.0978520406956709,0.898625329930774,0.648622310454136,0.99824470459749
124.14,0.3,326.90165224709,0.0973659076075198,0.896904742251163,0.647773352193513,1
124.15,0.3,326.708968478942,0.0972885303817856,0.900791521152201,0.649377909320843,0.999073282478779
124.16,0.3,326.516273392052,0.0976952487501161,0.898067574087291,0.647238132779544,1
124.17,0.3,326.323495960101,0.0972151434113063,0.895341553349814,0.647274524851052,1
124.18,0.3,326.130565518985,0.0990318985934942,0.895773743163836,0.649427360654707,1
124.19,0.3,325.937411794638,0.098082535154267,0.896213301006427,0.652459549925868,1
124.2,0.3,325.743964930784,0.0981437320405123,0.895435410814808,0.646587045788884,0.999851507691076
124.21,0.3,325.550155516618,0.0961242340000549,0.895982620321254,0.6499038056011,0.999170777633582
124.22,0.3,325.35591461441,0.0951498229784947,0.894833163910864,0.648265857895879,0.997195447185832
124.23,0.3,325.161173786993,0.0993432827904383,0.895527657223744,0.649373927717256,1
124.24,0.3,324.965865125152,0.097678094845324,0.897073378011301,0.648045527649294,0.99757306194799
124.25,0.3,324.76992127488,0.100338195451637,0.896464859730406,0.64856297436289,0.998570110596368
124.26,0.3,324.573275464489,0.0987212934791396,0.894969711374338,0.64534776089676,0.999044388165952
124.27,0.3,324.375861531572,0.0998540041492698,0.894536067511577,0.649480661505001,1
124.28,0.3,324.177613949789,0.100443050239002,0.893849748001934,0.643492876749442,1
124.29,0.3,323.978467855477,0.097478407239381,0.891141724134219,0.645172754472707,1
124.3,0.3,323.778359074048,0.0997114513190941,0.893221972186034,0.647897172728968,0.999049403421848
124.31,0.3,323.577224146187,0.0998320979655014,0.891890710476687,0.644700019543297,0.998611406647367
124.32,0.3,323.375000353816,0.0997804373121381,0.891307609404204,0.645350556972841,0.998306068472671
124.33,0.3,323.171625745813,0.0993702194395309,0.893636872337345,0.647810181774727,0.997203230815641
124.34,0.3,322.967039163474,0.0992778506495327,0.894227160159945,0.646680712794634,1
124.35,0.3,322.761180265712,0.0999924530454353,0.889401225632272,0.643552364460332,0.999148006915796
124.36,0.3,322.55398955395,0.0990103969079486,0.892874057141329,0.648852603859668,1
124.37,0.3,322.345408396733,0.100918150827064,0.893471034130333,0.647092353162362,1
124.38,0.3,322.135379054005,0.09886746048122,0.89154976411769,0.642814755097486,0.999870575508838
124.39,0.3,321.923844701072,0.101613597325324,0.892649881849303,0.645383433054425,0.999716067209468
124.4,0.3,321.710749452196,0.0992123111970832,0.889448811641284,0.643431772048464,0.998803387815073
124.41,0.3,321.496038383854,0.101427039598711,0.892489897159805,0.643099662727299,1
124.42,0.3,321.279657557598,0.0987523540772414,0.889271258499043,0.644731507418198,0.999998349729543
124.43,0.3,321.061554042541,0.0990859099952271,0.891366918685041,0.645741334849369,1
124.44,0.3,320.841675937431,0.10127649461907,0.888823544526619,0.645045443363951,0.999919215247088
124.45,0.3,320.619972392305,0.102280596342462,0.887304762980758,0.644599329564163,0.999099151009008
124.46,0.3,320.396393629718,0.102785453221379,0.890927395625762,0.644750677409654,1
124.47,0.3,320.17089096551,0.103384858604906,0.88952127481923,0.643289222941059,1
124.48,0.3,319.943416829133,0.103685412495504,0.889478597746212,0.643646437815453,0.998817115211108
124.49,0.3,319.713924783485,0.101114593312817,0.887813524130186,0.643478898648575,1
124.5,0.3,319.482369544262,0.102576742200899,0.890862809104619,0.643726534053939,1
124.51,0.3,319.248706998818,0.10122344200415,0.889375150547811,0.644594044857238,1
124.52,0.3,319.012894224494,0.10208338043849,0.886638974562396,0.642351301571295,0.999946540069402
124.53,0.3,318.774889506438,0.0988631966680944,0.886706078531425,0.643339776295457,0.998718235077683
124.54,0.3,318.534652354869,0.10441193010264,0.887834954642356,0.646185172011432,0.999004077283077
124.55,0.3,318.292143521802,0.103604689533265,0.885550409589579,0.644725358826585,0.998210474631768
124.56,0.3,318.047325017208,0.101430961447817,0.887518343135155,0.641148511446814,0.99933989609907
124.57,0.3,317.800160124594,0.103180703529275,0.886533094794188,0.64338624030114,0.999291186634146
124.58,0.3,317.550613416,0.102304001781618,0.885387913703389,0.643743363493925,0.99872396403829
124.59,0.3,317.298650766399,0.103982997265378,0.887462657711304,0.641285666901584,1
124.6,0.3,317.044239367492,0.102808978037509,0.88673792623788,0.643138090833727,0.999257043445504
124.61,0.3,316.787347740882,0.101607231904852,0.883285886201635,0.642876540630743,0.998791206837795
124.62,0.3,316.527945750621,0.105924533367064,0.886346373169001,0.642810756762654,1
124.63,0.3,316.266004615121,0.101077275326584,0.886256756225794,0.642046719698753,0.999105394914564
124.64,0.3,316.001496918426,0.10538611567346,0.883854318602017,0.641959971017468,1
124.65,0.3,315.734396620815,0.10428212617881,0.886904569234861,0.641179484328245,1
124.66,0.3,315.464679068758,0.103558584912649,0.884353942915611,0.641729901061975,1
124.67,0.3,315.192321004192,0.105096078378817,0.884535390921762,0.642366792454685,1
124.68,0.3,314.917300573127,0.103770019391399,0.883645474089447,0.64018558306431,1
124.69,0.3,314.639597333562,0.105748192533398,0.88321436768153,0.640581246414583,0.998729742580201
124.7,0.3,314.359192262715,0.105082686263265,0.881661465380095,0.639156347234441,1
124.71,0.3,314.076067763558,0.105413392080415,0.88249107176145,0.644271703560026,1
124.72,0.3,313.790207670647,0.105471497460466,0.883924360157691,0.641901926146278,1
124.73,0.3,313.501597255248,0.103732428437859,0.879580160209442,0.641811558062751,1
124.74,0.3,313.210223229757,0.10193908252086,0.880844320426643,0.640389013526569,1
124.75,0.3,312.916073751397,0.106556435224021,0.880134921419763,0.64129535534192,1
124.76,0.3,312.619138425209,0.105460859182946,0.880813318010659,0.638493460679171,1
124.77,0.3,312.319408306312,0.105287894645927,0.880555753592904,0.640682978133933,0.99956391231628
124.78,0.3,312.016875901455,0.10305810361288,0.881622442913191,0.640465890836331,1
124.79,0.3,311.711535169829,0.10889485379261,0.881047060284245,0.640488680593385,1
124.8,0.3,311.403381523168,0.108814485575736,0.880123988405456,0.641640890428228,0.997103034550831
124.81,0.3,311.092411825121,0.10666024486565,0.881038821532526,0.639362134040698,0.998711650309091
124.82,0.3,310.778624389892,0.108171652139015,0.880048024738375,0.640309312374922,1
124.83,0.3,310.462018980171,0.106516190710046,0.88142606815074,0.642672151069221,1
124.84,0.3,310.142596804322,0.106797604087576,0.878483500753795,0.642144796270341,0.998045115958602
124.85,0.3,309.820360512865,0.104921419914487,0.879312424413582,0.639311802590265,0.99760335299147
124.86,0.3,309.495314194235,0.108217153697045,0.880976143770234,0.643267865827541,0.999041958850835
124.87,0.3,309.167463369817,0.108798645118084,0.87721372822483,0.641609162784805,1
124.88,0.3,308.836814988278,0.10620913947114,0.876337152915265,0.644026825185907,0.99910022951237
124.89,0.3,308.50337741918,0.107718637933037,0.877138377475716,0.640899306614155,1
124.9,0.3,308.167160445897,0.109599675752899,0.878048018309821,0.643058829058837,0.998693721740117
124.91,0.3,307.828175257823,0.107544758628421,0.877595195167454,0.640714383341802,0.999224097640776
124.92,0.3,307.486434441894,0.110247872194545,0.875926327679703,0.643230388618225,1
124.93,0.3,307.141951973414,0.110251953254104,0.876349159539971,0.639409708442336,0.999318139104663
124.94,0.3,306.794743206199,0.109705455742727,0.875289328540733,0.641901513534591,1
124.95,0.3,306.444824862057,0.10918891325659,0.876488993217454,0.64017160819126,0.998767433851971
124.96,0.3,306.092215019582,0.108740731747207,0.877240728077665,0.640930549850261,1
124.97,0.3,305.736933102304,0.11108928180816,0.875490649117423,0.64228507541087,0.996867061526063
124.98,0.3,305.378999866181,0.109715763199775,0.875401956960743,0.64562297381592,1
124.99,0.3,305.018437386447,0.113701186212706,0.873911757739035,0.640156945440042,0.997009069318995
125,0,304.655269043837,0.111772274339136,0.877544818306475,0.642182262766003,1
125.01,0,304.289519510175,0.112621782416731,0.875534971609599,0.64168008231526,1
125.02,0,303.92121473336,0.110937265484483,0.874391913344276,0.64256567345268,0.998758649005839
125.03,0,303.550381921752,0.111770119566182,0.873565216172416,0.641550403359601,0.999390639380812
125.04,0,303.177049527956,0.111481029124178,0.876200834283643,0.641387655408045,1
125.05,0,302.80124723204,0.113447015567136,0.873119775698239,0.644440166039625,0.999644093774595
125.06,0,302.423005924179,0.110968067935176,0.872349807553406,0.640311556843668,1
125.07,0,302.042357686748,0.113613378100859,0.870923116116858,0.644972860881725,1
125.08,0,301.659335775874,0.113595797086757,0.873551006108655,0.64216715448303,0.999142997746056
125.09,0,301.273974602456,0.112548666287856,0.874153232667397,0.641662830769903,0.999592624920735
125.1,0,300.886309712674,0.11449594829506,0.871441744554172,0.642479403923127,1
125.11,0,300.496377767997,0.115976212337517,0.872148867366438,0.642445341084801,1
125.12,0,300.104216524704,0.111417065913621,0.871138465803241,0.643486014603144,1
125.13,0,299.709864812933,0.112981768445686,0.871261559859969,0.644093548176988,0.998845232957133
125.14,0,299.313362515268,0.114502414893595,0.871510236854366,0.64300064425666,0.999996185750208
125.15,0,298.914750544894,0.116294215604907,0.867916977442748,0.642387334810531,1
125.16,0,298.514070823312,0.112676924530518,0.869648542005786,0.643288524224518,1
125.17,0,298.111366257657,0.114889139795052,0.870495300032891,0.644328900269888,0.99860935384961
125.18,0,297.706680717604,0.11341642333059,0.871224542343771,0.643767128317324,0.999233690764037
125.19,0,297.300059011906,0.117879923038507,0.87092561467191,0.643259012437487,0.999855717842444
125.2,0,296.891546864567,0.115661926454597,0.866772389365451,0.643822413005753,0.997710650416987
125.21,0,296.481190890657,0.114980961835187,0.86925352255297,0.640923951619793,0.997311417207072
125.22,0,296.069038571808,0.115456484282111,0.868555353841427,0.642109851043864,1
125.23,0,295.655138231392,0.117535661497968,0.870954042931743,0.643820110981029,1
125.24,0,295.239539009393,0.118274659939094,0.866711279590215,0.644236514701891,1
125.25,0,294.822290837011,0.117796204268425,0.867811404156705,0.643490830950317,0.9980215451456
125.26,0,294.403444410989,0.117708563641605,0.867627824241639,0.642381052507684,1
125.27,0,293.983051167698,0.118207826407655,0.868093665452823,0.641540650158159,0.999395339960684
125.28,0,293.561163256995,0.11705954376217,0.868124823102583,0.644913689009806,0.999530545041818
125.29,0,293.137833515854,0.115579638915093,0.866260443503135,0.646223818254018,0.999569470293997
125.3,0,292.713115441822,0.1149821669584,0.867499052962674,0.643435503695231,1
125.31,0,292.287063166268,0.117909052590976,0.866959699167501,0.640988631333312,0.999432882256323
125.32,0,291.859731427492,0.11776637181329,0.865743243707411,0.644630160825299,1
125.33,0,291.431175543676,0.121509296945238,0.862911738941539,0.643909080002683,1
125.34,0,291.001451385707,0.11653992292068,0.865894124481674,0.644963833183685,1
125.35,0,290.570615349891,0.119331793830242,0.863396882192164,0.64567656231219,0.998206860288702
125.36,0,290.138724330563,0.120053389144038,0.866020440413889,0.644805106631108,1
125.37,0,289.705835692632,0.12037761136523,0.865241406028857,0.644593283529756,0.997946560502319
125.38,0,289.272007244046,0.117059482304335,0.862895312859609,0.646938909481619,1
125.39,0,288.837297208222,0.119565634768698,0.867353242339578,0.643124722794798,1
125.4,0,288.401764196442,0.121298260813794,0.866041534816542,0.646955063862678,1
125.41,0,287.965467180231,0.122390371020431,0.861912716358938,0.645431478343604,1
125.42,0,287.528465463741,0.122071899778743,0.862733457537871,0.645476073658402,0.999997229095498
125.43,0,287.090818656151,0.119315001068503,0.859764979187463,0.648135743677504,0.999037946611506
125.44,0,286.652586644096,0.120255023500889,0.863853984255827,0.644681134680939,0.999444411665476
125.45,0,286.213829564144,0.121193388631046,0.864604973588235,0.64626683193562,1
125.46,0,285.774607775342,0.121824557271736,0.862053186807682,0.6459857757777,1
125.47,0,285.334981831826,0.124593385549439,0.863282356738335,0.649229219397346,1
125.48,0,284.895012455535,0.124941140821769,0.861362003784109,0.645880188391669,1
125.49,0,284.454760509025,0.122076741939451,0.8614050131147,0.646227730420582,0.999888755547627
125.5,0,284.014286968403,0.124035481079982,0.860244669588954,0.64837522677942,1
125.51,0,283.57365289639,0.126234994122776,0.859721821315984,0.649906774527925,1
125.52,0,283.132919415544,0.128561464238356,0.862158745305827,0.648385610837787,1
125.53,0,282.692147681624,0.126618177499884,0.861878088502644,0.649143792447938,1
125.54,0,282.251398857144,0.125134650374033,0.861817176387438,0.647253240281388,1
125.55,0,281.854622739029,0.127272147496247,0.862047472473797,0.646909059030487,1
125.56,0,281.690105788101,0.123808016333298,0.858967799159384,0.649829056354083,0.999841722236451
125.57,0,281.530938386792,0.121414698910078,0.862001261786864,0.64835033781017,0.997879535953113
125.58,0,281.369530562357,0.127409853900197,0.859471874138196,0.648506751916647,0.999511700275711
125.59,0,281.253400017647,0.124236759096012,0.859461837399715,0.64877095707956,0.998906802976545
125.6,0,281.166754140588,0.127129123124593,0.858253685471846,0.649220714707132,1
125.61,0,281.077624196895,0.126620799633239,0.85842200153632,0.647554958661166,1
125.62,0,281.020343550317,0.128764150229939,0.858281420372684,0.650675958673483,0.997092215610532
125.63,0,281.020343550317,0.124721805144663,0.857627661934393,0.649398667449885,1
125.64,0,281.020343550317,0.127898486258782,0.860887840908703,0.647235113164138,1
125.65,0,281.020343550317,0.124832575850378,0.856638361474765,0.651605713487074,0.999670941543969
125.66,0,281.020343550317,0.124434196107278,0.857602513266726,0.650915069592946,1
125.67,0,281.020343550317,0.126438660260731,0.857270933346726,0.651540512078254,1
125.68,0,281.020343550317,0.127789970453727,0.853908523564584,0.649669896987445,1
125.69,0,281.020343550317,0.126117767710341,0.855229776386116,0.651396915779604,0.999691826265678
125.7,0,281.020343550317,0.123243636048625,0.858127484056594,0.651980093341225,0.998092744194329
125.71,0,281.020343550317,0.12720707132465,0.8552128126732,0.650960530105531,0.998889739493417
125.72,0,281.020343550317,0.12657528757826,0.858413200984668,0.652074594773713,0.997861476508068
125.73,0,281.020343550317,0.123773903810756,0.856714462972786,0.650480187899315,1
125.74,0,281.020343550317,0.125670114467925,0.855195929472594,0.654265162058214,0.999212942883574
125.75,0,281.020343550317,0.12731449460343,0.856012635435492,0.651138548812759,0.999020595525741
125.76,0,281.020343550317,0.126121927360151,0.856125447965217,0.6518452591411,1
125.77,0,281.688726309226,0.125106070530515,0.857058187331759,0.652311982341485,1
125.78,0,281.976666661742,0.125943166807464,0.854476611575177,0.653068157110911,1
125.79,0,282.282588116555,0.126581879667629,0.854999107822695,0.653440976454653,0.998031023872551
125.8,0,282.590079291999,0.125769614734175,0.852536629604728,0.651770375444702,0.999717068690195
125.81,0,282.898605656812,0.12498567905398,0.852543109683435,0.651465637473407,0.998173372160423
125.82,0,283.208409579303,0.126729755675795,0.853726840004363,0.652505600300669,0.998860881120132
125.83,0,283.519534330938,0.124722748432767,0.856035179255088,0.652497115267706,0.999036795292752
125.84,0,283.832044416373,0.123478587108312,0.851950949331088,0.651363877447087,0.999390826303902
125.85,0,284.146002679332,0.121233304393165,0.851725884633873,0.654406344671736,1
125.86,0,284.461471922626,0.121685966559019,0.853222539550728,0.654585891449172,0.997660925445539
125.87,0,284.778514810476,0.12294962499864,0.848940538822219,0.654071219738573,0.99809457588534
125.88,0,285.09719384541,0.122825851104905,0.85402587787972,0.652410470558097,0.998850329305682
125.89,0,285.417571346067,0.122834897109742,0.851584043943009,0.652429812746158,1
125.9,0,285.739709424547,0.124313030849352,0.848867131816116,0.654004745982487,0.998365215987067
125.91,0,286.063669963946,0.123176739182285,0.850401489976454,0.653316297449154,0.999924905066354
125.92,0,286.38951459601,0.120349508648824,0.850131323294748,0.653006611054784,0.999510247728551
125.93,0,286.717304678924,0.122426102806153,0.84990238533269,0.654138946761886,0.999175142537433
125.94,0,287.047101275221,0.121369442259493,0.847232792750158,0.655476153706289,0.997414825114674
125.95,0,287.378965129846,0.122766101406302,0.850078816706121,0.653680660990137,0.997750697782385
125.96,0,287.712956648354,0.120510472736128,0.850412204734182,0.657450930005803,1
125.97,0,288.049135875257,0.120689728548266,0.849546537616927,0.653555191998311,1
125.98,0,288.387562472527,0.12078891533346,0.851454003752199,0.655525295547703,1
125.99,0,288.72829569826,0.120041782313627,0.851977352490459,0.655032710883942,0.998330416650105
126,0,289.07139438549,0.121923076758195,0.848271388678053,0.656047133925794,1
126.01,0,289.416916921181,0.120660162420434,0.850868429224908,0.65473526416814,1
126.02,0,289.764921225383,0.120550685703208,0.84860774176695,0.655845281445287,1
126.03,0,290.115464730557,0.121139935448351,0.84810966634076,0.658019591956664,0.998658364137043
126.04,0,290.468604361087,0.116819039947525,0.84893167750265,0.655849871223996,1
126.05,0,290.824396512962,0.119678740649275,0.848020109797262,0.655409953568873,1
126.06,0,291.182897033648,0.117575387453976,0.850378083714824,0.656116854941601,0.99778913976476
126.07,0,291.54416120214,0.11843474985376,0.848018692491837,0.654372394087644,1
126.08,0,291.908243709213,0.117802766623144,0.845334259632308,0.654083796034377,0.999157376883927
126.09,0,292.275198637855,0.116567551925392,0.845505690418467,0.656445429471679,0.998733765590188
126.1,0,292.645079443902,0.118965256954378,0.845607880131068,0.657901494243985,0.998935695364765
126.11,0,293.017938936868,0.117024166714142,0.845966594021738,0.656846095291102,0.999480646007348
126.12,0,293.393829260974,0.115616948429913,0.846916952115148,0.657423071613665,0.997830002680166
126.13,0,293.77280187639,0.116264064868888,0.848546930310523,0.658741859286715,1
126.14,0,294.154907540662,0.115685534061749,0.846617672524444,0.653911935022416,0.998338328842827
126.15,0,294.540196290366,0.116558229081938,0.848299965534082,0.655847215496852,1
126.16,0,294.928717422966,0.118213999517322,0.845976242959884,0.658217526959362,0.998547222885859
126.17,0,295.320519478878,0.113954418998798,0.846773890180833,0.65683596938027,0.997883449558782
126.18,0,295.715650223757,0.117262713024015,0.843988249910679,0.655243046855789,1
126.19,0,296.114156630995,0.114888735848861,0.844839929538955,0.659079330467136,1
126.2,0,296.516084864437,0.115765657557389,0.846632464259095,0.656095325806563,1
126.21,0,296.921480261324,0.115167844331461,0.841088787653465,0.653762925227301,1
126.22,0,297.33038731545,0.114336305394662,0.845669014738977,0.657281265911322,1
126.23,0,297.74284966055,0.112167606364008,0.844094076710742,0.658219459519748,0.99923999079113
126.24,0,298.158910053909,0.114382345367991,0.847013539327056,0.65905558348102,1
126.25,0,298.578610360209,0.11367092908007,0.841547669756861,0.656059290432515,1
126.26,0,299.001991535594,0.113101083658937,0.843044760985587,0.658581716484011,0.998614312752135
126.27,0,299.429093611978,0.113745298593152,0.844935466981625,0.658870189612342,1
126.28,0,299.859955681583,0.113439877077188,0.843317367309487,0.6576526949782,0.997168655148006
126.29,0,300.294615881711,0.114446816867774,0.839747039978219,0.658503954984404,1
126.3,0,300.733111379768,0.111533835704214,0.84139879909565,0.658215291912854,1
126.31,0,301.175478358507,0.114943156861734,0.842277739849922,0.659255840106177,1
126.32,0,301.621752001538,0.111242613995937,0.840007699884669,0.660198679079392,1
126.33,0,302.071966479066,0.112548555611561,0.845424463618726,0.658341079634712,0.999593473938061
126.34,0,302.526154933886,0.111648969993582,0.842719634254099,0.658320498785615,0.999127695180815
126.35,0,302.984349467621,0.112433478495064,0.842191770075096,0.659165090363005,1
126.36,0,303.446581127227,0.112740481631792,0.846996752297398,0.658283207971507,1
126.37,0,303.912879891732,0.112166247641904,0.842457021215306,0.656013797070787,1
126.38,0,304.383274659251,0.10896640523914,0.839949038354269,0.659562149511401,1
126.39,0,304.857793234254,0.109367556378405,0.840020092121162,0.659513490696335,1
126.4,0,305.336462315097,0.110801572475528,0.839943330183664,0.660852016358091,0.997577508732637
126.41,0,305.819307481822,0.110014745397032,0.841371211867883,0.661129207809665,0.998349864295132
126.42,0,306.306353184222,0.109732737775542,0.843457586696237,0.65836827383147,1
126.43,0,306.797622730184,0.107389689656392,0.840825108699065,0.658136913823415,1
126.44,0,307.293138274301,0.110358926161709,0.838443267276132,0.660487015017188,1
126.45,0,307.79292080677,0.111681097708715,0.840603661290061,0.655009209962705,0.997865660012401
126.46,0,308.296990142567,0.109932284960505,0.840135278546704,0.656731413255762,1
126.47,0,308.80536491091,0.10942807533707,0.839367807418933,0.65771702297453,1
126.48,0,309.318062545007,0.107687820389595,0.839480010677475,0.658077763139949,0.996530957987204
126.49,0,309.835099272107,0.106983837867092,0.839220606783487,0.660624545409582,0.998028878173255
126.5,0,310.356490103837,0.1072751459449,0.838187376903436,0.657724415841878,1
126.51,0,310.882248826849,0.105253707641958,0.840263705791728,0.656855299417494,1
126.52,0,311.412387993765,0.106342433468684,0.838915387073982,0.658162403431666,1
126.53,0,311.946918914442,0.10695257356072,0.839122626757444,0.658485802425879,0.999741643800828
126.54,0,312.485851647533,0.107055849818301,0.839439590843592,0.660081857854122,0.99844156058651
126.55,0,313.029194992389,0.106113534428847,0.838004300947667,0.657885009649681,0.999945976515484
126.56,0,313.576956481266,0.103766225129223,0.839819574202225,0.658965287781328,0.998282767689674
126.57,0,314.129142371868,0.104440466120371,0.842546828302613,0.658079320115719,1
126.58,0,314.685757640223,0.104487776515046,0.840269417301709,0.659177851571164,0.998885310165751
126.59,0,315.246805973895,0.106558564664244,0.839006150146035,0.655882537010427,1
126.6,0,315.812289765536,0.10431884053447,0.836378933994658,0.658264423398257,0.999801254155641
126.61,0,316.382210106796,0.102106627983526,0.838278454413131,0.656612047191175,1
126.62,0,316.956566782572,0.10413094572961,0.836833827941871,0.658594565088915,0.998169128509946
126.63,0,317.535358265631,0.104290658015428,0.836164141718885,0.657878821619029,1
126.64,0,318.118581711587,0.103177033621144,0.837951469808415,0.65875482118807,1
126.65,0,318.706232954253,0.100880968033872,0.835287113172458,0.654879159479588,0.998069672158524
126.66,0,319.298306501367,0.100350075014319,0.836052807874544,0.658056906364156,0.999339767586393
126.67,0,319.894795530702,0.101756903721211,0.836628341831991,0.656391579479626,1
126.68,0,320.495691886564,0.103273141994855,0.837390765949621,0.657799797794086,0.998970198504105
126.69,0,321.100986076678,0.101060211172846,0.835123912379075,0.653961993871818,1
126.7,0,321.710667269485,0.101371290333494,0.835747723808217,0.657113806195178,1
126.71,0,322.324723291834,0.0979135381686011,0.837659679022031,0.657351201979383,1
126.72,0,322.943140627095,0.101269984633716,0.834858424798661,0.658617741981143,1
126.73,0,323.565904413683,0.101028270177204,0.837342262327916,0.656220733828217,1
126.74,0,324.192998444019,0.100437725708786,0.833298065588731,0.658502687879391,0.999586854740842
126.75,0,324.824405163907,0.101783233469501,0.83600744834455,0.659498072331464,1
126.76,0,325.460105672358,0.0960388116919602,0.83440486742774,0.657327359801651,1
126.77,0,326.100079721866,0.0962676846390036,0.836216835455432,0.656517102862354,0.998313851915976
126.78,0,326.744305719114,0.0965670325592356,0.834965919695067,0.654402926176635,0.997650529070242
126.79,0,327.392760726159,0.0994261301252748,0.834769620954405,0.658784341086199,0.9987101611155
126.8,0,328.045420462067,0.0964162919322351,0.835503824638644,0.656432941477084,0.999194770012905
126.81,0,328.702259305025,0.0955173715935996,0.834783719338082,0.659270095955619,0.998668530670532
126.82,0,329.363250294927,0.0960009834724938,0.835925868324508,0.658003026418699,0.999542930280109
126.83,0,330.028365136442,0.0947627950198846,0.834781199208091,0.656318298435908,0.999633987438709
126.84,0,330.697574202578,0.0934506801197711,0.832564030204226,0.654827168923428,1
126.85,0,331.370846538736,0.0941698038142212,0.833868785868002,0.657297158167769,0.999670199079416
126.86,0,332.048149867263,0.0948775927754383,0.834530246822677,0.653678987757379,1
126.87,0,332.729450592524,0.0957363246760106,0.834226290142065,0.655500731811156,1
126.88,0,333.414713806477,0.0916706453297434,0.834716537465327,0.655434306537791,0.999736959857111
126.89,0,334.103903294782,0.0914626340801654,0.835297536801129,0.654107730378347,1
126.9,0,334.796981543414,0.0921812727810263,0.836460859487429,0.656417136328029,1
126.91,0,335.493909745838,0.0939667269983428,0.83463435713982,0.65422995730008,0.999414699253835
126.92,0,336.194647810693,0.0926020318811623,0.83279444670391,0.654938928551914,1
126.93,0,336.899154370038,0.0933360280420988,0.833226000010942,0.653615590840949,1
126.94,0,337.607386788137,0.089964802972313,0.834723625803952,0.653394546457867,1
126.95,0,338.319301170804,0.091049878146255,0.834004632899904,0.653210216097431,0.99929528391447
126.96,0,339.0348523753,0.0887112528161472,0.833413136939766,0.653512166675219,0.99913872215106
126.97,0,339.753994020798,0.0889988237069309,0.83207181735476,0.651030136948781,1
126.98,0,340.47667849941,0.0931712556500398,0.832324877259804,0.653992012171009,1
126.99,0,341.202856987795,0.0894877131406287,0.834133676715801,0.654199170012618,1
127,0,341.932479459338,0.0883358245913661,0.831173417890004,0.65378852044375,1
127.01,0,342.665494696904,0.0873290823050985,0.834878436210717,0.654193984064579,0.998836959005233
127.02,0,343.401850306184,0.0877957852599642,0.832860171870374,0.652351002413926,0.999101591503238
127.03,0,344.141492729622,0.0884575645801074,0.832662391817584,0.653210513472245,1
127.04,0,344.884367260939,0.0870115628283422,0.832770718929035,0.654470285291251,1
127.05,0,345.630418060237,0.0876647772874371,0.831319866491585,0.651969568808642,1
127.06,0,346.379588169707,0.0845363410847861,0.834317290556159,0.653317367611576,1
127.07,0,347.131819529933,0.0872528482607254,0.832413755300723,0.651540402323476,1
127.08,0,347.887052996794,0.0873250305383903,0.833469557679542,0.652047590154094,0.999588594232259
127.09,0,348.64522835896,0.0834421401319308,0.831980520277328,0.652274601568407,0.999654860387177
127.1,0,349.406284355996,0.0848342038017476,0.829772062862347,0.652923008393399,0.997820705704375
127.11,0,350.170158697064,0.0868801387515495,0.832542578151476,0.653051056261979,1
127.12,0,350.936788080228,0.0846609674470419,0.832653531404557,0.65200074909709,0.998622468120723
127.13,0,351.706108212356,0.082992024334445,0.834438746372576,0.651075361335342,0.997117791581758
127.14,0,352.478053829627,0.0810440629782709,0.831845954822755,0.65087408385372,1
127.15,0,353.252558718636,0.084294955509305,0.831710123961661,0.652729790313013,1
127.16,0,354.0295557381,0.0813968018203642,0.831320930558707,0.652095758129086,1
127.17,0,354.808976841149,0.0814129365909221,0.835778895422249,0.651259689114735,0.999746789286447
127.18,0,355.590753098228,0.0833145287129382,0.83220446543248,0.650945012545212,0.999429288484115
127.19,0,356.374814720576,0.0787990954868006,0.830673768910914,0.651611675634239,1
127.2,0,357.161091084295,0.081741154034524,0.832237225954039,0.650576213897835,1
127.21,0,357.949510755011,0.0801976464460355,0.831808083311271,0.651204319116474,0.999408923613186
127.22,0,358.740001513103,0.0790938302512384,0.830291334452084,0.651308780891583,0.999264880607525
127.23,0,359.532490379511,0.0777208804283589,0.834020315692045,0.649476109284172,1
127.24,0,360.32690364212,0.0782561885883267,0.829751963491308,0.650378554243153,1
127.25,0,361.123166882696,0.0778569009002475,0.832117261293682,0.648045987058165,1
127.26,0,361.921205004388,0.0804808582596975,0.832059287366713,0.648067383007519,1
127.27,0,362.720942259775,0.0796144768003713,0.830962481176618,0.649201515314049,0.998937707525666
127.28,0,363.52230227946,0.0780065552309244,0.83279440206959,0.649814441684868,1
127.29,0,364.325208101195,0.0795140488839112,0.830503606275885,0.646278470029968,1
127.3,0,365.129582199538,0.0769395186373435,0.831007302837456,0.645339859938007,1
127.31,0,365.935346516021,0.0724403821712425,0.831470960842501,0.649231635148138,0.998256638876412
127.32,0,366.742422489832,0.0751951796286427,0.832631110354616,0.646563165146104,0.999852167014616
127.33,0,367.550731088992,0.0744746587152798,0.830817283178715,0.647129172976565,0.999359792954834
127.34,0,368.360192842022,0.0743295955902089,0.834313717670294,0.648886799175619,0.999674678395442
127.35,0,369.170727870082,0.074027944797463,0.831591326906385,0.647163733077916,0.998911974190794
127.36,0,369.982255919578,0.0744383909359502,0.833871229786941,0.650242887302969,0.999307923680572
127.37,0,370.794696395224,0.0751541334303464,0.829331936776484,0.647709332681807,0.999056443316702
127.38,0,371.607968393539,0.0725364162568789,0.829986823955154,0.648102089164842,0.999460237512676
127.39,0,372.421990736771,0.0718831077671686,0.831720103939521,0.648707552089571,0.998101477393453
127.4,0,373.236682007235,0.0710573396501182,0.829218907308569,0.647247675236348,0.999013635837577
127.41,0,374.051960582056,0.0705223245428587,0.829336794698483,0.646877366094931,0.99955576555069
127.42,0,374.867744668281,0.0715768555473695,0.831918516723932,0.646571215042144,1
127.43,0,375.68395233837,0.0700403988691135,0.830218422263851,0.646882657422222,1
127.44,0,376.500501566039,0.0717649968677491,0.832119626023997,0.647637681259432,0.99872373156294
127.45,0,377.317310262434,0.0700061405100001,0.833086497693679,0.64715452409171,1
127.46,0,378.134296312627,0.0706992381913983,0.832616170034041,0.646136216167511,1
127.47,0,378.951377612414,0.0679335414786192,0.830983553877797,0.649460142908234,1
127.48,0,379.768472105397,0.0691181026893761,0.830262292216095,0.646092984069294,1
127.49,0,380.585497820328,0.0684948865012512,0.830552804027397,0.644487543244107,0.999081379243997
127.5,0,381.402372908706,0.0671420960914384,0.829011264659362,0.646866158674609,1
127.51,0,382.219015682595,0.0700030372798734,0.83016250926145,0.646549591087565,0.998949049761302
127.52,0,383.035344652658,0.0690734403914551,0.828724668459864,0.645210545191779,0.999767411927886
127.53,0,383.85127856637,0.0647590292927165,0.831035804923318,0.64572242279226,1
127.54,0,384.666736446406,0.0702119042340059,0.830951448433194,0.644954579014807,0.999923327795566
127.55,0,385.481637629172,0.0662943891645273,0.831735637340604,0.6444083490461,1
127.56,0,386.295901803462,0.0672410186884031,0.830682140332878,0.647224270630871,0.999992480590526
127.57,0,387.109449049223,0.0648182597199043,0.831226723228646,0.64496538405379,0.999617128366287
127.58,0,387.922199876394,0.0689740378500265,0.831576783427427,0.645360004639667,0.997610104581561
127.59,0,388.734075263814,0.0641468010106844,0.831712966317762,0.64282219968814,1
127.6,0,389.544996698165,0.0648526242665939,0.8328914493559,0.641174767276237,0.998551656931218
127.61,0,390.354886212924,0.0622579993584399,0.831269947873603,0.642649896827482,1
127.62,0,391.163666427314,0.0632692581995545,0.830859145224151,0.644286679661162,1
127.63,0,391.971260585221,0.0618612063610483,0.83056123532094,0.643458301257613,0.99960475971955
127.64,0,392.77759259406,0.0613037681534813,0.829675091318353,0.642319398399171,1
127.65,0,393.582587063549,0.0613180301585384,0.830211100189364,0.643450915799646,1
127.66,0,394.386169344399,0.0599325636705818,0.830642604936275,0.640402534912874,1
127.67,0,395.188265566866,0.0598486107941088,0.83080478139238,0.641805564297648,0.999191144751458
127.68,0,395.988802679154,0.0606245363434507,0.830811156926748,0.643875427255039,0.999462149019238
127.69,0,396.787708485642,0.0613672652711285,0.832704134236997,0.645133570347842,0.996242884415594
127.7,0,397.584911684922,0.0613050197478565,0.831991572563404,0.642157529380467,1
127.71,0,398.380341907595,0.0620058555905404,0.83280802830702,0.644945938457186,1
127.72,0,399.173929753835,0.0579049700276786,0.831614794846093,0.64424221922421,1
127.73,0,399.965606830672,0.0614243946087603,0.833627255816115,0.644637691540834,0.999814770276923
127.74,0,400.755305788985,0.0583038689511453,0.832426909174701,0.641296453254169,1
127.75,0,401.542960360162,0.0567915065247679,0.830526535767333,0.644786017414032,0.999783991302821
127.76,0,402.328505392426,0.059025810437169,0.833661812190173,0.643607439368787,1
127.77,0,403.111876886785,0.0589758412790666,0.831147771750204,0.64141926220146,0.999848274829691
127.78,0,403.893012032587,0.0572411797448541,0.834920786264285,0.641762331463503,1
127.79,0,404.67184924266,0.0561545962873093,0.831610801823099,0.639833624414846,1
127.8,0,405.448328188007,0.0589995751056284,0.832475761515027,0.643010803856908,0.999221694027784
127.81,0,406.222389832036,0.0573262564283224,0.831679242908823,0.64480416403688,0.999760743541061
127.82,0,406.9939764643,0.0563056876634753,0.830854897834968,0.642514999810579,1
127.83,0,407.763031733727,0.0581944835244267,0.832528104430944,0.640925274984268,1
127.84,0,408.52950068131,0.057282310591892,0.82841181801504,0.641559721807535,0.999716940038381
127.85,0,409.293329772239,0.0585610931302128,0.833504387145885,0.641632019249138,0.999208794402525
127.86,0,410.054466927456,0.0551111146564771,0.832385676226627,0.642534847413459,1
127.87,0,410.812861554604,0.0525199329516084,0.835167439097668,0.64378257666002,1
127.88,0,411.568464578348,0.0513742925175775,0.831793831441453,0.64086457047453,0.998564340028812
127.89,0,412.321228470061,0.0519792951466991,0.831868077865463,0.643560652560462,1
127.9,0,413.071107276827,0.0526085412827792,0.831753249514286,0.641820107767323,0.997643126742207
127.91,0,413.818056649772,0.0504044886389932,0.833985429955241,0.641542508445833,0.996994477699108
127.92,0,414.562033871673,0.0532235443474815,0.83052587538146,0.643516357925045,1
127.93,0,415.302997883851,0.0503929320382514,0.830061280986425,0.642048548027867,0.999712594755886
127.94,0,416.040909312313,0.0516508718856089,0.831248238583721,0.641768650862208,0.997230308511946
127.95,0,416.775730493124,0.0511382152015532,0.833570579361119,0.643906933928569,1
127.96,0,417.507425497008,0.0486887465924584,0.835842139917043,0.642175955740954,0.999055905873522
127.97,0,418.235960153134,0.0507568288991485,0.833788749275981,0.641283389006435,1
127.98,0,418.961302072093,0.0517103783951066,0.833215628528534,0.639790140326627,0.999973234838998
127.99,0,419.683420668039,0.0490827841178452,0.831775137584646,0.640685593654317,0.999647793222066
128,0,420.40228717998,0.0502001762948333,0.83521973104025,0.64083986286457,1
128.01,0,421.117874692199,0.048653290948821,0.831974616474447,0.643422147899054,1
128.02,0,421.830158153802,0.0489173175050538,0.831886257450128,0.641912968032497,1
128.03,0,422.539114397372,0.0449756462063414,0.834433056666041,0.642068498074217,0.999693069801903
128.04,0,423.244722156709,0.0469708402334824,0.831864755587896,0.638345929644201,0.999547201144778
128.05,0,423.946962083655,0.0487008465691506,0.834055086861988,0.643855017779435,0.99977417972274
128.06,0,424.645816763992,0.0497130407011806,0.833878367167941,0.640176361656494,0.998807201196708
128.07,0,425.34127073239,0.0481453601074273,0.833079428711293,0.641581327475676,0.999749311744188
128.08,0,426.0333104864,0.0471762734330524,0.832972802564402,0.639450037675427,1
128.09,0,426.721924499498,0.0480368162952432,0.834871439222335,0.640029399212413,1
128.1,0,427.407103233144,0.0478159982158281,0.832518931133456,0.642829778323981,1
128.11,0,428.088839147861,0.0474057143407613,0.833096980071368,0.640951162440283,0.999264543679606
128.12,0,428.767126713337,0.045540458393912,0.835676174807451,0.639386391167621,1
128.13,0,429.441962417524,0.0447382215178417,0.835215474607519,0.641472309857025,1
128.14,0,430.113344774739,0.0445507316671496,0.83415427757236,0.639407021863277,0.99783971294174
128.15,0,430.781274332753,0.0451304375513021,0.835853369962032,0.640150036581877,1
128.16,0,431.445753678888,0.0472816095651028,0.83495680518049,0.642287291686433,0.997717338392285
128.17,0,432.10678744508,0.0430420554843641,0.834896999410186,0.644320355918034,0.998875332830771
128.18,0,432.764382311933,0.0435334297074761,0.833011899204488,0.640937179163117,1
128.19,0,433.418547011761,0.0446839256347467,0.833910644080677,0.640211158467961,0.997911619679683
128.2,0,434.069292330598,0.0434453941591265,0.836466737926239,0.64173416272259,1
128.21,0,434.716631109195,0.0424978845314879,0.836714003137184,0.641902270947063,0.999055218660885
128.22,0,435.360578242989,0.0411044921328623,0.831368595090074,0.643115012003612,1
128.23,0,436.001150681065,0.0435019786421583,0.838023635172964,0.641176744440825,0.998263581059496
128.24,0,436.638367424083,0.0424182553765355,0.837125109434433,0.641571451590589,0.998645200596613
128.25,0,437.272249521207,0.0410566987089036,0.836677495691128,0.641231646210114,0.998040771790667
128.26,0,437.902820066001,0.0421174127896037,0.834537793485884,0.639703278774417,1
128.27,0,438.530104191335,0.0427460838604598,0.836325321420545,0.644252244911592,0.997712356187743
128.28,0,439.154129063276,0.0396600266785712,0.838042225223769,0.641093692463397,1
128.29,0,439.774923873985,0.0402553477657953,0.836019864446863,0.643524543723866,0.99838280019312
128.3,0,440.392519833614,0.0417613438391764,0.834433526136356,0.644314182681432,0.998973189989656
128.31,0,441.006950161228,0.0400828446803478,0.83659292151532,0.643004355782774,1
128.32,0,441.61825007474,0.0400522509415205,0.836593124530285,0.642547802668579,1
128.33,0,442.226456779877,0.0389631170974543,0.836935710084881,0.644817452021608,1
128.34,0,442.831609458181,0.0387293120675687,0.836507648942885,0.643801902869663,1
128.35,0,443.433749254074,0.0393878904611017,0.837619172626869,0.643427680291295,1
128.36,0,444.032919260952,0.0400989013016428,0.836946502110321,0.644043351408257,1
128.37,0,444.629164506376,0.0381021135353784,0.838092197455976,0.641670546173396,1
128.38,0,445.222531936324,0.0385927887178978,0.838400059098502,0.643474665707694,0.999092695609964
128.39,0,445.81307039854,0.0366593319655424,0.836468053494872,0.640366671716158,1
128.4,0,446.400830624988,0.0355021298685637,0.839768380199666,0.644185826735115,1
128.41,0,446.985865213427,0.0381731230418908,0.840231191718831,0.646774363893224,1
128.42,0,447.5682286081,0.0368614996411049,0.840401153982084,0.642849956507859,1
128.43,0,448.147977079589,0.0369697099667826,0.839004928490159,0.640766111896557,0.999981881387884
128.44,0,448.725168703813,0.0374815067756487,0.836479712170027,0.646612289977744,0.997540658091384
128.45,0,449.299863340204,0.0357878547412919,0.840221728256581,0.645844002641575,0.99849588382135
128.46,0,449.872122609076,0.0350855307871621,0.838350775561394,0.647172306810253,1
128.47,0,450.442009868195,0.0348073142633342,0.838109719318972,0.643489859993017,1
128.48,0,451.009590188567,0.0376849031957233,0.837726971686056,0.647360627352918,1
128.49,0,451.574930329476,0.0377502125940975,0.841130764982832,0.643829229959732,0.999665936599646
128.5,0,452.138098712761,0.0360875538568859,0.842002463297037,0.643844092115364,0.999805134718812
128.51,0,452.699165396379,0.0334659460163154,0.838079577261864,0.645158944572808,1
128.52,0,453.258202047247,0.0355159208427044,0.841554035511751,0.646065544514874,0.998193979477152
128.53,0,453.815281913403,0.0357767357936482,0.839804570503872,0.645925658968034,0.999912327492355
128.54,0,454.370479795479,0.0365579221741294,0.839166182352795,0.646402957877288,0.998689837182791
128.55,0,454.923872017537,0.0318701884166444,0.840789207305483,0.645954586559236,0.997516163764273
128.56,0,455.475536397249,0.0355954831272992,0.840573245919034,0.645166791255118,0.999921315834263
128.57,0,456.025552215476,0.0360658276934905,0.842210361471835,0.643977037652379,1
128.58,0,456.574000185233,0.0338737941909837,0.840901661193022,0.645977804487262,0.999722321425702
128.59,0,457.120962420093,0.0352387548196632,0.840607628232851,0.6438027150832,0.998558541503683
128.6,0,457.666522402017,0.0334549380132729,0.842477845962376,0.647874027804757,0.996563175918889
128.61,0,458.210764948645,0.0331523474395326,0.84088835373939,0.646605103679628,1
128.62,0,458.753776180077,0.0333793605570839,0.840387283829141,0.645251896098123,1
128.63,0,459.295643485142,0.0338010217298063,0.842028627104996,0.646475711191847,0.998181306432435
128.64,0,459.836455487194,0.0319376169103313,0.843191513922222,0.648952955165417,1
128.65,0,460.376302009441,0.0322483398911066,0.840412177468101,0.646775277038201,0.999315410001695
128.66,0,460.915274039839,0.0331460433988201,0.841097061645593,0.647841939910821,0.999016476603918
128.67,0,461.45346369556,0.0301208742676461,0.840917991284299,0.650456705229385,0.998586864200591
128.68,0,461.990964187061,0.0308808766658183,0.841399498748709,0.646737958166218,1
128.69,0,462.527869781778,0.0342341734728556,0.843077458723417,0.648457216431914,0.998221105573204
128.7,0,463.064275767438,0.0316960634114475,0.844412129604402,0.648275311932579,1
128.71,0,463.600278415054,0.0308284245177092,0.844945976342059,0.648600746839513,1
128.72,0,464.135974941588,0.0323106445337002,0.842803623546294,0.649985679683765,1
128.73,0,464.671463472301,0.0281532599469436,0.845627515119424,0.648946216605666,1
128.74,0,465.20684300283,0.0276193792032336,0.843160675376978,0.648224639878264,1
128.75,0,465.742213361008,0.03070818203539,0.844703686064921,0.649455998161041,1
128.76,0,466.277675168417,0.0288410033263774,0.845549681974221,0.646320968114509,0.999030188142253
128.77,0,466.813329801729,0.0272463471072894,0.84348886514868,0.648531203767167,1
128.78,0,467.349279353847,0.0296395805060944,0.845009544600332,0.649527871713714,1
128.79,0,467.885626594831,0.0273323854454318,0.844642640464067,0.651192963751499,1
128.8,0,468.422474932678,0.0300365481917353,0.842741289186745,0.6523473848415,0.999436303632029
128.81,0,468.959928373935,0.0283100904795548,0.844210917873339,0.649659740209976,1
128.82,0,469.498091484178,0.0316912537414793,0.84486577418711,0.653357547320297,0.999897014772689
128.83,0,470.037069348378,0.0280346382640241,0.845494667100903,0.650966016255687,1
128.84,0,470.576967531159,0.0267103649959429,0.845482530881329,0.651015196061482,1
128.85,0,471.117892036974,0.0292852164451164,0.845734411018387,0.650003348489712,1
128.86,0,471.659949270219,0.028714748360382,0.845238031826374,0.650752434582195,0.999923783922137
128.87,0,472.203245995282,0.0276201284003082,0.848593309590083,0.652561708595681,1
128.88,0,472.747889296576,0.0249055908016874,0.845576125275754,0.65129828485817,1
128.89,0,473.293986538531,0.0264819773678573,0.845952679465003,0.651027234688234,0.998851037053334
128.9,0,473.841645325599,0.0286716778548784,0.847101892940538,0.651212165949202,0.999213848871526
128.91,0,474.390973462258,0.025271574377058,0.848619770702192,0.651112908507181,1
128.92,0,474.942078913048,0.0261333327018571,0.847534821530566,0.65147329623327,1
128.93,0,475.495069762639,0.027449244760894,0.849507906458438,0.652274581061232,1
128.94,0,476.050054175965,0.0291907408598296,0.849695363833267,0.653288211544585,0.998734673569773
128.95,0,476.607140358407,0.0260810223821131,0.845292311082328,0.653190903585243,0.999037815439249
128.96,0,477.166436516073,0.0248633147245386,0.847735627677972,0.653346215113527,0.997997242304358
128.97,0,477.728050816162,0.0257968160385186,0.847827075498133,0.652342697202819,0.996877021528493
128.98,0,478.292091347435,0.0239714945179849,0.851271916919585,0.653320803177922,1
128.99,0,478.858666080801,0.0274306822989187,0.848775719197108,0.653885124327717,0.997343412407965
129,0,479.427882830045,0.0238236114447558,0.850794155115795,0.650353040109428,0.998649258981028
129.01,0,479.999849212676,0.0235711721526816,0.847486824047749,0.653784527073553,1
129.02,0,480.574672610946,0.0237315525545514,0.850789267916798,0.652510972894262,0.999136864684954
129.03,0,481.152460133025,0.0216895714032514,0.85201279298119,0.652341484080141,0.998450500997528
129.04,0,481.733318574345,0.0243098613251311,0.852718178481459,0.656335835435053,1
129.05,0,482.317354379133,0.0250175133630402,0.847963334449687,0.651979807704101,1
129.06,0,482.904673602137,0.0222285525679978,0.850064821368309,0.655778020845006,1
129.07,0,483.495381870548,0.0229649785828938,0.853467090932128,0.654044513261653,0.998362874691074
129.08,0,484.089584346142,0.0221132041777231,0.850351053474466,0.656039059402856,1
129.09,0,484.687385687636,0.0237720399529755,0.849965184612255,0.654500829608911,0.998832442249912
129.1,0,485.288890013276,0.0217142555960331,0.849693779439545,0.655662976944344,0.998361669474973
129.11,0,485.894200863657,0.0208005119300154,0.850873599311576,0.656614953584718,0.996675341691281
129.12,0,486.503421164795,0.0224711194517979,0.850244662228204,0.653901656203812,1
129.13,0,487.116653191442,0.0178983178633053,0.85378079454583,0.654592520076897,1
129.14,0,487.733998530666,0.0229758725475647,0.85283818145656,0.654104621429426,1
129.15,0,488.355558045695,0.020139938582534,0.852559206794922,0.654869510794032,0.998150982425855
129.16,0,488.981431840037,0.0204828038244752,0.853225979532026,0.654071229745253,1
129.17,0,489.611719221868,0.0177121206346994,0.852310871333424,0.654153770348107,1
129.18,0,490.246518668719,0.0201099574279293,0.852188761482382,0.656419082176521,1
129.19,0,490.885927792447,0.0205281685552846,0.853243331163922,0.657016235004824,1
129.2,0,491.530043304498,0.0183968409733917,0.852771957295245,0.655893278367767,0.99957013166532
129.21,0,492.178960981482,0.0188335066929334,0.853767688833439,0.65689005828033,0.998128720481803
129.22,0,492.832775631047,0.020296694997544,0.856755369953543,0.657270294030026,0.997106476145665
129.23,0,493.49158105807,0.0179281224590094,0.857463914642994,0.656083595464132,0.99790936283358
129.24,0,494.155470031159,0.0200460130007999,0.853852045454025,0.656704168114527,1
129.25,0,494.824534249489,0.0176705958109959,0.851814922299834,0.657921472888933,0.99981774579812
129.26,0,495.498864309943,0.0167023539701498,0.857241819892391,0.659636232359969,0.999421470042777
129.27,0,496.178549674606,0.017322831458099,0.855848546327567,0.656613462425237,0.999620669058695
129.28,0,496.863678638581,0.0183678991850199,0.856956688299884,0.657045907710582,0.997386438950197
129.29,0,497.554338298143,0.0173950086955155,0.855279297660076,0.657511347300941,1
129.3,0,498.250614519241,0.0163290854174468,0.853693442632039,0.657169365459557,0.998849743424776
129.31,0,498.952591906343,0.0157214411461296,0.857280706568308,0.658689964505001,0.999206627985489
129.32,0,499.660353771632,0.0166664399372604,0.85839679201851,0.658625881288595,1
129.33,0,500.37398210456,0.0160339876365987,0.857166880235514,0.657416955893287,0.999200830245566
129.34,0,501.093557541746,0.0155763347188335,0.857232878464299,0.655926176314521,1
129.35,0,501.819159337259,0.0180553556982818,0.858490704429947,0.65772701706518,1
129.36,0,502.550865333233,0.0163047602376627,0.859037019233268,0.657137248265968,1
129.37,0,503.288751930884,0.0163826809311348,0.859551806349336,0.657188979384251,1
129.38,0,504.032894061875,0.0158349356232992,0.858432137608686,0.654810586571151,0.999616988921381
129.39,0,504.783365160066,0.0140245884921133,0.858155378130688,0.656432518843649,1
129.4,0,505.54023713364,0.0132732847826439,0.857947121969321,0.65781633184123,1
129.41,0,506.303580337615,0.0131866839883225,0.860378791896961,0.658388272483652,0.99816306823476
129.42,0,507.073463546733,0.0113788235311872,0.857676044651064,0.6559413800023,0.999484124027834
129.43,0,507.84995392875,0.0132912606609199,0.861441241470487,0.657496012382595,0.999640540197465
129.44,0,508.633117018111,0.0125555039666398,0.858051400015595,0.658384985343598,1
129.45,0,509.423016690023,0.0122765443359445,0.858109328041696,0.660162748270198,0.996842380024908
129.46,0,510.219715134934,0.0140995045659653,0.860712706811782,0.656316201975832,0.997356454286478
129.47,0,511.02327283341,0.0106315470609071,0.860030697886604,0.659110676886054,1
129.48,0,511.833748531425,0.0126572641003662,0.861278894992904,0.658592074851688,1
129.49,0,512.651199216066,0.0101121638189201,0.86040239591988,0.658929559936544,0.999822747790146
129.5,0,513.475680091647,0.0135632350553611,0.860442629867703,0.656216180040937,0.998369167871798
129.51,0,514.307244556255,0.012355047076407,0.861094214946693,0.658212766363295,1
129.52,0,515.145944178714,0.00994502890363641,0.861451220609369,0.658980689664045,0.999095686372838
129.53,0,515.99182867599,0.0115452985498006,0.861240818022426,0.658669216155883,1
129.54,0,516.844945891018,0.00926918260916961,0.86108499763063,0.657978352826418,0.999976061924229
129.55,0,517.705341770987,0.0127413657202289,0.865053369438613,0.660477509258635,1
129.56,0,518.573060346059,0.010064739125175,0.861074566134899,0.659254925658881,0.999434146289982
129.57,0,519.44814370854,0.00955390210726261,0.863395550267369,0.658099122317191,0.999475735733974
129.58,0,520.293289622459,0.00776733569073115,0.862284967293507,0.659803772811661,1
129.59,0,521.118281723422,0.00912677451777965,0.863989585533784,0.659026127504868,0.998057228306242
129.6,0,521.952096377095,0.0070018108589196,0.863639011810146,0.656259336933323,1
129.61,0,522.756220442312,0.00755356041474939,0.863146502824822,0.659622835440642,1
129.62,0,523.360367298807,0.00489794865024135,0.863808245790399,0.661075883180638,0.999251406089289
129.63,0,523.959172607865,0.00912506502421201,0.864648649468062,0.656726223209649,0.999232719020638
129.64,0,524.566892090722,0.0061771562424295,0.864705955450612,0.657128701542434,0.997985084337338
129.65,0,525.068701715436,0.0061758685042473,0.867771963408472,0.658292241884497,0.999646234076364
129.66,0,525.49421251203,0.00695509730050517,0.866858395982804,0.657212458217201,1
129.67,0,525.930635684758,0.0086378954512477,0.863884153503645,0.656940838558205,1
129.68,0,526.353279187922,0.00782331157696039,0.866685029482473,0.655533056150684,1
129.69,0,526.670181435711,0.00563784774634287,0.868084195034545,0.658818002547755,1
129.7,0,526.986577847024,0.00597900113608147,0.867024722558318,0.657428672266673,1
129.71,0,527.31018572288,0.00846975434611314,0.86841407147704,0.657772994379201,1
129.72,0,527.58041797353,0.00703970989538341,0.864861248036017,0.659558049849006,0.999263571034599
129.73,0,527.812915270154,0.00649951045684012,0.867677213260282,0.65877197331223,1
129.74,0,528.053676289141,0.00732895080428489,0.866615004333378,0.659048764098819,1
129.75,0,528.289292141045,0.0071008099987096,0.868544896294467,0.658740489050921,1
129.76,0,528.469565004167,0.00492899811087505,0.870611207483252,0.656299743339414,1
129.77,0,528.651928436046,0.0068715644731386,0.86891103772434,0.656605994460628,1
129.78,0,528.840576735186,0.00542576211532255,0.866201305446797,0.657296909033121,1
129.79,0,529.004185605238,0.00605617200136569,0.86999990047281,0.658067939778298,0.99997943747963
129.8,0,529.150811458161,0.00578431554863653,0.866870934089334,0.658530831585692,0.999343838149909
129.81,0,529.304163139058,0.00625326245252364,0.869207376592901,0.658357616454394,0.99982202329118
129.82,0,529.462704678986,0.00390269198197357,0.868420669874949,0.656679749940746,1
129.83,0,529.625418134477,0.00635499958940523,0.86969469480996,0.659200993567442,0.997733635055493
129.84,0,529.793368648805,0.00479022978670018,0.871451911556381,0.656059172170871,0.999619726595023
129.85,0,529.966586500307,0.00457403619394587,0.872384303642281,0.656939184352693,0.99972660639401
129.86,0,530.144095355863,0.00585811980898148,0.873199606469569,0.657699803953497,1
129.87,0,530.326081716333,0.00263819808700406,0.871920189859203,0.658573869991418,1
129.88,0,530.5131972629,0.00620835865458549,0.871962945103931,0.65667587132173,1
129.89,0,530.705098131433,0.00366705712839768,0.870247958682835,0.657496096693667,0.999694623173409
129.9,0,530.900584211215,0.00623248075911065,0.873421460910484,0.658232146874437,0.999346608498729
129.91,0,531.100899637798,0.00465663309131735,0.872885040988837,0.657844744255029,0.998101302222416
129.92,0,531.30607677353,0.00503247844708479,0.873953171800467,0.656094652003995,1
129.93,0,531.514944065879,0.00358161499721449,0.872224415487906,0.656764691172797,0.999816760244248
129.94,0,531.727721503997,0.00574128433995654,0.874745807052752,0.657924581569176,1
129.95,0,531.945186381627,0.00360340191020821,0.871875808128102,0.656006662621185,0.999748493126924
129.96,0,532.166938989058,0.00293942817388443,0.872826893831228,0.652220591972548,0.999968497206723
129.97,0,532.391604644023,0.00445082210430879,0.873892422022806,0.656422999343074,0.998141154746067
129.98,0,532.620599080462,0.00160155014523568,0.873738547392378,0.655432369382896,1
129.99,0,532.853955389497,0.00685792484462407,0.874021624989501,0.656247830620162,1
130,0.3,533.090358948032,0.00169449711817527,0.8745528231655,0.654909002087711,0.99993200816798
130.01,0.3,533.330050814197,0.00562142141882979,0.874440955466829,0.654053227656013,1
130.02,0.3,533.573895325743,0.0038323867187285,0.876603972314416,0.653625602984849,0.999214300265326
130.03,0.3,533.820482498088,0.0045575101763534,0.874033534768496,0.655849066443967,0.999542789019892
130.04,0.3,534.063855595334,0.00379943675255641,0.876812294954806,0.655410849823565,1
130.05,0.3,534.3106515708,0.00424224560738564,0.877691269901946,0.655536797246599,0.999280436437741
130.06,0.3,534.561277356763,0.00395222045744279,0.879199238738626,0.652545134876665,0.999584493845055
130.07,0.3,534.802654582826,0.00514133651359048,0.875586118851501,0.655378169287098,1
130.08,0.3,535.038088270472,0.00345033382929339,0.875360959458452,0.654455424768013,0.997554653074651
130.09,0.3,535.277517209155,0.00132884047232133,0.876924022306297,0.654293680913658,0.997812381396534
130.1,0.3,535.441415695901,0.00372187077702686,0.876741687826906,0.654895728985335,0.99972588727507
130.11,0.3,535.441415695901,0.00401457362776876,0.87807190078618,0.656378059816646,0.998168162615754
130.12,0.3,535.441415695901,0.00495917170738685,0.875666936123714,0.653474308980613,0.999111604803272
130.13,0.3,535.441415695901,0.0036179774895383,0.877112854949435,0.65591432930914,1
130.14,0.3,535.441415695901,0.00303421850863945,0.878684582239009,0.655095423330141,1
130.15,0.3,535.441415695901,0.000841306516327105,0.880316286557553,0.653489527945349,1
130.16,0.3,535.441415695901,0.00478207099394042,0.877824029287777,0.654397196531762,1
130.17,0.3,535.441415695901,0.00431537269725225,0.880645711848537,0.655722862789676,0.998584967645516
130.18,0.3,535.441415695901,0.00325785378015293,0.880828718345194,0.652367539614163,1
130.19,0.3,535.441415695901,0.00221601694400525,0.881439772657139,0.653415140685045,1
130.2,0.3,535.441415695901,0.00207378087671423,0.880295096346829,0.651463445016953,0.998080922301
130.21,0.3,535.441415695901,0.00478688613019597,0.881049593745684,0.651622033506577,1
130.22,0.3,535.441415695901,0.00307238272412335,0.882589161329786,0.65065796840958,1
130.23,0.3,535.441415695901,0.00268409383528476,0.881158762246707,0.653270473489112,1
130.24,0.3,535.441415695901,0.0036507159956632,0.88150910703577,0.648433709141389,1
130.25,0.3,535.441415695901,0.00328538148803402,0.881398153902158,0.649972193702629,0.99976005387551
130.26,0.3,535.441415695901,0.00215219891893258,0.881420322498078,0.652555578822928,0.997653390314738
130.27,0.3,534.432857241368,0.00103222108713123,0.880755373526837,0.650674197459953,1
130.28,0.3,533.933725749616,0.00330861664826674,0.880376424126127,0.651388659713343,1
130.29,0.3,533.451665344302,0.00632743172079169,0.883207141412912,0.65194043045132,1
130.3,0.3,532.965109857605,0.00446615989098848,0.886208750069705,0.651532542885499,1
130.31,0.3,532.481089280632,0.00677138709165647,0.883358059539158,0.649676934758894,0.999570496415293
130.32,0.3,531.998802081632,0.00271810888939722,0.884206239839486,0.652039057971109,1
130.33,0.3,531.518158157072,0.00590144956382715,0.880434708614763,0.654015701284253,0.998729578598201
130.34,0.3,531.039037101158,0.00559488826789714,0.882800188388117,0.652434872460536,1
130.35,0.3,530.561317594015,0.0039688819277565,0.884906388187469,0.650966589983726,0.998551736222976
130.36,0.3,530.084878918553,0.00550736534576058,0.882766577049955,0.650952963274608,1
130.37,0.3,529.609600644855,0.00401926371532802,0.887317609256447,0.650741832276309,0.997519793628403
130.38,0.3,529.135362706745,0.00534270261745959,0.885210239115306,0.649238023466585,1
130.39,0.3,528.662045445295,0.00293489580161441,0.88485287639982,0.650144007659924,0.997623293831556
130.4,0.3,528.189529653554,0.00582110296084657,0.88555405090103,0.649326299674983,1
130.41,0.3,527.717696621317,0.00375903773304121,0.887330947646163,0.649825323017167,1
130.42,0.3,527.246428179834,0.00485171038759429,0.8842096614617,0.649425725405365,0.99983464262646
130.43,0.3,526.77560674645,0.00700310318000967,0.885280558766295,0.6505090786077,1
130.44,0.3,526.305115369153,0.00719259100267731,0.884450321074036,0.648416530265603,0.997333654907262
130.45,0.3,525.834837771024,0.00777340194876242,0.885956707976385,0.648397515975161,1
130.46,0.3,525.364658394548,0.00490733967190826,0.889295505311441,0.650577818204903,1
130.47,0.3,524.894462445776,0.00709177703152038,0.887649340253661,0.648289292085371,1
130.48,0.3,524.424135938337,0.0058322290326594,0.88669103529423,0.647500859355045,1
130.49,0.3,523.953565737233,0.00927798450087276,0.888252884747865,0.646279239033365,1
130.5,0.3,523.482639602438,0.00799184310649375,0.88646248014396,0.645309360432253,0.998926890278584
130.51,0.3,523.011246232269,0.00889338475506343,0.890192978468575,0.648321641742853,1
130.52,0.3,522.539275306484,0.00801774658570537,0.886003655373018,0.644096275822097,1
130.53,0.3,522.066617529122,0.00833316841995064,0.888992779010326,0.649064750110121,0.999688045940185
130.54,0.3,521.593164671029,0.00761230386705347,0.888894000143643,0.646144169924841,1
130.55,0.3,521.118809612076,0.00931740038414126,0.889405328120808,0.647582316284217,1
130.56,0.3,520.643446383026,0.00754938915285648,0.891092703953971,0.645198066088072,1
130.57,0.3,520.166970207028,0.00913391016346687,0.889283701781308,0.647338676199744,0.999404139790277
130.58,0.3,519.689277540738,0.0097577754407487,0.89163064033754,0.645685886832093,0.999297100364326
130.59,0.3,519.210266115014,0.00678382066458135,0.891745107810095,0.64634501144185,1
130.6,0.3,518.729834975182,0.0114249671199684,0.89216302766244,0.64629341353115,1
130.61,0.3,518.247884520843,0.00935810630879459,0.891917009715348,0.646426513176941,0.997703375659727
130.62,0.3,517.764316545199,0.0102942367848893,0.891501565531815,0.647587272520603,0.999961839125694
130.63,0.3,517.279034273868,0.00959406779653627,0.890486293624139,0.644069810266208,1
130.64,0.3,516.791942403193,0.00932805387761536,0.890109033887655,0.645899475834104,1
130.65,0.3,516.302947137971,0.00908308672180098,0.89453422900522,0.642794389928568,0.998591834737138
130.66,0.3,515.81195622863,0.011408157997172,0.8946907562215,0.64591648060806,0.99766954501397
130.67,0.3,515.318879007808,0.0100379821012341,0.896349160264337,0.645786665598531,0.99909758210182
130.68,0.3,514.823626426306,0.011153009168316,0.892709469099861,0.644002998142256,1
130.69,0.3,514.326111088401,0.00841369215242679,0.893425205186232,0.645405925314363,0.998560000814768
130.7,0.3,513.826247286503,0.0110913657894503,0.894411208513274,0.643751436711055,1
130.71,0.3,513.323951035123,0.0113920461198527,0.893932668156478,0.644696935403238,0.999259164794282
130.72,0.3,512.819140104124,0.00986461505629879,0.894946976725157,0.643818358614028,0.997962316988332
130.73,0.3,512.311734051259,0.0108032920018729,0.8944404527569,0.644962912055215,0.99976281742292
130.74,0.3,511.801654253947,0.0132490919997015,0.897437425085548,0.648115474477048,1
130.75,0.3,511.288823940278,0.0120909829046605,0.892722775029316,0.645996549665934,1
130.76,0.3,510.773168219228,0.0124420743655824,0.89824218393393,0.644648766868897,0.999260281989644
130.77,0.3,510.254614110065,0.0150710293530934,0.896152462795097,0.642636189548333,0.997997476174605
130.78,0.3,509.733090570904,0.0134406685469532,0.893064144416497,0.644277784505847,0.995997814262508
130.79,0.3,509.208528526436,0.0116345875856483,0.895097559553149,0.645966874209527,1
130.8,0.3,508.680860894762,0.0148448805961336,0.897015268067031,0.641881195751878,1
130.81,0.3,508.15002261334,0.0148121613774252,0.89605799457341,0.642186774707612,0.999042915013229
130.82,0.3,507.615950664034,0.0158944647349317,0.896921571979497,0.642813940305218,1
130.83,0.3,507.078584097221,0.0143238865450791,0.899231954022267,0.642068100425931,1
130.84,0.3,506.537864054963,0.0156037423626292,0.896467432700744,0.644025642166449,1
130.85,0.3,505.993733793213,0.0155019426557594,0.894561147731628,0.64560940151393,1
130.86,0.3,505.446138703037,0.0147394329914099,0.897354989697942,0.643432412980737,1
130.87,0.3,504.895026330859,0.014725471416376,0.895678151329279,0.646250700426063,0.999883303610842
130.88,0.3,504.340346397677,0.0150948406928008,0.899406520883902,0.643106575265775,0.999730043060822
130.89,0.3,503.782050817277,0.0149703617871769,0.898869660324065,0.644577998683811,1
130.9,0.3,503.220093713385,0.0175597983391076,0.899305774114469,0.643178757507727,1
130.91,0.3,502.654431435792,0.0143428867291046,0.898305718628316,0.641944939577822,0.99947186453586
130.92,0.3,502.0850225754,0.0138703487439025,0.898809753545209,0.644978769204685,1
130.93,0.3,501.51182797821,0.0178244035968565,0.89853852200722,0.643555215302277,1
130.94,0.3,500.934810758203,0.0171379578396112,0.899663548364586,0.644395658691747,0.999642649401389
130.95,0.3,500.353936309146,0.0163481875058819,0.897802248807297,0.643858248416222,0.999413478354645
130.96,0.3,499.769172315282,0.0155792697333861,0.898582440953619,0.641848517356446,0.998418935241329
130.97,0.3,499.180488760904,0.0157926240159044,0.901803831201815,0.641750369023462,1
130.98,0.3,498.587857938818,0.0190788184328384,0.899536733420554,0.641926467337324,0.999834871884031
130.99,0.3,497.991254457667,0.0202204532375655,0.899007789915381,0.642141103006393,0.999739771010259
131,0.3,497.390655248123,0.0182323430537199,0.900291972730491,0.643390389790605,1
131.01,0.3,496.786039567941,0.0194908733180852,0.901588958404047,0.643690952210268,1
131.02,0.3,496.177389005858,0.0160700599733342,0.898479291176393,0.641066282620254,0.997940718315205
131.03,0.3,495.564687484358,0.0175769510271128,0.900463697699931,0.641169513102975,0.997877058236686
131.04,0.3,494.947921261268,0.0202624557497881,0.904459680820056,0.642742725409287,1
131.05,0.3,494.327078930214,0.0185901253110025,0.900617880191017,0.640618222384951,1
131.06,0.3,493.702151419907,0.0211501533661151,0.900161322914341,0.642648989300775,0.997977633964504
131.07,0.3,493.073131992288,0.0200554823242822,0.901612309244472,0.642037455147624,0.999196606594954
131.08,0.3,492.4400162395,0.0216440968321888,0.90193940463861,0.64282148328359,0.999761962237678
131.09,0.3,491.802802079725,0.016647800904424,0.90299134874633,0.642669749186631,0.99851235686411
131.1,0.3,491.16148975185,0.0193584131747003,0.9035441244114,0.64523898871164,1
131.11,0.3,490.516081808993,0.0201174963925066,0.904048592256935,0.640987261434878,1
131.12,0.3,489.866583110887,0.0201619944357371,0.902444118601283,0.63759502406466,1
131.13,0.3,489.213000815114,0.019506114529508,0.901828067629763,0.640801505402315,0.997354727605453
131.14,0.3,488.555344367214,0.0199025062214611,0.900983259944937,0.641602192472025,0.998788277461008
131.15,0.3,487.893625489656,0.0237351392096072,0.903036609162734,0.643051971708832,0.999815630532663
131.16,0.3,487.227858169699,0.0238413883098534,0.905248657220411,0.640872077635472,1
131.17,0.3,486.558058646127,0.0222028179451827,0.905172498075463,0.63902950084098,0.99982613954442
131.18,0.3,485.884245394895,0.0224947486970997,0.90199560368495,0.642193769530993,1
131.19,0.3,485.206439113672,0.0218328893377588,0.905086466204024,0.641664602617905,1
131.2,0.3,484.5246627053,0.0231080937412929,0.905705127857123,0.640544766335708,1
131.21,0.3,483.838941260192,0.0257206766092518,0.906523715166474,0.643321274633229,0.999846106530935
131.22,0.3,483.14930203766,0.0228988259306114,0.906156020984056,0.642754072409577,0.997656545556717
131.23,0.3,482.455774446205,0.0219241449363572,0.907238196773126,0.638807559259917,1
131.24,0.3,481.75839002277,0.0222003638564368,0.904645855750532,0.642194837933328,0.998174836133828
131.25,0.3,481.057182410982,0.0271278482359598,0.908934460895689,0.64223158929245,1
131.26,0.3,480.352187338388,0.0249457185208448,0.902849417442979,0.640684535709841,1
131.27,0.3,479.643442592708,0.022963710813281,0.904498789093056,0.641099762055205,0.998752395974212
131.28,0.3,478.930987997118,0.0251048406223193,0.906102262380732,0.640172449225278,1
131.29,0.3,478.214865384586,0.0258552000166866,0.904649229559226,0.641463635437818,1
131.3,0.3,477.495118571273,0.0257367410113161,0.906159441305924,0.641433302482864,1
131.31,0.3,476.771793329022,0.0253544274702928,0.907697948902167,0.641696248805726,1
131.32,0.3,476.044937356951,0.0262216594535746,0.905853724461518,0.642064315428905,0.999950078542772
131.33,0.3,475.31460025218,0.0244220030130493,0.907159096290471,0.646275335712947,1
131.34,0.3,474.580833479696,0.0254056405423596,0.908809340172745,0.64333701624632,1
131.35,0.3,473.843690341392,0.024369688422612,0.908122288771094,0.643496287589683,1
131.36,0.3,473.103225944299,0.0269318112368464,0.907041305933399,0.64131470442022,0.999597106319656
131.37,0.3,472.359497168027,0.0260729561521804,0.908026031378453,0.640976269528249,1
131.38,0.3,471.612562631447,0.0264290555436599,0.90972516981478,0.641951864031451,1
131.39,0.3,470.862482658623,0.0273740109465082,0.905763935903669,0.642586012127455,0.998484078802499
131.4,0.3,470.109319244046,0.0295939884947771,0.90837476958268,0.641285778730276,0.997896590145165
131.41,0.3,469.353136017158,0.0268597731083067,0.910195197440836,0.64110200592269,0.998953109805893
131.42,0.3,468.593998206218,0.029311793128648,0.909640156028579,0.641846851578319,0.999517518795511
131.43,0.3,467.831972601525,0.0289752029953809,0.910625061899131,0.642837713118456,0.999690160803137
131.44,0.3,467.067127518021,0.0297264040612405,0.908645556244238,0.642821057725357,1
131.45,0.3,466.299532757311,0.0315723301095866,0.908635682349444,0.641962833673428,0.99968773491655
131.46,0.3,465.52925956911,0.0314385886375053,0.910969484180942,0.641228562431007,1
131.47,0.3,464.756380612154,0.0307192476746658,0.909616193668022,0.641685840602115,0.997533423420833
131.48,0.3,463.980969914604,0.0312685787310422,0.909341107271127,0.644795567384091,0.999557697476525
131.49,0.3,463.203102833952,0.030218352057688,0.912726563577191,0.642589486434341,0.999567474394507
131.5,0.3,462.42285601649,0.0310685025195459,0.910875208193901,0.644604458691056,0.998758966296115
131.51,0.3,461.640307356327,0.0303611968884813,0.909890772901331,0.644062493826583,0.998608289654865
131.52,0.3,460.855535954011,0.0330065457607903,0.908778671382563,0.643978179100984,1
131.53,0.3,460.068622074778,0.033259155412194,0.910745112697845,0.645983534213245,1
131.54,0.3,459.279647106443,0.0328459191950336,0.909817185719238,0.64681712520448,1
131.55,0.3,458.488693516974,0.032176568203166,0.910989186415482,0.644305271508967,0.998383445991976
131.56,0.3,457.695844811777,0.0326895274112835,0.915360647058303,0.644637304563184,1
131.57,0.3,456.9011854907,0.0343742161058643,0.91367749955376,0.643552934167177,0.999678840682284
131.58,0.3,456.104801004809,0.0346205986994911,0.909596523376363,0.641441013801364,0.999938686879303
131.59,0.3,455.306777712945,0.0372424095944738,0.912605484093126,0.64363043784701,1
131.6,0.3,454.5072028381,0.0323457844993247,0.911069024326048,0.644715796693371,0.999393974720691
131.61,0.3,453.706164423632,0.035172785713526,0.912545741885048,0.644496491840949,1
131.62,0.3,452.903751289346,0.0364863768483865,0.912721062907273,0.647280184441926,1
131.63,0.3,452.100052987475,0.0356483019968764,0.913252615345892,0.644383962301107,1
131.64,0.3,451.295159758581,0.0364022963128438,0.911625779133386,0.644897528844927,0.999630270726453
131.65,0.3,450.4891624874,0.0361513341754414,0.913921216927415,0.642469687823756,1
131.66,0.3,449.682152658667,0.0334371367544513,0.914398637623846,0.644983845266813,0.997146695277322
131.67,0.3,448.874222312935,0.0383917249120128,0.914621925052185,0.646934338574492,1
131.68,0.3,448.065464002425,0.0373209962456939,0.912438007242032,0.64575808790697,1
131.69,0.3,447.255970746919,0.0372181185083042,0.912927405404819,0.644252936603048,0.998409950777898
131.7,0.3,446.445835989734,0.0354394823498301,0.911148410826998,0.64626417870812,1
131.71,0.3,445.635153553791,0.0389133927078138,0.912067130087262,0.645924517107462,0.996537074894501
131.72,0.3,444.824017597816,0.0374628192752334,0.912974946024492,0.644033801252363,0.998992458820111
131.73,0.3,444.012522572674,0.0402806402104636,0.914502881951617,0.643641842810413,1
131.74,0.3,443.200763177884,0.0388428933186222,0.914983660697919,0.646680298102329,0.999292073718259
131.75,0.3,442.388834318328,0.0404118385047532,0.917016319208346,0.646174746279273,1
131.76,0.3,441.576831061167,0.0402380744354392,0.912341696411685,0.647528662551661,1
131.77,0.3,440.764848593007,0.0411957529519813,0.913619408051773,0.647329348613081,0.99704982417709
131.78,0.3,439.952982177309,0.0374430546897395,0.913493547306072,0.64558379226997,1
131.79,0.3,439.141327112093,0.0404662528134924,0.918567245673914,0.647440000157045,1
131.8,0.3,438.329978687932,0.041242286265753,0.913812658803915,0.646557226460678,1
131.81,0.3,437.519032146274,0.0424859151636967,0.912499254213568,0.648536405134747,1
131.82,0.3,436.708582638102,0.0432556267186901,0.91575301419951,0.648232346092079,1
131.83,0.3,435.898725182946,0.0425267340668265,0.914739365436882,0.64763783179362,0.999716289009875
131.84,0.3,435.089554628281,0.0428771842529984,0.915793396041207,0.650689937919555,0.998640953088078
131.85,0.3,434.281165609319,0.0452805219416964,0.914552065849441,0.647815871520968,1
131.86,0.3,433.473652509203,0.0468314891208313,0.914690535947511,0.645358829962499,1
131.87,0.3,432.667109419642,0.0434274955136472,0.914803626361291,0.648388732632329,0.998864801404499
131.88,0.3,431.861630101984,0.042899509527214,0.915633702452239,0.648123906379306,1
131.89,0.3,431.057307948751,0.0447947442357139,0.914742838587529,0.648209309787299,1
131.9,0.3,430.254235945646,0.0459587750885756,0.917007437191815,0.648574370750807,1
131.91,0.3,429.452506634056,0.0454163445323579,0.916073563290092,0.647574778339183,0.997164637542589
131.92,0.3,428.652212074053,0.04467515911248,0.915267160689449,0.649204606939371,0.999571381252369
131.93,0.3,427.853443807905,0.0479531929938593,0.917587312315934,0.650266338132086,0.998986707149717
131.94,0.3,427.056292824135,0.0450983705510147,0.917217744083042,0.649914921204578,0.995904143291079
131.95,0.3,426.260849522097,0.0445161593127691,0.914761219943025,0.651983419449069,1
131.96,0.3,425.467203677121,0.0459543411534765,0.915860093611201,0.648919627575819,1
131.97,0.3,424.675444406212,0.0494996702597614,0.91749484488274,0.64790512703902,0.998357999454923
131.98,0.3,423.885660134325,0.0494224304499281,0.915001332591533,0.648278115221413,1
131.99,0.3,423.097938561221,0.0472598549121081,0.917281718788918,0.648251192188965,0.998021287335312
132,0.3,422.312366628914,0.0509892986980478,0.916743397878931,0.650885146239405,1
132.01,0.3,421.529030489719,0.0478949491239073,0.917358222868011,0.65149710731902,0.998620050074652
132.02,0.3,420.748015474903,0.0491096108970564,0.915313794097856,0.653241732872959,0.999696894812346
132.03,0.3,419.969406063957,0.04842543240118,0.91469631254778,0.651578686723676,1
132.04,0.3,419.193285854485,0.0487864233375797,0.915447188980415,0.651836067252404,0.998426705167272
132.05,0.3,418.419737532717,0.0484646499631867,0.915421069870224,0.65139961395397,1
132.06,0.3,417.648842844665,0.0514551949009694,0.916753015328666,0.653625228433179,1
132.07,0.3,416.880682567902,0.0505322891952809,0.918807421218124,0.652113167675636,0.999776770078863
132.08,0.3,416.115336483998,0.0505499760906111,0.917222583504641,0.65295814895096,0.998500058457635
132.09,0.3,415.352883351591,0.049796002762817,0.915656442047039,0.65340234542617,1
132.1,0.3,414.593400880114,0.0526787507057849,0.917767581971821,0.652358773841021,0.999556833209206
132.11,0.3,413.83696570417,0.0532936567594191,0.91693012708464,0.65268765117353,0.99990904820503
132.12,0.3,413.083653358561,0.0548370756696096,0.917916075548668,0.653189790541439,0.99952153933903
132.13,0.3,412.333538253984,0.05277431234389,0.916859363940276,0.652031314322336,0.998960171798932
132.14,0.3,411.586693653367,0.053021387548689,0.912683267969561,0.652796045453091,1
132.15,0.3,410.843191648883,0.0549954235833045,0.915453552804717,0.654177093028037,0.997279361627082
132.16,0.3,410.103103139611,0.0541772169988131,0.915944812230965,0.65198801407124,0.999613883002103
132.17,0.3,409.366497809857,0.0542344702334294,0.919192655398415,0.653626945581532,0.999801278078873
132.18,0.3,408.63344410814,0.0531343166912453,0.917085110804849,0.654042180936996,0.998572836795349
132.19,0.3,407.904009226839,0.0569485936559865,0.916860873002926,0.651501139261337,0.998723455983932
132.2,0.3,407.178259082485,0.055588143490745,0.91792173258662,0.651986176669919,1
132.21,0.3,406.456258296718,0.0561888006479259,0.916632117370386,0.653441497012473,1
132.22,0.3,405.738070177902,0.0576066594175485,0.917791894195883,0.653938507400449,1
132.23,0.3,405.023756703378,0.0588457667222976,0.916930270500181,0.656461928271219,0.998009964635126
132.24,0.3,404.31337850238,0.0573137308608466,0.918690598973478,0.654957303470336,0.998304534950679
132.25,0.3,403.60699483959,0.0592336923266404,0.917235866943707,0.653836098736587,0.997661784299196
132.26,0.3,402.904663599337,0.0592566450939144,0.918683415519748,0.65459787456214,1
132.27,0.3,402.206441270434,0.0582482665383081,0.915346397687984,0.653280347343529,0.999540618604215
132.28,0.3,401.512382931659,0.0587608718152143,0.920106339683851,0.656053356744717,1
132.29,0.3,400.822542237856,0.0582991666686954,0.920200093288046,0.655409811662463,1
132.3,0.3,400.136971406669,0.0583719194555021,0.919163746871121,0.655796044572463,1
132.31,0.3,399.455721205901,0.0581403806839262,0.919268556574432,0.654655085357031,0.999642083810262
132.32,0.3,398.778840941489,0.0572152971972872,0.917588320193684,0.656288392365951,0.999499752067191
132.33,0.3,398.106378446086,0.0604822306238715,0.918858522747727,0.655807898829293,1
132.34,0.3,397.438380068261,0.061910457174464,0.920674711546405,0.657668918184545,1
132.35,0.3,396.774890662299,0.0584913303891811,0.919106270667448,0.654552471826983,1
132.36,0.3,396.115953578588,0.0600114716726547,0.918967359491173,0.655389606709387,1
132.37,0.3,395.461610654612,0.0584092237804053,0.917763934705992,0.656885246604176,1
132.38,0.3,394.811902206518,0.05934713991345,0.917634517445666,0.656581803626806,1
132.39,0.3,394.166867021269,0.0618894726400865,0.919426768145458,0.656838279566599,0.999773087980817
132.4,0.3,393.526542349369,0.0613237410727673,0.919707421475453,0.655083045299433,1
132.41,0.3,392.890963898148,0.0604222786224921,0.918883747970953,0.657265126901862,1
132.42,0.3,392.260165825624,0.0615105449625289,0.91837658331012,0.658916539013553,1
132.43,0.3,391.634180734905,0.0621680697429242,0.918073384996804,0.654726438634906,0.999856955821485
132.44,0.3,391.013039669146,0.0635095176052583,0.919959089276842,0.655343628136443,0.99929692604012
132.45,0.3,390.396772107044,0.0663534674861366,0.919667394948952,0.657270850724629,1
132.46,0.3,389.785405958877,0.0652860363600845,0.918716434564203,0.657249606091609,0.999110328198063
132.47,0.3,389.178967563064,0.0639559457684202,0.917964769957572,0.657775480167299,0.999210134993497
132.48,0.3,388.577481683247,0.061989136368204,0.919117812058729,0.659018090270379,0.999596843237019
132.49,0.3,387.980971505896,0.0647997716615801,0.920607429707677,0.658066726422812,1
132.5,0.3,387.389458638422,0.0629240181410168,0.919941666205689,0.65707366753452,0.999776528642362
132.51,0.3,386.802963107787,0.0641222482499731,0.919724198173864,0.657793890438289,1
132.52,0.3,386.221503359619,0.0635491944397191,0.916288407276174,0.659526492348401,1
132.53,0.3,385.645096257814,0.0649454281916993,0.920150833193213,0.65652239510488,0.995386570744021
132.54,0.3,385.073757084623,0.0656703141813851,0.920452612449924,0.658990602086745,0.996978142723726
132.55,0.3,384.507499541215,0.0660117677448317,0.920603329858248,0.656016114869457,1
132.56,0.3,383.946335748716,0.0687812309973323,0.91758956982083,0.656769249041612,0.999477719014719
132.57,0.3,383.390276249711,0.0662752458049538,0.917134709788998,0.658561341256978,1
132.58,0.3,382.839330010205,0.0672411238392021,0.918105319160315,0.658593300189072,1
132.59,0.3,382.293504422043,0.0682172618418352,0.917030457808351,0.65802466268939,1
132.6,0.3,381.752805305773,0.0675771677984214,0.918596693900394,0.658584410889751,1
132.61,0.3,381.217236913953,0.0698961751024492,0.916755201065425,0.657017182303244,1
132.62,0.3,380.686801934895,0.0664452565977107,0.920161166560604,0.656097377414215,0.999738259092781
132.63,0.3,380.161501496842,0.069439315619137,0.918968861003689,0.659112388483693,0.997234530205088
132.64,0.3,379.64133517257,0.0711136717853648,0.919614961696954,0.655548055429907,1
132.65,0.3,379.126300984407,0.0700769307323735,0.918767485810473,0.660091615561147,0.99872103547971
132.66,0.3,378.616395409676,0.0682509897713494,0.919179962564423,0.659632433069299,0.99905830917398
132.67,0.3,378.111613386539,0.0692087923196498,0.918265177663316,0.660115461486797,0.998126548168968
132.68,0.3,377.611948320259,0.0665121553671908,0.918075485754184,0.657767944080589,1
132.69,0.3,377.117392089845,0.0688680735737865,0.920275189868015,0.659798635411514,1
132.7,0.3,376.627935055118,0.0696278687947219,0.918400254870369,0.658367019112932,0.997059463984083
132.71,0.3,376.143566064147,0.071164466137341,0.918892273152596,0.657685899795223,0.998467527705944
132.72,0.3,375.664272461087,0.0721516679331514,0.92011883277158,0.659986352186314,1
132.73,0.3,375.190040094389,0.0724792187080173,0.91845790231346,0.65605036391081,0.99840321449957
132.74,0.3,374.720853325408,0.0734143375129618,0.92112575141236,0.659683070117589,0.999175820606406
132.75,0.3,374.256695037366,0.0739154255380503,0.917536356816271,0.65627679663627,1
132.76,0.3,373.797546644704,0.0699950613903667,0.917677673794297,0.659797387873322,0.998568351948038
132.77,0.3,373.343388102792,0.0720511559982062,0.919820844814085,0.657317206476699,1
132.78,0.3,372.894197918013,0.0727765571570907,0.920517287232368,0.659381631176179,0.996984403105484
132.79,0.3,372.449953158201,0.0712466001756161,0.917870488373199,0.657905374704978,1
132.8,0.3,372.010629463447,0.0704165278532237,0.921829052000521,0.65567531875052,0.999785865446422
132.81,0.3,371.576201057251,0.0744153545361659,0.919251871870017,0.660239406758927,1
132.82,0.3,371.146640758035,0.0725151262639882,0.918144699346582,0.659385530113857,1
132.83,0.3,370.721919991005,0.0721529370556894,0.917414384001837,0.65971141671778,1
132.84,0.3,370.302008800362,0.0726597597056448,0.918413288692122,0.659166407208684,0.998734595249012
132.85,0.3,369.886875861849,0.0726969070940968,0.91795576235884,0.657021038839519,1
132.86,0.3,369.476488495658,0.0749902583817807,0.916833609242535,0.657937315203564,1
132.87,0.3,369.070812679663,0.0748928290436011,0.916919544771108,0.656874009522715,0.999193464524514
132.88,0.3,368.669813063,0.0730241298328383,0.914876177862691,0.658558157483654,1
132.89,0.3,368.273452979976,0.0743946493603732,0.916087473249658,0.659425418542223,1
132.9,0.3,367.881694464327,0.0746945877572366,0.916683237826462,0.657047409476717,0.999663964121361
132.91,0.3,367.494498263791,0.0752202220837951,0.917998984589284,0.657963965734549,1
132.92,0.3,367.111823855027,0.0763986112934749,0.919986448322142,0.659301773355548,0.996952191095199
132.93,0.3,366.733629458853,0.0752304489292582,0.914951596413274,0.654982031510286,1
132.94,0.3,366.359872055819,0.0738014742093851,0.920352120053883,0.656584585801856,1
132.95,0.3,365.990507402104,0.0758611347991621,0.916873579350784,0.65899645608638,0.997736560321662
132.96,0.3,365.625490045734,0.0766467325962285,0.91883262998597,0.657811365265864,0.99562410400397
132.97,0.3,365.264773343131,0.0755160414987553,0.914799178321933,0.65979980516292,1
132.98,0.3,364.908309475976,0.076278268006454,0.917517510896477,0.65642433346995,1
132.99,0.3,364.556049468397,0.076580647480882,0.914840839267833,0.656875763515053,0.998827184406779
133,0.3,364.207943204476,0.076625227996646,0.916220656642344,0.655953883271151,1
133.01,0.3,363.863939446072,0.0779026484679419,0.916307823775279,0.656557154277883,1
133.02,0.3,363.523985850964,0.0766057090507795,0.916698883361163,0.657000032787951,1
133.03,0.3,363.188028991298,0.0774288799198998,0.916237323141739,0.657015870077191,0.999800828438455
133.04,0.3,362.856014372369,0.076349766732171,0.914907313564639,0.656917836091457,1
133.05,0.3,362.527886451689,0.0771960720416343,0.917224231476265,0.656469025072969,0.999015151172846
133.06,0.3,362.203588658389,0.0778438937801761,0.915962302381208,0.656446173977079,1
133.07,0.3,361.883063412915,0.0818719945305871,0.917349360604893,0.654666997903156,0.998873392902833
133.08,0.3,361.566252147039,0.0750257605787398,0.914433151101577,0.658676193669366,1
133.09,0.3,361.253095324174,0.0778777674899642,0.916485442298165,0.656349464395288,0.997773336564471
133.1,0.3,360.943532459995,0.0774866142949779,0.915945170717388,0.65610707281014,0.999554041296174
133.11,0.3,360.637502143361,0.0782651039718741,0.917977561599751,0.654818272947455,1
133.12,0.3,360.334942057538,0.0785344485828981,0.914448629772608,0.656310402861549,1
133.13,0.3,360.035789001723,0.0780434145981441,0.917925059509778,0.657154884702408,0.999921616624044
133.14,0.3,359.739978912867,0.0801217880796284,0.915725082300612,0.653514217986692,0.998664791380613
133.15,0.3,359.447446887784,0.0800193707081589,0.9145503013342,0.653543825750216,1
133.16,0.3,359.158127205563,0.0778008568963477,0.918783685149775,0.656190760298853,0.999250034808481
133.17,0.3,358.871953350262,0.0779539859920301,0.914686427978397,0.654495350975198,1
133.18,0.3,358.588858033899,0.0779145122150489,0.913883474933959,0.656023153972986,1
133.19,0.3,358.308773219714,0.0794952688191941,0.911946167289828,0.656860787505299,1
133.2,0.3,358.03163014573,0.0793841151037591,0.913675004019703,0.655142005819659,1
133.21,0.3,357.757359348578,0.0802323744222902,0.915022523330315,0.654903614783029,1
133.22,0.3,357.485890687605,0.0818402982845568,0.915173910877822,0.653839151126462,0.997918300079788
133.23,0.3,357.217153369257,0.079573548485061,0.914825213265949,0.65466362316038,0.998539759537717
133.24,0.3,356.951075971718,0.0797967472126666,0.912745633006542,0.657349063313401,1
133.25,0.3,356.687586469831,0.0806080969175801,0.914100854936606,0.653502788979241,0.99897183225655
133.26,0.3,356.426612260267,0.0827534937129872,0.911237490773649,0.655161897465371,1
133.27,0.3,356.168080186957,0.0840410182611572,0.916484722400845,0.654041714134138,0.999038499464786
133.28,0.3,355.91191656677,0.0807244736574886,0.91353378786168,0.655650651406053,0.999964729510695
133.29,0.3,355.658047215442,0.080395009728899,0.914703766383309,0.650924795437016,0.998181649273525
133.3,0.3,355.406397473753,0.0832858521061074,0.914043964450293,0.65555398542399,0.999361694504759
133.31,0.3,355.156892233925,0.0825930550786524,0.913824054444629,0.656073327608593,1
133.32,0.3,354.909455966269,0.0816001198916393,0.912204988316206,0.651774224353913,1
133.33,0.3,354.664012746046,0.0830003583083719,0.910760542769918,0.654558676983538,0.998720184845888
133.34,0.3,354.420486280555,0.0824221997643279,0.912619931418542,0.653756585931127,0.999911172654813
133.35,0.3,354.178799936424,0.0816869034831312,0.914185392612735,0.654832518691194,0.998961621941007
133.36,0.3,353.938876767126,0.0836643910247517,0.91139637327881,0.652918307441064,0.997015694641584
133.37,0.3,353.700639540672,0.081613284867141,0.911263861607453,0.651332758258611,1
133.38,0.3,353.464010767514,0.0820895967891565,0.913734283100642,0.650584056147761,0.999195745238647
133.39,0.3,353.228912728629,0.0838314635305633,0.911860821189762,0.652402438956897,0.999566792266153
133.4,0.3,352.995267503781,0.0812775209639698,0.913536334777594,0.650263187662106,1
133.41,0.3,352.762996999941,0.0810790673294348,0.912428071798077,0.649921771445048,1
133.42,0.3,352.532022979893,0.0829613417160103,0.910285108852063,0.652929916335343,0.998382804053257
133.43,0.3,352.30226709097,0.0820207717741198,0.910771482365284,0.651785060644954,0.998961367178458
133.44,0.3,352.073650893941,0.0829779076816948,0.909850653466735,0.650119411004662,0.998465109214699
133.45,0.3,351.846095892038,0.0843178261930823,0.910510291607005,0.650877944885591,0.998184682477576
133.46,0.3,351.619523560107,0.0853388702659353,0.909854900204311,0.651168687148273,0.997478552399934
133.47,0.3,351.393855373864,0.0845032121758396,0.911707795652323,0.651166579509181,0.999154887009009
133.48,0.3,351.169012839268,0.0832950177915222,0.911250433986817,0.647374274708783,0.99854840162919
133.49,0.3,350.94491752199,0.0836212898728301,0.909977530032164,0.650678000441932,1
133.5,0.3,350.721491076949,0.0830192253198039,0.91065758376588,0.64808596576717,1
133.51,0.3,350.498655277948,0.0856787627919259,0.910935347038689,0.649498659149623,0.999714420785862
133.52,0.3,350.276332047352,0.0820815778169424,0.910713399259208,0.648507464468483,0.999075300998109
133.53,0.3,350.054443485817,0.0854629684881033,0.909684694549134,0.646599081829356,1
133.54,0.3,349.832911902073,0.08465344036197,0.908640136301168,0.653418619952057,1
133.55,0.3,349.611659842721,0.0836088496899776,0.909694588491805,0.650455928638784,0.997617378460709
133.56,0.3,349.390610122044,0.0879369963800369,0.910923943871774,0.650754441482848,1
133.57,0.3,349.169685851832,0.0852233927486785,0.90976762516887,0.650198390654992,0.997047945352179
133.58,0.3,348.948810471178,0.0864087145981663,0.911220271618426,0.650247243252372,0.998254044108805
133.59,0.3,348.727907776269,0.0847566899895353,0.908693812529405,0.650540721937874,1
133.6,0.3,348.506901950127,0.0867476540204279,0.908058147180916,0.649062726244929,1
133.61,0.3,348.285717592299,0.0845469694746494,0.905766037189408,0.650071313410156,1
133.62,0.3,348.064279748492,0.0856218821439997,0.906873085119012,0.648357247738297,0.999320719314837
133.63,0.3,347.842513940119,0.0864413537029479,0.909705277671565,0.646555924508512,1
133.64,0.3,347.620346193758,0.0863378262659221,0.909184342840025,0.650018854929063,0.999544561962846
133.65,0.3,347.397703070506,0.0830974642268452,0.906961554612041,0.649179938007809,1
133.66,0.3,347.174511695199,0.0868048261430598,0.907218254859706,0.645598983416327,1
133.67,0.3,346.950699785511,0.0846890521333615,0.906788518569037,0.646953618489192,0.999188668828916
133.68,0.3,346.726195680892,0.0862321256048767,0.904416556192043,0.648463770622864,0.997722535582277
133.69,0.3,346.500928371341,0.0870506625793431,0.904820524147357,0.645346607947914,1
133.7,0.3,346.274827525999,0.0850249335374512,0.909067195739055,0.64768596636779,1
133.71,0.3,346.047823521547,0.0851676780380783,0.908332874798833,0.646068161053187,0.998059266584156
133.72,0.3,345.819847470384,0.0866980652120443,0.90609448779465,0.646666058470775,1
133.73,0.3,345.590831248584,0.0843324091898135,0.905167359848126,0.649932238171768,1
133.74,0.3,345.360707523611,0.0867333237884461,0.907829172239476,0.64435169490828,1
133.75,0.3,345.129409781763,0.0856188117000209,0.905571663176633,0.646583970408997,1
133.76,0.3,344.89687235536,0.0873607162997095,0.904607801026491,0.646437112077847,0.999883704382453
133.77,0.3,344.663030449622,0.0874275185101914,0.90602296766311,0.644569824398135,0.999294469664401
133.78,0.3,344.427820169257,0.0878297934322131,0.906098263484154,0.647422867896473,1
133.79,0.3,344.191178544711,0.0870349303075285,0.906682449268395,0.644906706326727,0.998730487820353
133.8,0.3,343.953043558099,0.0874108531233047,0.9035991513099,0.644866095714637,1
133.81,0.3,343.713354168761,0.0889193539254999,0.903919548645965,0.646458974696637,0.999280001803272
133.82,0.3,343.472050338472,0.0892346371205462,0.906520631993679,0.64579328566336,1
133.83,0.3,343.229073056244,0.0881595096712335,0.901455398283006,0.64366986822147,0.998212265394576
133.84,0.3,342.984364362745,0.0894020115469709,0.904968704872803,0.644666601012431,1
133.85,0.3,342.737867374293,0.090101506368462,0.904098098771448,0.643999757362701,0.998822682924717
133.86,0.3,342.489526306424,0.0878483255796816,0.904595671654931,0.645398672988794,0.99807939316536
133.87,0.3,342.239286497011,0.0896265979503474,0.901421990756492,0.645852205044418,1
133.88,0.3,341.987094428918,0.0893186067945812,0.902728404087844,0.643547101079588,0.999158160424162
133.89,0.3,341.732897752185,0.088206849329533,0.90350143521142,0.6432437322651,1
133.9,0.3,341.47664530572,0.0919488196189315,0.902638885926601,0.64438898996916,0.999207511108906
133.91,0.3,341.218287138477,0.0910621666556041,0.903287378059463,0.641827357470212,0.999140710784171
133.92,0.3,340.95777453013,0.0879646583609613,0.904088984395771,0.644575414297484,0.999976671559034
133.93,0.3,340.695060011197,0.0868235250763816,0.900573162164453,0.644907993104455,1
133.94,0.3,340.430097382625,0.0886060565008478,0.901682846995666,0.646565155899362,0.999523840061368
133.95,0.3,340.162841734814,0.0912278770929554,0.903029840820191,0.64415274794798,1
133.96,0.3,339.893249466064,0.0895365596825907,0.900869428795746,0.641219246999363,1
133.97,0.3,339.621278300431,0.0896949962206644,0.90112721911515,0.644383772088704,1
133.98,0.3,339.346887304996,0.0895643419397061,0.899378946035415,0.643315461426229,0.998726324929309
133.99,0.3,339.070036906498,0.0903182011420731,0.900283593040195,0.64449554074033,1
134,0.3,338.790688907372,0.089149515679979,0.899673743374671,0.640425459920504,1
134.01,0.3,338.508806501125,0.0906790679858345,0.899509634438063,0.642677505189787,1
134.02,0.3,338.22435428708,0.0907870804479877,0.901608968652473,0.643512351450679,1
134.03,0.3,337.937298284455,0.0912942635774574,0.900107947814767,0.642066862125828,1
134.04,0.3,337.647605945779,0.0918022159873244,0.898737192297483,0.642718168430938,1
134.05,0.3,337.355246169622,0.0902790948670688,0.90014410315267,0.645536113852635,0.997027223420512
134.06,0.3,337.060189312642,0.0897429514132588,0.899544614235933,0.641271678062885,0.998598745543506
134.07,0.3,336.762407200938,0.089642262661873,0.901134108063987,0.640749383448513,1
134.08,0.3,336.461873140686,0.0905096175470378,0.900437774177151,0.641355459179555,1
134.09,0.3,336.158561928074,0.0936221356434062,0.899818958012256,0.640567432603727,0.998403624665829
134.1,0.3,335.852449858502,0.0899504305288583,0.897556586859027,0.6417860182705,1
134.11,0.3,335.543514735064,0.0898915965032276,0.896930208501808,0.640104045593509,0.997855009162879
134.12,0.3,335.231735876293,0.0918806924378312,0.901325222234515,0.6449535997579,1
134.13,0.3,334.917094123154,0.0901074189366375,0.901837466477212,0.642165442781285,1
134.14,0.3,334.599571845301,0.0921305657107222,0.898575402367371,0.641250598052506,1
134.15,0.3,334.279152946575,0.0915043506216902,0.896944414403878,0.639489910981032,1
134.16,0.3,333.95582286975,0.09321717699946,0.897101791736778,0.641788031997532,1
134.17,0.3,333.62956860051,0.0944562524656087,0.894507113552096,0.64462715369728,0.998330719880056
134.18,0.3,333.300378670668,0.0942892712859434,0.899016141978994,0.641334560641139,0.997802631584779
134.19,0.3,332.968243160615,0.0940160140994411,0.895245364551264,0.639952873068235,0.999710900251006
134.2,0.3,332.633153700998,0.0932116756435986,0.896381980291446,0.642845755001874,1
134.21,0.3,332.295103473627,0.0940527507267701,0.897729788262472,0.642972397987287,0.99931452922036
134.22,0.3,331.954087211611,0.0959036925031548,0.897924395709855,0.640310274434198,1
134.23,0.3,331.610101198716,0.0930657433679271,0.894465962456117,0.640211802347042,0.999600648652951
134.24,0.3,331.263143267954,0.0961518264722654,0.894154134197786,0.639599572618254,1
134.25,0.3,330.913212799398,0.0941158040513238,0.892717416619905,0.642126597133454,1
134.26,0.3,330.56031071722,0.0949396890993925,0.894206048796947,0.64335589264118,1
134.27,0.3,330.204439485969,0.0935658529310299,0.89632994459324,0.640139280201369,0.998146090641529
134.28,0.3,329.845603106071,0.0960555896195823,0.893375137936928,0.641811888381283,1
134.29,0.3,329.483807108569,0.0959371652244647,0.893577323073698,0.645067702811568,0.998638289541212
134.3,0.3,329.119058549103,0.0975890448778403,0.89151369180921,0.643395355841453,0.998722230070238
134.31,0.3,328.751366001128,0.0972729269190052,0.894355678489789,0.64039456296562,1
134.32,0.3,328.380739548385,0.0976436351162574,0.895221660263168,0.640605461308431,1
134.33,0.3,328.007190776618,0.0955285059602976,0.895093156805279,0.643101969815892,0.997642192836013
134.34,0.3,327.630732764556,0.0982642323674125,0.890306831708418,0.643163384920655,0.996645950989594
134.35,0.3,327.251380074153,0.0956974519831186,0.893452853794097,0.641401830227457,0.997683862666382
134.36,0.3,326.869148740106,0.0957789445031238,0.892793135729785,0.640737946474413,1
134.37,0.3,326.484056258652,0.0976497278823739,0.892022227730954,0.641559095955297,1
134.38,0.3,326.096121575638,0.0995309297376495,0.889833507150716,0.640815226284691,0.997958949919985
134.39,0.3,325.705365073912,0.0975433230616703,0.891561810306469,0.642052727592026,1
134.4,0.3,325.311808559992,0.0966197271211227,0.889435514552889,0.640658480563962,0.998886055252997
134.41,0.3,324.915475250071,0.0993851502468469,0.889919221976925,0.643958827103776,0.998142846963095
134.42,0.3,324.516389755328,0.10041173681006,0.888605493759195,0.642016593304308,1
134.43,0.3,324.114578066588,0.0997934453519827,0.88911252215315,0.641990608822673,1
134.44,0.3,323.710067538323,0.0987947035390793,0.890882704565294,0.639921806951374,1
134.45,0.3,323.302886872006,0.0992239237168738,0.890376065694411,0.641091156852759,1
134.46,0.3,322.89306609884,0.0972540457472099,0.888924672022421,0.641258038124861,1
134.47,0.3,322.480636561865,0.102273966901825,0.88840613411905,0.642312549909382,0.999819069902711
134.48,0.3,322.065630897465,0.100910503780364,0.88780043256937,0.641868064422241,1
134.49,0.3,321.648083016276,0.0980630006577374,0.887621267126883,0.639913438064494,1
134.5,0.3,321.228028083518,0.0996710298731317,0.887755965925759,0.640779333843465,1
134.51,0.3,320.805502498765,0.100783279531029,0.887608925105232,0.641657402507219,1
134.52,0.3,320.380543875164,0.101536038944058,0.888772214624644,0.640973355680503,0.998349400212749
134.53,0.3,319.953191018116,0.101323463924906,0.886540488568555,0.639000259101847,1
134.54,0.3,319.523483903439,0.101592182938093,0.886334228313394,0.645037858680524,0.99859447644012
134.55,0.3,319.091463655026,0.100587996650576,0.887537618631137,0.642891327800893,1
134.56,0.3,318.657172522015,0.102422259680543,0.888542476116151,0.642187244721564,1
134.57,0.3,318.220653855482,0.101301384271877,0.887548819042106,0.641263682515281,0.999522930392272
134.58,0.3,317.781952084683,0.102499708530538,0.889853703801328,0.641978019470648,0.998702010076311
134.59,0.3,317.341112692853,0.103723827186522,0.885453171382233,0.643577910000967,1
134.6,0.3,316.898182192578,0.101659686900219,0.883742200059155,0.641930805707487,0.997400517707136
134.61,0.3,316.453208100768,0.104382916121544,0.888238842432125,0.645150658809626,0.998807551736542
134.62,0.3,316.006238913234,0.104817327631861,0.88424548684365,0.6428740019071,1
134.63,0.3,315.557324078898,0.101599087452557,0.884886179379989,0.642802285732118,0.998635436587008
134.64,0.3,315.106513973645,0.103523765708402,0.884365553819465,0.643220664134941,1
134.65,0.3,314.653859873839,0.100826514748196,0.885467723113914,0.646249920345693,0.999661345333731
134.66,0.3,314.199413929522,0.102267142876409,0.884008640965706,0.645379787254578,1
134.67,0.3,313.743229137311,0.102560208055123,0.883447884521819,0.644024128239568,0.997611154696575
134.68,0.3,313.285359313007,0.104694462733319,0.884500145160237,0.643836454358296,0.999003043378136
134.69,0.3,312.825859063951,0.106337148339594,0.884171392469176,0.642411996798855,1
134.7,0.3,312.364783761116,0.10525726089271,0.883688332510321,0.643350537724945,0.999015561351239
134.71,0.3,311.902189510989,0.104185119867707,0.878174363663147,0.644125564849454,0.99779554176682
134.72,0.3,311.438133127222,0.105709487300193,0.883489515088004,0.641402826988444,1
134.73,0.3,310.97267210211,0.105486868778265,0.883114018685532,0.645579495907711,0.998905070599876
134.74,0.3,310.505864577876,0.105968174866812,0.88020013843638,0.645013069413353,1
134.75,0.3,310.037769317819,0.106750431374582,0.880653381398199,0.645406842291765,1
134.76,0.3,309.568445677304,0.1089030405083,0.882700244207993,0.646893530938512,0.998609495695787
134.77,0.3,309.097953574642,0.106906697151396,0.879248677974611,0.643935232860978,0.998991100997272
134.78,0.3,308.626353461868,0.108390788650231,0.879565880303296,0.645334267461028,0.998591994056314
134.79,0.3,308.153706295429,0.10767150708387,0.880689779682739,0.645289088218342,0.998862479590345
134.8,0.3,307.680073506805,0.105333178394623,0.879864354134974,0.645993609003201,0.999788345466663
134.81,0.3,307.205516973083,0.109219734719642,0.879028837072981,0.644654275824943,1
134.82,0.3,306.730098987495,0.109308164723163,0.877526041739926,0.645447290414516,0.999854981493075
134.83,0.3,306.253882229945,0.109318781228154,0.880767528705731,0.644981981379133,1
134.84,0.3,305.776929737524,0.109552428113678,0.878997150473628,0.647282669527274,0.998142413987133
134.85,0.3,305.299304875062,0.109613798813727,0.879619728157947,0.642809626032899,0.998373888267273
134.86,0.3,304.821071305699,0.107714192824374,0.879826291182731,0.64866320580917,0.999271711757819
134.87,0.3,304.342292961512,0.109815418735973,0.878634512619864,0.647021029563193,0.998511925992338
134.88,0.3,303.863034014211,0.110249853387833,0.879100397283396,0.64679732881558,1
134.89,0.3,303.38335884591,0.111536509668481,0.87803278362233,0.645288545429748,0.999244664671271
134.9,0.3,302.903332020004,0.113632833921974,0.878025339137817,0.64506278540457,1
134.91,0.3,302.423018252154,0.111873325600246,0.875913876520862,0.644530962639144,0.999297707511899
134.92,0.3,301.942482381399,0.112240107191987,0.877756681631128,0.643950171799901,0.998008866753909
134.93,0.3,301.461789341418,0.116641074174343,0.876286571617366,0.646087212525546,0.999114824408514
134.94,0.3,300.981004131935,0.112118786012667,0.87631190229027,0.647007820221031,0.999359903061487
134.95,0.3,300.500191790311,0.114310648306592,0.873490906910781,0.646952283287814,0.999868374401027
134.96,0.3,300.019417363308,0.112442186766651,0.875933260966513,0.64560747730767,0.999379738761515
134.97,0.3,299.538745879059,0.112169712565009,0.872885367700574,0.64878598320493,1
134.98,0.3,299.05824231924,0.114550982242236,0.875015619201269,0.647096795089606,0.99956825072987
134.99,0.3,298.577971591475,0.113956739829325,0.877214172265687,0.648753480830698,0.999940828403334
135,0,298.097998501972,0.116945648641774,0.874125781025136,0.649887685315439,1
135.01,0,297.618387728405,0.116166219580812,0.875346795985979,0.65045648149045,1
135.02,0,297.139203793057,0.115995352450524,0.873272534971322,0.645274468423763,0.998961675878647
135.03,0,296.660511036237,0.113927446159763,0.873597345219323,0.649092390786301,1
135.04,0,296.182373589969,0.119822054755173,0.87448575127281,0.649349200229962,0.999917561505507
135.05,0,295.704855351985,0.116654005034915,0.873171936795939,0.646754210567742,1
135.06,0,295.228019960008,0.117353757575812,0.875029170791087,0.648640536611966,1
135.07,0,294.75193076635,0.116273858261924,0.873374744462784,0.6503345889731,0.999338575610597
135.08,0,294.276650812838,0.117816625580256,0.874504228914119,0.649601837671629,1
135.09,0,293.802242806053,0.116064841917272,0.87133529355261,0.65215009314052,0.999682916373318
135.1,0,293.328769092929,0.116507930530961,0.872355866042957,0.650282860843056,0.999446006722639
135.11,0,292.856291636675,0.116231324563757,0.873099913149299,0.650778605551758,1
135.12,0,292.384871993067,0.11814706765527,0.870137037796523,0.647884576534532,1
135.13,0,291.914571287096,0.119625915490932,0.871131757924109,0.648733902167659,1
135.14,0,291.44545018998,0.120347164170122,0.86922471473599,0.653385288273227,1
135.15,0,290.977568896557,0.118057284114082,0.870276694124283,0.650806774709429,1
135.16,0,290.510987103055,0.119245812955155,0.871164239294572,0.651047356923786,1
135.17,0,290.045763985245,0.122263498041098,0.871017475146262,0.651768067623431,0.999306307126221
135.18,0,289.581958176997,0.121483708401732,0.869162480112962,0.654056638229581,0.998550343797272
135.19,0,289.11962774922,0.121990199666503,0.868154859831665,0.649943231324524,0.999783239744472
135.2,0,288.658830189212,0.120566340699569,0.869551412214541,0.650577427745276,1
135.21,0,288.19962238041,0.12147053062027,0.868044539338424,0.652783649438473,0.999697521329147
135.22,0,287.742060582555,0.122435353194612,0.868972001580802,0.651389121129657,1
135.23,0,287.286200412271,0.12030460654518,0.867824647262333,0.653102268076418,0.99936361344777
135.24,0,286.832096824048,0.120329368582463,0.868473955005986,0.650596045653138,1
135.25,0,286.379804091666,0.122404090954908,0.867986648527038,0.652338058525327,1
135.26,0,285.929375790019,0.122896054339213,0.866582473661769,0.652907828636686,0.997036771525685
135.27,0,285.480864777379,0.122482159183289,0.866403944364516,0.652156436780936,0.998418579402262
135.28,0,285.034323178079,0.124651497598309,0.866168216984138,0.651446323255416,1
135.29,0,284.589802365622,0.123870321895075,0.865493268855363,0.651485519607913,0.996589103424062
135.3,0,284.147352946229,0.121482994693077,0.866488740993338,0.65545229213316,1
135.31,0,283.7070247428,0.126186065076039,0.865400566766823,0.654822613609258,0.999664641081464
135.32,0,283.268866779326,0.124234597144013,0.8642430944732,0.651542800598087,0.999613597745225
135.33,0,282.832927265711,0.124829003197929,0.865973658451379,0.653457258171788,1
135.34,0,282.399253583044,0.12354014685729,0.863556105773898,0.652310227216141,1
135.35,0,281.967892269293,0.122491514570328,0.8644970274536,0.654410950092539,0.998012900815054
135.36,0,281.538889005423,0.122593409449509,0.866475371384658,0.654448606457722,1
135.37,0,281.11228860196,0.125556282970804,0.865778574160145,0.656711195106859,0.998530061126862
135.38,0,280.68813498597,0.126973227629346,0.863113233832414,0.656181955969574,1
135.39,0,280.266471188472,0.127794699414309,0.864180871520572,0.656668107390191,1
135.4,0,279.847339332279,0.125975067401377,0.863717278794534,0.654233574949245,1
135.41,0,279.43078062026,0.126603676548918,0.865782200947604,0.656324469854597,1
135.42,0,279.016835324028,0.127139892332527,0.860852561663547,0.6548480973149,0.998883348200385
135.43,0,278.605542773046,0.127890080087273,0.863594343150171,0.656448542477683,1
135.44,0,278.196941344159,0.127897174152739,0.863849657599734,0.654554443504701,1
135.45,0,277.791068451538,0.127439083158334,0.862779793499149,0.657090023305795,1
135.46,0,277.387960537035,0.127834305677048,0.861991438059631,0.655307796813688,0.999558469559825
135.47,0,276.987653060961,0.129675944694123,0.862939103217049,0.657442356848334,1
135.48,0,276.590180493258,0.12793250256495,0.860684914779197,0.655726356860675,0.996633492103432
135.49,0,276.195576305091,0.130012863137626,0.858669443247287,0.656939147467724,0.999279194321095
135.5,0,275.80387296084,0.13203525881513,0.862329917971922,0.6572295708267,0.998199722534469
135.51,0,275.415101910483,0.129059986069549,0.86169421361029,0.654243374416269,1
135.52,0,275.029293582386,0.130712434938753,0.862367898481044,0.659401405352087,1
135.53,0,274.703019908097,0.131372869845722,0.860496553067779,0.658011227354794,1
135.54,0,274.416708223335,0.131767470303255,0.860049014322028,0.657531470128254,0.998847103477563
135.55,0,274.130526445785,0.133568134534713,0.860745496091802,0.656531974799445,1
135.56,0,273.879109622759,0.127617119984887,0.861481685593472,0.657194310461051,0.999677715488855
135.57,0,273.799290560936,0.129242085010636,0.858181714953969,0.658288936185787,1
135.58,0,273.726251562443,0.132449809819487,0.859802145557258,0.656512926026085,0.997702359364164
135.59,0,273.654456222825,0.131588890587021,0.858588008266879,0.657396454632053,1
135.6,0,273.647649959554,0.130272509508037,0.858114798288754,0.657028448730467,0.998168677542488
135.61,0,273.647649959554,0.129844810576833,0.853818165602247,0.656227171254906,0.999104260440777
135.62,0,273.647649959554,0.133261252894378,0.858841509261955,0.657191467324208,1
135.63,0,273.647649959554,0.130549021994012,0.859929178305125,0.657973202977555,0.997849257511689
135.64,0,273.647649959554,0.130635272080702,0.859400554617968,0.65893838815298,1
135.65,0,273.647649959554,0.129322936610475,0.857417303942612,0.655497730474487,0.999838935376591
135.66,0,273.647649959554,0.131084469727387,0.857769123995461,0.65887222630075,1
135.67,0,273.647649959554,0.129182344963103,0.860463734039301,0.655787255264822,0.999817545419878
135.68,0,273.647649959554,0.130032809183216,0.857040956279475,0.656565993817786,1
135.69,0,273.647649959554,0.13152516499783,0.854648795702023,0.658793467825945,0.999304012550907
135.7,0,273.647649959554,0.130145234023619,0.856507377171451,0.657540789362177,0.999095400917775
135.71,0,274.008399187687,0.131421574686442,0.858174675405317,0.657658163684393,0.999861965064724
135.72,0,274.641568842183,0.128945203130652,0.85470952917284,0.657081193973377,0.999663875776192
135.73,0,275.020079580801,0.130072657520545,0.857131910347288,0.659571694823024,1
135.74,0,275.423305400967,0.129712524639127,0.857588904486129,0.657975628201538,0.997265143831277
135.75,0,275.828911591311,0.128679225102053,0.857240635817279,0.657642747435747,1
135.76,0,276.23814133716,0.130612550354461,0.853028806629991,0.655373082106923,1
135.77,0,276.651002302474,0.127435175426751,0.85416343361048,0.65789015947243,1
135.78,0,277.067518527608,0.130056914750243,0.855563805306898,0.661061315146173,1
135.79,0,277.487718381125,0.129630761132153,0.85705883912167,0.657420147896263,0.998985201629715
135.8,0,277.911628449439,0.128198552289285,0.854064133620719,0.658090790928514,1
135.81,0,278.339274398182,0.129410928680878,0.852255160362445,0.657787555582269,0.999631177516636
135.82,0,278.770680883814,0.126135321249037,0.854069064868513,0.661176496049845,0.9994479492104
135.83,0,279.205871547178,0.126574579614469,0.854307826440627,0.66088972472752,0.999493815412416
135.84,0,279.644869002433,0.125031955671461,0.852462160265141,0.659849604757707,1
135.85,0,280.087694826365,0.127331137289399,0.852103037182118,0.658688125992306,0.998217605200773
135.86,0,280.534369547964,0.127348446951158,0.85100786847321,0.658113472681561,1
135.87,0,280.984912638251,0.125228594653469,0.853985533305405,0.660103265464919,0.997401152850595
135.88,0,281.439342500364,0.123951884160091,0.849124332454279,0.659110515263289,0.998612683097554
135.89,0,281.897676459906,0.12732937184953,0.8517634702968,0.658247183138001,0.998444231799479
135.9,0,282.35993075555,0.125519710510614,0.851263210596453,0.656966714020814,0.999897451881928
135.91,0,282.826120529918,0.123588715490334,0.851100760588277,0.660207459052164,1
135.92,0,283.296259820723,0.1231848834449,0.848991938126839,0.657812873661607,0.999706147447609
135.93,0,283.770361552195,0.125566192946168,0.850854618369017,0.657855625843058,1
135.94,0,284.248437526774,0.123168864457316,0.850107923619174,0.657530217661162,0.99752666682811
135.95,0,284.730498417092,0.122678186560694,0.847839548473543,0.659556063968788,0.999562756702574
135.96,0,285.216553758235,0.122613623161024,0.850102949069238,0.657048377326107,1
135.97,0,285.706611940297,0.119974005256639,0.849574856576237,0.65830628750035,0.998330700629909
135.98,0,286.200680201228,0.123461966192006,0.85106027694824,0.659045910894381,0.998845390781706
135.99,0,286.698764619981,0.12052773484556,0.84732636600602,0.660065948382151,0.999160605422596
136,0,287.200870109956,0.122441815781864,0.849895307944267,0.659388605190619,1
136.01,0,287.707000412755,0.12036612310169,0.848337664625594,0.659340032297325,0.99952467295537
136.02,0,288.217158092249,0.121271078687729,0.850067367643169,0.657328941742427,0.998577312358209
136.03,0,288.731344528956,0.121380558478863,0.849725937640034,0.658776592393715,1
136.04,0,289.249559914745,0.117924584678102,0.846796541015885,0.655865122471975,1
136.05,0,289.771803247864,0.120781149513369,0.84924078081597,0.659725222428071,1
136.06,0,290.298072328296,0.116286265894341,0.848521503380403,0.655922404506068,1
136.07,0,290.828363753453,0.120345162402955,0.848191489252134,0.660226578288363,0.997630724141964
136.08,0,291.362672914215,0.121297055651268,0.84620834734294,0.658238952616546,0.997014067749281
136.09,0,291.900993991305,0.118875404406642,0.847555475262051,0.657137847142619,0.99897071488648
136.1,0,292.443319952027,0.118722173241868,0.84545787715696,0.656900779834465,0.998802064979454
136.11,0,292.989642547349,0.118879882813725,0.845368894388648,0.65716112979821,1
136.12,0,293.539952309363,0.117280103132536,0.846232934055415,0.658264701318617,1
136.13,0,294.0942385491,0.118082723995232,0.848003518112741,0.656316623501436,1
136.14,0,294.652489354723,0.115046797398091,0.845317456059678,0.657663995911994,0.999418108269707
136.15,0,295.214691590104,0.117579103879908,0.847690208074032,0.657568522217366,1
136.16,0,295.780830893776,0.114459329917393,0.844173113451341,0.654799335213401,1
136.17,0,296.35089167829,0.116998796586088,0.846153628269753,0.659396429284024,0.997771139526179
136.18,0,296.924857129954,0.114676907452037,0.846688548180331,0.659887189982185,1
136.19,0,297.502709208982,0.114940977366758,0.846024284651978,0.656843900959851,0.999999889315715
136.2,0,298.084428650054,0.116669552627345,0.843568258451546,0.656251902363133,1
136.21,0,298.66999496328,0.110033818788037,0.844554465786575,0.656101031067463,1
136.22,0,299.259386435596,0.11241017943701,0.844366782562671,0.657999883873083,1
136.23,0,299.852580132578,0.115773674408499,0.843189576922106,0.659111876133354,1
136.24,0,300.449551900689,0.112461859067537,0.842562118920435,0.656170789935829,1
136.25,0,301.050276369965,0.110982573784934,0.8428950276575,0.654958213634573,1
136.26,0,301.654726957142,0.111270036901823,0.84452619855553,0.657729121256868,0.999784246312447
136.27,0,302.262875869239,0.110351426355297,0.844460530588801,0.655645418278564,1
136.28,0,302.874694107579,0.112761137937142,0.845224987018498,0.657374296384155,0.998759051662388
136.29,0,303.490151472293,0.109189338846565,0.843260784010302,0.65434428957057,1
136.3,0,304.109216567272,0.110315835765984,0.842480027069765,0.65758376348863,1
136.31,0,304.731856805593,0.110453430138555,0.842039536448527,0.654945239303104,1
136.32,0,305.358038415429,0.110070864092314,0.842823908879101,0.654798099082512,1
136.33,0,305.987726446437,0.109124954150207,0.842257215702908,0.655465372133091,1
136.34,0,306.620884776629,0.110279955461023,0.840450481109906,0.653515242881997,1
136.35,0,307.257476119735,0.108225872530368,0.842271680578518,0.653619058690002,0.999004559846194
136.36,0,307.897462033075,0.10737160932247,0.84252515142699,0.655431308086238,0.997803278351796
136.37,0,308.540802925911,0.10840512143398,0.843095817781288,0.651671395944841,1
136.38,0,309.187458068325,0.108818418448664,0.843421058849135,0.653942294067749,1
136.39,0,309.837385600595,0.108208993622017,0.840403964547115,0.655450091797909,1
136.4,0,310.490542543089,0.106821311900322,0.840071015940716,0.65254312763059,1
136.41,0,311.146884806675,0.107002711358127,0.840814563923395,0.656810878729586,1
136.42,0,311.806367203663,0.105319048315562,0.842630634045892,0.653862336193146,1
136.43,0,312.468943459253,0.107859872529614,0.843800950378243,0.654744627565246,0.999603966623993
136.44,0,313.134566223533,0.105964789306339,0.841648389267884,0.655936240951271,1
136.45,0,313.803187083997,0.106207439179419,0.840260525492957,0.651954507549124,1
136.46,0,314.474756578593,0.104802463431756,0.839126784354526,0.652957376896724,0.99954735572738
136.47,0,315.149224209323,0.104692642722201,0.840742785514869,0.652802361731519,0.999650497883495
136.48,0,315.826538456371,0.0991698570317752,0.840413630862688,0.65499109146586,1
136.49,0,316.506646792775,0.102014023217233,0.839973800068931,0.652051492696399,0.999751020401363
136.5,0,317.189495699638,0.104286702754362,0.841183627032136,0.65277256057916,1
136.51,0,317.875030681892,0.104740005800701,0.836321801224132,0.654373523969404,0.998003675956485
136.52,0,318.563196284603,0.101091510866885,0.840366807956867,0.652010573171254,1
136.53,0,319.253936109812,0.1010755574351,0.840624291847287,0.652433480000242,0.997939296413981
136.54,0,319.947192833938,0.101960927519876,0.838523482502439,0.653011985734419,0.998909999372414
136.55,0,320.642908225717,0.100976686050148,0.838562732068745,0.651405843328284,0.998798781572566
136.56,0,321.341023164687,0.101836660738541,0.838616195921544,0.650244466286993,0.99874301714103
136.57,0,322.041477660219,0.10006089795365,0.838656439856864,0.652125066561931,0.999508491762255
136.58,0,322.744210871093,0.100968354396812,0.837509568438816,0.64990697751772,1
136.59,0,323.449161125611,0.0970561327742375,0.838054950290352,0.648633516272931,0.99875115872588
136.6,0,324.156265942253,0.100624742885183,0.839322512055868,0.649994432803894,0.998089767217761
136.61,0,324.86546205087,0.0975831816573559,0.840232350884325,0.648980389404246,1
136.62,0,325.57668541441,0.0989206037499253,0.841096783086466,0.649359990239594,0.99918199133426
136.63,0,326.289871251173,0.0987111083591345,0.836381182081411,0.651006143624089,1
136.64,0,327.0049540576,0.0951472397068208,0.836356251454519,0.650793317639859,0.999988556901788
136.65,0,327.721867631574,0.0949798840252934,0.835177576120683,0.64796252631568,0.998375869039606
136.66,0,328.44054509625,0.0945035106435625,0.839231846671483,0.648851951530118,1
136.67,0,329.160918924394,0.0937000629303551,0.837712548947003,0.648002605133842,1
136.68,0,329.882920963226,0.0928836924558377,0.837232186953313,0.646761007126967,0.999362396259178
136.69,0,330.606482459766,0.0962716113634262,0.837644534110321,0.650239809076621,1
136.7,0,331.331534086683,0.0940513100948392,0.836518908696508,0.647456085019058,0.999943665531009
136.71,0,332.058005968617,0.093389542138868,0.836757494009576,0.647608902176866,0.999089400836523
136.72,0,332.785827708997,0.0924573935676048,0.836035330033293,0.648214905644467,0.99991870480506
136.73,0,333.514928417317,0.0946128001284541,0.837164063977906,0.648768315006813,0.998837890787891
136.74,0,334.245236736891,0.0948294190124406,0.836838816539168,0.649034075501442,0.999636414696252
136.75,0,334.976680873044,0.0909194077370783,0.836970785257026,0.647347800210931,0.998954739594709
136.76,0,335.709188621771,0.0935558310001385,0.837355668192203,0.648951579114722,1
136.77,0,336.442687398812,0.0936424763445764,0.835308466184604,0.650274806943129,0.998563387655859
136.78,0,337.17710426916,0.090869167147833,0.835021007385301,0.646422758067127,0.998239355500592
136.79,0,337.91236597699,0.09118414873049,0.835018745837061,0.647595953685323,0.998081295248896
136.8,0,338.648398975975,0.0900485651877033,0.836270870423404,0.64764521624973,0.999955085611874
136.81,0,339.38512946001,0.0920130762786298,0.837698442244145,0.646898319153254,1
136.82,0,340.1224833943,0.0912093394778513,0.834098739181375,0.648239342943817,0.99969699161413
136.83,0,340.860386546828,0.0905753175045127,0.835534839215983,0.647090986014748,1
136.84,0,341.598764520155,0.0895583174594702,0.835429535217901,0.64929527200095,0.997976799286575
136.85,0,342.337542783586,0.0898263229514353,0.834132699284608,0.64667076667115,0.99947287572917
136.86,0,343.076646705634,0.0870654862497661,0.835933682903033,0.6481122224368,0.99826097274106
136.87,0,343.816001586811,0.0865397674499357,0.835915970737077,0.648807281587505,1
136.88,0,344.555532692702,0.0904788603824947,0.834489878708682,0.646969235858269,0.999594271162499
136.89,0,345.295165287331,0.0846127327027753,0.834784938896719,0.64769757700139,0.99869857617547
136.9,0,346.034824666776,0.088814634474192,0.836470286222181,0.646861730275094,1
136.91,0,346.774436193037,0.0871815468444484,0.834346442719555,0.644679380596756,0.999624957482736
136.92,0,347.513925328135,0.0859212162461848,0.833063779879787,0.643983942907953,1
136.93,0,348.253217668418,0.0861928370646553,0.833273899372974,0.647854209772862,0.999424935131927
136.94,0,348.992238979069,0.0837602794273087,0.832965770629526,0.644834393468142,0.997335246767338
136.95,0,349.73091522878,0.0851573701049807,0.830427528322549,0.64294441866742,1
136.96,0,350.469172624597,0.0829682687502545,0.833891396223341,0.645677123357747,1
136.97,0,351.206937646888,0.081008040924538,0.836039953041667,0.647875367754396,1
136.98,0,351.944137084449,0.0829844830379187,0.834237612456082,0.645889545756658,0.999445942544162
136.99,0,352.680698069698,0.084634569186185,0.834381562323459,0.646680207641669,0.99630790030317
137,0,353.416548113953,0.0828160290121624,0.831579666735831,0.643221755485063,1
137.01,0,354.151615142775,0.0828600866577502,0.831186064099168,0.643948591371384,0.997894612475618
137.02,0,354.885827531348,0.0822757352320874,0.833027508576527,0.643036779093169,0.998972384110507
137.03,0,355.619114139876,0.0851198351159499,0.833126546870566,0.643398745443877,0.99970477313257
137.04,0,356.351404348985,0.0809263751654391,0.832108609139954,0.641104171122695,0.99984961056271
137.05,0,357.082628095106,0.0773474019491381,0.833933022557386,0.642268124790013,1
137.06,0,357.812715905802,0.0793953759138113,0.834130488803338,0.645389719152399,0.998838523766083
137.07,0,358.54159893504,0.079814401061834,0.833274574014059,0.643257573328697,0.999109377165137
137.08,0,359.26920899838,0.0788813991105876,0.833202434284419,0.644358824613867,0.996964281086192
137.09,0,359.995478608047,0.0788099528532444,0.834440072592125,0.644559617995968,0.999412034218913
137.1,0,360.720341007878,0.0797312363867874,0.833614379264428,0.643172546404914,1
137.11,0,361.44373020812,0.0789449118031878,0.834987075448522,0.645244295150998,1
137.12,0,362.165581020044,0.0759868968927725,0.832796326007828,0.644000483690653,1
137.13,0,362.885829090377,0.077808315216501,0.831000239618346,0.641933920699382,1
137.14,0,363.604410935507,0.0776848758804507,0.831281943787533,0.646027012291792,0.999842515687176
137.15,0,364.321263975445,0.0753595083260327,0.83204169778247,0.640428993591345,0.999731325770027
137.16,0,365.036326567532,0.0807392052595317,0.831457530658659,0.642468818159686,0.999834048685394
137.17,0,365.749538039859,0.0768614482198672,0.831305690672284,0.64341111744538,0.999578652997636
137.18,0,366.460838724375,0.0752048551722652,0.830835449349965,0.641640292365035,0.999956340277384
137.19,0,367.170169989674,0.0727712930709529,0.831452680251234,0.641733052259726,1
137.2,0,367.877474273421,0.0748582135822996,0.834692210081292,0.641830062990006,0.99903413427229
137.21,0,368.582695114417,0.072475150485016,0.833454278965719,0.644124568865922,1
137.22,0,369.285777184257,0.0734040999211188,0.832156759119286,0.640434160902262,1
137.23,0,369.986666318584,0.0756769280381095,0.834375583099922,0.641106715316693,1
137.24,0,370.685309547893,0.0739308034199598,0.830462015946094,0.639955188681736,1
137.25,0,371.381655127884,0.0725448514095912,0.82826583730643,0.642733754924803,1
137.26,0,372.075652569335,0.0745277790666292,0.831999222558876,0.642755973944305,0.997435489479836
137.27,0,372.767252667473,0.0726361929746073,0.829761539144115,0.643665697584376,0.999120061890781
137.28,0,373.456407530819,0.07183035300933,0.831238746387996,0.643478827611119,0.997274486096461
137.29,0,374.1430706095,0.0724319986057272,0.833545226333106,0.645293773772766,0.999397153793939
137.3,0,374.827196722997,0.0740432215957934,0.834523641038067,0.642487313452583,1
137.31,0,375.508742087307,0.0713657528543556,0.831462685660523,0.641007702212378,0.997392825569709
137.32,0,376.187664341515,0.0718820746987406,0.831440552476332,0.642497543542471,1
137.33,0,376.863922573736,0.0726622038907575,0.832918998693871,0.64046167484061,0.999249654962336
137.34,0,377.537477346435,0.068499254892459,0.831748468023532,0.640743152331953,0.999625849357785
137.35,0,378.208290721072,0.0690448058838804,0.832318264011987,0.642862898377339,1
137.36,0,378.876326282096,0.0697976701005799,0.830880861002454,0.641020518058778,1
137.37,0,379.54154916023,0.069632166728134,0.829478223329044,0.644603685417242,1
137.38,0,380.203926055068,0.0662602341262358,0.829482438901905,0.64207347897992,1
137.39,0,380.86342525693,0.0706975675812257,0.829048371220389,0.640647657743219,0.996939385969929
137.4,0,381.520016667998,0.068990515167186,0.830674613447929,0.640148883911299,0.999349623618161
137.41,0,382.173671822684,0.0686867976830088,0.831374552131864,0.639442533549387,0.999377175402285
137.42,0,382.824363907243,0.0668316163704927,0.832071672037513,0.638978486852062,0.999268059892747
137.43,0,383.472067778594,0.0655120079038556,0.831769806410397,0.640112415269151,1
137.44,0,384.116759982349,0.0659194962605089,0.830998764164697,0.641917246929688,1
137.45,0,384.758418770037,0.0649808181138948,0.831409602932703,0.643038174880161,0.997158281494174
137.46,0,385.397024115507,0.0654629447475782,0.832052383610776,0.641872644860328,0.999176118149818
137.47,0,386.032557730494,0.0654696200869287,0.829398025591454,0.640590953789865,1
137.48,0,386.665003079354,0.0623311199275604,0.82808925890308,0.643038742903868,1
137.49,0,387.29434539293,0.0625161508608544,0.831554791853942,0.641666620898054,1
137.5,0,387.92057168157,0.0638155821472616,0.831987793437768,0.640238425804028,0.996182921022334
137.51,0,388.543670747259,0.0647254323749709,0.831892912581565,0.641422556802316,0.998362174119054
137.52,0,389.163633194887,0.0629185237146883,0.831188071935616,0.644583846603014,0.999607734135348
137.53,0,389.780451442614,0.0636702475528509,0.830630704998376,0.642180213453167,1
137.54,0,390.39411973135,0.062292765758816,0.831058011924666,0.641897330979726,1
137.55,0,391.004634133323,0.0622622765167938,0.832846057693323,0.642776500144358,0.998610464721744
137.56,0,391.611992559755,0.0616160794809815,0.83371971979459,0.642115104952145,0.998090043875527
137.57,0,392.216194767606,0.0611669355500581,0.831218112705061,0.642402269362311,1
137.58,0,392.817242365423,0.0614379602643334,0.830690800837938,0.641942272766693,1
137.59,0,393.415138818249,0.0615600490928967,0.829378880317345,0.640592379888786,0.999236776180278
137.6,0,394.009889451626,0.0617342592652469,0.83295155000909,0.639906767085979,1
137.61,0,394.601501454657,0.0601931146254427,0.829032269603641,0.639759003043866,1
137.62,0,395.189983882155,0.0592839293768928,0.829247077838174,0.640786980311874,1
137.63,0,395.775347655851,0.0614169262893437,0.834351177588225,0.644596164166221,1
137.64,0,396.35760556469,0.0601528570120742,0.832047587829311,0.64382873424499,1
137.65,0,396.936772264183,0.0613071755460117,0.830749615106738,0.641955597298233,1
137.66,0,397.512864274847,0.0596847837123683,0.832508000205009,0.643049303179624,1
137.67,0,398.085899979711,0.0591534803770858,0.832511923333231,0.643642966419888,0.999405802342747
137.68,0,398.655899620905,0.0596136471225843,0.829787379171232,0.642752843582271,0.999859598439973
137.69,0,399.222885295333,0.062434397589625,0.828941689753753,0.64270878352504,0.998318783464421
137.7,0,399.786880949428,0.0589733149883765,0.831749698623964,0.641675713571621,0.998351106061095
137.71,0,400.347912372997,0.0587587630998423,0.829479548540113,0.642577080089362,1
137.72,0,400.906007192167,0.0587983814840906,0.834744989618201,0.641695263687604,1
137.73,0,401.461194861423,0.0589487583623298,0.831332692407623,0.644306313707303,0.99814040439714
137.74,0,402.013506654766,0.057916317202811,0.833135708402434,0.64093407577422,0.996588104498242
137.75,0,402.562975655982,0.0565633788480581,0.831632956651984,0.639353470555147,1
137.76,0,403.109636748022,0.0560823592406791,0.832997708495893,0.641617520234449,1
137.77,0,403.653526601535,0.0561616789286524,0.831217056208022,0.643292894282675,1
137.78,0,404.194683662527,0.0568152385106016,0.834975303925155,0.644581420253201,0.999667293219968
137.79,0,404.733148139169,0.0565809211689998,0.832032615174411,0.64348166058614,0.999584040450269
137.8,0,405.268961987771,0.0567202028178076,0.831060213602529,0.644256188599116,0.998780588185846
137.81,0,405.802168897928,0.0572669965443977,0.830164148975942,0.647549227019288,1
137.82,0,406.332814276839,0.0551374160535102,0.830090330441352,0.641967846290769,0.999654084667533
137.83,0,406.860945232823,0.0578374081247367,0.832723746832647,0.644911628755981,0.99882098438936
137.84,0,407.386610558045,0.055066114353404,0.831910996053748,0.641527737100547,1
137.85,0,407.909860710455,0.0544056183975106,0.832136646163668,0.645270987241529,1
137.86,0,408.430747794955,0.0554426054339134,0.832909871437091,0.642716245938623,1
137.87,0,408.949325543817,0.0564585319424386,0.833980959803081,0.643766715463796,1
137.88,0,409.465649296359,0.0550340629461829,0.836291851817735,0.645667875020032,0.999638426912219
137.89,0,409.97977597788,0.0552693591342416,0.830454025831875,0.648392529504835,1
137.9,0,410.491764077904,0.0527408079049146,0.835313675406009,0.644488655214239,1
137.91,0,411.001673627706,0.0543544216636992,0.834577285073971,0.646146979272103,1
137.92,0,411.509566177169,0.0548990135867169,0.833550046959101,0.644118407204548,1
137.93,0,412.015504770965,0.0538755730456167,0.834767851857884,0.645677166060844,1
137.94,0,412.519553924094,0.0518968335028008,0.832708354823211,0.643701977975618,1
137.95,0,413.021779596778,0.0520960832369348,0.83065078442223,0.647815941090265,1
137.96,0,413.522249168743,0.0504675288503157,0.832761923707116,0.646077426218789,1
137.97,0,414.021031412901,0.052493104989089,0.832795053387875,0.646918194570556,1
137.98,0,414.518196468446,0.0539274897587912,0.835852935783826,0.643699309240231,0.99881271104374
137.99,0,415.013815813378,0.0516094780705747,0.833370445055682,0.645548361812579,1
138,0,415.507962236482,0.050487530421458,0.830628701492602,0.648983567675527,1
138.01,0,416.000709808778,0.0520738912457682,0.835127596040639,0.64415362143443,1
138.02,0,416.492133854447,0.0493909280723253,0.833104216362385,0.645239929282548,0.999043787327941
138.03,0,416.982310921267,0.0519917472669483,0.834085608423942,0.648850240978337,0.99674922088557
138.04,0,417.471318750568,0.0476301086359672,0.835667136400791,0.646234569776865,0.998561521729532
138.05,0,417.959236246729,0.0502297756631626,0.834910787555276,0.648505827963103,0.99947608480566
138.06,0,418.446143446224,0.0509194120276791,0.835220659455891,0.64944789725657,1
138.07,0,418.932121486253,0.0521677725221065,0.835131251479023,0.645821083075187,0.998316208166293
138.08,0,419.417252572952,0.0510668435798333,0.833605068521184,0.646179250093304,1
138.09,0,419.90161994924,0.047462409319563,0.836096664695827,0.648139214433562,0.997576102848279
138.1,0,420.385307862262,0.0471015152745051,0.833861725346746,0.648331778235582,1
138.11,0,420.868401530503,0.0494528010786659,0.833837049999689,0.645823092740759,0.997962538972695
138.12,0,421.350987110563,0.052069117318788,0.836454328690966,0.648394102577575,1
138.13,0,421.83315166361,0.0493342532072391,0.835763701399836,0.647001127507966,0.999027314014902
138.14,0,422.314983121534,0.0489548879818334,0.833040879429667,0.647964203546325,1
138.15,0,422.796570252827,0.048030041790376,0.833297504349111,0.648344061167504,0.998256650654706
138.16,0,423.278002628196,0.0460853996514558,0.83767542382204,0.64934199727302,1
138.17,0,423.759370585924,0.047911069646044,0.833085112993741,0.649624563209431,0.999184799034359
138.18,0,424.24076519701,0.0470035315818544,0.837718767649499,0.650102517304899,0.999846720343687
138.19,0,424.7222782301,0.0458120220476128,0.833079684914606,0.651703974706883,0.999897927742869
138.2,0,425.204002116209,0.0464362699689494,0.834357176212066,0.648397123126282,1
138.21,0,425.686029913284,0.04710973901248,0.834034943828299,0.648292745347114,1
138.22,0,426.168455270594,0.045583165545162,0.836909367636762,0.651303131306776,0.998055802224728
138.23,0,426.651372392974,0.0460246444852647,0.836061541531661,0.650320729340327,1
138.24,0,427.134876004954,0.0469971379544551,0.833111067002451,0.652572592619427,0.999992825381852
138.25,0,427.619061314763,0.0447854750212425,0.835180885051468,0.651227938145303,0.999011351872079
138.26,0,428.104023978234,0.0464371239229699,0.8347096915712,0.648107934344319,0.999570125854208
138.27,0,428.589860062644,0.0455872311218398,0.836835492861218,0.65004589908626,1
138.28,0,429.076666010472,0.0446597919493208,0.840314427638955,0.649862919367829,1
138.29,0,429.564538603113,0.0455393245718368,0.837635337559326,0.651980427227508,0.998438780587754
138.3,0,430.053574924553,0.0448447617879679,0.839900713644659,0.652848314215824,0.998941740295557
138.31,0,430.543872325026,0.042790443384775,0.834451031888469,0.653111409185986,0.998355162555276
138.32,0,431.035528384657,0.0471716159805898,0.835662717171754,0.651210188942762,0.998197153638032
138.33,0,431.528640877115,0.0457864970594932,0.835848736966079,0.653553175411449,0.999168301840477
138.34,0,432.023307733282,0.0437788160655357,0.837419237446993,0.650209464784405,0.998568020436094
138.35,0,432.51962700496,0.0472942373322541,0.839651651493809,0.650041633477844,1
138.36,0,433.017696828614,0.0449947588300571,0.83595017369239,0.651896708424796,1
138.37,0,433.51761538918,0.0419941831486096,0.836925519808694,0.651562174317105,0.998592423068076
138.38,0,434.01948088394,0.0413291156297088,0.840078125637614,0.651635905314284,1
138.39,0,434.523391486477,0.0448464361183489,0.835848589417393,0.652187543194427,1
138.4,0,435.029445310728,0.0442183333553277,0.837132450007513,0.651753232459104,0.999844062306899
138.41,0,435.537740375135,0.0439321377476027,0.836399652098298,0.652445865464862,0.998255647935795
138.42,0,436.048374566916,0.0434358980108754,0.840210303290922,0.653061744710454,0.999300526943571
138.43,0,436.56144560646,0.0404889930726729,0.838193071533874,0.653999830790895,0.998774829473441
138.44,0,437.077051011856,0.0428830270664628,0.839105331730326,0.654883709100648,1
138.45,0,437.595288063574,0.0419671981275843,0.837767348805224,0.653189206229263,0.998739028993375
138.46,0,438.116253769291,0.0436293563121391,0.838672582033411,0.652974965375607,0.998554015178302
138.47,0,438.640044828897,0.0449633105224453,0.838838477058652,0.656959785687957,1
138.48,0,439.166757599658,0.0408296527731319,0.841019348134948,0.654274446800167,0.998455259498164
138.49,0,439.696488061571,0.0435553952341105,0.839560489575487,0.656399204451939,0.99911924654075
138.5,0,440.22933178291,0.0408321819566503,0.841521905349791,0.653504622183737,0.998171748850487
138.51,0,440.765383885968,0.040025106368095,0.840724934311023,0.654667613851858,1
138.52,0,441.304739013005,0.0417695431551074,0.840359494012456,0.656451860797873,1
138.53,0,441.847491292413,0.0395299649926066,0.839874256724419,0.65664867056646,0.998412309134412
138.54,0,442.393734305101,0.0401926023403358,0.837732362910047,0.654066155004312,0.999979035515266
138.55,0,442.943561051101,0.0429169429983258,0.839923223817878,0.655509593844811,0.9999181250801
138.56,0,443.497063916426,0.0409799924365627,0.84183635928646,0.654971217551203,1
138.57,0,444.054334640147,0.0384319382872087,0.840110224569386,0.653407281603982,1
138.58,0,444.615464281738,0.039906855310751,0.841579190743627,0.654477013623237,0.997670164993016
138.59,0,445.180543188658,0.037354819826501,0.840688619577747,0.656181940639543,0.999038226458358
138.6,0,445.749660964201,0.0372530465912462,0.840554499285908,0.656915351973555,1
138.61,0,446.322906435609,0.0373806872151121,0.839315243723551,0.655617181044524,1
138.62,0,446.900367622451,0.037696550058015,0.841081661473923,0.657447636543257,1
138.63,0,447.482131705276,0.0385850688939454,0.844155745816166,0.656417930780406,1
138.64,0,448.068284994554,0.0389490862568841,0.842320984076629,0.656832024546964,0.997830384083831
138.65,0,448.658912899889,0.0383575221777008,0.84045535531104,0.656773318747077,0.998871198457862
138.66,0,449.25409989953,0.0387833989532324,0.841019910782621,0.653943868107105,1
138.67,0,449.85392951016,0.037304054155756,0.842575027882948,0.658146901355125,0.997673036375025
138.68,0,450.458484257005,0.0364261952579773,0.841089954205942,0.654930381031368,0.997620159234589
138.69,0,451.067845644224,0.0382419469649586,0.841761629718669,0.655708935750567,0.998234567408234
138.7,0,451.682094125612,0.0362216762881641,0.840797763767269,0.654549798453746,0.999249317853073
138.71,0,452.301309075603,0.0369533472168711,0.844060213918735,0.65600153485575,1
138.72,0,452.925568760603,0.0346162191389411,0.841952453036444,0.65607617755407,1
138.73,0,453.554950310613,0.0346702934406323,0.845167220030303,0.654756241682555,0.999660695444675
138.74,0,454.189529691196,0.0342204514854339,0.841411670587459,0.654389178085957,1
138.75,0,454.829381675744,0.0352581870338669,0.84334304491116,0.655091527230562,0.999574405675471
138.76,0,455.474579818092,0.0343877715246019,0.846636175948736,0.6575215771044,1
138.77,0,456.125196425442,0.0341201045807167,0.843418048843572,0.658126249251438,1
138.78,0,456.781302531629,0.0346865042657124,0.843800782945112,0.656782107263716,1
138.79,0,457.442967870719,0.0323573582373242,0.84480161097485,0.65654244055719,0.999197676268035
138.8,0,458.110260850949,0.0355003793333237,0.84267647379475,0.659158990916887,0.999999816182268
138.81,0,458.783248529004,0.0322506988032071,0.846834602250161,0.657633707209355,1
138.82,0,459.461996584642,0.0313285708796734,0.84519307290387,0.659389114236564,1
138.83,0,460.146569295662,0.0314711735004964,0.843924468201905,0.657522104453891,1
138.84,0,460.837029513232,0.0323550297546804,0.84588634538994,0.655817993647145,0.996676340838527
138.85,0,461.533438637561,0.0312747412851662,0.846252112156341,0.65940611246137,0.999707385822239
138.86,0,462.235856593938,0.033123147081713,0.846493000585557,0.6556768770296,0.998974023599217
138.87,0,462.944341809125,0.0333418535517478,0.846342022200791,0.656965988308674,0.999626433439992
138.88,0,463.658951188121,0.0305167473245401,0.844645522656454,0.657927951661071,0.998575751550029
138.89,0,464.379740091285,0.0304936245002742,0.847659394453303,0.658322964494654,1
138.9,0,465.106762311843,0.0272898379609072,0.845725675500466,0.656518368807149,1
138.91,0,465.840070053761,0.0303261386921003,0.847275329006317,0.659933387195006,1
138.92,0,466.579713909998,0.0290977301981678,0.847704355104362,0.659087391492654,1
138.93,0,467.325742841149,0.0314976378843949,0.850097612478368,0.6590164982691,1
138.94,0,468.07820415447,0.0295526270641793,0.845894868729465,0.657138069694839,1
138.95,0,468.837143483291,0.0319050094986937,0.849375890296516,0.663525675496859,1
138.96,0,469.602604766837,0.028597480762566,0.848076402928336,0.657118507466664,1
138.97,0,470.374630230437,0.0311743864505538,0.847686384192615,0.656855188301854,0.998197938953155
138.98,0,471.153260366142,0.0265978046733008,0.849731177540054,0.656422796068231,0.999764299966064
138.99,0,471.938533913761,0.0244090792037607,0.850045444104804,0.660632048960817,0.998451467059278
139,0,472.730487842299,0.0280564300645641,0.846906905721635,0.657390034658242,1
139.01,0,473.529157331825,0.0267238197645041,0.851403698369336,0.655016907791319,0.997959894866274
139.02,0,474.334575755761,0.0280278259616866,0.849164347078419,0.660073363857885,1
139.03,0,475.146774663599,0.0261873569988755,0.849299039976682,0.658918990519781,1
139.04,0,475.96578376407,0.0261687429987957,0.852736757152925,0.659365246592845,0.998892335340883
139.05,0,476.791630908732,0.026422861182088,0.852622300834018,0.657072318242382,1
139.06,0,477.624342076031,0.0250683423642171,0.851442492837671,0.657135629961832,1
139.07,0,478.463941355797,0.0243643265226803,0.848564077920259,0.658597156300427,1
139.08,0,479.310450934216,0.0246367830880003,0.85175475826524,0.660306983258346,0.999514283407572
139.09,0,480.163891079265,0.0250423971302027,0.851099870865317,0.65876520708407,0.99992601467539
139.1,0,481.024280126621,0.0220006777569408,0.849096571420017,0.657848898734384,1
139.11,0,481.891634466054,0.0237965985273103,0.851179083587963,0.659050150747047,0.999568597261361
139.12,0,482.765968528314,0.0228313288882604,0.854739268813298,0.657992985555758,0.998872032297195
139.13,0,483.647294772507,0.0213540415787179,0.851265489862751,0.656253328051511,0.999260650388453
139.14,0,484.535623673982,0.0221967974317299,0.852807863389075,0.656798673558835,1
139.15,0,485.430963712732,0.0200610896689096,0.851057798105055,0.658591994854088,0.998906025539303
139.16,0,486.333321362313,0.0225349026272972,0.853910106830945,0.656255952594341,0.999864270435012
139.17,0,487.242701079292,0.0208387739846257,0.852718963773872,0.659181803839677,1
139.18,0,488.159105293237,0.0181382921126633,0.854531112224094,0.656104949004311,1
139.19,0,489.082534397249,0.0199964414306676,0.855163217986918,0.657153591320309,0.998442749367251
139.2,0,490.012986739056,0.0206377961876125,0.854262037905265,0.659354331002844,1
139.21,0,490.950458612662,0.0184282873255136,0.854911829190625,0.658309616085609,1
139.22,0,491.894944250583,0.0191626962863117,0.854457935890268,0.659063509221289,0.999562525340174
139.23,0,492.846435816649,0.0169459075916674,0.853600164838084,0.659148950115891,0.99862753219177
139.24,0,493.80492339942,0.0185898415189356,0.856044317444707,0.658443887577124,1
139.25,0,494.770395006185,0.0183461314782923,0.854798076058265,0.657569749807162,0.998761741936444
139.26,0,495.742836557582,0.0176929281396696,0.855727785320249,0.657287823385885,0.999257285049523
139.27,0,496.722231882843,0.0182557815132122,0.853633463170915,0.659264331297092,0.998482347236164
139.28,0,497.708562715666,0.0176577588460143,0.854078667181012,0.657637049965323,0.999453533249922
139.29,0,498.701808690732,0.0170771062783962,0.854785197076287,0.65652562620396,0.999333043441732
139.3,0,499.701947340869,0.0166349171252714,0.856564617982115,0.659290184937129,1
139.31,0,500.70895409489,0.0164796149604181,0.858227445404071,0.659022027093701,0.998416628541891
139.32,0,501.72280227609,0.0146353575715432,0.858671774551169,0.65720804171027,0.997241094768639
139.33,0,502.743463101447,0.0130619184504231,0.855699185106744,0.657190532503904,1
139.34,0,503.77090568149,0.0170949746012239,0.856316815006255,0.652235114975779,0.997724225019362
139.35,0,504.805097020898,0.0123708494101138,0.85760123166496,0.656232557995069,0.997568073982864
139.36,0,505.846002019798,0.0134851026844112,0.854578975120487,0.657197268260293,1
139.37,0,506.893583475794,0.0126809651195,0.85708237351563,0.657049836211612,0.997521849360186
139.38,0,507.947802086732,0.0150889445703103,0.859610677568511,0.655155703732376,0.999799809529128
139.39,0,509.008616454215,0.0149236975340713,0.858280695178878,0.655734857989228,1
139.4,0,510.075983087871,0.0114852283756654,0.859209388621026,0.657011929528553,1
139.41,0,511.149856410387,0.0123254585720495,0.858447432350764,0.653509699868649,1
139.42,0,512.23018876333,0.0133698111996986,0.859310191973863,0.651936891332174,1
139.43,0,513.316930413743,0.011275112536553,0.859023066942424,0.657940690596817,1
139.44,0,514.410029561553,0.0110887003198029,0.861126127962067,0.654231602576575,0.999533019676155
139.45,0,515.50943234778,0.00879245239070855,0.858996268518508,0.655710992984779,1
139.46,0,516.615082863561,0.0110050296762551,0.85857513233974,0.652741905026544,1
139.47,0,517.726923160008,0.0106594726476254,0.860318888149388,0.655674016461441,1
139.48,0,518.844893258903,0.0095484856171582,0.86236583979281,0.655152620998706,1
139.49,0,519.968931164232,0.00816577204333901,0.862197960792745,0.654630129584274,1
139.5,0,521.09897287458,0.00706855968399062,0.858667932300041,0.654669698975609,0.999715779414698
139.51,0,522.234952396396,0.00904061736151958,0.857742974861249,0.654247377491987,0.999588106741125
139.52,0,523.207545074572,0.0102980583094455,0.861915435807613,0.65546971536762,1
139.53,0,524.060894768023,0.006487994840568,0.861679570258303,0.656102789036704,0.997035039437344
139.54,0,524.925926579199,0.0068173246178201,0.861867006360373,0.653711085608203,1
139.55,0,525.755798734512,0.00680517445009949,0.863875043798841,0.654211159700851,1
139.56,0,526.368133838696,0.00604127662110069,0.862743565924384,0.653510136348583,0.998069263446674
139.57,0,526.971300261004,0.00694119345900777,0.862406627128051,0.652808884114729,0.999139279609054
139.58,0,527.580321756654,0.00556675532308003,0.864011387106684,0.653341648859236,0.99925536576839
139.59,0,528.077935847497,0.00518430480048439,0.862757837283837,0.656276881065881,0.998759045039634
139.6,0,528.494395651541,0.00529124308007246,0.863895361638574,0.652029757987419,0.999984671585846
139.61,0,528.918353821938,0.00504197886415605,0.864910388807064,0.652206516405987,1
139.62,0,529.327250720378,0.00346126872449471,0.867065467288648,0.654659795300443,0.998856617650722
139.63,0,529.639929064488,0.00433418105208301,0.866256442397435,0.653023733998976,1
139.64,0,529.949153799278,0.005971812918017,0.866692477880858,0.653763426564743,0.998974962494125
139.65,0,530.261559314372,0.00434455255994189,0.865655993781359,0.654763253760817,1
139.66,0,530.574061070286,0.00411219982833358,0.867184811207423,0.653405595457542,1
139.67,0,530.887112662107,0.00498177623715834,0.867730278867759,0.650149744492101,0.998907065202157
139.68,0,531.20197923125,0.00343477932844729,0.865799672801076,0.651442189735692,1
139.69,0,531.518047385042,0.00324561410973844,0.868966929878828,0.653745795674763,0.998619846313867
139.7,0,531.833243528718,0.00348346943559772,0.868530044510938,0.649727572065555,1
139.71,0,532.149702417257,0.00465743818226928,0.86583507586817,0.64971584597833,1
139.72,0,532.467473408888,0.00467037632593649,0.866275730446879,0.648423593597269,0.998579995012573
139.73,0,532.784683062761,0.00419687954299571,0.869953847953235,0.651415384695333,0.999294757803068
139.74,0,533.101675658145,0.00341279495484048,0.866970116010553,0.651109203286132,1
139.75,0,533.419677277262,0.00372106033283429,0.867026254211781,0.652899791367447,0.998444422624081
139.76,0,533.738070705558,0.00585942958509389,0.871427303721812,0.649941345105469,0.997573213665841
139.77,0,534.054772022832,0.0057623208368181,0.868643448750882,0.649454938864199,1
139.78,0,534.371918368494,0.00265701020007167,0.872234195834146,0.649786929819112,0.997843485944276
139.79,0,534.689555678682,0.0023143368439069,0.868596208625826,0.65196806255277,1
139.8,0,535.005779127184,0.0029387909057019,0.867286365535543,0.64751387012943,0.996707015007622
139.81,0,535.320937124607,0.00610288643384801,0.866725729984519,0.650013282147156,0.999268690143455
139.82,0,535.636274328593,0.00198142552625309,0.869329931318178,0.649845455523851,0.999861714009193
139.83,0,535.951168928266,0.00312587587249427,0.870721592513104,0.650060580358758,0.998053053958364
139.84,0,536.26353097709,0.00395711217793605,0.866963868981946,0.648631976315376,0.998709974242798
139.85,0,536.575500110259,0.00142054256305627,0.872676020442164,0.649610291820485,1
139.86,0,536.887120981198,0.00423485736159853,0.87159568762233,0.645158032826837,0.998774663317771
139.87,0,537.196544642081,0.00110695834084507,0.874844489421516,0.649766376439563,1
139.88,0,537.50410361425,0.0032803301742917,0.871873051328532,0.649342023399303,1
139.89,0,537.810997647548,0.00365922540574881,0.870884010567741,0.646898137897801,1
139.9,0,538.116623842277,0.00256897085233435,0.873467142305227,0.648374878814823,0.999557515957469
139.91,0,538.418969285324,0.00320354248679461,0.872577311376949,0.647742093017842,1
139.92,0,538.720086172865,0.00202781784981746,0.873122915506067,0.647639415113935,0.998861773362
139.93,0,539.020013602281,0.00434242868597562,0.873182312193053,0.648327246986276,1
139.94,0,539.316961387514,0.000493658126186467,0.873166576351431,0.644710599592273,1
139.95,0,539.611248793112,0.00131400551447236,0.874267600566852,0.649182698153812,1
139.96,0,539.904033741571,0.000176257658020288,0.874315349721841,0.651965596100527,0.998252144076586
139.97,0,540.194734774658,0,0.875692386644939,0.650513662575833,1
139.98,0,540.481418876213,0,0.873637404059973,0.646620543562752,0.999731628511352
139.99,0,540.766052955224,0.000699273664746148,0.876299494032087,0.64641817877427,0.999074877565557
140,0.3,541.048673035574,0,0.875047486817668,0.647937822251729,1
140.01,0.3,541.327581637057,0.00243378688156255,0.876080993240697,0.645774731076096,1
140.02,0.3,541.603079021847,0,0.87473421698811,0.646342175688189,1
140.03,0.3,541.876259445075,0.00158768951476019,0.875443374377096,0.644451134218872,0.997223529795451
140.04,0.3,542.145780769957,0.00240527998086015,0.873485033896496,0.646971776099262,0.997750081669027
140.05,0.3,542.406180335168,0.000102098186158835,0.879701909998582,0.645758256917856,0.998332092313908
140.06,0.3,542.663484277111,0.000934744441213299,0.874873199693859,0.646158001704831,0.999498337211527
140.07,0.3,542.918028759057,0.0002779663498749,0.874204223025989,0.645441774124332,1
140.08,0.3,542.972741660183,0,0.879539724215463,0.646288922783732,0.998399478637158
140.09,0.3,542.972741660183,0.00205108088486718,0.875576792337463,0.644434818506814,0.99887461839548
140.1,0.3,542.972741660183,0.000302520181292854,0.876992761934349,0.645286739809089,0.999567918638263
140.11,0.3,542.972741660183,0.00154420184804559,0.879112847564731,0.644592907653412,1
140.12,0.3,542.972741660183,0.000598127965714487,0.87651113164954,0.646402064138658,0.997954663568623
140.13,0.3,542.972741660183,0.000472195028436036,0.877728187544672,0.643874307088834,0.997781113582532
140.14,0.3,542.972741660183,0,0.877998041062262,0.645343758028023,0.999546601360036
140.15,0.3,542.972741660183,0.00408768865543673,0.877274788639554,0.645855262023204,0.999814532723748
140.16,0.3,542.972741660183,0.00165754688332467,0.880617727415788,0.643630988181721,0.99966856534183
140.17,0.3,542.972741660183,0.00141668886789904,0.878283641769183,0.645117612671724,0.997041466100178
140.18,0.3,542.972741660183,0.000861199367790404,0.88042911261518,0.645598443028692,1
140.19,0.3,542.972741660183,0,0.879944691445558,0.642945503517863,1
140.2,0.3,542.972741660183,0.00122235622075011,0.88092093743592,0.645617175432417,1
140.21,0.3,542.972741660183,0,0.881260431269915,0.645822401649111,1
140.22,0.3,542.972741660183,0.0012445027463992,0.882690745373834,0.645075756019853,1
140.23,0.3,542.972741660183,0.00126638184599753,0.879236208068361,0.643528157592902,1
140.24,0.3,542.972741660183,0,0.883145605094941,0.643155177348496,1
140.25,0.3,542.065687318395,0.00136702507355635,0.879614694629313,0.642429165411739,1
140.26,0.3,541.315908165276,0.00195097112196515,0.882066287725863,0.642286594212151,0.999698303435538
140.27,0.3,540.732261265098,0.00204214493110774,0.885459872249115,0.641874990178543,1
140.28,0.3,540.125653588085,0.00119813975788851,0.882731454224713,0.643370855544486,0.999583209732406
140.29,0.3,539.516492639383,0.000698215618470526,0.882400970511885,0.642476422679417,1
140.3,0.3,538.903598695046,0.00277175358792012,0.885773187006903,0.643155802680758,0.999602364344697
140.31,0.3,538.286915944839,0.00109823991547789,0.883150795936978,0.645244344128407,1
140.32,0.3,537.666402378403,0.00525901864789529,0.882947944679324,0.64144713961292,1
140.33,0.3,537.042009747654,0.00255927420494726,0.886524787750598,0.639617544206032,0.997482749085871
140.34,0.3,536.413693119567,0.00239176321661375,0.883929372375054,0.644194123861875,0.999881490313108
140.35,0.3,535.781409922913,0.00410276441452974,0.883393283645044,0.645110491030708,0.999786491414443
140.36,0.3,535.145120011631,0.00385240051891848,0.885618918214904,0.641404702890802,1
140.37,0.3,534.504785678082,0.00283454104854846,0.882449130009138,0.641785637902261,0.999823993979526
140.38,0.3,533.860371664146,0.00650033931459834,0.885810049175974,0.645949233528406,0.998115084771866
140.39,0.3,533.21184517156,0.00422120026831509,0.881488094566821,0.64270138396279,0.998494510439616
140.4,0.3,532.559175871009,0.00587464781231559,0.886433895675088,0.640593002984223,0.997318104853522
140.41,0.3,531.90233591003,0.00432089100576071,0.885437311981169,0.64245741301343,0.998822288103894
140.42,0.3,531.241299919686,0.00465865239518983,0.885610164620696,0.642055821540448,0.999605889311117
140.43,0.3,530.576045020036,0.00305625346432877,0.886928019624066,0.642270633191784,1
140.44,0.3,529.906550824367,0.00481631036117923,0.88765361611109,0.640980850982713,0.999596841841123
140.45,0.3,529.232799442214,0.00438744336970791,0.886305461114229,0.643751806708414,1
140.46,0.3,528.554775481142,0.00334906131452665,0.888640961380767,0.639959682788153,1
140.47,0.3,527.87246604729,0.00502482009236135,0.88805448737131,0.640535556409576,0.99879661237324
140.48,0.3,527.185860744691,0.00705828759034542,0.889836899959711,0.643114871173039,0.997279063621943
140.49,0.3,526.494951673347,0.00669551694185081,0.887577262067712,0.639635433884458,0.99999586227336
140.5,0.3,525.79973342608,0.00735510913095121,0.889878426502514,0.641060502113664,0.997813201123114
140.51,0.3,525.100203084135,0.00873817882011319,0.888275858295431,0.640694776167692,0.999002868085249
140.52,0.3,524.396360211564,0.00860081009406435,0.889506007714013,0.64274403901027,0.999661962930459
140.53,0.3,523.688206848382,0.00720292824597015,0.888630953339335,0.642667250619507,1
140.54,0.3,522.975747502487,0.010361509333768,0.889375233430273,0.642459882835025,0.999306840996256
140.55,0.3,522.258989140379,0.00907692854867878,0.890345705819684,0.640403383577523,1
140.56,0.3,521.537941176646,0.00512980373016063,0.891309762434568,0.642570639213316,0.999543430236186
140.57,0.3,520.812615462263,0.00778909190341585,0.89291270775393,0.642159874702611,0.999828427293511
140.58,0.3,520.083026271681,0.00961429525135086,0.892451185099078,0.639524922250407,1
140.59,0.3,519.34919028873,0.00825996135729281,0.891546220224377,0.641065180005055,0.999863380188547
140.6,0.3,518.611126591343,0.0100172163024937,0.889322035367384,0.639744236637256,0.999701273051092
140.61,0.3,517.868856635112,0.00917637018634207,0.890608787401287,0.638611288081865,0.998317366595667
140.62,0.3,517.122404235684,0.00844068316252219,0.892530772915857,0.639972821760514,1
140.63,0.3,516.371795550007,0.0122925589928995,0.89293000073125,0.64011156466238,1
140.64,0.3,515.617059056456,0.0114551157181851,0.893064814878612,0.643094088775957,0.998850495866397
140.65,0.3,514.858225533829,0.0132517691288216,0.891498437796716,0.640875473819057,1
140.66,0.3,514.095328039249,0.0134236284669073,0.892920367116191,0.64180713829444,0.998209068222619
140.67,0.3,513.328401884966,0.0113646978545089,0.8941424140706,0.642153884684661,1
140.68,0.3,512.557484614104,0.0131482865245153,0.894960492760831,0.641861445985501,0.999167175157367
140.69,0.3,511.78261597534,0.0105709365862148,0.890034379012285,0.643599377470714,0.99857675274729
140.7,0.3,511.003837896556,0.012965806453277,0.894441465925421,0.643806005080811,0.999761014813585
140.71,0.3,510.221194457465,0.0142632750143718,0.894932256090812,0.640759244902011,1
140.72,0.3,509.434731861252,0.013254270004003,0.893723360191398,0.641835412361332,1
140.73,0.3,508.644498405225,0.0125766548223469,0.892651138258849,0.643553105333377,1
140.74,0.3,507.850544450521,0.0128665817621381,0.894852593943265,0.639975481268748,0.997998029679494
140.75,0.3,507.052922390864,0.0146324452549372,0.893514530345587,0.639941819100862,1
140.76,0.3,506.251686620424,0.012096406207262,0.89646416889956,0.643759879932609,1
140.77,0.3,505.446893500778,0.0143693961140126,0.893521222803847,0.641931360683138,1
140.78,0.3,504.638601327005,0.0122517093714854,0.89435885550174,0.643240028026595,0.999488312681645
140.79,0.3,503.826870292944,0.0147210095436904,0.895800632716734,0.641853693537763,0.998008239624629
140.8,0.3,503.011762455627,0.0159864288488637,0.893426429987387,0.643043777183762,0.99975478208883
140.81,0.3,502.193341698925,0.01490781373582,0.900464356695011,0.640310350772457,0.999760710319906
140.82,0.3,501.371673696423,0.0133525041026671,0.895825396121046,0.64253917350643,1
140.83,0.3,500.546825873555,0.0192958806431419,0.897300748091051,0.642773166290339,0.999697093363985
140.84,0.3,499.718867369026,0.0169631593552648,0.893130154743803,0.643218294326179,0.998110712505673
140.85,0.3,498.887868995547,0.0171405152913889,0.898314018741468,0.642583175898032,1
140.86,0.3,498.053903199896,0.0176237619117804,0.899301906168515,0.643641534440936,0.99942531209577
140.87,0.3,497.217044022367,0.018803067601464,0.897853594784908,0.64191004092259,0.996727725211278
140.88,0.3,496.3773670556,0.0177541968273528,0.898640974244173,0.642473279629832,0.999730817802392
140.89,0.3,495.534949402832,0.0200123604634325,0.897914320148406,0.643693325058167,0.998528512602311
140.9,0.3,494.689869635607,0.018303403270086,0.900047468133373,0.642794203571867,1
140.91,0.3,493.84220775096,0.0206355886027073,0.898279816959978,0.644567468304208,1
140.92,0.3,492.992045128113,0.0185376310903004,0.899165667091033,0.64679225144549,1
140.93,0.3,492.139464484706,0.0183742649324034,0.898465443645393,0.64422375121553,1
140.94,0.3,491.284549832592,0.0198374904333762,0.896278399340688,0.641289147198234,1
140.95,0.3,490.427386433232,0.0225416331004342,0.90057515316287,0.642832870508845,0.998406139416304
140.96,0.3,489.568060752715,0.0177452352406455,0.898108367333153,0.643779109246553,1
140.97,0.3,488.706660416428,0.0195916451924428,0.90114646934531,0.644508040807855,0.998891999042522
140.98,0.3,487.843274163412,0.0212277999670788,0.899288504176249,0.643317374903796,0.999866925305725
140.99,0.3,486.97799180043,0.0215378404355717,0.898979146824156,0.645332068719045,0.998538427357106
141,0.3,486.110904155778,0.021653700773914,0.901060523480721,0.644623202658068,0.998820468470161
141.01,0.3,485.242103032865,0.022835814003788,0.901356293947018,0.643373398324197,0.998616780021737
141.02,0.3,484.371681163597,0.0229321075423254,0.903342124939666,0.645549153683185,1
141.03,0.3,483.499732161584,0.0236783123711377,0.899780640481692,0.642340582120629,0.99892954293623
141.04,0.3,482.62635047521,0.0218904738131774,0.902962220229216,0.64536207647345,1
141.05,0.3,481.751631340589,0.0242892242488136,0.900256984924273,0.64614739718851,0.999256164025757
141.06,0.3,480.875670734431,0.0219745364149869,0.900908316254739,0.644866526729985,1
141.07,0.3,479.998565326856,0.0237325918490797,0.904343261360865,0.646362122152024,0.998530220043886
141.08,0.3,479.120412434184,0.0272173546652564,0.902625033219822,0.645494117444313,0.999814544963405
141.09,0.3,478.241309971704,0.0235655749967416,0.904842437492001,0.646061173859223,0.999915612224866
141.1,0.3,477.361356406493,0.0269363189446072,0.905622134130728,0.644807208790424,0.999192966491154
141.11,0.3,476.480650710267,0.0243919208592399,0.905242713222289,0.643762334996028,1
141.12,0.3,475.59929231233,0.0243067514054396,0.903719313891048,0.646116262981248,1
141.13,0.3,474.717381052611,0.0278532071327601,0.907197660415135,0.645999770737414,0.998262211067077
141.14,0.3,473.835017134841,0.0279578934280496,0.905423561068384,0.646306806374209,1
141.15,0.3,472.952301079892,0.0265165347935415,0.90491248714369,0.645624779505564,1
141.16,0.3,472.069333679283,0.0269337414471038,0.903579939963286,0.644915197099523,0.999178261105266
141.17,0.3,471.186215948905,0.0261176021201273,0.902681239820569,0.645146945976906,1
141.18,0.3,470.303049082971,0.0257755605077265,0.907282842579522,0.646970383275161,1
141.19,0.3,469.419934408221,0.0303335137842897,0.905581798362809,0.646024749550441,1
141.2,0.3,468.536973338401,0.0296715916341355,0.905036003858919,0.645785722303879,1
141.21,0.3,467.654267329042,0.0290708256279536,0.903905559571842,0.645030135449111,1
141.22,0.3,466.771917832567,0.0287112589743863,0.904490367114831,0.649268585985029,1
141.23,0.3,465.890026253726,0.0291660542670973,0.907303093046989,0.648359019131798,0.999554008926284
141.24,0.3,465.008693905409,0.0310217542453096,0.905008633585548,0.647077115696681,1
141.25,0.3,464.128021964835,0.0317596155742588,0.907277373206791,0.647720298236416,0.999318117175007
141.26,0.3,463.248111430146,0.0336302290899394,0.903573155382874,0.647433409549558,1
141.27,0.3,462.36906307742,0.0317903259504965,0.907116016870702,0.649734180439883,1
141.28,0.3,461.490977418136,0.0332606068380688,0.904673000660093,0.648809286436223,0.999364949549998
141.29,0.3,460.61395465708,0.0314411085512891,0.905827690380896,0.648281235393393,1
141.3,0.3,459.738094650742,0.0336655233607465,0.908584839283103,0.649025647399479,0.998573821557161
141.31,0.3,458.8634968662,0.0331824788411304,0.906749988195671,0.647868817780806,0.998080210063333
141.32,0.3,457.990260340513,0.0349719451299815,0.905853994113377,0.649855971276086,0.997840892567843
141.33,0.3,457.118483640634,0.0336498445684808,0.906598631026941,0.653957503910156,1
141.34,0.3,456.248264823871,0.03488591884731,0.907260342319587,0.650389932903676,0.998984843171818
141.35,0.3,455.379701398894,0.0337394058840911,0.906382271257851,0.649069108779858,0.998124717188625
141.36,0.3,454.512890287304,0.0351676021885642,0.907187589039998,0.648803680769966,0.998609935483679
141.37,0.3,453.647927785793,0.0353395458451713,0.90845849532692,0.648416770006277,0.999391537362464
141.38,0.3,452.784909528885,0.0342828781633426,0.908875662382149,0.649301023629206,1
141.39,0.3,451.923930452283,0.0343758466551374,0.908014171868993,0.65142058156318,1
141.4,0.3,451.065084756832,0.0353366210062744,0.909025028339389,0.648934055844168,1
141.41,0.3,450.208465873101,0.0375668598033513,0.9081374922881,0.652164235007797,0.999767496653309
141.42,0.3,449.354166426602,0.0381950440166406,0.910509373819169,0.651417506468885,1
141.43,0.3,448.502278203651,0.038358817717635,0.908525860564658,0.652202157716732,1
141.44,0.3,447.652892117877,0.037986122170368,0.90869947337337,0.6494044172739,1
141.45,0.3,446.806098177396,0.0378290016513558,0.910162090945833,0.653186621465327,1
141.46,0.3,445.961985452638,0.039311228281533,0.909991573328742,0.651709882494555,1
141.47,0.3,445.120642044865,0.0390978468998101,0.910355924269983,0.650157869102254,0.999622929993736
141.48,0.3,444.282155055348,0.0409135034770256,0.90891267184479,0.652370551904172,1
141.49,0.3,443.44661055524,0.0390091451687038,0.908152863397943,0.652570161738353,1
141.5,0.3,442.614093556135,0.0378475746507569,0.910237252774641,0.651924477151202,1
141.51,0.3,441.784687981315,0.0400585287104993,0.911322613681432,0.652370983458328,1
141.52,0.3,440.958476637696,0.0403310090809881,0.911233899967563,0.648772299747691,1
141.53,0.3,440.135541188477,0.0419142520103063,0.910080717114346,0.648258895680269,1
141.54,0.3,439.315962126482,0.0438089964133426,0.911806011705999,0.652116892348415,0.999264977817228
141.55,0.3,438.499818748216,0.0418699666884508,0.911116247163727,0.656026489819464,0.997788034699837
141.56,0.3,437.687189128622,0.042105239668417,0.911953166400225,0.65530417356659,1
141.57,0.3,436.878150096542,0.042511260993518,0.910885209389024,0.654849925801035,0.999062557892869
141.58,0.3,436.072777210882,0.0428510302085479,0.912143007690582,0.652188478953833,0.999049422784796
141.59,0.3,435.271144737505,0.0395727772848717,0.910969164601973,0.651320549411692,1
141.6,0.3,434.473325626799,0.0445543999421663,0.911777777132007,0.653042179828304,1
141.61,0.3,433.679391491978,0.0424678963083767,0.913009221019081,0.654698175439336,1
141.62,0.3,432.889412588074,0.0423990296613299,0.910018284116458,0.655964315961607,0.997855180621717
141.63,0.3,432.103457791635,0.042092314949305,0.913452357083499,0.652896506808835,1
141.64,0.3,431.321594581126,0.044714433233873,0.911436843148632,0.651678095431896,1
141.65,0.3,430.543889018025,0.0458740601235742,0.911410368716811,0.65563248237992,1
141.66,0.3,429.770405728622,0.0430855321349098,0.911071469302614,0.6548702519345,1
141.67,0.3,429.001207886502,0.0457239267082885,0.912749987520417,0.655508587591057,1
141.68,0.3,428.23635719572,0.0483488179668965,0.912164629273535,0.654013500483212,0.997558664615327
141.69,0.3,427.47591387467,0.0465336424440587,0.909989596712792,0.655291248944392,1
141.7,0.3,426.719936640618,0.0479701703446588,0.912068595378307,0.654164959909797,0.999897261608484
141.71,0.3,425.968482694932,0.0473097020376229,0.913253350680424,0.656851978458816,1
141.72,0.3,425.22160770897,0.0481920175885283,0.914802079788791,0.656864229486713,0.997340949088541
141.73,0.3,424.479365810638,0.0490513325104765,0.913606356871387,0.656839142106579,1
141.74,0.3,423.741809571616,0.0491241926816931,0.912128270911438,0.655008225164305,0.999708566052513
141.75,0.3,423.008989995233,0.0451950660450096,0.91459337722843,0.657815904537393,1
141.76,0.3,422.280956504999,0.0472879716431976,0.915059265652933,0.657922117880527,1
141.77,0.3,421.557756933781,0.0509062744139608,0.915393397345519,0.654909126821872,0.997170403307221
141.78,0.3,420.839437513618,0.0518428880809749,0.913304490972279,0.657109660734,1
141.79,0.3,420.126042866165,0.051197399751886,0.914836044280467,0.657248486873706,1
141.8,0.3,419.417615993771,0.0498819852062589,0.913847181061623,0.657489095103832,1
141.81,0.3,418.714198271176,0.0490658886709835,0.914458652733176,0.659185587325269,0.999119669781702
141.82,0.3,418.015829437816,0.0496851337968293,0.913237283323907,0.655316533149512,0.999998187915213
141.83,0.3,417.322547590743,0.0514456343508064,0.915508671429042,0.654501568866663,1
141.84,0.3,416.634389178139,0.0504150455774141,0.914925693472753,0.65605903079321,1
141.85,0.3,415.951388993432,0.0527705047313483,0.916393719400791,0.655350759157703,1
141.86,0.3,415.273580169986,0.0539084820336109,0.915311708228841,0.656270585824557,0.998100375719105
141.87,0.3,414.600994176385,0.0534807066964709,0.914222952605712,0.65869539321498,0.999423450569366
141.88,0.3,413.933660812277,0.0517242897772595,0.914917946357361,0.655546303744953,1
141.89,0.3,413.271608204797,0.0535489178328493,0.916247033853791,0.656345192947322,0.998775659760826
141.9,0.3,412.614862805538,0.0553328935829113,0.913438735059546,0.657758920259782,0.999421726909489
141.91,0.3,411.963449388075,0.0543923334398753,0.916044394627237,0.657144901486585,1
141.92,0.3,411.31739104604,0.0526164329092954,0.916310787924416,0.659487998832793,0.999460448096569
141.93,0.3,410.676709191734,0.052062318210911,0.914060984440585,0.660243900836841,1
141.94,0.3,410.041423555258,0.0537199822574742,0.916756812324557,0.658130509211013,0.997387109771005
141.95,0.3,409.411552184187,0.0537176809907319,0.916105962956358,0.660460961345888,0.999649874671855
141.96,0.3,408.787111443742,0.0541795116673783,0.916269119918254,0.658066723222376,0.998323401524469
141.97,0.3,408.16811601749,0.0562162958221691,0.913510319171331,0.657846151393539,1
141.98,0.3,407.554578908531,0.0541862638488842,0.916148502741086,0.658388820637689,1
141.99,0.3,406.946511441197,0.0563296092588442,0.915160545237455,0.657383124891643,0.998827614280181
142,0.3,406.343923263225,0.0580406482376018,0.916433895748954,0.660936542810849,0.998425532392318
142.01,0.3,405.746822348434,0.0543399010889049,0.91591635549979,0.658242449207823,1
142.02,0.3,405.155214999859,0.0562238353942107,0.917976380725769,0.657986350332345,0.999488373885315
142.03,0.3,404.569105853371,0.0579644926944704,0.917877077942743,0.658780935161409,0.999741289472973
142.04,0.3,403.988497881757,0.0554539869160215,0.917072241872699,0.658133332476069,1
142.05,0.3,403.413392399255,0.0582258551616157,0.916005406215118,0.657965855395002,1
142.06,0.3,402.843789066552,0.0579788456297772,0.915286133731344,0.658356383634627,1
142.07,0.3,402.279685896222,0.0562580480543805,0.918619825960933,0.656767396597811,1
142.08,0.3,401.721079258604,0.055923722479415,0.916497527144858,0.655969797106272,0.999454981308701
142.09,0.3,401.167963888128,0.0588763108084339,0.915857934544456,0.657301290570365,1
142.1,0.3,400.620332890059,0.0585704521937129,0.918436996964071,0.657612185467627,1
142.11,0.3,400.078177747675,0.0598520441749953,0.916711776688586,0.658442658485527,0.999469220305607
142.12,0.3,399.541488329863,0.0594219774695365,0.917039670670186,0.660104850861203,1
142.13,0.3,399.010252899134,0.0585745190345502,0.915802310210914,0.660280452181186,0.999818282863903
142.14,0.3,398.484458120044,0.0612227393283628,0.916852837002129,0.657599529020807,0.999660104527792
142.15,0.3,397.964089068029,0.0603864454893537,0.91749223452299,0.659555964046865,1
142.16,0.3,397.449129238638,0.0603279319646545,0.918919089425508,0.65831213675754,1
142.17,0.3,396.939560557163,0.0618011412838974,0.918948792260995,0.659885366112661,0.999030330777465
142.18,0.3,396.435363388667,0.0623650957000114,0.918966450314585,0.658492938542145,1
142.19,0.3,395.9365165484,0.0627501849178741,0.918839902064536,0.658731245388516,0.996642515506792
142.2,0.3,395.442997312605,0.0628531602256966,0.916448312172208,0.656005066496949,0.999080994737298
142.21,0.3,394.954781429698,0.063306897616168,0.915158117807809,0.660043791089317,1
142.22,0.3,394.471843131841,0.0660056188874668,0.916943824688977,0.658755887951877,1
142.23,0.3,393.994155146878,0.0574588232247236,0.917072135016096,0.656958733039897,1
142.24,0.3,393.521688710651,0.0606660979502737,0.920555200944694,0.659450504550629,1
142.25,0.3,393.054413579685,0.0612017391462826,0.917209644420775,0.657894643848829,0.999066182726029
142.26,0.3,392.592298044239,0.0634785707612356,0.921390242857408,0.659231250852391,1
142.27,0.3,392.135308941719,0.061969374443429,0.919013818070393,0.658359703963253,0.997603665179368
142.28,0.3,391.683411670462,0.0617340180815901,0.920939607692884,0.660683044065489,0.998532331122384
142.29,0.3,391.236570203862,0.0638286311738782,0.917194984486283,0.65872153798696,0.998947734101297
142.3,0.3,390.794747104873,0.0629231028422915,0.918876039185319,0.657048583702533,1
142.31,0.3,390.357903540847,0.0648999131901496,0.919557945828799,0.658141071430328,1
142.32,0.3,389.925999298742,0.0627584108559991,0.918108158530128,0.659079541326963,0.999942015057602
142.33,0.3,389.498992800664,0.0642344172679419,0.9180600376986,0.658548911879589,1
142.34,0.3,389.076841119768,0.0640207617464744,0.918134678370123,0.658508889202902,1
142.35,0.3,388.659499996501,0.0647917408249607,0.921617962298818,0.658011130048792,0.99986554211291
142.36,0.3,388.24692385519,0.066153985481665,0.916845590429299,0.657785037292092,0.998814009698263
142.37,0.3,387.839065820972,0.0649925299885944,0.919072425516721,0.6590976483947,1
142.38,0.3,387.435877737066,0.064649983670504,0.917420848187892,0.655884566205546,0.999934409599897
142.39,0.3,387.037310182384,0.0664395790386759,0.917644212302874,0.657581413843467,0.997911445512236
142.4,0.3,386.643312489478,0.0661510436455814,0.918605862759233,0.6580509611807,1
142.41,0.3,386.253832762826,0.0650763060027643,0.918922072488158,0.656571113930102,0.998871155343104
142.42,0.3,385.868817897452,0.0659759888531322,0.919562121813586,0.658020713427699,1
142.43,0.3,385.488213597871,0.0654158877303802,0.918250693722521,0.655959329927279,1
142.44,0.3,385.111964397383,0.0658871437833783,0.917592278507749,0.658428516350211,1
142.45,0.3,384.740013677679,0.0670960409841955,0.919454407657314,0.657686356350539,1
142.46,0.3,384.372303688785,0.0690111593442966,0.918674871951807,0.655752345573041,0.999187430488145
142.47,0.3,384.008775569331,0.0642152291331227,0.9198130842237,0.65724530371615,0.999789872860558
142.48,0.3,383.649369367148,0.0641934483082016,0.918488031307878,0.65678082534917,1
142.49,0.3,383.29402406018,0.068711716111955,0.918958600079746,0.658572138301966,1
142.5,0.3,382.942677577729,0.0642242359197698,0.920407767686992,0.655027128149694,0.998252732535134
142.51,0.3,382.595266822017,0.0666849830336836,0.920246641741801,0.655081129452125,0.999905311853599
142.52,0.3,382.251727690061,0.0702297697301486,0.918413258167629,0.653392195748013,1
142.53,0.3,381.911995095871,0.0661152308149713,0.918573836668957,0.655964952350797,1
142.54,0.3,381.57600299296,0.0640648965862103,0.917125163332305,0.658642187587084,0.997249579603555
142.55,0.3,381.243684397172,0.0670834930019855,0.918253972546971,0.657244127372872,0.999858714396437
142.56,0.3,380.914971409809,0.0700775336907078,0.916548709390178,0.656766432561336,1
142.57,0.3,380.58979524108,0.0677166410143116,0.916236494634779,0.656722446309679,0.998157992504451
142.58,0.3,380.268086233843,0.0680770035001354,0.917542390585624,0.656276046997004,0.999048975547287
142.59,0.3,379.949773887666,0.0682047168008817,0.921710020179471,0.654736446040745,0.999803021643403
142.6,0.3,379.634786883169,0.0691531354587789,0.915382120871963,0.656946270207344,0.99867438326868
142.61,0.3,379.323053106681,0.0680211246220217,0.922265297044018,0.656159013457134,0.997500991406479
142.62,0.3,379.014499675182,0.0693975553442457,0.920733025805511,0.655366158924031,1
142.63,0.3,378.709052961542,0.0700753028327357,0.918353901754386,0.65486708771493,1
142.64,0.3,378.40663862004,0.0695294654552683,0.919567776960358,0.653809242211447,0.9985651064908
142.65,0.3,378.107181612182,0.0692350958343572,0.920271338798682,0.654126116457332,0.996498650740569
142.66,0.3,377.810606232779,0.0691587568354259,0.918343425394189,0.657324080866682,0.999299912773427
142.67,0.3,377.516836136326,0.0700487764005091,0.919939528187519,0.653693472672618,0.999359222253539
142.68,0.3,377.22579436363,0.0696626557796796,0.917353547614797,0.65294424183946,0.999573956196284
142.69,0.3,376.937403368724,0.0716837443584808,0.91915149076711,0.655805218569711,1
142.7,0.3,376.651585046031,0.0699399672842359,0.918568881155897,0.653773800881676,1
142.71,0.3,376.368260757802,0.07012416972886,0.919708081796933,0.654855912004095,1
142.72,0.3,376.087351361783,0.0714630174030662,0.919331442066194,0.65338309078682,1
142.73,0.3,375.808777239161,0.0694468142236573,0.91694280292328,0.654673648469763,1
142.74,0.3,375.532458322718,0.0687371670692799,0.917023828302007,0.653254340709071,0.9994686595117
142.75,0.3,375.258314125253,0.0702658831796078,0.919956719181746,0.652129674177824,0.997805752517634
142.76,0.3,374.986263768206,0.0694822227888044,0.917448093225474,0.653116565798599,1
142.77,0.3,374.716226010528,0.0682553488315426,0.921076140847192,0.65377327469742,1
142.78,0.3,374.44811927775,0.0713835938641351,0.918572173548021,0.656963646351466,1
142.79,0.3,374.181861691264,0.0716282302316189,0.919098502342076,0.653674374853671,0.999052416354199
142.8,0.3,373.917371097823,0.0702596280642499,0.918154017279213,0.65337168664134,1
142.81,0.3,373.654565099208,0.0698767665430053,0.918287365791237,0.651677569289177,1
142.82,0.3,373.393361082094,0.0698144131305482,0.918152701402412,0.651534211620617,1
142.83,0.3,373.133676248104,0.0725891715089151,0.91705825788779,0.653390342031295,0.999176259704811
142.84,0.3,372.875427644011,0.0691565952798638,0.918176141624167,0.651149467218473,0.999193985191346
142.85,0.3,372.618532192111,0.0736640859899602,0.91815971390757,0.65090066068472,1
142.86,0.3,372.362906720748,0.0729724802270249,0.917758081260783,0.651515767645434,1
142.87,0.3,372.108467994976,0.0739139915860595,0.916503094110393,0.65353088896642,0.999346532596674
142.88,0.3,371.855132747349,0.0726437124470897,0.916570953003151,0.649879032652331,0.996956906162703
142.89,0.3,371.60281770884,0.0706872881362346,0.916284191317135,0.649264762665745,0.999543371840835
142.9,0.3,371.351439639866,0.0766574191608967,0.916822884835231,0.650714186843729,1
142.91,0.3,371.100915361406,0.0751338797508361,0.914785602159648,0.649230719173597,0.998357641002703
142.92,0.3,370.851161786219,0.0737147829406798,0.918845098819122,0.648876082587487,1
142.93,0.3,370.602095950132,0.0714210076387136,0.91892847560153,0.650433945092944,1
142.94,0.3,370.353635043391,0.0721651901633532,0.918237444786605,0.648781329952417,0.999992087262107
142.95,0.3,370.10569644207,0.073838834660483,0.917371699906181,0.649142467819415,1
142.96,0.3,369.858197739518,0.0736423483194671,0.914679378483508,0.648827250888125,0.997973894140374
142.97,0.3,369.611056777833,0.0740316772015646,0.915922040218224,0.648496290107282,0.998364851691329
142.98,0.3,369.364191679355,0.0732582629896599,0.916748645592733,0.647313321785399,0.998327959615775
142.99,0.3,369.117520878155,0.0732467042985836,0.915795715998984,0.647036020189433,0.999857247014625
143,0.3,368.870963151517,0.0751486029557451,0.915886936548851,0.648988296754907,0.998748494756187
143.01,0.3,368.624437651395,0.0737580764190543,0.916915633444888,0.650216206965228,0.996370236847432
143.02,0.3,368.377863935824,0.0766857230177861,0.917447722276758,0.647296537320586,0.999063476661067
143.03,0.3,368.131162000286,0.0764359812045056,0.916460679580585,0.646690962617327,1
143.04,0.3,367.884252309007,0.0772816326912399,0.914385737633099,0.648327056863621,0.998552117648146
143.05,0.3,367.637055826162,0.077486809038544,0.915296669055229,0.649386047265774,0.999351147908318
143.06,0.3,367.389494046997,0.0766502603244022,0.916124206643924,0.645880897755293,1
143.07,0.3,367.141489028822,0.0750690829153727,0.915507294410717,0.648083890007673,1
143.08,0.3,366.892963421894,0.0734076130937336,0.918300590837454,0.648163441535416,1
143.09,0.3,366.643840500141,0.0753314694420972,0.915279019023449,0.647062918335913,0.998931432476747
143.1,0.3,366.394044191734,0.074337592427808,0.914994626483736,0.647878901413803,1
143.11,0.3,366.143499109488,0.0747437768558781,0.91494949035273,0.651197935422298,0.997363658857277
143.12,0.3,365.892130581064,0.0776071101529222,0.91497058612637,0.649077819060776,0.999335100100911
143.13,0.3,365.639864678966,0.0749664290655794,0.914026732314865,0.644993135762332,0.997976938109651
143.14,0.3,365.386628250324,0.0756353159050324,0.91617291006249,0.647031908516546,1
143.15,0.3,365.132348946423,0.0756987298164105,0.913612032525748,0.646855733722683,0.999479725961011
143.16,0.3,364.876955251986,0.0762751886652826,0.917140452930591,0.646405960147845,0.998301758979077
143.17,0.3,364.620376514189,0.0742611690748738,0.913199951588913,0.646307479545097,0.99865674847714
143.18,0.3,364.36254297137,0.0781219675130831,0.916663238025967,0.645033003183824,1
143.19,0.3,364.103385781454,0.07803637433059,0.917613470229936,0.648336411916776,0.99992422652504
143.2,0.3,363.842837050036,0.0770234209247432,0.915621218165007,0.644624687499935,1
143.21,0.3,363.580829858145,0.0774401654794773,0.91493710770603,0.645849933118998,1
143.22,0.3,363.317298289637,0.0764477379977918,0.910876362137648,0.645924905770667,1
143.23,0.3,363.052177458225,0.0775062225257165,0.915187067214467,0.646194504806063,0.998831553013506
143.24,0.3,362.785403534118,0.0778674540843452,0.913087423045125,0.646496750733851,0.999977799691811
143.25,0.3,362.516913770259,0.0769632792264485,0.915223626123676,0.64345752315709,1
143.26,0.3,362.246646528135,0.0778044063802056,0.914031268165142,0.646454249794546,1
143.27,0.3,361.974541303158,0.0781184733936183,0.914634398444697,0.644530900964749,1
143.28,0.3,361.700538749587,0.0783997029630625,0.911147691861841,0.643745908437377,0.999704866328421
143.29,0.3,361.42458070498,0.0787421137727007,0.912956280910809,0.64403513497497,0.99982019099933
143.3,0.3,361.14661021417,0.0781324562873171,0.911773894469623,0.646183157383327,0.997133119779198
143.31,0.3,360.866571552726,0.0775616000942194,0.910641443729255,0.643961534683372,1
143.32,0.3,360.584410249908,0.0763186569460984,0.911204566691513,0.643512696383708,1
143.33,0.3,360.300073111091,0.0807360432857761,0.910745550249746,0.643176089913576,0.998381785880024
143.34,0.3,360.013508239629,0.0764487893883801,0.912951104126,0.64329043341833,1
143.35,0.3,359.724665058171,0.0802352723761915,0.913103507287504,0.644593475753216,0.999510050914899
143.36,0.3,359.433494329401,0.0779458199754752,0.912304677375464,0.642733581566498,0.999590227088467
143.37,0.3,359.139948176175,0.078548791172024,0.91235199526158,0.643164355431841,0.998461251218588
143.38,0.3,358.84398010106,0.0804240133189965,0.91128944592292,0.643083466852567,1
143.39,0.3,358.545545005263,0.0793455230304904,0.911541981114647,0.643810341619409,0.998877371856004
143.4,0.3,358.244599206914,0.0792109759793485,0.913124832913336,0.643997589878356,1
143.41,0.3,357.941100458711,0.0817341884671633,0.909925076161193,0.645168811509359,1
143.42,0.3,357.635007964911,0.080674804818732,0.910383841631819,0.642216761056335,1
143.43,0.3,357.326282397643,0.0808141466698811,0.91486553039976,0.641700106582788,1
143.44,0.3,357.014885912545,0.0811771431234106,0.910225464890737,0.64264850229868,1
143.45,0.3,356.700782163708,0.0813761445195296,0.912596563316092,0.641556693917254,0.997698180934442
143.46,0.3,356.383936317914,0.0815087677587565,0.91070981227716,0.644643056061592,1
143.47,0.3,356.064315068157,0.0803358687111651,0.912543588896094,0.641885026760314,1
143.48,0.3,355.741886646445,0.0824932741023245,0.910514417119691,0.640201339628436,0.999856083466019
143.49,0.3,355.41662083586,0.0803975174590917,0.912232084261429,0.642768157881572,0.998618131988359
143.5,0.3,355.088488981881,0.0805405073659233,0.909658273260186,0.642505490136446,1
143.51,0.3,354.757464002953,0.0797789322898752,0.910289145721685,0.64276254906724,0.999601253766947
143.52,0.3,354.423520400287,0.082768152374957,0.911512845696063,0.642700878193433,0.997740444278345
143.53,0.3,354.086634266904,0.0806184599538896,0.909477535779909,0.641415231949058,0.999885087347173
143.54,0.3,353.746783295897,0.0840133805424132,0.909854365380921,0.643005808079061,1
143.55,0.3,353.403946787906,0.0824299353519473,0.911473024722182,0.641840366166187,0.999585774749318
143.56,0.3,353.058105657818,0.0826979119487295,0.907537966345075,0.642314078693377,0.997337337685984
143.57,0.3,352.709242440662,0.0814367515225733,0.909688712521163,0.643711207713552,0.998042155074005
143.58,0.3,352.357341296706,0.0845169657496374,0.908364568976349,0.644223907640939,1
143.59,0.3,352.002388015757,0.0836002612836672,0.907750948703256,0.64339577234096,0.999500546688766
143.6,0.3,351.64437002065,0.0817253418264585,0.908122068362172,0.641442210704091,0.998870652209121
143.61,0.3,351.283276369929,0.0841450986634289,0.9078918429762,0.64148699687626,0.999596849287033
143.62,0.3,350.919097759715,0.0848934015694916,0.907443874485249,0.642314436686945,0.999229729534343
143.63,0.3,350.551826524757,0.08343223688284,0.907966396734398,0.639697058965248,1
143.64,0.3,350.181456638671,0.0809084244980211,0.909474810384114,0.639816968714164,0.999709024309724
143.65,0.3,349.807983713364,0.0823376441736178,0.908274110228361,0.643320198642356,0.999430100212166
143.66,0.3,349.431404997635,0.086361658580898,0.908530544628439,0.63913680608862,1
143.67,0.3,349.051719374962,0.0848360858113772,0.908335086109537,0.641270715624913,1
143.68,0.3,348.668927360483,0.0841509958661006,0.91003575907928,0.64357365167582,1
143.69,0.3,348.283031097149,0.0875854721164157,0.907458731881301,0.638321991669077,1
143.7,0.3,347.894034351078,0.0869404909335358,0.907002572047279,0.640535531197167,0.999186695478865
143.71,0.3,347.501942506093,0.0832876055135037,0.904912396190178,0.638675190080602,1
143.72,0.3,347.106762557465,0.0857667958795793,0.91012110343062,0.643925366567405,1
143.73,0.3,346.708503104847,0.0874585353455965,0.906037926423213,0.641225297903652,1
143.74,0.3,346.307174344413,0.0857324537848733,0.906047816351106,0.642642084119965,0.998572105392697
143.75,0.3,345.902788060217,0.0857421115456632,0.905088611232957,0.640891776732983,0.99996576005539
143.76,0.3,345.495357614758,0.0856922867419036,0.905045331743092,0.643408971198879,1
143.77,0.3,345.084897938769,0.0859122574304109,0.905523708368829,0.642478866559518,1
143.78,0.3,344.671425520245,0.0887077992561089,0.904751080892225,0.64162104730724,0.997371091927999
143.79,0.3,344.254958392696,0.0873036620080304,0.905459956870123,0.64223778810803,1
143.8,0.3,343.835516122653,0.0888900114636557,0.907123579897815,0.641533223676101,0.998726133065377
143.81,0.3,343.413119796433,0.0888293172112999,0.909541551311043,0.642462269525337,0.999620850318568
143.82,0.3,342.987792006159,0.0907827669787951,0.902469382240822,0.641624720896045,1
143.83,0.3,342.559556835059,0.0878196265066519,0.901257942133029,0.643058293100715,1
143.84,0.3,342.128439842057,0.0875758729309769,0.903638566107584,0.640321167625183,1
143.85,0.3,341.694468045648,0.0890026107303811,0.903636896363499,0.64186433355396,1
143.86,0.3,341.257669907085,0.091174346446928,0.903734885931713,0.641807673858861,0.998077451157862
143.87,0.3,340.818075312894,0.0899993554118348,0.902651575244006,0.641285180894652,0.998770490593082
143.88,0.3,340.375715556712,0.0896116706001126,0.906656419143991,0.641060391067151,1
143.89,0.3,339.930623320472,0.0914817693761957,0.903183636553572,0.642639594384519,1
143.9,0.3,339.482832654948,0.0899834323626829,0.90194935112089,0.641949874695046,0.99935408529848
143.91,0.3,339.032378959677,0.0910902070067509,0.902824102937658,0.644037323063386,1
143.92,0.3,338.579298962261,0.0907464160387061,0.899410108318135,0.641487087762614,1
143.93,0.3,338.123630697076,0.0925905153400833,0.901864992720432,0.642764882859616,0.997835776049859
143.94,0.3,337.665413483399,0.0902600538863991,0.90229485459346,0.642142003889416,1
143.95,0.3,337.204687902961,0.0915518426426726,0.906204785285809,0.643407792209099,0.998471483332721
143.96,0.3,336.741495776958,0.0910747635192365,0.900992860800847,0.640848236494944,1
143.97,0.3,336.275880142521,0.0921948248789692,0.901306136122608,0.643216827086975,1
143.98,0.3,335.807885228669,0.091627495403494,0.902158552683805,0.641837426260122,1
143.99,0.3,335.337556431756,0.0932396786044443,0.903670003889087,0.642725634225839,1
144,0.3,334.864940290447,0.0918149582905969,0.900892103900635,0.642064369858851,1
144.01,0.3,334.390084460208,0.095270722794582,0.900780570206389,0.643311499276505,0.99838354916495
144.02,0.3,333.913037687364,0.0954524944997799,0.898159197847581,0.64169164100721,1
144.03,0.3,333.433849782713,0.0934271295975926,0.898843335371981,0.641596726205256,1
144.04,0.3,332.952571594733,0.0950783551182785,0.89929629231525,0.64551972401209,1
144.05,0.3,332.469254982395,0.0939015334901628,0.899777674224094,0.643714545312442,0.998054337113686
144.06,0.3,331.983952787597,0.0960254234711589,0.89936681612367,0.643864834522855,1
144.07,0.3,331.496718807235,0.0946808363076057,0.900736638056799,0.64393368457218,1
144.08,0.3,331.007607764946,0.0958238139982776,0.899653735706187,0.644615118417827,1
144.09,0.3,330.516675282525,0.0952007344369882,0.898451372365302,0.642664665135318,0.999934130320792
144.1,0.3,330.023977851037,0.0942393551413446,0.90060070266777,0.643450349888065,0.99861448267625
144.11,0.3,329.529572801652,0.095716924781466,0.89909708310007,0.643465584142075,0.999054805843283
144.12,0.3,329.033518276217,0.0945170475073935,0.896384098085438,0.642550693991864,1
144.13,0.3,328.535873197583,0.0953918572695496,0.897246006261609,0.644613249468934,1
144.14,0.3,328.036697239703,0.0930621133150066,0.896168991112482,0.643099505734103,0.997609822015397
144.15,0.3,327.536050797533,0.098307948934178,0.89605635031051,0.645408524977413,1
144.16,0.3,327.033994956737,0.0972352435495269,0.897266415912859,0.644037948308882,0.998434740184528
144.17,0.3,326.530591463232,0.0975242854156881,0.898283624696022,0.642012934001651,1
144.18,0.3,326.025902692579,0.0964318799180494,0.896848770221409,0.645557732051423,1
144.19,0.3,325.519991619252,0.0987103040916656,0.893926996990381,0.643166988283867,1
144.2,0.3,325.012921785786,0.10008721970662,0.894876083840786,0.645727427972548,0.998293786934505
144.21,0.3,324.504757271841,0.0989558290251698,0.89328605040128,0.646705339704624,0.998590789358883
144.22,0.3,323.995562663194,0.100691431018675,0.895042175025729,0.6456662662534,1
144.23,0.3,323.485403020662,0.0990912590480652,0.895777326646986,0.645295649433207,1
144.24,0.3,322.974343849011,0.0976138058659623,0.893029761173004,0.64612226395294,1
144.25,0.3,322.462451065826,0.0991314724260809,0.896199150833059,0.64523649259061,0.9976395575344
144.26,0.3,321.949790970394,0.0998161395479245,0.894813641243963,0.646468591484923,1
144.27,0.3,321.436430212592,0.0982981867253736,0.896486179758027,0.644435107251477,1
144.28,0.3,320.922435761827,0.100704308462821,0.893573518180498,0.646876033688619,0.999601330404538
144.29,0.3,320.407874876006,0.103290395706138,0.893721621973474,0.646314426148368,0.99715434890107
144.3,0.3,319.892815070595,0.100497754551697,0.892666749372534,0.646163769786656,1
144.31,0.3,319.37732408775,0.101482535599828,0.892316536787677,0.644404583646742,0.998224039362429
144.32,0.3,318.861469865554,0.100059289489819,0.892044491587002,0.64842769251287,0.998968769261333
144.33,0.3,318.345320507377,0.104008708818552,0.890188930632204,0.646884525681558,0.999015675060921
144.34,0.3,317.82894425136,0.104852228721414,0.893213692450089,0.647578226744049,0.99971030868845
144.35,0.3,317.31240944006,0.10171420299296,0.89329792620787,0.648727862063486,0.998569371370858
144.36,0.3,316.795784490248,0.103718123107557,0.891570172746172,0.644982847485683,0.999239983886491
144.37,0.3,316.279137862895,0.103999405675663,0.890002795468106,0.647424402296581,0.999976246054169
144.38,0.3,315.762538033347,0.10264236751187,0.89119302874589,0.647925361142871,1
144.39,0.3,315.246053461714,0.104440542128143,0.891584525059768,0.649468833713788,0.998756468543336
144.4,0.3,314.729752563471,0.104989737760904,0.89116668437896,0.650546142658762,0.998022159861482
144.41,0.3,314.213703680306,0.102935223593668,0.890419935073658,0.649069063774349,1
144.42,0.3,313.697975051206,0.103255511312762,0.892565969836421,0.64762178544801,0.998811106797922
144.43,0.3,313.182634783813,0.104098703991734,0.890622750047407,0.648777285202918,0.999255865276733
144.44,0.3,312.667750826044,0.105983089133171,0.887977051907392,0.649234029124856,0.998260273522416
144.45,0.3,312.153390938007,0.104263741456744,0.889550882039341,0.648269004879675,0.999375349802238
144.46,0.3,311.639622664201,0.105129873999517,0.889487478517748,0.65103711403646,1
144.47,0.3,311.126513306036,0.108022581894962,0.889972848977839,0.64931987321679,1
144.48,0.3,310.614129894663,0.107500508493066,0.889466019568437,0.651906899181175,0.99866289527318
144.49,0.3,310.102539164137,0.10858720285149,0.888246179207484,0.649855255188748,0.996360924694377
144.5,0.3,309.591807524917,0.11039793859486,0.887699405322265,0.650786671928307,0.998752757389566
144.51,0.3,309.08200103771,0.105991857337477,0.891355773794785,0.649735596007123,1
144.52,0.3,308.573185387684,0.107396466696747,0.889440851384849,0.646874003626283,0.999178456228389
144.53,0.3,308.065425859032,0.108687794715177,0.886503761841595,0.651744975256536,0.999309283317077
144.54,0.3,307.55878730992,0.107721044894201,0.887509400019112,0.649636489047714,1
144.55,0.3,307.053334147808,0.109577498254733,0.887442960305222,0.65265613338914,0.997227555883692
144.56,0.3,306.549130305175,0.107996659508698,0.885324535987459,0.650807315156866,1
144.57,0.3,306.04623921562,0.106385603394124,0.887949641839364,0.652721697245142,1
144.58,0.3,305.544723790378,0.109235828898705,0.887552378746764,0.651477254616972,0.999871857914434
144.59,0.3,305.044646395249,0.110950515554178,0.885037802367818,0.651141695993711,1
144.6,0.3,304.546068827927,0.110902010994019,0.884830251433482,0.649475625641345,0.999940212356902
144.61,0.3,304.049052295758,0.112446882170375,0.887529142606007,0.654118493372691,1
144.62,0.3,303.553657393925,0.109876270859065,0.886061485548792,0.653497298921649,1
144.63,0.3,303.059944084057,0.113511632469313,0.886037123577336,0.652969027313893,1
144.64,0.3,302.567971673272,0.110356104008334,0.886251457272163,0.649899553965408,0.998953664880667
144.65,0.3,302.077798793658,0.112793945530111,0.886943817428352,0.652010102019322,1
144.66,0.3,301.589483382203,0.113136001698819,0.886437903858719,0.653176457219275,1
144.67,0.3,301.103082661151,0.111521027034931,0.885085946696816,0.650632427960962,1
144.68,0.3,300.618653118823,0.114786435028002,0.885014086973235,0.650317301757306,0.999285101043222
144.69,0.3,300.136250490877,0.110460124647979,0.882800294131717,0.654451511255866,1
144.7,0.3,299.655929742023,0.11526327295524,0.885290240910667,0.651553129444268,0.998672580398709
144.71,0.3,299.177745048185,0.113376191641702,0.884776526808192,0.656405081800628,0.999030230757159
144.72,0.3,298.701749779128,0.115075577236478,0.885990588158662,0.652773746469792,1
144.73,0.3,298.227996481529,0.113142147787692,0.882299710217047,0.653046006929361,1
144.74,0.3,297.756536862509,0.115114043252713,0.881740702055916,0.65399147804859,1
144.75,0.3,297.287421773623,0.114259855114145,0.882612813813366,0.651938726050196,1
144.76,0.3,296.820701195307,0.114372459276525,0.882695290824315,0.654957846574508,0.998437011421584
144.77,0.3,296.356424221771,0.115517485174115,0.879954982502951,0.651542043777832,0.998864183764273
144.78,0.3,295.894639046367,0.115663917185627,0.883316653568122,0.653515087931479,1
144.79,0.3,295.43539294739,0.116365579479614,0.882725216570388,0.653946491534529,0.999594912991399
144.8,0.3,294.978732274355,0.116319525083211,0.880356747244686,0.656041478967283,0.996742424549324
144.81,0.3,294.524702434711,0.115898623467821,0.877208890196201,0.652522661624131,1
144.82,0.3,294.073347881016,0.117384426351506,0.880936613108526,0.65307362365656,0.998011744782114
144.83,0.3,293.624712098555,0.115200490219748,0.878032111187335,0.655416741046267,1
144.84,0.3,293.178837593413,0.118314136151928,0.878751566714164,0.654209541236965,1
144.85,0.3,292.735765880994,0.119541725761255,0.877695173299649,0.654138390512988,0.997176097853435
144.86,0.3,292.295537474976,0.119807051637091,0.878833622091584,0.657525785862912,0.999573215717453
144.87,0.3,291.858191876715,0.120179679847467,0.879505767663156,0.655621989981588,1
144.88,0.3,291.423767565088,0.118380999372621,0.877686369794997,0.654710570549666,1
144.89,0.3,290.992301986767,0.118616454037615,0.877113596081804,0.658089286972794,1
144.9,0.3,290.563831546929,0.117792508453701,0.877440359506627,0.653941000647443,0.999004982728992
144.91,0.3,290.138391600398,0.121720221682575,0.877427565425363,0.65677044603066,0.998522716294943
144.92,0.3,289.716016443212,0.121253019078066,0.876459137678279,0.654734958229586,1
144.93,0.3,289.296739304609,0.118485597756193,0.87456186493195,0.656204060307204,1
144.94,0.3,288.880592339444,0.121007823927054,0.875737982942589,0.658519221373354,0.999713198373783
144.95,0.3,288.467606621011,0.12075698783475,0.875681538626816,0.65743827239317,1
144.96,0.3,288.057812134285,0.122915564639812,0.876176885094832,0.657906673341606,1
144.97,0.3,287.651237769569,0.120271601252574,0.874614343878354,0.655088754957759,0.998566550161781
144.98,0.3,287.247911316551,0.121728102203009,0.87467882110093,0.657756445687017,0.998318893840089
144.99,0.3,286.847859458755,0.120712498991426,0.875807444156822,0.657470183553789,1
145,0,286.451107768399,0.118699685549229,0.874917450353256,0.656004749942291,1
145.01,0,286.057680701637,0.120808531084169,0.875586598969139,0.654156191225979,1
145.02,0,285.667601594197,0.121628526595683,0.873953258337601,0.658204975146204,1
145.03,0,285.280892657403,0.120587221694603,0.874517325499679,0.655010342783003,0.999874009481598
145.04,0,284.897574974575,0.12176839511722,0.872005248950252,0.65799319873191,1
145.05,0,284.517668497807,0.12456148182433,0.873258959553598,0.659137887731449,1
145.06,0,284.141192045127,0.12481525924796,0.871947976858241,0.657084116727955,0.99940256736618
145.07,0,283.768163298011,0.124515964163518,0.873109627466979,0.660274718518365,1
145.08,0,283.398598799271,0.125166785043418,0.874981707925602,0.655876807483816,0.998472320342366
145.09,0,283.03251395131,0.124026128444975,0.872336741633749,0.657448923724752,0.999168168673717
145.1,0,282.669923014714,0.124711559535212,0.872525284445438,0.660712703641564,0.999801899250177
145.11,0,282.310839107217,0.125476498553509,0.871769388702071,0.656679480502707,1
145.12,0,281.955274203005,0.125134530319019,0.872893552742905,0.657993108452392,0.999269029974177
145.13,0,281.603239132367,0.125137655086491,0.872653844145831,0.657216861801928,1
145.14,0,281.254743581685,0.12555382610004,0.871561503388204,0.658621996986999,0.998240436297042
145.15,0,280.909796093764,0.124428759485086,0.869774238604761,0.656498102038143,1
145.16,0,280.568404068494,0.123807458990242,0.872620635753235,0.659648610929078,1
145.17,0,280.230573763841,0.124162711399896,0.870132142048068,0.656169138787668,1
145.18,0,279.896310297166,0.12768519576532,0.872472283803651,0.65894176960749,1
145.19,0,279.565617646861,0.128382909850766,0.870508593083787,0.656746023451115,1
145.2,0,279.238498654315,0.126429932022105,0.869066455609342,0.6585400427166,1
145.21,0,278.914955026182,0.127119558911297,0.869158837359912,0.660243939980657,0.999679755576105
145.22,0,278.59498733697,0.126323327896109,0.867040100049878,0.659507415070144,0.999469401836829
145.23,0,278.278595031938,0.128455671185388,0.867646215871307,0.656139998698293,1
145.24,0,277.965776430296,0.12832896248265,0.871442033582148,0.658846117747882,0.99833290370752
145.25,0,277.656528728708,0.126634925701897,0.867724278502954,0.661799047526506,1
145.26,0,277.350848005096,0.129676846420064,0.867812006357789,0.658703508927357,1
145.27,0,277.048729222744,0.127907098416463,0.864534480059615,0.659702439468314,1
145.28,0,276.750166234689,0.1296621483252,0.867640014304219,0.65857349536745,0.997961099060416
145.29,0,276.455151788407,0.129508707487076,0.869066605591708,0.659173817689266,0.998565742752875
145.3,0,276.163677530791,0.128043156182608,0.868443983074829,0.657034692364466,0.998678997227612
145.31,0,275.875734013411,0.12910439788984,0.867009890107343,0.658778378354545,0.998263713426579
145.32,0,275.591310698056,0.129189639779686,0.865152210333962,0.658095791388362,0.99946169526108
145.33,0,275.310395962567,0.12782481058618,0.865283656063578,0.657179682835059,0.998838924968465
145.34,0,275.032977106938,0.128936665678963,0.866331076330796,0.656971659882749,0.998698693993756
145.35,0,274.759040359703,0.131678456525458,0.864434753031742,0.657920635582226,1
145.36,0,274.488570884595,0.130836151482461,0.865302933711397,0.659703353308678,1
145.37,0,274.221552787476,0.130819719970212,0.865225533862419,0.659855059480154,1
145.38,0,273.957969123543,0.128858276176758,0.863939214454272,0.658295339364134,1
145.39,0,273.697801904806,0.128136415168446,0.864553051729128,0.659282272532501,1
145.4,0,273.441032107825,0.130661037764283,0.866532535622967,0.658518698355005,1
145.41,0,273.187639681723,0.132814421955157,0.862086152095302,0.658373572381733,1
145.42,0,272.937603556461,0.13203114342322,0.863242976043225,0.658402681821187,0.999494854813304
145.43,0,272.690901651374,0.13399962512654,0.86405408772509,0.657905599447791,1
145.44,0,272.447510883977,0.131853182083154,0.863226283520659,0.658260512595071,0.998107236871041
145.45,0,272.207407179026,0.131630413075031,0.861439579044589,0.655890565654749,0.999327584563098
145.46,0,271.970565477839,0.130466984916314,0.861373431169013,0.658024899010737,1
145.47,0,271.736959747885,0.133373941473092,0.86457498700644,0.657088556050233,1
145.48,0,271.506562992617,0.131787008308797,0.86218286565536,0.657346563274725,1
145.49,0,271.279347261576,0.132204614351634,0.859042835140483,0.655453503382937,1
145.5,0,271.055283660742,0.134343809801188,0.862720451690608,0.6574774276842,1
145.51,0,270.834342363145,0.131713319008708,0.85832560755702,0.659264797729836,0.999567549038098
145.52,0,270.616492619732,0.131513221420439,0.862283915462703,0.657431323339436,0.996908350928998
145.53,0,270.401702770475,0.132846619736598,0.860178565280266,0.657288766911141,1
145.54,0,270.338757979819,0.133508341973793,0.860863849999645,0.657360523220243,0.998911965929045
145.55,0,270.338757979819,0.134437702553504,0.861140680617891,0.655849905520685,0.998247977427772
145.56,0,270.338757979819,0.13572456357647,0.85704287491813,0.658112392580187,1
145.57,0,270.338757979819,0.133497977898109,0.859284354441975,0.65787421038597,0.998042591813497
145.58,0,270.338757979819,0.131203588695497,0.859067502698255,0.658968181949374,0.99903649734996
145.59,0,270.338757979819,0.134451599958492,0.857472515569156,0.656250868964201,0.999429016765201
145.6,0,270.338757979819,0.13112929830926,0.860394499657315,0.656036013473021,1
145.61,0,270.338757979819,0.131023942369546,0.859401458753454,0.657845880656902,0.998757703629567
145.62,0,270.338757979819,0.13313241324093,0.857719784612334,0.657486962232053,1
145.63,0,270.338757979819,0.13519564020303,0.857419704893699,0.657852969120233,1
145.64,0,270.338757979819,0.134714257579489,0.856550844237751,0.65559141443974,1
145.65,0,270.675222774999,0.134109315502493,0.85753304505689,0.654394790912951,0.995962968417958
145.66,0,271.64100094386,0.133116376090444,0.85541277228953,0.658627499686279,0.999820496307416
145.67,0,272.147453050928,0.13355691894508,0.856880434704824,0.656887725680501,1
145.68,0,272.689425372923,0.134939191880106,0.856103319035951,0.656062468176084,1
145.69,0,273.233294592938,0.131024301635798,0.855811938839602,0.655099266702875,1
145.7,0,273.780463192097,0.131155909359433,0.854665819329913,0.65709598435129,0.998356619622263
145.71,0,274.330922170286,0.130192239159756,0.853831906263567,0.655377389318465,1
145.72,0,274.884632435646,0.128493964066256,0.858277684435426,0.655869855561635,0.999639564772424
145.73,0,275.441566278254,0.131383511593984,0.854800171257453,0.655597061979607,1
145.74,0,276.001693457995,0.129951179042937,0.859112685168217,0.656848153450545,1
145.75,0,276.564982786007,0.13025138168962,0.856744205266679,0.654381117906916,0.999907942282554
145.76,0,277.131402008934,0.129648576230458,0.856654506655971,0.654507369899126,1
145.77,0,277.700917821813,0.126643785003937,0.852626346476711,0.655659715140382,0.998526173307896
145.78,0,278.273495874954,0.128995170275809,0.854300116452669,0.654999270983082,0.998197829365474
145.79,0,278.849100781352,0.127135787578405,0.85205346055804,0.65297132964038,0.999417059385052
145.8,0,279.427696124562,0.126878469350914,0.854683211319851,0.654901367252856,1
145.81,0,280.009244467039,0.129147025234364,0.854855545965871,0.656423481636705,1
145.82,0,280.59370735894,0.127088421106506,0.853379306791621,0.655490006513959,1
145.83,0,281.181045347385,0.124427574726973,0.852319734371202,0.653792682058561,1
145.84,0,281.771217986197,0.12563170644101,0.851498931511866,0.653981133833803,1
145.85,0,282.364183846096,0.124064393942512,0.850718468238261,0.653602240435686,1
145.86,0,282.959900525391,0.12620481212311,0.850545237752803,0.65394613036141,0.99948346588028
145.87,0,283.558324661126,0.123914537349501,0.853345794337259,0.653929278885604,1
145.88,0,284.159411940722,0.122084146510823,0.852520861642909,0.654773785572986,0.999956354736127
145.89,0,284.763117114097,0.12301848762265,0.854221608000453,0.653145121214473,1
145.9,0,285.369394006262,0.122434149020626,0.85179479157383,0.652159208636509,1
145.91,0,285.978195530421,0.121935010621286,0.851994145833331,0.653018024394889,0.998556406391481
145.92,0,286.589473701538,0.125061816127474,0.850677386217785,0.652916208703728,1
145.93,0,287.203179650407,0.125115447617423,0.852297541046674,0.651650955732061,0.999418485615229
145.94,0,287.819263638205,0.122615329654954,0.852968356672241,0.653412626077224,0.999560672987053
145.95,0,288.437675071538,0.120927878931675,0.851246046912424,0.652354048988162,1
145.96,0,289.058362517982,0.11942731886671,0.850606366408385,0.654796848993351,0.997115636369082
145.97,0,289.681273722099,0.120508926669111,0.848229739618653,0.65104100285046,0.999910152333934
145.98,0,290.306355621963,0.119818370591658,0.852216877941339,0.652643428244638,1
145.99,0,290.933554366162,0.118255320371691,0.848368349695814,0.653987708776921,0.998778747520136
146,0,291.562815331294,0.119652765281714,0.849081921826388,0.65156620918066,1
146.01,0,292.194083139952,0.120428733765508,0.849660595180363,0.653486608185552,0.998737178813962
146.02,0,292.827301679188,0.117248889904917,0.849406147831351,0.650590324928427,1
146.03,0,293.462414119465,0.118498374799583,0.847179959886774,0.651616047110324,1
146.04,0,294.099362934092,0.117898036130394,0.848911777647278,0.65095360862785,1
146.05,0,294.738089919131,0.119012365396322,0.849569991828998,0.652623796883394,0.999975099321513
146.06,0,295.378536213782,0.114906025830552,0.845360975027776,0.650745919915816,0.999923891560255
146.07,0,296.020642321241,0.114126484369487,0.846758694415669,0.650798340450083,1
146.08,0,296.664348130021,0.114249361465288,0.848588047715269,0.647544323073761,0.998295977888599
146.09,0,297.309592935739,0.116197108102465,0.847347661815849,0.649676519052799,1
146.1,0,297.956315463357,0.115120542208063,0.846201909924485,0.649914839527924,0.999939370418234
146.11,0,298.604453889881,0.114772913226845,0.849297657698011,0.649775162792479,1
146.12,0,299.253945867496,0.113752004393452,0.848180757305719,0.650066626423174,1
146.13,0,299.904728547156,0.110555664190783,0.849947355238264,0.650692733262572,0.997408513518504
146.14,0,300.556738602595,0.114443023295681,0.846569468540709,0.648674709773,0.99803445105002
146.15,0,301.209912254771,0.111017378425437,0.844223980747814,0.647962314009337,1
146.16,0,301.864185296727,0.112555049715544,0.844973308088178,0.649947592064112,1
146.17,0,302.519493118867,0.111100818186384,0.846296601213498,0.648491271958777,1
146.18,0,303.175770734626,0.112306367582564,0.845687559718982,0.646904038681425,1
146.19,0,303.832952806547,0.110892064511258,0.845709786359241,0.647349940478167,0.999096431831305
146.2,0,304.490973672729,0.110920187780623,0.842937671101327,0.645484620251027,1
146.21,0,305.149767373665,0.109803006217979,0.844477055204867,0.647732500802664,1
146.22,0,305.809267679429,0.111842275254348,0.844861708229951,0.650682162993841,0.999158503748046
146.23,0,306.469408117231,0.107342746913395,0.84587602132468,0.645505923212573,0.999749219162531
146.24,0,307.130121999309,0.106720013237684,0.842870670198578,0.647631911813079,1
146.25,0,307.791342451154,0.108167987394252,0.845163858774506,0.646402316376921,1
146.26,0,308.453002440054,0.107794753469126,0.845152224961268,0.644839897770333,1
146.27,0,309.11503480395,0.105919929232541,0.843969801867664,0.646588745984721,0.996680554785016
146.28,0,309.777372280582,0.108995512588145,0.843447688407801,0.64511935112989,0.999976247347311
146.29,0,310.439947536925,0.109060847455231,0.84422930187457,0.645766049100349,1
146.3,0,311.102693198882,0.108748322012179,0.84148937929537,0.644188611410701,0.999410641850683
146.31,0,311.765541881243,0.105919916207041,0.8399654229693,0.643216406701491,0.999261496272982
146.32,0,312.428426217879,0.105199273160176,0.843656565752033,0.643533974412822,1
146.33,0,313.091278892161,0.105600049981391,0.84247150052298,0.645579076508415,0.999515326022445
146.34,0,313.754032667594,0.105469033236848,0.842332714011197,0.645387136610503,1
146.35,0,314.416620418641,0.104197000721459,0.841581610034867,0.645313492283107,0.999227038613796
146.36,0,315.078975161734,0.103529909327559,0.843360706078921,0.647451198600019,1
146.37,0,315.741030086438,0.10502388107558,0.841918998986538,0.64531572743365,1
146.38,0,316.402718586771,0.104199612210989,0.840519622935984,0.648316562992791,1
146.39,0,317.063974292651,0.101153551851639,0.840743307509239,0.643972720381793,1
146.4,0,317.724731101456,0.10104263115694,0.839836463219209,0.645600771575792,1
146.41,0,318.384923209678,0.100898593021527,0.84062482565499,0.643243808179625,0.998807585400591
146.42,0,319.044485144662,0.104110777740545,0.839631887142724,0.644873409635284,0.998621053905075
146.43,0,319.703351796394,0.100802161464306,0.842742888224924,0.643623822799867,0.999351447998705
146.44,0,320.36145844934,0.101603167935428,0.841916080757744,0.645056697365975,0.998247087363933
146.45,0,321.018740814305,0.0997459865675862,0.841902992305452,0.645486478173644,1
146.46,0,321.675135060301,0.0986245236263445,0.840978683466863,0.643340858635756,0.999250302765766
146.47,0,322.33057784639,0.100905791008972,0.839230101260552,0.642189052808993,1
146.48,0,322.985006353511,0.09926496654668,0.837580271567729,0.643162751793988,1
146.49,0,323.638358316237,0.100884159787532,0.838057903939215,0.643022123456725,1
146.5,0,324.290572054475,0.0983757957745473,0.837924170658947,0.640487670209589,1
146.51,0,324.941586505065,0.0979849093221458,0.839058018758691,0.642812573042443,1
146.52,0,325.591341253271,0.0986556207624325,0.838721868448672,0.643223335135505,0.999032914692857
146.53,0,326.239776564146,0.098688699412588,0.838631759402807,0.643031039753716,0.997417420492166
146.54,0,326.88683341374,0.0979493323450474,0.836192037463041,0.64340550627795,0.999539786051172
146.55,0,327.532453520144,0.0955202863993027,0.841342031738917,0.641647902560722,1
146.56,0,328.176579374334,0.0986449339498992,0.839915213875492,0.640370184273159,1
146.57,0,328.819154270818,0.0966510288029497,0.839636914918248,0.643152583642701,1
146.58,0,329.460122338043,0.0951638936244062,0.836654590672348,0.643149049228875,0.999976220001751
146.59,0,330.099428568556,0.0972580163367236,0.840818361450162,0.642851060845324,0.998860148473193
146.6,0,330.737018848892,0.0941357658959672,0.837514653318185,0.641996723247536,0.999123314554382
146.61,0,331.372839989179,0.0951117420261739,0.83772022412724,0.64243053807529,1
146.62,0,332.006839752421,0.0928256812056708,0.836223767844123,0.642635223988886,1
146.63,0,332.638966883464,0.0942992488726091,0.838631249773215,0.645306068408509,0.999465753486893
146.64,0,333.269171137608,0.0936157670386657,0.834159552941946,0.642849609198145,0.999860822066362
146.65,0,333.89740330885,0.0938020610180023,0.834391479704787,0.642525372497871,0.997504850003421
146.66,0,334.523615257736,0.0897135676725358,0.837497846306086,0.641870363912082,0.999213346904371
146.67,0,335.147759938813,0.0913715920586145,0.839539635445925,0.64057508975273,0.996494450368769
146.68,0,335.769791427654,0.0924306670725498,0.835939902570382,0.642861765016899,0.999578068772446
146.69,0,336.38966494743,0.0904586964506163,0.833735058835839,0.641994980807047,1
146.7,0,337.00733689503,0.0904544996921437,0.837983504188765,0.64416284754351,1
146.71,0,337.622764866693,0.0907134942306671,0.836524915980901,0.64105620771436,1
146.72,0,338.235907683142,0.0917039829813076,0.833859244564357,0.641404402332653,0.999473105759819
146.73,0,338.846725414204,0.0888597377335015,0.836942924010531,0.642282918147729,0.999073081747209
146.74,0,339.455179402891,0.0889806171819591,0.837055509939718,0.64287531331063,1
146.75,0,340.061232288933,0.0899883303745809,0.836844719653943,0.644337336722845,1
146.76,0,340.664848031741,0.0875763324540483,0.83488272089768,0.641881030041163,1
146.77,0,341.265991932788,0.0865929768937266,0.836173082582725,0.641794446738387,1
146.78,0,341.86463065739,0.0881303088113808,0.835486670128561,0.643385588536816,0.998781847962145
146.79,0,342.460732255866,0.0886079825434901,0.834666911618673,0.641416931206699,1
146.8,0,343.054266184074,0.0874084052602752,0.834349264288082,0.642877186041432,1
146.81,0,343.6452033233,0.0873639987366928,0.83588128854699,0.642397713336377,0.999654530731233
146.82,0,344.233515999483,0.0891680080578515,0.834508320587862,0.642153685773242,1
146.83,0,344.81917800177,0.0857628013127593,0.834144476401106,0.642359609985556,1
146.84,0,345.402164600388,0.0866698278447104,0.835030118751422,0.641820534076264,1
146.85,0,345.98245256381,0.0847105351828667,0.837542062088283,0.641280735453809,0.999656812083465
146.86,0,346.560020175211,0.0852585444158803,0.834832865682863,0.639162784324735,1
146.87,0,347.134847248203,0.0872701756596564,0.831471513236525,0.641509805673384,1
146.88,0,347.706915141836,0.0853804783447763,0.833718494692622,0.640430568230585,0.998475323730196
146.89,0,348.27620677485,0.0848258341103761,0.836066120131724,0.645328439297103,1
146.9,0,348.842706639174,0.0851293362464369,0.835277521807136,0.643971103329789,0.999212917511198
146.91,0,349.406400812662,0.0827377264623912,0.833314477079013,0.642006179804402,0.998828372353879
146.92,0,349.96727697105,0.0837510625942099,0.834687089816705,0.639503208265763,1
146.93,0,350.525324399135,0.085841852615589,0.833776574630899,0.642420524041528,0.999410832885368
146.94,0,351.080534001167,0.0840197075823128,0.831649090480125,0.639988161067002,0.998243775140643
146.95,0,351.632898310435,0.0827750017654602,0.833205816059506,0.642142869816201,1
146.96,0,352.182411498058,0.0821221198889713,0.833409872533344,0.642566286038776,0.996407400336239
146.97,0,352.729069380959,0.0842302198912181,0.831791515647991,0.639360622545475,0.999883858280106
146.98,0,353.272869429034,0.0810160133694563,0.833706263964012,0.64484608415912,0.99871051122545
146.99,0,353.813810771489,0.0814250635441728,0.83573683170261,0.64201418250794,0.998785784184969
147,0,354.351894202366,0.0809560757649524,0.831474558759982,0.641746677364482,0.999472364612571
147.01,0,354.887122185229,0.0825511575226958,0.833709764224159,0.644000746196106,0.999373122113048
147.02,0,355.41949885703,0.0803203585924345,0.831428078045964,0.643202718756824,1
147.03,0,355.949030031141,0.0807797524860194,0.831739651909357,0.640826623133818,0.998544058846496
147.04,0,356.475723199545,0.0797819422865056,0.83102737657604,0.640705854992602,1
147.05,0,356.999587534202,0.0813344311875719,0.832210845515996,0.643649127768694,1
147.06,0,357.520633887573,0.0804672512235777,0.833353145870614,0.642790012371031,0.997920420886234
147.07,0,358.038874792314,0.0796595795702877,0.832895230596498,0.643927137234562,0.999624133950478
147.08,0,358.554324460129,0.0826699477689002,0.835072138214134,0.641517559312509,0.999354376016037
147.09,0,359.066998779802,0.0800774178744632,0.831326028601553,0.643692944395999,0.99888525130555
147.1,0,359.576915314387,0.078692820870283,0.832074615314457,0.641547363420837,1
147.11,0,360.084093297577,0.0795559772020581,0.833423562629276,0.6414088812174,1
147.12,0,360.588553629249,0.0816820642761166,0.8338352377471,0.64478774449215,0.99986165275617
147.13,0,361.090318870187,0.0798859250490573,0.832134967445339,0.642309058401541,1
147.14,0,361.589413235987,0.0788916578811649,0.831884826163163,0.643750486266845,1
147.15,0,362.085862590157,0.0782827261209633,0.830373678269307,0.64253183957552,1
147.16,0,362.579694436412,0.0780899891342298,0.829376054263026,0.642191266688127,0.999198362477664
147.17,0,363.070937910163,0.0765122299541665,0.830905560068782,0.642028227402129,0.998273010053355
147.18,0,363.55962376922,0.0797463352400003,0.830450044764734,0.642489672672293,1
147.19,0,364.045784383715,0.0747519520738912,0.83216880059409,0.644246494733906,0.999023254771239
147.2,0,364.529453725235,0.0781785352201777,0.832157992665089,0.643905676128217,1
147.21,0,365.010667355202,0.0756144227760218,0.832081219976916,0.643382652600114,1
147.22,0,365.489462412484,0.0786261733940118,0.831931254578839,0.643138744799348,1
147.23,0,365.965877600258,0.0761447078245215,0.834930964682017,0.642542230591967,1
147.24,0,366.439953172134,0.0760948274905058,0.833394097232192,0.643005556122447,0.999124440679021
147.25,0,366.911730917546,0.0746603940804145,0.832504176308619,0.641295261615936,1
147.26,0,367.381254146434,0.0766435463974812,0.830697032484488,0.643093017851636,0.998164042752512
147.27,0,367.848567673203,0.0741990203302854,0.83191998479791,0.643425832874685,0.999756650193026
147.28,0,368.313717799994,0.0732254863331489,0.833390275173326,0.645985179924058,0.997597981530014
147.29,0,368.776752299276,0.0739532132178227,0.831967881857222,0.644199102010042,1
147.3,0,369.23772039575,0.0737531861634678,0.832860454409494,0.644992711176262,0.99890475816859
147.31,0,369.696672747613,0.0730311253975608,0.83051951745358,0.644921706993793,1
147.32,0,370.15366142716,0.0727792740264065,0.831440234204546,0.644832368603269,0.998719366669313
147.33,0,370.60873990076,0.0750625639228542,0.834526924347237,0.645266765464273,1
147.34,0,371.061963008217,0.0728162051266436,0.83443136354777,0.645062824865272,0.998952098759838
147.35,0,371.513386941515,0.0707000010651779,0.831120124305098,0.645702191404524,0.998498129026824
147.36,0,371.963069222981,0.0729394495072486,0.830752584103671,0.645991810916333,1
147.37,0,372.411068682873,0.0726843534959858,0.828549315270141,0.647260552514,1
147.38,0,372.857445436394,0.0714091132177545,0.831795801549733,0.646483082856143,0.998470638493695
147.39,0,373.302260860178,0.0708793897866228,0.832725570767334,0.644208273124681,1
147.4,0,373.745577568228,0.0731703686143894,0.831520697771688,0.64514007283755,1
147.41,0,374.187459387351,0.072953179706019,0.831785912019394,0.643956130456805,0.9999765392717
147.42,0,374.627971332083,0.072080210441262,0.834512812225596,0.645747708097667,1
147.43,0,375.067179579134,0.0746325387382105,0.829501539644419,0.645784407309392,0.999088472123089
147.44,0,375.505151441371,0.0718964609929023,0.831875025419953,0.643915771655932,0.997872124500359
147.45,0,375.941955341332,0.0718910490490868,0.831475818117503,0.646802286885619,1
147.46,0,376.377660784317,0.0702580215732379,0.832180223732888,0.646261054307285,0.998884669958649
147.47,0,376.812338331062,0.0717057704300785,0.83435193085632,0.645844909569981,0.997945633755437
147.48,0,377.246059569989,0.0705442776181017,0.832417568039151,0.646323151609748,0.99776170255448
147.49,0,377.67889708909,0.0689012985840629,0.830624580144096,0.646791247849883,0.99790036068015
147.5,0,378.110924447431,0.0676496336442538,0.831977552524295,0.649127492506317,1
147.51,0,378.542216146293,0.0679445946750335,0.832743817925707,0.648987118704495,0.998623287983781
147.52,0,378.972847599986,0.0674745723798937,0.831703021540848,0.650602560626364,0.999893789131582
147.53,0,379.402895106339,0.0676202080616902,0.832219433401485,0.64992417824867,1
147.54,0,379.832435816875,0.0678867896470052,0.831879411536064,0.648519397451566,0.997749472502723
147.55,0,380.261547706699,0.0695004621173136,0.830996982079354,0.645421486870055,1
147.56,0,380.690309544121,0.070708366203651,0.832178049498876,0.649128208611844,1
147.57,0,381.118800860011,0.066394502669587,0.83363985892434,0.646998799585078,1
147.58,0,381.547101916909,0.0673537035894885,0.830400171024731,0.649892298015097,0.999483123396926
147.59,0,381.975293677924,0.0675295600821926,0.831165107550503,0.647434760774639,1
147.6,0,382.403457775406,0.0673544025763729,0.830765794592527,0.649114759131111,1
147.61,0,382.83167647943,0.0683481568058107,0.831764682688215,0.649083956679594,0.999760410974838
147.62,0,383.260032666103,0.0676462896391238,0.830809577629897,0.649908328233371,0.999388411737794
147.63,0,383.688609785702,0.0685312816893845,0.830031750588226,0.650024267647693,1
147.64,0,384.117491830662,0.0671761723546785,0.832731846630757,0.650753423088177,1
147.65,0,384.546763303433,0.0646737039858867,0.828303552562372,0.650106473350914,0.996617012133866
147.66,0,384.976509184219,0.0660864069597743,0.830246838162097,0.653558000297126,1
147.67,0,385.4068148986,0.0659276726976939,0.831791459820992,0.650796952162127,1
147.68,0,385.83776628508,0.0670692991205801,0.833669635682101,0.650345610189775,0.998766072409177
147.69,0,386.269449562545,0.0654384451374125,0.831739554189474,0.648743364833669,1
147.7,0,386.701951297659,0.0642052639166097,0.831226057084316,0.648268072604629,0.999232680467101
147.71,0,387.135358372217,0.0627141915712807,0.831066957078977,0.648115524909251,0.998034727459892
147.72,0,387.569757950457,0.065647014763204,0.830279487857632,0.653460710789376,0.997662100418389
147.73,0,388.005237446346,0.0648974086248933,0.83360723775898,0.650485733313359,0.995054988686993
147.74,0,388.44188449086,0.0637649381787597,0.833236599689579,0.650601778820769,1
147.75,0,388.879786899266,0.0644487117908228,0.828780949036499,0.651119519659905,1
147.76,0,389.31903263841,0.0626615898260584,0.832776576829473,0.652802888379737,0.998775424643443
147.77,0,389.759709794042,0.0622337134236865,0.830760959630778,0.649673917846604,0.999980398012999
147.78,0,390.201906538174,0.0656595009217571,0.831219217495446,0.65009570006248,0.99849737460181
147.79,0,390.645711096482,0.0633196923978439,0.832977178270072,0.652324780781887,1
147.8,0,391.091211715775,0.0616425089920739,0.833630296543406,0.65315075760239,0.99836887724114
147.81,0,391.538496631535,0.0650023727927948,0.834352930334657,0.652542126851309,0.999577353871249
147.82,0,391.987654035533,0.0615237637448347,0.833800026181287,0.654609741993839,1
147.83,0,392.438772043539,0.063532002836871,0.83421180958559,0.651344770730489,0.999692535140685
147.84,0,392.891938663138,0.0618522565521235,0.832156583219366,0.654903695744088,1
147.85,0,393.34724176165,0.0619644597992765,0.831514315350844,0.653431275450533,1
147.86,0,393.804769034171,0.0604041626333528,0.83255626470114,0.653253603591953,1
147.87,0,394.264607971757,0.0614844634309181,0.831558701999486,0.656352588343696,1
147.88,0,394.726845829724,0.0640144388337455,0.831475195091762,0.654953230669983,0.996088745993627
147.89,0,395.191569596114,0.0602128558431229,0.83229104058375,0.655222754133036,1
147.9,0,395.658865960305,0.0591124464850661,0.833867678805586,0.653267398512701,1
147.91,0,396.128821281792,0.0598411771048532,0.833284603868562,0.652539381575696,0.998974295860108
147.92,0,396.601521559129,0.0587002628411836,0.834385343965931,0.654220501799361,0.999077053483852
147.93,0,397.077052399055,0.0601724850084463,0.832882205852289,0.651884945314891,1
147.94,0,397.555498985811,0.0604500533540745,0.834153904977448,0.654271403266197,1
147.95,0,398.036946050633,0.0590642424728592,0.833341522044563,0.655039514767059,0.999110877070682
147.96,0,398.521477841455,0.060395798605173,0.832334470609505,0.654148950500637,0.999808729358185
147.97,0,399.009178092819,0.0588825688706735,0.833977826777469,0.655887688390396,0.997159742919061
147.98,0,399.500129995984,0.0605875747270603,0.834847389783153,0.654275493091267,0.999126079896711
147.99,0,399.994416169265,0.0579369826243008,0.834839187611854,0.654981689867345,1
148,0,400.492118628584,0.0589411509793483,0.833244766479478,0.656455566987505,0.999142223385216
148.01,0,400.993318758254,0.0581884858738956,0.835386634371782,0.655397851458966,0.998923160778965
148.02,0,401.498097281994,0.0576737832436344,0.833632238168877,0.654524126453469,0.998275721088853
148.03,0,402.006534234187,0.0575887095880955,0.836222852154417,0.654725038072142,1
148.04,0,402.518708931366,0.0584223148276378,0.833097863501847,0.657453926825321,0.9990711123268
148.05,0,403.034699943969,0.0562174507776306,0.836164346731969,0.656150607483289,1
148.06,0,403.554585068327,0.0573865306759127,0.832983395358494,0.654763314265518,1
148.07,0,404.078441298914,0.057900286793639,0.833256004710922,0.657169144060575,0.999011282376472
148.08,0,404.606344800862,0.0568159138213459,0.833002004893515,0.656979777514823,0.996758581778331
148.09,0,405.138370882733,0.0581934247100214,0.833879993511995,0.657134161005751,1
148.1,0,405.67459396956,0.0554130961441083,0.835527179190424,0.657243726916344,0.998272094475478
148.11,0,406.215087576159,0.0566808037532979,0.833524419219616,0.655503321091107,0.999978712741218
148.12,0,406.759924280724,0.0527764403109832,0.832934845479522,0.655749434168741,1
148.13,0,407.309175698683,0.054737048400149,0.832687322965799,0.655066546098682,1
148.14,0,407.862912456852,0.0537029792680192,0.831863181855785,0.658310662280254,0.999499277054663
148.15,0,408.421204167865,0.0538809605129676,0.835149987064287,0.658942519349196,1
148.16,0,408.984119404892,0.0575271100470226,0.833460834946781,0.657558215030796,0.999738526713707
148.17,0,409.551725676655,0.0551714262365007,0.835433730977957,0.655709448731117,0.997138303542018
148.18,0,410.124089402724,0.0532651189517921,0.833694836164721,0.655895182744788,0.999450800876527
148.19,0,410.701275889122,0.0542630389749896,0.839123613738955,0.656785632250804,0.999501221332972
148.2,0,411.28334930423,0.055556794915767,0.833652152764445,0.658588719426535,1
148.21,0,411.870372654981,0.0512250749347502,0.837399107275986,0.658383875425422,0.998295323509698
148.22,0,412.462407763375,0.054723224404131,0.83682810498966,0.655247139748959,1
148.23,0,413.059515243294,0.0551181193560754,0.837141441508441,0.658185156067428,0.998128144535411
148.24,0,413.661754477628,0.0524575001118395,0.836468744196312,0.659470792212837,1
148.25,0,414.269183595717,0.0536701355741204,0.835557219327429,0.656929669831903,1
148.26,0,414.88185945111,0.0508901615271172,0.836668008419063,0.653992413441894,1
148.27,0,415.499837599643,0.0511816006479568,0.834967177648941,0.656419143631118,1
148.28,0,416.123172277837,0.0512023961345026,0.837592976431113,0.658074911053366,0.997910081381664
148.29,0,416.751916381627,0.0519839779851923,0.836561929789781,0.658990474340083,1
148.3,0,417.386121445412,0.0504444859082991,0.835656128794016,0.658713334730648,1
148.31,0,418.025837621452,0.0492320936993965,0.836268225411788,0.659725874812395,1
148.32,0,418.671113659573,0.0502782025310941,0.837644751985786,0.65726885276242,0.999635624164013
148.33,0,419.321996887242,0.0499775211729407,0.836513225165785,0.659752326976174,0.999954124822342
148.34,0,419.978533189961,0.0487735088205308,0.838477360050545,0.65790083441466,0.997829948671541
148.35,0,420.640766992011,0.051179940467828,0.838476255451186,0.657211385133114,1
148.36,0,421.308741237558,0.0490583948375551,0.838827718493614,0.657999550615151,0.998973945271115
148.37,0,421.982497372086,0.0484814897582495,0.839689649044598,0.656596154193886,0.999213437347415
148.38,0,422.662075324216,0.0491516124154743,0.835218467360609,0.660000967954687,1
148.39,0,423.347513487857,0.0513281601296487,0.837767898788444,0.662267451500183,1
148.4,0,424.038848704745,0.047320394919505,0.838568344977695,0.657638802937494,0.999593230737027
148.41,0,424.736116247334,0.049224730987499,0.840928936770481,0.656128091844089,0.998502561641579
148.42,0,425.43934980207,0.0484777469044491,0.839283242310744,0.657952833614705,1
148.43,0,426.148581453035,0.0459687708116219,0.840254763729009,0.656731950185123,0.999391255615982
148.44,0,426.863841665983,0.0433451714419757,0.834590305732105,0.65963343616447,1
148.45,0,427.585159272752,0.0454795501508539,0.836330887042648,0.657148514580235,1
148.46,0,428.312561456076,0.0452358571572935,0.841428564410799,0.66128402718018,0.998339574487355
148.47,0,429.046073734792,0.044851506831879,0.839022077364239,0.658664419421707,1
148.48,0,429.785719949451,0.0437935739446658,0.840510390807275,0.657929459914208,1
148.49,0,430.531522248332,0.0439942890863897,0.838451035127864,0.658254561503227,0.998920934071695
148.5,0,431.283501073879,0.0439359586365849,0.837501070014471,0.656807677432818,1
148.51,0,432.04167514955,0.0456996364966182,0.837734288293537,0.657407485928894,0.998868068576354
148.52,0,432.806061467097,0.0430243782225286,0.840703387008161,0.65471091532499,0.999531337102027
148.53,0,433.576675274279,0.0424900379351842,0.839587463933718,0.657941162997894,0.999689406789148
148.54,0,434.353530063003,0.042779051299147,0.840344288741902,0.657821328867231,0.998469940044391
148.55,0,435.136637557933,0.0443984668622153,0.841200986675014,0.658342186106517,0.999680850787038
148.56,0,435.926007705523,0.0417995117192062,0.839301312439656,0.658294566404986,1
148.57,0,436.721648663532,0.0427667783593654,0.839125157393822,0.659541589693141,0.99992987441067
148.58,0,437.523566790996,0.0432114780196135,0.842455137181139,0.658666224732663,1
148.59,0,438.331766638673,0.0422432355505986,0.841569091799905,0.65830601371654,0.997893803738421
148.6,0,439.14625093997,0.0416781190973246,0.840274693166676,0.65907250515757,0.999181748235368
148.61,0,439.967020602367,0.0428202497724287,0.842060444726674,0.6556342571784,1
148.62,0,440.794074699321,0.0416519467098315,0.839849671600104,0.659228385699479,0.999421306081465
148.63,0,441.627410462691,0.0435649719592017,0.840895739239092,0.659169870171124,0.99701170565752
148.64,0,442.467023275668,0.0373445730731803,0.841373924516772,0.658416392540918,0.999924372846953
148.65,0,443.312906666229,0.0392479941867388,0.843333058803595,0.658567874886545,1
148.66,0,444.165052301112,0.0380948237319472,0.840784500189109,0.658265078220707,0.998343603298484
148.67,0,445.02344998035,0.0396272990655544,0.840104866138981,0.657207103755078,0.99953721260828
148.68,0,445.888087632327,0.0422772224406961,0.842796188371418,0.658325805228593,1
148.69,0,446.758951309403,0.0377987606493059,0.842641682115803,0.655885685947644,1
148.7,0,447.636025184106,0.0367219416340872,0.842978667663839,0.658085699840572,1
148.71,0,448.519291545887,0.0363861095121652,0.845283310791502,0.656225082294725,0.998814828530277
148.72,0,449.40873079847,0.0373119965734208,0.84362286699668,0.65832508484794,1
148.73,0,450.30432145778,0.034549187204411,0.847112004293343,0.657165541605013,0.997292013982482
148.74,0,451.206040150484,0.0365461888977089,0.845841459928412,0.655674580417255,1
148.75,0,452.11386161314,0.0342929709956394,0.843451891577235,0.656635741746542,0.999136414045254
148.76,0,453.027758691954,0.0369775703248094,0.8453485855663,0.65673800989994,0.999898963916851
148.77,0,453.947702343185,0.0342993884450292,0.843239012965742,0.656193508032962,1
148.78,0,454.873661634173,0.0344782605304257,0.843553443509934,0.658667262357483,1
148.79,0,455.805603745019,0.0325092382401514,0.845000214627167,0.655882064832786,0.998523087927194
148.8,0,456.743493970927,0.0356035776187598,0.84462642630433,0.655555554915463,1
148.81,0,457.687295725205,0.0331511267160254,0.846270814291599,0.655550970548145,0.999136743904934
148.82,0,458.636970542948,0.0332217213819479,0.84512169082628,0.655766771088278,0.999631139860389
148.83,0,459.5924780854,0.0355434993333189,0.8468233923425,0.655469644789609,1
148.84,0,460.553776145013,0.0320608214425826,0.84712899511562,0.655781792395072,1
148.85,0,461.520820651214,0.0313628990978427,0.847800507489795,0.654567731364196,1
148.86,0,462.493565676873,0.03006871392071,0.845955884175626,0.656223956057187,1
148.87,0,463.471963445502,0.0324052163088285,0.846778147205572,0.654056634320662,1
148.88,0,464.455964339183,0.0320232412326963,0.848171769074483,0.656354967943587,1
148.89,0,465.445516907225,0.030987473365514,0.849869442040434,0.655970076959746,1
148.9,0,466.44056787558,0.0304575515977437,0.84756500915684,0.653798149543878,0.999005217625214
148.91,0,467.441062157008,0.0282736511173234,0.846885371091068,0.655638771982848,1
148.92,0,468.446942862006,0.0297641674783715,0.845803337189892,0.6545662833588,0.998302737634152
148.93,0,469.458151310505,0.028301913290686,0.849847138059311,0.653920712679537,1
148.94,0,470.474627044354,0.0278903695822017,0.84638765307362,0.656838679943665,0.99840489378542
148.95,0,471.496307840578,0.0256291260794704,0.848646677909864,0.651909131227501,1
148.96,0,472.523129725441,0.0261254982724741,0.849414358302128,0.656401795466969,1
148.97,0,473.555026989302,0.0245458161985014,0.845190331356215,0.654624447079383,1
148.98,0,474.591932202276,0.0276780782369012,0.851524314691041,0.653359454443297,1
148.99,0,475.633776230712,0.0266751459440058,0.849037221390462,0.653210942942532,1
149,0,476.680488254483,0.0256902724702689,0.850134563097308,0.653888974266949,1
149.01,0,477.73199578511,0.0249578922467367,0.848346570267275,0.653876188594676,0.997743758790143
149.02,0,478.788224684702,0.0232630809402141,0.850142733030309,0.654450679141528,1
149.03,0,479.849099185735,0.0255406105328541,0.848599600589931,0.65086922118142,1
149.04,0,480.914541911671,0.024627308587287,0.850396698653659,0.652012948142714,0.999422241009447
149.05,0,481.984473898416,0.0258749812163148,0.850654569680059,0.653428093982006,1
149.06,0,483.058814616611,0.0212409052285249,0.850770311382122,0.652487270770662,1
149.07,0,484.137481994795,0.0219279495690229,0.851141372130502,0.653045064306983,1
149.08,0,485.220392443394,0.0228541686673505,0.851076126196745,0.653391980221039,0.998584271030547
149.09,0,486.307460879572,0.0241665963801586,0.851215927864247,0.650005699634964,0.997459809970944
149.1,0,487.398600752932,0.0212883831138169,0.851815446867214,0.650517166148047,0.999940909516848
149.11,0,488.493724072071,0.0213424203222764,0.851571880386587,0.651389690374338,1
149.12,0,489.592741431987,0.0209924026969311,0.851887401550718,0.652834642490217,0.999180245036285
149.13,0,490.695562042342,0.0214998095789059,0.852342837278289,0.651450327545979,1
149.14,0,491.802093756575,0.0175020372719743,0.850684047122669,0.651828303411771,0.999848786796017
149.15,0,492.912243101859,0.0171959557127852,0.853085539667364,0.650172540931706,0.99767751194244
149.16,0,494.025915309918,0.0195349603554764,0.854409992019795,0.651875220463859,0.999887294754302
149.17,0,495.143014348684,0.0198135882258376,0.854556898051758,0.651348359823575,0.997886151263638
149.18,0,496.263442954788,0.0192349000306863,0.854694155586002,0.650752441060036,1
149.19,0,497.387102666902,0.017704123559986,0.853891402190069,0.652766970234665,0.999576074648111
149.2,0,498.513893859897,0.0190455813498252,0.855246263823264,0.651634840921893,1
149.21,0,499.643715779849,0.0182058482121947,0.852825937430271,0.651612266513028,1
149.22,0,500.776466579842,0.0186878022118777,0.855921497658055,0.649837306022406,0.998197637113038
149.23,0,501.912043356607,0.0176189013025785,0.84978710021607,0.649270523195876,1
149.24,0,503.050342187946,0.0157815201888394,0.854585104021226,0.651256029833944,0.999806449394214
149.25,0,504.191258170966,0.0143207293838405,0.855904175664019,0.647478022174522,0.999554926385197
149.26,0,505.334685461105,0.0119560617560816,0.85552534859594,0.649811294127763,1
149.27,0,506.48051731192,0.0149165910878091,0.858791817459013,0.648363410950334,1
149.28,0,507.628646115659,0.012510107865175,0.856153602151134,0.649400225599418,1
149.29,0,508.77896344458,0.013505406200226,0.85772140375888,0.648093173677196,1
149.3,0,509.931360093015,0.0144905417473068,0.856801633595361,0.64850116749802,1
149.31,0,511.085726120168,0.0123801236578042,0.856490460840539,0.652067701399735,1
149.32,0,512.241950893629,0.0116074410308144,0.857196879141605,0.647532245320523,1
149.33,0,513.399923133586,0.011533351007899,0.857151418904141,0.649249014314497,0.999237590936479
149.34,0,514.559530957734,0.00749325668697824,0.857219494345989,0.646168871641744,1
149.35,0,515.720661926847,0.0113780191474915,0.858876786555436,0.648995413265872,0.99825394197549
149.36,0,516.883203091008,0.0101407539836065,0.860544909078232,0.646822641829198,0.999262921285048
149.37,0,518.047041036474,0.00951221144252217,0.856288522090687,0.648747175355901,1
149.38,0,519.212061933165,0.012430387864943,0.857906768031627,0.646341033551945,1
149.39,0,520.360546518144,0.010551882228409,0.8596636819669,0.648134425167484,1
149.4,0,521.497028347335,0.00592413545515211,0.859200824567673,0.646647718561343,1
149.41,0,522.634956267764,0.00701801341876237,0.861143142761435,0.646024350790068,1
149.42,0,523.722816969953,0.00825664546047399,0.859221163176654,0.648211216249912,1
149.43,0,524.527882265499,0.00432371036410029,0.85920413091321,0.646857578151129,1
149.44,0,525.316225378528,0.00951188187826374,0.860454956869842,0.646112392624154,1
149.45,0,526.106564644991,0.000932728347654835,0.859400858361086,0.64556782602785,0.999043399327892
149.46,0,526.746332380354,0.00476004245181814,0.863907364845951,0.647661273785663,1
149.47,0,527.27530696502,0.00709679308978044,0.858904476906316,0.644130440801051,1
149.48,0,527.808456419261,0.00535954900474183,0.860622456389304,0.64218065212283,1
149.49,0,528.314292919326,0.00647839122988929,0.860689147867609,0.64708575040681,1
149.5,0,528.677898695683,0.00891216081414164,0.862383932907502,0.645185291920912,1
149.51,0,529.030930390194,0.00641786228704496,0.86066343602373,0.646103963132883,1
149.52,0,529.382622622096,0.00674105514194013,0.860950918953609,0.64301367693923,0.9974357946465
149.53,0,529.687813816139,0.00617927429758397,0.861283670242459,0.646178703052068,1
149.54,0,529.958138671256,0.00817933835121738,0.86441199558418,0.645517784669539,1
149.55,0,530.227016766595,0.0039137143144278,0.865463804435348,0.643191720546471,1
149.56,0,530.492124968439,0.00759100075461628,0.860566316480252,0.646295601897986,0.997433087596247
149.57,0,530.751637208999,0.00490711507269104,0.864798322771553,0.646400449180207,1
149.58,0,531.007448481792,0.00393795863820394,0.864535115449976,0.64702031234616,1
149.59,0,531.259602337655,0.00543896872989341,0.863355243122109,0.644334693061547,0.999549045122559
149.6,0,531.506573566912,0.00624399959012132,0.862967858250201,0.644043407495753,1
149.61,0,531.748648272303,0.00515008980241356,0.864269135614014,0.643995163682877,0.998039320048042
149.62,0,531.986822243653,0.00517621538680416,0.866539301886226,0.643456025444602,0.997795066082042
149.63,0,532.220621539753,0.00436464805120506,0.863540983219114,0.647123676989997,1
149.64,0,532.448470000573,0.00371903680482207,0.864186368837234,0.647914631270756,1
149.65,0,532.671991632345,0.00572807602705986,0.863311596896173,0.643556892085846,1
149.66,0,532.891223283777,0.00516167983810145,0.868334067877172,0.643570455462629,0.999914839263555
149.67,0,533.104849823939,0.00343167470241072,0.866147769862567,0.64264535908994,0.999160018823031
149.68,0,533.313116604248,0.00341334504286972,0.865925495010811,0.643828299592469,0.998717454294361
149.69,0,533.516880407353,0.0046624783432734,0.864060774419507,0.644856795592112,0.998818738436768
149.7,0,533.715735755418,0.005082484587914,0.868698125600214,0.644332870336942,1
149.71,0,533.908338797344,0.00529610405270338,0.867349235016446,0.642382472540958,1
149.72,0,534.096074064303,0.00492125051205465,0.867166523959563,0.645874598302346,1
149.73,0,534.278973572516,0.00406339995841972,0.868214193935912,0.64373390355545,0.997822428712047
149.74,0,534.455927757772,0.00389656262138962,0.868524527810611,0.643062830360078,1
149.75,0,534.627144832825,0.00417123359706659,0.867502768274453,0.646093617702555,0.998834701910347
149.76,0,534.793349366428,0.00437961566674582,0.868334934119711,0.643750463755875,0.999558983810398
149.77,0,534.954207305008,0.00267958798553186,0.870199997333471,0.643633414222441,0.997455243617645
149.78,0,535.108615167183,0.00716724276732017,0.869920565393276,0.644979884210427,0.999046268315755
149.79,0,535.257712533394,0.00413995785124654,0.869618517776548,0.639046748152921,0.999872877295668
149.8,0,535.401527804177,0.00165371736514715,0.871187597910321,0.640088813762928,1
149.81,0,535.539175543796,0.00153672184065604,0.868753483178196,0.640887561609506,0.999350381431734
149.82,0,535.670823889496,0.00202816933687323,0.869001164157029,0.643187082361752,1
149.83,0,535.797053789857,0.00384300735265009,0.872075876803441,0.643333000454024,1
149.84,0,535.917606412297,0.00272086269116761,0.870855204998811,0.642990174098441,0.999102477014791
149.85,0,536.031627157679,0.00532909615419693,0.871423801307983,0.638558751614945,1
149.86,0,536.140003917839,0.00195357242620952,0.870466489864573,0.641967367998071,1
149.87,0,536.24276228539,0.00249467550800111,0.86934062211918,0.643926319209092,0.99883312016057
149.88,0,536.339237950533,0.00369463048546661,0.870692708790877,0.64192158994309,0.998763801867938
149.89,0,536.429561356361,0.00471212883875389,0.870552322524059,0.641342859948087,1
149.9,0,536.514174461225,0.00358393307168136,0.873067496675761,0.641688760969935,1
149.91,0,536.592896780854,0.00408416692676392,0.872299901869987,0.642355143958429,0.997882777649576
149.92,0,536.665133507726,0.00242234400801288,0.871548049292945,0.642509742530359,1
149.93,0,536.731510512991,0.00183470110181041,0.871262129502648,0.641353821290243,1
149.94,0,536.792050767739,0.00413253496492148,0.874920722487305,0.641792785825377,1
149.95,0,536.84634071911,0.0042496663140984,0.873849735310082,0.64197015828661,1
149.96,0,536.894466215872,0.00387978624069729,0.874889878137971,0.640113700546209,1
149.97,0,536.936708932332,0.00206619123225132,0.874523053083029,0.641111818519106,0.999676091372103
149.98,0,536.97297508337,0.00321159051278619,0.873757806297769,0.642756588692336,1
149.99,0,537.002959541277,0.00317963405629652,0.872650501736007,0.645028613230823,1
150,0.3,537.026993068094,0.00425457763898748,0.874981137101949,0.640891665857996,0.999080182741668
150.01,0.3,537.04509418699,0.0030527961824296,0.876553740566454,0.640127787450769,1
150.02,0.3,537.056474220116,0.00169925895756582,0.877298455121731,0.640470212276184,1
150.03,0.3,537.061343379031,0.00383339316318804,0.876305298763977,0.643221031326058,0.998233754047894
150.04,0.3,537.06164027825,0.00403954798478676,0.878907518108107,0.64183440053757,1
150.05,0.3,537.06164027825,0.00139835960481296,0.873820217020373,0.643119638600898,0.999722493509199
150.06,0.3,537.06164027825,0.00306852440527903,0.874226552173945,0.643040880333017,0.997904574176362
150.07,0.3,537.06164027825,0.00414091394660744,0.875435329905645,0.643014856323468,0.999769972468898
150.08,0.3,537.06164027825,0.0028377017658302,0.876525012361582,0.642414373636882,0.99955196035186
150.09,0.3,537.06164027825,0.00363389048908368,0.876821671729886,0.642169507967771,0.999493027873504
150.1,0.3,537.06164027825,0,0.877736285762748,0.640764975946044,1
150.11,0.3,537.06164027825,0.000689329493503626,0.880984961988312,0.641984618474997,0.999606346041835
150.12,0.3,537.06164027825,0.00244384057099471,0.881287298047455,0.640465107725195,1
150.13,0.3,537.06164027825,0.00496269052917,0.877699907589491,0.645266320537901,0.999696960094304
150.14,0.3,537.06164027825,0.00303709665602142,0.877164853966235,0.644117702135126,0.999535235327376
150.15,0.3,537.06164027825,0.00337507747608452,0.876822875000848,0.640728476659414,0.99983966198293
150.16,0.3,537.06164027825,0.00347043210275952,0.877946708955645,0.64135982259012,0.999570503626338
150.17,0.3,537.06164027825,0.00467032852489943,0.880055960135845,0.643012954197497,1
150.18,0.3,537.06164027825,0.00421292622087585,0.882040392913689,0.642116057576516,1
150.19,0.3,537.06164027825,0.00289044280722567,0.879633955111264,0.6432656311446,1
150.2,0.3,537.06164027825,0.00347109501201956,0.881665965558434,0.642977916662969,0.998966209882481
150.21,0.3,535.131238013072,0.00545945098809568,0.881533714128676,0.642964111439095,1
150.22,0.3,534.272060068017,0.002794245489289,0.879644444774133,0.641744300766716,0.997897660492474
150.23,0.3,533.38969790645,0.00220123158318823,0.880337822117994,0.639255625755351,1
150.24,0.3,532.498261569081,0.00561732001933928,0.882440364411608,0.641372527267572,1
150.25,0.3,531.604270255325,0.001691809216437,0.884630465779347,0.642019722815157,1
150.26,0.3,530.706961054529,0.00586703877866246,0.88362873606201,0.642293561287708,1
150.27,0.3,529.806463385503,0.00361149080292399,0.881734060979881,0.641859605350697,0.999523462588187
150.28,0.3,528.902852813865,0.00695810211764525,0.885360442388693,0.64248797185758,0.997377885974246
150.29,0.3,527.996207251835,0.00605020859459291,0.881301296832895,0.641594913372633,0.999374196502835
150.3,0.3,527.086606555907,0.00722134123429131,0.884141172635009,0.644039558337355,1
150.31,0.3,526.174132158905,0.00790474236866465,0.88410292691778,0.642814210747689,0.998932427005553
150.32,0.3,525.258867064771,0.00756581841678522,0.885360485619154,0.646478043294895,1
150.33,0.3,524.340895800559,0.00790995156248737,0.884398971406931,0.643554648941114,0.997210772553673
150.34,0.3,523.420304370427,0.00636800874662893,0.886055918927202,0.643074636272539,0.999578543032528
150.35,0.3,522.497180209115,0.00809905152613823,0.883606993228534,0.643008188937006,0.99754858150549
150.36,0.3,521.571612134946,0.00910993549754372,0.881013622467922,0.64515854177222,0.99919212177875
150.37,0.3,520.643690302395,0.00709237634323925,0.887929675418067,0.645129392476974,0.99982225796071
150.38,0.3,519.713506154258,0.01023117386021,0.885302434963902,0.64347832127835,0.999492505986092
150.39,0.3,518.781152373444,0.00902432957032617,0.88422665396906,0.644387395530704,0.998397992875077
150.4,0.3,517.846722834436,0.0115129887648552,0.885650898040555,0.641051414925028,1
150.41,0.3,516.910312554433,0.00790577575169759,0.888958369064631,0.644075906804589,0.999642626996851
150.42,0.3,515.972017644223,0.0120753983191719,0.886115152076066,0.642738005408881,0.999407238021072
150.43,0.3,515.031935258809,0.00972126451326211,0.887933427940142,0.64259309539776,1
150.44,0.3,514.090163547815,0.0121544235249174,0.888228280523132,0.642369459081162,0.998250815187764
150.45,0.3,513.146801605708,0.0123701018467285,0.889045944563865,0.644910109978254,1
150.46,0.3,512.201949421875,0.0131784361976192,0.889391260371044,0.645106117538134,1
150.47,0.3,511.255707830562,0.013566551059872,0.889275610577849,0.64322163767006,1
150.48,0.3,510.308178460732,0.0132559163861354,0.887519596333196,0.643663066016703,0.999694657739257
150.49,0.3,509.359463685859,0.012130222323802,0.887686015150986,0.643138426347854,1
150.5,0.3,508.409666573681,0.0128352318817704,0.885788029334427,0.644508172055101,0.999852555170017
150.51,0.3,507.458890835953,0.0145733184090209,0.889603416540951,0.646187255501752,1
150.52,0.3,506.50724077823,0.0158735301236579,0.888906745283283,0.64446582253516,1
150.53,0.3,505.5548212497,0.0138383785000562,0.887925118089943,0.645606477224063,0.99767843035324
150.54,0.3,504.601737593095,0.0159522252832379,0.890554515276937,0.646788540986597,1
150.55,0.3,503.648095594719,0.0153783589528278,0.891580071751623,0.647574245738443,1
150.56,0.3,502.694001434617,0.016761913431764,0.890287192055732,0.64703380233093,1
150.57,0.3,501.739561636895,0.0149802741273503,0.887834432263988,0.646246573643316,0.999056687812332
150.58,0.3,500.784883020247,0.0146106368595487,0.893355828352912,0.648600657462093,1
150.59,0.3,499.830072648692,0.0170979316469055,0.891925453535137,0.648660553118065,0.998498064044773
150.6,0.3,498.875237782556,0.0167774970808856,0.890680499685528,0.647564134518723,0.99978056108821
150.61,0.3,497.920485829721,0.0161979601566544,0.890208021351957,0.650934396368799,1
150.62,0.3,496.965924297172,0.0166421894502664,0.893727556765534,0.646341236055512,1
150.63,0.3,496.011660742858,0.0176855877400391,0.891190937344609,0.64700928690757,1
150.64,0.3,495.05780272789,0.0197823429672821,0.890067673354749,0.649043439638098,0.9978893661135
150.65,0.3,494.104457769114,0.017482706979669,0.890399232084107,0.647900122642201,1
150.66,0.3,493.151733292058,0.0173323693523317,0.893807043166521,0.648124935782778,0.99978023458092
150.67,0.3,492.199736584293,0.0174136566360706,0.893455000869924,0.64724548914782,0.999846363994672
150.68,0.3,491.248574749219,0.0199758095870668,0.890749158425173,0.649174612841615,0.999520833360459
150.69,0.3,490.29835466031,0.0214419978097983,0.894219382907567,0.648239080239865,0.999542568781687
150.7,0.3,489.349182915808,0.021066203481436,0.893115626014046,0.649177203374649,1
150.71,0.3,488.401165793929,0.0222266030158774,0.893037558606636,0.64988571009589,1
150.72,0.3,487.454409208558,0.022133318657477,0.892675985569318,0.649148535653794,1
150.73,0.3,486.509018665476,0.0232143778589856,0.893118518011345,0.647300847029051,1
150.74,0.3,485.565099219125,0.0207769210161325,0.894844957191786,0.649397991160766,1
150.75,0.3,484.622755429934,0.0197431318670066,0.895647765653868,0.649931586127331,1
150.76,0.3,483.682091322218,0.0195979275998617,0.894877954954141,0.650435387068039,0.997648574659753
150.77,0.3,482.74321034266,0.0229565216098592,0.894394197896695,0.64996303236803,1
150.78,0.3,481.806215319409,0.0249184274424618,0.89446702877958,0.6492717174019,0.999780619241475
150.79,0.3,480.87120842178,0.0244453530701801,0.89591219513027,0.651091956948419,0.998202188191967
150.8,0.3,479.938291120592,0.022996187531294,0.898003963753132,0.649025588309796,1
150.81,0.3,479.00756414915,0.025842070822168,0.895560589864211,0.650315363560073,1
150.82,0.3,478.079127464878,0.0253163703496807,0.89699694488719,0.651723102065946,0.998775429269831
150.83,0.3,477.153080211611,0.0245111337425908,0.895126997301826,0.652391131752214,0.999921758480661
150.84,0.3,476.229520682577,0.027792351476085,0.895120599374179,0.650344222963599,0.999041399325174
150.85,0.3,475.308546284047,0.0266907219171756,0.898345101438403,0.650142868312883,1
150.86,0.3,474.390253499694,0.024908484232877,0.898611215745726,0.6512422250139,0.999724391830789
150.87,0.3,473.474737855641,0.0285380057791381,0.898411799511505,0.652291410971914,0.997596621203705
150.88,0.3,472.562093886233,0.0287993471558769,0.897577821935376,0.651102350482789,1
150.89,0.3,471.652415100506,0.0278789520133755,0.89821379346637,0.652254127953766,1
150.9,0.3,470.745793949404,0.0268418698858817,0.900605957798045,0.654272038200671,1
150.91,0.3,469.842321793708,0.0305557163558735,0.89877532497702,0.650369005547182,0.999520265127511
150.92,0.3,468.942088872699,0.0289657303853819,0.899934096718872,0.651040971049341,0.999026734192982
150.93,0.3,468.04518427357,0.0284871383183401,0.898751748330526,0.650154849960499,1
150.94,0.3,467.151695901579,0.0285469247775173,0.899782838497075,0.65279551562757,0.999313864110641
150.95,0.3,466.261710450933,0.0294729421800933,0.900069468296148,0.653128977143096,1
150.96,0.3,465.375313376441,0.0304052898841755,0.901135094099048,0.654439206896772,1
150.97,0.3,464.492588865909,0.0303274849108893,0.89885732945924,0.653333280986902,0.999963092879001
150.98,0.3,463.613619813284,0.0306172852953793,0.897049429425547,0.650310888506672,1
150.99,0.3,462.738487792561,0.033466730374449,0.898356472942743,0.653071197115177,0.999004967523292
151,0.3,461.867273032438,0.0312686432331657,0.902467404276034,0.651371637002121,0.999945933141623
151.01,0.3,461.000054391724,0.031374085893958,0.903953722227285,0.653913270506571,0.999673829478978
151.02,0.3,460.136909335511,0.0311713865000776,0.902009288667063,0.653761940412647,0.999059596814429
151.03,0.3,459.277913912089,0.0323205712935154,0.901529759805698,0.653841262935102,0.999850563107699
151.04,0.3,458.42314273062,0.0325435048221951,0.902895894143396,0.654371897676716,0.998598080073881
151.05,0.3,457.572668939559,0.0356948218843018,0.90253757968115,0.654397853295315,1
151.06,0.3,456.726564205823,0.033914578380965,0.900717728654093,0.652908357088832,1
151.07,0.3,455.88489869471,0.034381209527934,0.903355616637684,0.656373826943231,1
151.08,0.3,455.047741050554,0.0342216504839709,0.902847159405167,0.654750740552519,0.998483349637816
151.09,0.3,454.215158378128,0.0356055351580395,0.902021207988917,0.652491398585829,1
151.1,0.3,453.38721622477,0.0324280746800689,0.900815695332102,0.655796640081556,1
151.11,0.3,452.563978563258,0.0360979463839054,0.904014019295195,0.652935204902346,0.998870887918913
151.12,0.3,451.74550777539,0.0364080059251883,0.903339799579969,0.654941162930735,0.999609520382087
151.13,0.3,450.93186463631,0.0361225965689111,0.903845700033061,0.655930879159982,1
151.14,0.3,450.123108299534,0.035167978978796,0.903064472041217,0.654842781350123,1
151.15,0.3,449.319296282694,0.0371844425048454,0.905497527725941,0.655717383659119,0.999572111843585
151.16,0.3,448.520484453994,0.0358590324768768,0.9026304883949,0.65639206443747,1
151.17,0.3,447.726727019348,0.0352336869298906,0.90382906844161,0.654866351389062,1
151.18,0.3,446.938076510243,0.0376094826473884,0.902521779290509,0.654758307237796,0.998912216080703
151.19,0.3,446.15458377226,0.0377283725702913,0.903244506097096,0.655749482168195,0.99851589652585
151.2,0.3,445.3762979543,0.0362304076542559,0.903462477700029,0.656690174426746,0.996475973077684
151.21,0.3,444.603266498465,0.04118215908143,0.903426782297346,0.655233379132863,1
151.22,0.3,443.835535130627,0.0399730094756487,0.903723919414461,0.656553180855863,0.999431616522193
151.23,0.3,443.073147851648,0.040296485942429,0.903292617867017,0.655428121442345,1
151.24,0.3,442.316146929251,0.0421449773646753,0.906121867288787,0.655856450251857,0.999037393529213
151.25,0.3,441.564572890553,0.0405533475654693,0.907787917278391,0.65460623525304,1
151.26,0.3,440.818464515222,0.040572942752491,0.905110394709292,0.656045646041006,1
151.27,0.3,440.077858829273,0.0426752702160394,0.908467019278153,0.657872739391049,0.997607981852887
151.28,0.3,439.342791099496,0.0401619596175845,0.906214928623492,0.660537552000313,0.998534384614416
151.29,0.3,438.613294828489,0.0392633024106134,0.905940904598209,0.657765272568037,1
151.3,0.3,437.889401750315,0.0403361354943502,0.907784166283295,0.656601968728206,1
151.31,0.3,437.171141826746,0.0402689720721322,0.906282391545513,0.657909501666445,1
151.32,0.3,436.45854324412,0.0406552420325437,0.906266684086433,0.657253820391112,0.999834206297446
151.33,0.3,435.751632410768,0.0450972441034541,0.905390560374963,0.657543370062522,1
151.34,0.3,435.050433955036,0.0453308156852691,0.906261418701973,0.657878468847096,0.998681992188148
151.35,0.3,434.354970723865,0.0430888374302401,0.908922968542483,0.658769516323356,1
151.36,0.3,433.665263781952,0.0441679327968173,0.907492146664819,0.658378568625983,1
151.37,0.3,432.981332411452,0.0420615670628943,0.908055884080516,0.657787896849309,0.999595713731237
151.38,0.3,432.303194112242,0.0451693562999555,0.910154599789912,0.655171279621248,1
151.39,0.3,431.630864602723,0.0450960579672489,0.907208892294324,0.65848072773568,1
151.4,0.3,430.964357821153,0.0454776566123773,0.909005264699855,0.659321923259296,1
151.41,0.3,430.303685927517,0.0451434839034631,0.909844679595221,0.657361990479354,0.998565503995514
151.42,0.3,429.648859305912,0.0420430555366454,0.906938866225474,0.659745728648363,1
151.43,0.3,428.999886567446,0.0454327447806075,0.908685582969746,0.657692089792099,1
151.44,0.3,428.356774553645,0.0444061081817209,0.908747873959573,0.657456339197552,1
151.45,0.3,427.719528340362,0.0436526668024241,0.909142390398789,0.65963419940008,1
151.46,0.3,427.088151242179,0.0454373556881999,0.908143496673175,0.655992040240014,0.998409439742293
151.47,0.3,426.462644817288,0.0458292709546756,0.910882903200021,0.657852060388459,1
151.48,0.3,425.84300887287,0.0473005800695055,0.909659775083085,0.660371771712449,1
151.49,0.3,425.229241470928,0.0448225619637973,0.90995116901355,0.656952450668302,0.997718716098164
151.5,0.3,424.621338934604,0.0465011577059527,0.911712844027611,0.658754386050987,1
151.51,0.3,424.019295854951,0.0464272200613879,0.905740133038345,0.657581456285121,1
151.52,0.3,423.423105098163,0.0473647896599294,0.910188566695078,0.658977681864191,0.999800518039895
151.53,0.3,422.832757813252,0.0478917247224589,0.907790860946409,0.659310465396431,1
151.54,0.3,422.248243440181,0.0471732608704769,0.9113804892537,0.656703120794516,1
151.55,0.3,421.669549718427,0.0485716500554707,0.910215452250744,0.657621852506878,0.998997763477967
151.56,0.3,421.096662695979,0.0518610451428294,0.909155702862741,0.659119356224784,1
151.57,0.3,420.529566738772,0.0493749408567744,0.913351676431171,0.658305758172799,1
151.58,0.3,419.968244540543,0.0492210312256416,0.91152660766535,0.658143435864814,1
151.59,0.3,419.412677133106,0.0520483115931852,0.909974167374649,0.657148939572683,1
151.6,0.3,418.862843897044,0.0515569757266704,0.910771485081156,0.655953026286333,1
151.61,0.3,418.318722572815,0.0485617196875127,0.910147057533437,0.658386996536273,0.998140502209811
151.62,0.3,417.780289272262,0.0532966309498392,0.91338742677932,0.660057967593784,0.999941297238607
151.63,0.3,417.247518490525,0.0517062483371237,0.913989547677104,0.658664302326294,0.999763472728615
151.64,0.3,416.720383118361,0.0513129025813705,0.908233038090112,0.659987741632243,1
151.65,0.3,416.198854454848,0.049043051504689,0.910411484137976,0.658200903424026,1
151.66,0.3,415.682902220493,0.0503067462316562,0.913749087216031,0.658845555826684,1
151.67,0.3,415.172494570719,0.0532131807828676,0.914190536886367,0.66072601530117,1
151.68,0.3,414.667598109747,0.0535997639656485,0.912101068210109,0.660391516668163,0.999842038100608
151.69,0.3,414.168177904852,0.0529091060563334,0.913576818302259,0.658771151823825,0.999904654775947
151.7,0.3,413.674197501004,0.0512927454228873,0.913080839019065,0.658115177998355,0.998631549524887
151.71,0.3,413.185618935889,0.0508227199408274,0.913009726474487,0.657697604740039,1
151.72,0.3,412.702402755294,0.0529153754848822,0.9122764465794,0.657641072324275,0.995802623562328
151.73,0.3,412.224508028874,0.053772300260086,0.914936536176837,0.658393703072375,1
151.74,0.3,411.751892366286,0.0531631946952584,0.913766746094691,0.657327067690632,1
151.75,0.3,411.284511933683,0.0534798608345477,0.916788794046588,0.66036953566364,1
151.76,0.3,410.822321470582,0.0529994393212784,0.912682279400779,0.658885618579263,1
151.77,0.3,410.365274307091,0.0512213445414658,0.916949480711578,0.658751664402412,0.999688630404777
151.78,0.3,409.913322381498,0.0549779802210998,0.911093761404428,0.659156922374379,1
151.79,0.3,409.46641625821,0.0552160971453929,0.917442814322752,0.656088196493945,0.99804957146618
151.8,0.3,409.024505146064,0.0554762652284985,0.914640158203794,0.657204031417813,0.998038343759522
151.81,0.3,408.58753691698,0.0547355295512646,0.915795981921241,0.658039431152836,0.999233912309016
151.82,0.3,408.155458124976,0.0572701600203934,0.915342964638304,0.657342641500673,1
151.83,0.3,407.728214025523,0.0553636405171477,0.914651172030335,0.657229884632992,1
151.84,0.3,407.305748595268,0.0568467736947076,0.916535543553798,0.656667906676333,0.998431161413429
151.85,0.3,406.888004552083,0.0519191690185056,0.916420986681652,0.659243035129512,1
151.86,0.3,406.474923375478,0.0549419698592066,0.914206471251638,0.656911537231685,1
151.87,0.3,406.06644532735,0.0532193192923472,0.916280323396644,0.657381576810961,1
151.88,0.3,405.662509473078,0.056745956970858,0.916345673249942,0.658111870623994,1
151.89,0.3,405.263053702956,0.0552085787552681,0.913962324555755,0.657311749968653,0.998931028045983
151.9,0.3,404.868014753973,0.0600911677691089,0.915063835960374,0.658799866063844,0.999959843888161
151.91,0.3,404.477328231919,0.0573338746821664,0.914292872979768,0.659466064051994,1
151.92,0.3,404.090928633842,0.056298205024001,0.914427723664204,0.657448368202906,0.997397363489454
151.93,0.3,403.708749370826,0.0569958140599807,0.916370859075101,0.657307366759597,1
151.94,0.3,403.330722791107,0.0559773350246666,0.916402492422258,0.659623979147254,1
151.95,0.3,402.956780203524,0.05750735134778,0.915069111688387,0.657931699822274,0.999141295433862
151.96,0.3,402.586851901286,0.056892045155933,0.914990578318251,0.656575361533999,0.99739829556934
151.97,0.3,402.220867186082,0.0558021884693078,0.916552349057471,0.654352689148253,1
151.98,0.3,401.858754392494,0.0566853367660322,0.913855519010094,0.65532642832911,0.999807083424583
151.99,0.3,401.500440912755,0.0582485212977385,0.917478163880543,0.655180800989327,1
152,0.3,401.145853221807,0.0594959504710277,0.916703888338557,0.655575530055725,0.999193027152526
152.01,0.3,400.79491690268,0.0602898262263632,0.91425561082764,0.658563841735657,1
152.02,0.3,400.447556672194,0.060308610761209,0.919596515208938,0.655800093093713,0.997851065062632
152.03,0.3,400.103696406957,0.0598443906151153,0.916802570902389,0.657847818802608,1
152.04,0.3,399.76325916968,0.0567528391532633,0.917532640514493,0.656664510799741,0.999435531214666
152.05,0.3,399.426167235795,0.0577748593591983,0.915919954690706,0.65606566427932,0.998415612896234
152.06,0.3,399.092342120365,0.0607630518598284,0.915989338799438,0.654683761334,0.997904574694878
152.07,0.3,398.761704605302,0.0612879731790656,0.917811936653334,0.654455714733472,0.998113211036273
152.08,0.3,398.434174766875,0.0588124474226892,0.91598733591859,0.65303936576307,0.998392339344599
152.09,0.3,398.109672003492,0.060925111314795,0.916526387278379,0.652786925187456,0.999343781996911
152.1,0.3,397.788115063792,0.0620512735287016,0.9200953213771,0.655601106090406,0.998631151679031
152.11,0.3,397.469422074991,0.0604863989937461,0.916979667660917,0.653975574545305,1
152.12,0.3,397.153510571521,0.0599733191675558,0.916415611564789,0.653022903773049,1
152.13,0.3,396.840297523927,0.0597247386730439,0.919180555091951,0.654582696104315,1
152.14,0.3,396.529699368031,0.0599687303481316,0.915361941816603,0.653426642936742,1
152.15,0.3,396.221632034359,0.0577068164961405,0.91772030067362,0.652837516974173,1
152.16,0.3,395.916010977813,0.0615086487001262,0.917975504253773,0.653206697795113,1
152.17,0.3,395.61275120759,0.060584295392254,0.9164478153218,0.653509706590067,1
152.18,0.3,395.311767317348,0.0604416322195111,0.919497534044954,0.652688573774191,1
152.19,0.3,395.012973515595,0.0624456742211531,0.916977396438339,0.653926911101694,0.998703588881512
152.2,0.3,394.716283656308,0.0632982282982719,0.919114384085227,0.65388660583203,0.999803505609796
152.21,0.3,394.421611269772,0.0611907219527798,0.920593573881683,0.653782111814806,1
152.22,0.3,394.128869593623,0.0616555217091802,0.919399125792031,0.65045292832747,0.99832311940041
152.23,0.3,393.837971604102,0.0618171154581759,0.922263770143085,0.649369502247605,1
152.24,0.3,393.548830047493,0.0631149655995343,0.916331856808882,0.653644533939511,0.999387595547422
152.25,0.3,393.261357471754,0.0616529719937894,0.916508134300463,0.652703077529414,1
152.26,0.3,392.97546625832,0.0624308266216855,0.917919408433669,0.653679334697706,0.999189808547103
152.27,0.3,392.691068654078,0.0615866487837703,0.918522584173865,0.650685915735491,1
152.28,0.3,392.408076803486,0.0643737241722726,0.918754588216257,0.65182078862131,0.999058373448544
152.29,0.3,392.126402780859,0.0644181478956869,0.916884024371774,0.651988538530175,1
152.3,0.3,391.845958622776,0.0621294581001666,0.919028619756613,0.648754795096968,1
152.31,0.3,391.566656360615,0.0624450507209893,0.918412813263651,0.652018028875797,0.998702337158123
152.32,0.3,391.288408053212,0.0632013156782398,0.92020035092851,0.650762660101111,0.998438767702634
152.33,0.3,391.011125819619,0.0628350301011159,0.916903466794941,0.648365253275085,1
152.34,0.3,390.734721871945,0.0621518326096771,0.919633388078931,0.651002015396095,1
152.35,0.3,390.459108548294,0.0601141176167651,0.919747654566268,0.646499573757452,1
152.36,0.3,390.184198345762,0.0638447760517293,0.91728432217405,0.64942040668928,0.998390321456526
152.37,0.3,389.909903953486,0.0609753340545879,0.916403547632409,0.650241506738143,1
152.38,0.3,389.636138285746,0.0632499248512927,0.917584440520057,0.650213061832634,0.998308498372509
152.39,0.3,389.362814515086,0.065326553827804,0.919199113717577,0.648556925141626,1
152.4,0.3,389.089846105457,0.0670917958280594,0.918972217537253,0.649715684531066,0.999052209220666
152.41,0.3,388.817146845359,0.0667453634989647,0.916947621764642,0.647967163833001,0.999058041262627
152.42,0.3,388.544630880977,0.0652691506503058,0.918670426640204,0.651045515782693,1
152.43,0.3,388.272212749285,0.0637799303588283,0.91658745475325,0.649463347167254,1
152.44,0.3,387.999807411108,0.064940077232966,0.92075988811241,0.649258860820178,0.999490248731753
152.45,0.3,387.727330284134,0.0638306737607146,0.917322051294826,0.646531285871105,1
152.46,0.3,387.454697275856,0.0654967867426735,0.91764523472371,0.649410313764738,1
152.47,0.3,387.181824816415,0.0646780644902654,0.917028127760439,0.646784126558972,1
152.48,0.3,386.908629891363,0.0655802735536265,0.919976919653536,0.648991695933539,0.999999040075022
152.49,0.3,386.635030074289,0.0640115997853946,0.918915194465215,0.644971866301815,0.999575048828688
152.5,0.3,386.360943559319,0.0674582169691137,0.920183063955284,0.647494255720246,1
152.51,0.3,386.086289193477,0.0645660260201698,0.920385130337342,0.6479813275844,1
152.52,0.3,385.810986508854,0.0651452082304933,0.920595953889812,0.647723527527738,1
152.53,0.3,385.534955754624,0.0652917632343003,0.918764385803501,0.650782199941655,0.999786129810347
152.54,0.3,385.25811792884,0.0664417827686033,0.917358494178162,0.645072130110165,1
152.55,0.3,384.980394810027,0.0669543306805465,0.918004250081455,0.647131776397413,0.99874276214644
152.56,0.3,384.701708988529,0.0654045437778961,0.920197602824534,0.644017144312275,0.998845578631116
152.57,0.3,384.421983897621,0.0664654471387747,0.918398890397685,0.645510177944928,0.999872017028262
152.58,0.3,384.141143844342,0.0649709241954699,0.918344706285798,0.646277422156537,1
152.59,0.3,383.859114040048,0.0684888405219812,0.917158076706474,0.644372353572047,0.999663363641714
152.6,0.3,383.575820630666,0.0664619008717538,0.920037670643914,0.646347827008773,0.999522274642925
152.61,0.3,383.291190726624,0.0704225401972868,0.916498732702263,0.647806729619796,1
152.62,0.3,383.005152432447,0.0670360666396705,0.917795838474289,0.645316255089357,0.998695772873809
152.63,0.3,382.717634875997,0.0676676531281084,0.920817283068971,0.645448897742795,1
152.64,0.3,382.428568237346,0.0660438177461139,0.918896645678084,0.646875392932784,0.9981257841664
152.65,0.3,382.13788377726,0.0667409442880304,0.918882743394644,0.646776712947786,0.999912882666323
152.66,0.3,381.845513865269,0.0655618117259423,0.916655293297422,0.643086292695113,1
152.67,0.3,381.551392007322,0.0688619992820695,0.919582576243069,0.642485984369678,0.998705177819153
152.68,0.3,381.255452873004,0.0665974960792139,0.920388189515037,0.645554152340413,0.997332560859408
152.69,0.3,380.957632322282,0.0721117247267713,0.918992278207764,0.643756982604779,0.999902705474663
152.7,0.3,380.657867431794,0.0678482814312729,0.917672897089154,0.643809367761143,0.997515719977571
152.71,0.3,380.356096520633,0.0706510100555024,0.916703627034437,0.643866622415093,1
152.72,0.3,380.052259175624,0.0675603343600763,0.920184378611843,0.641963303348815,1
152.73,0.3,379.746296276091,0.0686525671412972,0.916735568864998,0.646451514440966,1
152.74,0.3,379.438150018064,0.0697982395294314,0.919718753498498,0.643549927724998,0.999937662048978
152.75,0.3,379.127763937938,0.0692719789321297,0.918039991056607,0.64399729588094,1
152.76,0.3,378.815082935562,0.0696581824303285,0.917187362965269,0.645389757258092,1
152.77,0.3,378.500053296734,0.0694487705723633,0.917873524534398,0.644290907481439,0.998247152999846
152.78,0.3,378.182622715091,0.0703129276298564,0.919315271265329,0.642956870006961,0.999516698999215
152.79,0.3,377.862740313389,0.0686480647901864,0.920030751959482,0.64579761092884,1
152.8,0.3,377.540356664139,0.068856769573387,0.91789781622287,0.642334420525055,0.996606644327549
152.81,0.3,377.215423809599,0.0709358830399305,0.917011244520954,0.640939040825641,0.999361691742214
152.82,0.3,376.887895281104,0.0688172197225794,0.919507387208499,0.643641031631446,0.998799885759854
152.83,0.3,376.557726117722,0.0711848625327738,0.918220900103768,0.641377227104105,1
152.84,0.3,376.224872884216,0.0696935809122594,0.916807118358157,0.642856877949431,0.999955493354674
152.85,0.3,375.889293688303,0.0704287299610176,0.920298513418721,0.640668471176434,1
152.86,0.3,375.550948197208,0.0701493956111065,0.917165347384297,0.645303174576401,1
152.87,0.3,375.209797653474,0.0716933391811354,0.918883757032884,0.643525549509924,1
152.88,0.3,374.865804890051,0.0697732223843352,0.918829241414469,0.642161403895985,0.998725190830746
152.89,0.3,374.518934344621,0.0705494215338983,0.918130615323956,0.642775682925063,1
152.9,0.3,374.169152073172,0.0698988978766557,0.917446770967383,0.646557319030541,0.998928296146824
152.91,0.3,373.816425762791,0.0712004541016355,0.916398330865629,0.643563581068251,1
152.92,0.3,373.460724743688,0.0703761361615922,0.9176529466531,0.642012684289393,0.999551155678348
152.93,0.3,373.102020000422,0.0720689659949329,0.914739564271498,0.643112505473658,0.997936719485617
152.94,0.3,372.740284182325,0.0735865643946824,0.918423334448443,0.643536001191899,0.998437949427312
152.95,0.3,372.375491613133,0.0749769106135916,0.917067351170156,0.643822730671746,0.99972996662591
152.96,0.3,372.007618299783,0.072479163755322,0.918477881406213,0.641879791118997,0.999797705246624
152.97,0.3,371.63664194041,0.0726878323750267,0.916943708657089,0.641603182870178,0.999985267116345
152.98,0.3,371.262541931495,0.0725304042513217,0.91595542222747,0.646554035091188,1
152.99,0.3,370.885299374194,0.072480432993494,0.916345540433116,0.641412592099963,1
153,0.3,370.504897079825,0.0744440622551847,0.916250365291185,0.643144317617823,1
153.01,0.3,370.121319574503,0.0711844293228609,0.916033212649886,0.643340680605831,1
153.02,0.3,369.734553102934,0.0721549327382334,0.917034336759067,0.642346956770136,0.998917389876415
153.03,0.3,369.344585631363,0.0728141114458523,0.915812434399386,0.641823924669969,0.999737040618104
153.04,0.3,368.951406849657,0.0732960820736916,0.917798864717478,0.640917829891695,1
153.05,0.3,368.555008172532,0.0718907496718749,0.916766103957634,0.641924241134875,1
153.06,0.3,368.155382739936,0.0734490706574364,0.915027805973407,0.642763999957288,1
153.07,0.3,367.752525416558,0.0778685232137496,0.914329990149232,0.64339264133292,1
153.08,0.3,367.346432790486,0.074682499202094,0.916905579974972,0.640533852898206,0.999028678321121
153.09,0.3,366.937103171001,0.0743198191968924,0.914480507965673,0.639773875465119,1
153.1,0.3,366.524536585524,0.076375905329946,0.91746336383451,0.640776104346939,0.996938360029748
153.11,0.3,366.108734775696,0.0748559799207894,0.914181288190258,0.643558846057489,0.999799603758115
153.12,0.3,365.689701192607,0.0749524839836921,0.913923547693036,0.641692779911804,1
153.13,0.3,365.267440991183,0.0757087459917156,0.914446936680233,0.64298808415739,0.998006559221931
153.14,0.3,364.841961023715,0.0736114115344242,0.914527393387419,0.644708733995539,0.998497368714479
153.15,0.3,364.413269832554,0.0773295217198742,0.914367810794923,0.6420254726289,1
153.16,0.3,363.981377641966,0.075799622060314,0.914625163446019,0.642277935416383,0.999141972417439
153.17,0.3,363.546296349148,0.0769470992210418,0.914320903641019,0.640230940917257,0.998752878139846
153.18,0.3,363.108039514435,0.0777560120716026,0.91338694292406,0.641556032794013,1
153.19,0.3,362.666622350673,0.0746653809006983,0.9121053482012,0.640357929655095,0.998129800260735
153.2,0.3,362.222061711786,0.0771264817941017,0.913382428229814,0.640410080776317,1
153.21,0.3,361.774376080542,0.0791329493524201,0.913117259543044,0.640321209352924,0.99845272883935
153.22,0.3,361.323585555522,0.0776382632265742,0.9149161411674,0.641315448447683,0.999965127889675
153.23,0.3,360.869711837304,0.076602354026015,0.913112478512418,0.641095741060619,1
153.24,0.3,360.412778213874,0.0795312717970585,0.913242383682575,0.642376347279838,0.99910966377855
153.25,0.3,359.952809545265,0.0819220508122817,0.911951623509534,0.639514676872399,0.997124236851967
153.26,0.3,359.489832247455,0.0822804678009416,0.913465622296791,0.641204907030181,1
153.27,0.3,359.02387427551,0.0804126462279091,0.912157670339777,0.64248379477105,1
153.28,0.3,358.554965106002,0.0789395599238214,0.91461560596096,0.643233993303502,0.999943934699276
153.29,0.3,358.083135718713,0.0801394846968822,0.912121035819443,0.643827793318671,0.997458131170938
153.3,0.3,357.608418577626,0.0804590473765792,0.913001765219898,0.643730576061132,0.999002309845828
153.31,0.3,357.130847611238,0.0815073344571818,0.915350591995969,0.641231741254947,1
153.32,0.3,356.650458192176,0.0806186679087175,0.91362066319822,0.641530293081945,0.999498649492969
153.33,0.3,356.167287116179,0.0807584373768383,0.911551113767951,0.642511186623098,0.999412254601886
153.34,0.3,355.681372580403,0.0823197538117849,0.914635505197865,0.645610451812884,0.998019137814888
153.35,0.3,355.192754161121,0.0832256463617749,0.913229580943036,0.641753351143258,0.999831015431543
153.36,0.3,354.701472790784,0.0844489794327339,0.911084657879547,0.642178326853607,1
153.37,0.3,354.207570734506,0.0809530997973171,0.913357552997374,0.642497697401312,1
153.38,0.3,353.711091565944,0.0802224300756611,0.912552594473471,0.642228980282848,0.998626588322492
153.39,0.3,353.212080142628,0.0816842224239146,0.91250761682981,0.641997170565564,1
153.4,0.3,352.710582580738,0.0837551309548973,0.911338152295489,0.642398416460632,1
153.41,0.3,352.206646229347,0.0847610891488961,0.912479056790784,0.643801960697848,1
153.42,0.3,351.700319644157,0.0841890884968184,0.910956905478071,0.640663659686464,0.99869285933298
153.43,0.3,351.191652560736,0.0848043352198742,0.913167542631165,0.640053618069483,0.999591131932209
153.44,0.3,350.680695867284,0.082772328390312,0.911096388573274,0.643944715808466,0.999641440052483
153.45,0.3,350.167501576938,0.0832425272583113,0.91238586486073,0.643845651443573,0.999408359550039
153.46,0.3,349.652122799642,0.0823701743990259,0.911842525115152,0.643400262461283,0.99968495453236
153.47,0.3,349.1346137136,0.0850231922694299,0.912920709075097,0.643557270031707,1
153.48,0.3,348.615029536321,0.0850450003949684,0.910672737263043,0.642985932303055,0.999758944535841
153.49,0.3,348.093426495299,0.0842063459970914,0.909984827017332,0.642608797964827,0.998861941675076
153.5,0.3,347.569861798319,0.0849713699612113,0.909251204238526,0.641621505334904,0.999523187343279
153.51,0.3,347.044393603434,0.0865002683471029,0.912052971216117,0.642175130485109,0.998910307998051
153.52,0.3,346.517080988616,0.0865963438341889,0.908343805461982,0.644170570496323,0.998684522177389
153.53,0.3,345.987983921107,0.0860319216518949,0.910342356292573,0.642269258072761,1
153.54,0.3,345.457163226495,0.0886302515752943,0.908861187689243,0.644037840085652,0.999939383095035
153.55,0.3,344.924680557528,0.0852379761549053,0.909705837680992,0.643753907666913,0.999504308251925
153.56,0.3,344.390598362684,0.0883743032211393,0.909600252649252,0.644564117236191,1
153.57,0.3,343.854979854528,0.0881094399868461,0.907868973339268,0.643404418583377,1
153.58,0.3,343.31788897787,0.0907343863310385,0.909789934671735,0.645237136590605,1
153.59,0.3,342.77939037774,0.0880089038818244,0.909751349051163,0.644466392800709,0.999508362209586
153.6,0.3,342.239549367205,0.087470584730651,0.907696929222918,0.645890734076781,0.998431466098459
153.61,0.3,341.698431895051,0.0893894297953897,0.909288010930387,0.644988427090933,0.99897648184379
153.62,0.3,341.156104513338,0.0894211625703265,0.908393919939677,0.644999769049666,0.998230582905683
153.63,0.3,340.612634344865,0.0860567366806393,0.909345236037632,0.642719640475737,1
153.64,0.3,340.068089050551,0.0880900181209383,0.907426219889394,0.645392074515479,0.999047726462915
153.65,0.3,339.522536796753,0.090879272667855,0.907874926799697,0.646275964245512,0.998496511074195
153.66,0.3,338.976046222546,0.087520193620408,0.906195561670393,0.646200872561365,0.999631421028069
153.67,0.3,338.428686406982,0.0896622027552629,0.908714473135384,0.643696581900819,0.998064840801397
153.68,0.3,337.880526836346,0.0896291305528358,0.910252343422881,0.646420751551268,0.999799635904577
153.69,0.3,337.331637371425,0.0915114776509693,0.907356169400974,0.644210961087405,0.998600577188055
153.7,0.3,336.782088214814,0.0925929355255733,0.908909602512809,0.647567309057078,1
153.71,0.3,336.231949878272,0.0917599265161215,0.908721384420186,0.644841434817334,0.998048758589534
153.72,0.3,335.681293150153,0.0914131514032292,0.907056740482083,0.644900458595992,0.997509279262116
153.73,0.3,335.130189062917,0.0924269464856003,0.905392111115619,0.64461609447047,1
153.74,0.3,334.578708860753,0.0916318479102336,0.905579080814502,0.646906149968893,1
153.75,0.3,334.026923967328,0.0910500281746621,0.907347182148878,0.646923672147504,0.998614712556997
153.76,0.3,333.474905953661,0.0925958387093677,0.90516110375947,0.647200029772662,1
153.77,0.3,332.922726506166,0.0951129265098946,0.902941314245601,0.64684116684761,1
153.78,0.3,332.370457394862,0.0936692527100937,0.908144643100461,0.64484895961384,1
153.79,0.3,331.81817044177,0.0944873467511901,0.90309196464597,0.646877656763833,1
153.8,0.3,331.265937489511,0.0956136955046945,0.906519625722677,0.648302649743887,1
153.81,0.3,330.713830370127,0.0931156713233598,0.905043471954796,0.647747092020359,1
153.82,0.3,330.161920874127,0.0945228088903032,0.902862941545743,0.64752896570857,0.999880462737038
153.83,0.3,329.610280719787,0.0958934442463602,0.904772998589089,0.648478135785817,1
153.84,0.3,329.058981522704,0.0986809030648467,0.902362508263791,0.648872782649823,0.999300366094264
153.85,0.3,328.508094765629,0.0985561429957531,0.90276781150045,0.648674816637394,0.998526012999137
153.86,0.3,327.957691768581,0.0946380325375575,0.906125914865663,0.650031981203147,1
153.87,0.3,327.407843659266,0.0966629251484261,0.902868440012395,0.64713557891344,1
153.88,0.3,326.858621343803,0.0983401694211621,0.904479753266408,0.649809054698564,1
153.89,0.3,326.310095477777,0.0954985959685467,0.9041863041319,0.649119036672628,0.999921276028584
153.9,0.3,325.762336437622,0.098661274424372,0.902305947104252,0.647437635303508,1
153.91,0.3,325.215414292354,0.0970333811819977,0.904476665929735,0.648967030089595,0.996441918840231
153.92,0.3,324.669398775658,0.0985644776299101,0.900549210042286,0.649305878064874,1
153.93,0.3,324.124359258339,0.100321593057384,0.901523244623398,0.651371532040203,1
153.94,0.3,323.580364721153,0.100045242071927,0.899937180806754,0.650519812908273,1
153.95,0.3,323.037483728017,0.0971219193588002,0.901120368151949,0.650440594508567,0.998050723142469
153.96,0.3,322.495784399618,0.100073051819286,0.904928877737103,0.649956706572155,1
153.97,0.3,321.955334387419,0.100820923967179,0.897900992596056,0.651669188850303,0.999878138764809
153.98,0.3,321.416200848075,0.100675877327128,0.902642949334647,0.650128835896366,1
153.99,0.3,320.878450418274,0.100065246924279,0.89982115577979,0.652560978065227,1
154,0.3,320.342149189985,0.10016931593024,0.897760179596515,0.651476899852388,0.999557656024405
154.01,0.3,319.807362686158,0.0996529929555506,0.899305896670796,0.652876032515256,1
154.02,0.3,319.274155836837,0.0990200927939054,0.899855388595951,0.650999212723727,0.999502226921224
154.03,0.3,318.74259295574,0.102407812051241,0.901166063190358,0.652875225154839,1
154.04,0.3,318.212737717265,0.101753338670892,0.899475881860631,0.65179594394933,1
154.05,0.3,317.684653133961,0.105580315372656,0.897572059175833,0.650760775250213,1
154.06,0.3,317.158401534453,0.102395999636795,0.899891724327769,0.648140778199292,1
154.07,0.3,316.634044541827,0.105302479446927,0.901338263747472,0.651739165375623,1
154.08,0.3,316.11164305248,0.105618556490609,0.898334353792894,0.649868731142827,0.999841504364957
154.09,0.3,315.591257215439,0.104160505933529,0.898753729002005,0.65333435141223,1
154.1,0.3,315.07294641215,0.105187842735389,0.898590260873123,0.653015473890314,0.998092309393948
154.11,0.3,314.556769236742,0.104328960783868,0.89805477469672,0.652462625746737,1
154.12,0.3,314.042783476764,0.105379991302677,0.898335919725482,0.65207849269777,1
154.13,0.3,313.531046094401,0.105671043897488,0.899945183518349,0.652832232558592,0.998525743996326
154.14,0.3,313.021613208174,0.104401111064734,0.895998376058029,0.649808569735437,0.997482407688532
154.15,0.3,312.514540075107,0.103747963060813,0.898796093277781,0.653269989267623,1
154.16,0.3,312.009881073392,0.105009725599516,0.895696175973981,0.655784411085419,0.998896016691238
154.17,0.3,311.50768968552,0.105411222808729,0.898887989798917,0.653294158527349,1
154.18,0.3,311.008018481906,0.106166952508959,0.896953206675176,0.65423152150699,0.998840296656426
154.19,0.3,310.510919104984,0.10695757826405,0.896160618293434,0.651513244742941,0.999931311736269
154.2,0.3,310.016442253795,0.105379682146087,0.896366535197659,0.655758181160494,0.9978027594681
154.21,0.3,309.524637669046,0.109314489286484,0.895555593846454,0.654151372526423,1
154.22,0.3,309.035554118653,0.10954410032961,0.895102912128173,0.654402047085629,1
154.23,0.3,308.549239383761,0.107898021902247,0.896573356629601,0.656042623314823,0.996232910334664
154.24,0.3,308.065740245239,0.107254777744572,0.894651224829047,0.653214906437834,0.999279824486131
154.25,0.3,307.585102470657,0.108993266766266,0.895741811139894,0.65446353504315,0.997756794049653
154.26,0.3,307.107370801724,0.110614560368697,0.895982804885369,0.655152877364627,0.998651571147495
154.27,0.3,306.632588942207,0.109781341943039,0.895650980999937,0.655551392021503,1
154.28,0.3,306.160799546316,0.1125613793536,0.895343599521504,0.653812555093019,0.999086101051784
154.29,0.3,305.692044207552,0.106130692545171,0.894239562416183,0.654905755400885,1
154.3,0.3,305.22636344802,0.110469585114524,0.892433840045479,0.655040060932963,1
154.31,0.3,304.763796708203,0.109214736301776,0.894734879730407,0.65645142812321,0.999464033503856
154.32,0.3,304.304382337193,0.109238912471602,0.896150010584094,0.656906329545839,0.999995596329772
154.33,0.3,303.848157583371,0.109646496716717,0.892079636531828,0.655137146383378,1
154.34,0.3,303.395158585544,0.111665991237867,0.892753493325924,0.655812121651908,1
154.35,0.3,302.945420364526,0.110686184901833,0.894023831509987,0.656990499244369,0.998901418493746
154.36,0.3,302.498976815161,0.111598797336686,0.891949342749685,0.657603790831999,1
154.37,0.3,302.055860698787,0.111661536120394,0.892778613298814,0.656451155099868,0.998919384431204
154.38,0.3,301.616103636134,0.113732378861821,0.891101274371338,0.657946385039941,1
154.39,0.3,301.179736100651,0.11504743301941,0.892236600949639,0.657236015204089,1
154.4,0.3,300.746787412271,0.111696476167663,0.890143530134737,0.65568618820987,0.997761508240424
154.41,0.3,300.317285731584,0.113805360706599,0.89252975163231,0.658002928086335,1
154.42,0.3,299.89125805444,0.11524821307753,0.889143434201463,0.659137268315835,1
154.43,0.3,299.468730206964,0.117939420969824,0.890210726458632,0.656247440218785,1
154.44,0.3,299.04972684098,0.11417821096315,0.889993613511161,0.65770008386166,1
154.45,0.3,298.634271429841,0.115063689495277,0.88893962713472,0.656315607478791,0.996842268620871
154.46,0.3,298.222386264661,0.116205043297084,0.889102864825426,0.65867116827068,1
154.47,0.3,297.81409245095,0.113107066131004,0.888132105583774,0.659966257045902,1
154.48,0.3,297.409409905631,0.114180664376553,0.888067747875429,0.65732768806982,0.998949037532815
154.49,0.3,297.008357354457,0.11425018013872,0.890018097498894,0.656453997721313,0.998113214290096
154.5,0.3,296.610952329802,0.116129737787427,0.88774769421533,0.655569443449614,1
154.51,0.3,296.217211168842,0.11976445396978,0.887804923986576,0.65629233078966,0.997640081558282
154.52,0.3,295.827149012104,0.115924741836892,0.888536466682727,0.656810037151689,0.999099630398182
154.53,0.3,295.440779802386,0.116009726712145,0.888100408895216,0.656773317681187,0.998801051582283
154.54,0.3,295.058116284052,0.117420395010704,0.887623460047967,0.659713911111653,1
154.55,0.3,294.679170002683,0.115752569878588,0.885584858471176,0.656024785384791,1
154.56,0.3,294.303951305085,0.117442078539246,0.891074035095804,0.658974684004349,1
154.57,0.3,293.932469339656,0.119271800717955,0.887422402089291,0.65968247253903,1
154.58,0.3,293.564732057104,0.117596004932222,0.885323166009986,0.659342707401567,1
154.59,0.3,293.20074621151,0.118312338421487,0.88778787410517,0.658075868825616,0.997958294215434
154.6,0.3,292.840517361723,0.120279010590441,0.889058438182013,0.660564598442834,1
154.61,0.3,292.484049873119,0.11516697640251,0.885581957555752,0.6571365863749,0.999507847321497
154.62,0.3,292.131346919665,0.119453138594486,0.885453501108787,0.659059453489879,0.999506038836352
154.63,0.3,291.782410486337,0.117743485063231,0.884622083567774,0.65845111530114,1
154.64,0.3,291.437241371851,0.118388631278453,0.883744607921194,0.659675620918245,1
154.65,0.3,291.09583919173,0.119618545571391,0.886150872811104,0.656716079822199,1
154.66,0.3,290.758202381679,0.120253454836961,0.885031518994598,0.658805559888857,0.999678738712428
154.67,0.3,290.42432820129,0.119005096821613,0.883153560165694,0.659315050291443,1
154.68,0.3,290.09421273805,0.119278823778045,0.88071158863765,0.657933718419871,0.999874725130602
154.69,0.3,289.767850911666,0.118237828287865,0.882974778771482,0.660958618761391,0.998762869560534
154.7,0.3,289.445236478698,0.121749807582491,0.88422947442828,0.658109168400011,1
154.71,0.3,289.126362037495,0.122410513860113,0.881897845140504,0.656775979896175,0.998589302249221
154.72,0.3,288.811219033433,0.119947062509687,0.881046131012564,0.658180354831013,1
154.73,0.3,288.499797764457,0.120613518880505,0.882242611952482,0.658558701651283,1
154.74,0.3,288.192087386912,0.121245818203636,0.881231255451321,0.659923137360255,1
154.75,0.3,287.888075921672,0.119326785219064,0.879614092682263,0.659107961412734,0.998780885695458
154.76,0.3,287.58775026057,0.12230580857016,0.882881651289912,0.662513051467416,1
154.77,0.3,287.291096173099,0.124095940454876,0.881980574009223,0.658959485678726,1
154.78,0.3,286.998098313416,0.12271891046655,0.88114373553035,0.659882061554817,1
154.79,0.3,286.70874022763,0.12186155931514,0.881528034124412,0.657170052711484,1
154.8,0.3,286.423004361362,0.120799109747416,0.8798257459737,0.656263450642302,0.999849553915637
154.81,0.3,286.1408720676,0.12047803892307,0.879593976720957,0.656203460527555,1
154.82,0.3,285.862323614828,0.123369158928589,0.879798150956441,0.659751455351519,0.998828981208793
154.83,0.3,285.587338195429,0.123963139577497,0.881449722647669,0.657799168783474,1
154.84,0.3,285.315893934374,0.122207755831846,0.878754020696554,0.660084939072946,0.999374923503998
154.85,0.3,285.047967898177,0.123171121493828,0.878679294018746,0.66095277368209,0.997144063947414
154.86,0.3,284.783536104128,0.123542581684553,0.87622452483643,0.658033965254647,1
154.87,0.3,284.522573529799,0.121893105425468,0.87924460303646,0.659960155974235,0.999889516289823
154.88,0.3,284.265054122815,0.122782898430375,0.875941759338451,0.65840428275341,1
154.89,0.3,284.010950810902,0.121113624954562,0.879454015568008,0.658298187276015,1
154.9,0.3,283.760235512199,0.126487820281943,0.877996698103072,0.658121797805095,1
154.91,0.3,283.512879145836,0.12494514986714,0.876076690862521,0.656056256596431,1
154.92,0.3,283.268851642784,0.125212288510716,0.877344356574977,0.660275221930021,0.998171219211302
154.93,0.3,283.028121956964,0.123930093769505,0.878696377400236,0.659808778000127,0.998900041552956
154.94,0.3,282.790658076624,0.126255726501809,0.876716842757922,0.65794610037988,0.999474756730935
154.95,0.3,282.55642703598,0.126514730726071,0.876637812120165,0.653744826542556,1
154.96,0.3,282.325394927113,0.125168367544971,0.874096282912028,0.657548963159237,1
154.97,0.3,282.097526912137,0.12736785644656,0.876561818629689,0.656956127347973,0.998883877787933
154.98,0.3,281.872787235625,0.126525764565411,0.877768007696891,0.654093122186253,1
154.99,0.3,281.651139237288,0.126162754927274,0.874684100874424,0.657795947247782,0.999237045863532
155,0,281.432545364923,0.124954136441107,0.873901814862157,0.658952191995857,0.997397199081003
155.01,0,281.216967187614,0.128063182777163,0.875988212790933,0.657510339254792,0.999908297491419
155.02,0,281.004365409192,0.125500423664572,0.874209071521779,0.653889426069665,0.996822673507276
155.03,0,280.794699881949,0.126060384599845,0.874263571158086,0.656413004013373,1
155.04,0,280.587929620617,0.125377296972207,0.871299311539628,0.65752616578442,0.999722312124163
155.05,0,280.38401281659,0.125330575335314,0.873028766388848,0.657064703059052,0.998767580613618
155.06,0,280.182906852406,0.125300772775155,0.874744801190335,0.657653971097258,1
155.07,0,279.984568316486,0.126907457527711,0.87369046792632,0.656254101062324,1
155.08,0,279.788953018117,0.12653680555893,0.872427260823444,0.655896103947147,0.999338424441911
155.09,0,279.596016002695,0.128010711356669,0.873433843929291,0.657641974069727,1
155.1,0,279.405711567209,0.126671407762564,0.871789800840647,0.655588561657973,0.999437208789303
155.11,0,279.217993275985,0.126888059370039,0.867982174493038,0.654728328805404,0.999401719332013
155.12,0,279.032813976664,0.128475699213667,0.870972062069352,0.654653421068007,1
155.13,0,278.850125816439,0.124854383725722,0.870589523778679,0.658425439856171,1
155.14,0,278.66988025853,0.126782154339614,0.870013996827705,0.655843816303776,0.999224003189752
155.15,0,278.492028098902,0.127735962891864,0.872212992968935,0.654966914221057,0.999676527654502
155.16,0,278.316519483233,0.129145373912599,0.872462778104051,0.654080189668828,1
155.17,0,278.143303924107,0.127841229826589,0.869805190367855,0.656656270596659,1
155.18,0,277.97233031846,0.126042947036333,0.869634676678687,0.655866757098624,0.997877851139654
155.19,0,277.803546965254,0.126615242649444,0.870534268974534,0.656951081474477,0.997095226014487
155.2,0,277.636901583387,0.129267140285359,0.869544641515599,0.654869073076205,0.998739936306228
155.21,0,277.472341329835,0.126339887044254,0.868729848247363,0.656657101918501,1
155.22,0,277.309812818019,0.127236540610652,0.86878684220763,0.655165208885712,1
155.23,0,277.149262136411,0.128248040110779,0.86803095207671,0.652433947416538,0.998265821235402
155.24,0,276.990634867346,0.131372602426917,0.87090566204491,0.653263108302929,0.997422466025576
155.25,0,276.833876106069,0.129516469689686,0.86926122827915,0.654791391115305,0.999406646469794
155.26,0,276.678930479996,0.127470751837705,0.866986273723009,0.653507995060617,1
155.27,0,276.525742168186,0.128084037271245,0.867342362024605,0.651911957332928,0.998999738709393
155.28,0,276.374254921028,0.131055234067786,0.866809509967879,0.65282814504822,0.998722770026773
155.29,0,276.224412080136,0.128956388443765,0.865217084881659,0.653924240054129,0.998895258015053
155.3,0,276.076156598444,0.131672631617325,0.864631341819376,0.651805807394508,1
155.31,0,275.929431060503,0.12996813085041,0.868131153455562,0.653984856923019,1
155.32,0,275.784177702976,0.129606632664996,0.865623932052978,0.651894920980499,0.997261506150881
155.33,0,275.640338435317,0.129185984031271,0.865802879748989,0.653085336281122,0.999981806363695
155.34,0,275.497854860641,0.128137706379744,0.864480665109439,0.650177074351062,0.999262738954118
155.35,0,275.35666829678,0.128056451966217,0.86577189947043,0.652712143829912,1
155.36,0,275.2167197975,0.131057522376104,0.865744014536375,0.652067682102535,1
155.37,0,275.077950173906,0.129707467866098,0.865103135545255,0.650950584357455,1
155.38,0,274.940300016006,0.129739592028243,0.86259365906997,0.650610270857037,1
155.39,0,274.803709714424,0.13128430470499,0.864911121539276,0.650830855053097,1
155.4,0,274.66811948229,0.131237452369717,0.863841993889725,0.65110627423746,1
155.41,0,274.533469377247,0.130700189199338,0.865063642239046,0.651312040443521,0.998675333760429
155.42,0,274.399699323628,0.128338746317447,0.866471829703084,0.651880013677544,0.999371501477842
155.43,0,274.266749134747,0.130531291279814,0.863671525970222,0.652503223192995,1
155.44,0,274.134558535326,0.131465334264415,0.862814118713475,0.649403641564051,1
155.45,0,274.003067184038,0.1294166612737,0.863112221266792,0.650028738243988,0.999080510891157
155.46,0,273.872214696164,0.129706007660006,0.862644676131879,0.650014638071664,1
155.47,0,273.741940666356,0.129856191535698,0.863434358226612,0.650661016463813,1
155.48,0,273.612184691491,0.133436942162718,0.862803529073464,0.651535986368897,1
155.49,0,273.482886393623,0.130803928865402,0.860843332312274,0.650217229950207,0.998930190345896
155.5,0,273.353985443004,0.131541969436594,0.860407671477454,0.651478824713474,0.99832741414442
155.51,0,273.225421581188,0.129895839444992,0.861225273354138,0.647965620980998,1
155.52,0,273.097134644188,0.130460025800501,0.860709120713165,0.650755507100849,0.99889711550958
155.53,0,272.969064585689,0.130929489091919,0.86054979684089,0.649524810377765,1
155.54,0,272.841151500312,0.131469754564874,0.862983385439681,0.650403731238178,1
155.55,0,272.816111290154,0.131314580343032,0.857771872201399,0.651189873443612,1
155.56,0,272.816111290154,0.133170694784747,0.858044579283219,0.646693684142653,0.997676109288081
155.57,0,272.816111290154,0.133706980240964,0.857815455827102,0.649152176632546,1
155.58,0,272.816111290154,0.129918289999535,0.861816246353757,0.649947030537965,1
155.59,0,272.816111290154,0.132399519223976,0.857585104663596,0.648701054864591,0.999500030036205
155.6,0,272.816111290154,0.132536025872551,0.85956356000561,0.64795344458018,0.99893015214091
155.61,0,272.816111290154,0.133885742400375,0.857438569059703,0.648674110532007,0.995054300173785
155.62,0,272.816111290154,0.134896088371578,0.856894568319978,0.651177646300582,0.999559792558727
155.63,0,272.816111290154,0.132959069553011,0.859011040259943,0.648590939286183,1
155.64,0,272.816111290154,0.130951948954277,0.860359791698362,0.649563131141614,0.999887846944221
155.65,0,273.490786727624,0.130694737991943,0.85764768105045,0.648254917197564,0.999142377533415
155.66,0,274.334544392642,0.132037065501083,0.858228926411402,0.646827082637374,0.999151679006533
155.67,0,274.89563465648,0.129715055434696,0.857062647810931,0.649261385527954,1
155.68,0,275.483069713272,0.130635875824572,0.856452042640643,0.646898775388473,1
155.69,0,276.069159005552,0.128976479374814,0.856857925412071,0.64936922491446,0.999314409053655
155.7,0,276.655592512014,0.128692794349745,0.856419670904633,0.64582532041318,0.999033260640391
155.71,0,277.24224816797,0.129933758961581,0.856090721138453,0.647364685076619,1
155.72,0,277.82906341278,0.125512999557955,0.855848482795812,0.647124077989385,1
155.73,0,278.415978890248,0.128572883318282,0.855949005591987,0.649010831334923,0.99961416708487
155.74,0,279.002934463582,0.127702203627578,0.854687555472797,0.647317576246526,1
155.75,0,279.589870116198,0.124816684691494,0.855830150117308,0.645497652648534,0.999970454430656
155.76,0,280.176725888221,0.126754840077605,0.854510095688002,0.644238027255868,1
155.77,0,280.763441910479,0.126449567356145,0.853707718009254,0.648123257236507,0.999907936604215
155.78,0,281.349958431733,0.122473263884191,0.852151555497082,0.646083122330714,1
155.79,0,281.936215846372,0.125181108482501,0.852292721744761,0.646525121096642,1
155.8,0,282.522154722246,0.125557815679854,0.855700077512926,0.645814038345545,1
155.81,0,283.10771582861,0.1271570049517,0.853005638160212,0.644543287853463,0.999418000192931
155.82,0,283.692840164182,0.124038651927434,0.85393819972597,0.644051347731405,0.996435283133339
155.83,0,284.277468985288,0.124760450221191,0.853097538600937,0.644062273853476,1
155.84,0,284.86154383407,0.123738617291239,0.852202485814387,0.643789379946482,0.999749483154526
155.85,0,285.44500656677,0.122275360632878,0.849743174054842,0.645960173428629,0.998321735731681
155.86,0,286.027799382044,0.124017196052969,0.852206352204028,0.64581939583984,0.999990061147799
155.87,0,286.609864849297,0.122606530619967,0.850387556823248,0.646831137319202,1
155.88,0,287.191145937046,0.118103852857883,0.854601362808438,0.646312766745768,0.998139242818003
155.89,0,287.771586041252,0.120651988172168,0.851401347840402,0.642971391312217,1
155.9,0,288.351129013644,0.120075126470545,0.853005059486432,0.642556586776586,0.999077675176463
155.91,0,288.929719189997,0.124498267911239,0.850422431949838,0.644595601806148,1
155.92,0,289.507301418346,0.120513770780229,0.850956661418331,0.644678116140085,1
155.93,0,290.08382108713,0.119216248482839,0.852223632553052,0.645628936362212,0.999643128086062
155.94,0,290.65922415324,0.120322992410384,0.852242762045848,0.645082828716145,1
155.95,0,291.233457169956,0.120104067772986,0.851726711381186,0.643600467641537,0.997752998786489
155.96,0,291.806467314756,0.116213550631277,0.85090773843665,0.641537048808577,1
155.97,0,292.378202416978,0.116148895464407,0.850476194910878,0.646957381959427,1
155.98,0,292.948610985318,0.117270517112322,0.848003068649258,0.644154298206261,1
155.99,0,293.517642235145,0.118669043814277,0.847593849285127,0.646063154323482,0.999155205013241
156,0,294.085246115619,0.115797188041858,0.847665261264053,0.641223541103599,0.999763397846118
156.01,0,294.651373336593,0.113538447626999,0.850097075037648,0.643387539189651,0.999048741900385
156.02,0,295.215975395272,0.115274731291583,0.848300743461426,0.643686828229131,0.999601891923943
156.03,0,295.779004602629,0.117789682007396,0.849887080432988,0.644540820820086,1
156.04,0,296.340414109543,0.115848034156858,0.848943902185474,0.641752249863944,0.996573444501504
156.05,0,296.900157932656,0.1158467027685,0.847527456374832,0.641477867090768,0.999375611403946
156.06,0,297.458190979918,0.112961569218091,0.845107124976292,0.641442036674723,1
156.07,0,298.014469075814,0.115803020685173,0.844991597013594,0.641731126589457,1
156.08,0,298.568948986251,0.114337842573782,0.847327410561928,0.642846745113918,0.998893013083679
156.09,0,299.121588443084,0.114335216753804,0.848017373594384,0.642659381854537,1
156.1,0,299.672346168273,0.115437074997324,0.844890652118094,0.642842872719876,1
156.11,0,300.221181897645,0.114411563828529,0.846351929159702,0.642750259904936,1
156.12,0,300.768056404256,0.114473775658807,0.848178719489828,0.642597759033307,1
156.13,0,301.312931521318,0.113709797932106,0.84667559317207,0.642293336485228,1
156.14,0,301.855770164702,0.112805744144179,0.845702112918612,0.641177479906485,1
156.15,0,302.396536354971,0.113423879968385,0.844882156200833,0.64402471929323,1
156.16,0,302.935195238952,0.114373173179375,0.843703753251941,0.644720536730112,1
156.17,0,303.471713110821,0.110766737607693,0.846386987934351,0.64154249891698,0.998615450790682
156.18,0,304.00605743268,0.112707242578843,0.843154712213322,0.644256557002013,0.999630398088263
156.19,0,304.538196854632,0.11295306914431,0.844495945170824,0.640676752312087,1
156.2,0,305.068101234311,0.111493358789487,0.844705484715948,0.641139045629662,0.996124435927157
156.21,0,305.595741655881,0.106154172790205,0.843298865190316,0.641501158390054,0.999256769611414
156.22,0,306.12109044847,0.109335539378822,0.844685798275622,0.641306677835669,1
156.23,0,306.64412120404,0.109119670594877,0.847137744063809,0.642789396952518,1
156.24,0,307.16480879467,0.10726506700131,0.843281061456756,0.642240971212013,1
156.25,0,307.683129389241,0.106838478692396,0.842429221471145,0.640961032312545,1
156.26,0,308.199060469521,0.107268859492199,0.842586192995977,0.642074593708745,0.998357055182114
156.27,0,308.712580845631,0.106058168044865,0.844872814880569,0.643701402154463,0.999601964499658
156.28,0,309.223670670869,0.109619231305469,0.843713534642485,0.639938556001429,1
156.29,0,309.732311455912,0.107106455732124,0.844231902661686,0.643296983025195,0.99933034157654
156.3,0,310.238486082352,0.107233438161156,0.845427732062548,0.639600610512965,0.998899416407923
156.31,0,310.742178815581,0.107239173855768,0.84212085384729,0.637763445257055,0.99952789179615
156.32,0,311.243375317006,0.10391443288869,0.841913528936472,0.641744252853268,1
156.33,0,311.742062655578,0.107525875389238,0.841283110081304,0.641378649378889,0.996823444474453
156.34,0,312.238229318649,0.106163073673056,0.842627024183068,0.641358164233175,1
156.35,0,312.731865222124,0.107448521776139,0.845375568244077,0.641141336495781,0.999833018513573
156.36,0,313.222961719917,0.104403370441931,0.842015763075727,0.643053051678104,0.999780738954387
156.37,0,313.711511612696,0.103007129302898,0.841334962047525,0.637955635492503,1
156.38,0,314.197509155925,0.103164920157379,0.84378245052336,0.64021055634719,0.997593427812256
156.39,0,314.680950067175,0.106088771374767,0.839616023674079,0.641561473374202,1
156.4,0,315.161831532718,0.106220977089789,0.841567649991215,0.641345192620516,1
156.41,0,315.640152213392,0.105471003286428,0.844083940606636,0.644807914908952,1
156.42,0,316.115912249735,0.102597185617162,0.838741911979807,0.643598726014252,0.998989432949139
156.43,0,316.58911326638,0.103114685305359,0.841013519407137,0.641167933167417,0.996047492822128
156.44,0,317.059758375721,0.100244294239733,0.840941668119276,0.643020072840043,0.998674744114623
156.45,0,317.527852180829,0.103148634064026,0.840977604959414,0.642392407541866,1
156.46,0,317.99340077763,0.101103575258648,0.837654042089909,0.642855567897858,0.999601057608574
156.47,0,318.456411756348,0.103657179532894,0.839372702689866,0.640129681380842,0.998677647857917
156.48,0,318.916894202191,0.1013114589737,0.840883232810303,0.639335081364571,0.997005436351661
156.49,0,319.374858695306,0.101312689052059,0.838509682031926,0.640830150577412,0.999691262679592
156.5,0,319.830317309989,0.102266895837247,0.839236424123453,0.641499181926154,1
156.51,0,320.283283613147,0.100980388867748,0.839666330314143,0.642542898018828,0.997694227119991
156.52,0,320.73377266203,0.100397274749921,0.842287631770558,0.642666654039846,1
156.53,0,321.181801001224,0.101009126227855,0.836953916000181,0.642127563931953,0.99871178219825
156.54,0,321.627386658903,0.102408851179661,0.840225944471664,0.642860137617763,0.998278430746848
156.55,0,322.070549142358,0.0982106265898671,0.840003776096893,0.644441400736896,0.999765959118815
156.56,0,322.511309432794,0.0985881984980584,0.838886222444474,0.640023789475606,1
156.57,0,322.949689979411,0.0997123190787366,0.838931003825087,0.644685744658506,1
156.58,0,323.385714692756,0.100247140287614,0.840501764555908,0.64129465060503,0.998981746743442
156.59,0,323.819408937375,0.0967007448946663,0.839864984411813,0.644097325025703,1
156.6,0,324.25079952375,0.0969030463582646,0.83739051298346,0.643198278061542,0.999224846643053
156.61,0,324.679914699539,0.0969847088217167,0.838475472593988,0.645008952319781,1
156.62,0,325.106784140121,0.0998921820958721,0.837705454119094,0.644775276923952,0.998026194126219
156.63,0,325.531438938462,0.0990692217322849,0.838949594565269,0.643053212798457,0.997676945861611
156.64,0,325.953911594291,0.0959561168272408,0.836798236205425,0.640965001602366,1
156.65,0,326.374236002614,0.0977303405081654,0.8369636542219,0.645360830961068,1
156.66,0,326.792447441569,0.0973468803489819,0.836298112272384,0.642931367000697,1
156.67,0,327.208582559617,0.0971463235540929,0.838694710813665,0.641983318873209,0.999995014037989
156.68,0,327.622679362106,0.0948544773738328,0.836322814600064,0.6440025867788,0.999317420645423
156.69,0,328.034777197185,0.0942601597206027,0.836249107856521,0.64574037741686,1
156.7,0,328.444916741111,0.0960094623781612,0.836404728510903,0.643008993252679,1
156.71,0,328.853139982929,0.0960103304828045,0.837778891325787,0.644802035104214,1
156.72,0,329.259490208564,0.0983115280377998,0.836916072919905,0.647134924139002,1
156.73,0,329.664011984314,0.0955634145105694,0.838063614161227,0.646083700855093,1
156.74,0,330.06675113976,0.0968569661638379,0.836886626223379,0.644945727314946,1
156.75,0,330.467754750128,0.0955523563931037,0.835829586762829,0.647996348900075,1
156.76,0,330.867071118075,0.0938278480197351,0.834365987683861,0.643050563407858,1
156.77,0,331.264749754939,0.0929739467956423,0.833176250154187,0.644735778054627,1
156.78,0,331.660841361473,0.0912146753880147,0.837002194660848,0.646797147139824,1
156.79,0,332.055397808039,0.0948233894084316,0.83623973861707,0.646202871093717,1
156.8,0,332.448472114315,0.0931946113973867,0.834097350581972,0.64501292942513,1
156.81,0,332.840118428511,0.0952182122116263,0.834214945992905,0.641964703563213,1
156.82,0,333.230392006095,0.0940321382152827,0.834652622921612,0.643785088664842,0.998801936577027
156.83,0,333.619349188068,0.0924125175944179,0.8361741877491,0.644753402220954,1
156.84,0,334.007047378789,0.0935551899996315,0.837464424618308,0.646403511469918,0.999032586484127
156.85,0,334.393545023356,0.0935586127857154,0.835354793315579,0.645445465406543,1
156.86,0,334.778901584578,0.0913330603967074,0.834629430388535,0.64750882857875,1
156.87,0,335.163177519525,0.0917904373433432,0.833104980023344,0.646011515730484,0.999130921267802
156.88,0,335.5464342557,0.0929239501218051,0.834398344042191,0.646015082988136,1
156.89,0,335.92873416682,0.0897212203467773,0.834398356851584,0.646517878117311,1
156.9,0,336.310140548242,0.0920928305127927,0.832176798192896,0.647965788264027,0.999810270072984
156.91,0,336.690717592036,0.0924321883590681,0.834860043144979,0.647633883757112,1
156.92,0,337.070530361721,0.0920855410766556,0.833329811269104,0.648628235836267,1
156.93,0,337.449644766684,0.0920508169765533,0.834099342468378,0.648700646249653,1
156.94,0,337.82812753629,0.0896712894552207,0.83354167824698,0.647092041215882,0.998996181575278
156.95,0,338.206046193701,0.0916926973200548,0.834302017705222,0.648148030408096,0.998486500132513
156.96,0,338.583469029422,0.089969247278066,0.836056491822627,0.646513572467335,1
156.97,0,338.96046507458,0.0923062594009749,0.834738615948649,0.650306167308064,0.999833182045448
156.98,0,339.337104073953,0.0910445700358054,0.833515452940228,0.648684444565715,1
156.99,0,339.713456458769,0.0880028489798777,0.833461612909544,0.64893391306761,1
157,0,340.089593319289,0.0887531870997815,0.831724074523986,0.649645255271161,1
157.01,0,340.465586377174,0.0888704043611596,0.831680902600004,0.650373640285247,0.99862455895375
157.02,0,340.841507957671,0.0883556924487187,0.831496837004796,0.648250140064866,1
157.03,0,341.217430961611,0.0901569985961575,0.831823490598977,0.649392891747041,0.998758290490048
157.04,0,341.593428837255,0.0886597154988805,0.831518682093427,0.65116706900407,1
157.05,0,341.96957555198,0.0880088931258066,0.832025271498497,0.649917415820599,0.999629887871998
157.06,0,342.345945563833,0.0894012963474103,0.831700032307305,0.648187431593301,0.999037066269922
157.07,0,342.722613792958,0.0857241154795697,0.831504619356762,0.650112530588273,0.997637703020754
157.08,0,343.099655592921,0.0883035409863142,0.832884282594446,0.65024456632173,0.999061080695763
157.09,0,343.477146721926,0.089504865983326,0.833149784037618,0.648543738024657,0.99923159052024
157.1,0,343.855163313956,0.08532506055808,0.832290844409286,0.649228637459937,1
157.11,0,344.233781849834,0.0871685426604244,0.832488163000528,0.651820380055885,1
157.12,0,344.613079128236,0.0862430319823249,0.831439510520807,0.653089555373645,1
157.13,0,344.993132236641,0.0837240404505995,0.834546038969896,0.648927071095141,0.999756262595258
157.14,0,345.374018522259,0.0847498865719191,0.830317170945358,0.650514719588198,1
157.15,0,345.75581556293,0.0838397326736756,0.829210000740142,0.65071295151719,1
157.16,0,346.138601138006,0.0858239846674221,0.830731374869377,0.651084880216536,0.999924836477927
157.17,0,346.522453199243,0.0848797566421893,0.832836388984001,0.650020178017793,0.99923988771905
157.18,0,346.907449841689,0.0834268557713577,0.831860556849784,0.650761390803346,0.998538427276372
157.19,0,347.293669274605,0.0841909772947635,0.832324780868964,0.654718805669021,0.998260605947205
157.2,0,347.68118979241,0.090257831712258,0.832591477123106,0.651263934083326,1
157.21,0,348.07008974567,0.0849552986523183,0.831342124340117,0.652047121913605,1
157.22,0,348.460447512135,0.0860782373393292,0.832679957563299,0.654600887285644,0.999058829743603
157.23,0,348.852341467845,0.0839475948744528,0.833494430942681,0.653290547387504,1
157.24,0,349.245849958294,0.0854989662993124,0.829633486123385,0.652611549833442,0.999827481023968
157.25,0,349.641051269686,0.0873806631816324,0.830717475427286,0.653342757554153,0.999748279935089
157.26,0,350.038023600274,0.083812528813509,0.830740737711922,0.654571364073168,0.999284360898444
157.27,0,350.436845031794,0.0869355679603652,0.832143759609187,0.651736515800184,0.999583359173772
157.28,0,350.837593501011,0.0827500609501223,0.830897662523872,0.652288731884716,1
157.29,0,351.240346771373,0.0827249507376112,0.83141635709119,0.654297902961456,1
157.3,0,351.64518240479,0.0825497238457723,0.829051750422938,0.655724458334096,1
157.31,0,352.052177733545,0.0840673498194178,0.83090678047081,0.652021486796695,0.997509703216163
157.32,0,352.461409832333,0.0832700093294631,0.829927113284788,0.654568009041617,0.998631562616153
157.33,0,352.872955490454,0.0799321610100906,0.83290934629738,0.654796130378068,1
157.34,0,353.286891184154,0.0839156346900975,0.833293136549462,0.655975514322742,0.999616369028668
157.35,0,353.70329304912,0.0821583539242225,0.830742851167222,0.654427513545701,0.997906000351897
157.36,0,354.122236853142,0.0834248895341912,0.832716750973866,0.654528543295852,0.998084433301314
157.37,0,354.543797968943,0.0810046404210452,0.831772564901004,0.654620375796169,1
157.38,0,354.968051347194,0.0829484382055496,0.831699948655948,0.654289914195798,1
157.39,0,355.395071489695,0.0839917796147483,0.829361988218198,0.654821662534779,0.998782611836826
157.4,0,355.824932422758,0.0807700200409899,0.830956884784088,0.655425582773049,1
157.41,0,356.257707670777,0.0796469812225244,0.831017351140882,0.656873025105033,0.998326576464265
157.42,0,356.693470229989,0.0795372472937727,0.831628916006361,0.655346816510821,0.99877851187663
157.43,0,357.132292542455,0.0802397118335766,0.830813870991547,0.653644098069723,0.997684573269328
157.44,0,357.574246470232,0.0795234335844404,0.832626334309464,0.656212347446508,1
157.45,0,358.01940326976,0.0809753128606883,0.83220063093639,0.657516247494128,0.998284074283051
157.46,0,358.467833566474,0.0800893654738091,0.833138287993785,0.653923321087306,1
157.47,0,358.919607329627,0.0796210568140921,0.830580407239799,0.654933019634125,0.99960943154859
157.48,0,359.374793847339,0.078665672133021,0.834798387220024,0.65649398050208,1
157.49,0,359.833461701878,0.0808581528163379,0.832218230966908,0.658115706078575,0.999141713380436
157.5,0,360.295678745172,0.0840616351745165,0.832667103349983,0.65538051506855,1
157.51,0,360.761512074548,0.0785345098460568,0.832507782037003,0.655291613104664,1
157.52,0,361.231028008725,0.0745104871506958,0.832773429032413,0.654802812084522,1
157.53,0,361.704292064034,0.0791509956516259,0.829686330851723,0.656895054571264,1
157.54,0,362.181368930891,0.0760781516220053,0.831273598718845,0.65998531910842,0.999378345028313
157.55,0,362.66232245052,0.0781529846076383,0.830375670563965,0.658608357526887,0.998608755875973
157.56,0,363.147215591921,0.0756807083681456,0.833663729267086,0.657937384034545,1
157.57,0,363.636110429095,0.0777645919601663,0.833171556227634,0.659858848970327,1
157.58,0,364.129068118529,0.0781136405692845,0.830555368808772,0.659101570294001,1
157.59,0,364.626148876932,0.0768930509612672,0.830523306014226,0.65633516014198,1
157.6,0,365.127411959246,0.0732626950164207,0.831996807280968,0.655951920432742,0.99960564595623
157.61,0,365.632915636911,0.0754685188667141,0.830812633870936,0.656751441334629,0.999213752448435
157.62,0,366.142717176399,0.0749184908595407,0.831230141570719,0.655701013705039,0.997343673138839
157.63,0,366.656872818025,0.0759240437113231,0.832414833256209,0.658499954750206,1
157.64,0,367.175437755025,0.0758638314737967,0.831210592670484,0.658218212205928,1
157.65,0,367.698466112906,0.0731434066873876,0.833181634151881,0.661360331913371,0.997463030360608
157.66,0,368.226010929084,0.0724449038755324,0.830919266117071,0.658520177656412,0.999692396309577
157.67,0,368.758124132789,0.0734995753908447,0.832584271718974,0.660088869205261,1
157.68,0,369.294856525266,0.0738423326565946,0.832868584440511,0.657450404183817,1
157.69,0,369.83625776025,0.0738073677378068,0.832873045186291,0.657134221850592,0.998060219324192
157.7,0,370.382376324734,0.0739869989262705,0.83209021305131,0.656021608174799,1
157.71,0,370.933259520029,0.0739645195580867,0.833698353355494,0.656874651309914,0.998201062373189
157.72,0,371.488953443115,0.071712934601085,0.830123228512885,0.658646295937474,0.998616801088356
157.73,0,372.049502968281,0.0717530608521526,0.830773051935328,0.657404086870542,1
157.74,0,372.614951729082,0.0737262179637658,0.82926019482056,0.656360629452865,0.998843501592505
157.75,0,373.185342100576,0.07345126227397,0.832570371560798,0.65904836501748,0.999912228144599
157.76,0,373.760715181879,0.0713490004883243,0.830214402264569,0.658215519275625,0.999211966279679
157.77,0,374.341110779026,0.0740685806197677,0.833087592103834,0.658304418162679,1
157.78,0,374.926567388137,0.0711702966955948,0.833787313702179,0.65656670098343,1
157.79,0,375.5171221789,0.0699934764375284,0.832298419374737,0.659032544672855,0.999993144068345
157.8,0,376.112810978373,0.0689037504259825,0.831979267665895,0.657672560274571,1
157.81,0,376.713668255107,0.069020628512725,0.831640012868647,0.657460314865858,1
157.82,0,377.319727103585,0.0699627213868376,0.83359550493355,0.659440257323111,1
157.83,0,377.931019229001,0.0693991586169527,0.830786692940902,0.660482517706826,0.998367885598531
157.84,0,378.547574932362,0.0707784298285817,0.831558947388084,0.656306364822337,1
157.85,0,379.169423095927,0.0696824338127197,0.831432424209279,0.657646627431748,0.999381142307244
157.86,0,379.79659116899,0.0684939757165447,0.832106098534649,0.655669663300076,1
157.87,0,380.429105154001,0.0692545857903578,0.83349179328478,0.658095569954242,0.999758575948109
157.88,0,381.06698959304,0.0667695527596746,0.832798627518877,0.659661215830774,0.999054466266864
157.89,0,381.710267554639,0.065986643288187,0.833081226204252,0.657620153044876,0.997611034727702
157.9,0,382.35896062097,0.0673320991544483,0.830081579153028,0.657101354718659,0.999950744428582
157.91,0,383.013088875384,0.0698742384847253,0.833400868554322,0.655321632816325,1
157.92,0,383.672670890324,0.0655961125115321,0.834352802920216,0.66101028425826,0.99933739400849
157.93,0,384.337723715613,0.0647643780157819,0.8327279079884,0.656333307011316,0.998605306580385
157.94,0,385.008262867111,0.0649694174254364,0.832837714724449,0.65854714869257,0.999973807992955
157.95,0,385.684302315765,0.0662677026219148,0.833095200957411,0.657050998442751,1
157.96,0,386.365854477039,0.0639599145112981,0.833087889410549,0.66102069405604,1
157.97,0,387.052930200744,0.0665242410208457,0.832816378505239,0.658253396992515,1
157.98,0,387.745538761271,0.063338525396156,0.832464272400106,0.658179002732924,1
157.99,0,388.443687848218,0.0640776041342168,0.834459775487121,0.660751223894211,0.999161293392277
158,0,389.147383557446,0.0624321657713819,0.834947728979451,0.658485761018364,1
158.01,0,389.856630382541,0.0652162671734472,0.834202073614504,0.657732421256876,0.998425814355798
158.02,0,390.571431206713,0.0621891145325963,0.833832384885099,0.660785331612953,1
158.03,0,391.291787295115,0.0654951714558149,0.834619617932729,0.658472524677669,1
158.04,0,392.017698287612,0.0636866993586922,0.834340952531111,0.659116668962682,0.999645666258543
158.05,0,392.749162191991,0.0630296964637052,0.836445193196535,0.65852840343418,0.997623989787332
158.06,0,393.486175377624,0.0638086087998349,0.833688017715624,0.658180580133621,1
158.07,0,394.228732569594,0.0650588953155882,0.836157903306163,0.658331282344601,0.998952029496602
158.08,0,394.976826843287,0.0624022713943196,0.835975060622168,0.657314482040916,1
158.09,0,395.730449619459,0.0610211861270139,0.833960003689094,0.657059355907935,0.999407583540146
158.1,0,396.489590659788,0.0593373812230056,0.835014896148703,0.660124486733308,0.99906752872856
158.11,0,397.254238062915,0.0622531957725019,0.83352897629654,0.66033777262041,0.999629755322837
158.12,0,398.024378260983,0.0597963681753434,0.834700238365888,0.65728585995632,0.999738005785883
158.13,0,398.79999601668,0.0598713601193289,0.832751275555037,0.656430809060213,1
158.14,0,399.581074420807,0.0575753160457922,0.83306665090293,0.654097262489288,0.998790003140314
158.15,0,400.367594890352,0.0574248977211563,0.833827341404917,0.658473265577729,1
158.16,0,401.159537167104,0.0579051766583608,0.835378377417851,0.655163217112599,1
158.17,0,401.956879316807,0.0604613075331692,0.835126135658562,0.655520248467936,0.998059744205038
158.18,0,402.759597728854,0.0583376225624853,0.834429132658925,0.657043324354787,0.998597594812613
158.19,0,403.567667116541,0.0563934396891195,0.836121368862166,0.654699089187485,0.999101379900409
158.2,0,404.381060517881,0.0568097372724614,0.835819054254956,0.656289937144977,1
158.21,0,405.19974929699,0.0549156498183933,0.836815184304549,0.656051423370679,1
158.22,0,406.023703146051,0.0572173645940639,0.835014596090015,0.65583158238169,1
158.23,0,406.852890087872,0.0558648794782858,0.83424045271471,0.655236214065272,0.999949001879283
158.24,0,407.687276479028,0.054553958264049,0.83500751935875,0.657400504347664,0.998378999589738
158.25,0,408.52682701362,0.0552560977693293,0.837606058745682,0.656282010574296,1
158.26,0,409.371504727637,0.051663006240965,0.836563131940575,0.65571151532718,0.998200231753298
158.27,0,410.221271003942,0.0517690007216493,0.835446904831382,0.656155346963989,0.999895170654805
158.28,0,411.076085577879,0.0543438859439524,0.835864914446762,0.653095492703606,0.999496850604518
158.29,0,411.935906543534,0.054290105875441,0.83850319054129,0.657875472265066,0.999769143218522
158.3,0,412.800690360612,0.0485555273127107,0.834512048438686,0.657277997073013,0.997625199233349
158.31,0,413.670391861992,0.0550644505700575,0.835328693666209,0.656050654947344,1
158.32,0,414.544964261923,0.0502857021881805,0.836626487586927,0.65384395018169,1
158.33,0,415.424359164892,0.0500985684320752,0.836736791782552,0.654514500122139,0.999026212922432
158.34,0,416.308526575164,0.0534777710050594,0.83811232636529,0.653942048507579,0.998281864955226
158.35,0,417.197414907005,0.0487143897113909,0.835461931428637,0.656007092507797,0.998619923928585
158.36,0,418.090970995583,0.0508534479592977,0.837585392511867,0.656289063646727,1
158.37,0,418.989140108575,0.0494167250370535,0.837453893321768,0.65325316123326,0.999290549725847
158.38,0,419.891865958459,0.0494867021786551,0.836298083040922,0.653840925120713,0.99711468151154
158.39,0,420.799090715522,0.0494202888037428,0.836003766509624,0.652027121281657,0.999251749099329
158.4,0,421.710755021578,0.0498108984298101,0.8396640697788,0.654708089103023,1
158.41,0,422.626798004393,0.0485676343134082,0.839329561414873,0.652533944435382,0.997586006177911
158.42,0,423.547157292845,0.0463194267468101,0.837746804301279,0.65117201369717,0.999822745723458
158.43,0,424.471769032801,0.0466018917077915,0.837385133493215,0.653991328470589,1
158.44,0,425.400567903728,0.049952152062836,0.837182300332574,0.656362792029158,1
158.45,0,426.333487136039,0.0459644094685586,0.839212651400348,0.653751292364835,1
158.46,0,427.270458529182,0.0461199193254498,0.835835923916255,0.652981844249234,1
158.47,0,428.21141247046,0.0474257824628749,0.838624139256609,0.653218501055396,0.999444091178001
158.48,0,429.15627795461,0.0436192730435833,0.840714323855224,0.655438120106197,0.998684213546122
158.49,0,430.104982604122,0.0440494827693417,0.839642444674043,0.652120799754329,1
158.5,0,431.057452690305,0.0461494889583219,0.840499711354923,0.65173568057266,0.999587623256
158.51,0,432.013613155114,0.0452208529247614,0.838802791146334,0.654479014498176,0.999824143790281
158.52,0,432.973387633725,0.0454346123900861,0.841478337184066,0.650339541180069,0.998343274235741
158.53,0,433.936698477857,0.0437174665736218,0.843464787905736,0.652898126458782,1
158.54,0,434.903466779862,0.0421183801153664,0.840928749934466,0.650922862252781,1
158.55,0,435.873612397556,0.0429282566969126,0.841041269068719,0.654042786069177,1
158.56,0,436.847053979808,0.0419736837239362,0.840559075350252,0.648888535518154,1
158.57,0,437.823708992885,0.0434441162126345,0.839637495619833,0.652249951944267,1
158.58,0,438.803493747534,0.0452741382797396,0.841182925914219,0.650532780345775,1
158.59,0,439.786323426826,0.0408436108047063,0.842081277633288,0.651123510691735,0.997160741669062
158.6,0,440.772112114732,0.0420562846674241,0.839617341716952,0.650840074064102,0.999702057749306
158.61,0,441.76077282545,0.0405754204423902,0.842423599677584,0.650427335603295,0.999680869749298
158.62,0,442.752217533459,0.036939784605495,0.842548782604749,0.649025242112657,0.999631170772381
158.63,0,443.746357204309,0.0391785096475587,0.840577012517951,0.65160674123695,0.998370976446702
158.64,0,444.743101826145,0.0388701492915207,0.841753633000775,0.64887389768071,1
158.65,0,445.742360441933,0.0364436069889464,0.842330149669305,0.648776937245328,1
158.66,0,446.744041182417,0.0367896562038731,0.839296978343978,0.650883320362199,1
158.67,0,447.748051299775,0.0369604439970828,0.844678458201402,0.649203793750238,1
158.68,0,448.754297201975,0.0380874785437715,0.840296655542154,0.649535009300547,1
158.69,0,449.762684487815,0.0355051498072686,0.841800299683214,0.648580926683529,1
158.7,0,450.773117982657,0.0376672631433751,0.845201272288105,0.650737540891687,0.999018414359867
158.71,0,451.785501774816,0.0369885290113357,0.843747461324907,0.649928981114746,0.9998731174146
158.72,0,452.799739252616,0.0361577683269676,0.84426328388466,0.648869841946522,1
158.73,0,453.815733142105,0.0340980469094392,0.845902005233459,0.65069963589655,0.999071471209328
158.74,0,454.833385545386,0.0313205641587639,0.844673560550437,0.64851657052695,1
158.75,0,455.852597979587,0.0314979922822626,0.845033060101411,0.649600088426761,0.997741982993105
158.76,0,456.873271416441,0.0356879043400795,0.845473539100278,0.647643440097018,1
158.77,0,457.895306322455,0.0358227940214217,0.84273578389953,0.64933315679751,0.998928776141694
158.78,0,458.918602699674,0.0317652510994663,0.844455825703898,0.648680614618693,1
158.79,0,459.943060126991,0.0337608219965135,0.846140493681897,0.648191049320419,0.999690638307031
158.8,0,460.968577802036,0.02986250782569,0.845331777168328,0.64928905439195,0.999653818335196
158.81,0,461.995054583578,0.0294371051159462,0.843096087822085,0.64962631035767,0.997365335105592
158.82,0,463.022389034449,0.0319068919462188,0.846039868668075,0.648739833707619,1
158.83,0,464.050479464969,0.030497985215645,0.845431802219218,0.647277121200268,1
158.84,0,465.079223976856,0.0296089116902732,0.84600644326637,0.648632396286125,0.99888724638352
158.85,0,466.108520507584,0.0303093791715984,0.845785790365459,0.644766569187483,0.99934326909093
158.86,0,467.138266875193,0.0310744772265998,0.8474983430994,0.647629648594961,0.998947197165161
158.87,0,468.168360823521,0.0311451566227999,0.847151645331714,0.647506945657785,0.998455688872259
158.88,0,469.198700067821,0.0286951345596593,0.849462846645483,0.644733926148805,0.998859917590775
158.89,0,470.229182340772,0.0284090239934264,0.84688573390224,0.647098952803041,1
158.9,0,471.259705438837,0.0235714446664409,0.848330850279361,0.647849181135739,1
158.91,0,472.290167268952,0.0272018095272727,0.846636936465621,0.645887728087432,1
158.92,0,473.320465895527,0.028175768734945,0.846983277580921,0.645439367738932,1
158.93,0,474.350499587734,0.026537038043177,0.847243881258825,0.644175702185638,0.998325697839262
158.94,0,475.380166867044,0.0272661166361532,0.848296766439444,0.647614214214141,0.997746717471378
158.95,0,476.409366555012,0.0291382329002334,0.8459318302305,0.645385661315695,1
158.96,0,477.437997821267,0.0248207046332524,0.85047380704518,0.643184349880186,0.999303846247491
158.97,0,478.465960231675,0.0248391084067435,0.845704075903849,0.644891786062,0.997056117434402
158.98,0,479.493153796677,0.0245979017800121,0.84913492030252,0.642299218773602,1
158.99,0,480.519479019739,0.0211437542973143,0.849659362846149,0.644865136329517,1
159,0,481.544836945918,0.0233694540246825,0.848253903294812,0.643198886860031,1
159.01,0,482.56912921049,0.0222625413659677,0.85168794483862,0.64785257275047,1
159.02,0,483.592258087631,0.0226285656186178,0.851633610012494,0.646600416267964,0.999440116437103
159.03,0,484.614126539121,0.0198919039696828,0.85021752052652,0.64564487076506,1
159.04,0,485.63463826302,0.0213210857439295,0.852407157836556,0.644411116603558,0.999324438894954
159.05,0,486.65369774232,0.0242893231435781,0.850149739746734,0.644256816347421,1
159.06,0,487.671210293521,0.0222950448986196,0.851900529635622,0.643630244916916,1
159.07,0,488.687082115101,0.0202688080636577,0.849595508161523,0.644519747113146,1
159.08,0,489.701220335868,0.023040770312335,0.850998102633771,0.642347873892222,1
159.09,0,490.713533063145,0.0177578420514291,0.851573822907283,0.64279014039183,0.996845914449894
159.1,0,491.723929430764,0.0209832054030135,0.851001017415004,0.644445233910933,0.997000821007255
159.11,0,492.732319646848,0.0187592265676894,0.853005815028891,0.643699613813031,0.99926178121974
159.12,0,493.738615041328,0.0200638929053282,0.852206872683238,0.642912396575441,1
159.13,0,494.742728113194,0.018027796376239,0.850839055388953,0.643539778463521,1
159.14,0,495.744572577422,0.0182817110032917,0.852937313314518,0.640914877603639,0.998797820869158
159.15,0,496.744063411563,0.0194333711614183,0.852503255448837,0.64131926609901,1
159.16,0,497.741116901965,0.0155184502332319,0.851241418463759,0.643176258929318,1
159.17,0,498.735650689574,0.016873874199033,0.850979548992514,0.641951871095213,1
159.18,0,499.727583815321,0.0168893609883123,0.855217600595072,0.640402650549152,0.998756504793341
159.19,0,500.716836765024,0.0171505113290515,0.854147957212292,0.643535577136531,0.99872581535052
159.2,0,501.703331513814,0.0138791925711805,0.85304756709469,0.642691224964552,1
159.21,0,502.68699157002,0.0128558179142422,0.85346384438243,0.642013431770501,1
159.22,0,503.667742018505,0.0167492311492742,0.855921687566874,0.641975602621195,1
159.23,0,504.645509563423,0.0154983855759027,0.856495965469812,0.644718521649748,1
159.24,0,505.620222570349,0.0124945730930913,0.858417539878582,0.644001233275085,0.999706563384705
159.25,0,506.591811107778,0.0118000559850354,0.854347682398707,0.641769518637813,1
159.26,0,507.560206987941,0.0128636604566778,0.859564651994852,0.64374298803018,1
159.27,0,508.52534380693,0.0118378098205832,0.857289335718471,0.642857013590755,1
159.28,0,509.487156984089,0.0119653778889996,0.853985553343144,0.641737522122314,0.999222538604837
159.29,0,510.445583800645,0.0120150607281539,0.858740926475072,0.641912945611855,0.999254419193585
159.3,0,511.400563437569,0.0103380393245461,0.855668321875923,0.64211507018801,0.999074280925697
159.31,0,512.352037012609,0.0131834127952931,0.856310218523954,0.64082325318189,1
159.32,0,513.299947616504,0.0107307821940733,0.857527073259932,0.642405112470811,1
159.33,0,514.244240348316,0.0126159214762804,0.858020754341365,0.643671161740104,1
159.34,0,515.184862349899,0.0115451273174923,0.856795278288016,0.640818665553996,0.997414278648099
159.35,0,516.121762839437,0.0100670212779625,0.858044285432005,0.642642960100632,0.999194449539162
159.36,0,517.054893144052,0.00900562498022347,0.858657289375171,0.640177015124535,0.995972632479561
159.37,0,517.984206731459,0.00897755088379479,0.860055894479015,0.642518236243997,0.999256382471397
159.38,0,518.909659240633,0.0111966830535936,0.855734717010369,0.640869945686683,1
159.39,0,519.83120851147,0.0105719210819083,0.857537399704582,0.639261254350348,1
159.4,0,520.696485361382,0.00871830320700153,0.860052786550676,0.644642304897418,0.999501936798818
159.41,0,521.519468913284,0.00632610991054856,0.857717731691118,0.639536309926892,0.998713865888191
159.42,0,522.340351660868,0.00984177487416362,0.858556705133592,0.63984017155049,1
159.43,0,523.119894293442,0.00696117328370389,0.857970983307918,0.642715827505707,1
159.44,0,523.688796277325,0.00669455533055076,0.859736332592029,0.641714006489651,1
159.45,0,524.241326654763,0.0081682220776767,0.859733144562317,0.643020746492361,0.997283374700107
159.46,0,524.790960717759,0.00675312094611855,0.859445182310841,0.639159227408453,0.996073877355912
159.47,0,525.230656731743,0.00785600441521638,0.862639016770611,0.640885306588407,0.996853960617931
159.48,0,525.588750437344,0.00300760245171741,0.860614362019967,0.640026348025075,1
159.49,0,525.945783233276,0.00453517862494278,0.861187177950643,0.640009869712248,0.997210056192932
159.5,0,526.280337832083,0.0051717745558377,0.862340112286875,0.640876565099755,0.997578526139217
159.51,0,526.5149176566,0.00707538678600425,0.862259052350507,0.642622818691691,0.99916208713385
159.52,0,526.738668993365,0.00887466419877093,0.86259111386984,0.643494610907895,1
159.53,0,526.95781435563,0.00572156210873304,0.862162287960471,0.640851724962694,1
159.54,0,527.127895234747,0.00632556564893948,0.863106785002015,0.640863309080384,1
159.55,0,527.260729810336,0.00788471517750892,0.863472948749909,0.641553764359922,1
159.56,0,527.389760091232,0.00236604935909341,0.863107371815374,0.641018808165214,0.999688546387323
159.57,0,527.506701134667,0.00677512603023275,0.866390154355626,0.642896778429852,0.999611709070966
159.58,0,527.582061774906,0.00622866393404127,0.86397576090083,0.642110477646687,0.999815253444508
159.59,0,527.649850382097,0.00620469922057974,0.863406274182956,0.642407177196254,1
159.6,0,527.712471134988,0.00616061806595897,0.862061836852869,0.643827595135249,0.999989749045897
159.61,0,527.755441306742,0.00553710216116387,0.866390638839633,0.640208169224723,1
159.62,0,527.782643767923,0.00894831433294594,0.866656088024934,0.641634917710633,0.998941647028135
159.63,0,527.804985233989,0.00590331211488478,0.866174135255014,0.640677339002575,0.999444377819331
159.64,0,527.820503329805,0.00679122658038739,0.865359804684247,0.642201080622414,0.99796877429543
159.65,0,527.822925185525,0.00726577162729266,0.864861504494742,0.643031272341988,0.99805615831804
159.66,0,527.822925185525,0.0065779304941901,0.866939720572121,0.641300737645019,0.999340612190033
159.67,0,527.822925185525,0.00592406984840131,0.866738460867868,0.639849754734422,0.998758966735434
159.68,0,527.822925185525,0.0077802570569506,0.868109115444688,0.643494704443592,1
159.69,0,527.822925185525,0.00663808002178764,0.865893358300054,0.642222066468935,1
159.7,0,527.822925185525,0.00664742604770523,0.86928632638796,0.643241118869306,1
159.71,0,527.822925185525,0.00597234048449684,0.867968770118321,0.642671636169388,0.999792724025413
159.72,0,527.822925185525,0.00440598911106296,0.864571380505675,0.641391014576635,1
159.73,0,527.822925185525,0.0042475313772807,0.869161770073761,0.641433503812806,0.999169128095382
159.74,0,527.822925185525,0.00599330328529495,0.86841326629291,0.6431841099063,0.998156053588586
159.75,0,527.822925185525,0.00584295050493427,0.867323451922052,0.644360314405066,0.997381692847079
159.76,0,527.822925185525,0.0061933467805616,0.868843664080785,0.644194416982648,0.998609218899787
159.77,0,527.822925185525,0.00529578314029153,0.867200565644783,0.643071803301423,0.998938284638088
159.78,0,527.822925185525,0.00614690285372007,0.870882677682524,0.642130610684117,0.999287742971476
159.79,0,527.822925185525,0.00697991817306408,0.868249291515951,0.644162550201208,1
159.8,0,527.822925185525,0.00616264433174749,0.87073224446118,0.643576471435583,0.997939027766486
159.81,0,527.822925185525,0.00695270875525159,0.869275524366689,0.644866020007656,0.998608176897306
159.82,0,527.822925185525,0.0065206621875254,0.868383382111969,0.642631895570417,1
159.83,0,527.822925185525,0.00530495833241836,0.870729209532448,0.643332504645618,1
159.84,0,527.822925185525,0.0062446751253013,0.870356888952548,0.642364743781044,1
159.85,0,527.822925185525,0.00636115676430862,0.871089909207365,0.643238219109894,1
159.86,0,527.822925185525,0.00518065088282387,0.871578268484754,0.646044427430861,1
159.87,0,527.822925185525,0.00513687432032047,0.872949418417291,0.646927942731354,1
159.88,0,527.822925185525,0.00652744486044246,0.871396665290525,0.644884089454247,1
159.89,0,527.822925185525,0.00577383677457751,0.870848071544606,0.645526940863956,0.999728834122722
159.9,0,527.822925185525,0.00801503705960449,0.872696968087738,0.645904561762754,0.997859669858666
159.91,0,527.822925185525,0.00437563790124889,0.871020884974786,0.64378408671679,1
159.92,0,527.822925185525,0.00560952051476453,0.872380612127699,0.645361957091693,0.999933489107224
159.93,0,527.822925185525,0.00735877082486215,0.873456434351064,0.646534575853076,0.999114762240434
159.94,0,527.822925185525,0.00488726887185277,0.873002615301999,0.644843556807175,1
159.95,0,527.822925185525,0.00573940353444176,0.874712774349613,0.647308483702373,0.998110355031043
159.96,0,527.822925185525,0.00582403789501279,0.875458626706109,0.643276263459833,0.999449692618314
159.97,0,527.822925185525,0.00513535387802791,0.874768367300213,0.64350066120139,1
159.98,0,527.822925185525,0.00614668899488936,0.875789599055127,0.647224909769552,0.999680786651232
159.99,0,527.822925185525,0.0063797678584272,0.87663039979586,0.646957191540735,1
160,0.3,527.822925185525,0.00582006465927718,0.876290054156775,0.64572020594928,1
160.01,0.3,527.822925185525,0.0054585717490511,0.874656633170381,0.645362838091093,0.998257425073778
160.02,0.3,527.822925185525,0.00776050423940513,0.876844248334236,0.645694546414171,0.99897274690552
160.03,0.3,527.822925185525,0.00577283442157012,0.87616940086766,0.649389754066067,1
160.04,0.3,527.822925185525,0.00644578862957277,0.87487046177175,0.647858286868109,1
160.05,0.3,527.822925185525,0.00760813245478915,0.875605428246484,0.645008892478919,0.999959708330001
160.06,0.3,527.822925185525,0.0052508653085278,0.874505479770425,0.644336966007728,1
160.07,0.3,527.822925185525,0.00837401205158877,0.879776697669602,0.647753642708408,0.999791434503759
160.08,0.3,527.822925185525,0.00482818425137546,0.878871584069622,0.645630148802256,0.997871202758569
160.09,0.3,527.822925185525,0.0061671463946573,0.876042605100219,0.644740031074775,1
160.1,0.3,527.822925185525,0.00573506437740558,0.879241222046788,0.648268236561828,0.99951803934406
160.11,0.3,527.822925185525,0.00689196686546909,0.876244766318698,0.647022372351604,0.997091722156511
160.12,0.3,527.822925185525,0.00673922242160858,0.877564727756048,0.647248877008381,1
160.13,0.3,527.822925185525,0.00806367156205434,0.880296334178108,0.647145223738656,1
160.14,0.3,527.822925185525,0.00555771176416305,0.879854781709436,0.646819508689215,0.998946476466278
160.15,0.3,527.791368847996,0.00635414300874068,0.87999692815754,0.650415112632327,1
160.16,0.3,525.598842294826,0.00504883595203057,0.87824796201659,0.646466153744582,0.999025542620351
160.17,0.3,524.593188476314,0.00683047269879799,0.878361548603345,0.648399880227993,0.999624743306467
160.18,0.3,523.550873085897,0.00739085919210035,0.881215288010686,0.649645004252487,0.999077922185647
160.19,0.3,522.507527860944,0.0097197149610452,0.879662991490515,0.651456153401366,0.999862932767908
160.2,0.3,521.466886186072,0.00848785230648646,0.878808029249357,0.649428159461832,0.999843596171525
160.21,0.3,520.428410475809,0.0102720450701741,0.881046860295703,0.64899658520479,1
160.22,0.3,519.392261806569,0.00776885949220473,0.877520812430466,0.64962779007445,0.997119049477286
160.23,0.3,518.358547523763,0.00845247673995267,0.881875621774695,0.65000319910164,1
160.24,0.3,517.32737569598,0.0111700481616586,0.883085035633241,0.652363282758109,0.999298618131038
160.25,0.3,516.298853671499,0.00945977183677386,0.883961079907759,0.652008480785178,0.997094114175774
160.26,0.3,515.27308784622,0.0118650271917322,0.882599501532131,0.650328601783863,0.997565529903536
160.27,0.3,514.250183655476,0.00973294086518978,0.884306377040108,0.653207903545061,0.998178341518291
160.28,0.3,513.230245532985,0.0107923364731378,0.881864290256435,0.652798112730125,0.997710650934313
160.29,0.3,512.213376872995,0.0108905119046071,0.881968837399159,0.64908756631984,0.997103701348437
160.3,0.3,511.199679993158,0.0116525039876123,0.882911788477145,0.651617832836002,1
160.31,0.3,510.18925609817,0.0120561523020871,0.882548227670771,0.654041845627891,0.999856271377723
160.32,0.3,509.182205244201,0.0127432591612146,0.880591380958372,0.650531617621603,0.997052588756972
160.33,0.3,508.178626304126,0.0127621634933512,0.882893619580848,0.654582772214494,0.997049781832959
160.34,0.3,507.178616933562,0.0162125669376441,0.881606397620174,0.651603153527509,0.998684778600776
160.35,0.3,506.182273537705,0.0156047147055936,0.885454566266994,0.652719496884212,1
160.36,0.3,505.189691238977,0.0144775954014752,0.885949411723643,0.65441629547112,1
160.37,0.3,504.200963845503,0.0124248900790668,0.882999016555064,0.652108063048119,1
160.38,0.3,503.216183820392,0.0158927907298596,0.884605033431169,0.654875703537174,1
160.39,0.3,502.235442251841,0.0143813723952847,0.886791926912839,0.653839447905457,1
160.4,0.3,501.258828824069,0.016342952737101,0.887393056517655,0.654471491073414,0.999873379598464
160.41,0.3,500.286431789065,0.0167776481401818,0.886287982109823,0.654693377822971,1
160.42,0.3,499.318337939166,0.0149559935512503,0.886730734328803,0.654755962984314,0.997535739512481
160.43,0.3,498.354632580462,0.0177247059378918,0.883652196785846,0.652460835351093,0.99925950144025
160.44,0.3,497.395399507022,0.0172795130668024,0.889080322964515,0.653583091625214,0.999765235941388
160.45,0.3,496.44072097593,0.0185514395911164,0.887467718236367,0.652495540663811,0.999423811170033
160.46,0.3,495.49067768317,0.0206588285268891,0.885155944592836,0.655632839974017,0.999461243748027
160.47,0.3,494.545348740309,0.0169889329969975,0.888306246477428,0.653437316107473,1
160.48,0.3,493.604811652005,0.0176097733672355,0.886560281025776,0.65346738728913,0.99938498255667
160.49,0.3,492.669142294321,0.0158561462808058,0.888581444242054,0.653187371412312,1
160.5,0.3,491.738414893867,0.0201032149913065,0.887997055620662,0.655872210532717,0.998432324447166
160.51,0.3,490.812702007729,0.0203434515105094,0.889066720102713,0.654205899452856,0.999980299062254
160.52,0.3,489.892074504215,0.0205093870256286,0.889595882806523,0.65172635599103,1
160.53,0.3,488.976601544395,0.0217686720489275,0.8893301777825,0.655052384571541,1
160.54,0.3,488.066350564429,0.0190454846584799,0.890204701204004,0.654522427154567,0.998629627819991
160.55,0.3,487.161387258694,0.019528152662817,0.889168059726509,0.655139918034087,1
160.56,0.3,486.261775563684,0.0192664567765267,0.890801708482678,0.65357722695654,1
160.57,0.3,485.367577642693,0.0196961757788118,0.890411234238993,0.656789816727926,1
160.58,0.3,484.478853871264,0.01980493274338,0.892307649528064,0.654295954321286,0.999949238574702
160.59,0.3,483.595662823405,0.0249894059571983,0.891211978980125,0.65740416944349,1
160.6,0.3,482.71806125856,0.0235844356095198,0.892554849474327,0.65647219293748,1
160.61,0.3,481.846104109336,0.0236287118380738,0.888299334887102,0.657059966237222,0.999731252708466
160.62,0.3,480.979844469964,0.0248287799663741,0.892525649302708,0.653698818857884,1
160.63,0.3,480.119333585507,0.024829888788365,0.889997226032391,0.655567377232929,0.996581471674588
160.64,0.3,479.264620841786,0.0252198031840337,0.891506062593063,0.65870514171732,1
160.65,0.3,478.415753756033,0.0242665279521164,0.892176791500691,0.655294855072077,1
160.66,0.3,477.572777968257,0.0246023929126262,0.890919541310824,0.655198213959858,1
160.67,0.3,476.735737233315,0.0276074435875959,0.894398636415474,0.656638666367679,0.999519613892301
160.68,0.3,475.904673413671,0.0259049124184733,0.89228583386006,0.658815126107684,0.999628662813902
160.69,0.3,475.07962647286,0.0260327993448325,0.893982322287031,0.660483212275721,0.9976132704142
160.7,0.3,474.260634469617,0.0271134854028854,0.890581518042928,0.65661197182776,0.999974259350326
160.71,0.3,473.447733552688,0.027015900313199,0.892692101119294,0.659743149438678,0.997864534769064
160.72,0.3,472.640957956302,0.0258606081430396,0.893431306514948,0.659925437896567,1
160.73,0.3,471.840339996292,0.0265427944710535,0.891155242538695,0.657998862410785,1
160.74,0.3,471.045910066875,0.0259743014373196,0.8945908237175,0.660211497884804,1
160.75,0.3,470.257696638064,0.0250381891844096,0.894866545840951,0.656203672293445,1
160.76,0.3,469.475726253703,0.0283114789001336,0.896112533615707,0.658927907130278,1
160.77,0.3,468.700023530138,0.0292281825232262,0.896679489015849,0.657305698656726,1
160.78,0.3,467.930611155491,0.0300904176888861,0.895292163670607,0.65460836965815,0.999330648549284
160.79,0.3,467.167509889543,0.0277274201246323,0.89631117927654,0.657194530418137,1
160.8,0.3,466.410738564209,0.0275641341872706,0.896898213814727,0.657135211522112,0.999421402007596
160.81,0.3,465.660314084612,0.0273010220186436,0.898874121808627,0.656832567280228,0.997656513169719
160.82,0.3,464.91625143072,0.0315388099816817,0.89469240085664,0.657163833537664,1
160.83,0.3,464.178563659576,0.0293503891663783,0.898198019390397,0.655026682794555,0.999338911412303
160.84,0.3,463.447261908074,0.0317609151272136,0.896339806229153,0.656542464289091,1
160.85,0.3,462.722355396307,0.0288763891509775,0.896783900197183,0.657167697111825,1
160.86,0.3,462.003851431448,0.0316420920058647,0.900004256190574,0.658681829914154,1
160.87,0.3,461.291755412185,0.0312539675545567,0.897676313316433,0.656342212311536,0.996729661154228
160.88,0.3,460.586070833688,0.0333782752169947,0.897936596927921,0.657771120062122,0.999066223656927
160.89,0.3,459.886799293095,0.0334645192250103,0.900013580931638,0.660488716598681,0.998292696880475
160.9,0.3,459.193940495522,0.0318182695788119,0.897666727997328,0.656884758722578,0.999954718873386
160.91,0.3,458.50749226059,0.0343149727969076,0.896223402075953,0.657023173124149,0.999459430259259
160.92,0.3,457.827450529449,0.0346864233348765,0.897404985953315,0.659571425856582,1
160.93,0.3,457.153809372307,0.0348686695271461,0.898000983086357,0.659080498369214,0.999318670937872
160.94,0.3,456.486560996449,0.0318644630841922,0.899504758716742,0.658495558530868,0.99849203241364
160.95,0.3,455.825695754742,0.0332565616512503,0.899150611663215,0.659489339715697,1
160.96,0.3,455.171202154621,0.0337376280777901,0.901178516241232,0.659109148451173,0.998284597345808
160.97,0.3,454.523066867543,0.0333222733263983,0.900319867049706,0.658812292518547,1
160.98,0.3,453.88127473892,0.0368164531455974,0.901774252259504,0.656285301711546,0.99822134542173
160.99,0.3,453.245808798508,0.0371909621108672,0.90112443766412,0.658766986087681,1
161,0.3,452.616650271248,0.0337297560541911,0.898887921715487,0.660756180801086,0.998907227574927
161.01,0.3,451.993778588569,0.0353168950080489,0.901257294453806,0.659673177372032,0.999415412794605
161.02,0.3,451.377171400132,0.0362849000810022,0.901374762928271,0.659601201708973,0.998299895365426
161.03,0.3,450.766804586016,0.0358559340843647,0.900425329322109,0.657769745150176,0.999333204352989
161.04,0.3,450.162652269338,0.0366879012141124,0.900835812755895,0.658091257797209,0.999701181136034
161.05,0.3,449.564686829313,0.0367808120156677,0.901949084580125,0.657185261790356,0.997989231329228
161.06,0.3,448.972878914742,0.0378052594733473,0.901291068144179,0.659923850297927,0.99924581609825
161.07,0.3,448.387197457912,0.0368691159047524,0.903178885723242,0.659570891091011,1
161.08,0.3,447.807609688928,0.0395906639372882,0.903104673740039,0.657546569107576,0.998839226510584
161.09,0.3,447.234081150461,0.0360001827748385,0.90368072338865,0.656744823534137,0.996596520514485
161.1,0.3,446.666575712898,0.0400280156088268,0.903271347663482,0.65601560086801,0.998787638681057
161.11,0.3,446.105055589915,0.0369398895177705,0.903803371586231,0.65872771203385,0.999708142807662
161.12,0.3,445.549481354444,0.039313929047246,0.903901052104202,0.659567762940204,1
161.13,0.3,444.999811955048,0.0378462164423602,0.901851563519376,0.658269288187845,0.99918188908072
161.14,0.3,444.456004732695,0.0386535003125774,0.902783463747545,0.657037811962105,1
161.15,0.3,443.91801543793,0.0397659574993177,0.903185691573031,0.659716155204659,0.99844313386737
161.16,0.3,443.385798248436,0.0394164207120777,0.905709049176288,0.657148738194895,0.999855031598244
161.17,0.3,442.859305786989,0.0369598809746461,0.902580025126003,0.658845845811738,1
161.18,0.3,442.3384891398,0.0421857878882319,0.905089447862402,0.657242268607244,0.999247541830863
161.19,0.3,441.823297875247,0.0400941864689292,0.90545153558251,0.657642743493574,0.998234816355829
161.2,0.3,441.313680062986,0.0405815014964143,0.904789958950495,0.658985271461976,1
161.21,0.3,440.809582293445,0.0426221275128115,0.906604218262141,0.660077255812296,0.999001776890523
161.22,0.3,440.310949697694,0.0390340545981727,0.904655759535353,0.657067635864316,0.99997819761468
161.23,0.3,439.817725967704,0.0404385359971413,0.904547642353189,0.65870686716909,0.999277040890077
161.24,0.3,439.329853376963,0.0405613481969281,0.906888570168666,0.657773112630703,1
161.25,0.3,438.847272801477,0.0398813639222127,0.905055499076377,0.654384396141256,0.999752279871822
161.26,0.3,438.369923741142,0.0401990133720574,0.906797806989182,0.659068593783581,1
161.27,0.3,437.897744341481,0.0430498829855151,0.906760677396162,0.655359268210917,0.998987839568427
161.28,0.3,437.430671415749,0.0425524788106901,0.90496336720332,0.657029112833373,1
161.29,0.3,436.968640467404,0.0420892570055114,0.906607905884004,0.659508515587757,0.999714401539017
161.3,0.3,436.511585712946,0.0430809007367692,0.905048220141976,0.657594969061298,1
161.31,0.3,436.059440105105,0.0401839781313351,0.904833814099184,0.6559567234978,1
161.32,0.3,435.612135356406,0.0424332147789638,0.907720215983577,0.655838385294474,0.999027254976743
161.33,0.3,435.169601963081,0.0441933000890726,0.907947967846926,0.65714658781406,0.998136846463761
161.34,0.3,434.731769229331,0.0438102443828404,0.904332096127183,0.656458041032661,0.998449963371707
161.35,0.3,434.29856529196,0.0422574184887791,0.906360212526148,0.657253849132709,1
161.36,0.3,433.869917145343,0.0412712729584624,0.906832572161265,0.659154397966205,1
161.37,0.3,433.445750666756,0.0410997261884022,0.909395359819934,0.6567705815204,1
161.38,0.3,433.025990642041,0.0446262065344062,0.909560486028797,0.658384208459096,1
161.39,0.3,432.61056079163,0.0433020158150093,0.908487362563174,0.658146393178808,1
161.4,0.3,432.199383796897,0.0418321234962867,0.90909983150426,0.658686197265802,1
161.41,0.3,431.792381326863,0.0430352608910967,0.908737100727203,0.658427026811309,1
161.42,0.3,431.389474065225,0.0439975153319651,0.908706396626908,0.656818740230007,1
161.43,0.3,430.990581737733,0.042428468067513,0.90917867465631,0.65653161265582,0.999412793772683
161.44,0.3,430.595623139882,0.0421080114239705,0.910846281324389,0.65707160658371,0.999362565148758
161.45,0.3,430.204516164948,0.0457655022090916,0.908016533953178,0.652988886366455,0.999583972891984
161.46,0.3,429.817177832341,0.0441009848696112,0.909080924110044,0.654068692935537,1
161.47,0.3,429.433524316267,0.0463201114907617,0.908182020806642,0.656043428615809,1
161.48,0.3,429.053470974736,0.0456674186005194,0.908734008152431,0.654150066412008,0.999022269978806
161.49,0.3,428.676932378851,0.0463117127487641,0.910846081508551,0.655987307777466,0.999645867273303
161.5,0.3,428.303822342428,0.0481606710460401,0.909714917691567,0.653164535165063,1
161.51,0.3,427.93405395191,0.0465999140918384,0.909589184839624,0.653396422651441,0.999960300761177
161.52,0.3,427.567539596585,0.0479413694306053,0.910107948611257,0.653890302726047,1
161.53,0.3,427.204190999094,0.047385972574534,0.90961388368916,0.653039002565269,1
161.54,0.3,426.843919246234,0.0476873284705865,0.9140581197955,0.653767134575137,0.997355484774774
161.55,0.3,426.486634820043,0.0467959231157524,0.909088549033884,0.652346043842024,0.997525835864647
161.56,0.3,426.132247629157,0.0451439094156313,0.909842918355494,0.655411024832594,1
161.57,0.3,425.78066704045,0.0492469087002681,0.911211062551628,0.653151967418558,0.999448005641947
161.58,0.3,425.431801910935,0.0472504019227098,0.912055778352315,0.653922041914114,0.999135396748034
161.59,0.3,425.085560619917,0.0455551918324661,0.913181424818708,0.653443935371616,0.999164240852014
161.6,0.3,424.741851101411,0.050319562487996,0.910796600959456,0.654254477974676,1
161.61,0.3,424.400580876798,0.0468577385553574,0.912464807887471,0.655400325975894,0.999280572291347
161.62,0.3,424.061657087715,0.0479878664729648,0.912704968355942,0.654257850585526,0.99901078835621
161.63,0.3,423.724986529185,0.0477909758152875,0.911526511287147,0.654185948277634,0.997824311766389
161.64,0.3,423.390475682954,0.0498134607297676,0.91329321635792,0.650025188893456,0.999811458300991
161.65,0.3,423.058030751058,0.0473266567856149,0.909979956574619,0.651773116860489,1
161.66,0.3,422.727557689576,0.047993497509057,0.913426530389771,0.649309694525017,1
161.67,0.3,422.398962242593,0.0483926483143648,0.91304500664808,0.651633199095285,0.998448779408175
161.68,0.3,422.072149976336,0.0490285245831871,0.911174169836041,0.651148769491235,1
161.69,0.3,421.747026313491,0.0486986859480969,0.913562644100427,0.652282874765678,0.999990489505667
161.7,0.3,421.423496567688,0.0484948482873626,0.914443978067267,0.653930865789285,1
161.71,0.3,421.101465978133,0.0486921840583852,0.914860066006548,0.651479445810643,0.998396080270764
161.72,0.3,420.780839744382,0.0527349196053672,0.913851542503097,0.652206035987622,1
161.73,0.3,420.461523061264,0.0502686065730716,0.912462631601359,0.652439209975325,0.999209317971601
161.74,0.3,420.143421153898,0.0525635816190753,0.913353778999537,0.650727767649228,1
161.75,0.3,419.82643931284,0.0507312496618834,0.915378610747145,0.650891918278547,1
161.76,0.3,419.510482929317,0.0495380280228064,0.915031359776548,0.650930279537355,0.998905998021646
161.77,0.3,419.195457530542,0.049439166297484,0.913442882555937,0.650141349881006,1
161.78,0.3,418.881268815106,0.0526406725927257,0.911986852365621,0.649663334502681,0.998028166494289
161.79,0.3,418.567822688422,0.0487850023225317,0.914161511122201,0.650710148739928,1
161.8,0.3,418.255025298212,0.0516695338999804,0.913905299201245,0.650110547754503,0.997358749237224
161.81,0.3,417.942783070026,0.0513379618207611,0.913058134119672,0.649976642893745,1
161.82,0.3,417.631002742773,0.0525153264890602,0.916049275591028,0.647116550833047,0.999317058265496
161.83,0.3,417.319591404257,0.0494909759741752,0.914419969277311,0.649572466239718,1
161.84,0.3,417.00845652669,0.051128213975105,0.918338315557413,0.647303205028496,0.998110448770359
161.85,0.3,416.697506002184,0.052988515858922,0.914557847218142,0.648725694830136,1
161.86,0.3,416.386648178193,0.0505548358676095,0.913686572820944,0.649674664852722,1
161.87,0.3,416.075791892889,0.0524536267331326,0.915527595699612,0.646182278467778,1
161.88,0.3,415.764846510474,0.0503955593866234,0.91371973464443,0.649299345057487,1
161.89,0.3,415.453721956381,0.0492903548592805,0.917108885077298,0.648375123415214,1
161.9,0.3,415.142328752385,0.0500699357132063,0.914996169434462,0.647123771728878,0.999163209417021
161.91,0.3,414.830578051561,0.0526667071617584,0.914213967119024,0.647024427812841,1
161.92,0.3,414.518381673127,0.0509298593400047,0.916085448144373,0.647390822522759,1
161.93,0.3,414.205652137105,0.053288190384937,0.914641143632894,0.649804918369164,0.999063119830299
161.94,0.3,413.892302698804,0.0515769163848939,0.916083808860061,0.648998923741405,1
161.95,0.3,413.578247383125,0.0491487672993079,0.915222505050631,0.645015057203336,0.997829218607412
161.96,0.3,413.263401018626,0.049867128211129,0.916169034573851,0.64671297012143,0.999137581550719
161.97,0.3,412.947679271375,0.0537474799840977,0.91599921686211,0.649228909161018,1
161.98,0.3,412.630998678543,0.0532719477740873,0.914784541473388,0.645924352602303,0.999756284872314
161.99,0.3,412.313276681736,0.051783241530169,0.915622021410371,0.647243908440318,1
162,0.3,411.994431660027,0.0524407293101507,0.919543099165997,0.646934818520637,0.99904545859047
162.01,0.3,411.674382962698,0.0551194332242603,0.916181690338085,0.647659583021086,1
162.02,0.3,411.35305094165,0.0530987827781288,0.91767255845533,0.646525327337976,0.999872573807114
162.03,0.3,411.030356983472,0.0530748474537883,0.917579542664128,0.64603959908596,0.998179220717536
162.04,0.3,410.706223541151,0.0535293913288946,0.913225975110546,0.642687471098387,1
162.05,0.3,410.380574165401,0.0525745546163855,0.918240232155256,0.647405626210358,0.99910193182924
162.06,0.3,410.053333535596,0.0560804963630753,0.916304525449459,0.644892679239551,1
162.07,0.3,409.724427490288,0.0538635252416104,0.918093289138429,0.646786118765471,1
162.08,0.3,409.393783057283,0.0540684458002681,0.916316394363007,0.645901774696758,1
162.09,0.3,409.061328483275,0.0555470384224029,0.915013476827287,0.642666039786669,1
162.1,0.3,408.726993262993,0.0555953292999284,0.917359502026713,0.644604682322079,1
162.11,0.3,408.390708167882,0.055140381165917,0.917087534307534,0.645819358784648,1
162.12,0.3,408.052405274249,0.0550583271981789,0.917500273951524,0.644038901922058,1
162.13,0.3,407.712017990895,0.0553293350113951,0.915622167648947,0.647744373455705,0.999429958934758
162.14,0.3,407.369481086217,0.0563903600610877,0.917329691899901,0.643885227784294,1
162.15,0.3,407.024730714718,0.0546740709470974,0.917861844590932,0.643647616414781,1
162.16,0.3,406.677704442969,0.0552744467116321,0.919886209179097,0.644888753087051,0.997684788689412
162.17,0.3,406.328341274952,0.0589716696998919,0.918056791633945,0.642123163619712,1
162.18,0.3,405.976581676803,0.0555745737932189,0.917967255934601,0.644002719874841,0.99725644038821
162.19,0.3,405.622367600921,0.0554011108172162,0.914415915685228,0.644528045933047,1
162.2,0.3,405.265642509429,0.0556892005996163,0.917462165297534,0.644785973728378,0.999292523450629
162.21,0.3,404.906351396973,0.0585682737015858,0.918147307475616,0.643599864908376,1
162.22,0.3,404.544440812851,0.059592086451447,0.916262580708716,0.645002802949407,0.99736052154855
162.23,0.3,404.179858882429,0.0568173861406991,0.919850483330322,0.644627370194027,1
162.24,0.3,403.812555327873,0.0570713930080304,0.917564704078824,0.643933434953393,1
162.25,0.3,403.442481488135,0.0577410324904926,0.917492070812094,0.644165602309642,1
162.26,0.3,403.069590338217,0.0588489551953147,0.919684605816801,0.64297293517929,1
162.27,0.3,402.693836507673,0.0578655106255405,0.919561508137811,0.643635399503447,0.999455468788893
162.28,0.3,402.315176298352,0.0577016589841308,0.917376573426474,0.642527611562512,1
162.29,0.3,401.933567701359,0.0567969495813431,0.91972576066646,0.64190998332595,1
162.3,0.3,401.548970413232,0.0592399985307945,0.920088782814653,0.641883174454204,0.998622540616861
162.31,0.3,401.161345851299,0.0608235376683664,0.918583667634874,0.642618834405074,1
162.32,0.3,400.770657168246,0.0597661980559779,0.917640504135689,0.643713886031338,0.999044640449124
162.33,0.3,400.376869265839,0.0598227732470415,0.919131278002718,0.64232934599448,1
162.34,0.3,399.979948807814,0.0590783105153153,0.916691837516261,0.641771088601572,1
162.35,0.3,399.579864231934,0.0602637341623964,0.920136020575125,0.641365341764492,1
162.36,0.3,399.176585761174,0.0592306657099423,0.921963768824983,0.642460904374644,0.997689666242193
162.37,0.3,398.770085414051,0.0600016611785694,0.919650168953041,0.643036488632935,1
162.38,0.3,398.360337014082,0.0609972044083921,0.919513698284149,0.641930205224713,1
162.39,0.3,397.947316198359,0.05924442842764,0.919547856142962,0.639382766468162,0.99811586972737
162.4,0.3,397.531000425241,0.0617375951890113,0.917195957213908,0.643861295021835,0.997887264246619
162.41,0.3,397.111368981149,0.0587282219407161,0.917234936381912,0.640899363560915,1
162.42,0.3,396.688402986469,0.0618242942755734,0.918500587619888,0.642661668142162,0.999540600757669
162.43,0.3,396.26208540054,0.0603453051825446,0.920508255081331,0.640999862748188,0.999267624768891
162.44,0.3,395.832401025747,0.0596549710307473,0.921248733993239,0.640030303928175,0.998743333749335
162.45,0.3,395.399336510697,0.0614593677010805,0.920310330688696,0.642277922617488,0.998975861168861
162.46,0.3,394.962880352474,0.0615979188566463,0.918423267261247,0.643370014686856,1
162.47,0.3,394.52302289799,0.0615673125341238,0.918155917115432,0.641428931071708,1
162.48,0.3,394.079756344404,0.0612580428678476,0.915977055397235,0.63984476647052,1
162.49,0.3,393.633074738626,0.0609627541144094,0.916967643155227,0.64298858245673,0.998549299129377
162.5,0.3,393.182973975913,0.0618965780885934,0.917827849293405,0.640313523991283,1
162.51,0.3,392.729451797522,0.063289300299407,0.918991591874059,0.64028253088226,0.998582360118057
162.52,0.3,392.272507787463,0.0613163991547588,0.916804549846759,0.64125369383211,1
162.53,0.3,391.812143368328,0.0641490506166993,0.918269017343662,0.641922582832569,0.997407183004498
162.54,0.3,391.348361796206,0.0650936721871841,0.917303588729347,0.642260829895154,0.998248200867376
162.55,0.3,390.881168154692,0.0633546851022594,0.918959258188366,0.640741776073893,0.999238932636825
162.56,0.3,390.410569347979,0.0614141136344749,0.919859398960097,0.640906857720241,1
162.57,0.3,389.936574093057,0.0638944190881303,0.916337170511648,0.642780743021502,0.99955066988529
162.58,0.3,389.459192911008,0.0641896710403398,0.919440048678868,0.637528815001161,0.999175915151226
162.59,0.3,388.978438117416,0.0632023734968672,0.918052832694461,0.64299806059257,1
162.6,0.3,388.494323811884,0.0621531281575573,0.918485162073703,0.639457101403074,0.998985666539122
162.61,0.3,388.006865866683,0.0649561758047192,0.919799977357762,0.644521343160921,1
162.62,0.3,387.51608191452,0.0650562934825556,0.917126944622147,0.641894028675662,1
162.63,0.3,387.021991335457,0.0653387375339056,0.917462278751394,0.641913184999935,0.998965347994087
162.64,0.3,386.524615242972,0.0637584837980323,0.917500398440271,0.63976303668359,1
162.65,0.3,386.023976469176,0.063959261442817,0.917474543397256,0.640469451338418,1
162.66,0.3,385.520099549205,0.0652041143188963,0.91848038200698,0.638269835627807,0.999068698031669
162.67,0.3,385.013010704789,0.0637545445379933,0.918837304449935,0.639405784334333,0.999879901788643
162.68,0.3,384.502737827008,0.0650608427037985,0.918935024893917,0.643229859263279,0.999383830427768
162.69,0.3,383.989310458264,0.0662326935159674,0.91893757611011,0.640421562076081,0.999864179064461
162.7,0.3,383.472759773456,0.0669422192857076,0.916718662317179,0.642202362828801,0.997303104582054
162.71,0.3,382.953118560395,0.0658139778843276,0.917703440488024,0.641645833318408,1
162.72,0.3,382.430421199461,0.0672356509923677,0.917004519250823,0.640586035936949,1
162.73,0.3,381.904703642516,0.0678592534188578,0.917672813828315,0.643673736712061,0.99859152313172
162.74,0.3,381.376003391098,0.0656827017949847,0.918453703909031,0.640142537799529,1
162.75,0.3,380.844359473898,0.0673552764425789,0.918597159442663,0.642568484826661,0.998964744789476
162.76,0.3,380.309812423546,0.0689242778640766,0.920186792907337,0.640852109326538,0.999920878976221
162.77,0.3,379.772404252718,0.0708309036500005,0.915565025772435,0.643059844771475,1
162.78,0.3,379.23217842959,0.0708667792332523,0.919315289393656,0.641929377848276,1
162.79,0.3,378.689179852633,0.0671374188905366,0.919937647157358,0.643559513628002,0.998349281527614
162.8,0.3,378.143454824802,0.0732285152438026,0.917650145951426,0.642396691463541,1
162.81,0.3,377.595051027102,0.0713822608143679,0.917883395599186,0.643136528462387,0.999445874722652
162.82,0.3,377.044017491577,0.0721713242326782,0.91736298070485,0.641660147292441,0.998471901971721
162.83,0.3,376.49040457372,0.0703376080123344,0.91845465749253,0.64232117010644,0.998910832457728
162.84,0.3,375.934263924345,0.0696102427366892,0.917362274655563,0.642373888524033,0.999608737015418
162.85,0.3,375.375648460913,0.0737340076765363,0.921005467682321,0.64147546620865,0.999654927357236
162.86,0.3,374.814612338366,0.0706343075327484,0.91849175803921,0.642973896164132,1
162.87,0.3,374.251210919451,0.0701840737802195,0.915437289547828,0.641608648334012,0.999346137583617
162.88,0.3,373.685500744593,0.0723533955793426,0.914409294663604,0.642604267162708,0.99999065303996
162.89,0.3,373.117539501302,0.0720749727268661,0.91656753627007,0.645400372945347,0.998109273988078
162.9,0.3,372.547385993167,0.0730695896211844,0.919340285812116,0.641522421963876,0.999983833804164
162.91,0.3,371.975100108428,0.0748741380547212,0.916105436338171,0.644863934026224,0.999948321976591
162.92,0.3,371.40074278817,0.0740503781692707,0.916156355679734,0.643609065640134,1
162.93,0.3,370.824375994155,0.0758300766965637,0.918252222438161,0.642384247846534,1
162.94,0.3,370.246062676304,0.0726712078585925,0.917515980167753,0.64249219187025,0.998384680457453
162.95,0.3,369.665866739857,0.0743917858083741,0.919000459466692,0.644814561833919,0.998270161991366
162.96,0.3,369.083853012238,0.0745002145219545,0.918050827093463,0.642733216825039,0.999903428545593
162.97,0.3,368.500087209635,0.0786872901292266,0.916181983190703,0.642993057781232,0.999559200056851
162.98,0.3,367.914635903332,0.0731235141341998,0.915463669163698,0.644432736117163,1
162.99,0.3,367.327566485791,0.0755393498744772,0.915594585572377,0.644429881859031,1
163,0.3,366.738947136538,0.0751124685365791,0.919823828742678,0.643606219191501,1
163.01,0.3,366.148846787839,0.0761086231373222,0.913919899998399,0.642926706416731,0.997541655636618
163.02,0.3,365.557335090218,0.0799406132578675,0.915195958766964,0.645002758643612,0.998872779860732
163.03,0.3,364.964482377824,0.0780712360714441,0.915871752629625,0.645119637212844,0.999966495578699
163.04,0.3,364.370359633662,0.0773931670891373,0.917180734257787,0.643986728931573,1
163.05,0.3,363.775038454725,0.0751584325687063,0.917054038442275,0.645446194607504,0.999889455072682
163.06,0.3,363.17859101704,0.0781931631678349,0.917046224516343,0.646255856928225,1
163.07,0.3,362.581090040646,0.0770263510716041,0.918311267523046,0.648499258900954,1
163.08,0.3,361.982608754526,0.0780900604322314,0.918467741477292,0.647639842448272,0.999697687118074
163.09,0.3,361.383220861527,0.0791757825730953,0.913328863617435,0.646042497300895,0.9991240423701
163.1,0.3,360.78300050326,0.0773028710631092,0.91415777893823,0.645198433716811,1
163.11,0.3,360.182022225033,0.0770258497443858,0.915567139466005,0.646846987870056,1
163.12,0.3,359.580360940807,0.0766137175894329,0.914922618826936,0.643882076294879,1
163.13,0.3,358.97809189822,0.0798772402838332,0.916082814318185,0.645829786160741,1
163.14,0.3,358.37529064368,0.0797158805759942,0.914678028480121,0.64530988692418,0.99909018834473
163.15,0.3,357.772032987551,0.079823632625932,0.914709485055406,0.649299387334738,1
163.16,0.3,357.168394969461,0.0816026594122559,0.915001365020489,0.647443899944761,0.999566294572271
163.17,0.3,356.564452823729,0.0804417699742939,0.914098272578446,0.648807815952885,0.999465611363336
163.18,0.3,355.960282944952,0.0806475876024174,0.916561219111033,0.648120045643597,1
163.19,0.3,355.355961853757,0.0809460993113592,0.914655881113633,0.647578648254895,0.999970694406033
163.2,0.3,354.751566162734,0.0830422259902656,0.913745274745051,0.646276333633355,0.99939584455299
163.21,0.3,354.14717254257,0.0821822273748974,0.914565979511482,0.646538045257814,1
163.22,0.3,353.54285768841,0.0829521112490753,0.916630625968275,0.648765093936803,1
163.23,0.3,352.938698286439,0.0825768011910432,0.913976765483431,0.646789590840047,1
163.24,0.3,352.334770980723,0.0816899826056454,0.914221072702927,0.647185034469595,1
163.25,0.3,351.73115234031,0.0851897812874195,0.915192877506627,0.64810503666613,0.999904259568743
163.26,0.3,351.127918826616,0.0830714704593006,0.915412027192922,0.649035715120348,0.999271272436298
163.27,0.3,350.525146761101,0.0847040765541019,0.912649567259731,0.647573892311818,0.999971665674628
163.28,0.3,349.922912293252,0.0835832874820913,0.915787464654808,0.649051347353907,1
163.29,0.3,349.321291368896,0.0857057858403187,0.913833815933116,0.646722318933275,1
163.3,0.3,348.720359698835,0.0831343127654114,0.913456290181434,0.646792850897072,1
163.31,0.3,348.120192727843,0.0845087718668931,0.913897510797001,0.649954569870833,0.999932836640187
163.32,0.3,347.52086560401,0.0881601227030272,0.912123317182149,0.651457694391737,0.998925003778746
163.33,0.3,346.922453148465,0.0874809654722923,0.912023447627253,0.650430020721127,1
163.34,0.3,346.325029825486,0.0855176093744997,0.916138723080204,0.648309285961625,0.999817303934224
163.35,0.3,345.728669712985,0.0896734914002506,0.91107898779625,0.648653022651334,0.999300887549623
163.36,0.3,345.133446473418,0.0871410783964363,0.915315150229395,0.650740390113333,1
163.37,0.3,344.539433325101,0.0893157416224858,0.913649367672445,0.650925366583657,0.999696123121195
163.38,0.3,343.946703013943,0.0897161272007893,0.911549387153478,0.650014175834804,0.997296343648455
163.39,0.3,343.355327785618,0.0868240149328515,0.912008527429161,0.649907144220844,0.99942333327247
163.4,0.3,342.765379358177,0.088918603935726,0.915619558466325,0.64808042368634,1
163.41,0.3,342.176928895105,0.0897498894315925,0.911662775687748,0.651361693762787,0.998770125309998
163.42,0.3,341.590046978837,0.0885064401229817,0.912147808012135,0.649786640836055,1
163.43,0.3,341.004803584736,0.0893587794448764,0.912136309136299,0.651874233018295,1
163.44,0.3,340.421268055542,0.0929499085066752,0.912995116212164,0.653037694966042,1
163.45,0.3,339.839509076293,0.0909227217122027,0.908474494278866,0.650193686218226,0.998260161236385
163.46,0.3,339.259594649728,0.0877356365880507,0.910787747556818,0.649767611856549,0.998738581886845
163.47,0.3,338.681592072184,0.0890980095500174,0.911044321305385,0.652096597487231,0.998461398645819
163.48,0.3,338.105567909979,0.0914585303173698,0.909075802136448,0.649441736584355,0.999328307270146
163.49,0.3,337.531587976283,0.0923996662527395,0.911963829530054,0.650709356747181,1
163.5,0.3,336.959717308508,0.0896453848484431,0.908797564950916,0.65327563281227,0.997882744169703
163.51,0.3,336.390020146184,0.0922861993985411,0.910561868174375,0.653867891186639,1
163.52,0.3,335.822559909348,0.092459761453592,0.908541633121228,0.652551600796495,1
163.53,0.3,335.257399177448,0.094461239071961,0.910492853618416,0.651658681596405,1
163.54,0.3,334.694599668745,0.0940997267661116,0.910498965358593,0.652760677194462,1
163.55,0.3,334.134222220245,0.09233758142466,0.911593950812633,0.653969928812236,1
163.56,0.3,333.576326768134,0.0951663774383141,0.907696372011308,0.654132619885878,1
163.57,0.3,333.020972328736,0.0940161749232114,0.908643073218347,0.655128364413736,0.997569343815463
163.58,0.3,332.468216979979,0.0930275842900875,0.909800787729021,0.650681114336389,1
163.59,0.3,331.9181178434,0.0963632141750173,0.909473729211508,0.65456355477161,0.998403946551838
163.6,0.3,331.370731066637,0.0957986759118609,0.910522135742492,0.651192974500423,1
163.61,0.3,330.82611180647,0.095515566197894,0.909087171130505,0.655026391099204,1
163.62,0.3,330.284314212357,0.0954621209572579,0.907690777941601,0.657122540547249,0.99869838460344
163.63,0.3,329.745391410496,0.0945869805340634,0.909184655702375,0.6543788347756,0.997309335245573
163.64,0.3,329.209395488402,0.0950099697785908,0.909161926142265,0.655619622245681,0.99871970745529
163.65,0.3,328.67637748,0.0922426561445642,0.905814470078654,0.655065162312652,1
163.66,0.3,328.146387351222,0.0977278867427216,0.907441951431096,0.656694444608154,1
163.67,0.3,327.619473986127,0.0973847150844958,0.908123120385443,0.653331477127273,0.998414763432846
163.68,0.3,327.095685173519,0.0961429311972286,0.90859947073282,0.653364806967816,0.999885704340184
163.69,0.3,326.575067594076,0.0985792724519365,0.907586793437495,0.651611062654647,1
163.7,0.3,326.057666807984,0.0976434568247421,0.906101679494885,0.652239323197189,1
163.71,0.3,325.543527243063,0.0973871705293428,0.908764715678965,0.657155169583197,1
163.72,0.3,325.032692183407,0.0985288479372459,0.908318593890128,0.655279642754452,1
163.73,0.3,324.525203758501,0.098338536294036,0.906921256024349,0.655872995905483,0.999292181668437
163.74,0.3,324.021102932836,0.0984956049603649,0.906078107687959,0.655915967154135,1
163.75,0.3,323.520429496018,0.0963233910107827,0.905318913560337,0.654738192376357,0.999529344187353
163.76,0.3,323.023222053352,0.0997138083480186,0.904417161599733,0.654246223370972,1
163.77,0.3,322.529518016903,0.098726886375967,0.905739230893078,0.656540659741974,1
163.78,0.3,322.03935359705,0.100505948848069,0.903799920311901,0.656788867101218,1
163.79,0.3,321.552763794487,0.101201116255175,0.903050258207291,0.658729517369185,1
163.8,0.3,321.069782392715,0.10203790152544,0.90532111007878,0.655554323247458,0.998463036775105
163.81,0.3,320.590441950982,0.100855817277723,0.902441005949557,0.655366267446129,0.999687860584176
163.82,0.3,320.114773797685,0.100170265665603,0.90553211868938,0.655926513383764,0.999430081534823
163.83,0.3,319.642808024231,0.102051944335579,0.90325991067667,0.659657194821945,1
163.84,0.3,319.174573479343,0.102596068100496,0.904202346301071,0.657728647469538,1
163.85,0.3,318.710097763811,0.102124870823438,0.902877483101928,0.657679075302145,0.99921465874141
163.86,0.3,318.249407225684,0.102364569995031,0.904279395881236,0.657129177862696,0.998385591421545
163.87,0.3,317.792526955898,0.10209187851795,0.904453507793621,0.659336103018602,1
163.88,0.3,317.339480784337,0.102578347748538,0.903989416643075,0.658358427186767,0.997233656755005
163.89,0.3,316.890291276313,0.101915637502351,0.904433784459084,0.655754667592974,1
163.9,0.3,316.444979729472,0.101885158774028,0.904460162047951,0.65601109029015,0.998934425940909
163.91,0.3,316.003566171118,0.105221942725056,0.903361936138541,0.657022695340125,1
163.92,0.3,315.566069355949,0.104545256000977,0.900498145493804,0.6583084055327,1
163.93,0.3,315.132506764186,0.106256474247603,0.904932995555181,0.660862256868253,1
163.94,0.3,314.702894600128,0.103774290917818,0.901221682500232,0.65577332410819,0.998653451751827
163.95,0.3,314.277247791083,0.105378220784006,0.901615511829334,0.657748295245444,1
163.96,0.3,313.855579986703,0.104674430796483,0.900427244400658,0.655339814064539,1
163.97,0.3,313.437903558701,0.107122556969807,0.901626017408901,0.657382720894602,1
163.98,0.3,313.024229600958,0.105375796931942,0.898459182819421,0.658375414035435,0.998540547899367
163.99,0.3,312.614567930002,0.105930221604641,0.900530505098152,0.660217699779062,1
164,0.3,312.208927085864,0.10921232455966,0.899620741820093,0.657620833004292,1
164.01,0.3,311.807314333307,0.105291422841295,0.90284268844281,0.656164963633844,1
164.02,0.3,311.409735663413,0.105048855070438,0.901062312031842,0.6588595007423,1
164.03,0.3,311.016195795542,0.107658308450289,0.902738791534169,0.657730706157001,1
164.04,0.3,310.626698179636,0.104475573055427,0.898048709778331,0.658225026758836,1
164.05,0.3,310.241244998887,0.107252461738026,0.897671666760941,0.656447141885033,0.998655940388403
164.06,0.3,309.859837172746,0.107079966275888,0.898915879745797,0.658240005671814,0.999975951355383
164.07,0.3,309.482474360287,0.107537214250006,0.900154700368103,0.659061446137453,0.998428951079882
164.08,0.3,309.109154963895,0.106710206572068,0.897452721377576,0.658838102138805,0.999400669809849
164.09,0.3,308.739876133314,0.107455015029725,0.897337599454417,0.65728178228343,0.997737134463625
164.1,0.3,308.374633770014,0.107706859252789,0.90108145308999,0.656409349147134,1
164.11,0.3,308.013422531892,0.108463891823854,0.896550946297207,0.660665611472335,0.998194847865345
164.12,0.3,307.656235838302,0.109734188420507,0.898099635519206,0.65912176698116,0.997628852257556
164.13,0.3,307.303065875409,0.107286256998288,0.898551813655717,0.659406842786803,0.997932079317688
164.14,0.3,306.953903601864,0.110295963975391,0.900523952187518,0.656962191083695,1
164.15,0.3,306.608738754796,0.109878033512063,0.89864155908938,0.657997463787957,0.999844890832259
164.16,0.3,306.26755985612,0.108859582400515,0.896526082316369,0.657984595379324,1
164.17,0.3,305.930354219154,0.107536756983912,0.897396880235167,0.656267683594263,1
164.18,0.3,305.597107955555,0.11080109980313,0.896085461895212,0.659453445682278,0.998950931692469
164.19,0.3,305.267805982549,0.110309692945191,0.89787478600246,0.658254350055099,1
164.2,0.3,304.942432030476,0.112374591555741,0.897613198370608,0.65866571015984,0.999335956798884
164.21,0.3,304.620968650633,0.110019529293855,0.894070421234009,0.659296658345772,0.99955685457543
164.22,0.3,304.303397223414,0.112898326037207,0.895140184442843,0.659948240067464,1
164.23,0.3,303.989697966757,0.111491519095991,0.896398972580408,0.660185361687699,0.997029465359933
164.24,0.3,303.679849944876,0.111015093692035,0.894869483248127,0.660212668029715,0.999207128989068
164.25,0.3,303.373831077296,0.113143149321064,0.896330256652866,0.661965649574258,0.999102768922447
164.26,0.3,303.071618148173,0.110436334099676,0.894669547317768,0.65835231298189,0.998694241152225
164.27,0.3,302.773186815907,0.113523375673336,0.892001123248758,0.656139408025088,1
164.28,0.3,302.478511623046,0.113873959565503,0.893448396989356,0.661007141025529,1
164.29,0.3,302.187566006475,0.111387983256586,0.894100513359439,0.659029530708625,1
164.3,0.3,301.900322307889,0.114217958618041,0.89135774344777,0.657384827012499,0.999858122921548
164.31,0.3,301.616751784551,0.113005251565088,0.890585005497982,0.659062575913924,1
164.32,0.3,301.336824620337,0.112770508576866,0.892077559134293,0.656181397854674,0.997802189074755
164.33,0.3,301.060509937057,0.113112141488514,0.892487141641597,0.658077667922959,0.999446651448691
164.34,0.3,300.787775806058,0.113821870475924,0.893241272016307,0.657533377165543,1
164.35,0.3,300.518589260107,0.112925801876781,0.894039416812694,0.65896623573022,1
164.36,0.3,300.252916305554,0.113309365492171,0.89163101328106,0.658669832497677,1
164.37,0.3,299.990721934768,0.112829556427696,0.890741465311372,0.657549713855579,1
164.38,0.3,299.73197013885,0.112596139455482,0.891784318289622,0.654325455133893,1
164.39,0.3,299.476623920626,0.112462878496804,0.892855396152978,0.655811013818995,0.999290524452419
164.4,0.3,299.224645307906,0.113954699419569,0.890843323311809,0.658325450239324,0.998540150699181
164.41,0.3,298.975995367023,0.11437414666589,0.893425057047869,0.656589068697023,1
164.42,0.3,298.730634216643,0.11551819432623,0.892991877012664,0.655068521010308,0.999510904424517
164.43,0.3,298.488521041842,0.113775629194556,0.892307383254783,0.657771597250039,1
164.44,0.3,298.249614108456,0.113884677663372,0.888730539392753,0.657624900468056,0.999200831629579
164.45,0.3,298.013870777706,0.114604251821242,0.891962514198217,0.657858595237921,1
164.46,0.3,297.781247521085,0.11180534079102,0.88952609827243,0.654471720390586,0.998797111820582
164.47,0.3,297.551699935509,0.112963919781335,0.89178872697673,0.655886077719833,1
164.48,0.3,297.325182758747,0.114625686609208,0.888493111095465,0.658969572964441,0.999038766301176
164.49,0.3,297.101649885107,0.116253832939937,0.889503312198438,0.656994662199289,0.999774224247233
164.5,0.3,296.881054381386,0.111690146435709,0.887290748211719,0.657604238347527,1
164.51,0.3,296.663348503092,0.114473459653902,0.887214293171994,0.65822621322571,1
164.52,0.3,296.448483710918,0.112692345680892,0.88687036171307,0.656813743651991,1
164.53,0.3,296.236410687485,0.116945031893269,0.887744172203153,0.660418704874776,0.998754132287904
164.54,0.3,296.027079354335,0.114187920562718,0.887672628325277,0.656915136562783,1
164.55,0.3,295.820438889197,0.114121444439022,0.887021388309555,0.655981869614264,0.999667737823768
164.56,0.3,295.616437743492,0.11607952042626,0.88415483969112,0.656071414179312,1
164.57,0.3,295.415023660108,0.117899160838793,0.885182394409137,0.65482477456106,0.999995424865514
164.58,0.3,295.216143691416,0.116124744539697,0.885386474920825,0.657897369109693,0.999016264335745
164.59,0.3,295.019744217548,0.113919480956157,0.886367703111548,0.654471807013611,1
164.6,0.3,294.825770964919,0.117871195876287,0.884297353036846,0.658438098780226,0.99952507278159
164.61,0.3,294.634169024991,0.11933572342289,0.887198186782157,0.653778894918359,0.999789647912527
164.62,0.3,294.444882873295,0.118061683893407,0.885159957961063,0.655006472193067,1
164.63,0.3,294.257856388685,0.114602614906975,0.885675932236187,0.658023245237364,1
164.64,0.3,294.073032872833,0.118132050039114,0.882535138382408,0.656758264579593,1
164.65,0.3,293.890355069969,0.117550681853567,0.880826110172998,0.655740561605947,1
164.66,0.3,293.709765186841,0.118037032364477,0.883150187253731,0.653739000921203,0.997428771399095
164.67,0.3,293.531204912927,0.115137764218294,0.884365907016255,0.651709914307851,1
164.68,0.3,293.354615440852,0.115944245188089,0.886008107896572,0.652097885065759,0.999118920562984
164.69,0.3,293.179937487049,0.11819722624261,0.882961326610572,0.653806242888448,1
164.7,0.3,293.00711131263,0.118934509479909,0.884919653371621,0.652820028417068,1
164.71,0.3,292.836076744474,0.118826619380902,0.883081375933124,0.653703307394685,0.999131187792426
164.72,0.3,292.666773196539,0.11943312963665,0.882418527904209,0.654398885339698,0.999262454806205
164.73,0.3,292.499139691366,0.118902073590454,0.882579544727045,0.653675623129116,1
164.74,0.3,292.333114881806,0.117739845635382,0.883157000589934,0.651767636014002,1
164.75,0.3,292.168637072929,0.117499396782021,0.881006677439639,0.652785752924258,1
164.76,0.3,292.005644244144,0.122181948222471,0.8813590737031,0.651465897947982,0.998507104701497
164.77,0.3,291.844074071498,0.120156968802416,0.881789351234986,0.653254001174341,0.998667546521839
164.78,0.3,291.683863950158,0.11841786390288,0.88001913999187,0.652893256199623,1
164.79,0.3,291.524951017087,0.118305292102979,0.882054983377217,0.650537695974421,1
164.8,0.3,291.367272173872,0.116504118037452,0.881763243046462,0.652803075465723,1
164.81,0.3,291.210764109738,0.116961281718209,0.879366118970938,0.651272798143068,0.999589731537419
164.82,0.3,291.055363324706,0.117316342181271,0.880153884335943,0.654416501818646,0.998402646282562
164.83,0.3,290.901006152919,0.119836250228893,0.880531386458246,0.650852631894326,1
164.84,0.3,290.747628786108,0.120961846415649,0.878180061992931,0.650847589452493,0.997364037959569
164.85,0.3,290.595167297198,0.121027568808244,0.880371771327422,0.650717858123218,0.998238823447097
164.86,0.3,290.443557664047,0.117289130218937,0.877869154904613,0.649757997052439,1
164.87,0.3,290.292735793315,0.122407075887349,0.878444866998366,0.649610485639924,0.998900193553825
164.88,0.3,290.142637544445,0.119271764249755,0.875151953773775,0.650567945918788,0.999851712086356
164.89,0.3,289.993198753755,0.119861239932989,0.879143695617785,0.650125500125186,0.999066643886401
164.9,0.3,289.844355258632,0.121126974730896,0.87760985880698,0.649217243259435,1
164.91,0.3,289.696042921819,0.119418595660072,0.876665763958938,0.651327954321654,1
164.92,0.3,289.548197655781,0.122040174348084,0.877432310060997,0.652129831249894,0.999579558117402
164.93,0.3,289.400755447155,0.121786745727655,0.873287064830414,0.649919714222197,1
164.94,0.3,289.253652381253,0.118503701251753,0.877269897024307,0.651436911612005,0.999829261930398
164.95,0.3,289.106824666636,0.118793813341328,0.876138311234712,0.648395691387202,0.996214644083887
164.96,0.3,288.960208659718,0.122379378617268,0.874879685157549,0.649699467214654,0.998580634815654
164.97,0.3,288.813740889416,0.118485936404272,0.876161179462127,0.647396740802972,0.998856479976122
164.98,0.3,288.667358081826,0.124600723331066,0.874730032045008,0.650767790546909,0.998336326724593
164.99,0.3,288.520997184912,0.118295808622092,0.875061764304067,0.648502589723807,0.998765262518224
165,0,288.374595393197,0.120984371382282,0.874468455640649,0.649069737340212,1
165.01,0,288.228090172453,0.123179306103714,0.874106337185888,0.649401529071425,1
165.02,0,288.081419284374,0.120381843292086,0.873704783473403,0.649055117206318,0.997144362813956
165.03,0,287.934520811214,0.12063877368985,0.873861193222827,0.647212719200906,0.999090613393389
165.04,0,287.787333180392,0.1236863470169,0.872512698615788,0.650659444205787,0.998340382653501
165.05,0,287.639795189045,0.121736489506099,0.874587174617935,0.648532489939244,0.99837182231683
165.06,0,287.491846028512,0.12018724788163,0.875172004205358,0.647386446380156,1
165.07,0,287.34342530875,0.123362336940568,0.872106203246963,0.645430107813754,1
165.08,0,287.194473082658,0.12314543111786,0.873447688357947,0.648847026541155,0.997807584186056
165.09,0,287.044929870303,0.122556395718886,0.872478556386963,0.646498851754811,1
165.1,0,286.894736683033,0.119893388387122,0.872837188551894,0.648659667360018,1
165.11,0,286.743835047466,0.122489528268615,0.873552563692495,0.646071867865299,1
165.12,0,286.592167029343,0.122541685892763,0.869551002481451,0.648120024658523,0.997875202163122
165.13,0,286.439675257226,0.122912420753402,0.869983935373175,0.647334880514594,1
165.14,0,286.286302946043,0.122397074545597,0.872173192445716,0.647318893568123,1
165.15,0,286.131993920443,0.12355621727914,0.871849126075243,0.647167947044173,0.997544075730225
165.16,0,285.976692637976,0.123848326589818,0.868636650008858,0.646783205244367,1
165.17,0,285.820344212061,0.120369894688823,0.868914784064019,0.646089822870364,0.999995446435655
165.18,0,285.662894434745,0.125044039216863,0.871773267226711,0.648062658128211,1
165.19,0,285.50428979923,0.122592215160786,0.869975120092832,0.646229590172054,0.999217383179845
165.2,0,285.344477522159,0.125359518769222,0.869494742384101,0.64517414541918,0.998495187414654
165.21,0,285.183405565652,0.124363698232793,0.867638251030438,0.646416982980961,0.998194336240981
165.22,0,285.021022659063,0.124013609065213,0.868873510172719,0.646512060236118,0.998894813439713
165.23,0,284.857278320468,0.123582640325534,0.868837458071067,0.643871980465748,0.998255815814321
165.24,0,284.692122877856,0.124014965819924,0.86729015668156,0.64299178206967,0.999768880508643
165.25,0,284.525507490001,0.121272743460541,0.866929196136008,0.642625429186941,0.99958092727923
165.26,0,284.357384167033,0.125288890350255,0.86831859344002,0.644638515282539,1
165.27,0,284.187705790657,0.125205966014412,0.865542941328149,0.64459630870085,0.999018071498387
165.28,0,284.016426134038,0.12407168534251,0.867778744687301,0.645417457879239,0.999355526312083
165.29,0,283.843499881322,0.122468778642659,0.866483290959639,0.64679097933213,0.997786276583907
165.3,0,283.668882646785,0.121842047438804,0.86834991417584,0.643619213031018,1
165.31,0,283.492530993597,0.123213620107608,0.866640410240736,0.643617357613299,1
165.32,0,283.314402452193,0.122972525445062,0.865569189699241,0.641877003908102,0.999482727886292
165.33,0,283.134455538231,0.122730170155603,0.867309559404976,0.6447904392245,1
165.34,0,282.952649770126,0.124482926477952,0.866828992880009,0.643146476630258,1
165.35,0,282.768945686164,0.125504986010836,0.862700457442029,0.642569184042457,0.99930914220014
165.36,0,282.58330486115,0.127037547168423,0.864755248985665,0.644118937036365,0.999811409300131
165.37,0,282.395689922622,0.124896163620113,0.866229540007193,0.644270837291338,0.999347891355316
165.38,0,282.206064566579,0.125662662104361,0.864167444899895,0.643947251185472,1
165.39,0,282.014393572745,0.124906746636289,0.864740144152509,0.644192999137964,1
165.4,0,281.820642819332,0.125870682685427,0.865174059466505,0.646174207284525,1
165.41,0,281.624779297309,0.125489597729119,0.864480162703415,0.642886196102683,0.998880797944071
165.42,0,281.426771124162,0.125240617105983,0.863965931400513,0.642439493171107,0.997936777031008
165.43,0,281.22658755713,0.126241966825547,0.862508213395511,0.641599342642948,1
165.44,0,281.024199005912,0.127142883429886,0.861861170154172,0.642571415866926,0.998460677323473
165.45,0,280.819577044841,0.127439517282288,0.864201025278014,0.641944052571016,0.99833561439727
165.46,0,280.612694424498,0.126695523346673,0.859349633915143,0.644854993995476,0.999936530321143
165.47,0,280.403525082785,0.125766033605715,0.859261080525618,0.644478393548963,0.999983453488301
165.48,0,280.19204415542,0.12704867098824,0.860246126119564,0.644041326569866,0.999609033318109
165.49,0,279.978227985866,0.121453459472813,0.861443213476116,0.643882130516747,1
165.5,0,279.762054134678,0.124128989184927,0.859601972315075,0.640084733355692,1
165.51,0,279.543501388262,0.129873782415166,0.85899082296316,0.640126196965105,1
165.52,0,279.322549767045,0.128564138362093,0.859257300505111,0.642752877926432,0.997897971258642
165.53,0,279.099180533035,0.129564052051342,0.860155172192238,0.63989302471757,1
165.54,0,278.873376196787,0.126797372630938,0.860643536673493,0.640895774192088,0.997230869009753
165.55,0,278.645120523745,0.126570514597785,0.85949363049135,0.642038796387786,1
165.56,0,278.573882558583,0.126119098842574,0.860376005576122,0.642239658869071,1
165.57,0,278.573882558583,0.127774094215425,0.857438940842539,0.642293204564376,1
165.58,0,278.573882558583,0.128173546973939,0.857314991795321,0.645509022330802,1
165.59,0,278.573882558583,0.130139596125738,0.859677149236212,0.641739158683624,1
165.6,0,278.573882558583,0.12587008725707,0.858529626565453,0.64221878005106,0.998097085870082
165.61,0,278.573882558583,0.126251234062277,0.85910678497885,0.642729227800551,0.998850499778913
165.62,0,278.573882558583,0.126033437113751,0.856299235326816,0.638487611667858,1
165.63,0,278.573882558583,0.127813048934095,0.860439234749096,0.641590369555665,1
165.64,0,278.573882558583,0.128181929529617,0.85639115503629,0.640629450184422,1
165.65,0,278.573882558583,0.128688745899968,0.856884902130028,0.642381607180601,1
165.66,0,278.573882558583,0.128825625592418,0.85687852808806,0.642512027077366,0.999996897385183
165.67,0,278.573882558583,0.128064961121204,0.858210525645481,0.640700333725696,1
165.68,0,278.60661617907,0.128671902137121,0.855470368074561,0.641244513329755,0.998603821397694
165.69,0,279.645590849827,0.125188619778429,0.856417641652291,0.639194987937023,1
165.7,0,280.073645273709,0.124425113695161,0.857864923528707,0.638666523805138,0.998768058046677
165.71,0,280.531914955838,0.122835053202174,0.854420511589803,0.641863980973077,0.999290286855927
165.72,0,280.987275058539,0.123916968960238,0.855091668755151,0.639812361213479,1
165.73,0,281.44027540487,0.125670320911149,0.857389210935491,0.63956346603137,0.998878851651514
165.74,0,281.89103027097,0.126695937680719,0.854696119477047,0.638870230894454,1
165.75,0,282.33950716838,0.123806523427506,0.855276739079677,0.641076053672574,1
165.76,0,282.785697083985,0.125090201675245,0.855630299279885,0.6402093784533,0.999929249534437
165.77,0,283.229590269355,0.124776018155459,0.856377878868729,0.641221227631889,1
165.78,0,283.671178403569,0.123916383955498,0.857424757945709,0.6415704768003,0.99803185865169
165.79,0,284.110454465327,0.124507814338985,0.856731779922857,0.642325660073924,0.997488021586608
165.8,0,284.547412745176,0.123204844205232,0.855192404100282,0.642371772611784,0.999841767598297
165.81,0,284.98204885254,0.126431570456545,0.853910039089147,0.642880677670466,0.999817684762705
165.82,0,285.414359721831,0.119396766273031,0.852881348323015,0.641546434871258,1
165.83,0,285.844343617967,0.121194974105228,0.855146400791806,0.644250357487617,0.997433510906348
165.84,0,286.272000141228,0.1231227179766,0.853300494450178,0.642052867375703,0.998932769769148
165.85,0,286.697330231442,0.123651322588348,0.853746742710966,0.639280812961859,1
165.86,0,287.120336171511,0.123217408822467,0.854452285777432,0.641651528144055,1
165.87,0,287.54102159027,0.120142612719616,0.851670857733622,0.641109995890441,1
165.88,0,287.959391464667,0.118843661159106,0.853790378366202,0.643320548706108,0.998718784447361
165.89,0,288.375452121288,0.123135042382331,0.854933067660169,0.642607848058208,1
165.9,0,288.789211237195,0.120245436458719,0.851457521543198,0.640635717903655,1
165.91,0,289.200677840103,0.121059478705816,0.852599225685074,0.641023071624854,0.999362267193555
165.92,0,289.609862307884,0.122410055019769,0.851704124996678,0.641553173452543,1
165.93,0,290.016776367399,0.120620904749207,0.851717433715813,0.643054245498933,1
165.94,0,290.421433092662,0.119867269866024,0.849305137912631,0.643421782391807,0.998468683241335
165.95,0,290.823846902342,0.119747548606187,0.850327528263133,0.643499038476865,0.99921656660474
165.96,0,291.224033556591,0.121465465766292,0.846948101640874,0.643468906715017,1
165.97,0,291.622010153222,0.120809645845118,0.848647103713419,0.642504771404416,0.997765447131361
165.98,0,292.017795123219,0.11812932505074,0.852672486100104,0.641835681648106,1
165.99,0,292.411408225599,0.11826070377278,0.850561550707697,0.63903659558018,0.998855035491283
166,0,292.802870541624,0.117415437483837,0.851556065327596,0.64254739216816,0.998108184639872
166.01,0,293.19220446836,0.119783166387515,0.848393987661714,0.643122057526006,0.99811190766204
166.02,0,293.579433711609,0.117583438041402,0.850045307273347,0.642980559280427,0.999579319069201
166.03,0,293.964583278193,0.118033887975047,0.849235583941243,0.643224829879938,0.999816230905382
166.04,0,294.34767946762,0.116787731039067,0.849172338678572,0.641901446609682,1
166.05,0,294.728749863119,0.117766719502529,0.850426655867755,0.642942404751823,1
166.06,0,295.107823322069,0.115636623015904,0.849540061387502,0.643238405242181,0.998973545733594
166.07,0,295.484929965812,0.11712326174525,0.847312742848428,0.64349450362518,0.99931994880776
166.08,0,295.860101168869,0.117896459797978,0.847984151247704,0.641791294233284,0.999133987104595
166.09,0,296.233369547568,0.117191584046428,0.845806263000295,0.642993602971343,0.99787883170153
166.1,0,296.604768948077,0.115605714119192,0.845343533303533,0.645143299685415,0.998003109960612
166.11,0,296.974334433877,0.117375837034079,0.847545232163954,0.644960431329937,1
166.12,0,297.342102272652,0.11554841006564,0.847248615249494,0.644234026896426,1
166.13,0,297.708109922639,0.118149675938731,0.847134116683133,0.64083341934486,1
166.14,0,298.07239601842,0.115115952214372,0.846181105178454,0.646645828083615,1
166.15,0,298.435000356178,0.113539282087997,0.84590407943979,0.644139877732752,0.99900764842179
166.16,0,298.795963878433,0.113585775187687,0.847688677595376,0.643417710494429,0.998117069825461
166.17,0,299.155328658258,0.113383566399093,0.846467411850443,0.644366595361658,0.998979232680342
166.18,0,299.513137882986,0.113540392213196,0.844733406334282,0.644610510762899,1
166.19,0,299.86943583743,0.11611286291159,0.845520115445947,0.64387851646898,1
166.2,0,300.224267886622,0.112886385368675,0.845105111473154,0.643753572600453,0.996728008532834
166.21,0,300.577680458065,0.111505181650025,0.843798510423958,0.645668444774137,0.998411959937831
166.22,0,300.92972102355,0.11203326623123,0.846141156183486,0.647696895354679,1
166.23,0,301.280438080507,0.11193660517648,0.844785218959598,0.647732049173007,1
166.24,0,301.629881132925,0.111082309986817,0.844349733095484,0.646844815570923,1
166.25,0,301.978100671859,0.114182145174836,0.843259990047001,0.646009589864571,1
166.26,0,302.325148155512,0.111507640833298,0.843312521475663,0.648223851406407,1
166.27,0,302.671075988927,0.111795152577838,0.843824657697668,0.647069391967324,0.997369853673517
166.28,0,303.015937503299,0.109526592041253,0.844053714360563,0.647866152057,1
166.29,0,303.359786934904,0.111147303601393,0.844050667014922,0.64661230784381,1
166.3,0,303.702679403673,0.10956357935672,0.84326326363968,0.644733533869493,1
166.31,0,304.044670891424,0.108993904519004,0.840829639200911,0.646957755298276,0.996762209527321
166.32,0,304.385818219759,0.111206296319669,0.840457275124531,0.647008028872606,1
166.33,0,304.726179027631,0.110248956805476,0.842705944452252,0.650995897887003,1
166.34,0,305.06581174862,0.108737704412933,0.841576804605148,0.647002157976593,1
166.35,0,305.404775587901,0.112520841086182,0.841884652573725,0.647063999843083,1
166.36,0,305.743130498943,0.112037280794164,0.842300133067022,0.647136143960341,0.998830955908204
166.37,0,306.080937159928,0.108629698824212,0.842140324180708,0.648499342919786,0.999542016672033
166.38,0,306.418256949927,0.108426227511476,0.843365145031284,0.648459246853896,1
166.39,0,306.755151924826,0.110447136672667,0.841518632155508,0.649149045585175,0.999827171808023
166.4,0,307.091684793029,0.110648625561431,0.841555643647754,0.646536756684166,1
166.41,0,307.42791889094,0.110146456153695,0.840917565723207,0.649540767416452,0.999680154926317
166.42,0,307.763918158251,0.109656575352198,0.843263248651169,0.648970084666588,0.99902193932957
166.43,0,308.099747113029,0.108458985609138,0.842168596723078,0.648066167391191,1
166.44,0,308.435470826635,0.107373644033605,0.841205439945242,0.649087286583864,1
166.45,0,308.771154898477,0.107855015864225,0.8403458689115,0.647088322107023,1
166.46,0,309.106865430603,0.106545142631891,0.841616845008315,0.649622435714512,0.999863472900954
166.47,0,309.442669002169,0.106133862992078,0.840115167624743,0.650587898554477,0.999219176430649
166.48,0,309.778632643765,0.106306478683047,0.838315955760244,0.649536531263315,0.997823524449059
166.49,0,310.114823811633,0.10700425761126,0.83940355043699,0.648040786457408,1
166.5,0,310.451310361786,0.106787690241235,0.841458812796881,0.648450130462843,1
166.51,0,310.788160524025,0.105958217584835,0.84082836428417,0.649674472364418,1
166.52,0,311.125442875883,0.105720715446027,0.836653108889795,0.649144509720697,0.99992947375442
166.53,0,311.463226316501,0.106103483957497,0.841114318305003,0.652297627143037,0.998520888700339
166.54,0,311.801580040443,0.105200915338359,0.839811596526039,0.65131519004224,0.999363122350406
166.55,0,312.140573511467,0.105513019585796,0.838948368440113,0.650097512296576,0.999751606667835
166.56,0,312.480276436263,0.10395441771442,0.841388676825227,0.649716955071496,0.998690811165504
166.57,0,312.82075873816,0.106294987771167,0.837495403307766,0.650715534848274,1
166.58,0,313.162090530827,0.106148481213541,0.839267910473929,0.652369648882102,1
166.59,0,313.504342091965,0.106388935241018,0.837098208163731,0.651409361912429,1
166.6,0,313.847583837003,0.103622359307757,0.839162324874443,0.649738950592061,1
166.61,0,314.19188629282,0.10615536343826,0.838771231889744,0.653605436887365,0.997861005524178
166.62,0,314.537320071479,0.103829571916262,0.839387830796099,0.651220087687689,0.999083102432511
166.63,0,314.883955844007,0.102409386011218,0.839639697130244,0.652990790977143,0.999312106922732
166.64,0,315.231864314216,0.104352122830401,0.835931841521463,0.650703031558891,0.997611347723069
166.65,0,315.581116192569,0.102952564013412,0.840542862837795,0.651355495501287,1
166.66,0,315.931782170124,0.106884015994953,0.837806174979649,0.650389910965096,0.999158304545789
166.67,0,316.283932892532,0.105165466844984,0.839478320181188,0.652834214950119,1
166.68,0,316.637638934118,0.103012626096081,0.836314503886262,0.655108585501945,0.999395174480894
166.69,0,316.992970772058,0.101475352195123,0.836172264049083,0.65088668335184,1
166.7,0,317.349998760636,0.102303603162838,0.836376041442028,0.651687905590373,1
166.71,0,317.708793105606,0.101442434812983,0.838128853841751,0.652443175398473,0.999910001817008
166.72,0,318.069423838673,0.103220087820803,0.836308245263423,0.65188376691627,0.998242152963887
166.73,0,318.431960792074,0.101965790110885,0.836481004310806,0.653302149219709,0.998627068084308
166.74,0,318.796473573291,0.101083502338992,0.836544162951371,0.654868188230646,1
166.75,0,319.163031539895,0.101473833798753,0.837021878186539,0.653068918135178,1
166.76,0,319.531703774515,0.100376754712463,0.837365520449368,0.654703123918326,0.999268537841003
166.77,0,319.902559059959,0.102177344682327,0.834753318288761,0.65589031601636,1
166.78,0,320.275665854477,0.100496390418,0.836015003306395,0.655266971936146,0.998608600826987
166.79,0,320.65109226718,0.102573408627794,0.835783839578983,0.652050311624342,1
166.8,0,321.02890603361,0.101316222133578,0.835393345070265,0.657417818798854,0.995575090983943
166.81,0,321.409174491487,0.100076654735695,0.832534905849444,0.656475499781873,0.999325028569053
166.82,0,321.791964556612,0.100716313580622,0.835181036231842,0.656036142522413,1
166.83,0,322.177342698953,0.097072371223932,0.836461901656478,0.653306451406706,1
166.84,0,322.565374918902,0.0996637337033667,0.837111272460773,0.655867382934193,1
166.85,0,322.956126723718,0.0986935583914922,0.835251270450575,0.654785522593699,0.997803800121317
166.86,0,323.349663104161,0.101014613338361,0.83360395649882,0.658001614129533,1
166.87,0,323.746048511312,0.0985665455273191,0.834690811888227,0.654064793804601,0.997823441694548
166.88,0,324.145346833589,0.0988412449000905,0.833961743907098,0.653859100342896,1
166.89,0,324.547621373964,0.0983115587749586,0.835972400640807,0.653701969021774,1
166.9,0,324.952934827381,0.101349179257959,0.832369690650555,0.659499095544269,0.999911434601633
166.91,0,325.361349258385,0.0989861708715978,0.832597740775556,0.6565688180067,0.998886832056344
166.92,0,325.772926078951,0.0998374061881822,0.835560092030812,0.655345123380314,1
166.93,0,326.187726026534,0.0974780425990948,0.830241579368428,0.655638053634409,0.998440852626926
166.94,0,326.605809142339,0.0974651089660663,0.834207139208589,0.65477631483051,1
166.95,0,327.027234749789,0.0957718401874417,0.83116705737571,0.655768196271802,1
166.96,0,327.452061433248,0.0971915564055721,0.831664653185782,0.659167324584821,0.999472226474712
166.97,0,327.880347016934,0.0961032824735409,0.834540127558739,0.655639899199487,1
166.98,0,328.312148544087,0.0969882115923255,0.832030306919052,0.657045616062323,0.999685514827382
166.99,0,328.74752225635,0.092956691066831,0.835101373494807,0.657708400377772,0.997605200188562
167,0,329.186523573393,0.0951006290467635,0.832198941004913,0.655983197687456,1
167.01,0,329.629207072761,0.0944424777256242,0.83279513163973,0.656381504606878,1
167.02,0,330.075626469976,0.0917773592106358,0.83280637753235,0.657960627741969,1
167.03,0,330.525834598858,0.0983638728621908,0.833585977829494,0.658121620751988,0.999364963444804
167.04,0,330.979883392109,0.0942395974470886,0.835897765116058,0.656369036323057,0.998088708328887
167.05,0,331.437823862124,0.0913260315444609,0.830832413521797,0.657445287672516,1
167.06,0,331.899706082064,0.0959926575859663,0.831330245429077,0.654463290220318,1
167.07,0,332.365579167166,0.0913500746349326,0.83230239970839,0.657756367805664,1
167.08,0,332.835491256311,0.0944794372212105,0.833164399295943,0.658238392697531,1
167.09,0,333.309489493844,0.0939540297008759,0.832337342583945,0.656255554820186,0.998533758519737
167.1,0,333.78762001165,0.091170760393655,0.831574426220633,0.658816452138548,1
167.11,0,334.269927911485,0.093298313345779,0.829126539594838,0.656437128190646,1
167.12,0,334.756457247578,0.0939520451287983,0.833978624726273,0.655870866039364,1
167.13,0,335.247251009479,0.0927985878990072,0.832640000645208,0.658710340646798,1
167.14,0,335.742351105189,0.0930959222259558,0.833121266592069,0.657933278861884,1
167.15,0,336.241798344548,0.0946685316596389,0.83172833440217,0.656194668484016,1
167.16,0,336.745632422893,0.0916663585576088,0.830698650786982,0.6580838020935,0.99786421148804
167.17,0,337.253891904995,0.0911095669083652,0.834063721064121,0.656904172840994,0.99990156569118
167.18,0,337.766614209263,0.0897926766558678,0.831141554950929,0.657291397755874,0.998895526340363
167.19,0,338.283835592233,0.0907902217558118,0.835073441561079,0.657821714931904,0.999685489874328
167.2,0,338.805591133338,0.0911617186724746,0.829045049044246,0.660020165001551,0.999316220477262
167.21,0,339.33191471995,0.0933608571412268,0.832547291903776,0.660216139579147,0.999057780774104
167.22,0,339.862839032728,0.089936963820095,0.831378385870703,0.659295266187173,0.999256928667712
167.23,0,340.398395531233,0.0883548863926704,0.833129384246769,0.656461114515713,1
167.24,0,340.938614439859,0.0878574840814013,0.83117979355074,0.658632220021968,1
167.25,0,341.483524734038,0.0914183867216489,0.830406125177136,0.657789040202225,0.997396186428109
167.26,0,342.033154126763,0.0896570413708595,0.835225824870687,0.658514952704939,1
167.27,0,342.5875290554,0.0880746079520162,0.832139703143231,0.658406304707392,1
167.28,0,343.146674668812,0.0909106146156313,0.830280812059391,0.657708237466823,0.998884879676714
167.29,0,343.710614814795,0.088763123016714,0.829721689968469,0.656230892268717,0.999672537034038
167.3,0,344.279372027828,0.0888623366022241,0.83283791346553,0.65679953061151,0.998302525455466
167.31,0,344.852967517131,0.0871312009890591,0.833507206326771,0.658372930477946,0.998511770422327
167.32,0,345.431421155061,0.0870571583812986,0.832799439404289,0.659133401506814,0.999393506952089
167.33,0,346.014751465824,0.0849820605165744,0.83125615727631,0.659000996311077,1
167.34,0,346.602975614514,0.0857294572786498,0.830764086108588,0.65732303547823,0.999020127657589
167.35,0,347.196109396504,0.0846835904831569,0.832964310478268,0.658453758699468,1
167.36,0,347.794167227156,0.0845559433898562,0.831562406722853,0.658325344344004,0.999203709000133
167.37,0,348.39716213189,0.0843704491508584,0.833612474602411,0.658737740743656,0.999668065085627
167.38,0,349.005105736602,0.0865075973655046,0.829412878634991,0.657688324627356,0.999408536809466
167.39,0,349.618008258425,0.0873919423620646,0.832950852367276,0.66248332366515,1
167.4,0,350.235878496866,0.0864255522251797,0.832236223225505,0.659673308933423,1
167.41,0,350.858723825297,0.0842764483454381,0.828353016655736,0.659724662282203,1
167.42,0,351.48655018282,0.083883544620981,0.83025381064328,0.657888279463511,1
167.43,0,352.119362066513,0.0866359876573376,0.832311558047161,0.658215592297899,1
167.44,0,352.757162524049,0.0835249166710283,0.830291467746751,0.657471189480996,0.999535574708273
167.45,0,353.399953146715,0.0819429806085519,0.830526936244789,0.657409964154968,0.99946516975699
167.46,0,354.047734062812,0.080761568763903,0.832516843528115,0.658900477794687,1
167.47,0,354.70050393147,0.0829077836456684,0.829602670197404,0.656973800864435,0.999233177549163
167.48,0,355.358259936858,0.0813782984528746,0.829308063716402,0.65854276209807,1
167.49,0,356.02099778281,0.0794428772876103,0.833297056113762,0.659651997287249,1
167.5,0,356.688711687878,0.0826908114699908,0.827695550710679,0.657429740478026,1
167.51,0,357.361394380802,0.0788060487154572,0.831756133423536,0.65592467805205,1
167.52,0,358.039037096414,0.0786620425616001,0.830402857026899,0.658817921976509,0.999839977872964
167.53,0,358.72162957199,0.0799910110106956,0.830848178130064,0.657170082278388,0.999603795382637
167.54,0,359.409160044041,0.0829713652495534,0.83053310344402,0.658571101219517,0.999765987878365
167.55,0,360.10161524556,0.0793151124200836,0.832664469379202,0.656537289313789,1
167.56,0,360.79898040373,0.0792915718182644,0.82843113588323,0.656310104580147,1
167.57,0,361.501239238101,0.0777889337456435,0.832101818512511,0.657674363113838,0.999242027001537
167.58,0,362.208373959239,0.0771021507469366,0.831791145097493,0.65844840453061,0.996765586016432
167.59,0,362.920365267864,0.0775998413506494,0.83238855149424,0.654852585747488,1
167.6,0,363.637192354469,0.0767620769479084,0.832811654003087,0.656898926450347,0.997097312941114
167.61,0,364.358832899443,0.0787525712382033,0.832330079094683,0.659427698775152,0.99919913178504
167.62,0,365.085263073693,0.0747548039706516,0.832511057883034,0.656879918556982,1
167.63,0,365.816457539786,0.0735906130114374,0.828496851433327,0.65562478736988,1
167.64,0,366.552389453599,0.0753549170760469,0.832523190847233,0.657753942434703,0.998965965034164
167.65,0,367.293030466503,0.0768288700067373,0.830888309832615,0.659731092463614,1
167.66,0,368.038350728079,0.0733084954223338,0.832189755658091,0.654375779631765,1
167.67,0,368.788318889373,0.0752248719373345,0.830615899601479,0.654635725342793,0.999708589960067
167.68,0,369.542902106705,0.0732040367837078,0.831502293953083,0.657671217654703,1
167.69,0,370.302066046022,0.0742298176047707,0.831398061351328,0.655262232579728,1
167.7,0,371.065774887828,0.0728096011941898,0.828854951663423,0.657136246378632,1
167.71,0,371.833991332669,0.0718726523574374,0.83142968795984,0.657172065994589,0.999186413254952
167.72,0,372.606676607207,0.0731722075469092,0.832018010077615,0.656207638016354,1
167.73,0,373.383790470868,0.0723382125885762,0.832445722450754,0.653233072418597,0.999898995529664
167.74,0,374.165291223089,0.0711679274234116,0.830987512175942,0.654887429188545,1
167.75,0,374.951135711144,0.0720174439561486,0.831631306420716,0.654624934934425,1
167.76,0,375.7412793386,0.0691972445138484,0.833212520910101,0.655164375819399,0.996994630127227
167.77,0,376.535676074357,0.0704346566787196,0.831434866071406,0.654312545609777,0.999361378554354
167.78,0,377.334278462314,0.0706753746190209,0.830725735132826,0.653688403016708,1
167.79,0,378.137037631657,0.0697656184029221,0.833443241241829,0.654057807617175,0.997908522520103
167.8,0,378.94390330777,0.0707433907841623,0.832708486955955,0.655710404298012,1
167.81,0,379.754823823783,0.0687436398810062,0.830116104876968,0.654660200264129,1
167.82,0,380.569746132748,0.0692672665661801,0.831791548653285,0.652654595166045,1
167.83,0,381.388615820469,0.0660553959743468,0.831643329530682,0.654176331359471,0.999252046725865
167.84,0,382.211377118972,0.0664189884073698,0.833618480457576,0.654786357230911,0.998138571233746
167.85,0,383.037972920621,0.0668239500985134,0.833121532701521,0.653028004299045,1
167.86,0,383.868344792904,0.0680796940897721,0.833592868701216,0.652531244777467,0.998276293849893
167.87,0,384.702432993868,0.0672344085476166,0.829587787387673,0.653814564856788,1
167.88,0,385.54017648821,0.0647387865698861,0.832174076286439,0.65227363997155,0.998570107994303
167.89,0,386.381512964057,0.0665935004371889,0.832486578222857,0.653716557624018,1
167.9,0,387.226378850386,0.0636634138019161,0.833153059313461,0.654034056035021,1
167.91,0,388.074709335138,0.0669657561067094,0.831602063457681,0.652503407678782,0.99967702437764
167.92,0,388.92643838399,0.0647262526114082,0.831768555455911,0.650613044705178,0.999483440132643
167.93,0,389.781498759809,0.0650829338192052,0.83185867778805,0.653313909314226,1
167.94,0,390.639822042781,0.0630299661802489,0.831517459711029,0.654701927649389,1
167.95,0,391.501338651211,0.0653004835513357,0.832822621020272,0.650961114342437,1
167.96,0,392.365977863011,0.0623919730047205,0.833303503474007,0.652550588303299,0.998980800521419
167.97,0,393.233667837849,0.0601068377230408,0.8319556132833,0.651181020136903,0.999865494179052
167.98,0,394.104335639993,0.0591321244736544,0.833518977352375,0.649916343335823,0.999166702328649
167.99,0,394.977907261813,0.0621030681724803,0.831792886997852,0.65125575285312,1
168,0,395.854307647967,0.0619530792094233,0.831472996555575,0.65101109885124,0.998617486834217
168.01,0,396.733460720252,0.0625027570112365,0.832901094668041,0.649122559111892,1
168.02,0,397.615289403133,0.0604099147923985,0.834020598077433,0.650193206677982,0.999129533015571
168.03,0,398.499715649927,0.0603578545115301,0.834182960302645,0.648031097698651,1
168.04,0,399.386660469659,0.0580303852262684,0.83440256283937,0.649543070137092,1
168.05,0,400.276043954568,0.0569660028050343,0.835482400807252,0.650535284234295,0.9985567215668
168.06,0,401.167785308274,0.0584953093082339,0.832198919469537,0.648494388486075,0.999661299486667
168.07,0,402.061802874587,0.0592482302267595,0.83462365723764,0.647358035343603,1
168.08,0,402.958014166964,0.0563584176585048,0.831507961421014,0.651556854147257,1
168.09,0,403.856335898597,0.0557521730105837,0.837157407517745,0.647849847507565,1
168.1,0,404.756684013134,0.0586502971326701,0.836175126920496,0.649099747041864,0.997539509306746
168.11,0,405.658973716022,0.0564604340324208,0.834577660519841,0.648977105790205,0.99912586574895
168.12,0,406.56311950646,0.055583199322127,0.835431446394336,0.650377574406339,1
168.13,0,407.469035209955,0.0560281253817647,0.833630374220804,0.648936309591545,0.999268841604519
168.14,0,408.376634011485,0.054356360719056,0.833869141180555,0.649156006137496,0.999526670470093
168.15,0,409.285828489233,0.0540630237938419,0.834127769988989,0.647586665842849,0.998316154463233
168.16,0,410.196530648906,0.0523224825050779,0.836390452960789,0.649623380833158,0.999889491134749
168.17,0,411.108651958613,0.0549159450581389,0.838497884418533,0.650214077505713,0.999789485651135
168.18,0,412.022103384296,0.054560399195184,0.835050321811155,0.648795309615969,0.997473667348646
168.19,0,412.936795425702,0.0483899620720433,0.836114511413896,0.648359963873582,0.998362751339365
168.2,0,413.85263815288,0.0508569776758514,0.835603196939737,0.648663312022511,1
168.21,0,414.769541243194,0.0504008554053182,0.836234876632796,0.649372485129568,0.999364434827706
168.22,0,415.68741401883,0.0497971086481468,0.836048464806233,0.647954978874465,0.998513444218441
168.23,0,416.606165484793,0.0498550532180005,0.835508574887114,0.646690659120556,1
168.24,0,417.525704367368,0.0485086296854661,0.837657239903515,0.645348543539091,1
168.25,0,418.445939153034,0.049866628127629,0.83498698082232,0.646964639574943,1
168.26,0,419.366778127821,0.0510193425652749,0.833232672682723,0.647246392125163,1
168.27,0,420.288129417077,0.0482259622353254,0.83626089865552,0.647927130742916,0.998604576218206
168.28,0,421.209901025641,0.048865590224526,0.837549853446485,0.646388830944042,0.998112254476649
168.29,0,422.132000878399,0.0485179346509593,0.833978337136552,0.645802636552222,1
168.3,0,423.054336861207,0.0477320232037496,0.835442018637773,0.645156106082841,0.998767939192908
168.31,0,423.976816862148,0.0458670401903501,0.834654946588553,0.646997176437271,0.997876066678933
168.32,0,424.899348813125,0.0465699313599186,0.836712649657729,0.646749987326383,1
168.33,0,425.821840731759,0.0465949244372895,0.836069327504701,0.646332942726936,0.997524956749279
168.34,0,426.744200763561,0.0477923940196459,0.835785834967567,0.645464414002471,0.998517903288096
168.35,0,427.666337224372,0.045594838987011,0.836492239958228,0.644187155549243,1
168.36,0,428.588158643045,0.0453583788088055,0.836740481652574,0.645286961223407,1
168.37,0,429.50957380434,0.0466612470573834,0.837702830212488,0.646565170543967,0.99843056949888
168.38,0,430.430491792017,0.0443773825970974,0.83744984108572,0.645903508929113,1
168.39,0,431.350822032097,0.0448732211152937,0.838559326870932,0.644712907574478,0.999357115900354
168.4,0,432.270474336278,0.0418147755669126,0.838893354543414,0.647611616907352,0.999194801676124
168.41,0,433.189358945462,0.0453016007778674,0.839937076996467,0.644200475470783,1
168.42,0,434.107386573396,0.0438647951183296,0.837586052136431,0.644903770939208,1
168.43,0,435.02446845038,0.0441669145364697,0.840583200972598,0.646244156844708,0.999817155850661
168.44,0,435.940516367015,0.0427668231028093,0.837873395919052,0.643408613158427,0.997759975193611
168.45,0,436.855442717992,0.0410035232524421,0.836104934342186,0.643670926315893,0.999443801951538
168.46,0,437.769160545869,0.0429049585902753,0.836597714136448,0.644344193572969,1
168.47,0,438.681583584816,0.0433927901146179,0.840760076394014,0.643923459273131,1
168.48,0,439.592626304316,0.0423683602650767,0.839115007589789,0.645236039215957,0.9989804002037
168.49,0,440.502203952773,0.0409423760966927,0.839864543920528,0.642500274824695,1
168.5,0,441.410232601021,0.0416585716849534,0.838662449946485,0.642270001207328,0.99974670473682
168.51,0,442.316629185688,0.0408713527013639,0.837288053215297,0.643294856821113,1
168.52,0,443.221311552409,0.0408732023752416,0.84024626210256,0.642578451227256,0.998053550817835
168.53,0,444.124198498842,0.0377050087271868,0.839900156497417,0.643279106865451,0.997767637901659
168.54,0,445.025209817469,0.0381351113488985,0.841883844766853,0.644164692264912,1
168.55,0,445.924266338146,0.0365619463413588,0.840947056873678,0.642268374868569,0.998235483069266
168.56,0,446.821289970398,0.0385275005869067,0.842038241978724,0.644035975320421,0.998441997909435
168.57,0,447.716203745395,0.0362761988641251,0.841927912447485,0.643848153555,0.99885582197823
168.58,0,448.608931857613,0.0357643481615523,0.841518232385713,0.643108404278273,1
168.59,0,449.499399706133,0.0357154470129742,0.841523218300939,0.644054997593796,0.999879299426034
168.6,0,450.387533935567,0.0370828549044248,0.842343177549588,0.64261828174304,1
168.61,0,451.273262476571,0.0360987229178756,0.842140190554374,0.644970980133822,0.999635732986868
168.62,0,452.156514585908,0.0361005732619055,0.839497780727221,0.64361675239296,1
168.63,0,453.037220886074,0.0323583632657204,0.84186101896188,0.643482600666821,1
168.64,0,453.915313404407,0.0331993139855152,0.840143342035153,0.641690843920758,0.999876041921242
168.65,0,454.790725611699,0.0334893567934972,0.842384767626262,0.642784501145612,0.997831238131321
168.66,0,455.663392460248,0.0325686739370302,0.842116327825856,0.642243998016953,0.99931351961973
168.67,0,456.533250421354,0.0374097147312368,0.842498071242783,0.643351548392898,0.999122878001734
168.68,0,457.400237522207,0.0339045166798251,0.84360614671836,0.64144254604362,1
168.69,0,458.264293382159,0.0345193199928084,0.844248781960102,0.64177029351533,0.999990687424157
168.7,0,459.125359248353,0.0315117225719868,0.841521677162399,0.643129666351124,0.999061158022165
168.71,0,459.98337803067,0.036436427252493,0.844195150825933,0.643309115824929,0.998445171356179
168.72,0,460.838294335987,0.0307639443585717,0.842613330128318,0.644010928295296,0.998948589375624
168.73,0,461.690054501717,0.0313684938365036,0.841105489244514,0.643602130937174,1
168.74,0,462.538606628593,0.0316458680059765,0.842797477033057,0.644231236026455,0.998698417259065
168.75,0,463.383900612695,0.0313941531393814,0.843184754952097,0.641345126012241,0.999669661137374
168.76,0,464.225888176684,0.0298962205284735,0.841863952788563,0.641328681459609,1
168.77,0,465.064522900224,0.0299056774053549,0.845880231943017,0.643724010828996,1
168.78,0,465.899760249561,0.0277381487061636,0.845212922295127,0.640341920131014,0.998524975596519
168.79,0,466.731557606265,0.0299672697472475,0.842892426006628,0.640619554451592,0.999189127293366
168.8,0,467.559874295081,0.0299394084175924,0.847819391415137,0.643300544339367,0.999602683089871
168.81,0,468.384671610886,0.0280198938023178,0.842944017986442,0.642130349474366,0.999940058243804
168.82,0,469.20591284474,0.0288574750120561,0.848138325608345,0.642168758005079,0.996392254272679
168.83,0,470.023563308992,0.0295936433536716,0.845879856828936,0.643041551484406,1
168.84,0,470.837590361446,0.0289952516036187,0.846495447802782,0.638779774908532,1
168.85,0,471.64796342855,0.0284459648685722,0.847353393988778,0.642528587077073,1
168.86,0,472.454654027598,0.0285796072969023,0.845253299602915,0.641783564366231,0.999147776715248
168.87,0,473.257635787949,0.0247371410508425,0.847720388498994,0.640333447283237,1
168.88,0,474.056884471197,0.0287993773153583,0.84791857149937,0.640710807411569,1
168.89,0,474.852377990346,0.0308199522233605,0.849967944440207,0.64004899114184,0.997285721982149
168.9,0,475.644096427916,0.0244608749087372,0.845394354621488,0.642254121514001,1
168.91,0,476.432022053009,0.0258609495803465,0.848226524973896,0.640063061954861,1
168.92,0,477.216139337292,0.0245299331803577,0.849192366163796,0.643173912930563,1
168.93,0,477.996434969908,0.0238550345951679,0.846778357874055,0.642119790106016,0.999575837014036
168.94,0,478.772897871302,0.024492914332658,0.846717837437451,0.639863865765848,1
168.95,0,479.545519205937,0.0247012683339192,0.846285974185074,0.640820179241252,1
168.96,0,480.314292393905,0.0222935657679039,0.850930681051668,0.641307076562533,0.998380371656895
168.97,0,481.079213121429,0.0237289062367916,0.846183039453438,0.643285171519102,1
168.98,0,481.840279350232,0.0243020066909422,0.847251815645216,0.642159980494483,1
168.99,0,482.597491325786,0.0212960160340106,0.848298463330756,0.642223943053968,1
169,0,483.350851584419,0.0215830246607475,0.849888114744269,0.641497947699241,1
169.01,0,484.100364959291,0.0223994868692658,0.847875366890507,0.643568537416997,1
169.02,0,484.846038585219,0.0235903683853614,0.848837576548936,0.641661178523534,1
169.03,0,485.587881902371,0.0216303486846594,0.849481946879929,0.643228524377203,0.998944459823507
169.04,0,486.325906658794,0.0203286907306325,0.850450474729335,0.640817767800938,0.998733701188427
169.05,0,487.060126911817,0.0213583246563474,0.848291718261398,0.642596539009373,0.998409108828662
169.06,0,487.790559028288,0.0212945177266105,0.848384302159051,0.642306434090843,0.99940563333258
169.07,0,488.517221683676,0.0216826692052754,0.852094333336339,0.643756782528952,1
169.08,0,489.240135860021,0.0187145185848418,0.850640994639966,0.642931447979938,1
169.09,0,489.959324842748,0.0206241490765234,0.850968649988727,0.641358813616685,1
169.1,0,490.674814216337,0.0191564635750455,0.851900983073213,0.641277268705886,1
169.11,0,491.38663185886,0.0193969651743948,0.852148882109452,0.64185798786114,0.999649411395992
169.12,0,492.094807935391,0.0217148832021422,0.851558296675063,0.641985629881654,1
169.13,0,492.799374890284,0.0167810459191169,0.852009916315151,0.642738869335065,0.998924434487632
169.14,0,493.500367438342,0.0191346133841197,0.851874520520691,0.642046069268559,1
169.15,0,494.197822554875,0.0172739175386315,0.853029298872386,0.642295749941159,0.999542616350855
169.16,0,494.891779464653,0.0165431587229573,0.85289269243805,0.642237944745744,0.997608942625067
169.17,0,495.58227962976,0.0200510730145209,0.85374880113168,0.645582940906149,1
169.18,0,496.269366736386,0.0188895307815491,0.853266123469729,0.643591500070687,1
169.19,0,496.953086680519,0.0179062872721507,0.855485204523079,0.641887740313207,0.99895123844125
169.2,0,497.633487552598,0.0153204670242231,0.853364299849592,0.644742397148579,1
169.21,0,498.310619621104,0.020295853275057,0.852819648839058,0.647045291417337,1
169.22,0,498.984535315113,0.0177769259979142,0.85344008252427,0.643425800918314,1
169.23,0,499.655289205834,0.0161199827607419,0.855784792897847,0.643281562558048,1
169.24,0,500.322937987131,0.0155885836369161,0.852242298154962,0.643993721475441,0.998902805093564
169.25,0,500.987540455046,0.0144815446185825,0.854711507459687,0.644496861478246,0.99996120263904
169.26,0,501.649157486348,0.0147195653636609,0.857026791067619,0.642064427085813,1
169.27,0,502.307852016111,0.0145478055061576,0.857095109881822,0.642974825731408,0.998194368930131
169.28,0,502.963689014347,0.0152218958969697,0.855114942933244,0.645197652224244,0.999948641691029
169.29,0,503.616735461704,0.0124779728848415,0.857286321290329,0.645116269484971,0.997764989839642
169.3,0,504.267060324251,0.0145455669617112,0.85761568535349,0.642719761015259,1
169.31,0,504.914734527365,0.0150432011811993,0.858014578206046,0.644393517815745,0.999467383157352
169.32,0,505.559830928735,0.0166855338200361,0.857395446828672,0.644743644890722,0.999422222843789
169.33,0,506.202424290511,0.0164748374252655,0.85726095551409,0.645893408938156,1
169.34,0,506.842591250611,0.0161549438084527,0.860029323514413,0.644244858286056,1
169.35,0,507.480410293195,0.0132613768593934,0.859628351897783,0.647972532392253,0.996532151513795
169.36,0,508.115961718358,0.0117360875616904,0.858863979699529,0.643193759545056,0.999435363051307
169.37,0,508.749327611018,0.0133995193862892,0.858058309196829,0.648180313732251,0.997788309862638
169.38,0,509.380591809053,0.0133594073516471,0.856854352209584,0.646183133673475,0.996271293856415
169.39,0,510.009839870699,0.0149639450259581,0.856546006444418,0.645021845992735,1
169.4,0,510.637159041226,0.0105377274782017,0.856595379442467,0.645378010441675,1
169.41,0,511.262638218909,0.0129096132133647,0.856580045796044,0.647915799963068,0.998165881307883
169.42,0,511.886367920329,0.0122492939428574,0.85931415739624,0.646085741866373,0.998744652466316
169.43,0,512.508440245012,0.0120260119279214,0.859677740956454,0.646830126390267,1
169.44,0,513.128948839447,0.012506940217825,0.860416375923117,0.646060295671082,1
169.45,0,513.747988860474,0.0111736999001117,0.859096168468974,0.646901610678269,0.999499096409015
169.46,0,514.36565693809,0.0106174074387906,0.86001776760928,0.648368005137108,1
169.47,0,514.982051137696,0.00835146334329395,0.861155890401113,0.647400780915523,1
169.48,0,515.597270921787,0.0100775167438552,0.860019349563591,0.646672645186501,0.999518651868962
169.49,0,516.211417111116,0.0116418215784269,0.861781975039005,0.645669724484393,0.998907155807489
169.5,0,516.824591845377,0.0104466992117248,0.862832220702065,0.647033984532126,1
169.51,0,517.436898543384,0.0109876861789396,0.862392840121056,0.648366222098028,1
169.52,0,518.048441862813,0.00942532956630677,0.863476554878679,0.647138584791711,1
169.53,0,518.659327659502,0.00689848259777091,0.863810770396519,0.647033634876683,0.998634498402672
169.54,0,519.269662946337,0.0112524976613745,0.864201365388701,0.648955765437443,0.996636144562866
169.55,0,519.84976771491,0.00835168474248148,0.862728406747841,0.649431783912187,0.999495185265761
169.56,0,520.407697573359,0.00918473958112775,0.863424088418537,0.649302007216224,1
169.57,0,520.966543776475,0.0106426957994214,0.864066641811211,0.648091420768205,0.999753877572797
169.58,0,521.500239868914,0.00685937334724993,0.863735858888217,0.64780342331764,1
169.59,0,521.894653034508,0.00849506419885368,0.86539054307553,0.648232311678471,0.999844894545059
169.6,0,522.280962375753,0.00996696247262055,0.8637470495738,0.646102155173172,1
169.61,0,522.668564823961,0.0057200133538419,0.862470551955285,0.651073118671927,1
169.62,0,522.983338388402,0.00964162777377656,0.864934918396394,0.649065077825663,1
169.63,0,523.244907412574,0.00723637927711011,0.864047682479165,0.649652153358366,1
169.64,0,523.509474679384,0.0106998954694899,0.867881210521718,0.648923139281027,0.996546684612823
169.65,0,523.761634903724,0.00875473125601046,0.864850167474015,0.653947101806661,0.998521061813665
169.66,0,523.944466971102,0.0087291566919681,0.865506566385062,0.649160949978854,1
169.67,0,524.123588722248,0.00730324248473838,0.865854498712501,0.64924414634138,0.998289590897409
169.68,0,524.30378399626,0.00807150069228709,0.866878342291391,0.649494179479303,0.999216575804798
169.69,0,524.45015525425,0.00738175980534846,0.864583662133081,0.652846924207594,1
169.7,0,524.572016185915,0.00720626278275301,0.868627343019262,0.651270936256119,1
169.71,0,524.695934277241,0.00866344434329181,0.86812197303294,0.65214739269971,1
169.72,0,524.81474565973,0.00736988577483986,0.864628658536799,0.649655830165317,0.999083190010241
169.73,0,524.901819763841,0.00926141423343083,0.866579456378788,0.651130682352278,1
169.74,0,524.987995213986,0.00690981374811351,0.868819556068336,0.651454712825029,0.999500363338758
169.75,0,525.075587868044,0.00808147501884097,0.868248979693142,0.651158537310928,1
169.76,0,525.14800946469,0.00500387784465173,0.865852814100722,0.651523252444013,0.999411674120972
169.77,0,525.209759765741,0.00782692572274468,0.868166352171052,0.651881597821371,1
169.78,0,525.273587702582,0.00689852806133058,0.868987398622076,0.652036574046473,1
169.79,0,525.336021583494,0.00692623332835362,0.868685685418093,0.652925775510176,1
169.8,0,525.383889915317,0.00635470757469011,0.871522883390862,0.652439903273825,0.998662608614507
169.81,0,525.432563523448,0.00872166841080268,0.869842446265161,0.652873578863851,1
169.82,0,525.483251938111,0.00733104605979593,0.872259364084901,0.65217665010579,1
169.83,0,525.526824199582,0.00797440801571735,0.869926822428261,0.656262820008019,1
169.84,0,525.565817737816,0.00803492142749412,0.869788429454093,0.654693081924422,0.998665542588613
169.85,0,525.607355359187,0.00686879586120106,0.870309290991645,0.652358661100237,1
169.86,0,525.649349392272,0.00334701528338746,0.871596593461548,0.653435159186352,1
169.87,0,525.683579236846,0.00679934322663066,0.872880428680088,0.654617346747143,1
169.88,0,525.719715670705,0.00827018280058586,0.870557245507747,0.654070438093488,0.99987868015825
169.89,0,525.758555597537,0.0049802523703912,0.874228397287611,0.653696111708539,1
169.9,0,525.793604820415,0.00771308775993055,0.872998846177755,0.652608491735144,0.999931668066263
169.91,0,525.826700645194,0.00385421595631429,0.875118422683131,0.653036095006942,0.999976721316459
169.92,0,525.862970069001,0.00657629484149302,0.873297552602449,0.655339189527035,1
169.93,0,525.900684751742,0.00735424066461669,0.873552188819341,0.651947537022826,0.999079206452493
169.94,0,525.93279487743,0.00547900643417251,0.872597152788802,0.65753351645734,0.999517088705684
169.95,0,525.96760857578,0.00959197288379875,0.872143931883734,0.653501486133612,1
169.96,0,526.005819298262,0.00642307425893155,0.875708499503378,0.656556236655738,0.999611898397305
169.97,0,526.041329690945,0.0084012265159615,0.875205229408995,0.655475297463951,1
169.98,0,526.0758613098,0.00710545828159512,0.873108306031387,0.654613843962048,1
169.99,0,526.114234441424,0.00530173916456713,0.87431348840221,0.654541079934088,0.995924354268085
170,0.3,526.154770612985,0.00483191381237784,0.874402619811252,0.653514072598633,1
170.01,0.3,526.19060125622,0.00601735653030353,0.876997739805348,0.655678963707064,0.996584513067752
170.02,0.3,526.229804117616,0.0105367354992043,0.875203464527436,0.656459031905398,1
170.03,0.3,526.273048919279,0.00722835521409824,0.87436308040439,0.654066641370041,1
170.04,0.3,526.279268380288,0.00879275427673213,0.874849069990147,0.6558154665027,1
170.05,0.3,526.279268380288,0.00666666605065382,0.876937031995755,0.656041821597106,1
170.06,0.3,526.279268380288,0.00661382207794145,0.876885147889944,0.654787767779256,0.998391841048685
170.07,0.3,526.279268380288,0.00817572310105459,0.878121330266863,0.658396172131504,0.999048371034017
170.08,0.3,526.279268380288,0.00814726782761768,0.877300174430297,0.656612506953662,0.999395217824959
170.09,0.3,526.279268380288,0.00579220788917569,0.876261765560043,0.657031204124395,0.998497389012862
170.1,0.3,526.279268380288,0.00780385147052612,0.876351795244778,0.656195053120029,0.998533005997187
170.11,0.3,526.279268380288,0.00803351329390717,0.877681258987564,0.659235552642778,0.997719618211355
170.12,0.3,526.279268380288,0.0075109336487927,0.87797294267843,0.659670908252607,0.999788289173902
170.13,0.3,526.279268380288,0.00505320601333812,0.879524632912863,0.654620104569155,1
170.14,0.3,526.279268380288,0.00630071417284766,0.877539874716015,0.657858543319939,0.998225113196911
170.15,0.3,526.279268380288,0.00456949240588418,0.879732964570248,0.656846805749189,1
170.16,0.3,526.279268380288,0.00608582740060895,0.876349285284071,0.65821837589424,1
170.17,0.3,526.279268380288,0.006315202513489,0.878918350602483,0.65730699300706,1
170.18,0.3,526.279268380288,0.00732797615535247,0.877617251624656,0.658075060947306,0.998899305147169
170.19,0.3,526.279268380288,0.00797186995267248,0.882330319404924,0.656937572045584,0.998196189114662
170.2,0.3,525.039478631704,0.00829830952588191,0.87982373928032,0.657206186724076,0.999941180294619
170.21,0.3,523.814426204576,0.0080847796051702,0.878020339580003,0.659398501443564,0.999868306276911
170.22,0.3,522.957603009731,0.00642950681713572,0.881549177680479,0.658123170800057,0.998085083402
170.23,0.3,522.073776347408,0.00851384413477855,0.88099791803671,0.65921361385965,0.997285973477468
170.24,0.3,521.198795127738,0.00817398410816506,0.880959811621088,0.657801738705002,0.997615582397899
170.25,0.3,520.331150625322,0.0104679374808053,0.881819046364208,0.656595348088262,0.999390863671271
170.26,0.3,519.470795568529,0.00546149076629305,0.883487555716389,0.657407460421754,1
170.27,0.3,518.617756331147,0.007791269665895,0.881997277515132,0.659545232015835,1
170.28,0.3,517.772038915068,0.00872316608295594,0.881572240966523,0.660248356840143,1
170.29,0.3,516.933648771689,0.00962164327391864,0.882434680847365,0.657540196501684,0.999542634127891
170.3,0.3,516.102589149201,0.00984307186607783,0.884285428199348,0.657716954901273,1
170.31,0.3,515.278861160383,0.0111081815927768,0.882845759707287,0.656580108147637,0.999318104357749
170.32,0.3,514.46246379363,0.011147343821865,0.885440487046445,0.661590345686173,0.999623496348454
170.33,0.3,513.653393919949,0.0121818250250847,0.884723333101777,0.657725821666729,0.997782200243498
170.34,0.3,512.851646301412,0.0107945304626744,0.884652193181813,0.658181871569058,1
170.35,0.3,512.057213600099,0.0147438227434753,0.885853259201936,0.658445552406666,1
170.36,0.3,511.270086387595,0.0115700191056257,0.88333600122593,0.658262587818934,1
170.37,0.3,510.490253155022,0.0111285544575754,0.882260162797945,0.659458932699466,1
170.38,0.3,509.717700323617,0.010731979140926,0.883368199813329,0.656757545728756,1
170.39,0.3,508.95241225583,0.0127668766994883,0.883664803787836,0.658566465623241,1
170.4,0.3,508.194371266947,0.0125381234426481,0.886214443030846,0.659931519251017,0.998820236545218
170.41,0.3,507.443557637225,0.0109417550315501,0.88652126771948,0.659861641637824,1
170.42,0.3,506.699949624541,0.0143593359148337,0.886329740347026,0.65900169640791,1
170.43,0.3,505.963523477543,0.0139615721879317,0.886340861972332,0.661372722752688,1
170.44,0.3,505.234253449283,0.0141583968625324,0.886826186963953,0.658721647432622,0.998092022755909
170.45,0.3,504.512111811365,0.0134300045793254,0.887354035339509,0.659276847761922,1
170.46,0.3,503.797068868553,0.0146566293793332,0.889013420025769,0.657802541201642,1
170.47,0.3,503.089092973876,0.0163912975138785,0.885776596980389,0.658522629332561,1
170.48,0.3,502.388150544196,0.0133714179821228,0.892241333132513,0.659330477944108,1
170.49,0.3,501.694206076256,0.018912141177902,0.886571648516764,0.658132448157621,1
170.5,0.3,501.007222163179,0.0156956520226993,0.88848053100086,0.656706173949957,1
170.51,0.3,500.327159511437,0.0182954312383184,0.891925033076396,0.659023637142833,1
170.52,0.3,499.653976958275,0.0155839999928032,0.890952933520961,0.656175818798411,1
170.53,0.3,498.987631489578,0.0167188429496303,0.889148627746106,0.657552424175528,1
170.54,0.3,498.328078258197,0.0159368124273143,0.886204945437885,0.659512888438376,0.999032662006576
170.55,0.3,497.675270602706,0.0178345629360091,0.889652806276739,0.655833325634398,0.998400066908249
170.56,0.3,497.029160066609,0.016794503672406,0.889303407356734,0.655589448598172,0.997891485377687
170.57,0.3,496.389696417975,0.0195710239322648,0.890371345427672,0.657690294521592,0.998271849354626
170.58,0.3,495.756827669509,0.0184536416680539,0.892193747527459,0.657238480093707,0.998242574340338
170.59,0.3,495.13050009906,0.0180776911857221,0.89319212074898,0.661824012578379,1
170.6,0.3,494.510658270535,0.0189240203393203,0.888739175423078,0.655497358468217,1
170.61,0.3,493.897245055262,0.0191559552111427,0.891645431191318,0.656734204737886,1
170.62,0.3,493.290201653753,0.0169436988529328,0.891328329656509,0.660524608195349,0.996996977631767
170.63,0.3,492.689467617895,0.0204601238082698,0.891717788562073,0.657643154751638,1
170.64,0.3,492.094980873551,0.0191068055011133,0.891355723456482,0.658279069932037,1
170.65,0.3,491.506677743581,0.0178984209861318,0.890800927826623,0.658378833984669,1
170.66,0.3,490.924492971264,0.0209752976846708,0.891073578127718,0.655756508846513,1
170.67,0.3,490.348359744133,0.0206526122126841,0.891597557104019,0.658591506121118,1
170.68,0.3,489.778209718213,0.0210491145895181,0.892398008582345,0.654759965779786,1
170.69,0.3,489.213973042662,0.021358230858339,0.895157313803296,0.658133611142046,0.999606293564547
170.7,0.3,488.65557838482,0.0211781175778196,0.895961729039955,0.659141235583663,0.999603769792344
170.71,0.3,488.102952955643,0.0199399766118258,0.893787192345811,0.657734820637702,1
170.72,0.3,487.556022535538,0.0203104883273524,0.891410491767146,0.6536427774085,1
170.73,0.3,487.014711500603,0.0198809015428624,0.894443324077773,0.660067806297938,0.99934848498859
170.74,0.3,486.478942849244,0.0216792888141556,0.895293515296734,0.653799854281064,1
170.75,0.3,485.948638229184,0.0211061395022783,0.894362526731265,0.659083744776465,0.997786510337902
170.76,0.3,485.423717964868,0.02065189629511,0.894955543383098,0.657041118181145,0.999868374354033
170.77,0.3,484.904101085244,0.0240150514828719,0.89571181204703,0.656548877544202,1
170.78,0.3,484.389705351926,0.0245321841443304,0.896833675727496,0.653640567675664,1
170.79,0.3,483.880447287742,0.0232636835186932,0.897235980039043,0.654016853712194,0.998707752919583
170.8,0.3,483.376242205655,0.0209655050353829,0.896137409330191,0.655503494341803,1
170.81,0.3,482.87700423806,0.0239820841523312,0.896295286134106,0.653507315845079,0.995283712485844
170.82,0.3,482.382646366449,0.0242756805868057,0.896891074879764,0.656501280133733,0.998286131641564
170.83,0.3,481.893080451451,0.0234860340409386,0.8958332233025,0.655188490189532,1
170.84,0.3,481.408217263226,0.027734345685126,0.896658467581455,0.656543162955277,0.99693829410059
170.85,0.3,480.927966512237,0.0246802920297819,0.89682937527207,0.655477794375122,0.997905093449554
170.86,0.3,480.452236880368,0.0235148253549127,0.896218603840876,0.654929765401098,1
170.87,0.3,479.980936052394,0.0255361888673377,0.897386227280759,0.654374019918462,1
170.88,0.3,479.513970747817,0.0246166195239408,0.898839327105344,0.654609739398748,1
170.89,0.3,479.051246753038,0.0251440282021412,0.899656246825766,0.656532098890649,0.998449364763617
170.9,0.3,478.592668953871,0.0286514121933863,0.897574315319676,0.653156528691548,0.998352971238412
170.91,0.3,478.138141368398,0.024702852974661,0.896835915665137,0.654673976861731,1
170.92,0.3,477.687567180163,0.0273143740680265,0.898653851104883,0.655205189762553,0.998830948977171
170.93,0.3,477.240848771687,0.0243271175778774,0.898974663185926,0.653531993126393,0.999895002662253
170.94,0.3,476.797887758301,0.0249310380518916,0.89664952070945,0.65305363667608,1
170.95,0.3,476.358585022316,0.0272541186365653,0.901480113375958,0.652667302339079,0.999829491443465
170.96,0.3,475.922840747488,0.0253388710540417,0.899183303339519,0.654967845289108,1
170.97,0.3,475.490554453788,0.0250469972853163,0.900313938851094,0.654177339340996,0.998257907616836
170.98,0.3,475.06162503249,0.0269968648048468,0.901948765375488,0.652492621481417,1
170.99,0.3,474.635950781531,0.0277547784277054,0.901960378571314,0.654229730294624,0.999000607316084
171,0.3,474.213429441162,0.0245499679256461,0.900788694464221,0.64998053523385,1
171.01,0.3,473.793958229893,0.025342486594157,0.901284434200144,0.65343989171218,1
171.02,0.3,473.377433880684,0.0258468400592159,0.898845363874878,0.652292856925811,1
171.03,0.3,472.963752677417,0.0278533383879312,0.899531353158467,0.65223875472299,1
171.04,0.3,472.552810491616,0.0254387722671928,0.901899529177865,0.650675854856451,0.999735320049295
171.05,0.3,472.144502819411,0.0291403691518856,0.902322881728372,0.65075488707835,0.999299310564627
171.06,0.3,471.738724818744,0.0282804873813591,0.89966080184223,0.654028859611701,0.997760094322082
171.07,0.3,471.335371346794,0.0287765531650797,0.904420361750644,0.652076411148275,1
171.08,0.3,470.934336997629,0.0259716230233403,0.903183876115797,0.655290057225026,0.999871741462465
171.09,0.3,470.535516140055,0.0306441615677054,0.90300125488564,0.652714385916506,1
171.1,0.3,470.138802955672,0.0293186410739756,0.90384212003876,0.652149551773678,1
171.11,0.3,469.744091477102,0.0286116639791541,0.902976724870637,0.65226190515678,0.999613484283664
171.12,0.3,469.351275626409,0.029174243033086,0.902541214526291,0.653716957083322,0.999210787789115
171.13,0.3,468.960249253664,0.029786907692341,0.901973434629781,0.649831818882077,1
171.14,0.3,468.570906175671,0.0274459805318525,0.904799773359203,0.650737605570495,0.99958485379511
171.15,0.3,468.183140214827,0.0313142528054615,0.902936456796423,0.651497300869241,0.999988412802383
171.16,0.3,467.796845238111,0.0312244600005174,0.903293461854584,0.65248508061146,0.997591385597437
171.17,0.3,467.411915196177,0.0303723245091354,0.904889660252752,0.64989132783151,1
171.18,0.3,467.028244162554,0.0297272313467743,0.906136782683607,0.650523087630321,0.998719956397789
171.19,0.3,466.645726372923,0.0331762287910738,0.906362934641765,0.648296853435821,1
171.2,0.3,466.264256264471,0.0309924648693353,0.903561232117385,0.650795843761593,1
171.21,0.3,465.883728515295,0.0355270173151913,0.904889830468598,0.651689780869329,0.999074698066295
171.22,0.3,465.504038083839,0.0289505724099287,0.902810385951237,0.651032343952456,0.999649615892706
171.23,0.3,465.12508024838,0.0315403022655926,0.903745784795188,0.64902921317096,0.999040217204627
171.24,0.3,464.746750646492,0.0291843224923115,0.905789796648497,0.650446064653971,0.997934150738046
171.25,0.3,464.368945314522,0.0331881782158941,0.906105908888562,0.649918904775956,1
171.26,0.3,463.991560727038,0.0308748146860404,0.905083390574923,0.651156218453275,1
171.27,0.3,463.614493836238,0.0274565578258047,0.90608921266975,0.648977774337874,0.999919466911713
171.28,0.3,463.237642111289,0.0333987907412638,0.904997752008671,0.648188180514827,0.999745913534814
171.29,0.3,462.860903577614,0.0310202441082384,0.905629849531865,0.650039269036168,0.999717142372668
171.3,0.3,462.484176856062,0.0342675102090124,0.908754521171781,0.65197189423929,1
171.31,0.3,462.107361201981,0.0330292084828348,0.904234549672902,0.649193156465773,1
171.32,0.3,461.730356544162,0.0309843632613406,0.906877381470614,0.648931261162957,1
171.33,0.3,461.353063523624,0.0322299088951148,0.908085975632709,0.648248262507375,0.999739711162935
171.34,0.3,460.975383532248,0.0309178202246578,0.908876081799076,0.650831250191377,1
171.35,0.3,460.597218751211,0.0318123669130426,0.907531968310028,0.645034562054598,1
171.36,0.3,460.218472189227,0.0324875927739661,0.910196827619922,0.646192871094937,0.998958514639447
171.37,0.3,459.839047720554,0.0316612472262602,0.910148538436328,0.646683197822533,1
171.38,0.3,459.458850122764,0.0334848468362587,0.907938749729074,0.647365308760157,1
171.39,0.3,459.07778511425,0.0291659858650601,0.908445574973348,0.645636059800116,1
171.4,0.3,458.69575939144,0.0330097033512974,0.911139188386431,0.647542102356533,1
171.41,0.3,458.312680665717,0.0328097201823099,0.908347091005117,0.642976259695665,1
171.42,0.3,457.928457700014,0.0337551354998209,0.907567727016947,0.643636073744889,1
171.43,0.3,457.543000345061,0.0309912257249356,0.909150820846439,0.646711501775033,1
171.44,0.3,457.156219575268,0.0341415894573974,0.905531757268197,0.646154442793323,1
171.45,0.3,456.768027524225,0.0325942410443264,0.909219768045603,0.645745257095018,1
171.46,0.3,456.378337519802,0.0340940228322107,0.909327196793243,0.646485630984356,1
171.47,0.3,455.987064118806,0.0329685076722451,0.908820766521463,0.647418185018748,1
171.48,0.3,455.594123141213,0.0344089078615173,0.910190791751221,0.644170963954775,1
171.49,0.3,455.19943170392,0.0320058068033236,0.908543836796466,0.646186009041668,1
171.5,0.3,454.802908254009,0.0348754997717666,0.909330713081595,0.64450888075722,0.998636811316641
171.51,0.3,454.404472601517,0.0355423554443226,0.910095773787378,0.643342276918438,0.999734255359223
171.52,0.3,454.004045951657,0.032016889830818,0.909990000070759,0.644605768732369,0.998730380760628
171.53,0.3,453.601550936511,0.0351065908181201,0.912169585018801,0.646711395964419,1
171.54,0.3,453.196911646145,0.0336425006739247,0.908817294167067,0.642987491152892,1
171.55,0.3,452.790053659141,0.0336615759928271,0.908929554029147,0.644429601502927,0.998599107467097
171.56,0.3,452.38090407251,0.0346507977428214,0.914124634765856,0.642833670361845,1
171.57,0.3,451.969391530996,0.0352690011134158,0.912245537966265,0.644141800020744,0.999387370001514
171.58,0.3,451.555446255721,0.0368765335199284,0.910393125197303,0.64339863745977,0.999321627574247
171.59,0.3,451.139000072169,0.0379721498208688,0.913346343375349,0.643705487800726,1
171.6,0.3,450.719986437485,0.0357621773044372,0.911761350554227,0.643715318796295,1
171.61,0.3,450.298340467074,0.0366014308766453,0.914005641642253,0.643285007692556,0.999531774727458
171.62,0.3,449.87399896048,0.037362653960049,0.913489566469321,0.643650342214891,0.999715111039083
171.63,0.3,449.446900426516,0.0359735912846896,0.911592907080349,0.64202933362609,0.996201104611479
171.64,0.3,449.01698510766,0.0371787067001145,0.912549992862703,0.645864512370495,1
171.65,0.3,448.584195003654,0.0376198690234487,0.913735931070775,0.643235542924478,0.999579042722449
171.66,0.3,448.148473894334,0.036470966805299,0.912681825215348,0.643501250585994,0.997032011963431
171.67,0.3,447.709767361639,0.0364603904649751,0.91231789700169,0.643400668797471,0.99940126973589
171.68,0.3,447.268022810811,0.034934038538718,0.913709244410432,0.643875124340048,0.999963186938367
171.69,0.3,446.823189490749,0.0365442611525483,0.912029325559169,0.645007028480852,1
171.7,0.3,446.375218513515,0.038297019167077,0.911663569737491,0.642853124079373,0.998674324809044
171.71,0.3,445.924062872979,0.0396048701941627,0.913072432565188,0.642173171288333,0.999442261259598
171.72,0.3,445.469677462575,0.0392248291802346,0.915935094436294,0.640180451168318,1
171.73,0.3,445.012019092172,0.0387124034349145,0.912021409547571,0.642029656267652,0.9991484033889
171.74,0.3,444.551046504037,0.0385974661452336,0.915835264356885,0.641851385134278,0.999873607863218
171.75,0.3,444.086720387879,0.0412700811719366,0.915120592339689,0.643451080140141,0.996800865637679
171.76,0.3,443.619003394967,0.037223877764617,0.911776559492702,0.640445202567079,0.999087906911683
171.77,0.3,443.147860151304,0.0371559609367571,0.915337885739097,0.64298645459621,0.997111651977512
171.78,0.3,442.673257269852,0.0390164946322882,0.916768838502785,0.640534950523579,1
171.79,0.3,442.195163361806,0.0408947962142336,0.916091264288654,0.642727244008706,1
171.8,0.3,441.713549046879,0.0390605158724848,0.914884581601106,0.643616125191133,1
171.81,0.3,441.228386962633,0.0382821959898357,0.914517138868532,0.640856205970986,0.999268101692658
171.82,0.3,440.739651772809,0.0407543088444085,0.913738605669787,0.64117810476188,1
171.83,0.3,440.247320174671,0.0427714633982484,0.914569400650259,0.639396485155068,0.998446099378977
171.84,0.3,439.751370905357,0.0381225958308129,0.915133248732817,0.64448904693273,0.999661351026312
171.85,0.3,439.251784747216,0.0423970659133566,0.917306190507839,0.643791491057615,0.999232481919487
171.86,0.3,438.748544532146,0.0415434057715783,0.915579733125128,0.641352469335249,1
171.87,0.3,438.241635144917,0.0422469032068333,0.912666284264742,0.643481607565147,0.999543876725573
171.88,0.3,437.731043525478,0.0403049736610043,0.915239186585098,0.642372929444146,0.999837574900211
171.89,0.3,437.216758670246,0.0420632507779076,0.913898631797804,0.643391100425838,1
171.9,0.3,436.698771632379,0.0434126349664299,0.914083210901997,0.640744939221766,0.999750686136836
171.91,0.3,436.177075521023,0.0412026323572817,0.914877668128324,0.639256287463321,1
171.92,0.3,435.651665499543,0.0419293543567322,0.915600502143389,0.641786848574348,0.999494072091555
171.93,0.3,435.12253878273,0.0434862827761323,0.914887545604655,0.640561816702477,0.999644161383384
171.94,0.3,434.589694632994,0.0474766424430305,0.916980325433211,0.64190090049136,1
171.95,0.3,434.053134355535,0.0452972557626854,0.916206060255302,0.644836769604204,0.999970428517399
171.96,0.3,433.512861292503,0.044427758486153,0.915709222713766,0.643671725093805,1
171.97,0.3,432.968880816146,0.0423187984196432,0.914499478702254,0.642944034637749,0.997142831239547
171.98,0.3,432.421200320955,0.0425289773670818,0.91758834027396,0.639712074910165,1
171.99,0.3,431.869829214806,0.0445960778081576,0.915089022040442,0.64190526975222,1
172,0.3,431.314778909106,0.0431956419714441,0.915636579685194,0.639632535529498,0.998507682724865
172.01,0.3,430.756062807956,0.0473503196500949,0.916127905995542,0.641406710101935,0.998740025035967
172.02,0.3,430.193696296325,0.0468208696364331,0.916058350265092,0.638946586226236,1
172.03,0.3,429.627696727261,0.0454734190380814,0.91699963585249,0.641619784156505,0.99902700678431
172.04,0.3,429.058083408135,0.047081501520898,0.917140954685524,0.639770428973376,1
172.05,0.3,428.484877585926,0.0465603165735116,0.916715523624573,0.639942484112471,0.998105281527687
172.06,0.3,427.908102431568,0.0466138507559501,0.915138173423275,0.640937161134291,1
172.07,0.3,427.327783023367,0.0459497510545973,0.916796956645564,0.642140316808058,0.997902610990556
172.08,0.3,426.743946329489,0.0459787150344931,0.91791848840717,0.642892843047667,0.999090821867013
172.09,0.3,426.156621189549,0.0499170255860039,0.916795105117594,0.641727336054125,0.998900400748969
172.1,0.3,425.565838295298,0.0472647675235832,0.917414233080828,0.641805971215621,1
172.11,0.3,424.971630170434,0.0486550949849679,0.918412950945942,0.64036504963884,1
172.12,0.3,424.374031149543,0.0507893052681187,0.918383518999744,0.642951465374612,0.999647729276074
172.13,0.3,423.773077356189,0.0485555674361226,0.920416623929264,0.642328917895399,0.999868833672618
172.14,0.3,423.168806680169,0.0477474113056231,0.917208259618004,0.64172573689505,1
172.15,0.3,422.561258753948,0.0490399311165707,0.919552375546922,0.641357436395552,1
172.16,0.3,421.950474928293,0.0487014093203069,0.916997509742272,0.639602317038061,0.9986417184609
172.17,0.3,421.336498247116,0.0515758011307043,0.916311417455075,0.640532749057957,1
172.18,0.3,420.719373421553,0.0517901345213767,0.917353100310282,0.6400183451165,0.998166722949629
172.19,0.3,420.099146803301,0.0497808569505909,0.919380770138443,0.641979644528305,0.999285779580855
172.2,0.3,419.475866357213,0.0528505508096418,0.915918492916877,0.645416884970482,0.998443049776412
172.21,0.3,418.849581633186,0.0499769553684825,0.920955397666438,0.642902682768182,1
172.22,0.3,418.220343737366,0.051884507947306,0.915944187053736,0.640661827265105,0.999033131138829
172.23,0.3,417.588205302675,0.0492109355873415,0.915984580185351,0.642918681060086,0.997301282720251
172.24,0.3,416.953220458686,0.0513387677827233,0.915137800780222,0.642081880249585,1
172.25,0.3,416.315444800884,0.052846826414269,0.916856212907717,0.643171798593555,0.998375257334827
172.26,0.3,415.674935359297,0.0491887281612574,0.919160301964748,0.639416156062468,1
172.27,0.3,415.031750566568,0.0525659933906822,0.917119500368679,0.642681185763528,0.99868915607496
172.28,0.3,414.385950225445,0.0524575473548831,0.917301814096937,0.641419617193783,0.998685043164472
172.29,0.3,413.737595475737,0.0526601874434371,0.919149442950518,0.64502545918934,1
172.3,0.3,413.086748760751,0.0523915388428165,0.918035510014718,0.640992138124589,1
172.31,0.3,412.433473793246,0.0554275619528004,0.91937729935595,0.645829419466823,1
172.32,0.3,411.777835520891,0.0529169923811726,0.917264781759327,0.643964466694366,1
172.33,0.3,411.119900091298,0.0516279528954096,0.920543755992284,0.641961608920717,1
172.34,0.3,410.459734816621,0.0521655276849488,0.920869118161472,0.644288383345457,1
172.35,0.3,409.797408137752,0.0506891895973049,0.918185154195973,0.643010283406738,0.999179642225468
172.36,0.3,409.132989588148,0.0555088285351844,0.919463634487961,0.641551776769546,0.999777894097033
172.37,0.3,408.466549757296,0.0562637035914996,0.917806872698471,0.641587702107213,0.999393617912109
172.38,0.3,407.798160253855,0.0570631279493852,0.92160581105522,0.641038067192339,0.997074482393481
172.39,0.3,407.127893668491,0.0539326395747807,0.918428508749769,0.643308229190446,1
172.4,0.3,406.455823536434,0.0536679236807673,0.919572174601761,0.643852854128422,0.99914364970127
172.41,0.3,405.782024299771,0.0560847358389991,0.919435271036417,0.643062456364491,1
172.42,0.3,405.106571269518,0.0537724232213021,0.920039177968591,0.64429312734808,0.997406445870128
172.43,0.3,404.42954058747,0.0552327793993133,0.917276166859816,0.644866827392634,0.999426297584436
172.44,0.3,403.751009187879,0.0583345112411703,0.920990440793144,0.644801987960839,0.999358779153442
172.45,0.3,403.07105475896,0.0587565483910932,0.917122123377097,0.645302213853332,0.99968959888555
172.46,0.3,402.389755704269,0.054058277461475,0.917057724608777,0.647992234640029,1
172.47,0.3,401.707191103963,0.0568373913319583,0.918013245280517,0.645564524371262,1
172.48,0.3,401.023440675969,0.057544345867915,0.916929824464846,0.644866092821533,1
172.49,0.3,400.338584737089,0.0586228377815085,0.918664729734839,0.645492356837801,1
172.5,0.3,399.65270416406,0.0588898352986508,0.91937251253059,0.645913708396833,0.998187273209897
172.51,0.3,398.965880354596,0.0595988630825703,0.918717374928928,0.646691606042982,1
172.52,0.3,398.278195188424,0.0587309972619583,0.920881421474071,0.644186524408776,0.999615012072821
172.53,0.3,397.589730988352,0.0614107144334333,0.922891362052202,0.645539893709367,1
172.54,0.3,396.90057048138,0.0600540348401206,0.919641783756733,0.646859441196847,1
172.55,0.3,396.210796759876,0.0603434511038476,0.918871500017241,0.6461789326835,1
172.56,0.3,395.52049324285,0.0616247422552879,0.917958767101292,0.645511987502784,0.999550272585777
172.57,0.3,394.829743637326,0.0614919523894146,0.919984192224536,0.647526863991795,0.998533982323466
172.58,0.3,394.138631899852,0.0639714218949302,0.91816827533514,0.648701697069094,0.999182326852216
172.59,0.3,393.447242198167,0.0621822420293267,0.917768059108699,0.644933783680699,0.999640645549328
172.6,0.3,392.755658873027,0.0624819283359055,0.916370900108958,0.648392438204879,1
172.61,0.3,392.063966400228,0.0651060669595019,0.918028100663697,0.647466242575555,1
172.62,0.3,391.372249352841,0.0624781516183674,0.919513703997012,0.644765303477188,1
172.63,0.3,390.680592363678,0.0615769435162747,0.918328956943224,0.645287183880778,1
172.64,0.3,389.989080087992,0.0665001833960772,0.919093415561663,0.646494081834351,0.999686558104681
172.65,0.3,389.297797166462,0.0651854362733605,0.918456823362345,0.648253787471816,1
172.66,0.3,388.606828188445,0.0634531216634752,0.918921184679926,0.648278369739679,0.999310758707041
172.67,0.3,387.91625765553,0.0647606338890462,0.917261164415067,0.648258112110332,1
172.68,0.3,387.226169945416,0.0643615275380872,0.917836928775279,0.647227147148507,1
172.69,0.3,386.536649276117,0.0624383000639592,0.917969148942119,0.649477307698334,0.999410669766496
172.7,0.3,385.847779670507,0.0643539464427902,0.914841434604557,0.648752066222231,0.999445563082391
172.71,0.3,385.159644921244,0.0674778207865911,0.919625583229872,0.647967121758928,1
172.72,0.3,384.472328556056,0.0687701807024533,0.914784646213662,0.649012552989825,0.999575399652377
172.73,0.3,383.785913803425,0.0651474470149914,0.918694672062502,0.650512635597073,0.999275072068173
172.74,0.3,383.100483558679,0.0673307020653845,0.915911161147368,0.651106879108831,1
172.75,0.3,382.416120350491,0.067186471127081,0.916992106627029,0.650057687007186,1
172.76,0.3,381.732906307817,0.0677404902106857,0.917824918104213,0.648006418729421,0.996705993715999
172.77,0.3,381.050923127276,0.0671417550864328,0.918544754764973,0.647647699153902,1
172.78,0.3,380.370252040976,0.0686737574031784,0.916833140201289,0.649669588039793,1
172.79,0.3,379.69097378481,0.0665431476046499,0.916463953720308,0.648163776425923,0.998326876533419
172.8,0.3,379.013168567228,0.0690906755313815,0.920284862688068,0.650497151311346,1
172.81,0.3,378.336916038488,0.0696609020798251,0.918457018026587,0.649812967568398,0.999261357000418
172.82,0.3,377.662295260407,0.0710945270645002,0.91703593262878,0.649919851658771,1
172.83,0.3,376.989384676606,0.0712362671779535,0.91811677879135,0.650854935308033,0.996183969874729
172.84,0.3,376.318262083279,0.0705918362824745,0.918710107965426,0.648063377577918,0.999759793342064
172.85,0.3,375.649004600466,0.0684616986568837,0.917369539367081,0.649999657730916,0.999092190489178
172.86,0.3,374.981688643863,0.0724096890523634,0.916925111270368,0.649542519983712,0.999375324585262
172.87,0.3,374.316389897161,0.0722564624845129,0.916305827310211,0.651013409534681,1
172.88,0.3,373.653183284919,0.0725308689076402,0.919526287527829,0.652793939641235,0.999785750490493
172.89,0.3,372.992142945991,0.072636634863934,0.917151140583147,0.652175817444275,0.999671326942118
172.9,0.3,372.333342207499,0.0725331706320285,0.917493856357311,0.650584187480922,1
172.91,0.3,371.676853559354,0.0705080747577096,0.915704805860539,0.651198023627364,1
172.92,0.3,371.022748629349,0.0741741518093293,0.918122583148724,0.651123376929672,0.997147193675456
172.93,0.3,370.371098158803,0.0729532776011523,0.917097056488667,0.652715321978114,0.998834954658818
172.94,0.3,369.721971978783,0.0729633112280091,0.915796920537929,0.653449411399242,1
172.95,0.3,369.075438986881,0.0747762743598878,0.917937619969773,0.653305926341804,0.999142806207947
172.96,0.3,368.431567124577,0.073822892076666,0.915444164306717,0.651442996653894,0.999345572085168
172.97,0.3,367.790423355165,0.0758274173950337,0.918412187883434,0.653875823385348,1
172.98,0.3,367.152073642264,0.0739459825729449,0.916076774546905,0.653536639699019,0.99934270575178
172.99,0.3,366.516582928895,0.0779384378885415,0.915460094603252,0.654038779223519,1
173,0.3,365.884015117149,0.075687838886255,0.913229338655477,0.652707200207862,0.999156576440665
173.01,0.3,365.254433048418,0.0758491465394897,0.915651273177974,0.651722618614555,1
173.02,0.3,364.627898484216,0.0748515875141844,0.916467311254714,0.652787844082633,1
173.03,0.3,364.004472087572,0.0768882243998194,0.916468298539922,0.654080816632153,1
173.04,0.3,363.384213405007,0.0785144081006233,0.918135340664538,0.653469968917841,0.999462208172133
173.05,0.3,362.767180849072,0.0754616777519608,0.916087487610728,0.653224057000396,0.99914011111419
173.06,0.3,362.153431681482,0.0794105199776074,0.91637688868502,0.652747931667151,0.99883409780835
173.07,0.3,361.543021996806,0.0778172269512669,0.915247116999785,0.655642573005704,0.999863205146259
173.08,0.3,360.936006706734,0.0787270521532493,0.916108748554521,0.655612848007105,1
173.09,0.3,360.332439524919,0.0785785173165309,0.916157001496852,0.659315866039386,1
173.1,0.3,359.732372952377,0.081077165109824,0.915297545459795,0.653925697491971,0.999763727718942
173.11,0.3,359.135858263453,0.0804132902102842,0.91502589152023,0.655951918713099,1
173.12,0.3,358.542945492352,0.0771793941834168,0.913186990479675,0.65690221105737,0.998007043930654
173.13,0.3,357.953683420224,0.0802560778573641,0.916199722870747,0.654819111345828,1
173.14,0.3,357.368119562804,0.0789074775817323,0.914806687387427,0.656683388021579,0.99793068096488
173.15,0.3,356.786300158599,0.0821944268505147,0.914098379426091,0.655105105561292,0.998167619138192
173.16,0.3,356.208270157627,0.0811478713232577,0.914867732791365,0.655014657800854,1
173.17,0.3,355.634073210696,0.0799843874844622,0.914457370399422,0.654338429378165,0.998313111406491
173.18,0.3,355.063751659218,0.0791630739260316,0.917127353660072,0.656414177154012,0.999458769030798
173.19,0.3,354.497346525562,0.0821028913171837,0.915689203633446,0.653969870817106,1
173.2,0.3,353.934897503928,0.0806761697577689,0.916314655886696,0.657231809715814,1
173.21,0.3,353.37644295176,0.0850082988296752,0.913694731767374,0.653641748386493,1
173.22,0.3,352.822019881655,0.083713890802992,0.913654153303599,0.656827760290566,1
173.23,0.3,352.271663953812,0.0848901173600965,0.91538502941784,0.656618694771843,0.999177174672609
173.24,0.3,351.725409468967,0.0825357462962156,0.913981222259249,0.656830312489795,0.998921744917007
173.25,0.3,351.183289361855,0.0815308986575192,0.91259084660967,0.656177862143301,0.998398340127489
173.26,0.3,350.645335195146,0.0838697969222087,0.916217089485548,0.659074723541299,0.999614219971019
173.27,0.3,350.111577153899,0.0842597388253362,0.913320011084895,0.656302308469597,0.99928779804018
173.28,0.3,349.582044040482,0.0840916548214976,0.913488847693018,0.655437999940556,0.997089066410765
173.29,0.3,349.056763269992,0.0847750409662311,0.913607719585061,0.658343934825992,1
173.3,0.3,348.535760866144,0.0865839485777658,0.912726253813821,0.655940636601109,0.999215186431711
173.31,0.3,348.019061457628,0.0852895021143466,0.913781283540148,0.657895167117181,1
173.32,0.3,347.506688274945,0.0840273445622025,0.911991579439065,0.658662117389578,0.9997500738653
173.33,0.3,346.998663147688,0.0858165880161599,0.911775213859151,0.657403380198858,0.999251719470922
173.34,0.3,346.495006502293,0.0855692058229338,0.914827152585599,0.657503006230963,1
173.35,0.3,345.995737360229,0.0868753069469036,0.913724643758419,0.656605936967081,1
173.36,0.3,345.500873336633,0.0830807395316937,0.913592499691213,0.660295842599755,0.999206424933106
173.37,0.3,345.010430639394,0.0897601978265855,0.91176926307997,0.655724608576358,1
173.38,0.3,344.52442406866,0.0887490789374968,0.91209434489956,0.659541254770514,0.998876502929997
173.39,0.3,344.042867016776,0.0879232686354862,0.911500072874353,0.656578747712955,1
173.4,0.3,343.565771468645,0.088102855505571,0.909760850511018,0.65969016741164,1
173.41,0.3,343.093148002513,0.0851028428961907,0.911988174787383,0.657402057461985,1
173.42,0.3,342.625005791151,0.0878167553694148,0.911057810288198,0.657742700184379,0.998746875755788
173.43,0.3,342.161352603463,0.0910115535927234,0.911279015233226,0.659116149847819,0.998459102612042
173.44,0.3,341.702194806485,0.0899647491623384,0.909195756527709,0.657386544530992,0.997869464208627
173.45,0.3,341.247537367784,0.0881245516506367,0.91212831669417,0.660925153173921,0.999804327508568
173.46,0.3,340.797383858248,0.0893869536829787,0.913406160902405,0.659011732692453,1
173.47,0.3,340.351736455274,0.087019520575252,0.909694421993372,0.660402856047094,1
173.48,0.3,339.910595946322,0.0891060874434207,0.911903277684583,0.657285809389556,1
173.49,0.3,339.473961732866,0.0932884149830441,0.913431381977504,0.658179745945138,1
173.5,0.3,339.041831834709,0.0900043300266086,0.912121572262113,0.654787612676042,0.997807057597252
173.51,0.3,338.614202894672,0.0917350538426094,0.911523880156649,0.65662553580651,1
173.52,0.3,338.191070183644,0.0919276962629691,0.913018519236558,0.659214104879107,1
173.53,0.3,337.77242760601,0.0898944845115014,0.911842985416236,0.659054507588829,1
173.54,0.3,337.358267705413,0.0898213181728549,0.907429906443608,0.658055788625399,0.997521289101915
173.55,0.3,336.948581670892,0.0920002424991987,0.909772678223899,0.661069824581496,1
173.56,0.3,336.543359343362,0.0942629204529184,0.908434955149585,0.660822186749925,1
173.57,0.3,336.14258922244,0.0922716164191718,0.908960714669981,0.660730349719605,1
173.58,0.3,335.746258473622,0.0912020948813234,0.907548898657895,0.659938682681152,1
173.59,0.3,335.354352935789,0.0916084035226048,0.909314063393565,0.656331693692821,0.999409335210679
173.6,0.3,334.966857129062,0.0920966500827681,0.906275674306333,0.659499197116518,0.999103530636187
173.61,0.3,334.583754262993,0.0945057705521939,0.910909908541546,0.658512906074258,1
173.62,0.3,334.205026245071,0.0924611241855034,0.908720659571128,0.657124578299486,1
173.63,0.3,333.830653689576,0.0937403627858557,0.906197687481132,0.659491640600243,1
173.64,0.3,333.46061592675,0.0933138503119823,0.909730719905876,0.657482238788078,1
173.65,0.3,333.094891012293,0.0931436493109571,0.905957162372233,0.660017249758136,1
173.66,0.3,332.733455737182,0.0937834296983149,0.906950622339466,0.658402957727663,0.99904488279372
173.67,0.3,332.376285637804,0.0930810305284412,0.910120617415897,0.659755275242096,1
173.68,0.3,332.023355006416,0.0916403261143816,0.905765066562748,0.660769113050433,1
173.69,0.3,331.674636901909,0.0916403435680569,0.906192740379412,0.654588516287526,1
173.7,0.3,331.330103160889,0.0953453478151197,0.907264482309965,0.657268579387832,0.999240610736964
173.71,0.3,330.989724409074,0.097701610103131,0.909171663928208,0.657560997127244,0.999103838533267
173.72,0.3,330.653470072992,0.0945401454036812,0.906542412482978,0.6564853645333,1
173.73,0.3,330.321308391991,0.0951617434164677,0.905936343687609,0.658047203146423,1
173.74,0.3,329.993206430555,0.0937244881778088,0.905581760823748,0.656949421784237,1
173.75,0.3,329.669130090921,0.0948138252145812,0.901937706077474,0.65953273967439,1
173.76,0.3,329.349044126005,0.0956173839446712,0.905718593775467,0.657452446627366,1
173.77,0.3,329.032912152623,0.101066928496344,0.9042895067176,0.658495591316588,1
173.78,0.3,328.720696665013,0.0945159824670738,0.904429910684923,0.656719617277564,0.999827420848564
173.79,0.3,328.412359048665,0.0947039311588747,0.907817547887578,0.657844680321969,0.998698238202598
173.8,0.3,328.107859594434,0.0968085895043294,0.903504077117244,0.657751113966581,0.998246272348813
173.81,0.3,327.80715751296,0.0978898046757568,0.902246754034008,0.65460775379819,0.999407424163718
173.82,0.3,327.51021094938,0.0968756071837362,0.905294729925054,0.657458038579744,0.998175217213332
173.83,0.3,327.216976998334,0.0976809487828435,0.907385921346037,0.658557783378386,0.999764032551717
173.84,0.3,326.927411719266,0.0966006379089577,0.905114118119869,0.656567643682632,1
173.85,0.3,326.641470152012,0.0964183722056991,0.905151007871312,0.655905935118931,1
173.86,0.3,326.359106332684,0.0975649801317799,0.90689698623999,0.657946452866125,1
173.87,0.3,326.080273309844,0.0974652746382594,0.906202064670931,0.656533464434876,1
173.88,0.3,325.804923160961,0.0956196246043118,0.901083197776749,0.65703084805335,0.99988259612118
173.89,0.3,325.533007009159,0.0937147789062037,0.903053664547131,0.6563499705372,0.999069861781243
173.9,0.3,325.264475040255,0.0958208696989796,0.901802114183225,0.657284100649077,1
173.91,0.3,324.999276520074,0.100454623530277,0.903870083231129,0.657027307557622,0.998887661068734
173.92,0.3,324.737359812055,0.0974994342886673,0.904888896159192,0.655839457326258,1
173.93,0.3,324.478672395136,0.0989983751845973,0.903387358218573,0.656233535468031,1
173.94,0.3,324.223160881918,0.0982669274124509,0.90428666203807,0.656615266882443,1
173.95,0.3,323.970771037117,0.101129857713581,0.901156808875485,0.657002955610205,1
173.96,0.3,323.721447796285,0.0987234602784951,0.902174002296591,0.65664475155737,0.99869347993137
173.97,0.3,323.47513528481,0.0988562562933773,0.902318297881713,0.656558296381889,1
173.98,0.3,323.231776837194,0.0978851883336982,0.901515720811205,0.656670707330344,1
173.99,0.3,322.991315016605,0.100846660653237,0.89854685778796,0.654621706733596,0.999920849438709
174,0.3,322.75369163469,0.0968242271938325,0.900053808059227,0.654437210791507,0.998738165410624
174.01,0.3,322.518847771669,0.0993055157851625,0.89853552187826,0.653896131979375,0.998198356469332
174.02,0.3,322.286723796693,0.102135378751432,0.898080622742735,0.658071665825556,0.99742616226412
174.03,0.3,322.057259388457,0.100181961843559,0.900940227803302,0.655772039021748,0.99956412532142
174.04,0.3,321.830393556088,0.100081063277519,0.898419656138549,0.655087378351065,1
174.05,0.3,321.606064660289,0.101926677268464,0.901171192792127,0.656931173382598,1
174.06,0.3,321.384210434727,0.101726989481125,0.897203506886985,0.653891099642796,1
174.07,0.3,321.164768007698,0.103339376999201,0.896455254649012,0.654197523312809,0.998299317157914
174.08,0.3,320.947673924017,0.100663756668362,0.898713494273909,0.652691480563056,0.999509801630712
174.09,0.3,320.732864167177,0.100240061249839,0.896595630829647,0.656857170442386,0.999050401955403
174.1,0.3,320.520274181738,0.101985111695655,0.899954850515049,0.656490999993457,1
174.11,0.3,320.309838895955,0.102711040081672,0.897320339066994,0.655789775909699,0.997959051390806
174.12,0.3,320.101492744657,0.0996126276802428,0.897590277005885,0.652719038560019,0.998866360769598
174.13,0.3,319.895169692336,0.100933559537237,0.8982660033764,0.656349002438799,0.997914856554832
174.14,0.3,319.690803256484,0.0994692002920214,0.897272414951773,0.654232931230558,0.998459314252182
174.15,0.3,319.488326531135,0.100153192139149,0.898748769613497,0.654111174369231,0.999453722471597
174.16,0.3,319.28767221064,0.103714605570515,0.900067308491025,0.653958978158138,1
174.17,0.3,319.088772613644,0.103154277613201,0.896196625374111,0.650620291235228,1
174.18,0.3,318.891559707274,0.102028997388323,0.895979114374935,0.651010865604199,1
174.19,0.3,318.695965131532,0.101887852721312,0.893892948971951,0.652602520374194,1
174.2,0.3,318.50192022388,0.100565459475109,0.893835304534261,0.651771674250513,0.999434787426491
174.21,0.3,318.309356044018,0.10145897019074,0.894515459659376,0.651595560313486,0.999212095377412
174.22,0.3,318.11820339884,0.101963648691437,0.895780301992652,0.652046100428975,0.998006966239128
174.23,0.3,317.928392867578,0.100928441203735,0.897689455949798,0.65180668062818,0.998810865127881
174.24,0.3,317.739854827104,0.1014907373946,0.895060208742874,0.6537068080053,1
174.25,0.3,317.552519477403,0.10275150990912,0.896305794710858,0.653847598139176,1
174.26,0.3,317.366316867202,0.105866882490491,0.892517940473775,0.652662222845075,0.996890898357022
174.27,0.3,317.181176919743,0.10077013658219,0.896224328891743,0.649947132457206,0.999479788417326
174.28,0.3,316.997029458696,0.104272694873953,0.892386610516969,0.652834470508589,1
174.29,0.3,316.813804234211,0.10364651561233,0.894253684255694,0.652089402111751,0.997212177599053
174.3,0.3,316.631430949087,0.103136670189707,0.894375192975927,0.651002292485343,1
174.31,0.3,316.44983928506,0.106417133246314,0.893697967756567,0.650358745398003,0.99908157401318
174.32,0.3,316.268958929188,0.102792159078426,0.892880754704536,0.648340304301401,1
174.33,0.3,316.08871960035,0.10232202178833,0.892264246360505,0.651315331805734,1
174.34,0.3,315.909051075813,0.10443954389732,0.893736624581598,0.650414608740086,1
174.35,0.3,315.72988321789,0.10329729927818,0.893943719171073,0.649626126015781,1
174.36,0.3,315.551146000658,0.102096638787525,0.891807355422071,0.649627059525627,1
174.37,0.3,315.372769536738,0.104246777159146,0.893371115751426,0.64996144268513,1
174.38,0.3,315.194684104116,0.103685824391949,0.889611427527382,0.647944561269996,1
174.39,0.3,315.016820173003,0.102378745365044,0.893531000082243,0.652494820470923,1
174.4,0.3,314.839108432721,0.104427737941855,0.891326700875458,0.650461814827399,1
174.41,0.3,314.661479818597,0.10453145252225,0.890079530320749,0.649170804520094,0.999086248260986
174.42,0.3,314.483865538868,0.103180854114353,0.892537948589023,0.649827626250419,1
174.43,0.3,314.306197101563,0.10640858409797,0.891774829182905,0.64780300182978,1
174.44,0.3,314.128406341374,0.103260492929131,0.889196670901463,0.65008044123465,0.998818670100312
174.45,0.3,313.950425446487,0.106719851312366,0.891925839553489,0.651070346802533,1
174.46,0.3,313.772186985373,0.105014070873502,0.88981154790559,0.645555573278717,1
174.47,0.3,313.593623933506,0.105021374907329,0.890191895569032,0.647665302076068,1
174.48,0.3,313.414669700027,0.105323848571411,0.887892412916441,0.649193410420775,0.998150949936804
174.49,0.3,313.23525815431,0.10302420961,0.887951835094453,0.649412029854486,0.998608825793836
174.5,0.3,313.055323652435,0.105599972277991,0.88943107158075,0.649382692343773,0.998811499952286
174.51,0.3,312.874801063548,0.107615748013317,0.887045311936193,0.648693669766124,0.99758385826454
174.52,0.3,312.693625796098,0.105131886556648,0.888134267064116,0.647115878075806,0.998132633892144
174.53,0.3,312.511733823934,0.104886457058945,0.885045414977643,0.646399744020208,0.999115718017079
174.54,0.3,312.329061712251,0.105772001209406,0.887997086114461,0.646437695186327,0.999724023585042
174.55,0.3,312.14554664337,0.105828798480822,0.887803743421631,0.645337015341087,1
174.56,0.3,311.961126442332,0.107770587989353,0.889323960430426,0.646724850783534,1
174.57,0.3,311.775739602313,0.108608896574158,0.885429112037584,0.646578424712374,0.999043756737925
174.58,0.3,311.589325309815,0.106798148048967,0.885525199593858,0.646826304081232,0.998557697121
174.59,0.3,311.401823469644,0.105439040253725,0.886348488717871,0.64583996546785,0.999158110666853
174.6,0.3,311.213174729644,0.102539845684596,0.88649500893458,0.646082700761004,0.999680486222293
174.61,0.3,311.023320505196,0.108310297302216,0.883986684960565,0.644183384932223,1
174.62,0.3,310.832203003429,0.104955122717608,0.884864156899403,0.644074110800577,0.997891109304197
174.63,0.3,310.639765247168,0.107155069320371,0.883312558878745,0.64500149209381,1
174.64,0.3,310.445951098591,0.106470882663217,0.884018556765343,0.644803821482839,0.997527027816327
174.65,0.3,310.250705282559,0.106844334504762,0.884928953446677,0.647218881244969,0.999271221794325
174.66,0.3,310.053973409646,0.10492889187929,0.884930070276185,0.645701937954128,0.999799365487782
174.67,0.3,309.855701998817,0.107580878935267,0.883595066164974,0.643171423123064,1
174.68,0.3,309.655838499764,0.104923455011591,0.883684993175413,0.644844539511764,1
174.69,0.3,309.454331314869,0.106873304457652,0.88435406117108,0.642445648042061,1
174.7,0.3,309.2511298208,0.107435269700781,0.886419361947347,0.645629824610901,1
174.71,0.3,309.046184389706,0.108960464183086,0.884120632652765,0.64469469907716,1
174.72,0.3,308.839446410002,0.109682465773522,0.880954069446687,0.644368036898471,1
174.73,0.3,308.63086830675,0.108118185793305,0.88148553050119,0.641804555325172,0.996613160539187
174.74,0.3,308.420403561588,0.107901491570623,0.88195327488128,0.643805855741692,1
174.75,0.3,308.208006732222,0.109435467989395,0.882746600122443,0.643921257942599,1
174.76,0.3,307.993633471462,0.105721153979532,0.882017821716971,0.64459972287194,1
174.77,0.3,307.777240545773,0.106797211870279,0.880006270262888,0.644837228290377,0.998035323619606
174.78,0.3,307.558785853354,0.110664482537821,0.880594930225067,0.642769147007673,0.999283858720756
174.79,0.3,307.33822844171,0.108834003104463,0.878423113191631,0.641121402771803,0.999537199103076
174.8,0.3,307.115528524717,0.110400663525657,0.880787629212625,0.643793435508397,0.998262870725016
174.81,0.3,306.890647499164,0.110969126382224,0.878580823731215,0.640138535097931,0.997990629675968
174.82,0.3,306.663547960766,0.111072382151165,0.879959399879506,0.64488642378868,1
174.83,0.3,306.434193719625,0.11132181449992,0.879305398669697,0.643541110706455,1
174.84,0.3,306.20254981514,0.110474944291773,0.881333476481654,0.641497267317774,1
174.85,0.3,305.968582530347,0.108728289963386,0.878750893281186,0.643479787434194,1
174.86,0.3,305.732259405684,0.111280555573027,0.879405490168227,0.643997387940056,1
174.87,0.3,305.493549252168,0.109239127748027,0.88034502375651,0.642474031496149,1
174.88,0.3,305.252422163976,0.111180801515718,0.881745576597397,0.639677997160409,1
174.89,0.3,305.008849530414,0.109326479031171,0.878468802471023,0.643678151929676,0.997624800001253
174.9,0.3,304.762804047278,0.108731823827884,0.877049040868388,0.642987343881697,1
174.91,0.3,304.514259727592,0.111339941088574,0.877592819222874,0.642413930985067,1
174.92,0.3,304.263191911703,0.110106885909125,0.8733453167966,0.641841515442534,0.998767703581402
174.93,0.3,304.009577276747,0.112386788577462,0.875803824832233,0.641895370717811,1
174.94,0.3,303.753393845466,0.109237763144816,0.878298310681046,0.64152945256982,0.999184524111732
174.95,0.3,303.494620994368,0.109606933824787,0.876525408108329,0.640062053742364,1
174.96,0.3,303.233239461229,0.111421909390865,0.873240057987698,0.641252315350476,0.999637927955341
174.97,0.3,302.969231351927,0.11295913155328,0.877393383852965,0.63962323112004,0.999572376549445
174.98,0.3,302.702580146609,0.110875368485411,0.875114545806084,0.642689875741186,1
174.99,0.3,302.433270705175,0.115623910038378,0.876291587247647,0.640440676979249,0.998770038457371
175,0,302.161289272086,0.112770362398945,0.872941079799039,0.644137193335421,1
175.01,0,301.886623480486,0.112739138836824,0.874987101107336,0.642024841633089,0.999745590880058
175.02,0,301.60926235563,0.113833612302284,0.874943284712651,0.642112846718369,1
175.03,0,301.329196317632,0.112789015579648,0.871507838052268,0.641085091908839,1
175.04,0,301.046417183506,0.111879671699982,0.873079214501024,0.641235675643218,1
175.05,0,300.760918168522,0.114465323605808,0.87266820249621,0.640100166064374,0.999928616981425
175.06,0,300.472693886856,0.112179606096556,0.871722436311853,0.641721162066818,1
175.07,0,300.181740351548,0.113430473830857,0.872606843283644,0.643368984387296,1
175.08,0,299.888054973758,0.114020496212235,0.874237577988282,0.639839051954333,1
175.09,0,299.591636561322,0.112812765948672,0.874882168214095,0.641336692925581,0.998967044039585
175.1,0,299.292485316617,0.113968949969879,0.871431622013318,0.641776128925507,0.999363074037395
175.11,0,298.990602833719,0.113246367501217,0.874725322998435,0.642366721250816,1
175.12,0,298.685992094877,0.114566125929881,0.871991577216056,0.641612925045498,1
175.13,0,298.378657466284,0.11306158971118,0.868723030322896,0.641507319657626,0.997960491631994
175.14,0,298.068604693167,0.116615686550218,0.871999572471457,0.641052716209575,0.99892949810565
175.15,0,297.755840894182,0.116878717646419,0.872577723883679,0.640710372538506,1
175.16,0,297.440374555135,0.116438276766812,0.872665982103164,0.642104445802417,1
175.17,0,297.122215522016,0.11301550031718,0.870548890543661,0.642904387292078,0.999861639785871
175.18,0,296.801374993367,0.113818141281769,0.871940426965332,0.642658839594849,0.99900405130724
175.19,0,296.477865511974,0.114587887738364,0.869158681479905,0.641531515821471,1
175.2,0,296.151700955903,0.117069655243366,0.869494484726152,0.642459152952634,1
175.21,0,295.82289652888,0.118002160635403,0.869850941595085,0.64125233874726,0.999493924529477
175.22,0,295.491468750015,0.115595362435021,0.870734009127282,0.642835447332426,1
175.23,0,295.157435442894,0.117785166656421,0.868732204050231,0.641814960275469,0.998938614611518
175.24,0,294.820815724026,0.117469499366468,0.866601632626642,0.639334721957132,1
175.25,0,294.481629990677,0.118088966798176,0.869902288966908,0.639284309644155,1
175.26,0,294.139899908077,0.11821618005975,0.86851747557442,0.644148870362981,1
175.27,0,293.795648396022,0.12153222696294,0.866959892768353,0.641653732448776,0.999581323000357
175.28,0,293.448899614884,0.117255370871292,0.864401833471301,0.640226068245953,1
175.29,0,293.099678951021,0.119986544466891,0.86525793806307,0.642338421148558,0.997516323289433
175.3,0,292.748013001625,0.118897784644566,0.867482788016722,0.640135265557775,1
175.31,0,292.39392955899,0.118200997087157,0.866706638831983,0.641796594004269,0.999863349661056
175.32,0,292.037457594231,0.118381591210023,0.865864287520515,0.642510776593585,1
175.33,0,291.67862724046,0.120536673779594,0.862522702183735,0.642809650100948,1
175.34,0,291.317469775432,0.118680073588913,0.865664338128502,0.640358822271679,0.999832115378991
175.35,0,290.954017603664,0.119698613427937,0.866232706994284,0.642200303613504,1
175.36,0,290.588304238057,0.121180737216934,0.863983309736462,0.644667634471798,1
175.37,0,290.220364281022,0.12097500218053,0.865940122522713,0.640629507744275,1
175.38,0,289.850233405123,0.120608338040581,0.864706473242999,0.641751321408501,1
175.39,0,289.47794833326,0.120968615126599,0.866973998722275,0.64600481122721,1
175.4,0,289.103546818394,0.122032884306426,0.866111186514396,0.643419982503671,1
175.41,0,288.727067622835,0.119643019897697,0.86474178078434,0.641305516901195,1
175.42,0,288.348550497116,0.120095417808699,0.863402947437002,0.642000372149022,1
175.43,0,287.968036158444,0.123459946677543,0.861265029080675,0.643903197819097,0.99868217868856
175.44,0,287.585566268766,0.121830277105468,0.864270311678842,0.642672451270398,0.999885518531422
175.45,0,287.201183412457,0.122209603849313,0.863744708500661,0.644376558556883,0.999245096294639
175.46,0,286.814931073643,0.120862429313617,0.864810445774254,0.641503691296283,0.997963635169604
175.47,0,286.426853613176,0.120810408222,0.863252773088697,0.642712946587848,0.998915768373283
175.48,0,286.036996245278,0.121508022226166,0.862475458718667,0.642301410458104,1
175.49,0,285.645405013867,0.122414495413161,0.861306389650855,0.644444292108962,0.99981302133977
175.5,0,285.252126768588,0.122367659660611,0.860612083680582,0.64334004287719,1
175.51,0,284.857209140553,0.124053226804601,0.859760863346009,0.645395953607809,1
175.52,0,284.460700517822,0.12344798496274,0.862464781341918,0.642613006482148,0.999685293444328
175.53,0,284.062650020622,0.123725709913316,0.860908341044942,0.643268726955025,0.999495504264415
175.54,0,283.663107476335,0.123723959237356,0.861741036417035,0.645873826104056,1
175.55,0,283.262123394274,0.124021043916162,0.860535833734166,0.64462371550652,0.996917360711875
175.56,0,282.859748940241,0.123755133153029,0.860362229006603,0.646236002828363,1
175.57,0,282.634513200913,0.124759081490341,0.85965306722043,0.643085784944065,1
175.58,0,282.524567571787,0.125868870794814,0.859121419593139,0.646941216205365,0.998394506576536
175.59,0,282.404466833249,0.12436250798206,0.856726191052673,0.642187372295719,0.99909357214248
175.6,0,282.324538673445,0.124679354961091,0.858082198638598,0.645754643188502,0.997062466387674
175.61,0,282.324538673445,0.128343038152356,0.859357969213882,0.644926754652993,0.997964040692225
175.62,0,282.324538673445,0.125514341105871,0.856110111524546,0.64711034151514,1
175.63,0,282.324538673445,0.124999635160244,0.858708574152858,0.644769001128288,1
175.64,0,282.324538673445,0.123102693615084,0.857817600083322,0.646024922857205,0.999886631701696
175.65,0,282.324538673445,0.123303093937925,0.858822784911324,0.646492281784589,0.997394262123859
175.66,0,282.324538673445,0.12774153434277,0.858693006612946,0.646994329384723,0.999369478469857
175.67,0,282.324538673445,0.124485233506377,0.856915861548124,0.647019025639055,0.999165503016358
175.68,0,282.324538673445,0.121900456157988,0.85802810881242,0.645862357434469,1
175.69,0,282.324538673445,0.124350977751725,0.857035237948801,0.64726101965062,1
175.7,0,282.324538673445,0.125420808389368,0.855734030290545,0.646735581291262,1
175.71,0,282.324538673445,0.122169866321877,0.856037579118117,0.647133055282025,0.999084444074619
175.72,0,282.324538673445,0.122115222823078,0.85665607913261,0.6459237808949,0.997999954371621
175.73,0,282.324538673445,0.126455273092446,0.856957732178123,0.647914907171295,0.996468133603627
175.74,0,282.916571642382,0.122830471384621,0.851770545281812,0.645235106264316,0.996962545829638
175.75,0,283.240689401576,0.122541432740352,0.855456404480366,0.648069839432011,0.998453212651647
175.76,0,283.549957345131,0.124056422061288,0.855170520177849,0.648270027266568,1
175.77,0,283.862736136671,0.123608882175141,0.856121297838573,0.649509454889333,1
175.78,0,284.174456390152,0.124385262080236,0.853296035209018,0.648358055460698,1
175.79,0,284.48566925143,0.12228819146439,0.853618445469931,0.648338310656964,1
175.8,0,284.796394745797,0.124986420977155,0.854767760304424,0.649297972964147,0.99870683626898
175.81,0,285.106691967636,0.122173630547668,0.853620212968544,0.648350184207444,1
175.82,0,285.416618839892,0.121697150911482,0.854978250346615,0.647864398601899,1
175.83,0,285.726233875501,0.123029590658139,0.854597325398218,0.647768928455876,0.998002716669316
175.84,0,286.035596166837,0.12263063463893,0.853168057712327,0.648242214473802,1
175.85,0,286.344765350108,0.122073535879336,0.851381227543749,0.648464791788952,1
175.86,0,286.653801583688,0.125288754750401,0.850940613673548,0.65020048194234,0.998391627057659
175.87,0,286.9627655246,0.119911829612696,0.853573026953334,0.650993381841417,1
175.88,0,287.271718304992,0.122601629567313,0.851492951079025,0.650636486843669,0.999127982250974
175.89,0,287.580721508463,0.12172956998962,0.85319014598709,0.65226565547686,0.998096032452631
175.9,0,287.889837146276,0.119891847885366,0.852880736789555,0.649682292167393,1
175.91,0,288.199127633459,0.120571280435762,0.851716519582797,0.648094506482343,1
175.92,0,288.508655764799,0.120846545546681,0.853476543732828,0.648211708899549,1
175.93,0,288.818484690754,0.120865141131749,0.85071491871427,0.65083159583248,1
175.94,0,289.128677893286,0.119136057754364,0.851394526032228,0.651533056436226,1
175.95,0,289.439299161626,0.119329840485701,0.853172658423055,0.652010635448204,0.997584782296054
175.96,0,289.750412567981,0.118747142776582,0.850798493150255,0.649520806720763,0.998077210141182
175.97,0,290.062082443197,0.119254453824956,0.849820861847202,0.649427866336885,0.999542409959281
175.98,0,290.374373352382,0.116437726472864,0.849770123282975,0.650848265030737,1
175.99,0,290.687350070512,0.119957233715662,0.847257475932753,0.6508343402023,0.998029261335028
176,0,291.001077558008,0.119265047204174,0.850950394687658,0.649223638588335,0.999754187215202
176.01,0,291.315620936315,0.118894485487282,0.848214208563246,0.651234327021517,1
176.02,0,291.631045463482,0.119912828819893,0.847830511257909,0.651073813905638,1
176.03,0,291.947416509752,0.117647688665686,0.848491001230441,0.651972024706959,1
176.04,0,292.264799533174,0.119377831035694,0.84771538355738,0.651619514276815,1
176.05,0,292.583260055246,0.121751315707551,0.848940388139883,0.651066936904667,1
176.06,0,292.902863636594,0.117089991816877,0.848610665810944,0.65135327896817,1
176.07,0,293.223675852696,0.117611782882389,0.848679639873611,0.655401012111412,0.999768465861571
176.08,0,293.545762269669,0.117369953861917,0.846379987056032,0.650628913134562,1
176.09,0,293.869188420108,0.118061865398053,0.848259481406686,0.650082498492767,0.999839008867213
176.1,0,294.194019779,0.11514090799152,0.846190569537917,0.65556619447783,0.998454726613793
176.11,0,294.520321739718,0.117848811487263,0.847253773820318,0.652896663784256,0.997387106890247
176.12,0,294.848159590102,0.116756770952136,0.847091739157408,0.652639304577604,0.998538958136551
176.13,0,295.177598488618,0.118290148257117,0.846033715166502,0.654624712302701,1
176.14,0,295.508703440635,0.11578572819196,0.84930592658722,0.653665209169861,1
176.15,0,295.841539274797,0.115665878465617,0.846051512756658,0.652058820646849,1
176.16,0,296.176170619505,0.115942560973153,0.846572313733201,0.65649392738231,1
176.17,0,296.512661879527,0.114565895170951,0.844513275479545,0.655766178777041,0.999300231086002
176.18,0,296.851077212721,0.11642781459054,0.844382158010384,0.655920302362288,0.999487647028152
176.19,0,297.191480506898,0.117429681893154,0.844063767596353,0.65359372709145,1
176.2,0,297.53393535681,0.113576493631284,0.845703692630991,0.654715279595871,0.999139142385701
176.21,0,297.878505041289,0.115410274932036,0.84581005420331,0.654751478950898,1
176.22,0,298.225252500526,0.115000843344825,0.84482369743329,0.651816708932232,1
176.23,0,298.574240313502,0.114172365119636,0.847290547198528,0.6529647042131,1
176.24,0,298.925530675576,0.113353547941127,0.845600372670142,0.65546844619381,1
176.25,0,299.279185376235,0.113830684697614,0.846697692695983,0.654306197170496,1
176.26,0,299.635265777,0.115217385628286,0.84467657235245,0.655333967316404,0.999774479576838
176.27,0,299.993832789516,0.112907221377465,0.843572240021115,0.655121500342651,0.998863059522667
176.28,0,300.354946853799,0.113245662596332,0.841083566480932,0.654087254115609,1
176.29,0,300.718667916674,0.115439781317794,0.841768544365571,0.655225160318505,0.999561355662893
176.3,0,301.085055410382,0.113655012355995,0.845680819111873,0.654148337543481,0.998319146039251
176.31,0,301.454168231382,0.112395072151355,0.841408754930168,0.656424297100444,1
176.32,0,301.826064719332,0.113705219654438,0.843720047058601,0.655792724372657,0.999384031765935
176.33,0,302.200802636268,0.112248741348834,0.84223009468321,0.656006600434465,1
176.34,0,302.578439145971,0.113476358326803,0.84102627669071,0.658638573716888,1
176.35,0,302.959030793537,0.112272090140092,0.841695407300975,0.655747051361854,1
176.36,0,303.342633485147,0.113708042633288,0.840879766570678,0.655828404563585,0.999246580136733
176.37,0,303.729302468034,0.111817605210146,0.841045251102013,0.653480310310717,0.997121015096969
176.38,0,304.119092310662,0.109125846910096,0.843515837145309,0.65454539712077,1
176.39,0,304.512056883115,0.11069236515243,0.839597218026131,0.657487335797787,1
176.4,0,304.908249337691,0.109938978857862,0.839956905979185,0.659026055175762,0.997799095587155
176.41,0,305.307722089711,0.108314966970581,0.841502225620513,0.656678013540394,1
176.42,0,305.71052679855,0.105843997943305,0.840001343147074,0.656161235300436,1
176.43,0,306.11671434888,0.11003252006469,0.840455001680484,0.655650069602058,1
176.44,0,306.526334832139,0.10825304530707,0.840067348842408,0.65780284042017,1
176.45,0,306.939437528211,0.10895734852127,0.842130022057528,0.657735234220098,0.999332567496344
176.46,0,307.356070887349,0.10680789178581,0.839535313804128,0.656149891404835,0.999905748411078
176.47,0,307.776282512312,0.107953777634128,0.839285065112256,0.65583803898216,1
176.48,0,308.200119140732,0.1063880816362,0.839711120241832,0.656648668542874,0.998609066250137
176.49,0,308.627626627723,0.10889679837509,0.839985279176486,0.657376930155423,1
176.5,0,309.058849928709,0.105964873368343,0.839982757376347,0.657469101219399,0.999393840891608
176.51,0,309.493833082498,0.110025813348031,0.839880739656309,0.656857363323906,1
176.52,0,309.93261919459,0.107350417822926,0.83717573765181,0.658155893730853,0.997723597503954
176.53,0,310.375250420725,0.109501310052586,0.839334906846359,0.658200876854924,1
176.54,0,310.821767950673,0.108352593124886,0.841066726714819,0.655361666256667,1
176.55,0,311.272211992265,0.10626284374199,0.838261369723395,0.65757552986247,0.998861979764923
176.56,0,311.726621755681,0.103512145770426,0.836753628553307,0.658164104789601,0.997776377249034
176.57,0,312.18503543797,0.104730835408324,0.839743130896621,0.65805077829849,0.999751818703842
176.58,0,312.647490207835,0.105288273072513,0.836120130603255,0.658860447392733,1
176.59,0,313.114022190666,0.103452229719002,0.838803580434576,0.6585990998102,0.999112141775227
176.6,0,313.584666453823,0.104220101272108,0.838533897572502,0.660443222578891,0.99926270806252
176.61,0,314.059456992187,0.104119525780637,0.834486312634792,0.660286903580046,0.998684634003364
176.62,0,314.538426713963,0.105267270154393,0.838160488988844,0.658104919961751,0.996871604861
176.63,0,315.021607426752,0.104279379534063,0.837148829251635,0.658706464828937,1
176.64,0,315.509029823882,0.102692963895721,0.837208242285084,0.659103148276389,0.999013521418122
176.65,0,316.000723471016,0.103755246453302,0.838377077292534,0.658603350519898,0.997827353931155
176.66,0,316.496716793023,0.10492381385993,0.837535668177157,0.660544322988919,1
176.67,0,316.997037061129,0.104912489755009,0.836708938693694,0.657810870960288,0.997769027921841
176.68,0,317.501710380339,0.102067620075658,0.837869944017581,0.659050419089815,1
176.69,0,318.010761677151,0.103822155463121,0.836645668219726,0.658847694813138,1
176.7,0,318.524214687538,0.100074466455563,0.834835542448265,0.65760920822917,0.998278873716189
176.71,0,319.04209194523,0.100679045077222,0.836249128905721,0.657276632349848,0.999546235614471
176.72,0,319.564414770282,0.100312662796614,0.837159998531351,0.658690923598354,1
176.73,0,320.091203257933,0.101924782344195,0.837071263652664,0.658356280308939,1
176.74,0,320.622476267769,0.100339686985897,0.837875347107427,0.659617984067492,0.999548925005152
176.75,0,321.158251413183,0.0999576357480223,0.835793065745341,0.657051793873855,0.997726765575236
176.76,0,321.698545051144,0.0997537785188225,0.834910726631197,0.656553379576042,1
176.77,0,322.243372272273,0.0983600625335455,0.836210372392258,0.65674894739772,0.999735058056077
176.78,0,322.792746891234,0.10182578387127,0.836846171948923,0.659639242798617,1
176.79,0,323.346681437449,0.0996112247865883,0.835904542342269,0.658147622079453,0.998623705865258
176.8,0,323.905187146124,0.0966853561825499,0.833444923834224,0.661230144071856,0.999195036957184
176.81,0,324.468273949617,0.0982565253900917,0.835605516177239,0.660641166929414,1
176.82,0,325.035950469125,0.100057223820122,0.83338469461353,0.657830918087552,1
176.83,0,325.608224006719,0.0986322532382739,0.834494388751035,0.657843087425236,0.999196241876499
176.84,0,326.185100537717,0.0987022887545643,0.833565652162876,0.659507246112463,0.998153897707704
176.85,0,326.766584703402,0.0985019337798753,0.836266667148516,0.657498901644091,1
176.86,0,327.352679804097,0.0976876313842399,0.835599763933405,0.65585699864604,1
176.87,0,327.943387792599,0.0969902029683396,0.833658205365303,0.656651692266294,1
176.88,0,328.538709267966,0.0974091766382963,0.834855355057409,0.656468974411612,1
176.89,0,329.138643469694,0.0952440833017503,0.834840091846483,0.656384828468394,0.997660754588006
176.9,0,329.743188272245,0.0966639168985513,0.83299138515391,0.6569635505544,0.999625024901237
176.91,0,330.352340179975,0.0935996966283555,0.834694186128174,0.658074242690795,1
176.92,0,330.96609432244,0.0955239949424416,0.834013479607759,0.659549676364504,1
176.93,0,331.584444450096,0.0933649037303304,0.834437569589855,0.658926979740067,0.998963477047536
176.94,0,332.207382930397,0.0921094265232906,0.832176138425642,0.656667650455518,0.998953319404122
176.95,0,332.834900744304,0.096336010392289,0.836451222205505,0.655996812842424,1
176.96,0,333.466987483198,0.0935661013702384,0.833872171779439,0.656488444288464,0.999188878256724
176.97,0,334.103631346217,0.093005218941804,0.832403345388854,0.65804383008325,0.999318459676984
176.98,0,334.744819138016,0.0913765293370182,0.833919996994065,0.656354035246826,0.998584104441671
176.99,0,335.390536266955,0.0941674663678329,0.834427265858005,0.655620512406858,1
177,0,336.040766743729,0.0925269482128747,0.833840118200402,0.658174853418897,1
177.01,0,336.695493180443,0.0909477773055122,0.835622195419777,0.655836865038016,1
177.02,0,337.354696790131,0.0914765078741028,0.834448971114436,0.657627540465105,1
177.03,0,338.01835738674,0.0928921389110717,0.833492385927428,0.655344492112236,0.999458576161058
177.04,0,338.686453385577,0.0887485644826785,0.833439123907191,0.657186756900884,1
177.05,0,339.358961804227,0.092228398849674,0.834548309893434,0.656032331823333,0.99712672563683
177.06,0,340.035858263943,0.0893651346277013,0.831359978162549,0.656477057131141,0.998014916308675
177.07,0,340.717116991531,0.0885236582690546,0.836163016485552,0.65794535082132,0.999461941662396
177.08,0,341.402710821724,0.0873361705115851,0.832162727169433,0.656236168405786,1
177.09,0,342.092611200043,0.0878515885009652,0.831003212020671,0.657383656595992,1
177.1,0,342.786788186181,0.0877475885436468,0.83292031632695,0.657186393957026,1
177.11,0,343.485210457883,0.0897096484504228,0.835444042750553,0.657840415572237,0.999148219189305
177.12,0,344.187845315353,0.0875034807301128,0.830613532410085,0.656060656290396,0.999728190886227
177.13,0,344.894658686183,0.0863349492876697,0.832734821401295,0.656208821803937,0.998530028534224
177.14,0,345.605615130812,0.0873116554772956,0.833527141482033,0.654712754568843,1
177.15,0,346.320677848521,0.0854347563930264,0.832699959270124,0.654808249886442,0.999754409111254
177.16,0,347.039808683978,0.0865517892461796,0.832250341839276,0.655197605336785,1
177.17,0,347.762968134325,0.0855124552679433,0.831038025111898,0.653432205420202,1
177.18,0,348.49011535682,0.0858035973662839,0.829327230255191,0.65253401965051,0.9996241897889
177.19,0,349.221208177051,0.0838724768526733,0.832408211484066,0.655960192864245,1
177.2,0,349.956203097705,0.0833216066237379,0.832266297960015,0.653527842623845,1
177.21,0,350.695055307916,0.0862072152592134,0.831853436412755,0.654172269731823,0.999896447912156
177.22,0,351.437718693182,0.0850754766949618,0.83056585001768,0.653173159271247,0.997717423622014
177.23,0,352.184145845879,0.0840050432361293,0.83413026390015,0.653441523961286,1
177.24,0,352.934288076354,0.081892672230478,0.832495204990323,0.655202328935497,0.997528574226945
177.25,0,353.688095424605,0.0818386992186496,0.829767339449871,0.653503997589389,1
177.26,0,354.445516672565,0.0818646643203374,0.831847615687028,0.654720193664945,0.997338999228574
177.27,0,355.206499356991,0.0823074494505453,0.83269483927998,0.653219795436637,1
177.28,0,355.970989782942,0.08117862453036,0.832977145942746,0.65228185756013,1
177.29,0,356.738933037884,0.0787213596704164,0.831562340448835,0.650514087116202,0.998709957412246
177.3,0,357.510273006391,0.0830038469110494,0.831805340244635,0.65240934501547,1
177.31,0,358.284952385465,0.0802005435771128,0.830790443882965,0.654040704814208,1
177.32,0,359.062912700479,0.0790101163597105,0.830130331896096,0.652902059565561,0.999719816632626
177.33,0,359.844094321735,0.0791841701505846,0.829244172454538,0.651977822032946,1
177.34,0,360.628436481637,0.0789537726792224,0.830875488589271,0.65200275564254,1
177.35,0,361.415877292498,0.0796519146945708,0.832522009730192,0.652114040233612,1
177.36,0,362.206353764967,0.0763840478130262,0.832493143050436,0.651978117271287,0.996667518009747
177.37,0,362.999801827075,0.0755780949611079,0.831520698061504,0.652933302064338,1
177.38,0,363.796156343915,0.0766616827133062,0.831563336635751,0.652998865802573,1
177.39,0,364.595351137946,0.0755877357493286,0.831386085396774,0.651153510123911,0.999945250691829
177.4,0,365.397319009914,0.0749484511115484,0.829662678734928,0.653831673455456,0.999931604819253
177.41,0,366.201991760408,0.0760385789067377,0.832956121410795,0.651400083504719,1
177.42,0,367.009300212034,0.0765561166256752,0.832358368613235,0.653073364408194,0.99792058172365
177.43,0,367.81917423221,0.0767195874029024,0.83152529440295,0.648941965840069,0.99948738876901
177.44,0,368.63154275658,0.0740355658578269,0.830587551980739,0.652369485965102,1
177.45,0,369.446333813045,0.07448921934968,0.830782125365799,0.650544662662759,0.999323248426478
177.46,0,370.26347454641,0.0758995144560359,0.830238930203602,0.652351344024929,0.999529820098448
177.47,0,371.082891243634,0.0739540416042197,0.833108326765698,0.652566643863897,0.999398050401914
177.48,0,371.904509359692,0.0713465965200021,0.831451045585386,0.649364660000308,0.999354844383416
177.49,0,372.728253544036,0.0745215660042551,0.833933046671543,0.648261860894682,1
177.5,0,373.554047667648,0.0715129072424862,0.829806494825327,0.649968630715814,0.998742943121795
177.51,0,374.381814850687,0.0717482397299189,0.83154067589454,0.649164395948021,0.999951678976923
177.52,0,375.211477490721,0.0711069801182752,0.827580508757862,0.649845764092386,1
177.53,0,376.042957291526,0.0692788308128736,0.831080423470129,0.648952293272402,1
177.54,0,376.876175292472,0.0710950454082541,0.831837683009612,0.648305733817152,0.998517601360728
177.55,0,377.711051898451,0.069210653872025,0.830311554617465,0.649985100501599,1
177.56,0,378.547506910372,0.0711813064397766,0.832807951356033,0.646112368029863,0.998736535480995
177.57,0,379.385459556196,0.0673279952923317,0.832604565684989,0.649000884556068,1
177.58,0,380.224828522505,0.067057113455996,0.83094511045542,0.648246869566149,0.997486262914753
177.59,0,381.065531986593,0.0691855852404519,0.831317873736547,0.649710829198951,0.998683552397992
177.6,0,381.907487649079,0.0683650898703027,0.82997274658908,0.647464997446199,0.99799185684334
177.61,0,382.750612767017,0.0666270941416153,0.830843880695484,0.648631472258421,0.999034345689697
177.62,0,383.594824187492,0.0665380378409953,0.830510523180891,0.646628878180173,0.997690541504327
177.63,0,384.440038381708,0.0694213961827011,0.831735717307196,0.647454072713415,1
177.64,0,385.286171479527,0.0653108782657588,0.830763822324185,0.647579618367875,0.999389409560408
177.65,0,386.13313930447,0.0649509016917232,0.834449025608114,0.649735480393359,1
177.66,0,386.980857409154,0.0657951608454802,0.831831973068402,0.649275999193919,0.997400150565285
177.67,0,387.82924111115,0.0672747104937162,0.82914944179663,0.64833747661382,1
177.68,0,388.67820552925,0.0625420340583628,0.831941146042255,0.647511685813067,1
177.69,0,389.527665620131,0.0624788081913777,0.833118584201152,0.647086158095398,0.998859992830615
177.7,0,390.377536215387,0.0663672384024387,0.831408137434736,0.645175579165141,1
177.71,0,391.227732058935,0.0610512498457077,0.830822255167219,0.647669127571852,0.998425981939349
177.72,0,392.078167844744,0.0627604018081977,0.832198942258458,0.648800180955678,1
177.73,0,392.928758254909,0.0635617568002955,0.830322963855827,0.64827355719197,0.99901842791853
177.74,0,393.779417998019,0.06470220178102,0.831015231901768,0.648174236898034,1
177.75,0,394.630061847811,0.0623288615408273,0.831933419882264,0.647617854805967,1
177.76,0,395.48060468211,0.0634608869764114,0.830813185473942,0.646728751315446,1
177.77,0,396.330961521995,0.0605764777181404,0.834779642806962,0.645049368023546,1
177.78,0,397.181047571207,0.0591167529871426,0.831032610078454,0.647868062185989,0.996645371995889
177.79,0,398.030778255772,0.0598194854977501,0.832652902214859,0.645310938058296,0.999992814723523
177.8,0,398.880069263792,0.062385756859397,0.833077115453437,0.644996498323869,0.999537414293702
177.81,0,399.728836585417,0.0616103537231845,0.830644227417792,0.643610135071245,0.998279435039621
177.82,0,400.576996552958,0.0600185274141948,0.832511658085522,0.645392041353566,1
177.83,0,401.424465881118,0.0577543888078678,0.832129261228928,0.643263034139649,1
177.84,0,402.271161707328,0.0602997801906846,0.828370933195423,0.644372084603515,0.998877458960764
177.85,0,403.117001632157,0.0585194641324639,0.831077841859248,0.642472912120864,0.999475453455602
177.86,0,403.961903759771,0.056306855968957,0.834154400719108,0.644243877430552,1
177.87,0,404.805786738432,0.0573281916204006,0.834146295741669,0.644572380061506,1
177.88,0,405.648569800991,0.0555563048594266,0.833719761347298,0.644856779699371,1
177.89,0,406.490172805377,0.0556460600821811,0.832083638290666,0.645060028075899,0.997208796037199
177.9,0,407.330516275031,0.0554709484783036,0.835583655176687,0.643552028039536,0.999608045547866
177.91,0,408.169521439275,0.0547280328864847,0.833692668189286,0.643898952608323,1
177.92,0,409.007110273605,0.0547897778894437,0.83470968995641,0.642394551564072,0.997836573081492
177.93,0,409.843205539844,0.0551913806766503,0.831628145115988,0.64084948582309,1
177.94,0,410.677730826169,0.053359329587047,0.831203257358233,0.643605538629479,0.998225741224573
177.95,0,411.510610586969,0.0542067097956859,0.832629595438129,0.641002958321119,0.999194459494876
177.96,0,412.341770182511,0.0526268278884101,0.834498746396442,0.642006101081876,0.999817325843533
177.97,0,413.171135918382,0.049864855729886,0.831056668862835,0.643739293480237,1
177.98,0,413.998635084705,0.0521284595414551,0.833659429950429,0.642852447910574,0.999120711034836
177.99,0,414.824195995065,0.0534296203056901,0.833038304087465,0.642369980723815,1
178,0,415.647748025157,0.0524202804058361,0.833766534512381,0.641430875908766,1
178.01,0,416.469221651113,0.0505397569536367,0.835220308190754,0.64098365698997,1
178.02,0,417.288548487481,0.0495338107537708,0.834011617462475,0.641793732969347,0.998299629835434
178.03,0,418.105661324837,0.0513130826428559,0.833191749747573,0.644428019156514,0.999828457071824
178.04,0,418.920494166998,0.0489583433248149,0.831358659540335,0.641588577579042,1
178.05,0,419.73298226782,0.0487127480362343,0.8330698781814,0.642613629877964,0.99896011043034
178.06,0,420.543062167555,0.0474642354601828,0.834355696519118,0.642668236704884,0.999250807755724
178.07,0,421.350671728722,0.051180877505927,0.831952117450286,0.640421230364737,1
178.08,0,422.155750171504,0.0488330999708498,0.832752118807248,0.640373221367162,0.999668942404255
178.09,0,422.958238108613,0.0427684507186053,0.83514918379628,0.643137289876391,1
178.1,0,423.758077579613,0.0476900267387669,0.836068797334477,0.64363596412654,0.998995659410665
178.11,0,424.55521208469,0.0480536598144187,0.835064076509883,0.641618365525966,1
178.12,0,425.349586617811,0.0449539664736662,0.833498152300544,0.640532873439952,0.998745441415554
178.13,0,426.141147699286,0.0461315127707372,0.832581448290805,0.642646098054268,1
178.14,0,426.929843407688,0.0458161611786162,0.835946413520541,0.642025646121752,0.999979168873941
178.15,0,427.715623411116,0.0467090423282444,0.836417140622909,0.640510810054365,1
178.16,0,428.498438997773,0.047776597651315,0.83576645341292,0.642304119678096,1
178.17,0,429.278243105852,0.0464851249655546,0.833557374928762,0.641122780435639,0.99868732644252
178.18,0,430.054990352686,0.0443817541032787,0.835889998932599,0.641154019493437,1
178.19,0,430.828637063163,0.0446250830406799,0.833550046249244,0.640739174230434,0.998512073304124
178.2,0,431.599141297374,0.0416921835966724,0.836067392807977,0.641828990367234,0.997858310153383
178.21,0,432.366462877472,0.044207691229114,0.834760790265403,0.64024055423516,0.999739247444264
178.22,0,433.130563413743,0.0453529668100808,0.832016561181339,0.642839326201679,1
178.23,0,433.891406329833,0.045662805580275,0.837515153799108,0.640229247283828,1
178.24,0,434.648956887155,0.0434046484884638,0.837070052352092,0.642701244133206,0.999510167772252
178.25,0,435.403182208429,0.0434393589135427,0.836186127996689,0.641710584178879,1
178.26,0,436.154051300346,0.0435385780869727,0.837875875734959,0.639470572570213,1
178.27,0,436.901535075355,0.0398464086736289,0.836503704586628,0.640689075606582,0.998792538440019
178.28,0,437.645606372524,0.043939201243878,0.834834732271268,0.639440500988314,0.998175696843063
178.29,0,438.386239977498,0.0423677388941368,0.837617707474658,0.641638635515634,0.999144683334206
178.3,0,439.123412641514,0.0403890587740864,0.8350814730069,0.645078308375155,0.999310925651425
178.31,0,439.857103099469,0.0431136229227298,0.835757109366456,0.640985512313154,1
178.32,0,440.587292087026,0.0394412082927254,0.836459742799366,0.639896064545604,0.999045779616577
178.33,0,441.313962356752,0.0409779744411209,0.838230044509974,0.640556297717211,0.998882373624637
178.34,0,442.037098693265,0.0388884217491948,0.83914622442989,0.643722076664791,1
178.35,0,442.756687927385,0.0408319582756119,0.835817969084593,0.640594187018388,0.999566045602539
178.36,0,443.472718949292,0.0382659858892664,0.837802408345049,0.643253653117154,0.999306869433629
178.37,0,444.185182720654,0.0397853267249693,0.840916495929811,0.640064457642155,0.997311230868608
178.38,0,444.894072285747,0.0400708996139885,0.837375290029307,0.642166091998738,0.999894113663285
178.39,0,445.599382781536,0.0392075565957854,0.838315294278417,0.643383012083826,1
178.4,0,446.301111446721,0.0351132491067961,0.837637333719157,0.639956171623576,0.999574834829875
178.41,0,446.999257629748,0.0377223568234463,0.839110929863438,0.642315320532057,0.998678775270619
178.42,0,447.693822795762,0.0377432480807259,0.83684709674635,0.642379423821723,1
178.43,0,448.384810532516,0.0384284693904939,0.837827712988042,0.640052536936682,0.999437991250478
178.44,0,449.072226555222,0.0365861075080476,0.839021481435725,0.640481907377937,0.998698713566671
178.45,0,449.756078710342,0.0365678455916713,0.838519269674903,0.642626376308912,1
178.46,0,450.436376978323,0.0376002509375817,0.836924889649175,0.644191310079812,1
178.47,0,451.11313347527,0.0345726470079098,0.837755694558825,0.642669929008567,0.999396542780404
178.48,0,451.78636245355,0.0359872790250462,0.839742771620046,0.642346946923487,0.999478039977715
178.49,0,452.456080301353,0.0350843951119305,0.840026497425405,0.641239543542111,0.996510841619612
178.5,0,453.122305541173,0.0367515277831393,0.838530345094114,0.64296950082985,0.998877513764288
178.51,0,453.785058827241,0.0353081384351097,0.83798918298652,0.642696931394417,1
178.52,0,454.44436294191,0.0342338196903784,0.838982363885429,0.643641820968296,0.998268901913254
178.53,0,455.100242790966,0.0366728556496074,0.838529196977214,0.641871635955567,0.999985193702057
178.54,0,455.752725397927,0.0341176052252807,0.839988988697598,0.644838790448661,1
178.55,0,456.401839897261,0.0352759032272287,0.840940999437584,0.642320279715089,1
178.56,0,457.047617526601,0.0336172625337579,0.843216949002391,0.643338165128245,1
178.57,0,457.69009161791,0.0330199610329227,0.842007806063416,0.643187282828233,0.997757997978467
178.58,0,458.329297587633,0.0347952208415882,0.841733380851095,0.644677708883334,0.99926216787332
178.59,0,458.965272925832,0.0316378740701577,0.842090725779442,0.641667644107288,1
178.6,0,459.598057184318,0.0318744161743715,0.839221313729464,0.64206066420282,1
178.61,0,460.227691963782,0.0332750277838237,0.842392925602047,0.64155242479463,1
178.62,0,460.854220899944,0.0305277917852906,0.84132462766797,0.644906095791106,0.99922302653877
178.63,0,461.477689648729,0.0303064187059676,0.843046164715839,0.643449185513836,0.99921141598398
178.64,0,462.09814587047,0.0335910995358822,0.840863219882987,0.641828727303592,1
178.65,0,462.715639213173,0.0309949817975019,0.842479965263384,0.643528515211085,1
178.66,0,463.330221294826,0.0303148097487245,0.843065382366935,0.643457156651395,1
178.67,0,463.941945684796,0.029886140447846,0.841746600438483,0.644186129285673,0.996949478897953
178.68,0,464.550867884306,0.0306224399525965,0.842881811037463,0.642246466028495,1
178.69,0,465.157045306013,0.0293652775126814,0.844719502331881,0.645717239264366,0.99976524278694
178.7,0,465.76053725271,0.0295501628172436,0.84276144262952,0.645793299431139,0.999850756218803
178.71,0,466.361404895147,0.0323783372922842,0.844259992501649,0.644772843223412,1
178.72,0,466.959711249014,0.0298532893253904,0.844742050983142,0.641953760380694,0.999901638278082
178.73,0,467.555521151074,0.0305780841694048,0.843704584444025,0.643588969892518,1
178.74,0,468.148901234488,0.0283284899839241,0.845646989354817,0.64419258353392,0.999042224098243
178.75,0,468.739919903329,0.0289770093836978,0.841881598946681,0.641862425356981,1
178.76,0,469.328647306313,0.0309484982673032,0.841911645231719,0.644657517670241,1
178.77,0,469.915155309765,0.0276552395606092,0.843639302809203,0.644026012223911,0.999780168091186
178.78,0,470.499517469837,0.0287142814224448,0.846152233651945,0.644888287602805,1
178.79,0,471.081809003986,0.0303623545887021,0.846369462190646,0.645041011776373,1
178.8,0,471.662106761752,0.0253814528634955,0.845812852699826,0.644450668379493,1
178.81,0,472.240489194836,0.029429264245025,0.84588929554979,0.645901533266526,0.998787403121598
178.82,0,472.817036326507,0.0280930046626888,0.847198726386098,0.646369027993893,0.998602494490875
178.83,0,473.391829720354,0.0261028001615137,0.84436283858138,0.647577482192633,0.999380810283139
178.84,0,473.964952448408,0.0267658445035589,0.843340168610561,0.646284964683834,0.99834663878443
178.85,0,474.53648905864,0.0266495854200586,0.848665228725754,0.648931127420735,0.999782309015406
178.86,0,475.106525541878,0.0269158772171257,0.84652929181965,0.645916170790951,1
178.87,0,475.675149298143,0.0227671666700192,0.849084310973834,0.647663888018239,0.999335722727958
178.88,0,476.242449102431,0.0241786475377556,0.844935792201554,0.64646860763048,0.998962363822496
178.89,0,476.808515069966,0.0257232375375927,0.84736298266081,0.646576737277855,0.999437909930519
178.9,0,477.373438620936,0.0244965982753539,0.846175018524182,0.648332720915149,0.999667918998206
178.91,0,477.937312444748,0.0253481902139969,0.850211486567809,0.645460680427032,1
178.92,0,478.500230463795,0.0224648732547825,0.849763400879125,0.646572950443439,1
178.93,0,479.062287796793,0.0246363038687142,0.849133994912203,0.648133462598305,0.997519486778485
178.94,0,479.623580721671,0.0242845410897443,0.847213457691149,0.647391808700455,0.998826727056432
178.95,0,480.184206638063,0.0253669847885755,0.850148017434254,0.645067005049238,1
178.96,0,480.744264029404,0.0262965728951972,0.84776487709751,0.647569848684604,0.996796406393663
178.97,0,481.303852424668,0.0210969670523551,0.851944668977093,0.650418128736961,0.999540011313682
178.98,0,481.863072359752,0.0231411967050957,0.849106236887065,0.648742673907779,1
178.99,0,482.422025338525,0.0237846934569175,0.849720001828529,0.649437271775046,0.999732037000194
179,0,482.980813793597,0.0200121334054217,0.849203031471932,0.647782157309846,0.999384190978626
179.01,0,483.539541046764,0.0231336794030695,0.850115433938511,0.648605872416127,0.999126596156502
179.02,0,484.098311269216,0.0216005795737946,0.850030520149031,0.64949286502501,0.999391205077971
179.03,0,484.657229441485,0.0217481816977405,0.849975494608415,0.650337540109409,0.999466616513553
179.04,0,485.216401313162,0.0230919609673895,0.849884805278982,0.649639325815128,1
179.05,0,485.775933362417,0.022079074537643,0.852522955754328,0.649515356480836,1
179.06,0,486.33593275532,0.0217964666942907,0.850934862381755,0.649733425244997,0.997755594476065
179.07,0,486.89650730499,0.0227398917484602,0.850165356532173,0.649508658903671,1
179.08,0,487.457765430602,0.0231681125530981,0.850509295519165,0.64912046173637,1
179.09,0,488.019816116245,0.0206630803632394,0.851269090039576,0.649679638614736,0.999621309708771
179.1,0,488.582768869682,0.0211819329188963,0.851395265898553,0.650562545681666,1
179.11,0,489.146733680994,0.018916060472026,0.852610012519241,0.652988677493887,0.998642793798304
179.12,0,489.711820981154,0.0221643609171651,0.852201764383014,0.650025348066039,1
179.13,0,490.278141600538,0.0189146559336221,0.854054683700281,0.653411719529858,0.998160755981838
179.14,0,490.845806727377,0.0176290976688419,0.85392210584256,0.652266810460422,0.997495953415358
179.15,0,491.414927866196,0.0188545621967528,0.85432801401099,0.65331211318888,0.999165841351369
179.16,0,491.985616796224,0.0167160140204919,0.852229000463818,0.652217491791453,0.997588962858808
179.17,0,492.557985529808,0.021210869196426,0.853090057311894,0.650674283099565,0.997068574585718
179.18,0,493.132146270852,0.018869888330876,0.853528048950019,0.652221178196021,1
179.19,0,493.708211373279,0.0189102294617743,0.852892035256304,0.652847451509354,0.998944395860991
179.2,0,494.28629329954,0.0200243888536963,0.853251272875844,0.653167456667642,0.997464136485343
179.21,0,494.866504579189,0.0192075735152179,0.854764400132345,0.652319301488484,0.999601957615704
179.22,0,495.448957767528,0.0171453803700699,0.853573000683536,0.652745635517561,0.998202609765842
179.23,0,496.033765404347,0.0186198953873969,0.856443290028342,0.652869084796132,1
179.24,0,496.621039972749,0.0166763498277063,0.855271365564309,0.650227425448428,0.998098500888231
179.25,0,497.210893858113,0.0178217694248036,0.855592189626248,0.651756221587059,0.99959136734458
179.26,0,497.803439307165,0.0179386325329551,0.855956070175574,0.652986296674196,0.999319712659625
179.27,0,498.398788387197,0.0172499623943472,0.856180732818295,0.651955871644338,0.999828342939891
179.28,0,498.997052945433,0.0170453683284104,0.85827765005103,0.651501814003277,0.999860604688062
179.29,0,499.598344568562,0.0178654115332517,0.856128627097218,0.653267146173478,1
179.3,0,500.202774542438,0.0149799973030944,0.854415726342565,0.652090302768852,0.999330874048565
179.31,0,500.810453811966,0.0173976254929318,0.857878757277122,0.653110059486778,1
179.32,0,501.421492941185,0.0162265195161051,0.854180974867809,0.652406536029751,1
179.33,0,502.036002073551,0.0185400435756136,0.858099661450932,0.653244353713891,0.998585626898815
179.34,0,502.654090892438,0.0134626229374331,0.857445523464972,0.654134819591074,1
179.35,0,503.275868581855,0.0145522422515047,0.859152060026245,0.653527706894445,0.997553131266384
179.36,0,503.901443787402,0.0156833992186283,0.8589395248634,0.653194180544648,1
179.37,0,504.530924577464,0.0140692677353685,0.8601022365766,0.656177886829869,0.999830717298037
179.38,0,505.164418404652,0.0164509893021456,0.858109217333425,0.65615594689231,1
179.39,0,505.802032067498,0.0132207353570772,0.857898886823333,0.654773697858801,1
179.4,0,506.443871672423,0.0152957998642847,0.857979425748908,0.652946923294289,0.999554219776362
179.41,0,507.090042595966,0.0145811004914492,0.860414986682946,0.654698051231766,1
179.42,0,507.740649447304,0.0134805013506152,0.858305612452535,0.653523948328144,0.99922552717937
179.43,0,508.395796031042,0.0137067946515897,0.860147430295994,0.654009968110738,1
179.44,0,509.055585310306,0.0124403967014372,0.860500654012399,0.655942251348056,0.999412256480512
179.45,0,509.720119370135,0.0132149761972313,0.857334279254539,0.656434811986988,1
179.46,0,510.389499381166,0.0134533882589425,0.862184520422095,0.657260916016611,0.999722347899488
179.47,0,511.063825563639,0.0117501560634184,0.862736157827314,0.657842052697338,1
179.48,0,511.743197151712,0.0117089310864582,0.860598680845137,0.657120090898341,0.999889903809078
179.49,0,512.427712358104,0.0103779812384339,0.859100746749544,0.656310798306957,1
179.5,0,513.117468339054,0.00985997829757832,0.86021898855939,0.656057364236417,1
179.51,0,513.812561159612,0.00882296549499553,0.859097588552238,0.655942462404563,0.998775441746639
179.52,0,514.513085759278,0.0127091546328649,0.862182671187145,0.658447792427362,1
179.53,0,515.219135917961,0.0136338122022425,0.862239434476033,0.659540336782279,1
179.54,0,515.930804222303,0.00898153160364499,0.861380183271766,0.657565926586794,1
179.55,0,516.64818203233,0.0102807139695292,0.860065227389754,0.65954452882701,1
179.56,0,517.37135944848,0.00990054263243423,0.863557658524428,0.656768957120574,0.998844196534095
179.57,0,518.100425278965,0.00843523126311583,0.861346365043638,0.657563320604445,1
179.58,0,518.835467007511,0.0112818380845824,0.865934428872089,0.655288791027622,1
179.59,0,519.571146488675,0.00842914132711544,0.863865635565426,0.656324800848933,0.999643346602846
179.6,0,520.282583981936,0.00861263755936334,0.864052970947823,0.657927701973963,1
179.61,0,520.998405256637,0.00940156196859028,0.866490696910182,0.658138630884611,1
179.62,0,521.720761715328,0.0102800201411162,0.86525588655059,0.655771936739395,1
179.63,0,522.320580996718,0.0119431416106323,0.866761148720662,0.658061934543164,0.997602463460369
179.64,0,522.831732717511,0.0098126484749735,0.865251029513343,0.65639659414801,1
179.65,0,523.354152879449,0.00782491628631485,0.864654348245804,0.656845620141284,1
179.66,0,523.858609480723,0.00925001495418112,0.865817232623272,0.661034889547117,0.998701170536417
179.67,0,524.235288376285,0.00662245591703895,0.863066241409691,0.657614489439797,0.998539979089611
179.68,0,524.610004600471,0.00877213292241895,0.867340438252677,0.659312432510628,0.998846646409322
179.69,0,524.992000353793,0.00534254748878051,0.866932973365922,0.658494156107646,1
179.7,0,525.309737328789,0.00809360876471018,0.864873022950926,0.660141237682391,1
179.71,0,525.581789757554,0.00665623944263888,0.867898470316432,0.658055349074212,1
179.72,0,525.862541447681,0.00834891636167963,0.866077424857717,0.656172901014588,0.997338070589226
179.73,0,526.136355229769,0.00974234521062266,0.868204381063156,0.654912315669373,0.999954519013748
179.74,0,526.344643609528,0.0059513026582422,0.867322386699258,0.659926385038372,0.99999472554698
179.75,0,526.554597158996,0.00678020422841509,0.868747402700336,0.658655095411258,1
179.76,0,526.771176646811,0.00900638640205552,0.871378549295582,0.656562809335921,0.997046121672417
179.77,0,526.954352323255,0.00570153805664482,0.8672146069173,0.660460256664856,1
179.78,0,527.114537963297,0.00516318031056012,0.870155175560292,0.660837578127688,1
179.79,0,527.282224253335,0.0055138434356248,0.86933743995487,0.657325156315816,1
179.8,0,527.448196531632,0.00507588208558272,0.869788287494828,0.656484508796279,1
179.81,0,527.577532359002,0.00631836994909242,0.86965890542098,0.657911772316888,1
179.82,0,527.710287378149,0.00674312495697188,0.870519173154764,0.657950041361516,0.999628052295643
179.83,0,527.849421620865,0.00606653724510772,0.870010756488694,0.656698802235185,1
179.84,0,527.969491358896,0.00657287404997717,0.873419465916487,0.659778521108329,0.997054824137415
179.85,0,528.077114136239,0.00644091816464085,0.872901678481543,0.660515227732088,1
179.86,0,528.191691325897,0.00565271648125124,0.872047408283221,0.659854032851565,1
179.87,0,528.306995954869,0.00564918957781361,0.870837783856732,0.658366457240795,1
179.88,0,528.399163286154,0.00469393394456663,0.871871042325451,0.658928118968367,0.998355643281327
179.89,0,528.495544022192,0.00642829013304436,0.871830629874821,0.658267815267422,0.999470797939092
179.9,0,528.598150112737,0.00767675221528991,0.8752874388167,0.65779494236034,0.998320974409059
179.91,0,528.688661091678,0.00627682382562091,0.872205197525853,0.658238844008868,0.999005715437376
179.92,0,528.771827295901,0.00511127771210077,0.873284163167587,0.658674342459028,0.99722094827396
179.93,0,528.861610099333,0.00305033600080793,0.872502741257473,0.658229120896272,1
179.94,0,528.954512750224,0.00521991431486795,0.871336713459515,0.657516217047591,1
179.95,0,529.037949967444,0.00622815071156619,0.874858401862307,0.659794264292525,1
179.96,0,529.126310339582,0.00492083544554039,0.872814891950394,0.658982495864967,1
179.97,0,529.220635847482,0.00533207442964168,0.877276524422764,0.659728144204869,1
179.98,0,529.32023070649,0.00567633665272561,0.876427769587318,0.65940504844764,1
179.99,0,529.425213719486,0.00690622740693318,0.875483157178981,0.658780429546892,0.998671508712012
180,0.3,529.535937243573,0.00709735939744023,0.878143457132588,0.655296647681711,0.997582494578332
180.01,0.3,529.652169135119,0.00647371889685676,0.875474405499707,0.657855032984369,1
180.02,0.3,529.773034289126,0.00658915906175075,0.875420601505873,0.656076963956979,0.99948370281796
180.03,0.3,529.89946829938,0.00421242583262043,0.877531234374025,0.657685034471828,0.99869664078254
180.04,0.3,530.031508016743,0.00563779284976143,0.876328279427303,0.659363005794329,1
180.05,0.3,530.159061732211,0.00560693627827928,0.876760144497849,0.655952621198097,1
180.06,0.3,530.284733733635,0.00288719308845294,0.874514862437721,0.657651064276008,0.998371323926266
180.07,0.3,530.416295721418,0.0054776261956077,0.872649370242184,0.659193238032745,1
180.08,0.3,530.549633318062,0.00275200638501908,0.877466246653845,0.658923369558918,1
180.09,0.3,530.667900371152,0.00793229365339928,0.875618150516217,0.657216871935811,1
180.1,0.3,530.790298382974,0.006045705726768,0.876251356878765,0.656652330898316,0.999930142530044
180.11,0.3,530.91819691131,0.00433074679689433,0.877420216553455,0.656971316387769,1
180.12,0.3,530.933314885788,0.0037757691191238,0.875861395405813,0.656291770145121,0.999010855074296
180.13,0.3,530.933314885788,0.0057673798389569,0.87762305656653,0.654193235293743,1
180.14,0.3,530.933314885788,0.0035505161822087,0.881814146394485,0.657517476919374,0.999162415508402
180.15,0.3,530.933314885788,0.00437721003134007,0.879699827980809,0.655641191790694,1
180.16,0.3,530.933314885788,0.00641501798623418,0.877686692767234,0.656975985137923,0.998189815484249
180.17,0.3,530.933314885788,0.00326734510547591,0.881812868804002,0.656253662391475,0.99893711150867
180.18,0.3,530.933314885788,0.00485972463482325,0.87933956542848,0.656867908465203,1
180.19,0.3,530.933314885788,0.00477759254015957,0.880111689459375,0.658228199983337,1
180.2,0.3,530.933314885788,0.00379501430428482,0.881291587809822,0.654662864762581,0.999870457106032
180.21,0.3,530.933314885788,0.00385873288933677,0.882919085677732,0.656474098280614,1
180.22,0.3,530.933314885788,0.00600290318951651,0.88158083994736,0.655013591843469,1
180.23,0.3,530.933314885788,0.00466313861488907,0.879917470853408,0.655661193218313,0.998983582951235
180.24,0.3,530.933314885788,0.00337918808469647,0.882052622880515,0.655028315905077,1
180.25,0.3,530.933314885788,0.00486045447925242,0.881088837689639,0.654592524397421,1
180.26,0.3,529.837311961843,0.00665466525035308,0.883425070088504,0.659247496913336,1
180.27,0.3,529.235331659934,0.00562266034090807,0.879375642142075,0.657090738470604,0.999545214346883
180.28,0.3,528.687641500868,0.00626533948354576,0.88443583601671,0.65527920577474,0.998568138196497
180.29,0.3,528.134585329715,0.00734962823962398,0.883707585008684,0.653565251167669,1
180.3,0.3,527.587302320701,0.00443314248234502,0.88382823662967,0.655885753109489,0.999894753810791
180.31,0.3,527.044789920366,0.00561490756115128,0.884169567593911,0.653612879609606,1
180.32,0.3,526.506972352698,0.00498776745082626,0.882828959326872,0.653220363286512,0.999741459670099
180.33,0.3,525.973745896394,0.00661414706282003,0.881980025594457,0.652877980089649,1
180.34,0.3,525.445002957872,0.0071304907207391,0.881895801084848,0.655995150505881,1
180.35,0.3,524.92063558567,0.00800190431825908,0.885972721761906,0.654282209709479,0.997368683217645
180.36,0.3,524.400534952391,0.00515561734094302,0.882749845409245,0.655064673594036,0.996926870175678
180.37,0.3,523.884591433362,0.00654784771909738,0.886522649696799,0.655666317640649,0.999685482072248
180.38,0.3,523.372694643552,0.00729120725517834,0.885139713626167,0.653815747828079,0.999716044991515
180.39,0.3,522.864733475763,0.00846617217586869,0.888488787210669,0.655186427404676,0.999782079088822
180.4,0.3,522.3605961393,0.0083633752848339,0.886555308146302,0.654620795162893,0.999583120817479
180.41,0.3,521.86017019893,0.00909928255067022,0.88883646256547,0.655017221883879,0.999800075104497
180.42,0.3,521.363342614144,0.0113712718613361,0.88838319919053,0.651760930110999,0.998109671723432
180.43,0.3,520.869999778721,0.00780682754524668,0.886491017843924,0.655347695520209,0.998807412913153
180.44,0.3,520.380027560575,0.00898454040608868,0.88819146574888,0.653780999497573,1
180.45,0.3,519.89331134189,0.0078415356998985,0.888113355866805,0.653824606149661,0.99865954871182
180.46,0.3,519.409736059515,0.0078693887827765,0.886255494060969,0.653331405079555,1
180.47,0.3,518.92918624562,0.00796758636704428,0.886632005427567,0.652146738872017,0.999263256273958
180.48,0.3,518.451546068619,0.0114519771673399,0.889308009938731,0.652588501643937,0.99979891127098
180.49,0.3,517.976699374312,0.00814305170419043,0.889154007301349,0.650968521062507,1
180.5,0.3,517.504529727268,0.00804614828292487,0.890698146838512,0.653910779935768,1
180.51,0.3,517.03492045243,0.00919414818812894,0.887462293865429,0.653274028305795,0.998607047509467
180.52,0.3,516.567754676923,0.00965441888200102,0.887291868824124,0.651864085344834,1
180.53,0.3,516.102915372051,0.0102167000820499,0.88857649325119,0.651330174248536,0.999680168423836
180.54,0.3,515.640285395493,0.0128796561605042,0.892294235510516,0.652936087367234,1
180.55,0.3,515.179747533653,0.00931141468278768,0.889385507331173,0.649879501505791,0.997681518336328
180.56,0.3,514.721184544179,0.0126845558393285,0.890051214127351,0.649516126003603,1
180.57,0.3,514.264479198623,0.012131434001477,0.890741303948295,0.652818476630658,0.999135294061089
180.58,0.3,513.809514325224,0.0102754617862701,0.890221267495719,0.647700383276923,0.999578518462833
180.59,0.3,513.356172851812,0.00949360289867189,0.890304379665896,0.651413686604144,0.997599542505722
180.6,0.3,512.904337848818,0.0118429124302329,0.890923728192984,0.649214471010858,0.998432828011246
180.61,0.3,512.453892572358,0.0119674784667881,0.891518577432413,0.648299915009059,0.998356737051555
180.62,0.3,512.004720507395,0.013719247072059,0.888951559433012,0.648394610483622,1
180.63,0.3,511.556705410949,0.0146849711054614,0.892203765276293,0.652350804082298,1
180.64,0.3,511.109731355349,0.0119280665156999,0.892478785180406,0.647135840253832,1
180.65,0.3,510.663682771507,0.0122300961938333,0.891138170065954,0.649613740127786,1
180.66,0.3,510.218444492186,0.0138500430114536,0.891234474349677,0.650391069267426,0.999038043804352
180.67,0.3,509.773901795262,0.0109200367253611,0.89202277157163,0.648359961135591,1
180.68,0.3,509.329940446955,0.0130964219783215,0.891998097770761,0.647055184164146,0.998249710810348
180.69,0.3,508.886446745001,0.013713538686756,0.893880871102345,0.64822971915443,1
180.7,0.3,508.443307561764,0.0115226846936107,0.89432780188389,0.651034892896182,0.999301146147202
180.71,0.3,508.000410387256,0.0149650457502942,0.89299249983288,0.648048167218819,0.998977485321803
180.72,0.3,507.557643372046,0.0121296049595439,0.893649896777627,0.647194694951883,1
180.73,0.3,507.114895370051,0.0135023530353872,0.893344080692608,0.649613470171544,1
180.74,0.3,506.672055981175,0.0147077096468151,0.89479943893557,0.650071248684627,1
180.75,0.3,506.229015593775,0.0134469083568041,0.893447563143946,0.648728600990166,1
180.76,0.3,505.785665426953,0.0129496969660679,0.895048050607433,0.647572218298084,1
180.77,0.3,505.341897572632,0.0143936393126927,0.894676555537085,0.646188106940164,1
180.78,0.3,504.897605037401,0.0159950941516171,0.89443927997709,0.647703034111729,0.999876702619343
180.79,0.3,504.452681784114,0.014932943790389,0.896707104553572,0.648419430877657,1
180.8,0.3,504.007022773218,0.0131956258013358,0.896337409639035,0.648646321950218,1
180.81,0.3,503.560524003785,0.0145012076505486,0.896753085087843,0.649464896782619,0.999277540226644
180.82,0.3,503.113082554231,0.0174504496037199,0.895459846119316,0.64902051253087,1
180.83,0.3,502.664596622696,0.0148159654072832,0.897639332144009,0.646342328987617,1
180.84,0.3,502.214965567073,0.0139925238118537,0.895871821310383,0.647829252831433,0.999084612295068
180.85,0.3,501.764089944643,0.0173938347867288,0.897347401444047,0.646471862101607,1
180.86,0.3,501.311871551326,0.0176940796255534,0.898439110031543,0.648140283243749,0.999766760676952
180.87,0.3,500.858213460483,0.0178737795026421,0.896459559598431,0.646936099334249,0.999593646891728
180.88,0.3,500.403020061292,0.0176406290262392,0.897362267408347,0.644304209990717,0.999540168969471
180.89,0.3,499.946197096647,0.0165243375113662,0.898357432774678,0.645783173176985,1
180.9,0.3,499.48765170056,0.0134525121749569,0.899947756586896,0.648544086369564,0.999663881514618
180.91,0.3,499.027292435053,0.0158736504230388,0.895861507436093,0.646475879476798,1
180.92,0.3,498.565029326515,0.0158933248481291,0.89983654317983,0.646570692448063,1
180.93,0.3,498.100773901503,0.0173638349153638,0.900840516822588,0.647949938200111,1
180.94,0.3,497.634439221947,0.0190410713289974,0.898127943970766,0.645908773437022,1
180.95,0.3,497.165939919777,0.0157264678655055,0.900207685043633,0.644463177795822,1
180.96,0.3,496.695192230905,0.0142758706198771,0.896952617477333,0.648325449185429,1
180.97,0.3,496.222114028567,0.0157866200121635,0.900682712057167,0.643304478618781,0.997607054548422
180.98,0.3,495.746624856004,0.0177418060988352,0.901144856058038,0.645170143627381,1
180.99,0.3,495.268645958445,0.0177490920818603,0.898007080526971,0.645246675641747,0.999759759076208
181,0.3,494.788100314386,0.019207722068079,0.900859104944113,0.644377820919694,1
181.01,0.3,494.304912666138,0.0151154109293929,0.901668620546836,0.643441923868665,0.998553512991253
181.02,0.3,493.819009549625,0.0195566747338015,0.900769655751095,0.64521502084356,0.999251234939862
181.03,0.3,493.330319323403,0.018987014295875,0.90053440581867,0.645860215366232,1
181.04,0.3,492.838772196905,0.0207553974597267,0.902133299736195,0.644276490934608,0.998980099183134
181.05,0.3,492.34430025786,0.0169179597873968,0.903171727408858,0.644816052836502,0.999690992159679
181.06,0.3,491.846837498888,0.0190561069421351,0.902547208382787,0.643979650618352,1
181.07,0.3,491.346319843254,0.0199572380616195,0.900391234630086,0.642637713177658,0.99999131457274
181.08,0.3,490.842685169747,0.0192070110917819,0.903408674773052,0.645714867482433,0.998762347798529
181.09,0.3,490.335873336683,0.0193573291382189,0.90371128973086,0.642672942841856,0.998569025905067
181.1,0.3,489.825826205002,0.0179135029490205,0.903645263724082,0.643316625040659,1
181.11,0.3,489.312487660451,0.0202924226451194,0.902722819233775,0.642845809905378,1
181.12,0.3,488.795803634831,0.0211503082701989,0.903130173942026,0.640084743520027,0.998750186310672
181.13,0.3,488.2757221263,0.0169299003624753,0.902128902511135,0.641973975988117,1
181.14,0.3,487.752193218708,0.0223157255463931,0.903275633659784,0.64230236971115,1
181.15,0.3,487.225169099953,0.021356075719339,0.903823308950984,0.642443277240983,0.997916247785261
181.16,0.3,486.694604079347,0.0199074512105626,0.907595577055377,0.642784106655517,0.997433292510778
181.17,0.3,486.160454603975,0.0241293328190977,0.902503419896451,0.642184929457963,0.99918912718508
181.18,0.3,485.622679274042,0.0224816261729076,0.904723077083707,0.64149768139057,1
181.19,0.3,485.081238857177,0.0229226493158854,0.903945918809059,0.64281279434717,1
181.2,0.3,484.53609630171,0.0229240689301523,0.904657047143159,0.643680080598637,0.999731172480846
181.21,0.3,483.98721674889,0.023704723948622,0.90510861872604,0.641336057695427,0.999763614545378
181.22,0.3,483.434567544043,0.0231568624528158,0.904816932138844,0.64340432602918,1
181.23,0.3,482.878118246662,0.0221831841758705,0.908052486216499,0.640405023412315,1
181.24,0.3,482.317840639417,0.0240683136282771,0.905075530028777,0.639595184897964,0.999654160651538
181.25,0.3,481.753708736074,0.0264951769076098,0.905725626720039,0.64309015106022,0.999768780917644
181.26,0.3,481.185698788332,0.0255799308171504,0.903639872019142,0.641771610853626,1
181.27,0.3,480.613789291554,0.0234894604853341,0.904256936032255,0.642278134729393,1
181.28,0.3,480.037960989396,0.0263681608442488,0.907688925628601,0.643643573971175,0.999204297468487
181.29,0.3,479.458196877323,0.0260559385358511,0.910813593277972,0.642647863003704,0.999645205404073
181.3,0.3,478.874482205026,0.0252871501772144,0.906433477942903,0.645010423147173,1
181.31,0.3,478.286804477709,0.0259879505449831,0.904551486715544,0.641723181406269,0.999569486467993
181.32,0.3,477.695153456273,0.0255886452041731,0.908514497110889,0.640940836559321,0.998236237365479
181.33,0.3,477.099521156373,0.0235314361101563,0.908508539470851,0.643895104944763,1
181.34,0.3,476.499901846366,0.0273778655547897,0.9069190042544,0.643633839526873,1
181.35,0.3,475.896292044131,0.0283870321043116,0.909484962148161,0.639578528505899,1
181.36,0.3,475.288690512789,0.0269198110211086,0.906631713075118,0.640161360051613,1
181.37,0.3,474.677098255294,0.0263869059589884,0.908603618407247,0.640155046080835,0.998223850672002
181.38,0.3,474.061518507926,0.0277136625436796,0.907647399601597,0.640998454617872,1
181.39,0.3,473.441956732673,0.0232221946056734,0.909956104358721,0.64258062718679,1
181.4,0.3,472.818420608508,0.0258830522200022,0.91015476936123,0.643371640895735,1
181.41,0.3,472.190920021585,0.0265980641371994,0.9088009959883,0.641993136826144,0.998836834871412
181.42,0.3,471.559467054329,0.0269514485964554,0.907764379335092,0.641660828377768,1
181.43,0.3,470.924075973456,0.0287399378453293,0.91044534041201,0.639920759138698,0.997740492476971
181.44,0.3,470.284763216915,0.0263814850379871,0.911849504122723,0.638979885960424,0.99991651002806
181.45,0.3,469.641547379769,0.027644087382521,0.912090548536433,0.642323524841955,1
181.46,0.3,468.994449199018,0.0274734839576324,0.910267732254072,0.642695610203337,1
181.47,0.3,468.343491537382,0.027681641016534,0.909310448155647,0.640614927688751,1
181.48,0.3,467.688699366049,0.029405350800866,0.911019144230596,0.63951302117472,0.998336880627423
181.49,0.3,467.030099746406,0.0308989081600718,0.910835626956764,0.638414119482134,0.999378431832171
181.5,0.3,466.367721810758,0.0291382231108308,0.909655453853655,0.643263197789447,1
181.51,0.3,465.701596742057,0.0300378910033379,0.909009489519289,0.639442275662564,0.997279046441392
181.52,0.3,465.031757752653,0.0308519030880474,0.910878999894625,0.639785600679842,1
181.53,0.3,464.358240062081,0.0311710128641692,0.911162901321657,0.64400475619936,1
181.54,0.3,463.681080873895,0.030749244772752,0.911465415250992,0.644618234079954,1
181.55,0.3,463.000319351572,0.0309215305739562,0.9124255023798,0.644252544645519,1
181.56,0.3,462.315996593513,0.0327491819644589,0.911561464445705,0.643478412542949,1
181.57,0.3,461.628155607132,0.0290319396602519,0.910169144737285,0.644449546899446,1
181.58,0.3,460.936841282073,0.0315661673169413,0.9108772374019,0.641901449843888,1
181.59,0.3,460.242100362572,0.0347597587588186,0.911688024572394,0.641940017879651,0.997844008816066
181.6,0.3,459.543981418979,0.0331191870333064,0.913425631654354,0.640271506474454,1
181.61,0.3,458.842534818454,0.0326464235117143,0.913887901735195,0.640884648176506,1
181.62,0.3,458.137812694873,0.0332031007972877,0.912876869835446,0.643481566575269,1
181.63,0.3,457.429868917957,0.0333400995010562,0.911970150836091,0.64374637267471,1
181.64,0.3,456.718759061643,0.0348989093588609,0.91503952847757,0.643738606450028,0.998755712633864
181.65,0.3,456.00454037172,0.0321270563386117,0.912596577159003,0.643556545264058,0.999623352349665
181.66,0.3,455.287271732766,0.0348940285806713,0.913152479648171,0.642153939116127,0.999894578422909
181.67,0.3,454.567013634387,0.0363786976199323,0.91092259456585,0.642090989520863,0.998342053175005
181.68,0.3,453.843828136799,0.0334925716226806,0.913023079196317,0.64275396344873,0.998721653685198
181.69,0.3,453.117778835773,0.0370495033750769,0.912118613282703,0.64287589199586,0.999107033690699
181.7,0.3,452.388930826956,0.0375085684163424,0.91194835180162,0.643472287363999,0.99857077984786
181.71,0.3,451.657350669618,0.0359373750073782,0.911057140116378,0.643183930706679,0.998079829804888
181.72,0.3,450.923106349819,0.0354189869478066,0.914738403162204,0.641315377184675,1
181.73,0.3,450.186267243043,0.0351209109279682,0.910998242658361,0.642829856280958,0.999486806902403
181.74,0.3,449.446904076319,0.0372100073822333,0.915580334834592,0.643925702632482,1
181.75,0.3,448.705088889851,0.0359344578741001,0.91663877178939,0.64190625806022,0.998647027791015
181.76,0.3,447.960894998187,0.035754356286385,0.913754413706562,0.644122166266954,0.998907551655386
181.77,0.3,447.214396950946,0.0378242405461367,0.913748323680092,0.642532547137157,1
181.78,0.3,446.465670493146,0.0402037684553977,0.913924235314861,0.644265917632396,0.999829594572696
181.79,0.3,445.714792525137,0.037496855574655,0.915507546018397,0.644096503871711,1
181.8,0.3,444.96184106218,0.038019456843407,0.914968550779529,0.64125793661036,0.999134577394757
181.81,0.3,444.206895193696,0.0396448111640473,0.915405542020928,0.644758521830829,1
181.82,0.3,443.450035042208,0.0373832772344343,0.915217479803579,0.646553152870203,1
181.83,0.3,442.691341722006,0.0388168302494926,0.916728970158023,0.646733600573872,1
181.84,0.3,441.93089729756,0.0409715750570671,0.915007571029545,0.644975023154758,0.999280412853271
181.85,0.3,441.168784741703,0.0409064786308865,0.915359716974721,0.642809270016882,1
181.86,0.3,440.405087893624,0.0401388311158203,0.916410309967978,0.645981098751732,1
181.87,0.3,439.639891416677,0.0421429207897008,0.91492083712264,0.647177506454046,1
181.88,0.3,438.873280756048,0.0426261468445916,0.914424911414452,0.643174448123317,0.998051016372218
181.89,0.3,438.105342096301,0.0422947834414001,0.917594159305319,0.64487298694608,1
181.9,0.3,437.336162318831,0.0405843762935543,0.915267649252907,0.643325599348461,0.999580707040678
181.91,0.3,436.565828959236,0.0438497231240943,0.917600883112013,0.64576393458108,0.998583755170495
181.92,0.3,435.794430164661,0.0438520821213338,0.917265453874203,0.643910305273738,1
181.93,0.3,435.022054651105,0.0441434794156015,0.91720851001553,0.64546821678701,1
181.94,0.3,434.248791660748,0.0429561854276749,0.915438639705875,0.643349834235676,0.99921739086621
181.95,0.3,433.474730919294,0.0431592514776562,0.918428496504708,0.647557794946294,0.999317356164155
181.96,0.3,432.699962593378,0.0444222712527207,0.918235681277479,0.646757904427084,0.999398411833774
181.97,0.3,431.924577248052,0.0436014552555273,0.912699596227928,0.644059560752817,0.999343991951778
181.98,0.3,431.148665804355,0.0467517677556577,0.915821513840566,0.645998397542576,0.999659647374822
181.99,0.3,430.372319497031,0.0465596526407832,0.917185000042611,0.648686280615874,1
182,0.3,429.595629832379,0.0449939495413602,0.915626985196784,0.645837733801409,0.995262143537324
182.01,0.3,428.81868854627,0.0469034786978538,0.916313100743069,0.646959882224001,0.999438357984427
182.02,0.3,428.041587562369,0.0459304538814026,0.918467037215821,0.646555190918708,1
182.03,0.3,427.264418950561,0.0467111265397558,0.917295436173239,0.6485724025443,1
182.04,0.3,426.487274885606,0.0457499545156531,0.916342663891596,0.646259620625609,1
182.05,0.3,425.710247606059,0.0465933681870468,0.916364690808944,0.646758803693843,1
182.06,0.3,424.933429373459,0.0468939637536463,0.917480072359567,0.647359640204717,1
182.07,0.3,424.156912431811,0.0471607390165708,0.915043954575947,0.644878516252588,1
182.08,0.3,423.380788967386,0.0495305380063438,0.917414782689531,0.649458381592294,0.998347066087496
182.09,0.3,422.60515106885,0.0456262559648292,0.914897579879489,0.645840750834893,0.997140747551411
182.1,0.3,421.83009068774,0.0477195531813302,0.914263863097461,0.646132868988824,1
182.11,0.3,421.05569959931,0.0478711413137319,0.919088261920905,0.648062226473559,1
182.12,0.3,420.282069363768,0.0485891283754765,0.918448168559179,0.648226078827467,1
182.13,0.3,419.509291287903,0.0500843650374543,0.921488626463823,0.650884194049963,0.998947809192555
182.14,0.3,418.737456387132,0.0506250740204445,0.916130692414747,0.648115500264416,0.999142788346675
182.15,0.3,417.966655347991,0.0495406095409008,0.915755420905661,0.648581506723728,0.999228817520053
182.16,0.3,417.196978491054,0.0512163208601931,0.91707513550812,0.647996362752627,0.998995794597671
182.17,0.3,416.428515734321,0.0498347541253818,0.917462607856597,0.650347972965658,1
182.18,0.3,415.661356557093,0.0521768356316499,0.917635647743579,0.65000265515253,0.9999486830447
182.19,0.3,414.895589964317,0.0533081235399202,0.917292060031809,0.652138535943668,0.99874034981546
182.2,0.3,414.13130445144,0.0542484798546086,0.919764595160416,0.649850959808738,0.999572531159026
182.21,0.3,413.368587969772,0.0547344903537935,0.916924504244097,0.648361427387997,1
182.22,0.3,412.607527892386,0.0539388974082024,0.918075509126205,0.650058975385369,0.997492064388541
182.23,0.3,411.848210980528,0.0536780904565163,0.919004632978806,0.651479282154254,0.997557399609137
182.24,0.3,411.090723350593,0.0545424731903427,0.918243047357714,0.650948919064566,1
182.25,0.3,410.335150441651,0.0546512880172107,0.917226578150909,0.651523076483259,0.9985779986159
182.26,0.3,409.581576983524,0.0550859288746949,0.920551848988173,0.650902405146154,1
182.27,0.3,408.830086965453,0.0553351626253253,0.920363648333334,0.651363121539312,0.996834538170619
182.28,0.3,408.080763605335,0.0578202868432085,0.918750260630883,0.652549222627377,0.997826013658144
182.29,0.3,407.333689319544,0.05478621411278,0.919220615550565,0.651478608300124,0.999492062220518
182.3,0.3,406.588945693352,0.0557144347841383,0.92152687814148,0.649830895171733,0.999852722236948
182.31,0.3,405.846613451957,0.0555500444718945,0.917855590275581,0.651812668892335,0.999913693341691
182.32,0.3,405.106772432096,0.0571883694939887,0.917889450130248,0.650678085704264,1
182.33,0.3,404.369501554292,0.0580938226157123,0.915741513085948,0.651438334614222,1
182.34,0.3,403.634878795705,0.0577412074624836,0.91942767918431,0.651837872671137,1
182.35,0.3,402.902981163602,0.0574553381744291,0.917851196131483,0.652166805748751,1
182.36,0.3,402.173884669459,0.0583952277813981,0.916256541972237,0.649750058084473,0.999596089216002
182.37,0.3,401.447664303683,0.0575004976914604,0.918507983619548,0.652939669054139,0.998351443048183
182.38,0.3,400.724394010967,0.0579558916719171,0.918904272666692,0.653481985872976,1
182.39,0.3,400.004146666273,0.0577628765343859,0.918264186268543,0.653842117012851,0.997562286050949
182.4,0.3,399.286994051457,0.0584375342834568,0.91912843530875,0.653626395062792,1
182.41,0.3,398.573006832517,0.0569608209667636,0.917011597540813,0.653335220727036,0.998621323066545
182.42,0.3,397.862254537487,0.0593163514612979,0.919297904225188,0.653763395197109,1
182.43,0.3,397.154805534966,0.0599799395315874,0.918793444760277,0.655092959605277,1
182.44,0.3,396.450727013273,0.0623889274627145,0.918154765480641,0.655392449987525,1
182.45,0.3,395.750084960251,0.0622797179924207,0.918964999611415,0.655306128779124,0.997898395512577
182.46,0.3,395.052944143699,0.0616335541074082,0.919476994305809,0.655074575091638,1
182.47,0.3,394.359368092442,0.0613027852770618,0.91966453684882,0.654171619530786,1
182.48,0.3,393.669419078025,0.0633135684256045,0.918349563816325,0.655926660537663,1
182.49,0.3,392.983158097045,0.0626988284269738,0.919302024682163,0.655614370246408,1
182.5,0.3,392.300644854113,0.0626952594699204,0.918988478479783,0.654394341640411,0.999390641342681
182.51,0.3,391.621937745433,0.0633910910105064,0.919578475593502,0.655393368483737,0.996185333681946
182.52,0.3,390.947093843012,0.0646289540734414,0.920789837138169,0.652891742878414,0.997824642979956
182.53,0.3,390.276168879485,0.0621527465490874,0.921679393343357,0.654406237740128,1
182.54,0.3,389.609217233558,0.0626488490599074,0.918222836362793,0.655705934382792,0.999511850178073
182.55,0.3,388.946291916058,0.0643600914669802,0.918579691176951,0.652360664499741,0.999600292332515
182.56,0.3,388.287444556608,0.0632172555371248,0.919277950826066,0.654229815868329,1
182.57,0.3,387.632725390883,0.0642748127466672,0.920187724991867,0.651834955488611,1
182.58,0.3,386.982183248484,0.0643783585681272,0.917759369053528,0.655292237744843,1
182.59,0.3,386.335865541404,0.0678447035004833,0.917860611967677,0.655058142286233,1
182.6,0.3,385.693818253073,0.0663224116024584,0.918508447877377,0.655276883957726,0.999663661956189
182.61,0.3,385.056085928004,0.0623634850030543,0.917510846254088,0.656179416631337,0.999753510989921
182.62,0.3,384.422711662011,0.0671538048612013,0.919267698199651,0.655190923762398,1
182.63,0.3,383.793737093002,0.0668879919718156,0.921439468461663,0.656555238280671,1
182.64,0.3,383.169202392345,0.0643985572668276,0.920547078312459,0.65458234522932,1
182.65,0.3,382.549146256794,0.069513171844615,0.918991169022714,0.654330377129079,0.999104967379115
182.66,0.3,381.933605900979,0.0678424468820848,0.921392750670804,0.655981732319598,0.998501533376655
182.67,0.3,381.322617050437,0.06560549447115,0.918146311810703,0.657617725874295,0.998540382348705
182.68,0.3,380.716213935205,0.0662555695835088,0.918953963783971,0.655404528433126,0.999809166033847
182.69,0.3,380.114429283939,0.0674242314232031,0.915652107665576,0.656099940316701,1
182.7,0.3,379.517294318579,0.0701238210188582,0.918324424334123,0.656792192526793,0.998672521200323
182.71,0.3,378.924838749532,0.0708066929136249,0.917401762519805,0.655822520966167,0.99891358884938
182.72,0.3,378.337090771389,0.0705793954342643,0.916206553745191,0.656830934471505,0.999536534204252
182.73,0.3,377.754077059146,0.0708624108266376,0.915909498024232,0.6563555046155,0.999986718295069
182.74,0.3,377.175822764942,0.0711774525392599,0.917675009260743,0.657504960363631,1
182.75,0.3,376.602351515301,0.071826781973793,0.917231311133764,0.657120589884221,1
182.76,0.3,376.033685408866,0.0692961992488609,0.917656161058716,0.657436236437957,1
182.77,0.3,375.469845014632,0.0690457931260006,0.919284581640599,0.654204761521792,1
182.78,0.3,374.910849370659,0.0696858987941132,0.917348718695561,0.660401781109431,0.999990893619478
182.79,0.3,374.356715983264,0.070421451541336,0.915280225546358,0.657905113074634,1
182.8,0.3,373.807460826688,0.0700843669804872,0.918176711559602,0.656707360511771,1
182.81,0.3,373.263098343233,0.0712224403592719,0.919101814682593,0.657998267074358,0.999907011156237
182.82,0.3,372.723641443852,0.0737902528702931,0.919239043323145,0.657913989429291,1
182.83,0.3,372.189101509202,0.0718010473473925,0.917320158852912,0.656899483124525,1
182.84,0.3,371.659488391144,0.0721249016945644,0.917995275393328,0.658775729778238,1
182.85,0.3,371.134810414683,0.0729762292499543,0.915091691880673,0.657558412743906,1
182.86,0.3,370.615074380355,0.0724656167086939,0.917494994694528,0.656199565508632,0.999776249655126
182.87,0.3,370.100285567036,0.072871271703671,0.917867415827156,0.659105579412449,1
182.88,0.3,369.590447735187,0.0743845096470015,0.915608085230719,0.658240935321031,0.99945240023351
182.89,0.3,369.085563130514,0.0716198490923464,0.917884502119788,0.658733208662428,0.998049329154549
182.9,0.3,368.585632488051,0.0729873971862795,0.919563127409423,0.65743202681848,0.999877038777327
182.91,0.3,368.090655036653,0.0730547712325178,0.917577208175416,0.658226142495795,1
182.92,0.3,367.60062850389,0.076593513150473,0.91877061981574,0.656130109994772,1
182.93,0.3,367.115549121349,0.0752971655799511,0.918270881961276,0.656583945034497,1
182.94,0.3,366.635411630333,0.0787230724652638,0.918614691348052,0.656499771023011,1
182.95,0.3,366.160209287948,0.0757099191707253,0.917019249291303,0.65809940482984,0.998693119396953
182.96,0.3,365.689933873585,0.076602344448857,0.916464187850403,0.66095265251536,0.99875447628379
182.97,0.3,365.22457569578,0.0752337577697304,0.916508600420103,0.658080530067743,1
182.98,0.3,364.764123599454,0.0745585842433575,0.915318313121078,0.659337832082305,0.996527341430978
182.99,0.3,364.308564973535,0.0771367216195095,0.915412598907808,0.658049459987776,1
183,0.3,363.85788575894,0.0737607411620067,0.917874559698458,0.658373767548379,1
183.01,0.3,363.412070456941,0.0773906084495424,0.917083721493769,0.656578603026589,0.997140133639486
183.02,0.3,362.971102137879,0.0783347184298493,0.914080115638529,0.658948909361772,1
183.03,0.3,362.534962450252,0.0782777355682347,0.915848708995433,0.658968479067293,1
183.04,0.3,362.103631630152,0.0756827322374917,0.916119922458218,0.65929768228037,1
183.05,0.3,361.677088511061,0.0788580725624229,0.91724954636167,0.657945280236399,0.997730646550278
183.06,0.3,361.255310533999,0.078874880206428,0.916061701548157,0.65866785021151,0.998753420711801
183.07,0.3,360.838273758015,0.080939770564107,0.914902466513535,0.659931271689713,0.999669486168706
183.08,0.3,360.425952871033,0.0792751551442926,0.918501627024271,0.658174546144677,1
183.09,0.3,360.018321201029,0.0826492441826707,0.918835942634618,0.659067498013619,1
183.1,0.3,359.61535072756,0.0778443801858097,0.914768010245804,0.659226125654938,0.999363442917643
183.11,0.3,359.217012093625,0.0787855951942069,0.918076029718802,0.655659493170086,0.99919973098532
183.12,0.3,358.823274617863,0.0805936299759069,0.916553453877203,0.66080925227817,0.999481801630344
183.13,0.3,358.434106307081,0.0800491799984598,0.911923828804084,0.657390501708269,0.999398710243417
183.14,0.3,358.049473869125,0.0790185881285148,0.917655290343528,0.65634590067523,1
183.15,0.3,357.669342726065,0.0825971369699496,0.915623704863674,0.658332270799808,0.998368619003943
183.16,0.3,357.293677027719,0.0803900281424601,0.915341866765558,0.65601061114294,1
183.17,0.3,356.922439665498,0.0836173580908744,0.913639823914586,0.658869924016681,0.998236292822625
183.18,0.3,356.555592286576,0.0815952957213653,0.914018143128651,0.655800839358804,0.99999799557672
183.19,0.3,356.193095308384,0.0804995837145435,0.916029360617476,0.660400532913727,1
183.2,0.3,355.834907933422,0.0827987946345336,0.914472664217788,0.655911193848176,0.999909252014159
183.21,0.3,355.480988164392,0.0808254780663367,0.911950399892807,0.660028204928405,1
183.22,0.3,355.131292819648,0.0813566043043342,0.912270096672499,0.65545440221307,1
183.23,0.3,354.785777548968,0.0824171893219695,0.915827452081482,0.655670774795572,0.999376131268987
183.24,0.3,354.444396849628,0.0824459865022156,0.913042683413043,0.658758204034648,1
183.25,0.3,354.107104082807,0.082171727316186,0.915358138218753,0.658059927314056,0.997025363306515
183.26,0.3,353.77385149029,0.0829687537947986,0.914828351675122,0.65555789406531,0.999859861354389
183.27,0.3,353.444590211492,0.0830051524148708,0.912904247181382,0.65840232929273,1
183.28,0.3,353.11927030078,0.0830134954585919,0.914989358010943,0.657273949646723,0.999732279783878
183.29,0.3,352.797840745121,0.0840142379984142,0.912435664391469,0.656532571825812,0.999114803317924
183.3,0.3,352.480249482026,0.0849401716431381,0.912635154346031,0.655980311854811,0.999512186935719
183.31,0.3,352.166443417795,0.0824515312402669,0.91187913430859,0.655811016942434,0.999300326111798
183.32,0.3,351.856368446081,0.0799436740893152,0.91277224081565,0.657386369813079,0.997810838054336
183.33,0.3,351.549969466748,0.0819352492584478,0.913085885733067,0.658798626945172,1
183.34,0.3,351.247190405029,0.0823161971879194,0.913240385157352,0.656698576274915,1
183.35,0.3,350.947974230994,0.0863484036929712,0.912096342140748,0.655671619605794,0.999033525170904
183.36,0.3,350.652262979307,0.0836225248979976,0.914618709128371,0.656574976059296,0.998500339388704
183.37,0.3,350.359997769288,0.0858999448976143,0.912110811067616,0.656385668956337,0.998297518893365
183.38,0.3,350.071118825259,0.084583785684764,0.913467174612547,0.653268549286002,1
183.39,0.3,349.785565497205,0.0833095864457802,0.911029394975396,0.654999050216785,1
183.4,0.3,349.503276281699,0.0846387385854368,0.914156965250872,0.655568600385993,0.999193318453597
183.41,0.3,349.224188843144,0.0850610079344077,0.911884812088448,0.656653375518006,0.998953444375114
183.42,0.3,348.94824003528,0.087665287634481,0.910531335900887,0.656790353456577,1
183.43,0.3,348.675365922995,0.084779883914146,0.910821901904683,0.654552638308587,0.997787573601566
183.44,0.3,348.405501804406,0.0853646745408904,0.911710341123695,0.6561451139279,0.999691580502076
183.45,0.3,348.138582233228,0.0871004691737632,0.911372861551228,0.653142381571749,0.999518376818713
183.46,0.3,347.874541041418,0.0876982358374509,0.908475189425735,0.65632098120966,1
183.47,0.3,347.613311362093,0.0865920544359435,0.906359015006407,0.6580254814069,1
183.48,0.3,347.354825652722,0.0848353024681135,0.909412310140341,0.654362606632835,1
183.49,0.3,347.099015718591,0.0854660229111746,0.912797695914196,0.654741792129622,1
183.5,0.3,346.845812736522,0.0840008651524829,0.91365362329303,0.65377589500815,0.997522260558114
183.51,0.3,346.595147278865,0.0858348566875469,0.911033876956204,0.653286149674647,0.999052971088226
183.52,0.3,346.346949337745,0.0861722400410381,0.908813657610581,0.654431547522976,0.998867602020091
183.53,0.3,346.101148349555,0.0866633669942382,0.911125036569844,0.656290534489659,0.998098609303816
183.54,0.3,345.857673219715,0.0861385343535348,0.909245815462298,0.653819781358909,0.998655322124073
183.55,0.3,345.616452347664,0.0857921561959961,0.90773244469548,0.654277998401485,1
183.56,0.3,345.377413652088,0.0882290970432362,0.908431090583025,0.653299680598462,1
183.57,0.3,345.140484596404,0.0848006859227427,0.912017628446497,0.652222739576311,0.997270242238909
183.58,0.3,344.905592214452,0.0854508199926643,0.907299207702024,0.654239876695551,0.999630485025787
183.59,0.3,344.672663136431,0.0881937743926379,0.907215916820378,0.650760678026769,1
183.6,0.3,344.441623615035,0.0861238121948032,0.90955235542525,0.651687886227358,0.999076837836266
183.61,0.3,344.212399551823,0.0879955253438577,0.910446791516344,0.651223411145016,1
183.62,0.3,343.984916523783,0.0884095705193025,0.909560870522435,0.653433902000719,0.997628353108088
183.63,0.3,343.759099810098,0.0907251040168036,0.912168986687637,0.652127007196075,0.999096745807772
183.64,0.3,343.534874419112,0.0867996047810912,0.910146730685795,0.649477945252392,0.998200952763946
183.65,0.3,343.312165115478,0.0873323214476223,0.907755448939808,0.653149405764148,1
183.66,0.3,343.090896447485,0.087522249964955,0.909234899723725,0.653336145364836,1
183.67,0.3,342.870992774565,0.0858411982461252,0.907707216508558,0.650436791690272,1
183.68,0.3,342.652378294953,0.0864397781095191,0.907266051292381,0.651172249491482,1
183.69,0.3,342.434977073509,0.0885741286169539,0.907449570530827,0.649152964513305,1
183.7,0.3,342.218713069693,0.0894958833312103,0.905308004409214,0.65179026837629,1
183.71,0.3,342.003510165666,0.0884920749676374,0.908079596091716,0.651438519879411,0.997733982869073
183.72,0.3,341.789292194531,0.0874504671146228,0.907044915220967,0.650019865091958,1
183.73,0.3,341.575982968692,0.0885662386322236,0.906497662779729,0.65116766463339,0.998415474497644
183.74,0.3,341.363506308323,0.0870546852632876,0.906981721416743,0.65018375074152,0.998414481138036
183.75,0.3,341.151786069935,0.0883598667029975,0.907823462224462,0.652170246575837,1
183.76,0.3,340.940746175046,0.0896057710468057,0.904065025139764,0.652615491771245,0.999493929890386
183.77,0.3,340.73031063891,0.0901504271229977,0.905070513575944,0.651774205893985,1
183.78,0.3,340.520403599338,0.0902853706240881,0.905057501575932,0.652534734358034,0.99814546576098
183.79,0.3,340.310949345561,0.0899034193125142,0.904293975244974,0.647190220050634,1
183.8,0.3,340.101872347154,0.0901177007089285,0.905947103447732,0.647242154297277,0.998886761672932
183.81,0.3,339.893097282981,0.0904979419990566,0.902726859993047,0.651148199895364,0.999594856104974
183.82,0.3,339.684549070174,0.0898829432643359,0.904921119563482,0.650020053043993,0.998607342062016
183.83,0.3,339.476152893125,0.0912778445999426,0.902234832637152,0.649076515324562,1
183.84,0.3,339.267834232468,0.0904172056473388,0.901676758553748,0.648517144533299,0.999372297511164
183.85,0.3,339.059518894053,0.0909944993621059,0.904332119807127,0.649262475078003,1
183.86,0.3,338.851133037903,0.0895951127572425,0.904663885014747,0.650657198789561,0.997198347257959
183.87,0.3,338.642603207114,0.0897035854581881,0.904529880338502,0.649290954219625,1
183.88,0.3,338.433856356715,0.0904305911692734,0.902531934994757,0.647980796129774,1
183.89,0.3,338.224819882462,0.0894142692285363,0.90328800282479,0.649191064845025,1
183.9,0.3,338.015421649549,0.0890394517941742,0.901945099124315,0.64941795517528,1
183.91,0.3,337.805590021222,0.0918071868943589,0.903702972188884,0.647225613862063,1
183.92,0.3,337.595253887299,0.0913191244148488,0.901605762811519,0.649341524079323,0.999252464830626
183.93,0.3,337.384342692549,0.0921868392764953,0.901992379449401,0.647710322933312,1
183.94,0.3,337.172786464952,0.0918024785239487,0.901030383598595,0.646352434678559,1
183.95,0.3,336.960515843805,0.0928606211757074,0.900738913099366,0.648458133199325,0.998917562475529
183.96,0.3,336.747462107651,0.0920497543184847,0.902917788513392,0.64811027090042,0.998161432346547
183.97,0.3,336.53355720204,0.0912498922737625,0.902452460822891,0.647460303572479,1
183.98,0.3,336.318733767094,0.0903726628962266,0.900556707469252,0.647076561814375,1
183.99,0.3,336.102925164857,0.0922163314289736,0.901041717912915,0.64696957615491,1
184,0.3,335.886065506418,0.0926720701443113,0.903090722417644,0.646126686795718,0.998218646093636
184.01,0.3,335.668089678806,0.0911688613822856,0.900307689920519,0.646907920662732,1
184.02,0.3,335.448933371613,0.0899200212006076,0.901936021834049,0.646411071811581,1
184.03,0.3,335.228533103357,0.0924211165756717,0.899100611367286,0.645494356729868,0.99930872457235
184.04,0.3,335.006826247555,0.0907685448562931,0.899224883472609,0.644911118749598,0.999996745103969
184.05,0.3,334.783751058494,0.0932632138754698,0.90025893800649,0.648365250462027,1
184.06,0.3,334.559246696685,0.0921382281860224,0.901629332255908,0.646947624925033,0.999931680736257
184.07,0.3,334.333253253988,0.0950490389172359,0.898606463869498,0.643638421404074,0.999953189132304
184.08,0.3,334.105711778384,0.0930096958193389,0.899429804968328,0.646163341429848,1
184.09,0.3,333.876564298384,0.0922711124549662,0.89660828874409,0.643627254939549,0.998790715785563
184.1,0.3,333.645753847068,0.0923338740027705,0.89803773455229,0.644453299746463,1
184.11,0.3,333.413224485723,0.095076827768112,0.899069275040031,0.644914963715985,1
184.12,0.3,333.17892132707,0.0942693947767984,0.895230576777961,0.64476492049336,0.999325466298689
184.13,0.3,332.942790558078,0.0921779476197526,0.897524547959671,0.64408448083202,0.998811625365881
184.14,0.3,332.704779462335,0.0941380014553082,0.896754566398556,0.645201779525987,1
184.15,0.3,332.464836441962,0.095637493863538,0.895452557077484,0.645158883894106,0.998890564350244
184.16,0.3,332.222911039067,0.093516624999183,0.897680772372064,0.643520340732302,0.99999276477747
184.17,0.3,331.978953956712,0.0934876233598192,0.893304000844425,0.641649508615946,1
184.18,0.3,331.732917079391,0.0956984957433128,0.897737329545526,0.644531547256706,0.998692580496348
184.19,0.3,331.484753492994,0.0961578544356265,0.896391793818935,0.645948561298336,0.999264143950098
184.2,0.3,331.234417504248,0.095122099801759,0.896855077655726,0.643988964974069,0.998995057516337
184.21,0.3,330.981864659624,0.0938815896104699,0.895316291268347,0.644929435477807,1
184.22,0.3,330.727051763693,0.0961832650292081,0.895101716332355,0.644396659643083,0.999031147311924
184.23,0.3,330.469936896923,0.094098794732371,0.894890485903647,0.64202773803161,1
184.24,0.3,330.210479432894,0.0945388315388512,0.894024510328433,0.644176476002578,1
184.25,0.3,329.948640054937,0.0966758451460576,0.895931361110411,0.642027176485932,1
184.26,0.3,329.684380772165,0.0953185569750821,0.893397569695989,0.640429178493779,1
184.27,0.3,329.417664934893,0.096149434653383,0.893971432569188,0.64209689416551,0.999123011807362
184.28,0.3,329.148457249447,0.0969851819297469,0.896154994102761,0.641555314303573,1
184.29,0.3,328.876723792328,0.0960374312655041,0.894352008532785,0.640833227094879,0.999305459709476
184.3,0.3,328.602432023744,0.0940346511681755,0.894904037021735,0.640873568557982,1
184.31,0.3,328.325550800478,0.0980208782136953,0.893552494368906,0.643559610787631,0.999377459979522
184.32,0.3,328.046050388101,0.0970135985789296,0.894543827394904,0.643867000959255,0.998674310354322
184.33,0.3,327.763902472517,0.0981958587260492,0.894247714942226,0.641959449225981,0.999477540908758
184.34,0.3,327.479080170813,0.101610841972717,0.893432575614108,0.642041142764895,1
184.35,0.3,327.191558041438,0.0979213356608794,0.891534822637149,0.640804680533861,1
184.36,0.3,326.901312093668,0.0965672357190956,0.89269910195206,0.64356268985579,0.998981052814473
184.37,0.3,326.608319796385,0.0986903126048557,0.889409527575888,0.641868152640664,1
184.38,0.3,326.312560086128,0.0996734922634775,0.895345851278404,0.643265254060181,1
184.39,0.3,326.01401337444,0.095959570474546,0.889611450528272,0.641555656000336,1
184.4,0.3,325.712661554484,0.0992364431459483,0.889634700776184,0.641886308675183,1
184.41,0.3,325.408488006932,0.0951389260772246,0.894197279867242,0.640024110174668,0.999429958123701
184.42,0.3,325.101477605126,0.0971184880803491,0.8895300404493,0.643509498460621,0.999690029533043
184.43,0.3,324.791616719494,0.0962119160312278,0.890981066768315,0.641232099235552,0.999881146013809
184.44,0.3,324.478893221227,0.0998759314717972,0.891175778895667,0.642452875726139,1
184.45,0.3,324.163296485215,0.0998529089772018,0.889337713154355,0.640667248416845,0.998000156125957
184.46,0.3,323.84481739223,0.0984713419178291,0.891008629288815,0.642191600853315,0.999100919931703
184.47,0.3,323.523448330367,0.100886967924909,0.89000111427534,0.642047379621305,1
184.48,0.3,323.199183195724,0.0990695375438135,0.888134687852601,0.640532380107589,1
184.49,0.3,322.872017392343,0.0987298531860224,0.886304784115842,0.641182935510205,1
184.5,0.3,322.541947831382,0.102231041153432,0.888732390348141,0.641156526050098,0.997315419001209
184.51,0.3,322.208972929551,0.100660466568307,0.887359680498709,0.641928491343236,0.999795063627389
184.52,0.3,321.873092606788,0.10072755855866,0.88759616346171,0.64038380494136,1
184.53,0.3,321.534308283188,0.100660459721936,0.88710231981672,0.640183232320609,0.998918049516861
184.54,0.3,321.192622875175,0.0993784467391205,0.884309259596548,0.640183040872178,0.999854694646687
184.55,0.3,320.848040790945,0.103878195816175,0.885212936283661,0.642955991175275,1
184.56,0.3,320.500567925147,0.100992015931521,0.888060104187892,0.641113809247801,0.998405481270283
184.57,0.3,320.15021165284,0.10147215214989,0.885322717865638,0.642092180077798,0.998409735309264
184.58,0.3,319.796980822702,0.101733987062654,0.886772911367458,0.642620305395001,0.999321777982092
184.59,0.3,319.440885749523,0.101843166653007,0.884978199643501,0.641570632624294,0.999600000715824
184.6,0.3,319.081938205953,0.105345292972044,0.888832099218687,0.641629540175236,1
184.61,0.3,318.720151413551,0.103441999644236,0.882557425591838,0.640477056455766,1
184.62,0.3,318.355540033106,0.101393067832711,0.883597163601102,0.642094926830782,1
184.63,0.3,317.988120154257,0.102385266372218,0.886952891963675,0.640078636733272,0.999928920378551
184.64,0.3,317.617909284418,0.104196276301815,0.884743929013335,0.644770784173787,0.998691082374721
184.65,0.3,317.244926336998,0.102553311988736,0.885138849320749,0.640836102946456,0.999898740052323
184.66,0.3,316.86919161896,0.101930905183955,0.883695708897887,0.643290605105418,0.999201502953341
184.67,0.3,316.490726817679,0.101856115402258,0.883424885964304,0.643040305384765,0.99852033011576
184.68,0.3,316.109554987166,0.103961655506245,0.884076409883215,0.64260080863997,0.999069008228335
184.69,0.3,315.72570053361,0.101809358011026,0.88271645568776,0.641012919005368,0.999474932546583
184.7,0.3,315.339189200297,0.105411375428819,0.884862973419561,0.639946353211957,1
184.71,0.3,314.950048051878,0.104341871913025,0.883326215480881,0.638405002821584,0.998298143851326
184.72,0.3,314.558305458032,0.102402309948836,0.883885543718849,0.642673789213124,1
184.73,0.3,314.163991076508,0.100773312379603,0.883983351137843,0.642831996727511,1
184.74,0.3,313.767135835571,0.103949891277766,0.884556573810199,0.641599039154933,0.999696646990532
184.75,0.3,313.367771915865,0.104273910156086,0.883045898951758,0.64321487498306,0.998379492057864
184.76,0.3,312.965932731704,0.103992818145252,0.881419549690241,0.641930414449511,1
184.77,0.3,312.5616529118,0.104167453160006,0.882871433462602,0.642113889408248,0.999590709413224
184.78,0.3,312.154968279449,0.108832834138697,0.883778337664857,0.642633874808268,1
184.79,0.3,311.745915832189,0.105983048085965,0.879093842227051,0.643840884423367,1
184.8,0.3,311.334533720932,0.105914613794611,0.88023631150812,0.64014859487917,0.998754359986764
184.81,0.3,310.920861228605,0.106091307895436,0.881559214568288,0.642760941187315,1
184.82,0.3,310.504938748297,0.108402721382878,0.878644157234452,0.641178337927586,1
184.83,0.3,310.086807760937,0.107225859403883,0.878453461863917,0.64439242246314,0.998365701104708
184.84,0.3,309.666510812518,0.108719939483375,0.877105092573977,0.643226070055471,1
184.85,0.3,309.244091490876,0.107412577799831,0.880219586736846,0.643993267176982,0.999355608620144
184.86,0.3,308.81959440205,0.10650391806323,0.879239927300498,0.641326693769941,0.999492298616607
184.87,0.3,308.393065146235,0.108550403811257,0.880148040706648,0.643092138091144,1
184.88,0.3,307.964550293339,0.109783418534831,0.877384568505965,0.642461612275863,0.997783373253782
184.89,0.3,307.534097358172,0.109439943667842,0.877552035984858,0.641156967319663,0.999956404849458
184.9,0.3,307.101754775275,0.112430200440562,0.878437721727449,0.6431711657903,1
184.91,0.3,306.667571873406,0.110613039594664,0.879580927143849,0.643409311947921,1
184.92,0.3,306.23159884971,0.108115052998042,0.875969069919948,0.644121365750189,0.998202184392465
184.93,0.3,305.793886743576,0.109141448425163,0.873247056280092,0.644108499866891,0.999775853292025
184.94,0.3,305.354487410213,0.109577186645908,0.877345655083251,0.644889262217578,1
184.95,0.3,304.913453493946,0.109349380841551,0.875880177963407,0.646603082237108,1
184.96,0.3,304.47083840127,0.108857494253894,0.876846946981358,0.643998280894098,0.999151997933541
184.97,0.3,304.026696273661,0.111550731416702,0.875381217305522,0.64422415169316,0.998702585802763
184.98,0.3,303.581081960168,0.111044585597265,0.876157291018351,0.642840912377592,1
184.99,0.3,303.134050989809,0.108488546827517,0.876223186444073,0.644169199051347,0.999957162244227
185,0,302.685659543785,0.10895816123143,0.875020074839353,0.643614928373023,1
185.01,0,302.235964427519,0.111483335084694,0.87533862247449,0.646145647418507,0.999702752419193
185.02,0,301.785023042561,0.112328098482282,0.875456771272113,0.646484980021412,1
185.03,0,301.332893358355,0.111847592949367,0.875898726252677,0.644148161116587,1
185.04,0,300.879633883891,0.110718956463365,0.872941330585982,0.642915546270835,0.998992456760187
185.05,0,300.425303639263,0.111032633501796,0.87468643522008,0.645656605502826,0.999210468800223
185.06,0,299.969962127157,0.115950246825934,0.873671818813254,0.643943167381357,1
185.07,0,299.513669304265,0.114183411901787,0.874089097967336,0.645645611435002,0.998648397710685
185.08,0,299.056485552659,0.114364993805989,0.874073051481747,0.646660711859216,0.997993073178462
185.09,0,298.598471651139,0.11680901567447,0.872921591892542,0.64307761425354,1
185.1,0,298.139688746572,0.11597099864424,0.872596015456195,0.645526060502608,1
185.11,0,297.680198325226,0.113681481497209,0.871830750222902,0.647044508297703,0.998356355637728
185.12,0,297.220062184137,0.116837776660367,0.871011959912559,0.647672942925014,1
185.13,0,296.759342402506,0.115060811773707,0.873261707774179,0.646705091552226,0.999806221836516
185.14,0,296.298101313152,0.116056097674036,0.87186231653993,0.646383706851706,1
185.15,0,295.836401474031,0.118254051824656,0.870514366112915,0.64637313863413,1
185.16,0,295.374305639839,0.116386334993558,0.869970639142005,0.645531536116508,1
185.17,0,294.91187673372,0.118840950487277,0.869210806578486,0.644864854525435,1
185.18,0,294.449177819073,0.116526775358961,0.871865811755335,0.647121586620709,1
185.19,0,293.986272071505,0.117968200126458,0.86816423148788,0.646831245074772,1
185.2,0,293.523222750911,0.117538453221796,0.87063181894604,0.647940846148338,0.998220304091796
185.21,0,293.060093173714,0.117564598949839,0.870751615518424,0.648650627618414,0.998949697076896
185.22,0,292.596946685282,0.116262410789643,0.867848614947162,0.648655306177259,1
185.23,0,292.133846632513,0.11821681181669,0.868841299312436,0.649433460147274,1
185.24,0,291.670856336629,0.117766820068337,0.869427494937339,0.644624694116713,0.998740688300389
185.25,0,291.208039066167,0.11833014369015,0.864240813829377,0.650170317757459,0.999836284626005
185.26,0,290.745458010199,0.118537534804494,0.869226800128847,0.648585611831493,1
185.27,0,290.283176251776,0.120211233116161,0.869687681543515,0.648399169909061,0.999633213049097
185.28,0,289.821256741621,0.120944642343304,0.867526579167793,0.648177716887465,0.999180614395949
185.29,0,289.359762272071,0.119595094236417,0.866200294910119,0.647702405914706,0.999723932255427
185.3,0,288.89875545129,0.120939539995793,0.864428937635626,0.650549049032447,0.99977652791881
185.31,0,288.438298677756,0.117844456962317,0.865593658935641,0.649317863169959,1
185.32,0,287.978454115029,0.12146038414943,0.869265286158956,0.649072768112228,0.998806663847418
185.33,0,287.519283666816,0.123578824303664,0.866016210597835,0.647575804320982,0.999434898431131
185.34,0,287.060848952349,0.121453166884918,0.865021784969494,0.65004398545027,1
185.35,0,286.603211282059,0.119707440132792,0.864958112748096,0.648168658340606,0.99943599688435
185.36,0,286.146431633594,0.122629642647227,0.866734347197866,0.648522397590355,0.998742343390059
185.37,0,285.690570628142,0.121487237295735,0.86574887629295,0.64991994703782,1
185.38,0,285.235688507117,0.123747040788563,0.86594192343538,0.650503577471813,0.998514657729717
185.39,0,284.78184510917,0.122089645567104,0.864372959047363,0.650322975372083,0.999573920627526
185.4,0,284.329099847563,0.124548602884705,0.863303675801473,0.652539185182073,0.998908368849482
185.41,0,283.877511687902,0.124365055513068,0.862928964940816,0.652148300904774,1
185.42,0,283.427139126224,0.123184740766777,0.862813536410219,0.650416905390928,1
185.43,0,282.978040167472,0.124280167145785,0.861299642673095,0.649402216436738,0.998915479227733
185.44,0,282.530272304331,0.124581329349642,0.864259512995033,0.655904791885777,0.999613845168527
185.45,0,282.083892496457,0.12034827665454,0.864124388628209,0.652439523462223,0.997855004939765
185.46,0,281.638957150082,0.126327159735286,0.86295967185578,0.650865038763166,1
185.47,0,281.195522098023,0.128038317739165,0.86144176757999,0.652921336504755,1
185.48,0,280.75364258007,0.126661920883434,0.860437648269029,0.651373132114275,0.998477119764122
185.49,0,280.313373223784,0.126783523432037,0.86135956655206,0.651327490072322,0.998270317040574
185.5,0,279.874768025701,0.124546132325579,0.863225153938256,0.649807661078638,0.99942915495609
185.51,0,279.437880332921,0.126979346789462,0.858855655101572,0.655846853768382,0.999929884201785
185.52,0,279.002762825128,0.128050919503213,0.861130604605009,0.650903857319512,1
185.53,0,278.569467497009,0.130007879110921,0.858395615523444,0.651855733834834,0.996870779194583
185.54,0,278.177782515982,0.125607761885048,0.861341767283476,0.651130559533247,0.998309573360459
185.55,0,277.998236128471,0.127211133084822,0.861482826834187,0.653142622584231,1
185.56,0,277.825335912552,0.125610836125382,0.860536068460833,0.654427933260118,1
185.57,0,277.652164784586,0.127092077032039,0.862147538926362,0.653349495115264,0.999952250793196
185.58,0,277.530675392795,0.128983646106419,0.858070167293668,0.651671217788247,0.998756999066744
185.59,0,277.443515525436,0.130195535808082,0.859250698553051,0.655978049014729,0.997954163974846
185.6,0,277.355435969619,0.129986290863139,0.858289301497285,0.653126589941441,0.996367686845252
185.61,0,277.300354160751,0.129719004926142,0.859570457661223,0.656748322512995,1
185.62,0,277.300354160751,0.129671293841746,0.86137491898795,0.653350390229705,0.999298777137812
185.63,0,277.300354160751,0.131273970804405,0.858776949885559,0.655941215992471,0.999661415922759
185.64,0,277.300354160751,0.129139087664674,0.857516984123545,0.654840564809778,0.997878955867224
185.65,0,277.300354160751,0.128001908694966,0.858404360524805,0.655146155239105,1
185.66,0,277.300354160751,0.128583310902333,0.857513053390884,0.655666502812712,0.997647523662926
185.67,0,277.300354160751,0.126902682662496,0.857175630576988,0.654206808048975,0.998358333964907
185.68,0,277.300354160751,0.128320475282701,0.855002412356174,0.65440669179221,0.999629078873958
185.69,0,277.300354160751,0.127200923010289,0.85654971770688,0.653819558934962,0.999888125918197
185.7,0,277.300354160751,0.130105196839041,0.857860547317344,0.656795793905663,0.997427472740229
185.71,0,277.300354160751,0.128326317784219,0.857957827996231,0.654639131597458,1
185.72,0,277.300354160751,0.127993360784206,0.858560616013852,0.657429694247367,0.998507292041686
185.73,0,277.300354160751,0.127857180611917,0.856585761487734,0.657009879604804,0.996240944131944
185.74,0,277.339624965214,0.130279776927889,0.856738307122957,0.656376970225994,0.99946220006109
185.75,0,278.085955776992,0.127415419842727,0.854132986101315,0.655553519194911,0.999099879138424
185.76,0,278.406470145876,0.129661683902794,0.855079682754905,0.656507861538381,1
185.77,0,278.752459886624,0.128356100054926,0.854280806006756,0.654419103749409,1
185.78,0,279.100747483626,0.128001775745699,0.854069091999682,0.654405673247993,0.997279646476988
185.79,0,279.451736828171,0.123483776712561,0.85520361114735,0.657698424600375,0.999422855030774
185.8,0,279.805574445538,0.125610120019656,0.855000513631817,0.656074913430604,1
185.81,0,280.162295260264,0.124628028205669,0.852213716535896,0.656483711918007,0.996951362835763
185.82,0,280.521949647295,0.125204613840524,0.851847929473139,0.658664109672444,1
185.83,0,280.884585882931,0.125331115255301,0.851884241780842,0.657617088922384,0.998749332264249
185.84,0,281.250251642739,0.128731318126819,0.851994353123357,0.656208588240474,0.999771338206886
185.85,0,281.6189938935,0.127776358332253,0.852956809245318,0.656398120166402,1
185.86,0,281.990858878706,0.125308199618083,0.854437769699046,0.659873820873738,1
185.87,0,282.365892101899,0.125829116459691,0.854256062194353,0.65866078241414,0.999858752960578
185.88,0,282.744138309952,0.127083141204143,0.85208512855424,0.657798826745428,1
185.89,0,283.125641476613,0.125572741640054,0.849862217805851,0.656829901195251,1
185.9,0,283.510444786249,0.123651891783679,0.85450506514407,0.656805723613622,1
185.91,0,283.898590617812,0.125154696640037,0.84986002794276,0.658566092428907,1
185.92,0,284.29012052901,0.12327067045184,0.849854718167946,0.655596471765187,1
185.93,0,284.685075240702,0.122549496809822,0.852179229841846,0.658197589757965,1
185.94,0,285.083494621508,0.123738240482527,0.849514745714947,0.65857777946285,0.999797269279027
185.95,0,285.485417672645,0.123542052356427,0.847461916724599,0.656381634289274,1
185.96,0,285.890882512977,0.122642081956555,0.850277230366643,0.658893410018479,0.999550475802179
185.97,0,286.299926364297,0.121362181191329,0.84819470420102,0.65588914061126,1
185.98,0,286.712585536834,0.122449812169022,0.852103553218569,0.65870469330053,0.999729967487219
185.99,0,287.128895414985,0.122278829648689,0.848884463796729,0.658666113772398,1
186,0,287.548890443283,0.121770076186155,0.846035625198632,0.657379994148696,1
186.01,0,287.972604112594,0.120460282950763,0.849261693829893,0.659522620426213,1
186.02,0,288.40006894655,0.118935342827554,0.847172920751474,0.656506492308894,0.999841211953079
186.03,0,288.831316488216,0.119659251912873,0.849253163315486,0.65727891159782,0.998831870980568
186.04,0,289.266377287007,0.121830781874345,0.848746814192493,0.660154961832184,1
186.05,0,289.70528088583,0.118734944725597,0.847074769477192,0.657831042779578,1
186.06,0,290.148055808488,0.120188371711802,0.847744869077476,0.657754914986616,0.998777758785276
186.07,0,290.594729547315,0.119409220644119,0.846426349747677,0.659776294065155,1
186.08,0,291.04532855107,0.119238449603604,0.84603960754762,0.657682602009641,0.998889647562518
186.09,0,291.499878213078,0.11752609808655,0.845038752318318,0.656829520832508,1
186.1,0,291.958402859632,0.119078173449188,0.846318172990353,0.657580280367467,1
186.11,0,292.420925738641,0.121718747107687,0.846517669382952,0.659017745859881,1
186.12,0,292.88746900855,0.117901696157024,0.847508277829258,0.657862658912322,1
186.13,0,293.358053727517,0.118254168059964,0.846393434415141,0.660090063479174,0.998085664174548
186.14,0,293.832699842858,0.118713199172056,0.846824961872794,0.656837142290166,0.997813892169941
186.15,0,294.311426180761,0.117273356157669,0.846945314656578,0.659135557140425,0.998124163334979
186.16,0,294.794250436276,0.11604430993636,0.84787076652245,0.656728716954127,1
186.17,0,295.281189163574,0.118769541644267,0.846069802695328,0.657691032411787,1
186.18,0,295.772257766501,0.114657545386811,0.845074076233954,0.658632657386143,0.999001821890557
186.19,0,296.267470489397,0.116723690890875,0.845313804528965,0.654762776400786,1
186.2,0,296.766840408216,0.113929311253337,0.844646483385632,0.659568010902751,1
186.21,0,297.270379421937,0.113603493862027,0.845621942871739,0.658005440868087,0.998620027900958
186.22,0,297.778098244265,0.11525692586439,0.845322190663114,0.661252766038916,0.998648204448577
186.23,0,298.29000639563,0.112912224476705,0.844959698613098,0.657562755479739,0.999918295012954
186.24,0,298.806112195502,0.112508142540326,0.846435529092028,0.657215785580232,1
186.25,0,299.326422755003,0.110526557386892,0.843180659633824,0.65721035034408,0.999288835003961
186.26,0,299.850943969838,0.110383868518625,0.840161485251331,0.659247316424779,0.999329607309711
186.27,0,300.379680513542,0.113669873412824,0.844901480408523,0.659326316475232,1
186.28,0,300.912635831047,0.111683973743781,0.843494365321492,0.656320948440331,1
186.29,0,301.449812132581,0.113523258758755,0.84243370249445,0.653242503744319,0.998008637199115
186.3,0,301.991210387901,0.109675628808167,0.841150222708713,0.657179153340104,0.999612775219641
186.31,0,302.536830320853,0.111417723179439,0.845506663966721,0.659242975781829,1
186.32,0,303.086670404283,0.111761722323287,0.843264227594768,0.659688666539915,0.999583660315361
186.33,0,303.640727855302,0.112388370328432,0.840419380888541,0.656118115338106,0.996715806970753
186.34,0,304.198998630885,0.111573291338488,0.841321963690303,0.656614148715936,0.997473699204472
186.35,0,304.761477423847,0.10977014196742,0.84143051628056,0.65854256913477,0.998189542868914
186.36,0,305.32815765918,0.108055303837914,0.839875547822417,0.657803490204046,0.999178229342641
186.37,0,305.89903149075,0.110517404344017,0.844240782670329,0.656381502558128,0.997933273401373
186.38,0,306.474089798379,0.110019932444537,0.843136765199432,0.658517934815661,1
186.39,0,307.053322185311,0.108441058287579,0.843196972788694,0.658084041205195,0.999105492086689
186.4,0,307.636716976053,0.108411190384484,0.840764130847917,0.658063642158336,1
186.41,0,308.224261214623,0.107700417913611,0.840894900771578,0.657505230044763,1
186.42,0,308.815940663189,0.106425440012407,0.840839276813592,0.658680994581098,0.999127136703098
186.43,0,309.411739801118,0.10639014673382,0.841393124816308,0.65465668454154,0.999054645141353
186.44,0,310.011641824431,0.104019484428723,0.839010265502969,0.656631702098035,0.998396431224741
186.45,0,310.61562864568,0.107848085829533,0.841128208871825,0.656395080249754,0.99938659082529
186.46,0,311.223680894252,0.107405602610582,0.839612906185556,0.655243190146607,1
186.47,0,311.835777917091,0.107822884996462,0.84005008650633,0.656283574775026,1
186.48,0,312.45189777987,0.106165187660481,0.838797169983348,0.655984686635456,1
186.49,0,313.072017268598,0.106738074299234,0.840495378841728,0.656067881336322,1
186.5,0,313.696111891668,0.107718240413032,0.837531514213189,0.655938455304594,0.998023384501774
186.51,0,314.324155882379,0.105682255123792,0.839621164725444,0.654148975556776,1
186.52,0,314.956122201898,0.102662273874175,0.837310851053932,0.652749670489623,0.99881231567535
186.53,0,315.591982542704,0.104199079361824,0.836884599346045,0.655377874117731,0.997937704285296
186.54,0,316.231707332489,0.101730149062992,0.838459570549578,0.654591603877563,1
186.55,0,316.875265738556,0.101477532722563,0.84245327095048,0.655981354307096,1
186.56,0,317.522625672684,0.103578597777437,0.836893215699388,0.655932510088181,0.999894979835133
186.57,0,318.173753796496,0.0995317708507065,0.840036735863809,0.657142550935575,0.998051306839404
186.58,0,318.828615527312,0.101877668177853,0.838587347905615,0.654658520324048,0.998336716226205
186.59,0,319.487175044512,0.101779227762657,0.840044689355981,0.654316596361956,0.998052991446467
186.6,0,320.149395296401,0.102491520549639,0.837231631687395,0.652049139953229,1
186.61,0,320.815238007589,0.101801025940553,0.837397241020683,0.654279813918673,1
186.62,0,321.484663686884,0.0982345447554893,0.835980149518223,0.653793648449408,0.999068965228818
186.63,0,322.157631635712,0.0991118864684065,0.837025272646109,0.653916967495274,1
186.64,0,322.834099957058,0.099410227989168,0.837469185139629,0.653005097150614,0.997433945664688
186.65,0,323.514025564948,0.0969131242059015,0.838483063903062,0.65246915970091,0.998996222547148
186.66,0,324.197364194458,0.0974449173496822,0.83726965082812,0.654637182917757,1
186.67,0,324.884070412268,0.0967953668310241,0.837070751099198,0.656093913549602,1
186.68,0,325.574097627762,0.0995847196201944,0.837604902425185,0.653740276724828,0.99795684959992
186.69,0,326.26739810467,0.0969897093713266,0.838050459240586,0.656114871287026,0.99971108414489
186.7,0,326.963922973272,0.0971051462367267,0.835160049222964,0.656339525641493,1
186.71,0,327.663622243149,0.0984960554221989,0.836497687139923,0.65383556155822,0.996367698830816
186.72,0,328.366444816492,0.0955914994396867,0.837410184043919,0.65485600553923,0.999862685613284
186.73,0,329.072338501983,0.0964938342124855,0.838298629245346,0.653529860355029,0.998143209745866
186.74,0,329.781250029224,0.0944976569912359,0.835727641467849,0.654466741512422,1
186.75,0,330.493125063748,0.0954284357793932,0.835665645141921,0.653561054092833,1
186.76,0,331.207908222585,0.0951934182341953,0.835572385234484,0.65351492174097,0.999434547857332
186.77,0,331.925543090401,0.0945841427359578,0.834511806687107,0.65191916715117,1
186.78,0,332.645972236215,0.0947712412829657,0.832401983647796,0.652902084225965,0.999901535365556
186.79,0,333.369137230677,0.0936746850576469,0.837717353004747,0.652130368716652,0.999743010849959
186.8,0,334.094978663925,0.0944534475015752,0.836751260135386,0.652442767840242,0.999903052571977
186.81,0,334.823436164007,0.0945868400312024,0.835282442088944,0.650420805518342,1
186.82,0,335.554448415888,0.0901687846046482,0.835776094827393,0.650379990877634,0.999447960819875
186.83,0,336.287953181014,0.0933014484342025,0.837182421687682,0.649548498815975,0.999809039338685
186.84,0,337.023887317454,0.0914741005226548,0.835473215546957,0.65232319208832,1
186.85,0,337.762186800606,0.091586465984908,0.834745083094654,0.650635814479511,0.999951461614879
186.86,0,338.502786744482,0.0900746869501129,0.833800704119584,0.64922338056745,0.997577591762726
186.87,0,339.245621423538,0.0903506709182954,0.835163217700555,0.653066085489196,1
186.88,0,339.990624295081,0.0882790655014466,0.833373469014147,0.65154618155814,1
186.89,0,340.737728022233,0.0877978960582734,0.83492107115343,0.651025960532442,1
186.9,0,341.486864497445,0.0880224045464767,0.833399826249225,0.648069008877163,1
186.91,0,342.237964866562,0.0873107555398706,0.833985789370069,0.650764414691356,0.999245733559097
186.92,0,342.990959553441,0.0873277676979277,0.833342186598691,0.650793564646116,1
186.93,0,343.745778285102,0.0883897639511561,0.832857045676444,0.649774367734098,1
186.94,0,344.502350117422,0.0892620799157199,0.832829084871462,0.650376760635664,0.99902697072608
186.95,0,345.260603461351,0.088858376014075,0.833361838360751,0.650074349222285,0.997893773893377
186.96,0,346.020466109661,0.0839760826214164,0.832599960037553,0.647623172366263,1
186.97,0,346.781865264199,0.0851630453555988,0.83423537186883,0.64983116533163,1
186.98,0,347.54472756366,0.0859248123456548,0.832997347146014,0.648441524550202,1
186.99,0,348.308979111854,0.0849580932337144,0.832977119266246,0.649613556329353,1
187,0,349.074545506465,0.0861667774952914,0.833367470593642,0.648064167046437,1
187.01,0,349.841351868295,0.0860380177022966,0.834541749100038,0.64844630343403,1
187.02,0,350.609322870981,0.0811944446184499,0.834962113597405,0.648488917567718,1
187.03,0,351.378382771176,0.0819414129699547,0.834102655707288,0.65022710011757,0.998116390687971
187.04,0,352.148455439175,0.0822694214386706,0.833814044642169,0.649793270204425,0.998108362139705
187.05,0,352.919464389999,0.0835164888381869,0.832261886060207,0.646662166252499,1
187.06,0,353.691332814888,0.0797409406559653,0.832623710670457,0.648023721076097,1
187.07,0,354.463983613226,0.0798049269045245,0.832859865399391,0.647919630051354,0.999253157967683
187.08,0,355.237339424869,0.0799205648421841,0.832975355712791,0.647608584351334,1
187.09,0,356.011322662861,0.0798811003909599,0.832547855844626,0.647464729760488,0.99842651669206
187.1,0,356.785855546529,0.0804124039814716,0.832011737584799,0.648079312413159,0.998509186341602
187.11,0,357.560860134944,0.0806503816655081,0.831443350712158,0.648574326240435,1
187.12,0,358.336258360727,0.0792931326015739,0.834897079076286,0.645487466075508,0.997764121101475
187.13,0,359.1119720642,0.0798713016591825,0.829437840005131,0.646057553157338,0.999210064939845
187.14,0,359.887923027839,0.0783490557590109,0.831413289489181,0.645545426699005,1
187.15,0,360.664033011043,0.0789716938830394,0.831535753345675,0.648691051754401,1
187.16,0,361.440223785184,0.0772303194646842,0.831705807937287,0.644143347979769,0.997725762158978
187.17,0,362.216417168928,0.0807925446521337,0.835425688899779,0.64555215246167,1
187.18,0,362.992535063805,0.0763728933478099,0.830482424756517,0.644965365660211,0.997895471357217
187.19,0,363.768499490009,0.0795444998313179,0.83147417954988,0.645658746518161,0.999099490433514
187.2,0,364.544232622427,0.0768475410259697,0.831523089547508,0.644874984799873,1
187.21,0,365.319656826849,0.0734237301163001,0.831074059024458,0.646896981260251,1
187.22,0,366.094694696366,0.0731646774672054,0.834121823742561,0.645209665473228,1
187.23,0,366.869269087923,0.0744401191339406,0.831815005342199,0.645544952482356,1
187.24,0,367.64330315901,0.0751995371283646,0.832087644881035,0.643807143932269,1
187.25,0,368.41672040447,0.0745918802697251,0.831641017579099,0.645163006582365,1
187.26,0,369.189444693412,0.0755196006935497,0.831443196890874,0.644520836298622,0.99963539520663
187.27,0,369.961400306187,0.074039405394056,0.832270037468562,0.644553210697557,1
187.28,0,370.732511971437,0.0714290927839942,0.831856108312675,0.644564151892595,1
187.29,0,371.502704903165,0.0730462294622787,0.833047705555368,0.644036361018336,0.999919284403299
187.3,0,372.271904837825,0.0694848889929104,0.833003040416251,0.645243661730557,0.998927189006867
187.31,0,373.040038071398,0.074068879885457,0.832619478498792,0.644700690217947,0.997165260318279
187.32,0,373.807031496441,0.0720328328066688,0.831656706851326,0.6419413230661,1
187.33,0,374.572812639083,0.0721914276844583,0.832160525934595,0.641105164396242,0.997205203403065
187.34,0,375.337309695937,0.0699219949837696,0.831490304088545,0.643966954760978,1
187.35,0,376.100451570922,0.0729066795351386,0.83104640377289,0.643117426087743,1
187.36,0,376.862167911961,0.0709583097502411,0.833613080447942,0.643055267524234,1
187.37,0,377.622389147529,0.0678341998029378,0.832344260269354,0.641743860243869,1
187.38,0,378.381046523041,0.0692141210957501,0.834725548881271,0.641995852109618,0.999462725377908
187.39,0,379.138072137046,0.0699094131973314,0.833684112427854,0.644033985303519,1
187.4,0,379.893398977201,0.0668029240769495,0.833968885633748,0.643421372712887,1
187.41,0,380.646960956018,0.0692651193371524,0.828215505985434,0.644069989045788,1
187.42,0,381.398692946339,0.0689847026228043,0.832185817877957,0.642516257909571,1
187.43,0,382.148530816539,0.0668480385065834,0.831512109443519,0.642467581242221,1
187.44,0,382.896411465412,0.0690678830765495,0.83101630387253,0.643575619363961,0.999973621864841
187.45,0,383.642272856728,0.0680326442529099,0.832799386098414,0.642967354410776,0.999780033053848
187.46,0,384.386054053442,0.0685260972359257,0.832279037259139,0.64034634452472,0.999199306908529
187.47,0,385.12769525152,0.0643273826543417,0.828737649317621,0.642079179426245,1
187.48,0,385.867137813369,0.0610686251495673,0.832616055551389,0.642142096336261,1
187.49,0,386.604324300844,0.0637450176288913,0.833161121219014,0.641692828759716,0.997619612243365
187.5,0,387.33919850781,0.0643171568730043,0.831706739861423,0.642015695951072,1
187.51,0,388.071705492232,0.0661584045660282,0.828472169231516,0.641890501900079,0.999195961952924
187.52,0,388.801791607793,0.064052649371878,0.831707308996039,0.642901893908116,1
187.53,0,389.529404534974,0.0647994398586534,0.83315494757572,0.644274040880915,1
187.54,0,390.254493311623,0.0613618308468201,0.829767960674305,0.642388628840683,1
187.55,0,390.977008362966,0.0603601527629511,0.829412014422608,0.640811274598403,0.999488706088129
187.56,0,391.696901531029,0.0628845146639919,0.832559247783812,0.643572597462639,1
187.57,0,392.414126103482,0.0597397390386268,0.832051249585572,0.642521254025192,0.997188013296293
187.58,0,393.12863684186,0.0607488373397986,0.834434351418176,0.639541373259019,0.99960950852162
187.59,0,393.840390009142,0.0630575097236741,0.828240460224736,0.64090288091245,0.999005166405448
187.6,0,394.549343396685,0.0619038768331959,0.831420126730596,0.640228314086278,0.999238694272204
187.61,0,395.255456350472,0.0615244224152894,0.829050204874552,0.64332742238337,1
187.62,0,395.958689796679,0.0605223259299287,0.829210587368752,0.642498795869105,0.999850506847783
187.63,0,396.659006266519,0.0586917250618525,0.832557600616236,0.643448360732699,1
187.64,0,397.356369920365,0.0575443874119593,0.827762634442689,0.641758705144683,1
187.65,0,398.050746571123,0.0583601144011536,0.831472077777059,0.641687621958272,1
187.66,0,398.742103706835,0.0576158247389799,0.83096820640481,0.638010757884884,0.998128569573576
187.67,0,399.43041051252,0.0581759699324171,0.834504462962885,0.646335681570596,0.997149656156194
187.68,0,400.115637891205,0.0588033262562281,0.830698363652965,0.640504899518883,1
187.69,0,400.797758484145,0.05992906093528,0.829737712396443,0.64249836849305,1
187.7,0,401.476746690234,0.0586163029935493,0.830846789062177,0.641290753084805,0.999954620037673
187.71,0,402.152578684562,0.0573674840446039,0.830892062590985,0.64089208146616,0.999458849811334
187.72,0,402.825232436126,0.0579994549897973,0.833451869082522,0.639503008306494,1
187.73,0,403.49468772468,0.0570330783218651,0.833534120821545,0.640762814845948,1
187.74,0,404.160926156705,0.0553630401677999,0.834561393571473,0.639513128386469,0.995615349279936
187.75,0,404.823931180495,0.0583514142289385,0.831490363732028,0.641553523725899,0.998249601747828
187.76,0,405.483688100339,0.0584647039770374,0.83073311234358,0.641755777533644,0.997743440561763
187.77,0,406.140184089807,0.0546669347386379,0.833300330425235,0.641088249492969,0.998515720236565
187.78,0,406.793408204103,0.0546004013764516,0.832390033410632,0.640979494634535,0.999392409148921
187.79,0,407.443351391506,0.0535175687409153,0.832687316700974,0.640127442710387,1
187.8,0,408.090006503873,0.0561700365179481,0.83143148656671,0.642356868145314,0.999765446462297
187.81,0,408.733368306199,0.056765428763918,0.830925916117358,0.643170181889751,1
187.82,0,409.373433485232,0.0553450186176941,0.830939473308754,0.641656296307676,1
187.83,0,410.010200657141,0.0541094442246326,0.832223818333699,0.641297504608236,1
187.84,0,410.64367037421,0.0545122072962862,0.830987237084812,0.643142966054082,1
187.85,0,411.273845130594,0.0537083731871175,0.831301632961516,0.642555293756806,1
187.86,0,411.900729367089,0.0535909855973489,0.83056654191978,0.642505610860735,1
187.87,0,412.524329474943,0.0552691495892643,0.832945405415624,0.642556883149046,0.997227768250218
187.88,0,413.144653798699,0.0527332139359212,0.834824358493363,0.641132136437148,0.998351890848052
187.89,0,413.761712638057,0.0524109539333711,0.836018637891332,0.6423542648244,0.999652456665493
187.9,0,414.37551824878,0.0525264338184297,0.833036103548846,0.640396772262785,1
187.91,0,414.986084842609,0.0503028713746244,0.832467728878426,0.642184202956411,1
187.92,0,415.593428586223,0.0540132581797602,0.831645118534238,0.645248454222163,0.999868584231741
187.93,0,416.19756759922,0.0504047736694491,0.832761348002481,0.64220990067923,1
187.94,0,416.798521951138,0.0513007955489493,0.831860194250263,0.640587529830221,1
187.95,0,417.396313657501,0.0535336289136196,0.83255164950383,0.641613665130539,0.99801595301724
187.96,0,417.990966674923,0.0476681560651792,0.832270438924015,0.645107896219849,1
187.97,0,418.582506895237,0.0507319650101546,0.835061504095044,0.639793143849545,1
187.98,0,419.17096213868,0.050280231594052,0.830656265515204,0.642014083006785,0.99949993729403
187.99,0,419.756362146145,0.0512035559398427,0.832225210977319,0.642578990058601,1
188,0,420.338738570471,0.0491574048856078,0.832886131631937,0.640658358444677,0.998165601321201
188.01,0,420.918124966826,0.0496541156408294,0.833384399339132,0.644441978515728,1
188.02,0,421.494556782143,0.0513263102874808,0.834127848214605,0.644856956299728,0.998922873352963
188.03,0,422.068071343666,0.0474149825012639,0.834013717208885,0.64331020598091,1
188.04,0,422.638707846565,0.047171647386339,0.835487277684969,0.644095741547722,1
188.05,0,423.20650734067,0.0488057355448734,0.836172278265256,0.642702310308325,1
188.06,0,423.771512716315,0.0470486672052756,0.832725913647454,0.643418675833306,1
188.07,0,424.333768689303,0.047095346343165,0.832146555725527,0.642873696991478,0.999004282519946
188.08,0,424.893321785007,0.0439591614542436,0.835162276387553,0.641742910518166,1
188.09,0,425.450220321624,0.0470128837338978,0.836170702648251,0.645744860113058,0.999061379714964
188.1,0,426.004514392579,0.0456795844046706,0.832029990606726,0.643700062261971,1
188.11,0,426.556255848115,0.049197257297802,0.836066167271059,0.642892086817413,1
188.12,0,427.105498276052,0.0482018528575608,0.835437488299289,0.642727177810076,0.995427744497869
188.13,0,427.652296981758,0.0461614830421626,0.83572500291148,0.643266821660468,1
188.14,0,428.196708967335,0.0461739850434156,0.836054668807923,0.645230998667077,0.998275611325557
188.15,0,428.73879291002,0.0440545656985835,0.835907375426308,0.643756033904013,1
188.16,0,429.278609139847,0.0473987575609274,0.835175872628743,0.644747301633952,1
188.17,0,429.816219616557,0.046100921594507,0.835491384134072,0.646156216377433,1
188.18,0,430.351687905784,0.0420709672051438,0.834295747973695,0.645734136108942,1
188.19,0,430.88507915454,0.042381615337509,0.835248209516347,0.644217615953443,0.999239486736615
188.2,0,431.416460066,0.0427740709615389,0.835832225041354,0.646699309762793,1
188.21,0,431.945898873611,0.0430844318602713,0.837589667601894,0.646448565654034,0.997463646032861
188.22,0,432.473465314552,0.0465316606532551,0.835071599688663,0.647252441084832,1
188.23,0,432.999230602545,0.0431084491636572,0.834546835693099,0.646338121889744,1
188.24,0,433.523267400042,0.0431227639182791,0.836853081029102,0.650163879231773,1
188.25,0,434.045649789818,0.0430976883298912,0.833581715836478,0.647996222099904,1
188.26,0,434.566453245966,0.0427884596135601,0.834120429706857,0.645947185553979,1
188.27,0,435.085754604318,0.0440841475443125,0.837071657005769,0.645726507198606,0.999483578540714
188.28,0,435.603632032337,0.0426832908984917,0.833888400165672,0.643462841426878,0.998418713078326
188.29,0,436.120164998459,0.042612819751542,0.838153097207775,0.645753469898149,0.998442409815399
188.3,0,436.635434240921,0.0418772590336625,0.836804107532428,0.644892690376271,1
188.31,0,437.149521736111,0.0401204219956528,0.835899229423711,0.644973472038302,0.997836092958765
188.32,0,437.662510666421,0.0385678531692012,0.837750248825169,0.645856047316646,1
188.33,0,438.174485387662,0.0417379229327147,0.841484363180716,0.647545842148412,0.999588055089909
188.34,0,438.685531396028,0.0420396100268059,0.837208398930489,0.648819593494214,0.999386851155236
188.35,0,439.19573529465,0.0390325533705849,0.835754651153876,0.650089031703271,0.999999597737003
188.36,0,439.705184759746,0.0374570939188328,0.836537242627435,0.647219535372614,0.999186999921765
188.37,0,440.213968506384,0.0410522340651324,0.837747010079388,0.647847862229906,1
188.38,0,440.722176253899,0.0425233603632932,0.839064347761847,0.649952595644053,1
188.39,0,441.229898690951,0.0388618526384622,0.836076205162708,0.647815278797936,1
188.4,0,441.737227440266,0.0376189476843017,0.836562266296986,0.649570709288254,0.999807040536039
188.41,0,442.244255023072,0.0385634088649495,0.835759797952518,0.650233696402888,1
188.42,0,442.751074823239,0.0401665788426462,0.838449828542521,0.649332367386268,1
188.43,0,443.257781051162,0.0395831594061539,0.840587399416953,0.649268822807233,1
188.44,0,443.764468707387,0.0387332014214289,0.837710354911328,0.648618850440322,1
188.45,0,444.271233546001,0.0392705788473098,0.839126885624662,0.648904733542346,0.99824099606725
188.46,0,444.778172037814,0.0383210059670084,0.837539589095406,0.64909013044867,1
188.47,0,445.285381333344,0.0365374010559192,0.839369669052223,0.649248645535342,0.999133544817766
188.48,0,445.792959225618,0.0358362383803544,0.839579290906853,0.648544582726996,1
188.49,0,446.301004112807,0.0406763901245543,0.838617155306225,0.652245366823011,0.998441680030671
188.5,0,446.809614960732,0.0383273528897489,0.839842139501707,0.652315786277463,0.99944791123054
188.51,0,447.318891265227,0.0397446855775805,0.838165985635141,0.651835766031916,0.997321791639588
188.52,0,447.828933014393,0.0375237048040765,0.838680760341943,0.648421909754169,1
188.53,0,448.339840650765,0.0368592563745417,0.838514383381987,0.648834017883946,0.999667381227949
188.54,0,448.851715033388,0.0375143165869294,0.842314881476979,0.650304309833641,1
188.55,0,449.364657399839,0.0371302010355985,0.841850671770959,0.652770535712754,0.999349007230418
188.56,0,449.8787693282,0.0350369995505532,0.841202857986232,0.65018626300005,1
188.57,0,450.394152698987,0.0349557677332065,0.841077456654897,0.651691331103954,0.999480109016289
188.58,0,450.910909657082,0.0354254548495076,0.840980455654672,0.6499256991701,0.999679250609428
188.59,0,451.429142573646,0.0385652610032729,0.838926128806093,0.650811243379139,0.998427055065156
188.6,0,451.948954008042,0.0347989991057476,0.837987779350136,0.651146163015651,0.998979152493146
188.61,0,452.470446669796,0.036961827195076,0.840442472558523,0.652852525273173,0.999032242609214
188.62,0,452.993723380584,0.0353368526902041,0.844117295041354,0.6515483346831,1
188.63,0,453.51888703628,0.0355778560420074,0.842716282180943,0.651556795682351,0.999128288901217
188.64,0,454.046040569058,0.0337462553880575,0.842881255599938,0.654058054312527,0.998634520372604
188.65,0,454.575286909587,0.0337717237984694,0.843454408275859,0.652511276014778,0.999529959695059
188.66,0,455.106728949302,0.0351184544229291,0.842097104338301,0.65133610669703,0.998285014741227
188.67,0,455.640469502779,0.0372569686218232,0.843957154403276,0.652266962172985,1
188.68,0,456.17661127023,0.0343283496232078,0.843231014468414,0.653726752775142,0.999411835531618
188.69,0,456.715256800123,0.0334394767222853,0.840835468603895,0.653186361207568,1
188.7,0,457.25650845192,0.0329077067185858,0.841734130119073,0.654538323620942,1
188.71,0,457.800468358983,0.032911023354526,0.84388143159416,0.651828646682664,1
188.72,0,458.347238391628,0.0324582463154928,0.841977143109499,0.652319727972426,0.999547421261003
188.73,0,458.896920120339,0.0347671779985816,0.843462200935515,0.653671118396818,0.998515084010913
188.74,0,459.449614779162,0.0331529337476056,0.84293845398085,0.655415068789634,1
188.75,0,460.005423229295,0.0334962372591972,0.84422007439015,0.654895572168461,0.998905788371493
188.76,0,460.564445922847,0.0350560896511209,0.84350615647099,0.653697434358386,1
188.77,0,461.126782866825,0.0326798174912145,0.843355025349483,0.654278525182669,0.999079710391047
188.78,0,461.692533587319,0.0324275911813331,0.844219631691838,0.655257224786687,0.999418272246849
188.79,0,462.261797093904,0.0299952185273936,0.844719405936273,0.653953432349142,1
188.8,0,462.834671844273,0.0283661314175569,0.844268314976652,0.655053001292059,0.999730655802918
188.81,0,463.411255709107,0.03109826540141,0.84453810376163,0.655487947099525,0.998010098574261
188.82,0,463.991645937177,0.0301350454437396,0.84480274037741,0.657034175773902,1
188.83,0,464.575939120701,0.0313987406291387,0.846430750553733,0.653014313944317,0.997805916040824
188.84,0,465.164231160954,0.0312136974829531,0.847704823090316,0.654686058463334,1
188.85,0,465.756617234134,0.0296195619413656,0.846446979700526,0.655278156408298,1
188.86,0,466.353191757502,0.0311199069493792,0.847282828660762,0.655383534316485,0.999532926172847
188.87,0,466.954048355792,0.0298053062801944,0.845836704527899,0.654737205458354,0.999528492425171
188.88,0,467.559279827895,0.0278056047001523,0.846355487873196,0.657543249811767,1
188.89,0,468.168978113827,0.0260496921887251,0.847535175438957,0.656767599640172,0.998694891803365
188.9,0,468.783234261998,0.0289071219945205,0.845597326860829,0.653785281483208,0.998526297709915
188.91,0,469.402138396755,0.0290603705092854,0.847101675041471,0.659715022074677,0.998240939767904
188.92,0,470.025779686235,0.028688437219891,0.846878331632811,0.659147939150245,1
188.93,0,470.654246310526,0.0274729181002387,0.849583542651838,0.655980272566474,1
188.94,0,471.287625430119,0.0283534217200206,0.846077292405008,0.656019322701237,1
188.95,0,471.92600315469,0.0295389355783456,0.848476195343508,0.656901426814863,1
188.96,0,472.569464512179,0.0276827345073772,0.849886703683585,0.65754007392391,0.998037417602423
188.97,0,473.218093418206,0.0285486450857422,0.850759764458347,0.660780580165733,0.999901897900234
188.98,0,473.8719726458,0.02495228224089,0.851356697760366,0.658277310518064,0.999682455702078
188.99,0,474.53118379546,0.0275691267402273,0.848332008998622,0.658488144369727,1
189,0,475.195807265543,0.0293054121550697,0.848379617821775,0.656491343869822,1
189.01,0,475.86592222299,0.0249758921089005,0.850873886107685,0.65940075085333,0.999736419633417
189.02,0,476.541606574387,0.0248195046020759,0.851422349667449,0.656951130400809,1
189.03,0,477.222936937374,0.0243404186404176,0.851929326287586,0.655009984772432,0.998304336577818
189.04,0,477.90998861239,0.0243682411607733,0.851819944279,0.659024098177611,1
189.05,0,478.602835554772,0.0258255880162758,0.851179235814514,0.657657037908317,1
189.06,0,479.301550347203,0.0259715233631623,0.853500293057245,0.657676965369167,0.999719128599362
189.07,0,480.006204172517,0.0236934821682789,0.850949465802403,0.659305490336776,0.998550433113698
189.08,0,480.716866786864,0.0246924962921828,0.8502105582482,0.656684289831485,1
189.09,0,481.433606493227,0.0221123250092332,0.854139745572142,0.658201184341903,1
189.1,0,482.156490115317,0.0241433350022154,0.849613350164178,0.658896484882056,0.997871264244299
189.11,0,482.88558297183,0.022008324406232,0.850410789495232,0.657109639489658,0.999049643423463
189.12,0,483.620948851073,0.0236671890037808,0.852766856396541,0.660005746606688,0.999853627135803
189.13,0,484.362649985973,0.022681197422434,0.856096004354455,0.659956960051753,1
189.14,0,485.110747029453,0.0237759237605095,0.852707906599022,0.657822426741246,0.998312318017802
189.15,0,485.865299030209,0.0212919307914517,0.853732303534793,0.658455812771833,0.999759293882175
189.16,0,486.626363408853,0.0230555018277543,0.851632921484431,0.657035504176277,1
189.17,0,487.39399593446,0.0215306219073734,0.853174807167127,0.65855017361041,1
189.18,0,488.168250701506,0.0222160251931638,0.854456467877502,0.659319257813089,0.998898052924589
189.19,0,488.949180107203,0.0207276225182961,0.853808296672034,0.659981352684529,0.997575522167222
189.2,0,489.736834829235,0.0210995603786481,0.853267465916261,0.658112208912766,1
189.21,0,490.531263803903,0.0207173113446972,0.85336765253581,0.65945309025362,1
189.22,0,491.332514204688,0.0172963794242463,0.856462628226315,0.659581720248539,0.997839499706636
189.23,0,492.140631421212,0.0168545740091024,0.8544255673484,0.656010412241658,1
189.24,0,492.955659038644,0.019362206206008,0.857622231759249,0.65958440059879,0.999108113695826
189.25,0,493.777638817506,0.0175909900161129,0.857514241348739,0.657234267717223,1
189.26,0,494.606610673934,0.0190382316860029,0.85657982102168,0.658854661056153,1
189.27,0,495.442612660363,0.0188437492140587,0.85468807499024,0.657564979812255,1
189.28,0,496.285680946648,0.018014018417951,0.855651110417232,0.65737045082674,1
189.29,0,497.13584980165,0.0149589549773051,0.857808586236694,0.658945887623522,1
189.3,0,497.993151575263,0.0158089261150745,0.857123195381788,0.656949319666986,0.997769097694331
189.31,0,498.8576166809,0.0160135922713606,0.857673127422062,0.66019159532834,1
189.32,0,499.729273578451,0.0143173869468475,0.858931995651184,0.658111701270179,1
189.33,0,500.608148757713,0.0157625762348537,0.858388615258569,0.660718347800635,0.998709537810458
189.34,0,501.494266722297,0.0153119938001332,0.855336987986101,0.658634132981335,1
189.35,0,502.387649974021,0.0148314853857028,0.857621858295591,0.658694816569522,0.997595263932482
189.36,0,503.288318997798,0.0146792209144832,0.858118532210765,0.660279285351137,1
189.37,0,504.196292247022,0.0176096949514265,0.856355713397146,0.658574328137806,0.998767245987846
189.38,0,505.111586129467,0.0177611804349339,0.856609892296994,0.657637550090261,1
189.39,0,506.034214993704,0.0133559311091605,0.856912539315193,0.657438718806176,1
189.4,0,506.964191116028,0.0136685842246765,0.860811733436965,0.659958017577317,0.999654598774989
189.41,0,507.901524687935,0.00947958372715172,0.859272440565235,0.658630546620474,1
189.42,0,508.846223804133,0.0111331767825459,0.861588066990864,0.657760436380381,1
189.43,0,509.798294451097,0.0128149466120728,0.857807685573239,0.659500840853178,1
189.44,0,510.757740496192,0.0135223850037026,0.85988432916902,0.66064563235382,1
189.45,0,511.724563677358,0.0125945544627322,0.858312536880559,0.657221358614516,0.998619621983139
189.46,0,512.698763593371,0.0122750014942154,0.859033698161119,0.658179264464246,1
189.47,0,513.680337694695,0.0135106171687798,0.860944959055693,0.660554215751448,1
189.48,0,514.66928127492,0.011870240983733,0.859594003098375,0.658944046713736,1
189.49,0,515.665587462819,0.0100975601343566,0.859320543345774,0.659977890365126,0.999945695629123
189.5,0,516.669247215013,0.0103633086296071,0.860073994185623,0.660377656744723,1
189.51,0,517.680249309254,0.00922973639683729,0.862197771538779,0.658123760007886,0.999116519582172
189.52,0,518.698580338358,0.00967704608398645,0.862870519314059,0.658453253704063,0.999921050506334
189.53,0,519.719971330257,0.00791040725876976,0.864429413153919,0.656499050911644,1
189.54,0,520.724808772966,0.0104684716586845,0.866773759732751,0.656954517048095,1
189.55,0,521.735438879783,0.00609255912151958,0.859439689023321,0.657246231304185,0.9988925532611
189.56,0,522.753463794799,0.00633499526906594,0.865183087112262,0.657616759890359,0.999677696831031
189.57,0,523.596250411121,0.00789210031406577,0.862140553014813,0.657469931893159,0.999172530346432
189.58,0,524.31133373708,0.00607173093747568,0.868044703403457,0.660156559304042,1
189.59,0,525.040011156663,0.00633251648568262,0.863756657836738,0.658092526625738,0.997778821737508
189.6,0,525.740863563697,0.00597923748130028,0.863063817455951,0.654122703311605,1
189.61,0,526.258665634811,0.00555098276374537,0.866294842965479,0.660994373722371,1
189.62,0,526.770803821933,0.00397630106298297,0.864713923941141,0.654534876629382,1
189.63,0,527.290189541568,0.00410514288745206,0.861896678173198,0.656166012333378,0.999204505077333
189.64,0,527.717491131024,0.00554554297543822,0.862958804784769,0.657160334290636,0.999111287558674
189.65,0,528.078283466945,0.00740815997033412,0.862702202072712,0.654481767029792,1
189.66,0,528.447790506953,0.00795760525204852,0.866586195606768,0.655796414988077,0.999833049823462
189.67,0,528.804765689329,0.00599286115556188,0.867240594551969,0.654824683470365,0.998558751272953
189.68,0,529.070452472872,0.00658976108302779,0.865177192672522,0.658354903026339,1
189.69,0,529.334887891728,0.00496999162577687,0.865085929919798,0.655527855949328,1
189.7,0,529.604590411004,0.00847842509699073,0.866684253660441,0.656618060866674,0.999819289389373
189.71,0,529.864744924339,0.00456362291331328,0.866305848835274,0.655513145452063,0.99926865263083
189.72,0,530.118933425491,0.00498576257823257,0.866918841806377,0.655556104588118,1
189.73,0,530.377608755154,0.00478447764878749,0.866269351908355,0.659063226099822,0.999608033859788
189.74,0,530.639764579699,0.00382183646396765,0.86848575040402,0.65615120894599,1
189.75,0,530.903703468498,0.00439910486347304,0.868399560699077,0.656829341726927,1
189.76,0,531.171180796969,0.00522368917968718,0.868633360836737,0.655362685975602,0.997183296750932
189.77,0,531.442240342142,0.00462064948546384,0.86663121135212,0.656259589948219,0.999099751677594
189.78,0,531.715295711965,0.00666075280118434,0.868555304998069,0.653712341806056,0.997498811871088
189.79,0,531.990642424685,0.00322992874333925,0.869429690541926,0.654851842387848,1
189.8,0,532.26932775939,0.00633401278640768,0.86816208685098,0.654334667697847,0.998163694419376
189.81,0,532.550819718043,0.00350329110997544,0.872522454372459,0.654945277436363,1
189.82,0,532.833300785612,0.00499985443059708,0.868865306895279,0.652770470554896,0.999287689442233
189.83,0,533.118641721829,0.00223780246508572,0.868806743217682,0.6536474445686,1
189.84,0,533.406886344277,0.0030553605899536,0.871720464200636,0.653654581896634,0.999940158314897
189.85,0,533.69635486404,0.00363356564874198,0.87051408885826,0.652820516261047,1
189.86,0,533.987355061307,0.00322647051521011,0.868238086324629,0.652698831471278,0.998713921304094
189.87,0,534.280988826681,0.00478202987728372,0.871209093907039,0.653634643243174,1
189.88,0,534.576692865536,0.00271651415575344,0.869677078677152,0.65200104686472,1
189.89,0,534.872553725534,0.0028399258713815,0.873139534129159,0.652683641660271,0.998773118209128
189.9,0,535.170533664891,0.00365851179219826,0.872187573848352,0.653427523827494,0.999361687647233
189.91,0,535.470675693824,0.00368511376066026,0.871567618231114,0.65356490039741,0.999580503367594
189.92,0,535.771220409836,0.00362158462359898,0.873536508219114,0.653318189088983,0.997906674774419
189.93,0,536.072486600227,0.00383138231906682,0.871827054578553,0.652313276173029,1
189.94,0,536.375623542834,0,0.875302630060704,0.653201905926631,1
189.95,0,536.680046440409,0.00230198756371216,0.874184647427281,0.650361923700256,1
189.96,0,536.983782145137,0.00303277777831378,0.874325963424315,0.65239339354581,0.999595409729064
189.97,0,537.288847041007,0.0020775198121882,0.873763541384123,0.654684411403042,1
189.98,0,537.595282383565,0.000790514867412653,0.874027208999126,0.653852546551917,0.998933015497792
189.99,0,537.90129074049,0.0032474525787695,0.874394476445373,0.651054369607308,0.99862596555026
190,0.3,538.207193644724,0.00390472930917532,0.874203733388074,0.646879002208432,0.998971112453258
190.01,0.3,538.514159423547,0.00072402869121541,0.874501635801137,0.649811307794641,0.999124078537323
190.02,0.3,538.821233288178,0.00307224106388718,0.87605615536897,0.650805798318159,0.999838928446998
190.03,0.3,539.124763996942,0.000839283964800647,0.875330500261896,0.651483293302861,0.999396560528584
190.04,0.3,539.42868040095,0.00083780533328399,0.874564968958237,0.650805011467911,0.999842505190705
190.05,0.3,539.733160113902,0.0012762338186032,0.878238680218867,0.649572927640758,0.999051776701001
190.06,0.3,540.029321982269,0,0.876052146764573,0.649601131721522,1
190.07,0.3,540.319344738181,0.00269896839787482,0.873899604859827,0.651438374393493,0.999812446450439
190.08,0.3,540.609874261479,0.00145019840526455,0.878194946420803,0.651036471329627,1
190.09,0.3,540.809822634259,0.00203739173832191,0.881612118457886,0.648843643899936,0.998913942347496
190.1,0.3,540.809822634259,0.00192178542926256,0.873851113988859,0.646471368903108,0.998731792570209
190.11,0.3,540.809822634259,0.00324451830065982,0.876718056380322,0.650141176447235,0.999805338286937
190.12,0.3,540.809822634259,0.00256706213632394,0.878878603786221,0.64921812181338,1
190.13,0.3,540.809822634259,0.00250571161119935,0.878434715346536,0.648960013327155,1
190.14,0.3,540.809822634259,0.000815390626709649,0.879565197308425,0.649158307208086,0.998874052983992
190.15,0.3,540.809822634259,0.00188670731538952,0.880411025419373,0.648467584333097,0.997738533065083
190.16,0.3,540.809822634259,0.00185677904056858,0.880102908610652,0.648923984150529,1
190.17,0.3,540.809822634259,0.00118213067697259,0.875253603982304,0.648987760682105,0.997997487097173
190.18,0.3,540.809822634259,0.00177884048372089,0.879854552347175,0.646160183926298,1
190.19,0.3,540.809822634259,0.00423383375428965,0.881575823552871,0.649002775404118,1
190.2,0.3,540.809822634259,0.00230198500519163,0.884516952344861,0.649375354125744,0.999883066414982
190.21,0.3,540.809822634259,0.00258928623321968,0.88375674845533,0.648014556293173,1
190.22,0.3,540.809822634259,0.0021256097187995,0.883646096592972,0.649803960565421,1
190.23,0.3,540.809822634259,0,0.881127346448281,0.648549990798834,1
190.24,0.3,540.809822634259,0.00219087573776107,0.881614262629599,0.644778224373291,0.999763018804049
190.25,0.3,540.809822634259,0.000386319568971427,0.88275636115326,0.645485345220396,0.998288234463365
190.26,0.3,540.632474125862,0.000257948636839208,0.883685040092762,0.648451899547337,1
190.27,0.3,539.587448100403,0.000393624900427238,0.884149159204697,0.645432757819731,1
190.28,0.3,539.10315429747,0.00333125844830637,0.883712896747828,0.648188073525068,1
190.29,0.3,538.592427730874,0.00246131868997071,0.882825756561657,0.645503180431454,1
190.3,0.3,538.079443107317,0.00294033910101614,0.879584580315783,0.646163036857756,1
190.31,0.3,537.565054375766,0.00403816606970077,0.883071195043064,0.648060549316,1
190.32,0.3,537.048892932586,0.00303083160710325,0.882966337561293,0.64696949076959,1
190.33,0.3,536.530884401833,0.000981912981503656,0.88201440920256,0.644816646722576,0.998740073944603
190.34,0.3,536.010930318514,0.00683226610116926,0.8809492350554,0.645214629740099,0.999623191611708
190.35,0.3,535.488934875045,0.00271585060865349,0.885470578206561,0.645811887265916,0.99964061730979
190.36,0.3,534.96480396271,0.00336590577558054,0.885164009605603,0.644454019334259,0.998534144374382
190.37,0.3,534.438445149403,0.00302637675663548,0.886337978732514,0.64427186166425,0.999462963035248
190.38,0.3,533.909767729468,0.00211317740796886,0.884395996482332,0.645402269313667,1
190.39,0.3,533.378682758362,0.00406090401632637,0.883555825687547,0.643756135402139,1
190.4,0.3,532.84510308779,0.00456487737381549,0.885004637335698,0.645911951124512,1
190.41,0.3,532.308943400071,0.00205644161568251,0.885772126346453,0.643374185460299,0.999223364911285
190.42,0.3,531.770120241721,0.00651262973902051,0.886882631435751,0.643622285305755,1
190.43,0.3,531.228552056272,0.00489298675262637,0.887267425201208,0.643135850305198,0.998790391469727
190.44,0.3,530.684159216266,0.00640884983761793,0.885682405324252,0.644853681465424,1
190.45,0.3,530.136864054443,0.00486002685363558,0.888941292328946,0.64282305012847,0.999885248332842
190.46,0.3,529.586590894063,0.00339366245057223,0.886865373723018,0.642416568795448,1
190.47,0.3,529.033266078368,0.00713051962673326,0.890369925580501,0.643654289097483,1
190.48,0.3,528.476817999151,0.00683736772474188,0.886799027136496,0.642691365870135,0.999698966580836
190.49,0.3,527.917177124421,0.00933650144436246,0.889441985360843,0.643517668618581,1
190.5,0.3,527.354276025127,0.0048216870454425,0.88656453790069,0.644914974675386,1
190.51,0.3,526.788049400955,0.00956613123388825,0.888998287724779,0.643047212499734,1
190.52,0.3,526.218434105133,0.00575471536594999,0.888857936371264,0.645444999054269,1
190.53,0.3,525.645369168275,0.00860083582372502,0.889994401398891,0.642528466039669,0.999702361481021
190.54,0.3,525.068795821208,0.00726775606987276,0.889922680442961,0.644470710651854,1
190.55,0.3,524.488657516792,0.0077383235542764,0.891752343150739,0.638064819817542,0.999901202353506
190.56,0.3,523.904899950693,0.00963395732390018,0.889575960868404,0.644544631510101,1
190.57,0.3,523.31747108112,0.0084304757098162,0.888686389748698,0.641932209319327,1
190.58,0.3,522.726321147486,0.00758374905788735,0.891696285665554,0.644103786421812,0.998985780925625
190.59,0.3,522.131402687999,0.00848367236561946,0.891930832125524,0.643615243956478,1
190.6,0.3,521.532670556152,0.00709338445347932,0.893613464737921,0.643967132002312,1
190.61,0.3,520.930081936117,0.00996909248544961,0.890329292175231,0.642719041643145,1
190.62,0.3,520.323596357011,0.00868811737809622,0.889633837583937,0.641136745234514,0.998364160656491
190.63,0.3,519.713175706049,0.00808199957503182,0.893173581793447,0.642248628022228,1
190.64,0.3,519.098784240538,0.00853479846068614,0.891874624382007,0.640723392440962,0.999643253038822
190.65,0.3,518.480388598744,0.00929325144103908,0.894648338060089,0.642419193389406,0.999514306430385
190.66,0.3,517.857957809579,0.00883500172786804,0.896643650967239,0.64349675910081,1
190.67,0.3,517.231463301148,0.00983926624039447,0.893884981642916,0.64086601699899,0.999748859598227
190.68,0.3,516.600878908099,0.00803889251053052,0.892109483372433,0.64091732424675,1
190.69,0.3,515.966180877803,0.00712843833498597,0.894678910226798,0.642782637812066,1
190.7,0.3,515.327347875357,0.0132124862898407,0.895248873837456,0.643186610585998,1
190.71,0.3,514.684360987385,0.0105524812306899,0.892331373111793,0.638926061927205,0.998353590351855
190.72,0.3,514.037203724656,0.0137641302800729,0.897279144047328,0.642762262704538,1
190.73,0.3,513.385862023489,0.0107301433938842,0.897018051760397,0.641205912466754,0.999603722566253
190.74,0.3,512.730324245988,0.0105635696505853,0.894050225511508,0.641348001384813,1
190.75,0.3,512.070581179043,0.0122379346912073,0.894400349042849,0.639733016194279,0.998598870267911
190.76,0.3,511.406626032161,0.0119604508387797,0.895071652033197,0.640673641662562,1
190.77,0.3,510.738454434078,0.0141467433102839,0.894079698375837,0.642077673762158,1
190.78,0.3,510.066064428183,0.0115393518563454,0.893311521296798,0.6427871568088,1
190.79,0.3,509.389456466741,0.012130794534219,0.896730500256356,0.637494411978108,0.999874818515988
190.8,0.3,508.708633403932,0.0148778812912886,0.897878168621724,0.643248578493698,1
190.81,0.3,508.023600487692,0.0142871173193055,0.896113148985575,0.642165247378121,0.998635095596865
190.82,0.3,507.334365350378,0.0151118347433253,0.895529884507551,0.640403034470086,0.999660946954989
190.83,0.3,506.640937998256,0.011375566915211,0.897494495742197,0.641388735982594,1
190.84,0.3,505.943330799819,0.0131403108073989,0.898502337146358,0.641819333881426,0.999547010792104
190.85,0.3,505.241558472943,0.0140689743647811,0.896528321939962,0.643089049783471,0.99841518156666
190.86,0.3,504.535638070886,0.0144342778833833,0.897419169937929,0.640312675481033,1
190.87,0.3,503.825588967153,0.0155786353717596,0.898191766890181,0.642796287474625,1
190.88,0.3,503.11143283922,0.0182430701579872,0.897154967712412,0.6438854061872,0.998123879580014
190.89,0.3,502.39319365114,0.0144728084959544,0.89901156375105,0.639166978409129,1
190.9,0.3,501.67089763504,0.0146128499807609,0.899621359564071,0.641729656215569,0.99900941158294
190.91,0.3,500.944573271516,0.0167668571991838,0.900632839236368,0.641966557653017,0.999203677173187
190.92,0.3,500.214251268959,0.0177847260866005,0.902117044392996,0.642518582178558,0.999836524347504
190.93,0.3,499.479964541798,0.01697833344049,0.898013577038449,0.640533507616615,0.997710882784917
190.94,0.3,498.741748187699,0.0149536055194418,0.900655382640927,0.643123337645285,1
190.95,0.3,497.999639463729,0.0174435285905432,0.897238793376686,0.641536662881773,0.999085308713998
190.96,0.3,497.253677761493,0.0171515891961397,0.899484940457688,0.643132970830884,1
190.97,0.3,496.503904581281,0.0167393105260985,0.898770652499706,0.640774469522084,0.999216494106315
190.98,0.3,495.750363505222,0.0176729992164437,0.899226771871386,0.639726438412152,0.999158695174673
190.99,0.3,494.993100169482,0.019835441631568,0.897152088370656,0.642857974429882,1
191,0.3,494.23216223551,0.0195774607469657,0.900469656655295,0.639076538632041,0.996968952465788
191.01,0.3,493.467599360371,0.0169623853192824,0.902056551746793,0.641915291561959,0.999397577793053
191.02,0.3,492.699463166167,0.020074887912218,0.898538916404194,0.64071931573947,0.999721047602808
191.03,0.3,491.92780720858,0.0207816466975157,0.902571743986382,0.642208876905048,0.996301135893024
191.04,0.3,491.152686944563,0.0211362871110905,0.901530958811558,0.640184062239858,1
191.05,0.3,490.374159699192,0.0196685663743266,0.902712836321836,0.641948175771214,0.997514077671891
191.06,0.3,489.592284631698,0.0192151150532635,0.90469479786181,0.641153695926704,0.999095654428487
191.07,0.3,488.807122700727,0.0192795555394576,0.901982606138061,0.640866562961308,1
191.08,0.3,488.018736628823,0.0173488743899052,0.902166951616656,0.640831713569449,1
191.09,0.3,487.227190866182,0.0237753885938681,0.903609006142518,0.646189024921185,1
191.1,0.3,486.432551553682,0.0241241162696797,0.903638010105431,0.643743940641318,1
191.11,0.3,485.634886485241,0.0231158586598108,0.903534387086204,0.644099751337647,1
191.12,0.3,484.8342650695,0.0205957510403399,0.903171363024827,0.642603859291055,0.998001923934003
191.13,0.3,484.030758290878,0.0221519108833132,0.903882013742068,0.641818074815177,1
191.14,0.3,483.224438670017,0.0232320701548404,0.904190041389331,0.644320444507175,0.999657765913488
191.15,0.3,482.415380223648,0.0221203618762597,0.903827210481915,0.644594090894909,1
191.16,0.3,481.6036584239,0.0232456035163233,0.905927967905358,0.643728173333777,1
191.17,0.3,480.78935015709,0.0231888609091112,0.903782924779998,0.641474853186361,0.999891076201211
191.18,0.3,479.972533682008,0.0262622025560964,0.905982525646213,0.645415505730084,0.999048395269011
191.19,0.3,479.153288587734,0.0240717378853327,0.902997403416689,0.643188341254168,1
191.2,0.3,478.331695751016,0.0231526917107971,0.907436444880786,0.642670797993087,1
191.21,0.3,477.507837293227,0.0239084693570435,0.905045810665309,0.643215797069252,0.998572211571155
191.22,0.3,476.681796536954,0.0263930389022538,0.90587866610023,0.644431618482149,1
191.23,0.3,475.853657962202,0.0272954647258218,0.904098057051911,0.644196209445872,1
191.24,0.3,475.023507162299,0.0277469969939071,0.90792537145434,0.641666562219611,0.99914054069871
191.25,0.3,474.191430799481,0.0258883324459266,0.90607619374508,0.641503300709914,1
191.26,0.3,473.357516560214,0.0266550783304407,0.906101187217755,0.646315072237359,0.998469457549431
191.27,0.3,472.521853110272,0.0284600076343722,0.904596441718394,0.643736144021993,0.997990613360562
191.28,0.3,471.684530049596,0.0280840785259913,0.905025269038506,0.645408671971341,0.999786919704028
191.29,0.3,470.845637866975,0.0282350311843277,0.905852533786088,0.646386721102503,0.999463203086516
191.3,0.3,470.005267894556,0.0288545527361446,0.905755463639244,0.642778990296963,1
191.31,0.3,469.163512262237,0.0276625203782851,0.905546607806003,0.644570757118616,0.999487367845816
191.32,0.3,468.320463851943,0.0304308523952337,0.910708465862261,0.643404499770949,0.999402951298588
191.33,0.3,467.476216251838,0.0299622563243654,0.908188551426379,0.646608201734935,0.999357621896454
191.34,0.3,466.630863710483,0.0313254651996162,0.907356894293648,0.644634919043586,0.9983047551362
191.35,0.3,465.784501090974,0.0285042572699035,0.90676339770365,0.641170652178545,0.999735714231395
191.36,0.3,464.937223825081,0.0307517333065661,0.907542245138035,0.643984386826318,0.999972248200907
191.37,0.3,464.08912786743,0.0300660284660313,0.906337192551385,0.647658623340256,0.99982690870258
191.38,0.3,463.240309649727,0.0320182748169008,0.910752956535992,0.645103086104586,0.998172691398575
191.39,0.3,462.39086603508,0.0307832186032538,0.909481802614808,0.645097550980687,1
191.4,0.3,461.54089427242,0.0333152226674208,0.908689177037084,0.646321033634345,1
191.41,0.3,460.690491951064,0.0327797877927364,0.910046076473181,0.649463405639028,0.998277954169439
191.42,0.3,459.839756955422,0.0345042445617589,0.911974366663925,0.64619659390103,1
191.43,0.3,458.988787419907,0.0342152831462063,0.910239155543034,0.646167375817278,0.998975956587968
191.44,0.3,458.137681684035,0.0371233803525483,0.910298968293162,0.646963177155843,1
191.45,0.3,457.286538247758,0.0318618866095019,0.907746393232594,0.645559636979431,0.998581479342667
191.46,0.3,456.435455727049,0.0340092947167507,0.90787845314512,0.645464063660438,0.999069079625932
191.47,0.3,455.584532809768,0.0341567028628573,0.909253926643254,0.647775493020025,1
191.48,0.3,454.733868211809,0.0338571339400153,0.911962753214589,0.64830418906768,1
191.49,0.3,453.883560633581,0.0329431332076064,0.912070461735227,0.646223883959282,1
191.5,0.3,453.033708716814,0.0360571204462809,0.910656437672056,0.646313012420103,1
191.51,0.3,452.184411001726,0.0335355020273924,0.90990353469325,0.64676044536954,1
191.52,0.3,451.335765884569,0.0345832851930183,0.911771625858798,0.6498375077706,0.99711586591225
191.53,0.3,450.487871575569,0.0376851455504202,0.907085604138941,0.647871440274242,1
191.54,0.3,449.640826057283,0.0384265931413529,0.910538360015443,0.648641099871095,0.999504180209838
191.55,0.3,448.794727043383,0.0365451735595327,0.911733017047904,0.648227382308522,0.997784475872825
191.56,0.3,447.949671937897,0.0348905944923937,0.912492043447509,0.648973966569797,1
191.57,0.3,447.105757794908,0.038254178679655,0.912085059694389,0.649064757565034,0.999405950469419
191.58,0.3,446.26308127874,0.0396324449161247,0.91226245467345,0.64916253360196,0.995919780819833
191.59,0.3,445.421738624637,0.0362821858032108,0.910831663528856,0.649648860002493,0.998950729420723
191.6,0.3,444.581825599961,0.0388380742762544,0.912809731983336,0.651537199824424,1
191.61,0.3,443.743437465905,0.0391242062944839,0.912094450302976,0.649993077780112,1
191.62,0.3,442.90666893976,0.0394962244476825,0.913731580363434,0.649479244088859,0.999456873507788
191.63,0.3,442.071614157721,0.0405945415122956,0.914340953533066,0.650688288090958,0.998766622914352
191.64,0.3,441.238366638263,0.0405331689227033,0.91299039440251,0.651372810853203,0.998289790546459
191.65,0.3,440.407019246095,0.038743238893925,0.911087465778161,0.650443006646017,0.997462389791753
191.66,0.3,439.5776641567,0.0413072232878655,0.913818866590771,0.647947457593805,0.999156951840286
191.67,0.3,438.75039282147,0.0416519618829778,0.915535187270616,0.648417009781737,0.999478603713377
191.68,0.3,437.925295933456,0.0434176669478012,0.914108213227838,0.65033564539609,0.999372150103555
191.69,0.3,437.102463393722,0.0423986239429995,0.912612064936182,0.652232804869151,0.999923856789194
191.7,0.3,436.281984278337,0.0412440428623857,0.910218405326999,0.650039583643329,1
191.71,0.3,435.463946805994,0.0444285725464038,0.913377162281716,0.653877289370546,1
191.72,0.3,434.648438306268,0.0437553772249253,0.91175557198811,0.649706780652495,0.998581206306458
191.73,0.3,433.835545188529,0.0457326001334521,0.914726880801133,0.648916442337176,0.999076677309867
191.74,0.3,433.025352911494,0.0429823834644108,0.913683528580708,0.654078582376163,1
191.75,0.3,432.217945953456,0.0450102798923767,0.911563466196095,0.650392342632094,0.999468972013961
191.76,0.3,431.413407783166,0.0447375061579634,0.912803813066775,0.653991641260847,1
191.77,0.3,430.611820831381,0.0455160113536152,0.91585049181306,0.650258983024399,0.998200134939882
191.78,0.3,429.813266463098,0.0426168419451918,0.913939383614856,0.651707125624943,0.997784512832119
191.79,0.3,429.017824950449,0.0456070858081915,0.913479550857463,0.652453856660251,0.99846461863473
191.8,0.3,428.225575446285,0.0463473737909788,0.914023139206078,0.651715541613464,0.998974729523304
191.81,0.3,427.436595958436,0.0469021646102806,0.916437375837583,0.650917493013607,1
191.82,0.3,426.650963324661,0.0479814933906841,0.914977339442371,0.652335132910777,1
191.83,0.3,425.868753188266,0.0469213829724055,0.915253611829166,0.654229375646877,1
191.84,0.3,425.090039974435,0.0477843712638559,0.915872717872889,0.654845338106205,0.998663967594747
191.85,0.3,424.314896867218,0.0476157542923927,0.914651459957928,0.653128278363383,1
191.86,0.3,423.543395787225,0.0477213149223109,0.914942018331283,0.657286367071176,1
191.87,0.3,422.775607369995,0.0489171562119078,0.913623523303298,0.654695136249394,1
191.88,0.3,422.011600945054,0.0487310325706313,0.916897761089358,0.65413230645455,0.999463800863138
191.89,0.3,421.251444515657,0.0495168618557958,0.916792828776637,0.653775065875057,0.999572368988636
191.9,0.3,420.495204739206,0.0476799878206376,0.913735134249564,0.65385793428022,1
191.91,0.3,419.742946908354,0.0527510150850552,0.91611752549481,0.653925728647892,0.999903291031931
191.92,0.3,418.994734932782,0.0517169077484609,0.916246650957546,0.654725391431833,0.997926249661461
191.93,0.3,418.250631321655,0.0498484402239729,0.916717937104345,0.656277101404123,1
191.94,0.3,417.510697166741,0.0495839860735453,0.915956125941014,0.654996873654829,0.997189339705216
191.95,0.3,416.774992126205,0.0507681734443105,0.919685547384887,0.655867925877986,0.999323906789746
191.96,0.3,416.043574409065,0.0533570607531475,0.914162934933948,0.656343707108402,1
191.97,0.3,415.316500760309,0.0517684806734021,0.91561319992848,0.652763076293376,0.998914355514518
191.98,0.3,414.593826446661,0.0516756119194826,0.915131235376222,0.655146013305141,0.999701056367866
191.99,0.3,413.875605243009,0.052877011546571,0.915374761329782,0.659089469886599,0.998428359090844
192,0.3,413.161889419473,0.0534444929642798,0.915409665122004,0.654466359332886,0.99923442837448
192.01,0.3,412.452729729109,0.0527510381157918,0.916908915064526,0.656211227604887,0.997791394700839
192.02,0.3,411.748175396262,0.0554624701739579,0.91639918152078,0.654987037765627,1
192.03,0.3,411.04827410554,0.053574905690666,0.915964234522189,0.653436535863998,0.999736087677507
192.04,0.3,410.35307199141,0.0565205637070535,0.916116324799858,0.653687216219938,0.999192109113451
192.05,0.3,409.662613628425,0.0513588632218007,0.916914007054255,0.656633274936169,1
192.06,0.3,408.976942022054,0.0563567438898509,0.918128215518166,0.656033887384034,0.999971538290811
192.07,0.3,408.296098600119,0.0561193300220222,0.917366046216988,0.657933292898671,0.9991459424043
192.08,0.3,407.620123204843,0.0553004406848715,0.91655043576498,0.657474820606957,1
192.09,0.3,406.949054085474,0.0565442665264612,0.917896917870788,0.657113768342287,0.999905819510162
192.1,0.3,406.28292789152,0.0568360346194121,0.916425628222363,0.657332335956584,1
192.11,0.3,405.621779666543,0.0581045467013401,0.918162726898451,0.653742252060942,1
192.12,0.3,404.965642842543,0.0556924330475744,0.917956654217885,0.655674656153519,1
192.13,0.3,404.314549234903,0.0556375409801953,0.916476654908598,0.656314818847686,0.999000696169298
192.14,0.3,403.668529037897,0.0571058088266506,0.919531450599852,0.657796422028405,1
192.15,0.3,403.027610820753,0.0581855174637665,0.915053220162979,0.657279059168202,1
192.16,0.3,402.391821524267,0.0580039227665305,0.916246749809975,0.657331042076269,0.99999205074676
192.17,0.3,401.761186457947,0.059060523712435,0.919875335512709,0.656686768014155,0.999184147568763
192.18,0.3,401.135729297704,0.0567172291475953,0.918134863680192,0.657986297331521,1
192.19,0.3,400.515472084066,0.0601122434975147,0.917853384239733,0.657392965383531,1
192.2,0.3,399.90043522091,0.0616607489583887,0.919686421597381,0.65679593264785,1
192.21,0.3,399.290637474711,0.0600605813552877,0.916311872322682,0.660038226266746,1
192.22,0.3,398.686095974301,0.0586465446702415,0.91872241541488,0.656754994419122,0.998978521137186
192.23,0.3,398.086826211119,0.0614010304876607,0.918581725341142,0.656375674829983,1
192.24,0.3,397.492842039969,0.0610806452924695,0.915139991382922,0.657700236941338,0.998620120261238
192.25,0.3,396.904155680256,0.0619716920118849,0.917679126595904,0.658093197380298,0.999763628116026
192.26,0.3,396.320777717706,0.060684721308209,0.919050543811193,0.658441387429713,1
192.27,0.3,395.742717106564,0.0610344629736277,0.918392842829536,0.658496801147176,1
192.28,0.3,395.169981172257,0.0615751651938253,0.917530499763963,0.657413239813735,1
192.29,0.3,394.602575614526,0.0624687061072992,0.918027194821566,0.658315453430672,0.998503142954885
192.3,0.3,394.040504511004,0.0636990655630016,0.919649616797083,0.658299515115441,0.999234532998244
192.31,0.3,393.48377032126,0.0611358984522223,0.91845599203974,0.658258466403494,0.999805358791632
192.32,0.3,392.932373891274,0.0627051492804896,0.915541875764371,0.659146254991317,0.998947292282034
192.33,0.3,392.386314458366,0.0625037908216906,0.917059023640795,0.660914427145547,1
192.34,0.3,391.845589656543,0.0632178717707723,0.918685712286835,0.65933460659125,1
192.35,0.3,391.310195522292,0.060671945440975,0.91765799041652,0.65764441359947,0.998139021583269
192.36,0.3,390.780126500782,0.0615023590895831,0.917431838301537,0.656111734264379,0.999607848817688
192.37,0.3,390.255375452499,0.0621464580534517,0.919009173201048,0.658392550580902,1
192.38,0.3,389.735933660279,0.062809047091567,0.917356443526825,0.661483374401056,0.999688098123356
192.39,0.3,389.221790836764,0.0648063213861436,0.918162304486402,0.659013129060752,1
192.4,0.3,388.712935132257,0.064219480142397,0.91918803950012,0.657857673697773,0.999685965285961
192.41,0.3,388.209353142973,0.0659970881778523,0.9200909958243,0.659606217128352,1
192.42,0.3,387.711029919693,0.0643245700756835,0.918223607221759,0.658535807340455,0.999590473907379
192.43,0.3,387.217948976805,0.0683744739779252,0.916415572795661,0.658478038279168,0.999153823079884
192.44,0.3,386.73009230173,0.0614772813313186,0.918922429289184,0.658377146985775,0.999073842092224
192.45,0.3,386.247440364744,0.0641019825634675,0.920604860611988,0.658331677560331,0.997107524050232
192.46,0.3,385.769972129162,0.0660863445549371,0.920463475369643,0.656390668823809,1
192.47,0.3,385.29766506191,0.0642506001520985,0.918075388988854,0.656194217005341,0.999359407097403
192.48,0.3,384.830495144468,0.067001279984265,0.920399502729038,0.659225858104552,0.997770134913216
192.49,0.3,384.368436884185,0.0683759188188153,0.919470307367289,0.657970101815981,0.99849964626115
192.5,0.3,383.911463325949,0.0671357695131275,0.919706526495881,0.659611045511737,0.999230609869918
192.51,0.3,383.459546064239,0.0673176798985614,0.918563259553953,0.656422369529206,0.999257191598988
192.52,0.3,383.012655255519,0.0664697811931165,0.917567116282841,0.658731145848873,0.998575095406473
192.53,0.3,382.570759631005,0.0657083864180671,0.917270181455754,0.657222488255226,0.999056567277062
192.54,0.3,382.133826509774,0.0686405486400222,0.921441277825158,0.657980642817592,0.99698640086363
192.55,0.3,381.70182181224,0.0694944477553361,0.919728298669074,0.660962381200708,0.999441798549974
192.56,0.3,381.274710073967,0.0679918668877596,0.918088465149436,0.654472378348358,1
192.57,0.3,380.852454459839,0.0681366788996016,0.918792097774943,0.656116309842027,1
192.58,0.3,380.435016778572,0.0679909299573327,0.920478323164927,0.659738706991985,1
192.59,0.3,380.022357497571,0.0689041064745337,0.918527965670454,0.658328890003549,1
192.6,0.3,379.614435758135,0.0665844448726336,0.916669918438666,0.65820513444288,1
192.61,0.3,379.211209390985,0.0671526295796055,0.919646943111799,0.656256298934342,1
192.62,0.3,378.812634932153,0.0690751415730953,0.918761303402201,0.657801171222433,0.999560079023178
192.63,0.3,378.41866763919,0.0713127785620386,0.919195429558699,0.658639966743045,0.999385643210062
192.64,0.3,378.029261507718,0.0659518183349188,0.919356205550924,0.657838207999174,1
192.65,0.3,377.644369288312,0.0695021468055196,0.91652238688181,0.658860607485574,1
192.66,0.3,377.263942503714,0.0685427412094128,0.917526666860878,0.65617294498594,1
192.67,0.3,376.88793146638,0.0697248548689025,0.91986966009511,0.659517657655411,1
192.68,0.3,376.516285296353,0.0699646443197982,0.916878079050404,0.655554177801322,0.999010615688019
192.69,0.3,376.148951939463,0.0705981853014876,0.919308676861995,0.655711324002565,0.997828763165581
192.7,0.3,375.785878185856,0.0695532393575679,0.918955911815397,0.657010512042613,0.99883176180472
192.71,0.3,375.427009688845,0.0731522218879294,0.913409316113022,0.654145810770945,0.999896968596392
192.72,0.3,375.072290984087,0.0712986801865666,0.918345572606732,0.657205216092294,0.997220160182708
192.73,0.3,374.721665509076,0.0711572464201616,0.919260171762991,0.657954095235492,0.999474790442273
192.74,0.3,374.375075622959,0.0714927360785528,0.917272373649584,0.65599423984746,0.999901506903583
192.75,0.3,374.032462626675,0.071856981228641,0.919070886388982,0.656443914673971,1
192.76,0.3,373.693766783408,0.0709561195296414,0.919295024455734,0.656072783270384,1
192.77,0.3,373.358927339349,0.0741039626207642,0.916972786486183,0.655503725146964,1
192.78,0.3,373.027882544781,0.0732855004670559,0.918380611577801,0.656728853126457,1
192.79,0.3,372.700569675475,0.0726830202063436,0.917893388340718,0.655503622528242,1
192.8,0.3,372.376925054387,0.0734037604698631,0.920492509368106,0.655562785976283,0.998409466955047
192.81,0.3,372.056884073677,0.0738536063452093,0.917601036374626,0.655393927601364,0.999732946176613
192.82,0.3,371.740381217024,0.0721190379214716,0.918634714802823,0.655351466558371,0.999612479568622
192.83,0.3,371.427350082248,0.0712152117780195,0.917786772810556,0.654198940942385,0.999836841190103
192.84,0.3,371.117723404233,0.0743362825065634,0.917871573252736,0.655699460342107,1
192.85,0.3,370.811433078155,0.0744851326529969,0.920088879448622,0.655961496175822,0.999458854472064
192.86,0.3,370.508410183,0.071889053679102,0.917974768202239,0.655209359737431,0.999787610708192
192.87,0.3,370.208585005377,0.0723294378517655,0.918556083625261,0.655627590352511,0.999603283563604
192.88,0.3,369.911887063627,0.0743187793062239,0.917654382191771,0.655853966344448,0.999790473876054
192.89,0.3,369.618245132218,0.0717905825834093,0.920491572063062,0.655415795928436,0.998807172204212
192.9,0.3,369.327587266421,0.0752460610416348,0.920490646845413,0.65255345139136,1
192.91,0.3,369.039840827278,0.0742509475728251,0.917587559723541,0.65589708735034,0.999935857167148
192.92,0.3,368.754932506836,0.0746620622628332,0.916643089343977,0.652437401485589,0.998295837205903
192.93,0.3,368.472788353664,0.0726156159001183,0.917853399128645,0.65559367924238,1
192.94,0.3,368.193333798638,0.0750442653902096,0.913424129256326,0.655873432267309,0.998247365800935
192.95,0.3,367.916493680992,0.0761671360465249,0.918695420021371,0.655323133270631,1
192.96,0.3,367.642192274632,0.0762430882822571,0.915404232802162,0.653594001944856,0.997934586016833
192.97,0.3,367.370353314702,0.0722110854816858,0.915379598156071,0.652784899547691,1
192.98,0.3,367.100900024411,0.0727512461218058,0.916580345692626,0.653906353205815,1
192.99,0.3,366.833755142105,0.0757320498659638,0.917436505310237,0.654110136975488,0.999685013318487
193,0.3,366.568840948566,0.0752472045537247,0.916722445910976,0.653753437836791,0.999502722973022
193.01,0.3,366.306079294573,0.0748235249496824,0.913348283666352,0.653142482286116,0.999038165368733
193.02,0.3,366.04539162867,0.0762420600460397,0.918028344621046,0.651033652074944,0.999957136580201
193.03,0.3,365.786699025169,0.0754087342658277,0.914626959912328,0.654091950322553,0.997897146699405
193.04,0.3,365.52992221237,0.0758485492701163,0.916693367447786,0.653461659792832,1
193.05,0.3,365.274981600985,0.0751579068840265,0.915175313319717,0.652650027399215,0.998967515533535
193.06,0.3,365.021797312773,0.0779213235561624,0.915205378411792,0.651918267127951,0.998955073983993
193.07,0.3,364.770289209367,0.0771595352756786,0.914518916692128,0.653842225268359,1
193.08,0.3,364.520376921289,0.0789024959866877,0.917915783731583,0.653152181004646,0.999113517169219
193.09,0.3,364.271979877143,0.0753856230773428,0.917936665566566,0.651143796938043,1
193.1,0.3,364.02501733299,0.0772255451571703,0.915379167021962,0.652631164390321,0.996808502964029
193.11,0.3,363.779408401873,0.0767433666004758,0.915965196960842,0.649903448243025,0.999994123275103
193.12,0.3,363.535072083505,0.0785660944936467,0.915687955226616,0.650958845520366,1
193.13,0.3,363.291927294102,0.0771001079568574,0.918682600306467,0.650699292079303,0.997770504544954
193.14,0.3,363.049892896347,0.0753405038819963,0.915351613329625,0.652600647003499,1
193.15,0.3,362.808887729485,0.0750096808395613,0.915054502782499,0.654149329340459,0.998413655769392
193.16,0.3,362.568830639533,0.0761885089580711,0.915823942964487,0.650826515163616,1
193.17,0.3,362.329640509594,0.0792735196141374,0.911209462695185,0.650474810679149,1
193.18,0.3,362.091236290266,0.0775090322872001,0.916291451394957,0.650104320715568,0.999303748512599
193.19,0.3,361.853537030133,0.0791457634016653,0.912460777985201,0.652650690416502,0.998721055090177
193.2,0.3,361.616461906336,0.0757959012949776,0.915109403553508,0.650178675951916,0.997175837100473
193.21,0.3,361.379930255198,0.0766466188782441,0.915069709576431,0.648374265573521,0.999717155078697
193.22,0.3,361.143861602897,0.0753264105933472,0.914988229536065,0.648771185331175,1
193.23,0.3,360.908175696182,0.0781118730338102,0.913188822982365,0.650707029711555,0.999101830687377
193.24,0.3,360.672792533112,0.0768341666384515,0.91419927634605,0.651702843850355,0.99987138922064
193.25,0.3,360.437632393799,0.0789206938909236,0.912481496839324,0.648779102004512,1
193.26,0.3,360.202615871161,0.0804985121506906,0.912012684865589,0.650799341030163,1
193.27,0.3,359.967663901655,0.0810523089990726,0.912039680718244,0.649491490718741,1
193.28,0.3,359.732697795977,0.0790492942098822,0.911777503991084,0.646751866748856,1
193.29,0.3,359.497639269735,0.0785882724767801,0.914714179382511,0.648790231938624,0.997112305785113
193.3,0.3,359.262410474049,0.0783364079024679,0.913028613202202,0.647953172209307,1
193.31,0.3,359.02693402609,0.0786345892433477,0.91143592429503,0.648764711004373,1
193.32,0.3,358.791133039537,0.0815886526979026,0.914350999539695,0.64590735143975,0.998019780468867
193.33,0.3,358.554931154929,0.0796353344800023,0.914487155297109,0.647127894878591,1
193.34,0.3,358.318252569905,0.0790950485268917,0.911727415417682,0.647102726631186,0.999953425667003
193.35,0.3,358.081022069323,0.0815058221190557,0.913539313940318,0.648550098199323,0.998485507212873
193.36,0.3,357.843165055218,0.0794213093878941,0.9122219440923,0.646135404720725,0.999685046284838
193.37,0.3,357.604607576615,0.0801112091527358,0.913189182160778,0.646346102693124,0.999228498092062
193.38,0.3,357.365276359166,0.0805820216834478,0.911980363353313,0.6481031966562,1
193.39,0.3,357.125098834589,0.0782505340759654,0.912043733913247,0.646102681465098,1
193.4,0.3,356.884003169909,0.0812685925081393,0.910856577278274,0.649404242929917,1
193.41,0.3,356.641918296464,0.0813091877389225,0.912287150516402,0.647485064375483,0.998714575926818
193.42,0.3,356.398773938695,0.0806787577775499,0.911475929958563,0.648029807687728,1
193.43,0.3,356.154500642659,0.0805274685459365,0.912473401529318,0.647171940115275,1
193.44,0.3,355.909029804283,0.0816817038016337,0.915732024510682,0.645257484395425,0.999160550044254
193.45,0.3,355.662293697333,0.0783748382290621,0.91191325889258,0.645461545898627,0.999824768044131
193.46,0.3,355.414225501075,0.0819381472842665,0.909170547331958,0.645697260757789,0.99887393798112
193.47,0.3,355.164759327617,0.085067812552184,0.910367595232166,0.64340639095592,0.999568349155104
193.48,0.3,354.913830248924,0.0802462303806089,0.909643296369489,0.647853682676545,1
193.49,0.3,354.661374323472,0.08075278155531,0.909773770194713,0.644953857962197,1
193.5,0.3,354.407328622537,0.0824587488235539,0.910237289517501,0.646880858837197,0.999847310001276
193.51,0.3,354.151631256108,0.0790128039239543,0.908924874530061,0.644911917555491,0.999922702639305
193.52,0.3,353.894221398389,0.0832418124765759,0.907573782647567,0.644711012601045,1
193.53,0.3,353.63503931289,0.0843152258069643,0.909855897506985,0.647254505892352,1
193.54,0.3,353.374026377093,0.0824955928271484,0.912004758490968,0.646025227972894,0.999600894676923
193.55,0.3,353.111125106657,0.0844799732700545,0.908597614281627,0.645472498371411,1
193.56,0.3,352.846279179171,0.0832234448821082,0.911317262418903,0.644865332780032,0.996946183531693
193.57,0.3,352.579433457432,0.0833518159730239,0.909979348548015,0.645152234193478,1
193.58,0.3,352.31053401221,0.0820657940184486,0.90971069539529,0.645382094511698,0.998651196539377
193.59,0.3,352.039528144527,0.0849652911443878,0.910726859170361,0.643822346400273,1
193.6,0.3,351.766364407395,0.0821535420394959,0.908108149742277,0.64379648928053,0.996869850440039
193.61,0.3,351.490992627032,0.0823902337504894,0.909960266208695,0.642836419344391,0.999633770294532
193.62,0.3,351.213363923502,0.0835992746848063,0.908851374678207,0.646264994880108,0.999485946824001
193.63,0.3,350.933430730816,0.0860370743258091,0.90788046675964,0.642861190659366,1
193.64,0.3,350.651146816428,0.0821084225306692,0.90783500523305,0.643120514059097,1
193.65,0.3,350.366467300149,0.0871539798838875,0.905869063498323,0.641853330155136,0.998647403787283
193.66,0.3,350.079348672451,0.0838821307693412,0.906904748293718,0.639405787485352,1
193.67,0.3,349.789748812152,0.0850351859916956,0.907992815100368,0.643407095667217,0.997471884310023
193.68,0.3,349.497627003454,0.0846951108928483,0.907624198571677,0.64268414249686,0.999323422315603
193.69,0.3,349.202943952359,0.085813058810664,0.907738227355805,0.64392073036043,1
193.7,0.3,348.905661802407,0.0819721345332127,0.90880794649997,0.6441525684238,1
193.71,0.3,348.605744149756,0.0838319158480033,0.905448094578053,0.640146218476369,0.999046004366104
193.72,0.3,348.303156057572,0.0846648351189263,0.904503464084172,0.642497209615228,0.999417600965531
193.73,0.3,347.997864069739,0.0869091653667354,0.905701275647504,0.644083578809044,1
193.74,0.3,347.689836223864,0.0867072650942805,0.906025333193319,0.638884835011489,1
193.75,0.3,347.379042063563,0.0874523530766855,0.906953206726553,0.641902977868879,0.999195554322882
193.76,0.3,347.06545265004,0.0843390943632543,0.904638338598828,0.641161310030335,0.999206897350331
193.77,0.3,346.749040572927,0.0840123234231232,0.905787150430635,0.641226291937394,1
193.78,0.3,346.42977996039,0.0855935857045052,0.903919352674655,0.642384876811188,0.998764099132394
193.79,0.3,346.107646488488,0.087231439092838,0.903445881366326,0.641700699597649,0.999713385284129
193.8,0.3,345.782617389787,0.0867580689934297,0.904574812300916,0.643234356447145,0.999995867451272
193.81,0.3,345.4546714612,0.0850301349700047,0.903033529414383,0.640405697669839,1
193.82,0.3,345.123789071072,0.0862440727447497,0.906920019630576,0.643089118896299,1
193.83,0.3,344.789952165494,0.0867891247043002,0.904875864858361,0.641453430745491,0.99904694146624
193.84,0.3,344.453144273834,0.0865051433661977,0.906373476562096,0.644459505629169,1
193.85,0.3,344.113350513489,0.0872976546697688,0.904954069094015,0.642668133080048,1
193.86,0.3,343.770557593855,0.0869624614567206,0.902704456049595,0.642730645792183,0.999788604364381
193.87,0.3,343.424753819502,0.0895475490967541,0.90431101193739,0.64363759286241,1
193.88,0.3,343.075929092565,0.0871172593836145,0.89968796867935,0.641535722141244,1
193.89,0.3,342.724074914331,0.0874131963694482,0.902990679724444,0.641014786543812,0.999878281990047
193.9,0.3,342.36918438604,0.0902739026627675,0.903922512061841,0.640514156722078,0.99986178342178
193.91,0.3,342.011252208879,0.0868827152257028,0.904921663898467,0.641865550047866,1
193.92,0.3,341.650274683192,0.0895766311234702,0.90252362914368,0.642072510752009,1
193.93,0.3,341.286249706877,0.0896959528444499,0.900893449435765,0.641371857345472,1
193.94,0.3,340.919176773,0.0875319130932241,0.90351310736147,0.641326684782319,0.99965590072366
193.95,0.3,340.5490569666,0.0900544802715994,0.900765647511118,0.641543400191827,1
193.96,0.3,340.175892960717,0.0911281964195865,0.901455290286261,0.642521689097969,0.999298754234849
193.97,0.3,339.79968901161,0.0931006354962286,0.898978716740751,0.643274060000192,1
193.98,0.3,339.420450953204,0.091893320045345,0.900133879332843,0.637286104335385,1
193.99,0.3,339.038186190741,0.0891093199730231,0.901125813360092,0.641841689470031,0.99992246070587
194,0.3,338.652903693657,0.0903771942658398,0.899907146672927,0.640593517840708,1
194.01,0.3,338.26461398768,0.0918820723935904,0.902124599137999,0.643279745188093,1
194.02,0.3,337.873329146165,0.092172520568535,0.898929586781437,0.643181691908156,1
194.03,0.3,337.479062780655,0.0904485948383763,0.900368300444105,0.643730888596579,0.998606897897399
194.04,0.3,337.081830030693,0.0911358737693508,0.898627982584743,0.640893905257112,1
194.05,0.3,336.681647552885,0.091712706832795,0.901319570837067,0.640969596143272,0.999787024449581
194.06,0.3,336.278533509212,0.0930113887666457,0.89953477683861,0.643037747658882,0.996974464057119
194.07,0.3,335.872507554619,0.0912363846356082,0.901876353806649,0.639744852237544,0.999594306530749
194.08,0.3,335.463590823872,0.0930977060669617,0.89838673062977,0.640879624597924,0.998305431731294
194.09,0.3,335.051805917705,0.0935294408682428,0.898667408146701,0.642492590744179,1
194.1,0.3,334.637176888254,0.0912810575367397,0.900793776931989,0.641665714959958,1
194.11,0.3,334.219729223806,0.0907266979405775,0.897161102123327,0.642430656696175,0.999268528343648
194.12,0.3,333.799489832853,0.0942820772115502,0.895281942210161,0.6424380226246,0.999831769579845
194.13,0.3,333.376487027485,0.0915766688281045,0.894604109333968,0.641150303632889,0.999689370282655
194.14,0.3,332.950750506111,0.0943031043089346,0.897237829816008,0.642386902973084,0.999305804585178
194.15,0.3,332.522311335541,0.0964607788238833,0.898645039877828,0.640587730858059,0.999900834083583
194.16,0.3,332.091201932432,0.0935354339865508,0.896574191628145,0.64257920532923,1
194.17,0.3,331.657456044099,0.0940029281963954,0.895351607468653,0.642474089566515,1
194.18,0.3,331.221108728739,0.0932413092289501,0.897858718671231,0.640798728903477,1
194.19,0.3,330.782196335044,0.0955151286072801,0.896038124509545,0.63943491321043,1
194.2,0.3,330.34075648124,0.0938218040196094,0.896410571324321,0.64226076714113,0.999968900911004
194.21,0.3,329.896828033563,0.0952687683598867,0.897519810044164,0.644444513067356,0.99986193921391
194.22,0.3,329.450451084189,0.096214870449294,0.896773542563734,0.641979881757611,0.998828299316748
194.23,0.3,329.001666928613,0.0966275262805503,0.895470013997464,0.643945806224125,1
194.24,0.3,328.550518042538,0.0973266195973649,0.89662327385461,0.644124875328813,0.999715926882616
194.25,0.3,328.097048058236,0.0977921859039765,0.897654623410807,0.640762340561336,1
194.26,0.3,327.641301740443,0.0939094669935537,0.893078852587081,0.643405221942143,1
194.27,0.3,327.18332496177,0.0953170730787385,0.896135460208082,0.642853226717839,0.999274523859035
194.28,0.3,326.723164677681,0.0959841558288134,0.893572877070941,0.64008771014363,1
194.29,0.3,326.260868901019,0.0987500693612032,0.893457682742692,0.643731338552171,0.999500513238706
194.3,0.3,325.796486676135,0.0996415354552238,0.895405336301857,0.645158029678062,1
194.31,0.3,325.330068052594,0.0958867546466577,0.893664565573621,0.643205159804743,0.999472720332371
194.32,0.3,324.861664058531,0.100011854929995,0.89259645160495,0.639763929634347,0.999181250742501
194.33,0.3,324.391326673615,0.096458737183802,0.894118584961614,0.646092026256885,1
194.34,0.3,323.91910880169,0.0985281744031479,0.895538035466885,0.642875925251364,1
194.35,0.3,323.44506424308,0.0991151150980956,0.89271317224244,0.644756362995677,0.999062639925635
194.36,0.3,322.969247666591,0.100190080854797,0.891997174270879,0.642030106135686,0.998624803598044
194.37,0.3,322.49171458122,0.0991423066468548,0.891358280696066,0.641784579441475,1
194.38,0.3,322.0125213076,0.100258027783228,0.890795261501256,0.643374184212187,1
194.39,0.3,321.531724949187,0.0998698005417092,0.894347188373835,0.645295164870206,0.999584980246691
194.4,0.3,321.04938336322,0.101203474328161,0.88881480156262,0.645472264990081,0.999799460733334
194.41,0.3,320.565555131462,0.103403489785457,0.89016197317958,0.644056264350569,0.996979030977744
194.42,0.3,320.080299530746,0.102146874451699,0.890425736463686,0.643050851889652,0.998468277162958
194.43,0.3,319.593676503353,0.101977291044096,0.890327837329577,0.644441509396117,1
194.44,0.3,319.105746627218,0.0997246659523801,0.889657297318726,0.648219106126782,0.999133207449415
194.45,0.3,318.616571086004,0.10142762320574,0.887384441647753,0.644529334483443,1
194.46,0.3,318.126211639057,0.102191949425396,0.889868506051983,0.641545153059854,0.99944086484929
194.47,0.3,317.634730591256,0.101784927484956,0.886592285515122,0.645065347496136,0.999950117022268
194.48,0.3,317.142190762771,0.103104897506757,0.891095710317825,0.647083247839955,0.997852050207884
194.49,0.3,316.64865545877,0.102620032447336,0.889633159962803,0.64645547635304,1
194.5,0.3,316.154188439062,0.10161714102009,0.891616179916839,0.644731061500454,0.998237983197472
194.51,0.3,315.65885388772,0.102610466411691,0.888370571396549,0.647782906930725,1
194.52,0.3,315.162716382683,0.105304107235039,0.886776300800647,0.648400176286869,0.998993957108783
194.53,0.3,314.665840865373,0.106995196467149,0.888419148899385,0.648402775774067,0.999481641617546
194.54,0.3,314.16829261032,0.105587138025605,0.88702029914032,0.645116883481468,1
194.55,0.3,313.670137194834,0.106440408137023,0.890098734616578,0.649301638735076,1
194.56,0.3,313.171440468733,0.105035383552544,0.884973208245147,0.645989612434468,1
194.57,0.3,312.672268524142,0.107373028268735,0.887209525516,0.647537750732466,0.997895656712765
194.58,0.3,312.17268766537,0.107554017223168,0.884846762634873,0.645551622941451,0.999453879629086
194.59,0.3,311.67276437891,0.104157070648735,0.885964416516237,0.648344167440303,1
194.6,0.3,311.172565303536,0.106511079573381,0.886849326817218,0.646744591469796,1
194.61,0.3,310.672157200558,0.10731004740208,0.888935692395783,0.647513612771095,1
194.62,0.3,310.171606924208,0.106840481262279,0.886676623060711,0.64746657751077,1
194.63,0.3,309.670981392203,0.108685204987516,0.886097279789903,0.64836403959059,1
194.64,0.3,309.170347556475,0.109138255100979,0.885780911937456,0.648180614311316,0.998970935683304
194.65,0.3,308.669772374112,0.10757224601205,0.884461202082199,0.648869531772087,1
194.66,0.3,308.169322778488,0.10780067095294,0.882575652611675,0.649376715935231,0.999914777505643
194.67,0.3,307.669065650619,0.10987778971017,0.886070531807288,0.64912768511638,1
194.68,0.3,307.16906779076,0.108781779113587,0.883920308936059,0.649183724080676,0.999544951716814
194.69,0.3,306.669395890236,0.109061102115441,0.882300887534539,0.647752037869411,0.999875407128299
194.7,0.3,306.170116503539,0.108595633673489,0.884495073861452,0.648082530140366,0.999501475557849
194.71,0.3,305.671296020689,0.111036200420858,0.882799284100817,0.647973186060253,1
194.72,0.3,305.173000639884,0.108411032492511,0.881027797608342,0.649432398356529,1
194.73,0.3,304.675296340436,0.110479078069764,0.880555967767173,0.652212066846818,1
194.74,0.3,304.178248856006,0.11201476741919,0.88159967210715,0.650804956594126,1
194.75,0.3,303.68192364817,0.113126607372256,0.880993378474592,0.649690377264314,0.999677496987146
194.76,0.3,303.186385880286,0.111731029485282,0.880351769921588,0.649832027344907,1
194.77,0.3,302.691700391711,0.110535395484339,0.880074305177369,0.652060475947342,0.999337520148766
194.78,0.3,302.19793167235,0.112094575922626,0.880474028075337,0.650415830703448,0.999640393081429
194.79,0.3,301.705143837559,0.11468780982738,0.881467922178038,0.651676802526211,0.999901411417357
194.8,0.3,301.213400603408,0.114196332484407,0.878401888380825,0.651395783822805,0.997836717227932
194.81,0.3,300.722765262312,0.110085414756273,0.879657918454874,0.654276913427278,0.999528189044057
194.82,0.3,300.233300659026,0.111427640231774,0.878943649783672,0.651980218498725,0.999682276067468
194.83,0.3,299.745069167036,0.114086323322981,0.880148220086986,0.648553897797422,0.999156946323943
194.84,0.3,299.258132665331,0.114393400953182,0.879641411663276,0.651431028453399,1
194.85,0.3,298.772552515564,0.115483258126849,0.875867676111664,0.651040192917624,0.999930358166523
194.86,0.3,298.288389539623,0.116163941694463,0.87959599533342,0.650512539308276,0.999217260387265
194.87,0.3,297.805703997603,0.114360720070975,0.877202527700424,0.648365339201366,0.995374293799649
194.88,0.3,297.324555566186,0.113456363491803,0.879556206659993,0.653630780218807,0.999839043501569
194.89,0.3,296.845003317445,0.117396832782319,0.87851253043554,0.653733900129954,0.997935457756583
194.9,0.3,296.367105698058,0.116830626541237,0.877998307320895,0.654565261445816,1
194.91,0.3,295.89092050895,0.116404343893174,0.87867462081449,0.653706855750938,1
194.92,0.3,295.416504885368,0.11673066362105,0.877224631976897,0.653668279549311,1
194.93,0.3,294.943915277378,0.114551763589247,0.87724858221115,0.648816250781182,1
194.94,0.3,294.473207430801,0.117970369036626,0.875637730829281,0.652757839771079,1
194.95,0.3,294.004436368582,0.11933229313705,0.877310985059512,0.653776005957096,1
194.96,0.3,293.537656372604,0.115131132609025,0.874538419700453,0.653719660925948,0.998051368833344
194.97,0.3,293.072920965934,0.119967973496657,0.875971610322773,0.651776806993915,0.999229646089384
194.98,0.3,292.610282895516,0.118181371680949,0.874925009689006,0.653981436180204,0.998447012454453
194.99,0.3,292.149794115308,0.117659204671113,0.874691405000747,0.653539579806494,1
195,0,291.691505769857,0.118176240288752,0.874031923519226,0.652808498294752,0.999021157066851
195.01,0,291.23546817833,0.12046320824689,0.874912187802368,0.652164907465477,0.999387798197376
195.02,0,290.781730818976,0.119731054636912,0.874859480573109,0.655031350104346,0.99635487629879
195.03,0,290.330342314048,0.117156122313946,0.874817359105859,0.65515494796509,0.998913127447261
195.04,0,289.881350415158,0.120382686098832,0.873885160717764,0.652672711659097,0.999313364352843
195.05,0,289.434801989081,0.120958743200766,0.873557018150852,0.657498722184101,1
195.06,0,288.990743004008,0.120785471359643,0.873619141646235,0.654715342963731,1
195.07,0,288.549218516233,0.121019301233468,0.873333478760337,0.654833273583281,1
195.08,0,288.110272657286,0.120425348905824,0.875003569892005,0.656079725965565,1
195.09,0,287.673948621508,0.122494317715786,0.874207154135684,0.654368381482859,1
195.1,0,287.240288654064,0.12233491167525,0.873797584670265,0.656504036186821,1
195.11,0,286.809334039385,0.122175558728286,0.872027869187202,0.656331982677559,0.997603519652931
195.12,0,286.381125090057,0.121296749670454,0.870971914951451,0.655555528135683,1
195.13,0,285.955701136137,0.125667485213923,0.871573426699738,0.653730717893006,0.999305080362805
195.14,0,285.533100514892,0.1226678922645,0.870871354557717,0.654311465911515,1
195.15,0,285.113360560979,0.124717986694693,0.87280092556923,0.654692378400711,1
195.16,0,284.69651759704,0.12331467711178,0.872298167538434,0.654878966655942,1
195.17,0,284.282606924718,0.124037186398244,0.870073520667721,0.65684898927843,0.997202399121802
195.18,0,283.871662816101,0.122161824457365,0.867878696628514,0.657204440976564,0.999679464529579
195.19,0,283.46371850557,0.125692969651616,0.871569682644984,0.656681506705542,1
195.2,0,283.058806182071,0.124696690922667,0.867195361525313,0.656178498477877,1
195.21,0,282.656956981782,0.126673893761767,0.868275685186743,0.654469264103315,1
195.22,0,282.258200981201,0.126440325656402,0.868227891338659,0.657071144817155,1
195.23,0,281.862567190625,0.123369331044238,0.869087245363972,0.656074752142562,1
195.24,0,281.470083548028,0.12743553989334,0.866891104883098,0.655334326253009,1
195.25,0,281.080776913341,0.122836710535075,0.867339362878388,0.658193092349607,0.998046143833515
195.26,0,280.694673063113,0.127266088444738,0.867209662972386,0.65596394704072,0.998183752150097
195.27,0,280.311796685565,0.124982900256236,0.86629172152024,0.656803692245435,1
195.28,0,279.932171376026,0.127363379996112,0.866607204785869,0.657220507850073,0.998741705976341
195.29,0,279.55581963275,0.125471407090136,0.867599657186704,0.656829864550921,0.999342675994783
195.3,0,279.182762853099,0.128156422427116,0.868845211198232,0.657422615030652,0.999761235699475
195.31,0,278.813021330112,0.126361428041619,0.866594129309302,0.658328644560915,1
195.32,0,278.446614249427,0.126644478052541,0.865944398634493,0.659078554519524,0.999872972816751
195.33,0,278.083559686574,0.128158088870431,0.866446349064445,0.658067740251225,1
195.34,0,277.723874604629,0.12701001141362,0.864701710736593,0.658371256055435,0.998441532830039
195.35,0,277.367574852217,0.129665681200406,0.864752537541304,0.658647603205428,0.998648003605907
195.36,0,277.014675161867,0.127470741655777,0.864995687967398,0.657466757949862,0.997293296750901
195.37,0,276.665189148723,0.12902950599333,0.866784677648913,0.656401223972907,0.999978029074382
195.38,0,276.31912930959,0.130243509802296,0.865776159711646,0.657595623910373,0.997744071441349
195.39,0,275.976507022318,0.129708839310304,0.860459986100269,0.65958033075592,0.999668250979535
195.4,0,275.637332545533,0.132399069415694,0.861971027659704,0.659120199916751,0.998415795249423
195.41,0,275.30161501869,0.128454338873569,0.861715638433585,0.658645694511222,0.999726200750478
195.42,0,274.969362462458,0.130590738057526,0.864306769935458,0.655781939836937,1
195.43,0,274.640581779431,0.131095167772012,0.863722097144072,0.657376010292483,0.998713211322693
195.44,0,274.315278755159,0.128097051522331,0.863898844204209,0.659654423573766,0.996729224877399
195.45,0,273.993458059495,0.130563867007305,0.859847459509754,0.658956883531962,0.998210562220586
195.46,0,273.675123248263,0.131547162181215,0.862493659673447,0.657303679147918,1
195.47,0,273.360276765226,0.131437689824968,0.863237643050118,0.658580628106282,0.998298542696938
195.48,0,273.048919944376,0.132885349336809,0.863283016539261,0.657214209786825,0.999200756403396
195.49,0,272.741053012513,0.131240722372384,0.860256836080351,0.657532277004815,0.999520520760594
195.5,0,272.436675092138,0.131552529943404,0.862132515843475,0.659014665784356,1
195.51,0,272.135784204638,0.132916217829913,0.860581252105619,0.657250279339719,1
195.52,0,271.854326538301,0.131326881445333,0.861196508588405,0.656599981119491,1
195.53,0,271.586765268743,0.133333546679005,0.861989433614502,0.660697827422627,1
195.54,0,271.321859893998,0.131306136497687,0.862792309490803,0.661284796809233,0.998970767018953
195.55,0,271.101479658362,0.132487242607222,0.856893004653299,0.658116835547774,0.997912175877804
195.56,0,271.092432555369,0.131672119208295,0.858515867117832,0.657913260849689,0.997790788034628
195.57,0,271.092432555369,0.130766175673127,0.858472995714238,0.659928853862685,0.997463973552908
195.58,0,271.092432555369,0.131116432348954,0.859201205836394,0.659599678255449,1
195.59,0,271.092432555369,0.133829751452821,0.856949556189033,0.657088422304804,1
195.6,0,271.092432555369,0.134133531832855,0.859639701245125,0.657020889948197,0.999932154942947
195.61,0,271.092432555369,0.132432731077092,0.859664947924107,0.657984985317889,1
195.62,0,271.092432555369,0.133735575207204,0.85601726335781,0.655891381569142,1
195.63,0,271.092432555369,0.132255557991507,0.857318761001052,0.656006501119195,0.99858607326665
195.64,0,271.092432555369,0.132761773957818,0.857034297471665,0.659125566167317,0.998508358449901
195.65,0,271.092432555369,0.13154423882636,0.861213856347205,0.66014845383491,1
195.66,0,271.092432555369,0.130361481539424,0.857706258549034,0.656361005274455,0.997882453166165
195.67,0,271.092432555369,0.132997323202142,0.858649738392816,0.658086508526997,0.997864514615935
195.68,0,271.493817023179,0.132099730245569,0.855085371492271,0.657765099757478,1
195.69,0,272.274789579738,0.130682807759699,0.857637199131372,0.657416592465935,0.999458199502579
195.7,0,272.726947174511,0.133080753530589,0.856429245845936,0.657746293291886,0.99975519662358
195.71,0,273.209252115204,0.130358426467955,0.855337430824548,0.65703330839392,0.998362206545424
195.72,0,273.693944267128,0.132510941885237,0.855718573685866,0.659627541220686,1
195.73,0,274.182466963006,0.132550555815377,0.857128514737366,0.660106643218786,1
195.74,0,274.674799754992,0.131456010203598,0.853929713635166,0.657305197829791,1
195.75,0,275.170934186214,0.131387785269093,0.853916966200707,0.655996734584693,0.999306107434159
195.76,0,275.670867904037,0.12829227328659,0.858401664837721,0.658931956397991,1
195.77,0,276.174596382589,0.129567076215905,0.856772033738943,0.656631435191053,1
195.78,0,276.682114041529,0.126803209699723,0.856951355251314,0.657650249745747,0.999857966451707
195.79,0,277.193414146475,0.130116746342608,0.854674698798474,0.657175669175939,1
195.8,0,277.70848881208,0.12814744207875,0.85263775722652,0.654857636076939,0.999773402926017
195.81,0,278.227328999495,0.12848892072251,0.85355210551997,0.657311508093373,0.999972362984111
195.82,0,278.749924514343,0.126843798224748,0.852746914846143,0.65778188286206,0.999499561178327
195.83,0,279.276264005063,0.128680173510876,0.855926776255833,0.656247710537848,0.999889334697319
195.84,0,279.806334961596,0.127132716676744,0.852293652879833,0.659011312696944,1
195.85,0,280.340123714458,0.127439754369083,0.850456989620093,0.655469707618018,1
195.86,0,280.877615434165,0.125096196338168,0.853228527729363,0.654245804383469,1
195.87,0,281.418794131039,0.123252426683769,0.851540916276364,0.658606581351945,1
195.88,0,281.963642655403,0.125344282523333,0.85311123479518,0.657802702791702,0.999254132747968
195.89,0,282.512142698145,0.124474218917223,0.852899424094794,0.656538913274715,0.997845216477661
195.9,0,283.064274791694,0.123602932683353,0.851606849398892,0.658640406930211,1
195.91,0,283.620018311378,0.126315064454787,0.853507066601137,0.65870633044942,1
195.92,0,284.179351477191,0.121876625651286,0.850480102844056,0.655628061639313,0.999185269401243
195.93,0,284.742251355973,0.123120718709453,0.850071976526548,0.653934351804169,1
195.94,0,285.30869386399,0.12306311069933,0.851986237876182,0.657829788869148,1
195.95,0,285.878653769952,0.124253574898433,0.848868496479315,0.655227897324939,1
195.96,0,286.452104698442,0.124570663837525,0.851418994923702,0.654184582359328,0.999709157975317
195.97,0,287.029019133775,0.122722632791479,0.849927101025481,0.65583619708356,0.999390541689859
195.98,0,287.609368424303,0.120933010430582,0.849336030416809,0.653297398528892,0.998906238035574
195.99,0,288.193122787149,0.119911485977788,0.849952465872005,0.652160934758861,0.99911467565087
196,0,288.780251313396,0.121037122399446,0.85104682502221,0.657161125141315,0.99742662077957
196.01,0,289.370721973715,0.121318075591359,0.850561578554775,0.654229879059196,1
196.02,0,289.964501624464,0.118256933934321,0.850633678028634,0.653238450254699,1
196.03,0,290.561556014231,0.116950929047674,0.84640546043779,0.657869206794139,1
196.04,0,291.161849790855,0.122842552256609,0.848556378196857,0.656134252128985,0.999398252906764
196.05,0,291.765346508906,0.117577616467944,0.847345395703554,0.654763066748045,1
196.06,0,292.37200863765,0.11866624338612,0.8475265831174,0.657291551626178,0.999674787019872
196.07,0,292.981797569484,0.118775051415513,0.84940957817721,0.654320068991184,0.999370412292842
196.08,0,293.594673628854,0.117873072054228,0.848651934385322,0.653927818467361,0.99874808427678
196.09,0,294.21059608166,0.116396526359281,0.843730094890476,0.653273487202856,1
196.1,0,294.829523145156,0.113877955124733,0.849137809426439,0.652610643539206,0.997558337121097
196.11,0,295.451411998334,0.115759582117108,0.848995429783993,0.652493854330379,0.997797573751491
196.12,0,296.07621879281,0.115641081349674,0.846898533414352,0.65243464576755,0.99908206507251
196.13,0,296.703898664209,0.117661115354979,0.846530853287039,0.655236380397425,1
196.14,0,297.334405744057,0.114143766389485,0.847356994803439,0.650986797884487,0.99708490387502
196.15,0,297.967693172165,0.114636647327406,0.844687204092147,0.653969542663167,0.998841430165252
196.16,0,298.603713109533,0.1148169809262,0.847283140688869,0.652145008387229,1
196.17,0,299.242416751762,0.115072858945974,0.843945697497541,0.651037035005868,1
196.18,0,299.883754342968,0.115181106228129,0.844098872448149,0.653054670520843,0.999025611595942
196.19,0,300.527675190218,0.113503121965107,0.846810770376104,0.652235668435146,1
196.2,0,301.17412767848,0.112086200346174,0.845194173116698,0.655585016039633,1
196.21,0,301.823059286078,0.111251700448022,0.84433617352474,0.653531402260882,1
196.22,0,302.474416600673,0.111885195622314,0.845769682752137,0.651792516093269,0.999602202334021
196.23,0,303.128145335753,0.111205161881435,0.844558904208073,0.651915765514547,1
196.24,0,303.784190347644,0.110544773905746,0.841781522233289,0.648717942823518,1
196.25,0,304.442495653027,0.111952907029306,0.843646934856131,0.651726659984324,1
196.26,0,305.103004446979,0.109068113144684,0.8418964370388,0.649929189402275,0.999491101560114
196.27,0,305.76565912152,0.110661197713179,0.842668711810927,0.652777910912707,0.999821743929809
196.28,0,306.430401284675,0.111311940527882,0.842772222110334,0.651626839940567,1
196.29,0,307.097171780043,0.109599381128441,0.844143600400535,0.652267561905318,1
196.3,0,307.76591070687,0.110615476236621,0.844633765082538,0.651175077937814,1
196.31,0,308.436557440641,0.106993596340522,0.841560556219515,0.648968953841373,0.998637544699559
196.32,0,309.109050654147,0.111226608967071,0.845233044144122,0.649206174247716,0.999205852914526
196.33,0,309.783328339077,0.106021658294924,0.842736279078936,0.650910738119088,0.998963484957548
196.34,0,310.459327828083,0.109584088080306,0.841132101213301,0.648619008226814,1
196.35,0,311.136985817346,0.10577387316271,0.844028546460382,0.649504346423734,0.998287497119055
196.36,0,311.816238389618,0.104354372296057,0.84281265689546,0.648790313352895,1
196.37,0,312.497021037749,0.109422265378361,0.842656737676774,0.650165339499927,0.999133645502088
196.38,0,313.179268688687,0.104072223227139,0.84015425363083,0.648069177416701,0.999692832390278
196.39,0,313.862915727935,0.104529338434527,0.841997214828402,0.649687831179368,0.998009898372136
196.4,0,314.547896024481,0.104261766130032,0.838550623504976,0.648268498113797,0.996895729781574
196.41,0,315.234142956174,0.104322134016872,0.840778006438736,0.648171722945217,0.999183509647794
196.42,0,315.921589435549,0.10445776599289,0.841217795911883,0.649634776667362,1
196.43,0,316.610167936082,0.101021348565538,0.838675171917641,0.648690284583758,1
196.44,0,317.299810518884,0.102579692210456,0.841188986322865,0.647282609273297,1
196.45,0,317.990448859808,0.101661739480273,0.839020189909578,0.648629881155919,1
196.46,0,318.682014276971,0.10055130076047,0.841630505964235,0.650882643637268,0.999583055662253
196.47,0,319.374437758666,0.100716266308958,0.842930222349598,0.649016440611778,0.999244046483526
196.48,0,320.067649991687,0.101683587947545,0.841543250769562,0.648332944181798,1
196.49,0,320.761581390005,0.100976461108327,0.839707303780474,0.649271422868194,1
196.5,0,321.456162123834,0.100089240780523,0.83923926488372,0.647040832721205,0.998468967417729
196.51,0,322.151322149044,0.0979915186310622,0.839249406243521,0.648902746695128,0.999570644078097
196.52,0,322.846991236921,0.101627782584825,0.839000722566501,0.646124563027404,1
196.53,0,323.543099004256,0.0986335486120672,0.838938945475592,0.646577875442508,0.997218131769998
196.54,0,324.239574943753,0.0996186753383795,0.840689980845895,0.644466117377602,0.999183699726091
196.55,0,324.936348454752,0.0973590768507236,0.83653884301851,0.647197967763304,0.999161191210719
196.56,0,325.633348874223,0.0965594068337987,0.83770552192698,0.646660655365184,1
196.57,0,326.330505508057,0.0947502666493827,0.837960091407779,0.647400840174042,0.99993369547943
196.58,0,327.027747662612,0.0983454809155148,0.840951258957661,0.646853535198418,1
196.59,0,327.725004676498,0.0951806501471369,0.84101030779696,0.647889336654253,0.998766247692212
196.6,0,328.422205952605,0.0984133462248403,0.837760509736683,0.646526052551526,1
196.61,0,329.119280990343,0.0944719250252216,0.83865031783597,0.645453316886654,1
196.62,0,329.816159418075,0.0961879038576801,0.838566961276273,0.646288057660243,1
196.63,0,330.512771025744,0.0968676052175045,0.8356649868676,0.647413413828916,0.999504132955039
196.64,0,331.209045797652,0.0963245234198832,0.839013816437009,0.643150381687215,1
196.65,0,331.904913945398,0.0940610313431231,0.837452003001651,0.643511973729013,0.9994221939408
196.66,0,332.600305940938,0.0945706767241139,0.837389412744719,0.644216479167638,1
196.67,0,333.295152549765,0.0928628437681666,0.838365181515002,0.645303935901829,1
196.68,0,333.989384864176,0.092711831358569,0.838786940125062,0.644955667607194,0.998509976228396
196.69,0,334.682934336615,0.0933287568287511,0.836275806051581,0.643838552488955,1
196.7,0,335.375732813077,0.0899919939425086,0.837979564971928,0.644227695016458,0.999436322790367
196.71,0,336.067712566542,0.0905526378884528,0.83793916900035,0.643966003945283,1
196.72,0,336.758806330435,0.0924266025919386,0.837743792747279,0.644070367891804,0.998866003246258
196.73,0,337.448947332072,0.0911982207975846,0.838847809687688,0.646768645551886,1
196.74,0,338.138069326097,0.0915607965175008,0.83390303205724,0.643460116776256,1
196.75,0,338.826106627867,0.0889733839901882,0.835170898145055,0.643888985908334,1
196.76,0,339.512994146777,0.0905259997451131,0.836004396559687,0.640883182215471,0.999700575226544
196.77,0,340.198667419507,0.0873787479981518,0.835507024544886,0.643476990980559,1
196.78,0,340.883062643158,0.0896919022164405,0.833768592744363,0.64250709574573,1
196.79,0,341.566116708267,0.0876536035048108,0.833212629995461,0.644491666172684,0.999384781897771
196.8,0,342.247767231686,0.0886889161496535,0.836720489796543,0.646006791758859,0.99927787139918
196.81,0,342.927952589272,0.0889248789151342,0.833038197503648,0.641145683639372,0.999946836193532
196.82,0,343.60661194842,0.0897053856585392,0.834889259227656,0.640740667689418,0.999519304313105
196.83,0,344.283685300365,0.0866370432450988,0.836418455782158,0.642026405730815,0.999663110364801
196.84,0,344.959113492267,0.0892272442496738,0.835633725283234,0.642383110785718,1
196.85,0,345.63283825904,0.0876185442366081,0.834776597588584,0.642816024460391,1
196.86,0,346.304802254919,0.086489578140701,0.837520772593376,0.644080115446582,1
196.87,0,346.974949084728,0.088529220968708,0.83590129651309,0.642370549244245,1
196.88,0,347.643223334835,0.0860818624442645,0.836986613346756,0.639612636166253,0.999735825189813
196.89,0,348.309570603782,0.0851201609257343,0.833739790667595,0.642583488124452,0.997968058301822
196.9,0,348.973937532551,0.0850867176556751,0.835134636893338,0.641830144274205,0.998730519197152
196.91,0,349.636271834465,0.0838173181221594,0.836128278484357,0.643997385588711,0.998910244443735
196.92,0,350.296522324689,0.0853179002848563,0.832064531443817,0.642907642411337,0.999660483687091
196.93,0,350.954638949315,0.0850930404572341,0.832115584939242,0.644675096084241,1
196.94,0,351.610572814017,0.0851582091645765,0.833312895873044,0.640634737820132,1
196.95,0,352.264276212246,0.0833921277942585,0.833565131018246,0.639791225197635,0.997860422573091
196.96,0,352.915702652957,0.0798403619880063,0.833696674320298,0.642049913045604,1
196.97,0,353.564806887833,0.0809093267385244,0.833019752891015,0.641047722732489,1
196.98,0,354.211544938011,0.0810091348848758,0.831788477206537,0.642298339761661,1
196.99,0,354.855874120257,0.081553447817988,0.832465067172803,0.642736386440669,1
197,0,355.497753072608,0.0812063816699031,0.833129715828705,0.641914344190959,0.998125659574816
197.01,0,356.137141779441,0.0792168160436516,0.834571580147874,0.641103596451483,1
197.02,0,356.774001595952,0.0817054360365486,0.83363887388924,0.641318978822202,0.999238001396249
197.03,0,357.408295272035,0.0804149726402054,0.833549132588883,0.642510953840979,1
197.04,0,358.039986975546,0.0806398260903898,0.834410563832542,0.637419494729712,1
197.05,0,358.669042314922,0.0801699167250944,0.83444550389762,0.642858573447539,1
197.06,0,359.295428361148,0.0783740347873047,0.835246269812506,0.641999933549724,0.998168811121807
197.07,0,359.919113669067,0.0814445441978763,0.834258652396501,0.640854798563274,0.999614966362152
197.08,0,360.540068297993,0.0803670927683925,0.831815796798456,0.643185835134185,0.999594200024727
197.09,0,361.158263831634,0.0813759389325615,0.830695404089739,0.64153949781508,0.999449843255463
197.1,0,361.773673397295,0.0766828532660904,0.835142596796382,0.642172042089953,1
197.11,0,362.386271684365,0.0759585746990193,0.83392326029974,0.642942335079356,0.999459908776314
197.12,0,362.996034962057,0.0796946452414165,0.833824838601458,0.640299745155572,0.999946195482257
197.13,0,363.602941096397,0.077979578098531,0.831131397416548,0.64077010774737,1
197.14,0,364.206969566451,0.0767803774070018,0.832116534116629,0.639835299061711,1
197.15,0,364.808101479776,0.0752808401601635,0.833968873013668,0.639415317466857,1
197.16,0,365.406319587082,0.0763210855519512,0.831327722077618,0.641726045822443,0.99848813203969
197.17,0,366.001608296101,0.0760237655099019,0.831514759315894,0.641381046481495,1
197.18,0,366.593953684646,0.0749286691271126,0.834229161216677,0.640663410243138,0.999748534312569
197.19,0,367.183343512853,0.0733744104368896,0.829929051681689,0.641263189962421,0.997281390180629
197.2,0,367.769767234604,0.0752782347035652,0.832845850436153,0.643024408175445,0.998700218681244
197.21,0,368.353216008111,0.0757060777139374,0.831887946141357,0.64301928257782,0.99847010040453
197.22,0,368.933682705667,0.0720934806579457,0.832101566573856,0.641056943179926,1
197.23,0,369.511161922545,0.073632454880149,0.831467513486672,0.639092647221884,0.998440321434377
197.24,0,370.085649985046,0.0742999160989328,0.831608196856961,0.641537829860001,1
197.25,0,370.657144957694,0.0751171932822644,0.831597542177652,0.64117086111052,0.99883705374658
197.26,0,371.22564664956,0.0706501365035914,0.83154512089444,0.641429502776654,0.99816596942782
197.27,0,371.79115661973,0.0740674620288711,0.830201239207984,0.643725893715069,1
197.28,0,372.353678181893,0.0721587463817179,0.830468134026485,0.642902247621846,1
197.29,0,372.913216408067,0.0722911069334458,0.830315658284457,0.642607174025655,0.997473454679517
197.3,0,373.469778131436,0.0712742423196557,0.830827436949276,0.64188576861008,0.998979806413341
197.31,0,374.023371948328,0.0723400508749605,0.826905658726683,0.640849310023193,1
197.32,0,374.574008219306,0.0706369297424251,0.829962126487853,0.640377576390042,1
197.33,0,375.121699069381,0.0727453995079576,0.832528110105209,0.639905118079634,1
197.34,0,375.666458387356,0.072166129632356,0.832398905577726,0.640264914142336,0.999746713466051
197.35,0,376.20830182429,0.0736519534844455,0.832472141402332,0.643797586045263,1
197.36,0,376.74724679109,0.0731238177469712,0.832309101403413,0.641397293967045,1
197.37,0,377.283312455228,0.0702209051657726,0.830386077029251,0.643352562396142,1
197.38,0,377.816519736605,0.0700172904361099,0.830323121382096,0.642319422344747,1
197.39,0,378.346891302531,0.0687503369755889,0.830985392990487,0.640216970225088,1
197.4,0,378.874451561861,0.0683277192719045,0.831964269189224,0.642968662340657,1
197.41,0,379.399226658273,0.0679228611556865,0.830162667650562,0.642747490446973,0.999116539084302
197.42,0,379.92124446269,0.0697774583992186,0.832476717649584,0.640655258740186,1
197.43,0,380.440534564869,0.0685181171887491,0.832497474723692,0.643701122158796,0.998757156915864
197.44,0,380.957128264153,0.067850412526729,0.830010255455783,0.643517679616397,0.999177441977293
197.45,0,381.471058559388,0.0683233178321281,0.828236240764343,0.64579247744218,0.999780926622146
197.46,0,381.982360138026,0.0680502044168018,0.833373760493073,0.642127719256192,0.999155296325473
197.47,0,382.491069364414,0.0670248318877644,0.831066483743248,0.642021902440658,1
197.48,0,382.997224267278,0.0674702532151933,0.830539986340584,0.644251041332461,1
197.49,0,383.500864526418,0.06396517715905,0.82972361206555,0.643361548910993,0.999547263775879
197.5,0,384.002031458613,0.0679157820465479,0.829523360754586,0.643909675335656,0.997195054702039
197.51,0,384.500768002761,0.0678539832855485,0.832476683476679,0.643623990192852,1
197.52,0,384.997118704253,0.0660609191947306,0.834584635410314,0.645250879487875,0.999003259107758
197.53,0,385.491129698593,0.0645730986248319,0.828914229595405,0.644402090065916,1
197.54,0,385.982848694285,0.0660956539611878,0.830491884011425,0.642649701303035,0.999039689504834
197.55,0,386.47232495499,0.0676042479564333,0.829442447083894,0.642924792139358,0.998613442375065
197.56,0,386.959609280979,0.0660985823985706,0.830728757048149,0.643788220730359,0.99949312238158
197.57,0,387.444753989864,0.0656221197509903,0.830276335810796,0.644499952867933,1
197.58,0,387.927812896667,0.0624867980465197,0.83146641734255,0.643145824402927,1
197.59,0,388.4088412932,0.0650895154471161,0.831259656735265,0.645503989924852,1
197.6,0,388.887895926793,0.0640211648865445,0.829749966835963,0.644774070077519,0.999772080410347
197.61,0,389.365034978375,0.0619815048660915,0.829994742141909,0.644139417211012,1
197.62,0,389.840318039924,0.0647465851349348,0.831450144651158,0.645227540767888,1
197.63,0,390.31380609131,0.0653213833070084,0.830735679282048,0.644899934465995,0.998829022559524
197.64,0,390.785561476529,0.0634289009040793,0.831293766931282,0.647661216432976,0.999579516532664
197.65,0,391.255647879361,0.0637281461094211,0.831571445050539,0.644303568290994,1
197.66,0,391.724130298459,0.0628329622345692,0.830851066847755,0.647901011859256,1
197.67,0,392.191075021884,0.0638191116911572,0.835103483112246,0.645164739429932,0.996874092828578
197.68,0,392.656549601107,0.0610776714979797,0.832291167921706,0.641409271840054,0.999569682253874
197.69,0,393.120622824493,0.0630216575871648,0.831868898096257,0.645749170962029,1
197.7,0,393.583364690281,0.0602745622309763,0.83420924980232,0.643821953773111,0.998732717682658
197.71,0,394.044846379077,0.0607734467792588,0.828462553292956,0.648007509847235,1
197.72,0,394.505140225887,0.0636559912868298,0.832253593209733,0.646862447877879,0.999899354857028
197.73,0,394.964319691687,0.0629444363908299,0.830476431016982,0.650596440343654,0.998397193237385
197.74,0,395.422459334561,0.0583827234686316,0.829941637481313,0.645483104592898,1
197.75,0,395.879634780433,0.0600109175899189,0.83184791993753,0.648257936064039,0.999771961458378
197.76,0,396.335922693377,0.0629650747280922,0.833047942708457,0.648515556450014,0.99837912568356
197.77,0,396.791400745567,0.060476286470311,0.833057579899107,0.648919081785926,1
197.78,0,397.246147586842,0.0600632084405085,0.83480386638857,0.6455103697757,1
197.79,0,397.70024281393,0.0589359934791865,0.831392250722439,0.648793374258222,1
197.8,0,398.153766939338,0.060029417426064,0.831028346894883,0.6477543005084,1
197.81,0,398.606801359936,0.0599310868660783,0.830918306274192,0.647177709938985,0.999696122095394
197.82,0,399.059428325221,0.0615379067959547,0.832646319542777,0.649404224557395,1
197.83,0,399.511730905323,0.0581025144621529,0.833435606574539,0.651266410821637,1
197.84,0,399.963792958732,0.0602775852312065,0.833519086520333,0.651286877340047,1
197.85,0,400.415699099785,0.0596137678517327,0.832224458341437,0.650442111150108,0.997788402506062
197.86,0,400.867534665911,0.060720284386674,0.833162598781676,0.650078996889561,1
197.87,0,401.319385684682,0.0583688787199266,0.831777624931204,0.648834930895828,1
197.88,0,401.771338840636,0.0597161448904417,0.82972454762218,0.647285672040903,1
197.89,0,402.223481441943,0.0543379125471444,0.834226997992219,0.651930881916929,1
197.9,0,402.675901386891,0.0571898871477546,0.831341659535515,0.647090260076711,0.999540025719205
197.91,0,403.128687130225,0.0592234913479849,0.83037117857255,0.647187552526146,1
197.92,0,403.581927649351,0.0569565453620354,0.83263511097714,0.650791419229154,0.998250718784059
197.93,0,404.035712410415,0.0573652395109411,0.832664630115091,0.651971982606049,0.998147451500803
197.94,0,404.490131334289,0.0581230844794142,0.834275042694754,0.650800698068039,0.999570132049622
197.95,0,404.945274762448,0.0566367374849095,0.835003213802228,0.648889248499692,0.999699900724949
197.96,0,405.401233422792,0.0565685388339212,0.832102596334648,0.6524398390591,0.998116126132948
197.97,0,405.858098395387,0.0554763205501222,0.834481273689155,0.650749239001525,0.999801213841218
197.98,0,406.315961078181,0.0574270153942964,0.832337060229166,0.653279780452927,0.997936069872905
197.99,0,406.77491315266,0.0554537993674433,0.83333781120348,0.651895432265398,0.998181984229341
198,0,407.235046549513,0.0574625022927734,0.832525582640077,0.651877316501905,1
198.01,0,407.696453414265,0.0569180137473811,0.8331869752116,0.649132742372483,0.999766100781549
198.02,0,408.159226072934,0.0564062947658573,0.833577329783921,0.651117027397921,0.999833986159906
198.03,0,408.623456997699,0.0553610638036252,0.833210774685443,0.650848211628172,0.998820132203184
198.04,0,409.089238772602,0.0559652235069121,0.834929643357509,0.652372144616613,0.999833546450823
198.05,0,409.556664059292,0.053913890356303,0.834048730849547,0.649617673610163,0.99907781318836
198.06,0,410.025825562832,0.0549230148497304,0.833435130623443,0.653517993187125,1
198.07,0,410.496815997558,0.0517041531374627,0.831014186166601,0.652109866101058,0.999369245238922
198.08,0,410.969728053034,0.0515362730305362,0.835510203007309,0.652221405274311,0.998503077553004
198.09,0,411.444654360084,0.053492642071275,0.833449255406487,0.652226099590904,1
198.1,0,411.921687456926,0.0533791168447888,0.834271396182274,0.653771412567607,0.999451701576669
198.11,0,412.400919755421,0.0538292613381429,0.834593650802514,0.650508169401393,1
198.12,0,412.88244350744,0.0511749798916417,0.836657775274783,0.652706773773241,0.997520800496005
198.13,0,413.366350771353,0.0538759955731571,0.835890678566734,0.650842950492439,0.997101385663492
198.14,0,413.852733378672,0.0534130829134077,0.833090969259798,0.652468204630015,1
198.15,0,414.341682900825,0.0524014609628795,0.836158529458203,0.653287321418843,0.999675736665533
198.16,0,414.833290616105,0.0541781625336557,0.836045066845527,0.65487441719068,1
198.17,0,415.327647476769,0.0522709368362054,0.835051341926605,0.653731918676562,0.997775775857475
198.18,0,415.82484407632,0.0495325932800431,0.832996707843822,0.65522972357265,1
198.19,0,416.324970616965,0.0507789530472424,0.835414883172547,0.654155542740246,1
198.2,0,416.828116877267,0.0529062890898406,0.83491561479135,0.654164114367745,1
198.21,0,417.33437217999,0.0481433864822714,0.836879021994628,0.65316143644878,1
198.22,0,417.843825360147,0.0515655422206402,0.835421238951985,0.655985686608637,0.99942393174115
198.23,0,418.356564733262,0.0500419311251537,0.836708561005524,0.654894534586059,1
198.24,0,418.872678063847,0.0508223536198074,0.836968872748122,0.655373037981159,0.998174011831428
198.25,0,419.392252534099,0.0521720027387551,0.836753324769426,0.656267400991992,1
198.26,0,419.915374712829,0.0498886069536752,0.833987062477805,0.654092256980442,0.998792185115421
198.27,0,420.442130524629,0.051010880083004,0.836275622431463,0.656236779563662,0.999196484674898
198.28,0,420.972605219275,0.048095094618231,0.837450597561627,0.654862626166704,1
198.29,0,421.506883341372,0.0486069481434868,0.839668374739866,0.655405766947422,1
198.3,0,422.045048700263,0.0490376306032658,0.835998362661054,0.658311604857948,0.997729040425321
198.31,0,422.58718434018,0.0481876078092571,0.835956392389081,0.655465449391524,1
198.32,0,423.133372510663,0.0493684179236299,0.836796116860552,0.655076063030467,1
198.33,0,423.683694637242,0.0459116551293847,0.839112186385308,0.65524877791201,0.999524149465365
198.34,0,424.238231292392,0.0470475574586842,0.8383944120936,0.656277328305704,0.998822001246695
198.35,0,424.797062166753,0.0472871199887955,0.836892429535227,0.656196957636463,0.999120443130141
198.36,0,425.36026604064,0.0479894489389844,0.835927798825211,0.659005105568783,0.999733536889347
198.37,0,425.927920755821,0.0500012459557989,0.837543540907028,0.656461553424571,1
198.38,0,426.500103187594,0.0460413830223549,0.836154386775179,0.655201203520203,1
198.39,0,427.07688921714,0.0449902544779815,0.839025519564493,0.657843135877742,0.999877513794236
198.4,0,427.658353704181,0.0476994439871014,0.838248635114548,0.656046636896141,1
198.41,0,428.244570459923,0.0466298672167817,0.840798576620601,0.658329033606801,1
198.42,0,428.835612220307,0.0457865457133405,0.837390310554238,0.655456697313489,1
198.43,0,429.431550619555,0.0457992094492812,0.83765745606439,0.658458278142721,1
198.44,0,430.03245616403,0.04538169445007,0.838871955817897,0.657133021495477,1
198.45,0,430.638398206393,0.0454784061918358,0.840593778854178,0.657821707021966,0.998618450548612
198.46,0,431.249444920088,0.0451016820323866,0.837472707841982,0.656311682315656,0.999302045836851
198.47,0,431.865663274128,0.0442796972252467,0.839671396670426,0.658908635604055,0.997718374359808
198.48,0,432.487119008203,0.0441788196258007,0.838038911898176,0.655777530465245,1
198.49,0,433.113876608111,0.0433601529047844,0.840781667815738,0.658622810898813,0.998462307176447
198.5,0,433.745999281516,0.0450529507997724,0.837974404132271,0.659689112848717,0.999500613974664
198.51,0,434.383548934025,0.0443442591533269,0.839335741261823,0.658102300913035,1
198.52,0,435.026586145596,0.0418531182789405,0.840545551514552,0.658080608114742,0.999855934725476
198.53,0,435.675170147288,0.0407222073922813,0.842928002188236,0.656570705305754,0.999733155476588
198.54,0,436.329358798339,0.0416689417935912,0.843507793238853,0.657127267413312,1
198.55,0,436.989208563581,0.0418204148103756,0.839394019773772,0.65918261414662,0.998647229801584
198.56,0,437.654774491205,0.0447488382212778,0.841801562120134,0.657018171453425,1
198.57,0,438.326110190869,0.0422048848486995,0.839489917702051,0.656820607404618,1
198.58,0,439.003267812149,0.0411102440040735,0.840696806250217,0.660443248982566,0.99962094295776
198.59,0,439.686298023356,0.0421833769300965,0.84313877091927,0.659100764079456,0.999221677698487
198.6,0,440.37524999069,0.0423786324606686,0.840954376157251,0.658748866989885,1
198.61,0,441.070171357771,0.0400215951118829,0.839349064298015,0.659031393418254,0.999231773361595
198.62,0,441.771108225523,0.0403818405735113,0.8410365041687,0.659016307748756,1
198.63,0,442.478105132429,0.0409345495141036,0.843227175869058,0.65626940013571,1
198.64,0,443.191205035156,0.0396288097127012,0.842915861359897,0.658115253714044,1
198.65,0,443.910449289553,0.0401710207049722,0.839689234858791,0.655662991751336,0.999070171164225
198.66,0,444.635877632034,0.0385922931545647,0.842585209028839,0.657323137809914,0.998144273081931
198.67,0,445.367528161339,0.0349626806630482,0.842728997694108,0.657601284911046,0.997514008197498
198.68,0,446.105437320687,0.0371590903451555,0.846329339308291,0.657891222827038,1
198.69,0,446.849639880319,0.0368641265020422,0.839433629161321,0.657849601456786,1
198.7,0,447.600168920442,0.0367842904284581,0.843855916484534,0.657333232106426,0.99947603045081
198.71,0,448.357055814574,0.0375601426487752,0.845505945196591,0.657850920299438,1
198.72,0,449.120330213299,0.0364398436803396,0.842691829977667,0.656468649980663,0.998987677116589
198.73,0,449.890020028432,0.0369769496895854,0.843503843732871,0.656526272175919,1
198.74,0,450.666151417605,0.0345518762570918,0.843165644583869,0.659541908790192,0.999619543601903
198.75,0,451.448748769282,0.0352411969150322,0.843016384008436,0.65735062507872,1
198.76,0,452.237834688198,0.0351123181880296,0.845336108103021,0.65965872115053,0.999989313566183
198.77,0,453.033429981237,0.034240077010748,0.845986785174337,0.656366033856924,0.999312879000498
198.78,0,453.835553643758,0.0335801185616137,0.843519382591137,0.656318884257973,0.999212740983801
198.79,0,454.644222846365,0.0324487779095974,0.843980549266463,0.656080532567911,0.998561990269803
198.8,0,455.459452922134,0.0341233345181681,0.845306955234802,0.655802806576611,0.998018913757342
198.81,0,456.281257354306,0.0342782875854263,0.845876618354135,0.658460934492826,0.997965558399043
198.82,0,457.109647764455,0.0337829847713575,0.846203402760142,0.657109434844329,0.998772474808201
198.83,0,457.944633901115,0.0315406568995514,0.844151302463323,0.657721006542779,1
198.84,0,458.78622362892,0.0322818153489119,0.846740311856151,0.658470321892186,1
198.85,0,459.634422918211,0.0342142450213722,0.84678532367182,0.659885878271994,1
198.86,0,460.489235835161,0.0346462792276489,0.846684504309665,0.658062351763467,0.999851817557522
198.87,0,461.350664532399,0.0335079734320761,0.846794568554841,0.658564208788578,0.999548915101243
198.88,0,462.218709240157,0.0308587100127088,0.848436920835928,0.658677687594155,0.998234701801979
198.89,0,463.093368257936,0.0305292200932025,0.847816345880766,0.656146620426736,1
198.9,0,463.97463794671,0.0289560997610062,0.848589345429556,0.656359739986751,0.998838976348922
198.91,0,464.862512721673,0.0277739445916373,0.848486927221689,0.656971276118943,1
198.92,0,465.756985045531,0.0303826169073895,0.848175092582539,0.656405630441251,0.995664919166781
198.93,0,466.658045422364,0.0301392024950817,0.845209096014047,0.655718944301698,0.995431091823609
198.94,0,467.565682392044,0.0294072508896526,0.845688824741785,0.658462907030312,1
198.95,0,468.479882525247,0.0270320249896846,0.847902369846333,0.655940274319281,0.997596806919813
198.96,0,469.400630419036,0.0294408225476002,0.846378177830038,0.655211962897516,1
198.97,0,470.327908693054,0.0270494182348425,0.847818898153709,0.656205496341668,1
198.98,0,471.261697986316,0.0290463267626354,0.849886780520607,0.658455723460111,1
198.99,0,472.201976954624,0.0282640135792202,0.849718953755244,0.654966462029453,1
199,0,473.1487222686,0.0257400077674056,0.848306178464618,0.654809339766319,0.999256947558522
199.01,0,474.101908612358,0.0263801585164874,0.849607503046136,0.654800967912047,0.999122878107782
199.02,0,475.061508682827,0.0254923595009461,0.85047214771423,0.657573299244936,0.999811090727761
199.03,0,476.02749318972,0.0276411983520342,0.849558186178039,0.656477904096208,0.999660843600592
199.04,0,476.999830856172,0.0255685130933846,0.847118992621025,0.656855946029034,1
199.05,0,477.978488420055,0.0233806547371916,0.849674137097311,0.656497209271426,0.999829687433959
199.06,0,478.96343063598,0.0252544107225446,0.852110329199589,0.653956210805207,0.9992839703393
199.07,0,479.954620277981,0.0230231185952779,0.851195223064861,0.657164005360371,0.999444470478917
199.08,0,480.952018142924,0.0233195016720179,0.850078685384105,0.654239811939598,1
199.09,0,481.955583054612,0.0248591715159952,0.854085224529716,0.655986266080814,0.998974627255708
199.1,0,482.965271868623,0.0224329507401975,0.850568217380872,0.658033016553101,1
199.11,0,483.981039477886,0.0234476996491307,0.848930694042139,0.65705663699677,0.999302801552334
199.12,0,485.002838818987,0.0213166533369167,0.851801925822482,0.653400649945007,0.99744797089859
199.13,0,486.030620879241,0.0241849005141954,0.853234642393286,0.657013455440025,1
199.14,0,487.064334704523,0.0223834027165071,0.849978913248119,0.656757417353952,0.998192757953428
199.15,0,488.103927407861,0.0207490598864812,0.849708843026179,0.654920322638379,0.999134401120392
199.16,0,489.149344178828,0.0226778269392446,0.851380685700781,0.65554444087551,1
199.17,0,490.200528293703,0.0197268323718062,0.852645620207092,0.656171959458984,0.999970714082054
199.18,0,491.257421126445,0.0201659309431174,0.853521366601978,0.65440480448576,1
199.19,0,492.319962160465,0.0191332760230986,0.851911598200873,0.654812930572626,0.999633838161231
199.2,0,493.388089001216,0.0171667218590018,0.854400760735753,0.653795792673066,0.999718849639986
199.21,0,494.461737389604,0.0173033471812035,0.855438646337818,0.655037535954744,1
199.22,0,495.540841216231,0.0175064225883655,0.856701476381319,0.653948526657835,0.998647249329904
199.23,0,496.625332536471,0.0190971208365799,0.856086845499136,0.653478104902508,0.999884479930019
199.24,0,497.715141586398,0.0186066579803001,0.855886992729133,0.652982023602859,0.998516353468416
199.25,0,498.810196799553,0.0159372852638517,0.855278988093498,0.654266913113372,0.998609927572163
199.26,0,499.910424824584,0.0174000889411876,0.856214470954496,0.653715339159376,1
199.27,0,501.015750543737,0.0158556197004352,0.855997012388768,0.653612263811376,1
199.28,0,502.126097092218,0.0166560680006583,0.857347592582533,0.652917984819577,0.997066570333024
199.29,0,503.241385878431,0.0143951839655103,0.858490993635608,0.653768771053707,0.999733226837889
199.3,0,504.361536605099,0.016357476614116,0.854156335546603,0.655328596397267,1
199.31,0,505.486467291261,0.0136614307451725,0.85861184650456,0.653557008061629,1
199.32,0,506.616094295156,0.015781380535813,0.855622866533417,0.652299577818052,0.999278859394415
199.33,0,507.750332338002,0.0132833341411269,0.854537365482808,0.653245080460507,1
199.34,0,508.889094528664,0.0144811429953775,0.854692354696094,0.65050878428771,0.999530672571296
199.35,0,510.03229238922,0.00987805036628427,0.858872150965454,0.653024439589521,0.999034939651017
199.36,0,511.179835881418,0.0128810852246033,0.860200318890206,0.652130978760847,0.999277706721474
199.37,0,512.331633434035,0.0107931438594137,0.859275247280474,0.651973651284798,1
199.38,0,513.48759197114,0.0105157341220051,0.858161556370128,0.652078980577173,0.999142529170472
199.39,0,514.647616941241,0.00952211473718773,0.859031245292554,0.649877692887716,0.999841168103658
199.4,0,515.811612347345,0.0117135686453443,0.856406909583636,0.650486954727003,1
199.41,0,516.979480777902,0.00679560801160294,0.85809768086335,0.652725086520937,1
199.42,0,518.151123438651,0.00822833499273231,0.859264888792045,0.651005083673366,1
199.43,0,519.326440185354,0.0107090830743419,0.861518479970643,0.650086065209337,0.999014630914643
199.44,0,520.474735038347,0.00840625731044633,0.858627512866268,0.652242501360619,1
199.45,0,521.603935629276,0.0113712102329141,0.861632439869337,0.650881880673423,1
199.46,0,522.737550958071,0.00938977029137225,0.858418501479434,0.652885292621709,1
199.47,0,523.823778855945,0.00726194077970798,0.859697532984311,0.651025419549221,0.999518081899505
199.48,0,524.630766085762,0.0058067918020891,0.861231864279262,0.652388015239984,1
199.49,0,525.423357644112,0.00735125015271349,0.862629459468955,0.651339180659265,1
199.5,0,526.220398361092,0.00635111549259698,0.861639712572337,0.650787022203783,0.999351801511179
199.51,0,526.869231218147,0.0053230548235189,0.862352835288264,0.649754428425797,1
199.52,0,527.409424411043,0.00904470405248011,0.863735233347127,0.65087201512057,0.998093304103589
199.53,0,527.956207298717,0.00488565291526486,0.859418551507884,0.649826738379736,1
199.54,0,528.477767687994,0.00828267392498658,0.862046813615579,0.649299445567114,0.998166641619307
199.55,0,528.85746985889,0.00698927511483597,0.863619874759152,0.648623775758617,1
199.56,0,529.228784332396,0.00702356810405972,0.864726056964962,0.648028119149231,0.999190740827973
199.57,0,529.601168025429,0.0057923371522958,0.864171515391398,0.64728080427312,1
199.58,0,529.942859446356,0.0060763952375627,0.863460858547092,0.649898921239485,0.99868014089549
199.59,0,530.261834170293,0.00517353139845609,0.865383690431636,0.648281327314898,1
199.6,0,530.581141251232,0.00720678960422112,0.866295543454112,0.65035052806699,0.99954223300919
199.61,0,530.898954703957,0.0038294356721621,0.865566924916037,0.648596724193981,1
199.62,0,531.213139053389,0.00164237242935086,0.86490381097904,0.649708034163351,0.99872835495849
199.63,0,531.525897095176,0.00406829674866391,0.865993007645988,0.648100208548486,0.999913483089385
199.64,0,531.837277365743,0.003726825626743,0.865561942509641,0.645253088887616,0.998397757296691
199.65,0,532.145433466128,0.00203864480927096,0.8652457685886,0.647666238889847,0.999663216490714
199.66,0,532.450705018686,0.00371713767729745,0.866602559632656,0.649074591278154,1
199.67,0,532.75429403817,0.00621038259731793,0.865915603136783,0.645297230575998,0.999227288819386
199.68,0,533.055606880538,0.00503990390913435,0.867500638916801,0.647529021848015,0.999579101840395
199.69,0,533.352660416587,0.00567498353440674,0.865780582742866,0.649866525936493,1
199.7,0,533.64748686255,0.00460198860102479,0.86743923080262,0.644447353549248,1
199.71,0,533.940127698114,0.0061683644757958,0.866117486052152,0.648659156317729,0.999969258304051
199.72,0,534.228846080855,0.00322650743454928,0.867601637905482,0.648618098303156,1
199.73,0,534.513958816989,0.00178639977374394,0.866158922091025,0.645691611057742,0.999829912822089
199.74,0,534.796593044002,0.00397078872141451,0.867078696319678,0.646424646749554,1
199.75,0,535.076194283129,0.00509229621982868,0.866805293342526,0.643965887991422,0.99895607486143
199.76,0,535.350920427115,0.00275723138610892,0.867527558084051,0.646301139961327,1
199.77,0,535.622654726515,0.00091102193455269,0.867560006500999,0.647325110867045,1
199.78,0,535.891433933167,0.00552547813225696,0.867948061336692,0.645800007698468,1
199.79,0,536.155676299823,0.00259024356084832,0.868865221130531,0.644613611222608,0.996366514241256
199.8,0,536.415666833982,0.000399804240514323,0.871858162560386,0.645220027345551,0.998976103712963
199.81,0,536.672426858425,0.00268911959968852,0.870253300814996,0.646994429788084,0.999394538578748
199.82,0,536.925453966124,0.000602634735692428,0.869576911932287,0.644335358870892,0.998520553242831
199.83,0,537.173089097117,0.00272935743242931,0.872024948201279,0.645087833563654,1
199.84,0,537.417023539386,0.00154466186294456,0.871328160763416,0.646081555024285,0.999050464396689
199.85,0,537.65728847288,0.00347927607821426,0.868966440681281,0.642888024561664,1
199.86,0,537.892460533923,0.00335957982100403,0.868790344070439,0.642698679617448,1
199.87,0,538.122795173713,0.00341748001359835,0.870276571628096,0.644282442564013,1
199.88,0,538.349210018442,0,0.869620814658338,0.642473700715416,1
199.89,0,538.571256604373,0.000901074018121084,0.872336167931453,0.64525652337992,1
199.9,0,538.787459016818,0.00215506665883796,0.872452948179821,0.645599983527643,0.998631609615984
199.91,0,538.999321393727,0.000706257772832887,0.870983041079859,0.64455864497814,1
199.92,0,539.206871792391,0.00122809534121663,0.873998619709701,0.643561044268222,0.998600924288525
199.93,0,539.40886090374,0.00235901417515515,0.873726065205597,0.644183091950072,0.998220723959602
199.94,0,539.605513221022,0,0.872610067665658,0.645523140569477,1
199.95,0,539.797634427005,0.000901480690558573,0.87260510909905,0.644045599240639,1
199.96,0,539.984838244975,0.00169058104646911,0.87499599525432,0.641589122931911,1
199.97,0,540.16585933585,0.00123491424640663,0.872441544138124,0.641705689951268,0.99929639156198
199.98,0,540.341987660243,0,0.876745110043493,0.643984108710291,1
199.99,0,540.513248118965,0.00186216614677251,0.877946450077186,0.640820287377862,0.999188956203416
200,0.3,540.678592588953,0,0.873906351054514,0.646534903303479,1
