time,CV,F,X_prime,P1_prime,P2_prime,T_prime
0,0.2,358.685947530769,0.0015904364123877,0.876839744812112,0.650831841108068,0.214553371322623
0.01,0.2,358.926711415431,0.00104807537929535,0.877408992942468,0.648710330717125,0.217904502145118
0.02,0.2,359.167342107597,0.00204773839909424,0.877371380363993,0.64928400525646,0.216043008907636
0.03,0.2,359.407867648343,0.000385106621798412,0.876386895162252,0.65124975170293,0.215596793981906
0.04,0.2,359.648315971692,0,0.877963419384248,0.651764927665697,0.215464168273245
0.05,0.2,359.888714889077,0,0.877719820606254,0.647719886302511,0.216176674636325
0.06,0.2,360.12909207386,0,0.877660618358285,0.653157492753831,0.213477388728226
0.07,0.2,360.369475045923,0.000498745149194543,0.877517618881451,0.652053105651742,0.215494969701632
0.08,0.2,360.609891156327,0.000155079958551659,0.879739565605047,0.652091828454482,0.214735910947529
0.09,0.2,360.850367572053,0,0.878959812234362,0.649739003621763,0.216507396682896
0.1,0.2,361.090931260828,0,0.879258379574645,0.649640385421025,0.214332347746348
0.11,0.2,361.331608976049,0,0.879545600240984,0.650054118050757,0.217054724015278
0.12,0.2,361.572427241799,0.000673470324274201,0.878426434979851,0.651809125892785,0.215940265538109
0.13,0.2,361.813412337975,0.0019004365964407,0.881609480375174,0.64945933865359,0.214081974904598
0.14,0.2,362.054590285525,0.000656869273196019,0.882500431815131,0.653831735520487,0.213572120950901
0.15,0.2,362.29598683181,0.000585957452008616,0.881304276322102,0.65252664562862,0.21816127022716
0.16,0.2,362.537627436082,0.00167301749494063,0.882581040823585,0.650608538551747,0.217247321936835
0.17,0.2,362.779537255109,0.000681150507188553,0.883167385440716,0.652297680516702,0.214691957526146
0.18,0.2,363.021741128927,0.000454291666673705,0.882798985362508,0.647354360554134,0.215567646144492
0.19,0.2,363.264263566742,0,0.886038056348067,0.652819326260933,0.213852647227215
0.2,0.2,363.507128732986,0.000806125858957328,0.883752615444324,0.651541498269094,0.215053964044551
0.21,0.2,363.750360433528,0.000509300735130238,0.886390759321161,0.652958320307905,0.21638900839084
0.22,0.2,363.993982102055,0,0.881545634047362,0.650933680002048,0.215344946839558
0.23,0.2,364.238016786621,0,0.882419496952204,0.652515040115914,0.214609903561868
0.24,0.2,364.482487136372,0.000630002611568108,0.8856979730252,0.65120509198527,0.214437722932507
0.25,0.2,364.727415388462,0,0.886662831131148,0.653145917529394,0.216756088601841
0.26,0.2,364.972823355152,0,0.886301506645217,0.652616673593583,0.215165470988721
0.27,0.2,365.218732411107,0,0.886397725552367,0.652671994449869,0.21381639838119
0.28,0.2,365.465163480901,0.00116320568959533,0.88824459451694,0.654251923829964,0.213812283306238
0.29,0.2,365.71213702672,0.000497366167960295,0.888053497556349,0.654238959506974,0.214902348823127
0.3,0.2,365.959673036293,0,0.887315472931836,0.653213710775207,0.217678173057849
0.31,0.2,366.207791011026,0,0.889797758224851,0.652932277878453,0.217356405566103
0.32,0.2,366.456509954381,0,0.887803834822608,0.651030464089982,0.21504720395413
0.33,0.2,366.705848360466,0.00276096232739813,0.890960226740928,0.654365525323121,0.214950230823822
0.34,0.2,366.955824202883,0,0.887751153019326,0.652656810127526,0.217366443651491
0.35,0.2,367.206454923796,0,0.890008444811521,0.655120429941619,0.217902826969773
0.36,0.2,367.457757423269,0.00120202958343099,0.888187005156131,0.655753769201573,0.214905024436632
0.37,0.2,367.709748048838,0,0.889338855972586,0.657490505023208,0.215018150665737
0.38,0.2,367.96244258535,0.00231073342368822,0.891890543185485,0.655062592585161,0.213611760194859
0.39,0.2,368.215856245065,0,0.892415591029062,0.653307230234215,0.214961147861883
0.4,0.2,368.470003658023,0.000864488552660981,0.892020401335646,0.654252682930081,0.216801828919246
0.41,0.2,368.724898862678,0,0.889738486191207,0.653560882082612,0.216123680103823
0.42,0.2,368.980555296824,0,0.894975422948029,0.656501904539211,0.217255032225721
0.43,0.2,369.236985788781,0.00247159321682592,0.890885813041601,0.655746878496694,0.212613600793917
0.44,0.2,369.494202548884,0,0.89494333923378,0.657460863735021,0.213782225017336
0.45,0.2,369.752217161251,0,0.894054824792263,0.653375501726506,0.215215054135487
0.46,0.2,370.011040575849,0.00178870677793159,0.895494555746611,0.653348052525295,0.214681310336309
0.47,0.2,370.270683100853,0,0.892352901105141,0.655635742365455,0.213301013467179
0.48,0.2,370.531154395307,0.0022898840386322,0.897541967229693,0.657042588759577,0.217583358255333
0.49,0.2,370.792463462091,0,0.895150973555392,0.655032776309391,0.215311665157095
0.5,0.2,371.054618641194,0,0.893213977026457,0.651848103361633,0.214284439452232
0.51,0.2,371.317627603291,0,0.894710134960666,0.656507416009824,0.215881050101621
0.52,0.2,371.581497343646,0,0.897198976488914,0.654917027034232,0.215039763793659
0.53,0.2,371.846234176316,0.000621802961441602,0.898837746684011,0.654673564339171,0.215759904992714
0.54,0.2,372.111843728686,0.00206307544884678,0.89816798496002,0.655469344730424,0.212569314080718
0.55,0.2,372.378330936314,0.000116216040950707,0.898439048698752,0.655889974063109,0.213136838654353
0.56,0.2,372.645700038109,0.000192472556859112,0.898360033317015,0.652676917210188,0.21542343056931
0.57,0.2,372.913954571826,0.00098604920059797,0.897989128529659,0.657040790848565,0.21543690408072
0.58,0.2,373.18309736989,0.00302005542645349,0.899611777764313,0.654175094725852,0.214798268552414
0.59,0.2,373.453130555552,0,0.900865183756004,0.652743950610941,0.216348190378758
0.6,0.2,373.724055539367,0,0.896656178355811,0.657571289413314,0.210319300384087
0.61,0.2,373.995873016012,0.00177710233213938,0.902748417420206,0.654587334179613,0.213918167186842
0.62,0.2,374.268582961428,0,0.902414900706518,0.653577045611496,0.214955567567372
0.63,0.2,374.542184630299,0.000813164503835432,0.900468236761667,0.654310873676269,0.214269295720289
0.64,0.2,374.816676553865,0.00101548589389924,0.901354168293599,0.656076495875001,0.215048920088688
0.65,0.2,375.092056538069,0.000803830180536098,0.902440561837966,0.657316278527694,0.215439385746312
0.66,0.2,375.368321662032,0,0.901511801453581,0.656896457327637,0.214831870265167
0.67,0.2,375.645468276872,0,0.901922654193518,0.655454518974061,0.215343005361484
0.68,0.2,375.923492004852,0,0.902315884296687,0.656484070332071,0.215260625755377
0.69,0.2,376.20238773886,0.00167460403273641,0.904636499651299,0.657509738914674,0.211895080778128
0.7,0.2,376.482149642226,0,0.903687369770486,0.657850825518317,0.215375185384767
0.71,0.2,376.762771148873,0,0.905671913967945,0.657752168909705,0.216054129013574
0.72,0.2,377.044244963793,0.00239421197707594,0.904127077145362,0.656981232453642,0.216151569262677
0.73,0.2,377.326563063859,0,0.904332411757543,0.657770343498331,0.214536399210778
0.74,0.2,377.609716698972,0.000315794893956485,0.904637125484913,0.656436847169241,0.214396830703305
0.75,0.2,377.893696393518,0,0.904736522714252,0.655688237241804,0.216144950220783
0.76,0.2,378.178491948173,0,0.904287264071208,0.658300561383305,0.214635277467083
0.77,0.2,378.464092442019,0.000470390912327044,0.905349234970846,0.655099115271452,0.216554402969865
0.78,0.2,378.750486234984,0.00314836487362104,0.906901311832656,0.656261237604564,0.214642210098709
0.79,0.2,379.03766097061,0,0.908732712562908,0.656454592255361,0.214840796283078
0.8,0.2,379.325603579129,0,0.908493867047445,0.655774192934118,0.212532257325862
0.81,0.2,379.614300280859,0,0.908499283505966,0.656227425943001,0.213591079512563
0.82,0.2,379.903736589919,0.00101990582510489,0.908365392058976,0.656381303551041,0.2118722739438
0.83,0.2,380.193897318243,0,0.906339875295256,0.656696775272127,0.215313980341489
0.84,0.2,380.484766579908,0.00334928165577619,0.910140107811856,0.658368330251757,0.215226260008724
0.85,0.2,380.776327795765,0.0022995523461232,0.911864698905453,0.656584767863079,0.216753306283834
0.86,0.2,381.068563698368,0.00224371873340816,0.909110287764299,0.655973913470707,0.215941621263393
0.87,0.2,381.361456337204,0.001820636846838,0.909122858387525,0.65603623091178,0.216137428714419
0.88,0.2,381.654987084213,0.000246924285120768,0.910672011527687,0.657851449816016,0.213023085514597
0.89,0.2,381.949136639601,0.000527747306474481,0.910273430125318,0.658319142202685,0.212215121666954
0.9,0.2,382.243885037933,0,0.911369103986089,0.656016164788223,0.216507967717476
0.91,0.2,382.539211654516,0,0.911115330676521,0.655173692749421,0.214919573669382
0.92,0.2,382.83509521205,0,0.912682250860482,0.657671726848461,0.214462694784143
0.93,0.2,383.131513787563,0.00395290066695416,0.912629477159843,0.659161683636938,0.215369391164046
0.94,0.2,383.428444819605,0.000896089039651375,0.915834565153528,0.657513781815002,0.219538159203464
0.95,0.2,383.725865115712,0,0.91597050621069,0.657381496260395,0.215001921682762
0.96,0.2,384.023750860126,0,0.915989267987773,0.655265461556336,0.218300595094987
0.97,0.2,384.322077621775,0,0.913789477666658,0.653214913377273,0.213032909184372
0.98,0.2,384.620820362497,0.00103473375444298,0.913749915508161,0.658691217457317,0.214578218109311
0.99,0.2,384.919953445511,0.000493375538436211,0.916635412871377,0.654715884209019,0.214547335684867
1,0.2,385.219450644131,0,0.915347892090844,0.656033152784987,0.215096353436199
1.01,0.2,385.519285150711,0.00249701908045494,0.916782424232703,0.655484400304606,0.216511120771544
1.02,0.2,385.819429585818,0,0.915149293741968,0.656637189598681,0.216317476892624
1.03,0.2,386.119856007634,0.00214987529753387,0.916250356420618,0.656374563851915,0.21531627530708
1.04,0.2,386.420535921575,0,0.915104866702086,0.656488107224745,0.213596508430652
1.05,0.2,386.72144029012,0,0.917046942365033,0.653749776817914,0.215868986135033
1.06,0.2,387.022539542851,0.00121193492074625,0.916701266452973,0.654587438833748,0.213144408368087
1.07,0.2,387.323803586693,5.42484569753842e-05,0.919288674164809,0.653997209739016,0.214796492512882
1.08,0.2,387.625201816352,0,0.917190480517017,0.655156297969502,0.215928506303353
1.09,0.2,387.926703124944,0.00121142243171616,0.918450374358105,0.655091722682799,0.216205878220347
1.1,0.2,388.228275914804,0,0.918946378435306,0.654470426489021,0.214269385571773
1.11,0.2,388.529888108479,0.00126158457871179,0.918279530935099,0.659355809484883,0.213576018812062
1.12,0.2,388.831507159896,0.00169904240743562,0.918180567049032,0.655141891549229,0.213796709548041
1.13,0.2,389.133100065687,0,0.920486050404603,0.656884990912686,0.213843669633079
1.14,0.2,389.434633376687,0.00186025736297524,0.919884749344841,0.655672950139212,0.215031178449879
1.15,0.2,389.736073209581,0.000854308355155398,0.918911230323065,0.65302712669272,0.214573318895766
1.16,0.2,390.037385258699,0.000947026979052987,0.920755814418266,0.654867084728609,0.216622806281387
1.17,0.2,390.338534807962,0,0.920211478725038,0.655455763345187,0.214359955015708
1.18,0.2,390.639486742954,0.00193736322887489,0.924694408780648,0.650526491364935,0.219144985457877
1.19,0.2,390.940205563136,0,0.920233872508611,0.656201519835027,0.216782903409004
1.2,0.2,391.240655394178,0,0.923159999739908,0.654082726933129,0.215202173242919
1.21,0.2,391.540800000415,0,0.92331487828176,0.656514825939267,0.217647533952513
1.22,0.2,391.84060279741,0,0.923285921986459,0.655650183456023,0.2168629836695
1.23,0.2,392.140026864636,7.50834406581735e-05,0.924301242350868,0.652620263042519,0.211815232799582
1.24,0.2,392.439034958242,0.0017903614180514,0.923531863617461,0.656935266817271,0.215082035843913
1.25,0.2,392.737589523931,0.000871359397190984,0.923744756943002,0.655010708589825,0.214731956396549
1.26,0.2,393.035652709918,0.000340305461365037,0.925096754706547,0.655631551035185,0.214167529409818
1.27,0.2,393.333186379973,0,0.924454773761122,0.652807786021512,0.216096094547361
1.28,0.2,393.630152126541,0.0027280711376627,0.925110022473256,0.655870413557281,0.212893962187889
1.29,0.2,393.926511283936,0,0.9286870421429,0.653746040173953,0.214339845138876
1.3,0.2,394.222224941598,0.00165659341095689,0.926500696650723,0.653505345943324,0.213462316331267
1.31,0.2,394.517253957413,0,0.927445187129754,0.652438042902872,0.213940491403385
1.32,0.2,394.811558971082,0.00108021865010657,0.925093932881744,0.655487453929986,0.217899723763528
1.33,0.2,395.105100417544,0,0.924669420177565,0.652694828299786,0.213132993197344
1.34,0.2,395.39783854044,2.68537550851162e-05,0.924792334100186,0.654447449723158,0.215554391641546
1.35,0.2,395.68973340561,0.000164320055438749,0.927094145011094,0.654696536301202,0.21331736846781
1.36,0.2,395.980744914626,0,0.926318798402442,0.651954565093522,0.216570797901019
1.37,0.2,396.270832818353,0.000946762348172772,0.927760399686294,0.651258612278431,0.214468057753316
1.38,0.2,396.559956730522,1.19740486304906e-05,0.927394319016386,0.650257839497169,0.213814260069258
1.39,0.2,396.848076141328,3.46957079075874e-05,0.927208513662825,0.65213706713296,0.215057693389751
1.4,0.2,397.135150431027,0,0.925747861399762,0.652260291410601,0.213001906941775
1.41,0.2,397.421138883551,0,0.929298605266129,0.65445703922166,0.21848126880478
1.42,0.2,397.706000700108,0,0.924178444365226,0.652624709256214,0.215886397108034
1.43,0.2,397.989695012784,0.00138811803477745,0.928673233188443,0.650660062060936,0.21409406107097
1.44,0.2,398.272180898135,0.00136136047877113,0.930071755027445,0.651223938020699,0.216076022731001
1.45,0.2,398.553417390756,0,0.929646577505568,0.654328627341203,0.215543483848003
1.46,0.2,398.833363496835,0.00122438993675656,0.931930761732516,0.650656764513115,0.214306021667746
1.47,0.2,399.111978207677,0.000672722488771029,0.930901065708412,0.651075337660536,0.214808700075057
1.48,0.2,399.389220513201,0,0.93196560924028,0.649759718974935,0.216558998102119
1.49,0.2,399.6650494154,0.000728650729574877,0.929757672913087,0.652255626110441,0.214666047074497
1.5,0.2,399.939423941755,0.000501297781277488,0.930122407705871,0.650680316318314,0.216071282882642
1.51,0.2,400.212303158612,0,0.931276363433848,0.650503389816692,0.214011269680873
1.52,0.2,400.48364618451,0,0.92905860518894,0.649557497947688,0.216929741247373
1.53,0.2,400.753412203444,0.00120020746728052,0.932920982007647,0.652020675705785,0.216104398992322
1.54,0.2,401.021560478083,0.0019459726448921,0.932577287122715,0.653748494442457,0.218347732660939
1.55,0.2,401.288050362918,0.000441929160589714,0.931645969991477,0.649820742350842,0.213977760579647
1.56,0.2,401.552841317343,0,0.932167567483467,0.649231116649526,0.216464508647345
1.57,0.2,401.815892918672,0.0016026341590592,0.932053951165608,0.652283992742033,0.214410830419627
1.58,0.2,402.077164875069,0,0.931767460917255,0.646837987195706,0.215164682243551
1.59,0.2,402.336617038411,0.000422856390912737,0.932103404087444,0.6500602949733,0.213909829130767
1.6,0.2,402.594209417064,0.000529617131704954,0.933755204424572,0.649550574739357,0.215337508832025
1.61,0.2,402.849902188565,0,0.931618465571934,0.648324481838206,0.216755258193699
1.62,0.2,403.103655712227,0,0.933056160177453,0.649391998758648,0.213810150079826
1.63,0.2,403.35543054164,0,0.934501729153747,0.648263805618066,0.214902151088569
1.64,0.2,403.605187437076,0,0.935758016897195,0.649838677441304,0.214476372349885
1.65,0.2,403.852887377796,0,0.934048933331076,0.64922223220482,0.216507687604007
1.66,0.2,404.098491574251,0.00187857009480449,0.934243641110181,0.64828298073272,0.215428170596512
1.67,0.2,404.341961480172,0.000641541757043843,0.936095570790972,0.646486193923361,0.216159956713537
1.68,0.2,404.583258804555,0.000912528320737259,0.934955095023967,0.646878961356886,0.213103413104049
1.69,0.2,404.822345523524,0.000312448966870187,0.935653739644155,0.64985241892894,0.214970626310405
1.7,0.2,405.059183892083,0,0.935139459465515,0.647814819930131,0.214854745441071
1.71,0.2,405.293736455746,0,0.937050499560982,0.647066724394514,0.215492920791224
1.72,0.2,405.525966062039,0,0.936126494432608,0.648456691133649,0.214787903857888
1.73,0.2,405.755835871882,0,0.936275040401105,0.649013803212673,0.214840538490847
1.74,0.2,405.98330937084,0.000682572713789538,0.935893638568822,0.643902405588866,0.218400516244182
1.75,0.2,406.208350380236,0.000921399454957651,0.935435049839732,0.647213042391543,0.213792581873096
1.76,0.2,406.43092306814,0,0.936749167698879,0.647420307140089,0.215404386042261
1.77,0.2,406.650991960214,0,0.937771556215737,0.645903855438342,0.214195780935165
1.78,0.2,406.868521950417,0.000143116813199656,0.935468549995326,0.648945730036315,0.213837355411304
1.79,0.2,407.083478311569,0,0.940515280911062,0.647512662664015,0.216403710973591
1.8,0.2,407.295826705775,0.00145617566558692,0.936784340927931,0.648620360508336,0.212087448693841
1.81,0.2,407.505533194695,0,0.939013077740368,0.650604797567407,0.214543560745709
1.82,0.2,407.712564249669,0,0.937753284415915,0.645341843138613,0.215422607255119
1.83,0.2,407.916886761692,0.000368481480818538,0.938263224363394,0.646698587261952,0.212749320370067
1.84,0.2,408.118468051228,3.03870959754714e-05,0.937440317899245,0.645542097501196,0.214189370514247
1.85,0.2,408.317275877881,0.00252086855690179,0.940067590658758,0.645773929759476,0.214365975956221
1.86,0.2,408.5132784499,0.000609329021015487,0.939418755804668,0.645263963195797,0.21537676108746
1.87,0.2,408.706444433523,0,0.937729281460054,0.64949857438095,0.214044490758967
1.88,0.2,408.896742962168,0,0.938392131022174,0.645307069337086,0.216120002755901
1.89,0.2,409.084143645453,0.00134626679566341,0.938400243738242,0.643654533468015,0.21625349950787
1.9,0.2,409.26861657806,0.000867764106131891,0.939390864143188,0.647147777623479,0.214044855808446
1.91,0.2,409.450132348421,0,0.939443652917471,0.645685428236807,0.212062327726078
1.92,0.2,409.628662047247,0,0.940384034712201,0.64604347289524,0.215187953611842
1.93,0.2,409.804177275882,0,0.941411075470233,0.644282331933525,0.216309551558357
1.94,0.2,409.976650154485,0.000702392994247452,0.940705371316237,0.646577357765951,0.214869386553629
1.95,0.2,410.146053330045,0.000656816988559373,0.93838329493526,0.645375989667255,0.213818029993913
1.96,0.2,410.312359984215,0,0.939670869032939,0.645415419238774,0.214110138527222
1.97,0.2,410.475543840974,2.40156873250073e-05,0.938941217711155,0.642952605500677,0.214098241159042
1.98,0.2,410.635579174117,0,0.940496500113545,0.644821662182279,0.214212476746272
1.99,0.2,410.792440814557,0.00157754913561864,0.94145815876376,0.644111786698927,0.216915730455174
2,0.2,410.946104157456,2.25909949398107e-05,0.939443990183696,0.645011731041086,0.214276120443342
2.01,0.2,411.096545169174,0,0.939582106369879,0.640986539896377,0.214532156449541
2.02,0.2,411.243740394034,0.000135743457183929,0.938538614765459,0.645066422900535,0.215934853033095
2.03,0.2,411.387666960909,0.000697923609718097,0.942413497382132,0.64439303043551,0.214911372514629
2.04,0.2,411.528302589619,0.00204998785759834,0.942305716838133,0.64368840969389,0.216596045524484
2.05,0.2,411.665625597152,0,0.940759071592002,0.642017862653393,0.215546560005471
2.06,0.2,411.799614903692,1.75448324993412e-05,0.941446013370736,0.644090023133376,0.214174270744166
2.07,0.2,411.930250038465,0.000538215524134658,0.941579470896084,0.64330760681192,0.214514014689437
2.08,0.2,412.057511145396,0.000615709636167568,0.941369131604342,0.642391053770901,0.210683086193275
2.09,0.2,412.181378988581,0.000726029633367774,0.939447994462299,0.641120500384536,0.213143300298688
2.1,0.2,412.301834957562,0,0.942944156172642,0.645856391392092,0.217665033386065
2.11,0.2,412.418861072427,0,0.940565479887278,0.642884810464742,0.212128505686503
2.12,0.2,412.532439988703,0,0.939620400482347,0.646130538950309,0.21499266461605
2.13,0.2,412.642555002071,0.000673213470408727,0.940638012679372,0.644558455584244,0.21663526814274
2.14,0.2,412.749190052883,0,0.945142836379972,0.642542383092202,0.21213583832232
2.15,0.2,412.852329730488,0.000154234681708195,0.943552937929551,0.642010037098993,0.21422449570701
2.16,0.2,412.951959277368,0,0.944500810477368,0.642926522562329,0.217538632182237
2.17,0.2,413.048064593076,0,0.942443481392603,0.645853591200828,0.21506257548633
2.18,0.2,413.140632237984,0.00269739017399717,0.940903705804943,0.642658544696304,0.215925624112101
2.19,0.2,413.229649436835,0.000959567856439359,0.941118926776693,0.644446810209145,0.213131593881581
2.2,0.2,413.3151040821,0,0.942588087357795,0.643514435996414,0.21244970549782
2.21,0.2,413.396984737144,0,0.940929121828877,0.645057984435293,0.215923448849231
2.22,0.2,413.475280639189,0,0.941898769654827,0.64514316321953,0.214423055262239
2.23,0.2,413.549981702086,0,0.94009611870587,0.644777723798233,0.214227687509539
2.24,0.2,413.621078518894,0,0.942844574908456,0.642982964902242,0.216896524131609
2.25,0.2,413.688562364254,0.00129821072377352,0.942674580382562,0.643774989731519,0.214616951410701
2.26,0.2,413.752425196572,0,0.944838397017661,0.643748051585426,0.213212649207457
2.27,0.2,413.812659660006,0.00197771133078775,0.942011040655543,0.644625992749359,0.214404545635277
2.28,0.2,413.869259086252,0,0.942680223424248,0.642603583791242,0.217297371156808
2.29,0.2,413.922217496133,0.00175880933661974,0.942170357212929,0.643847898981414,0.213578090819088
2.3,0.2,413.971529600996,0.00081340611526002,0.94140299338377,0.643263926550047,0.216284090759841
2.31,0.2,414.017190803901,0.000340857023975967,0.94240169557442,0.646089673451658,0.214173348633542
2.32,0.2,414.059197200625,0,0.942163006056553,0.645617079300876,0.214542238140239
2.33,0.2,414.097545580453,0,0.945398588555114,0.642278026520417,0.214021089607211
2.34,0.2,414.132233426789,0.000460894158586875,0.943251011520368,0.644055543627068,0.218682418219444
2.35,0.2,414.163258917551,0,0.942012226107997,0.640412823119902,0.215075592005331
2.36,0.2,414.190620925381,0,0.944257917127787,0.642793017134827,0.214727826036217
2.37,0.2,414.21431901765,0.000252067525607879,0.942958808500201,0.644405044849788,0.216876194416034
2.38,0.2,414.23435345627,0,0.943360076108805,0.643341852524058,0.213393530177315
2.39,0.2,414.250725197302,0,0.943591570966673,0.64406906164594,0.213809495824514
2.4,0.2,414.263435890373,0.000916521790351564,0.942345959581324,0.645854014000704,0.213629696306906
2.41,0.2,414.27248787789,0,0.942713723636992,0.644759801181345,0.216790264312928
2.42,0.2,414.27788419406,0.00136450089692339,0.943869598256023,0.644232666683042,0.213194381970759
2.43,0.2,414.279628563707,0.000291134807669714,0.9435734383743,0.644056546103209,0.21346006788604
2.44,0.2,414.277725400904,0.00151244031760349,0.94246506360398,0.643080090280259,0.215046407408113
2.45,0.2,414.272179807392,0.00312411148393995,0.941467810946017,0.643274077522291,0.214789540626576
2.46,0.2,414.262997570814,0.00124518313597777,0.943892136617427,0.644561793691735,0.216399171676401
2.47,0.2,414.250185162748,0.000461557978150398,0.945357578962078,0.645273845743193,0.215772771620795
2.48,0.2,414.233749736545,0,0.94216039312781,0.646582791688285,0.21479435052488
2.49,0.2,414.213699124973,9.1526708403417e-05,0.943709267736246,0.645136719436516,0.21493267173482
2.5,0.2,414.190041837658,0,0.94036533453851,0.6422594839269,0.21467676843043
2.51,0.2,414.16278705834,0,0.944872882275506,0.644319395815419,0.214771323497099
2.52,0.2,414.131944641929,0.000808791890371396,0.942700925140008,0.643448750826517,0.216301120636116
2.53,0.2,414.097525111367,0.001206493543879,0.940306788166248,0.64487619526299,0.218212554236045
2.54,0.2,414.059539654294,8.64006148422761e-06,0.941754865331505,0.644696473554293,0.215524945318241
2.55,0.2,414.018000119527,0.00062085125195393,0.941750477400074,0.643973138139205,0.211854355507582
2.56,0.2,413.972919013343,0.00211656429823566,0.944029064208991,0.644983425497324,0.213469973837126
2.57,0.2,413.924309495566,0,0.946308041739334,0.642813659699261,0.212630182288846
2.58,0.2,413.872185375467,0,0.944341922294971,0.644534987477091,0.214635293075285
2.59,0.2,413.816561107475,0,0.942428892310068,0.64404721232737,0.214225504723493
2.6,0.2,413.757451786691,0.00120274810830589,0.941826981990334,0.64671480671141,0.212225363823739
2.61,0.2,413.694873144215,0,0.940640941171922,0.643469219088853,0.213645474336655
2.62,0.2,413.628841542289,0.00177152584525525,0.943876544718283,0.643164655004493,0.215901600681076
2.63,0.2,413.559373969246,0.00146497240858267,0.94346455562849,0.645372889714485,0.211664207662677
2.64,0.2,413.486488034272,2.53787357203586e-05,0.942074797508473,0.644191344648788,0.214712339015445
2.65,0.2,413.410201961984,0.000200436444933598,0.941719237032005,0.646408163840239,0.213134695601533
2.66,0.2,413.330534586822,0.00181535191373346,0.944360215848832,0.642993868387227,0.217242241204467
2.67,0.2,413.247505347253,0,0.94549273926794,0.643062422360053,0.216003615672445
2.68,0.2,413.161134279799,0,0.943750664024561,0.647261860005591,0.216807345987454
2.69,0.2,413.071442012868,0.00269576248541992,0.944180391808439,0.64435946519121,0.21433347630354
2.7,0.2,412.978449760419,0,0.942259613352346,0.645022367707478,0.214494717495058
2.71,0.2,412.882179315438,0.00151357854009372,0.943390414499681,0.646872250761337,0.214307365674819
2.72,0.2,412.782653043233,0,0.945460418473413,0.64679168749797,0.215960386309403
2.73,0.2,412.679893874555,0.000796380767566471,0.943465937195098,0.645569888871593,0.213559629639987
2.74,0.2,412.573925298537,0.000653589341265771,0.94386732995862,0.64628368105193,0.213757420106121
2.75,0.2,412.464771355464,0,0.944064226679113,0.644851553715149,0.211359564117709
2.76,0.2,412.352456629358,0,0.94447635660533,0.645150923023628,0.215908894279387
2.77,0.2,412.237006240402,0,0.94093314014332,0.647039579198267,0.21506625481797
2.78,0.2,412.118445837178,0,0.94351268972135,0.64757297873064,0.213805776463283
2.79,0.2,411.996801588746,0.00115368409408154,0.942853417104695,0.643932734679662,0.216436783365104
2.8,0.2,411.872100176549,0.00183468116954797,0.939855055478775,0.643894057244359,0.215173581835922
2.81,0.2,411.744368786148,0.0014915594579953,0.942416495592788,0.647109383476917,0.213831638587101
2.82,0.2,411.613635098796,0,0.942422867262243,0.64667109024847,0.213007093939405
2.83,0.2,411.479927282845,0,0.941630234029898,0.647494141156598,0.217078772523048
2.84,0.2,411.343273984989,0,0.940866924119767,0.644839275990925,0.214611035614349
2.85,0.2,411.203704321347,0,0.944668118868747,0.647346167457123,0.216546663538654
2.86,0.2,411.061247868391,0.000985740150704329,0.942434537169481,0.647139444767491,0.213535647517909
2.87,0.2,410.915934653705,0.000852712535697391,0.940400517709551,0.647122860567851,0.21791123166292
2.88,0.2,410.767795146606,0,0.94119402977346,0.646719606941919,0.21662933906508
2.89,0.2,410.616860248596,0,0.940572954013426,0.646100152122948,0.214522125619033
2.9,0.2,410.463161283666,0,0.941936716972253,0.647244203997576,0.214747594856068
2.91,0.2,410.306729988461,0,0.941149338487854,0.646959329929944,0.215794325942234
2.92,0.2,410.147598502284,0.000937667656662266,0.941717650439125,0.647679727251692,0.216177651117878
2.93,0.2,409.985799356962,0,0.939635141394421,0.648452362259505,0.216708493819893
2.94,0.2,409.821365466569,0.00219041909446946,0.941193078505602,0.648465780186108,0.215967704609096
2.95,0.2,409.654330117008,0.00160148387253314,0.941834097217374,0.649585040378924,0.217340671892091
2.96,0.2,409.484726955455,9.74767461145437e-05,0.94169548796213,0.651700115807584,0.213687371909946
2.97,0.2,409.312589979667,0,0.939841262885066,0.646420998779723,0.217380483491828
2.98,0.2,409.137953527161,0,0.93985707454643,0.649341571117755,0.215186315114458
2.99,0.2,408.960852264254,0,0.940312898515851,0.649429197871644,0.214162225381143
3,0.2,408.781321174984,0,0.941311813699023,0.650341198175861,0.214058241756511
3.01,0.2,408.599395549904,0,0.941116713645612,0.647974934843211,0.217072276633273
3.02,0.2,408.415110974754,0,0.93895640097439,0.647663202668522,0.214306417804386
3.03,0.2,408.228503319007,0.00247978263168046,0.940110596594484,0.649429267674587,0.215668075281292
3.04,0.2,408.039608724313,0,0.939222164766439,0.648990122946227,0.21333179097135
3.05,0.2,407.848463592816,0,0.940183814426519,0.64893025265188,0.216779345028567
3.06,0.2,407.655104575368,0,0.939267899040789,0.648288650550108,0.213938304965106
3.07,0.2,407.459568559638,0,0.94028067905606,0.648788140991748,0.213743912891372
3.08,0.2,407.261892658111,0,0.939904607707771,0.649862861984501,0.213394073837667
3.09,0.2,407.06211419599,0,0.939274449010135,0.651626627650436,0.215061014718713
3.1,0.2,406.860270699006,0,0.937290401557949,0.650659616871271,0.214989927029064
3.11,0.2,406.656399881123,0.000233165972842991,0.938622936698335,0.650325910560006,0.2157836953789
3.12,0.2,406.450539632168,0.00150367391446652,0.935895869878509,0.651099596476164,0.215009343557285
3.13,0.2,406.24272800536,0.000329299246606079,0.938303946653959,0.647635375753239,0.215394562412682
3.14,0.2,406.033003204771,0.00051747300244626,0.936869609894306,0.648593253100893,0.213384608643358
3.15,0.2,405.821403572692,0.00370649529018986,0.935767217066481,0.64999462103467,0.215631437087857
3.16,0.2,405.607967576942,0.000569750900659527,0.936722836364438,0.649765223213302,0.214911306479624
3.17,0.2,405.392733798092,0,0.937939920765326,0.649366594756153,0.213614618227889
3.18,0.2,405.175740916629,0,0.940010063861214,0.64859372694109,0.214890679337919
3.19,0.2,404.957027700053,0.00200686389598258,0.937114568303481,0.648563775367091,0.214477010433904
3.2,0.2,404.736632989924,0,0.937839767719507,0.650109954482769,0.215018921818556
3.21,0.2,404.51459568884,0,0.938369123717335,0.649669134050082,0.213212903543181
3.22,0.2,404.29095474738,5.56024582689947e-06,0.935953696405111,0.65134875564251,0.214304618594394
3.23,0.2,404.06574915099,0,0.938225166412695,0.651850884091343,0.215549600388473
3.24,0.2,403.839017906834,0,0.93566151487586,0.652203702587709,0.214894605160071
3.25,0.2,403.610800030604,0.000207854004317927,0.939946756007144,0.650366432257031,0.215360108945993
3.26,0.2,403.381134533302,0.00173940738848587,0.933765276379878,0.655269866927236,0.21390937857278
3.27,0.2,403.15006040799,0.000290241146109268,0.936298584195574,0.652137517712266,0.217055796365712
3.28,0.2,402.917616616519,0.000757328305030991,0.933181723177506,0.653365925426223,0.2149714632448
3.29,0.2,402.68384207624,0.00120267529326943,0.935961677244274,0.651547345316877,0.217527875248418
3.3,0.2,402.448775646703,0.00236972926020478,0.933813865057509,0.648792149797081,0.21599753195883
3.31,0.2,402.212456116342,0,0.936375018350318,0.650899176217762,0.214816097459673
3.32,0.2,401.974922189161,0,0.938012320725152,0.650710512956214,0.210684393578321
3.33,0.2,401.736212471426,0.000698512694989442,0.93607274659935,0.653694084738729,0.214710897082127
3.34,0.2,401.496365458349,0,0.93305496946239,0.651143744751195,0.214152685671319
3.35,0.2,401.2554195208,0,0.935020903812315,0.652884473763913,0.216520254036995
3.36,0.2,401.013412892027,0,0.933728957809985,0.65146660229648,0.212854517745134
3.37,0.2,400.770383654399,0.000200039426653742,0.932018484764176,0.652265534320925,0.214864503225153
3.38,0.2,400.526369726175,0,0.933630496428954,0.654109391793866,0.214237311365226
3.39,0.2,400.281408848315,0,0.936114025112936,0.65204525913276,0.213859007208721
3.4,0.2,400.035538571313,0,0.929202471352084,0.653140398771946,0.216437557078346
3.41,0.2,399.78879624209,0.000158463156929224,0.93209705461306,0.65417907512413,0.215287490703711
3.42,0.2,399.541218990924,0,0.931444654914047,0.655936273154027,0.216524495385025
3.43,0.2,399.292843718441,0.000786005470112511,0.93559334631983,0.653610137953263,0.214016791146798
3.44,0.2,399.043707082665,0.000524675820457815,0.934080554271494,0.652087352241444,0.215269103722659
3.45,0.2,398.793845486131,0,0.929502283540302,0.653846095678682,0.214490779652561
3.46,0.2,398.543295063072,0,0.931355679979755,0.654992747444699,0.214940574552176
3.47,0.2,395.424408382562,0.000922079324650226,0.9315148075062,0.655004940273544,0.213693302751634
3.48,0.2,388.904878285756,0.00648039346253368,0.929945011453463,0.653974356650585,0.213749358673473
3.49,0.2,382.914766465281,0.00744429031666747,0.930202544188816,0.651986340993443,0.214794509444275
3.5,0.2,377.854055982465,0.00948072394234127,0.930789415997476,0.655250890678177,0.214911778124077
3.51,0.2,373.131662854717,0.0130838467073918,0.931919639423732,0.654776323238311,0.214864912698728
3.52,0.2,368.545861524205,0.013542841288276,0.932984764826335,0.653937812692025,0.213838316796112
3.53,0.2,364.038302884,0.0180081876160898,0.928551114213858,0.654567373640725,0.215928417406237
3.54,0.2,359.592332765382,0.0213087110443255,0.931327591419649,0.654428798705952,0.213926979051538
3.55,0.2,355.20295660688,0.0245115804870522,0.929132690218428,0.654608044669774,0.214889027777062
3.56,0.2,350.868413540096,0.0228938706458138,0.92746706919436,0.654933410343544,0.21554151852909
3.57,0.2,346.58783710164,0.0259728805002833,0.928185561277667,0.655837904575801,0.216524746328769
3.58,0.2,342.360607574272,0.0301896496847013,0.928549541401261,0.653023636337885,0.215725223404925
3.59,0.2,338.186172967618,0.0309306671360038,0.9279460717305,0.655309768648801,0.219125839611135
3.6,0.2,334.063999667567,0.0348371975239356,0.928850122638801,0.652297225769154,0.217322158553972
3.61,0.2,329.993558932206,0.036592955816571,0.926089837921774,0.655185957437052,0.215896625543034
3.62,0.2,325.974323288212,0.0396469914636971,0.9269664708931,0.654916480718326,0.213352162728647
3.63,0.2,322.005765657812,0.0426728830102619,0.928610146772622,0.656391851008952,0.215213966211211
3.64,0.2,318.087359236503,0.0436762906729447,0.9236542500644,0.655561042955077,0.216962206465046
3.65,0.2,314.218577575213,0.0444292192947012,0.92790558312854,0.657498191454637,0.21741215160857
3.66,0.2,310.398894716252,0.0463284875038576,0.92670660603116,0.654902643687189,0.213458592662393
3.67,0.2,306.627785341526,0.0507762269500046,0.92830721188446,0.65517296064327,0.213980192893118
3.68,0.2,302.904724921571,0.0493262545480055,0.92667308919561,0.652596468427067,0.21618641162405
3.69,0.2,299.229189862229,0.0543273152183339,0.926629806576319,0.658666125622669,0.215260222430266
3.7,0.2,295.600657648104,0.0567080522638752,0.925282589501847,0.65494343600024,0.215445926202031
3.71,0.2,292.018606982539,0.0600005608706013,0.923587931466473,0.653756938630555,0.214741907112901
3.72,0.2,288.482517924042,0.0583828435435117,0.923101603048526,0.65658711396224,0.216729163360994
3.73,0.2,284.991872019142,0.0650457035480927,0.924570366732583,0.657667645158177,0.215455202232528
3.74,0.2,281.546152431665,0.066630023822904,0.924682405857117,0.65496198489973,0.216271223823413
3.75,0.2,278.144844068439,0.0671254715696563,0.925698828649485,0.653504271150838,0.215882253081824
3.76,0.2,274.787433701432,0.0716127791997511,0.922931345001941,0.659261308706962,0.214298075207564
3.77,0.2,271.473410086323,0.0709549985091527,0.924816269573107,0.657591827510881,0.212975403477809
3.78,0.2,268.202264077541,0.0765518676588024,0.923040214184519,0.655625298188573,0.216432296258792
3.79,0.2,264.973488739763,0.0785593141005538,0.921289087691348,0.656281144458203,0.214090260580501
3.8,0.2,261.786579455904,0.0789530787556315,0.923123704676529,0.658008974948282,0.215046939489831
3.81,0.2,258.641034031629,0.0827253993978084,0.920358944543091,0.654692629972484,0.215171324402645
3.82,0.2,255.536352796385,0.0846065739412672,0.921603168825456,0.656837298577649,0.216111040733741
3.83,0.2,252.472038701007,0.0871433108475493,0.918951866093815,0.655993361014782,0.214894668706285
3.84,0.2,249.447597411917,0.0906751323867255,0.921080840060966,0.65812953493483,0.212930678438377
3.85,0.2,246.462537401939,0.0926259701311368,0.922738909122313,0.655979046612424,0.213925050474121
3.86,0.2,243.516370037778,0.0961344208383602,0.917751010903216,0.656605631355266,0.216028358916116
3.87,0.2,240.608609664194,0.0966458468301218,0.917781372462594,0.657687870625547,0.21471135009431
3.88,0.2,237.7387736849,0.0963752065704308,0.919603336758831,0.654891694950648,0.214248744913057
3.89,0.2,234.906382640239,0.0995220265607555,0.918524838410075,0.65721908754733,0.21276447454037
3.9,0.2,232.110960281664,0.103945106374473,0.916836120424572,0.657606308109879,0.215736616199105
3.91,0.2,229.352033643083,0.104392651430993,0.921650542323202,0.655405757597099,0.212346607286778
3.92,0.2,226.629133109093,0.106608775516838,0.921046160021996,0.656941840453379,0.212407486505822
3.93,0.2,223.941792480162,0.10949157024671,0.916959335054777,0.656289743228293,0.212873953256116
3.94,0.2,221.289549034805,0.1110830501669,0.920419121287115,0.654862750208819,0.218505961369567
3.95,0.2,218.67194358879,0.113658942157501,0.918527000959765,0.657310352641903,0.21466829355897
3.96,0.2,216.08852055144,0.11377055973449,0.917481945426816,0.654862099485194,0.217534935131736
3.97,0.2,213.538827979068,0.116776092873399,0.918340811053583,0.655454265813342,0.212835336840351
3.98,0.2,211.022417625598,0.119207214011498,0.91320056086556,0.655522361920559,0.217188056469703
3.99,0.2,208.538844990432,0.12384130390366,0.914449869553995,0.657504354587091,0.215941431873611
4,0.2,206.087669363595,0.123217311837991,0.915559422881077,0.657511808063221,0.215985467610958
4.01,0.2,203.66845386824,0.128191447283311,0.914248978672816,0.656406037000913,0.213339875636615
4.02,0.2,201.280765500535,0.125628657005436,0.914343159775075,0.655697042685969,0.21271729432149
4.03,0.2,198.924175167006,0.129929087840869,0.914855856929821,0.656536703086039,0.215986728174127
4.04,0.2,196.598257719388,0.136245036596674,0.913293686926792,0.658220626310406,0.21797684803091
4.05,0.2,194.302591987021,0.136777381291959,0.913787125019046,0.657265770821446,0.214993463194667
4.06,0.2,192.03676080687,0.137839466466057,0.915421019330927,0.656220857678097,0.214288402222373
4.07,0.2,189.800351051202,0.139984315292172,0.91188354973658,0.656253827183264,0.216760662088514
4.08,0.2,187.592953652988,0.142256043617136,0.913965592274928,0.656644695707379,0.2137218524642
4.09,0.2,185.414163629074,0.147037448075821,0.91052280927368,0.653662062898134,0.2156972038557
4.1,0.2,183.263580101185,0.144981467449014,0.909916762432845,0.657458861008755,0.214818650675436
4.11,0.2,181.140806314805,0.14973145666317,0.910542017735102,0.656161635000715,0.214059627940119
4.12,0.2,179.045449655997,0.151714114309688,0.910833778434528,0.656995270192904,0.214973629914185
4.13,0.2,176.977121666207,0.152263110329273,0.910494676592796,0.656321294928791,0.216630845450826
4.14,0.2,174.93543805511,0.157192319620345,0.911458134758436,0.654629167145438,0.21404914895214
4.15,0.2,172.920018711557,0.159952106666376,0.910481074263985,0.658241607648991,0.214485238203697
4.16,0.2,170.930487712653,0.160785297072568,0.907755823746826,0.655770983934078,0.216443144211166
4.17,0.2,168.966473331049,0.162168339859734,0.91054766127571,0.65492426971685,0.213895458697333
4.18,0.2,167.02760804047,0.164982156179683,0.910629385814386,0.65573701088053,0.216408293621906
4.19,0.2,165.113528519549,0.167160264564142,0.909921786429393,0.657717767850081,0.2141467965816
4.2,0.2,163.223875654006,0.167934582402639,0.910173653676285,0.657312121817833,0.215279937857292
4.21,0.2,161.358294537229,0.171096135617064,0.907728852687585,0.654162993337174,0.214373726301437
4.22,0.2,159.516434469298,0.174817837961837,0.908766659880374,0.656100344081341,0.216198323013104
4.23,0.2,157.697948954504,0.174903915910135,0.907970024181002,0.655042475823375,0.216449501352005
4.24,0.2,155.902495697416,0.178749155333887,0.904913542896576,0.654903900479612,0.215339284524755
4.25,0.2,154.129736597526,0.181518552022647,0.903419570085077,0.656811525700496,0.214835938954228
4.26,0.2,152.379337742537,0.181108347609865,0.90609293983611,0.653216382365759,0.21324049350188
4.27,0.2,150.650969400322,0.185241974234434,0.904384546895379,0.655147224189273,0.214570120426748
4.28,0.2,149.100994072691,0.186094878198942,0.903584909394879,0.653226154286704,0.217380747940022
4.29,0.2,147.829782155304,0.187719948390642,0.905105830789939,0.655190646244552,0.213914692387462
4.3,0.2,146.661567319318,0.189740810252426,0.902443183352099,0.65429287125969,0.217859670752846
4.31,0.2,145.565647140155,0.191657930880649,0.902999678631397,0.656641037526548,0.216193265707854
4.32,0.2,144.801909429474,0.190261091294589,0.904543442961308,0.655984754734929,0.215340990597107
4.33,0.2,144.229552417891,0.192530886748885,0.903090005454363,0.655010547185035,0.21540036811355
4.34,0.2,143.715432204244,0.193041962826196,0.901186475556261,0.654922989515312,0.218815527702088
4.35,0.2,143.221492225547,0.192179846860931,0.904838968714713,0.655998385839896,0.217118898859849
4.36,0.2,142.738468334157,0.193203295723435,0.904247188248584,0.653801009042035,0.212207872709643
4.37,0.2,142.260413617242,0.196256268217273,0.901520966375638,0.652447699183057,0.214722819265089
4.38,0.2,141.785604985062,0.194861640369141,0.898357528727144,0.654918091068733,0.214105279545139
4.39,0.2,141.315356907058,0.195842945642272,0.900765862724809,0.654938018775135,0.215886457007933
4.4,0.2,140.848576274603,0.196828897301628,0.900956200423993,0.651628925283461,0.216685898726955
4.41,0.2,140.384286806521,0.19847009413534,0.899436232945176,0.654320666488267,0.215796776037565
4.42,0.2,139.93068486876,0.196746687870521,0.898881146928975,0.652456811879726,0.217184204389746
4.43,0.2,139.493360704049,0.198300645931117,0.900020048056819,0.652323019580034,0.216516921690634
4.44,0.2,139.062854285418,0.197427867996325,0.898954256756568,0.655076793833833,0.215784905026956
4.45,0.2,138.642800865964,0.19590894690872,0.897214121904654,0.652578694720985,0.214505979782414
4.46,0.2,138.288080472224,0.199069372576575,0.898136995994559,0.651087753993993,0.214792798392626
4.47,0.2,137.971806428198,0.197289574153124,0.897608649222244,0.656262869343278,0.216371846007274
4.48,0.2,137.667602743621,0.199200418750501,0.89588587321539,0.650597972220108,0.212944634531606
4.49,0.2,137.392625765485,0.203127366937275,0.896853386545818,0.652262273176339,0.210971774935177
4.5,0.2,137.16174157307,0.202173113406059,0.895956807196607,0.654480587763404,0.215192446396095
4.51,0.2,136.946544682395,0.199525985738591,0.893983240046491,0.654153981978861,0.216217564100571
4.52,0.2,136.738137287749,0.200716007582793,0.891678208026441,0.652908715031807,0.212636716165837
4.53,0.2,136.549615542116,0.201029005378069,0.891836421419747,0.649765161830969,0.215636583308756
4.54,0.2,136.372460960926,0.201192682359068,0.895453224016195,0.649779579967856,0.214128971168751
4.55,0.2,136.198794809225,0.199413458518574,0.894751614215177,0.652445720469603,0.213905564866333
4.56,0.2,136.026148541462,0.200448442143394,0.894480658013926,0.651312896931545,0.213657807515116
4.57,0.2,135.853808465833,0.200067738987364,0.893302758737928,0.651761680666139,0.212914607178109
4.58,0.2,135.681545778963,0.199936964035291,0.894395473268947,0.651995200526769,0.21480845831831
4.59,0.2,135.509261592415,0.203128235310619,0.892280070468699,0.653744016423359,0.214824041728836
4.6,0.2,135.336891499483,0.202053239238359,0.890779861235506,0.65257159834079,0.215415552246305
4.61,0.2,135.164380128161,0.203886301045719,0.890999239538997,0.653339380786569,0.215354327087473
4.62,0.2,134.991674380011,0.202172843716706,0.894095983892861,0.651593404117864,0.215300059636162
4.63,0.2,134.818721650551,0.201073244575846,0.893798309714722,0.65102280371793,0.216189060458895
4.64,0.2,134.645469378118,0.203467281547755,0.893046457885368,0.650609649965745,0.217740287320656
4.65,0.2,134.471864947358,0.199363047604647,0.891731329045954,0.650465049572773,0.215089926839801
4.66,0.2,134.29785568751,0.201271894896477,0.889145280782303,0.650084053619577,0.214711859557351
4.67,0.2,134.123388896151,0.201452656752035,0.889996064784372,0.651253084181754,0.214398614600382
4.68,0.2,133.948411869833,0.202976004637216,0.888228498558984,0.650801411618049,0.21556401434824
4.69,0.2,133.772871936669,0.20225020521285,0.88866191057736,0.652371388703473,0.215514989499187
4.7,0.2,133.596716489504,0.205930457611923,0.887061154794392,0.653219143830204,0.215623170206596
4.71,0.2,133.419893019324,0.203450850401142,0.887893187303755,0.651756478467202,0.214492573016381
4.72,0.2,133.242349148775,0.204256906842807,0.886469965249126,0.64900654373183,0.2147925899789
4.73,0.2,133.06403266576,0.202421472136827,0.886773205341919,0.649239709923222,0.215452791085779
4.74,0.2,132.884891557093,0.201143891412443,0.886374061753471,0.648096070206138,0.215762839076895
4.75,0.2,132.704874042182,0.203249835919247,0.886933419622904,0.650830246824061,0.215335076770365
4.76,0.2,132.523928606732,0.206354019079254,0.885653580906294,0.649923562616673,0.214554830195623
4.77,0.2,132.34200403645,0.202643110673902,0.882817864059426,0.65039835123351,0.213457882683731
4.78,0.2,132.159049450721,0.20387199779651,0.883776988823322,0.647741259733057,0.2143589298327
4.79,0.2,131.975014336258,0.204746388445507,0.886868038338003,0.649687609861473,0.214661217544926
4.8,0.2,131.789848580689,0.203979850477848,0.882791328821894,0.650133356540404,0.214214670195682
4.81,0.2,131.603502506068,0.205660124040845,0.882434802902418,0.649662045497178,0.215731492792161
4.82,0.2,131.415926902289,0.204895767954764,0.880460807283226,0.647944484495793,0.215346585257815
4.83,0.2,131.227073060385,0.204252970788576,0.879630146567873,0.649330009454834,0.215307108404091
4.84,0.2,131.036892805691,0.202558584660695,0.882546431581982,0.649660957523396,0.216275044360366
4.85,0.2,130.84533853084,0.204959135602128,0.882797044290412,0.649122592727121,0.214978814655315
4.86,0.2,130.652363228589,0.203711674364334,0.882595282131658,0.648041882744339,0.213782694479727
4.87,0.2,130.457920524438,0.204477917139492,0.880996374226447,0.650747276204534,0.21673991750302
4.88,0.2,130.26196470902,0.204851064359987,0.88114491072881,0.646482220760918,0.216705510909195
4.89,0.2,130.064450770253,0.206456185835686,0.877948495559603,0.647395487107742,0.216013293582476
4.9,0.2,129.865334425216,0.205712479731812,0.879626845376514,0.64597891977979,0.214531940792555
4.91,0.2,129.664572151733,0.208517775848534,0.877607378577798,0.650277894307103,0.213400399719106
4.92,0.2,129.462121219643,0.207789017781991,0.878338533112917,0.64697198848368,0.215089541079135
4.93,0.2,129.257939721731,0.205887954593816,0.87854689792622,0.648026670464803,0.215025986408726
4.94,0.2,129.051986604291,0.2053231859789,0.878931527146405,0.650447868397251,0.211863611973708
4.95,0.2,128.84422169731,0.205678257185171,0.87674171439827,0.648294816683268,0.216646965246471
4.96,0.2,128.634605744238,0.207514262957726,0.877680136025374,0.646902671606285,0.215392176760804
4.97,0.2,128.423100431321,0.209096970401441,0.874499787080002,0.647806400847962,0.213889625985861
4.98,0.2,128.209668416483,0.207003790091298,0.875091768195984,0.644492669045434,0.215314570496517
4.99,0.2,127.994273357717,0.208157907922506,0.876414669808388,0.646327098255685,0.215878068792466
5,0,127.776879940985,0.209234706272522,0.874447523924221,0.646725718113559,0.213195483011556
5.01,0,127.55745390757,0.207901014418563,0.873094448276902,0.648360749174463,0.218037435047626
5.02,0,127.335962080892,0.207517403989859,0.874239501750131,0.646633418172483,0.217750277933206
5.03,0,127.112372392737,0.20917830590146,0.870647017985808,0.649433909411938,0.215880827961614
5.04,0,126.886653908896,0.209820119423142,0.873236259281736,0.648040873899245,0.214874062787419
5.05,0,126.658776854167,0.208366229836847,0.876568253730748,0.645861604334977,0.21354341748717
5.06,0,126.428712636731,0.210063510532916,0.872375989562054,0.645454291717551,0.216241728002648
5.07,0,126.196433871843,0.209039197416569,0.871630805785357,0.64567118672383,0.21683005947901
5.08,0,125.961914404844,0.207656526664203,0.871083137491901,0.645771052651138,0.216857236292035
5.09,0,125.725129333457,0.213262987616054,0.870700699701196,0.6432508270164,0.216727331255893
5.1,0,125.486055029352,0.211384205523188,0.870759827614035,0.645983284265423,0.215502700013569
5.11,0,125.244669158953,0.210252714738245,0.868625054917416,0.644635417868765,0.218305767160914
5.12,0,125.000950703477,0.210796862757065,0.870829156492673,0.643995922425317,0.216209093682817
5.13,0,124.754879978174,0.212028118218111,0.871409126581996,0.647867680112057,0.212994286112295
5.14,0,124.506438650757,0.210603005739471,0.870283359549059,0.645070500644305,0.212733733063982
5.15,0,124.255609758996,0.210023963681598,0.86943278801236,0.645515775830057,0.21511124975865
5.16,0,124.002377727461,0.212326101967637,0.868098164286382,0.644666548542101,0.214984509531288
5.17,0,123.746728383407,0.212778029676363,0.868376704539275,0.645554055238465,0.2168224704125
5.18,0,123.488648971757,0.212320638929144,0.868358216698374,0.644868621107556,0.214628872161692
5.19,0,123.228128169202,0.212161567808452,0.866912973476499,0.643069408979873,0.212483264171921
5.2,0,122.965156097371,0.212129270161551,0.866186462915886,0.64446164167258,0.219434155929247
5.21,0,122.69972433508,0.211552154954384,0.864413054916401,0.644772384301591,0.21170708429278
5.22,0,122.431825929629,0.213842665452901,0.863876350359298,0.645072691521368,0.214508069857305
5.23,0,122.161455407151,0.212037237097647,0.863545453266367,0.642444250021629,0.213368057716294
5.24,0,121.88860878198,0.217985365908328,0.86310887813926,0.644858678827341,0.2153795301593
5.25,0,121.61328356505,0.21406561201918,0.862670482860723,0.645859990090587,0.214804128912755
5.26,0,121.335478771298,0.214840181724125,0.863763296950822,0.644408882618755,0.215225372629294
5.27,0,121.055194926066,0.214115319221144,0.864365962884341,0.641956554546921,0.218195636459263
5.28,0,120.772434070502,0.215266913184855,0.864369163290941,0.641983483714594,0.213672206208163
5.29,0,120.487199765939,0.214442065503176,0.865308277843881,0.643898338819529,0.21758735774716
5.3,0,120.199497097256,0.214660681289531,0.861612569560397,0.644144285179053,0.213805022668388
5.31,0,119.909332675216,0.215130476041852,0.861096669002614,0.643687482417229,0.213926028717953
5.32,0,119.616714637763,0.214642216845512,0.860287110108024,0.644453780407931,0.214344163691773
5.33,0,119.321652650304,0.215255608817454,0.859973109193611,0.644902406096233,0.212380040720864
5.34,0,119.024157904936,0.218009649506845,0.860496660974019,0.642826349904641,0.214069437624231
5.35,0,118.724243118649,0.215767867479576,0.859317408423416,0.644830682134015,0.214664491696728
5.36,0,118.421922530492,0.218663856868538,0.86048641850674,0.644237998145262,0.21603502463198
5.37,0,118.117211897702,0.218613582852464,0.860606321168649,0.642648049692975,0.213499496569967
5.38,0,117.810128490799,0.220249352618936,0.859605429985714,0.641861461480575,0.21528678526747
5.39,0,117.500691087663,0.216593887442968,0.859902247152889,0.645758844823953,0.213884170488152
5.4,0,117.188919966573,0.215213483549212,0.859757364182318,0.643806304027819,0.215337354808264
5.41,0,116.87483689824,0.220313131132811,0.854450036866275,0.643321922269532,0.215476669764447
5.42,0,116.558465136826,0.21973389215845,0.856868024868601,0.644158431432291,0.217400171659136
5.43,0,116.23982940996,0.22215923157013,0.855120377591007,0.644360364981004,0.214651855711941
5.44,0,115.918955907757,0.219661557201955,0.855864827179366,0.642437278875269,0.21241363214288
5.45,0,115.595872270864,0.220585485613918,0.855418433691163,0.643107373796418,0.213821163797491
5.46,0,115.270607577527,0.220599329048755,0.856207429211546,0.643098286572506,0.215146602021244
5.47,0,114.9431923297,0.220982728995261,0.855283105760494,0.643754571959531,0.21590561320646
5.48,0,114.613658438211,0.221015191693098,0.854578106526872,0.641126548999815,0.214779089841957
5.49,0,114.282039206997,0.222902717545407,0.854532631051063,0.645559619396444,0.21353210563139
5.5,0,113.948369316424,0.222554167515987,0.853920489787134,0.641157206011914,0.214739778874956
5.51,0,113.612684805712,0.222914287902544,0.850926851975333,0.64324912422467,0.215067846671182
5.52,0,113.275023054472,0.222259973078085,0.854958159011665,0.64391963285727,0.216564728490036
5.53,0,112.935422763392,0.22603433005848,0.853266341068135,0.643706929726609,0.21618758621708
5.54,0,112.593923934071,0.223143491739977,0.853784028198695,0.644087634896751,0.214666543298229
5.55,0,112.250567848042,0.224651035063304,0.852883858057661,0.64192155038584,0.214550845806175
5.56,0,111.905397044989,0.226059380821072,0.849451757051479,0.642470175834884,0.21567423542653
5.57,0,111.558455300187,0.225351469445477,0.851619583474489,0.643164837954318,0.211116354332429
5.58,0,111.209787601192,0.226903394093072,0.850664755007599,0.645500883764978,0.214524983837558
5.59,0,110.859440123799,0.227278539796722,0.849270257432995,0.642800313794322,0.214896723582876
5.6,0,110.507460207293,0.225148914085254,0.850679543842092,0.644970969746473,0.215009048531014
5.61,0,110.153896329028,0.22781904664298,0.849071041000126,0.641397562409093,0.215080925975297
5.62,0,109.798798078343,0.225403139762709,0.848024245395333,0.643909095591217,0.21514525394
5.63,0,109.442216129861,0.230422041160011,0.847825759020694,0.64593940019781,0.213823935340082
5.64,0,109.084202216184,0.227387721911637,0.850268379970959,0.644187357192682,0.215757636867773
5.65,0,108.724809100023,0.230349394179349,0.847698117366928,0.643107561134716,0.214686053780284
5.66,0,108.36409054578,0.231959458419303,0.846129099237044,0.644728276405018,0.213664846632532
5.67,0,108.002101290627,0.229710521579895,0.848884222095024,0.644301326119707,0.215657404900307
5.68,0,107.638897015091,0.233225410821872,0.843828084098759,0.647021289940825,0.212314379630106
5.69,0,107.274534313202,0.230808834132003,0.847018890968493,0.646741085907059,0.214470743295513
5.7,0,106.909070662205,0.231360596641462,0.844756437292627,0.646059865072125,0.216562189084356
5.71,0,106.54256439189,0.232907430127204,0.846733025801817,0.643637306840032,0.216507782662014
5.72,0,106.175074653561,0.232211070676299,0.844882602851979,0.64469986511318,0.216751514044542
5.73,0,105.806661388677,0.231096596014911,0.842994781838102,0.646432123949386,0.216926143257774
5.74,0,105.437385297197,0.234180786923109,0.84480771631438,0.643973359609865,0.213989832453764
5.75,0,105.067307805659,0.232736406809905,0.844942527682424,0.645570091499939,0.216917589222455
5.76,0,104.696491035029,0.233348146598129,0.842855570709167,0.645547797505558,0.213002440269609
5.77,0,104.324997768352,0.234429551643547,0.841624743145301,0.643510765267458,0.214069970232913
5.78,0,103.952891418223,0.234943167549329,0.843688978204457,0.643279002696656,0.21632265683104
5.79,0,103.580235994143,0.237364958238442,0.841402405017968,0.645173321983741,0.214586111019915
5.8,0,103.207096069747,0.238242717603601,0.843230353705935,0.64273510694441,0.217796236815807
5.81,0,102.833536749977,0.237717721142144,0.844327906361177,0.643982628275894,0.216864185889841
5.82,0,102.459623638208,0.236931399200004,0.842925754623283,0.644219005835277,0.216024988899869
5.83,0,102.085422803363,0.23661083482961,0.842261659625183,0.643951046377512,0.214304392887669
5.84,0,101.711000747053,0.23867618387299,0.842293754712814,0.646012965307114,0.216426176136634
5.85,0,101.336424370774,0.238414550615535,0.837231824569778,0.643703160692307,0.216515240465233
5.86,0,100.961760943176,0.239941565035836,0.838991460139506,0.645732045476038,0.213745724507382
5.87,0,100.587078067459,0.241644727738086,0.837954200583827,0.642431496106875,0.214963613746181
5.88,0,100.212443648908,0.242167504063021,0.836469163941856,0.642938018897117,0.217580354012563
5.89,0,99.8379258625963,0.240666728451137,0.84088795190723,0.645694741658336,0.213877859232636
5.9,0,99.4635931213035,0.241325687756424,0.838981683572809,0.647215564556294,0.215766793036474
5.91,0,99.0895140436521,0.242991671589481,0.839710171750586,0.644497407791192,0.216649703938264
5.92,0,98.715757422511,0.242274556930833,0.834448772405445,0.644640473942659,0.214936918293608
5.93,0,98.3423921936824,0.244434018663914,0.835386611506252,0.644500752847234,0.213931936436571
5.94,0,97.9694874049018,0.244594353192274,0.836921509428019,0.648745761911783,0.217213970950787
5.95,0,97.5971121851785,0.245048294690364,0.838080247801934,0.643129211829449,0.217132601836379
5.96,0,97.225335714499,0.244765350331962,0.834365733889814,0.647518646520913,0.216087015477
5.97,0,96.8542271939204,0.244316311813298,0.835822021804356,0.646158321755371,0.213525539660465
5.98,0,96.4838558160772,0.244503078014064,0.83336245934092,0.64410633814541,0.214501669397915
5.99,0,96.1142907361246,0.245488939757979,0.835645805380364,0.647063863191155,0.213961177755743
6,0,95.7456010431396,0.247464308813904,0.833562659049802,0.647201302377669,0.213647114459858
6.01,0,95.3778557320036,0.247709394984956,0.83399383473148,0.645246079969109,0.211338029932586
6.02,0,95.0111236757853,0.246781920633172,0.834156944265566,0.645927083889645,0.214741557748534
6.03,0,94.6454735986456,0.248279485485842,0.834309201580569,0.64657234853717,0.214301082683762
6.04,0,94.2809740492821,0.248960613194031,0.834843857344464,0.645020264063658,0.214899843333527
6.05,0,93.9176933749311,0.245111341262643,0.830945836591541,0.64497803302175,0.215476091988139
6.06,0,93.5556996959471,0.250107141041622,0.831734933264068,0.646795179544698,0.21441122036635
6.07,0,93.1950608809725,0.250638293469713,0.833362433795954,0.646533251821624,0.215755485323688
6.08,0,92.835844522715,0.252572166884059,0.834127716179914,0.647394160912838,0.217599388475721
6.09,0,92.4781179143475,0.25163895299835,0.830365357019123,0.647253759316041,0.216238363829383
6.1,0,92.1219480265424,0.25260134244644,0.830013127588242,0.647445374934679,0.213866495820195
6.11,0,91.7674014851552,0.255358376395921,0.831567136765317,0.64835878527815,0.213186150087301
6.12,0,91.4145445495658,0.252573287328869,0.830056596995042,0.648646223841411,0.213609853127883
6.13,0,91.0634430916922,0.250912908771528,0.828656714632199,0.64794284323201,0.21508480495593
6.14,0,90.7141625756828,0.254199870240945,0.828597007059693,0.646902778374463,0.214670374189441
6.15,0,90.3667680382981,0.253635038706175,0.826915064896747,0.652175391888474,0.21670770274605
6.16,0,90.0213240699885,0.254765844363329,0.829712157895227,0.649601779502934,0.214858053564925
6.17,0,89.6778947966767,0.253744673688982,0.828482975035978,0.650059928381709,0.215433000731808
6.18,0,89.3365438622484,0.254974371732949,0.826863549295601,0.649657472795426,0.213757908506513
6.19,0,88.9973344117573,0.254194161654284,0.829900767844274,0.650642780705187,0.216735180066765
6.2,0,88.6603290753495,0.259724489876912,0.827539700842635,0.64998552871784,0.214337650402811
6.21,0,88.3255899529081,0.256481944961737,0.827254506479019,0.649888058642741,0.215803167814437
6.22,0,87.9931785994223,0.261110439354257,0.827687796938999,0.650834431160059,0.213007875182417
6.23,0,87.6631560110805,0.259186895601743,0.824948769937785,0.649928404969841,0.216412870934305
6.24,0,87.3355826120895,0.261785600721567,0.824920559734407,0.646170035737135,0.214919825829806
6.25,0,87.0105182422177,0.261148396926629,0.827115765336614,0.648878441544593,0.21428002420792
6.26,0,86.6880221450619,0.256893417291669,0.827704155189905,0.648478275828608,0.214366953490376
6.27,0,86.3681529570345,0.258488131236591,0.827587391928745,0.651425880024703,0.215940342369988
6.28,0,86.0509686970694,0.261252264570435,0.826491065170564,0.649303635711123,0.216220712298601
6.29,0,85.7365267570411,0.261694737219362,0.827231038963214,0.650561748818493,0.216577381695415
6.3,0,85.4248838928938,0.26011278080422,0.824198980194359,0.648435037839283,0.213594934681572
6.31,0,85.1160962164731,0.264817657606576,0.825582881382414,0.649312390730306,0.214122314834182
6.32,0,84.8102191880561,0.261698842076516,0.82466349215023,0.651644790725813,0.215093367731574
6.33,0,84.5073076095715,0.261803835116604,0.822251192348341,0.650920970043553,0.215503738423152
6.34,0,84.2074156185027,0.262662802751003,0.823780684174054,0.651315478015432,0.213258281704841
6.35,0,83.9105966824638,0.262793244747602,0.824619663206442,0.651055239615719,0.213985229466198
6.36,0,83.6169035944427,0.262431803329823,0.822449810568038,0.649660486088434,0.215717758839183
6.37,0,83.3263884686979,0.265747147653067,0.822878193896754,0.649169301738968,0.215557298562085
6.38,0,83.0391027373008,0.261801435072021,0.82117627431858,0.653432951388719,0.216807807030242
6.39,0,82.7550971473115,0.265096345631565,0.82225198232275,0.65067456263594,0.214064713562004
6.4,0,82.4744217585777,0.267297478201583,0.82337114463932,0.651855868662451,0.216787265805487
6.41,0,82.1971259421426,0.266120990170821,0.820695680090229,0.653832473529034,0.215706236225042
6.42,0,81.923258379251,0.267914446561339,0.819711562973728,0.651207299186886,0.214665378271943
6.43,0,81.6528670609389,0.267349518398813,0.82368075063855,0.649293654672819,0.217410783973487
6.44,0,81.3859992881946,0.267525923359039,0.821454418092697,0.654287378583223,0.217221685658535
6.45,0,81.1227016726753,0.270309718403543,0.822095707940364,0.652468395548371,0.211408192899904
6.46,0,80.863020137966,0.266469169413583,0.819459622494967,0.649658959122201,0.215725507419935
6.47,0,80.6069999213654,0.269925801966107,0.821732570021845,0.653218064501209,0.214719013950492
6.48,0,80.3546855761825,0.269019950298205,0.823371914350342,0.651322707430683,0.217749360998642
6.49,0,80.1061209745301,0.269649576881514,0.818224140215336,0.652614411122551,0.213306199837812
6.5,0,79.8613493105976,0.269900223861945,0.820653334803999,0.652512495946572,0.215923018612874
6.51,0,79.6204131043871,0.271270580766303,0.818741336658373,0.652635639550133,0.213279169073405
6.52,0,79.3833542058963,0.270979407891434,0.819191125952705,0.651651383806454,0.216107343341607
6.53,0,79.1502137997322,0.26873590224404,0.818423836574907,0.653381363853275,0.214959203826749
6.54,0,78.9210324101368,0.273435724745176,0.821379090153413,0.653283414122923,0.21630930176188
6.55,0,78.6958499064089,0.270363840379214,0.817632875021215,0.652491647640127,0.211859675044974
6.56,0,78.4747055087039,0.272198457216738,0.816483034425833,0.655399818275646,0.214496379833745
6.57,0,78.2576377941947,0.273581439987922,0.818396725641685,0.653652992973808,0.214781073359627
6.58,0,78.044684703574,0.272177451069198,0.818816913032793,0.652763296620415,0.215126109142047
6.59,0,77.8358835478835,0.275520609304112,0.817620964605798,0.655116161751211,0.217834428888978
6.6,0,77.6312710156488,0.27737045487492,0.814025386744965,0.653344703019078,0.215760178131807
6.61,0,77.4308831803036,0.269941570136417,0.815726417901494,0.653037355749291,0.214925791581233
6.62,0,77.2347555078847,0.277010995833782,0.812730972601641,0.653705590955149,0.212199129322046
6.63,0,77.0429228649808,0.274696632230872,0.816607581451525,0.653414015652667,0.21389075876162
6.64,0,76.8554195269146,0.277282656717078,0.814623466527428,0.650864917201405,0.216536402445993
6.65,0,76.6722791861436,0.272712345185639,0.815345420088616,0.65590866013165,0.217597227473589
6.66,0,76.4935349608577,0.276626991735664,0.815843821969874,0.654265963994281,0.214848797169148
6.67,0,76.319219403759,0.276889290679785,0.81555846976801,0.652450284322275,0.21545769144375
6.68,0,76.1493645110046,0.278055605987943,0.81543817656261,0.653953103652891,0.217877936737036
6.69,0,75.9840017312935,0.275799772034591,0.815869937659536,0.653337093896175,0.213800999717455
6.7,0,75.8231619750827,0.27691884106727,0.816584371803027,0.655209798039849,0.216880361928255
6.71,0,75.6668756239115,0.275766083003766,0.814561176083246,0.654788639631496,0.21550632885603
6.72,0,75.5151725398204,0.277674678907555,0.814634621213717,0.653793845804912,0.215411511627424
6.73,0,75.3680820748437,0.278247005101261,0.814088090234697,0.654435337270314,0.214609742423652
6.74,0,75.225633080562,0.27908902710701,0.813013925473319,0.654664095610614,0.214970076900278
6.75,0,75.0878539176952,0.278597906927728,0.813239766079724,0.654982098796426,0.211871547751139
6.76,0,74.9547724657211,0.280343327034618,0.81511478519505,0.654942018534427,0.215013208365058
6.77,0,74.8264161325022,0.278605363932012,0.814252969538866,0.654214451080216,0.216736989291036
6.78,0,74.7028118639056,0.277697309264321,0.814377430036956,0.655719201230191,0.214754321756968
6.79,0,74.5839861533977,0.277878992058761,0.811494613994578,0.652871890207133,0.21585108729596
6.8,0,74.4699650516019,0.278749031600298,0.812143272531533,0.654988843908352,0.214686976046809
6.81,0,74.3607741757997,0.278976535916329,0.812540227669274,0.654199847310485,0.216094381633021
6.82,0,74.2564387193633,0.27769956133691,0.8111677939254,0.658439549130745,0.214255419588927
6.83,0,74.1569834611034,0.277378555747829,0.811205676544455,0.655302374629437,0.21546982787231
6.84,0,74.0624327745168,0.280955551444791,0.810558559101787,0.657827062258056,0.215109364981376
6.85,0,73.9728106369227,0.27824230437352,0.811104581861714,0.654803201914289,0.213302094364718
6.86,0,73.88814063847,0.281010721439549,0.81058611374513,0.654476720673299,0.216302079714001
6.87,0,73.8084459910047,0.277079209303565,0.810843334013426,0.656985600918198,0.216620715717745
6.88,0,73.7337495367828,0.277973429227603,0.810298454467897,0.655754502949269,0.214668899635403
6.89,0,73.6640737570173,0.281764656939931,0.811598069102527,0.658869562445406,0.216316517211613
6.9,0,73.5994407802442,0.279408959735809,0.812914417474975,0.654872472451126,0.213939684964122
6.91,0,73.5398723904985,0.280248105400885,0.811453289730755,0.657384854742591,0.21447031662129
6.92,0,73.4853900352852,0.279393703443342,0.810376413164233,0.654904816134133,0.216190535643982
6.93,0,73.4360148333374,0.279213048300951,0.811551731097997,0.653287313003164,0.216735082178431
6.94,0,73.3914445527246,0.278481430089926,0.811767202479999,0.656931527939449,0.217019067043114
6.95,0,73.3487212752569,0.281989103315858,0.808728042745948,0.655183280749805,0.213787659801593
6.96,0,73.3071839932263,0.278050603570512,0.808503400492436,0.656029499164653,0.216013146417081
6.97,0,73.2668388798264,0.278825721442332,0.809252475725007,0.654088884190485,0.21607619381854
6.98,0,73.2276917975059,0.278321360411153,0.810749338575103,0.656109104000264,0.217235386856608
6.99,0,73.1897482950817,0.278855417730061,0.810363128884151,0.657177172600575,0.214767259173617
7,0,73.1530136050136,0.280786670908659,0.811009824153878,0.654004242432324,0.215601413478552
7.01,0,73.1174926408426,0.279309537817919,0.811286183503348,0.657879550032684,0.213872759017839
7.02,0,73.0831899947975,0.279846482813048,0.809067110423671,0.655475236748486,0.214944141745582
7.03,0,73.0501099355691,0.280123521417768,0.811241165282473,0.655902062526698,0.213185779404566
7.04,0,73.0182564062578,0.277940063396033,0.808816974776682,0.65686092058505,0.214515477093457
7.05,0,72.9876330224933,0.276842382499268,0.806804605400214,0.655340308204074,0.21519095459955
7.06,0,72.9582430707315,0.280956350837474,0.807704524397637,0.656398349384673,0.215448495581379
7.07,0,72.9300895067285,0.28117559378414,0.809412198688274,0.653500402346751,0.213973598700645
7.08,0,72.903174954194,0.279781229591515,0.80833946112566,0.657872463866487,0.213953920033379
7.09,0,72.8775017036254,0.280193797583738,0.808936028322613,0.654938648605985,0.215617288232071
7.1,0,72.8530717113247,0.2784571112678,0.80644019449656,0.657171715275231,0.216041797702193
7.11,0,72.8298865985981,0.280004018692925,0.807984533271142,0.655351214700777,0.213991038601095
7.12,0,72.8079476511402,0.280621860322295,0.80940700410014,0.656976665179935,0.214484443836523
7.13,0,72.7872558186037,0.280025904647188,0.807019507048011,0.656906311345829,0.215130441207788
7.14,0,72.7678117143544,0.278691204298802,0.808989599997924,0.656440517466672,0.216308242028585
7.15,0,72.7496156154126,0.279072812628776,0.808034763925655,0.657257915831124,0.215381058248595
7.16,0,72.7326674625813,0.278395242915407,0.806373807990301,0.654161744274232,0.214490364540058
7.17,0,72.716966860761,0.279584558801682,0.808382349235553,0.657792408599084,0.213719693405879
7.18,0,72.7025130794503,0.279516497949129,0.809757416373485,0.656805906729423,0.214076050006311
7.19,0,72.8521360016413,0.278425213085369,0.808146934539455,0.65517457206886,0.212838976268526
7.2,0,73.0951078269365,0.276434498458091,0.807486357266846,0.656475949442541,0.211433497100097
7.21,0,73.2499260005823,0.27746104683345,0.80988757110834,0.656740223634332,0.211944763469417
7.22,0,73.3738785062157,0.277761333918426,0.808922861548315,0.655468537228084,0.213787370551842
7.23,0,73.491107901531,0.277662355017023,0.807294243137816,0.652575164717414,0.215713886208721
7.24,0,73.6098426517829,0.275905754044559,0.807463220583551,0.658466561627819,0.215922252980994
7.25,0,73.7328149257863,0.276202400997181,0.807592169854527,0.654792430040076,0.214513619504115
7.26,0,73.8609337920933,0.277493522821292,0.806219923306679,0.658666072129096,0.214824520738077
7.27,0,73.9945070475505,0.274893137181046,0.80425937906413,0.658466284638442,0.214879352787036
7.28,0,74.1336442021501,0.274487217996975,0.806315479971779,0.655664147170732,0.214500073429228
7.29,0,74.2783892488573,0.272398820095374,0.808228367943743,0.658485625294117,0.214331556488097
7.3,0,74.4287644093614,0.275454792750787,0.804896199580357,0.653976082528273,0.215743100358428
7.31,0,74.5847845496415,0.275108814721273,0.807060875139556,0.654142809108599,0.214867139971938
7.32,0,74.7464619294473,0.275339258102093,0.805042308005928,0.654964972464071,0.214931657286075
7.33,0,74.9138077650528,0.27521158079156,0.808399966887006,0.656581559006297,0.212063057268297
7.34,0,75.0868327409311,0.271799851950166,0.806246302028144,0.654519793890951,0.216245534113513
7.35,0,75.2655471745098,0.272836977057224,0.806345595245065,0.655679347468274,0.215760161213564
7.36,0,75.4499610662557,0.273130060392407,0.807000673311352,0.65704201676924,0.21296007033024
7.37,0,75.6400841117188,0.272311383872596,0.805689616832394,0.654686573028882,0.21394504665343
7.38,0,75.8359257008326,0.270874827628408,0.804598240431609,0.655063736986712,0.214949352225218
7.39,0,76.0374949128247,0.271194448744918,0.808989268002571,0.655456730719036,0.21421202490458
7.4,0,76.2448005095053,0.271079702876996,0.807198393553224,0.654228795264996,0.217378395025334
7.41,0,76.4578509278548,0.270154700740562,0.806380085807122,0.656107672203675,0.214842436094449
7.42,0,76.6766542722187,0.268986296947923,0.803891151836773,0.655604865582535,0.211118000924336
7.43,0,76.9012183062227,0.268602031886494,0.806648265581325,0.656578084730796,0.214016667519383
7.44,0,77.1315504444515,0.267982017782967,0.807118180828623,0.653543424624052,0.212552463900063
7.45,0,77.3676577439125,0.266187202314016,0.807055783519875,0.654956063478885,0.214532408136621
7.46,0,77.6095468953022,0.266901243496021,0.806055213874253,0.656966270012503,0.215066626697038
7.47,0,77.8572242140868,0.26693555913593,0.80514823043606,0.653969371460963,0.21587196607944
7.48,0,78.1106956314126,0.267055248278147,0.806252265396435,0.655565265247447,0.21738362735299
7.49,0,78.3699666848579,0.26387334701142,0.805060213837184,0.654087452457106,0.216472899398142
7.5,0,78.635042509041,0.262943743253717,0.805099409664278,0.654611625547264,0.213604724663295
7.51,0,78.9059278260989,0.26309430852361,0.805832984089761,0.656127895832069,0.21495014082626
7.52,0,79.1826269360506,0.261213440633525,0.80512350616342,0.654581781823725,0.214513668022119
7.53,0,79.4651437070607,0.261793552257471,0.80521433688985,0.65263727839813,0.217517935027381
7.54,0,79.7534815656176,0.261215886222159,0.807043240882776,0.653131539017821,0.213127902211999
7.55,0,80.0476434866437,0.257728596232749,0.803507876203749,0.652859877067181,0.215463660699843
7.56,0,80.3476319835526,0.259310978412938,0.803724055183337,0.652065909665573,0.215404551183299
7.57,0,80.6534490982696,0.260587139457791,0.805648378889793,0.653679922365435,0.216539729089175
7.58,0,80.9650963912334,0.259623426716833,0.806561219128805,0.653640754695921,0.215531756936753
7.59,0,81.2825749313951,0.257884338303557,0.805675280591535,0.654724542227765,0.215054704556656
7.6,0,81.605885286233,0.259007402924343,0.808811019197137,0.653605564906702,0.215956970964877
7.61,0,81.9350275117997,0.256328453156757,0.80797185960306,0.654850892641659,0.215582538994142
7.62,0,82.270001142821,0.255228187985102,0.804935611928816,0.653725763824012,0.215481936340471
7.63,0,82.6108051828647,0.258480231925727,0.809285944940621,0.651566583458501,0.213223693837227
7.64,0,82.9574380945958,0.254404438005452,0.805937638892964,0.652354693449537,0.218825303185469
7.65,0,83.3098977901408,0.253084901098483,0.805053387234803,0.65308023389891,0.214064364439865
7.66,0,83.668181621577,0.252630765935899,0.805950832466562,0.653036821234632,0.212410388245899
7.67,0,84.032286371567,0.252996090596431,0.805894988594624,0.649675287755099,0.214041701798707
7.68,0,84.4022082441595,0.253049352556975,0.806328793456409,0.652397066778901,0.214550551895397
7.69,0,84.777942855773,0.253162073785643,0.806313194296108,0.65087286382402,0.215244529610129
7.7,0,85.159485226386,0.248345901652311,0.806912407212009,0.651612685538638,0.216641011044031
7.71,0,85.5468297709491,0.249043064450388,0.807480133654536,0.651706798221237,0.218118323762334
7.72,0,85.9399702910449,0.247805246916336,0.808225787006336,0.652482718976613,0.213850866790919
7.73,0,86.3388999668099,0.247249422201745,0.806763788782891,0.652401063278315,0.21136894323463
7.74,0,86.7436113491425,0.248228603782584,0.808170207685667,0.651066260963756,0.217364748181558
7.75,0,87.1540963522171,0.24742548311583,0.808591907537141,0.652771053672297,0.215901746711808
7.76,0,87.5703462463226,0.244822499712226,0.809377182481986,0.650233521536817,0.216035828392739
7.77,0,87.9923516510477,0.247566755052482,0.808178207256278,0.650040703355194,0.215330083656569
7.78,0,88.4201025288326,0.240108942251709,0.806094668827815,0.652428699209771,0.213625598899908
7.79,0,88.853588178907,0.24087393133805,0.807689250628058,0.652486542038963,0.214164915225874
7.8,0,89.2927972316351,0.242093624174774,0.807445910234516,0.651941150366259,0.214448539063011
7.81,0,89.7377176432876,0.241117265898939,0.806289380932431,0.650014466233676,0.216566088585862
7.82,0,90.1883366912602,0.239024695699071,0.809753069647186,0.652204897260751,0.216295134108326
7.83,0,90.6446409697597,0.239894721975998,0.807454708779368,0.649988343879242,0.213904335434208
7.84,0,91.1066163859755,0.239420677908037,0.808217976634249,0.649116531812013,0.21352055363666
7.85,0,91.5742481567576,0.238323366469889,0.807247832335164,0.650337780022276,0.214783934252109
7.86,0,92.0475208058192,0.234919978143608,0.8089770373952,0.650452281141298,0.212945684267601
7.87,0,92.5264181614834,0.236421479732733,0.808412846649148,0.647213701283019,0.217226429095263
7.88,0,93.0109233549925,0.232272971624915,0.809305805464141,0.649013901793221,0.21311328742441
7.89,0,93.5010188193979,0.234430115505181,0.8066203221155,0.647116101713367,0.216788334501017
7.9,0,93.9966862890497,0.232618379317376,0.808841491301997,0.651508421015115,0.212764775881546
7.91,0,94.4979067997014,0.231684319441387,0.810221353083364,0.64922995596677,0.2146376342602
7.92,0,95.0046606892494,0.232097835631906,0.808354140100247,0.648541754652569,0.213814590237594
7.93,0,95.5169275991222,0.23036012843344,0.808905246925496,0.651894245808641,0.215747810925314
7.94,0,96.0346864763371,0.232326590337766,0.809027520882543,0.649230456684764,0.213427961272411
7.95,0,96.5579155762379,0.22838814536039,0.810536302781774,0.64973780464408,0.21423705762344
7.96,0,97.0865924659318,0.228193703232096,0.809194749018355,0.6496627874238,0.213911883556645
7.97,0,97.6206940284376,0.227192772695839,0.808905097768387,0.647828352333537,0.214215281662211
7.98,0,98.1601964675614,0.226594507729343,0.809890519460448,0.649309264896728,0.213800060155799
7.99,0,98.7050753135112,0.222867220256939,0.808880835159505,0.648301729074937,0.215103584448025
8,0,99.2553054292658,0.224957406453789,0.809200494921221,0.648746899068176,0.21641925491474
8.01,0,99.810861017707,0.225864323922123,0.806872657581135,0.647659997659036,0.214793047096962
8.02,0,100.371715629531,0.223116118069945,0.808390124523088,0.647444335230818,0.216703689776954
8.03,0,100.937842171945,0.220242670444001,0.810868315734901,0.646492163614437,0.213001938423912
8.04,0,101.509212918164,0.220548091266911,0.809407634224998,0.64769454561744,0.215491253245608
8.05,0,102.085799517708,0.220130093119701,0.808539783429785,0.647495489626432,0.21451819768187
8.06,0,102.667573007527,0.216960953889128,0.810773174084054,0.648088984167005,0.214395200398765
8.07,0,103.254503823936,0.216953194903202,0.812207706533965,0.649951307604335,0.215209890052334
8.08,0,103.846561815388,0.215855289778995,0.811045658966327,0.648321412571534,0.217544026499068
8.09,0,104.44371625608,0.215240774047073,0.808994554737873,0.648168672013426,0.21407000175754
8.1,0,105.045935860401,0.213996885116612,0.81058397097305,0.646718872218841,0.21570179809685
8.11,0,105.653188798227,0.210916167032001,0.81065441229058,0.648604830188642,0.214496550365072
8.12,0,106.265442711062,0.212808346665858,0.810799791719474,0.645871324929481,0.213862761335595
8.13,0,106.882664729035,0.209375494023592,0.810272695908721,0.645128478401025,0.215452359717863
8.14,0,107.504821488742,0.210210264923302,0.812480437401257,0.645656556867454,0.213735231052034
8.15,0,108.131879151948,0.208394639828543,0.811837248043474,0.648646377301968,0.215220155657791
8.16,0,108.763803425142,0.206911137475358,0.811570814080325,0.648101963022419,0.216747012082716
8.17,0,109.400559579939,0.209303973780041,0.811337648047057,0.644196993115158,0.214144757202213
8.18,0,110.042112474335,0.205784364146328,0.814525080684579,0.646947437433924,0.214077295638148
8.19,0,110.688426574806,0.20578074793748,0.812655425041427,0.645774396173602,0.216018203238491
8.2,0,111.339465979248,0.203398683740172,0.814097230691485,0.644378169232668,0.213515641859318
8.21,0,111.995194440756,0.202208672166291,0.814069488249246,0.646332187949472,0.215163731685385
8.22,0,112.655575392224,0.200635509238154,0.812022957640631,0.648272007592436,0.216783242285071
8.23,0,113.320571971781,0.203043728100395,0.813029376904385,0.643818868065974,0.214736897008758
8.24,0,113.990147049027,0.200792524392881,0.812692657224164,0.644953168360384,0.214799223082958
8.25,0,114.664263252079,0.19969097285014,0.815894085123705,0.64683655624234,0.214866364341184
8.26,0,115.342882995414,0.196750068450662,0.813854091381938,0.647035654642071,0.216032929724431
8.27,0,116.025968508484,0.196817212428346,0.814350494871179,0.646038725996707,0.215152401240395
8.28,0,116.713481865111,0.197087085940387,0.812328417719127,0.645684145500267,0.214819570836637
8.29,0,117.405385013632,0.196924254323414,0.814492986353201,0.646217030210778,0.216000390985879
8.3,0,118.101639807785,0.194502184163488,0.813697307441134,0.643444945702956,0.217887473092974
8.31,0,118.802208038327,0.194268272161779,0.813911455011334,0.645338070035738,0.217263942473458
8.32,0,119.507051465353,0.192064473098672,0.81311867004339,0.645367018776714,0.2129715161584
8.33,0,120.216131851313,0.190232060962678,0.815068702827439,0.64775809023161,0.213501549095706
8.34,0,120.929410994702,0.189509666737145,0.817904492555492,0.644751965052684,0.214934345725062
8.35,0,121.6468507644,0.185941658290589,0.81610997649098,0.646225683994705,0.212547269458237
8.36,0,122.368413134654,0.189247177779832,0.8156740413214,0.640928930379479,0.216447211008529
8.37,0,123.094060220664,0.186741543771979,0.816739284969241,0.643512044942868,0.216187674286878
8.38,0,123.823754314769,0.18615835131356,0.816650901485103,0.645914959025439,0.21541703383456
8.39,0,124.557457923195,0.18327121789119,0.816398072213952,0.643955669937073,0.214678180158006
8.4,0,125.295133803353,0.183850428794109,0.817480072785013,0.644242310106624,0.213981070661459
8.41,0,126.036745001652,0.184805919568371,0.817555876753626,0.642248591224068,0.210932317404088
8.42,0,126.782254891815,0.183034257477545,0.818665964263266,0.646243349282635,0.213602127246197
8.43,0,127.531627213655,0.179922500238038,0.821736594249503,0.641393647420733,0.214357056390645
8.44,0,128.284826112307,0.181277386962924,0.818755066766731,0.643408571289456,0.213942132719738
8.45,0,129.041816177863,0.179316836674766,0.818006342557652,0.641565335539147,0.215596750791499
8.46,0,129.802562485406,0.177118908174123,0.820006515039722,0.643666062915351,0.216238351605956
8.47,0,130.567030635395,0.176275428761419,0.818274951060173,0.64358959523112,0.216186659914059
8.48,0,131.33518679439,0.178936534073113,0.816864813904269,0.643436542654128,0.213392154872866
8.49,0,132.106997736074,0.172895338855458,0.817416918995103,0.645191216463681,0.21704262479
8.5,0,132.882430882545,0.17313831980727,0.819379988283178,0.64429438603846,0.212194010288926
8.51,0,133.661454345853,0.174105318227134,0.81917928698733,0.643617165868088,0.21349920156375
8.52,0,134.444036969746,0.170084848809835,0.823937525002041,0.641049676604592,0.213552240787959
8.53,0,135.230148371598,0.171699958162247,0.822734135285904,0.643122847629495,0.216306506752344
8.54,0,136.019758984481,0.169605245155978,0.81933683395591,0.643587294814801,0.214115382585635
8.55,0,136.812840099358,0.167419755045537,0.822347298070034,0.644859178820631,0.214820555825796
8.56,0,137.609363907355,0.166885464510574,0.821063444803528,0.64530940626907,0.216319838236967
8.57,0,138.409303542096,0.167537534859782,0.819824951108049,0.64317486028393,0.215085854851091
8.58,0,139.212633122044,0.166552193329146,0.821944745020152,0.644004637446573,0.215507817666659
8.59,0,140.019327792842,0.162435138742752,0.820474673696904,0.644824632492849,0.212782463994466
8.6,0,140.829363769602,0.162564395364345,0.820840235362501,0.642871461105811,0.21453240967902
8.61,0,141.642718379122,0.16202817295289,0.822685370384556,0.643376477214338,0.215497886508758
8.62,0,142.459370101993,0.161481429899788,0.823885361371995,0.643188943331933,0.215489080707578
8.63,0,143.279298614558,0.160158119924688,0.822494741788086,0.643726023504564,0.214820600276585
8.64,0,144.102484830706,0.160397026799708,0.826204303701399,0.644155905329548,0.213705513431562
8.65,0,144.928910943456,0.159135845111483,0.826406057343985,0.643831830135193,0.216596842687926
8.66,0,145.758560466303,0.156329299201195,0.824269376737569,0.643213469581256,0.213330935584469
8.67,0,146.591418274296,0.156818824393593,0.824846416285519,0.643290766733748,0.217106038032705
8.68,0,147.427470644811,0.156818103643402,0.823179870283409,0.642972494301325,0.214934288148077
8.69,0,148.266705298002,0.153463571346027,0.825524412010868,0.641250583806654,0.215652304971982
8.7,0,149.109111436876,0.154089054723629,0.825935943172836,0.64403704973737,0.214642846262959
8.71,0,149.954679786991,0.152393991227726,0.826970082420021,0.642253358153444,0.21668778112734
8.72,0,150.803402635716,0.151396212470686,0.824284699841474,0.643823733590165,0.21341108354259
8.73,0,151.655273871051,0.153079372037038,0.824425771713685,0.64333888574649,0.21519543214512
8.74,0,152.510289019963,0.149552403273563,0.823265156441542,0.642137668425557,0.215847903425747
8.75,0,153.368445286211,0.148367733564063,0.824424265283814,0.644225952459889,0.215819406790237
8.76,0,154.229741587637,0.147903860706323,0.826921505989612,0.642308678941008,0.214871974473521
8.77,0,155.094178592894,0.146574287710965,0.827118649271833,0.643870822838598,0.215808482904215
8.78,0,155.961758757579,0.145177790955637,0.829736470167045,0.64366847791755,0.214400149681344
8.79,0,156.832486359763,0.149435411203921,0.826164018029079,0.645116557957013,0.214645208384009
8.8,0,157.706367534864,0.147647040037335,0.826425638859054,0.645070120134521,0.215413048077108
8.81,0,158.583410309867,0.143791845126792,0.828114413195263,0.644526810844535,0.21426640570893
8.82,0,159.463624636855,0.142515349030428,0.829429621579254,0.642976026788773,0.215337485285778
8.83,0,160.347022425821,0.14144522429532,0.830773417370814,0.644869008923391,0.2132973859058
8.84,0,161.233617576754,0.138667046168503,0.828479171686701,0.642872731718541,0.216256271906401
8.85,0,162.123426010973,0.140315112987861,0.830050869389392,0.646055762347306,0.216387614850247
8.86,0,163.016465701675,0.138109561073578,0.830117172804378,0.64300136582457,0.216061722243392
8.87,0,163.912756703705,0.137579148147869,0.828623287715272,0.642765268077618,0.217054898149482
8.88,0,164.812321182501,0.136485465654685,0.829613236956535,0.644884687850962,0.215388624129719
8.89,0,165.715183442215,0.132848287784002,0.831014243703834,0.643099977598125,0.216091738814411
8.9,0,166.621369952987,0.136283986444135,0.829653276505444,0.64524116579116,0.211756079523558
8.91,0,167.530909377353,0.134606409546238,0.829990986396854,0.643810263955151,0.212241651859182
8.92,0,168.44383259578,0.135744683899383,0.832108473644957,0.644524529555416,0.21567775629504
8.93,0,169.360172731306,0.130811963096026,0.835097801225439,0.645072223479858,0.214324773801302
8.94,0,170.279965173277,0.129365081140362,0.832252458248674,0.645923351361846,0.213582347080934
8.95,0,171.203247600166,0.129218114420371,0.833277174687422,0.646574613130278,0.213176573144628
8.96,0,172.130060001466,0.129054216612835,0.833051664275723,0.644580389217275,0.216705737621957
8.97,0,173.06044469864,0.128859475280814,0.831993410333405,0.645366597927164,0.216003470831317
8.98,0,173.994446365125,0.125648220328304,0.835803095153548,0.64425561278829,0.218331873396122
8.99,0,174.932112045386,0.127847335645194,0.833464478380012,0.644166156399752,0.21512791653435
9,0,175.873491172989,0.123337430770383,0.834978509204706,0.642374538709799,0.215940454511113
9.01,0,176.818635587723,0.125895464877304,0.837475136758594,0.64389174332983,0.214528914772256
9.02,0,177.76759955173,0.122639223707614,0.834063872288288,0.648639825194309,0.212757798713642
9.03,0,178.720439764657,0.124296568323379,0.835378378259236,0.645815058514721,0.213837807710731
9.04,0,179.677215377825,0.119551462765877,0.83649934111002,0.644596249571444,0.21399195747739
9.05,0,180.637988007404,0.120568991352366,0.835570804573971,0.645661820506545,0.213626138251053
9.06,0,181.602821746598,0.119871899371675,0.838199131513501,0.644874396951845,0.213657164020782
9.07,0,182.571783176832,0.118422487649618,0.836508718474058,0.645110331814516,0.218530886543036
9.08,0,183.544941377947,0.116666032070545,0.837355560212573,0.642499661649289,0.21328505106247
9.09,0,184.5223679374,0.117330500210573,0.837349143012937,0.64481936081311,0.215307666957802
9.1,0,185.504136958463,0.118921286439795,0.836290379301724,0.646369855643442,0.216276951882709
9.11,0,186.490325067434,0.113526368400751,0.839242882590692,0.64805384880327,0.214934235276026
9.12,0,187.481011419849,0.113269073441376,0.838800681874685,0.647451170379739,0.218121514320865
9.13,0,188.476277705709,0.111991900195322,0.842108342032232,0.649429431609015,0.216206613355223
9.14,0,189.476208153717,0.110229888170083,0.839582382356519,0.64399319170936,0.214734578064926
9.15,0,190.480889534528,0.110767245964864,0.839043236110835,0.647651290947327,0.21544501324435
9.16,0,191.490411163023,0.111535844791903,0.839922317388771,0.646883481384011,0.215225498077426
9.17,0,192.504864899605,0.110878248093617,0.840374416067993,0.644224378849881,0.216523572604477
9.18,0,193.524345150524,0.108061537809109,0.838716055822286,0.643264819048566,0.21337773155205
9.19,0,194.548948867238,0.108266185027117,0.842055243324334,0.647037282442873,0.213415421441481
9.2,0,195.57877554481,0.108325018957671,0.839344986671456,0.647557820383311,0.215351246684769
9.21,0,196.613927219359,0.106821895521994,0.841500289549868,0.648096998575648,0.213999031449973
9.22,0,197.654508464551,0.103985199355597,0.840582094030056,0.648536223494858,0.214354351045457
9.23,0,198.700626387164,0.104904426163978,0.843012984756066,0.647877302448562,0.215455331510602
9.24,0,199.752390621705,0.102525984295925,0.843294850344288,0.646240888722848,0.214779316631534
9.25,0,200.809913324112,0.102753685606227,0.846903498480608,0.651427150284676,0.215673493652805
9.26,0,201.873309164525,0.0992489847067279,0.841953942815931,0.643966258142198,0.217928882688277
9.27,0,202.942695319157,0.100207609709985,0.844479558811181,0.648258498624281,0.215672375407639
9.28,0,204.018191461245,0.100097407306729,0.843187233842982,0.650271073371936,0.21596248499015
9.29,0,205.099919751119,0.0980933989428963,0.847086913616958,0.646636873689506,0.2165526256035
9.3,0,206.188004825369,0.0944828663810733,0.845476924431707,0.650878417004931,0.217378485278604
9.31,0,207.282573785132,0.096442717706434,0.844750085035942,0.647803726778827,0.216640048591707
9.32,0,208.38375618351,0.0943250555759489,0.846848465707083,0.647401105870607,0.216895594372004
9.33,0,209.491684012112,0.0975386685088541,0.845910157398187,0.648852123532698,0.216089783696952
9.34,0,210.606491686733,0.0930677861300035,0.847895451262482,0.64744524994479,0.214852420126619
9.35,0,211.72831603219,0.0912991566114877,0.848486965076481,0.646269459966851,0.215059633008143
9.36,0,212.857296266297,0.092931885144028,0.848795351364642,0.649470813193515,0.212032258715005
9.37,0,213.993573983006,0.0904316951989138,0.847015387035751,0.650728381665561,0.216541576744888
9.38,0,215.137293134713,0.0897229964635515,0.849876488637699,0.648580204139099,0.212451076778803
9.39,0,216.288600013724,0.0885529246278899,0.851039253950994,0.647597735005064,0.215467123625124
9.4,0,217.447643232913,0.0877974967706244,0.849902204589224,0.650617157365691,0.211280668560638
9.41,0,218.614573705545,0.0887767014358063,0.850409038273978,0.648020784325542,0.214288547406061
9.42,0,219.789544624288,0.087422121092979,0.849478479840154,0.64825230493043,0.216235139465324
9.43,0,220.972711439424,0.0851053406731167,0.852414882684332,0.650641881243792,0.213363498653908
9.44,0,222.164231836233,0.0846548852038344,0.854109931747979,0.650732922109095,0.21482796255503
9.45,0,223.36426571159,0.0815975985905847,0.854047723527657,0.648953017622635,0.215763519308288
9.46,0,224.572975149747,0.0818335331719981,0.852646960458326,0.651053343152467,0.212040330377601
9.47,0,225.790524397319,0.0815698732014839,0.853120082014947,0.651256486254839,0.214591503271923
9.48,0,227.017079837476,0.0814779818939634,0.85239580900408,0.652043612993409,0.214703476090289
9.49,0,228.252809963322,0.0790735413509371,0.852395541055818,0.648285912317072,0.215469511548913
9.5,0,229.497885350488,0.0779019742160535,0.853735691738957,0.651260422599123,0.215781818960115
9.51,0,230.752478628917,0.078339958435118,0.855901728961421,0.652055182953098,0.216356775591265
9.52,0,232.016764453852,0.0751829905777089,0.85142863179372,0.651030719201875,0.217350265202176
9.53,0,233.290919476018,0.0756063204828133,0.854817460261615,0.652793578900691,0.215046265378893
9.54,0,234.575122310999,0.0743079732610209,0.857988473448518,0.652988389271738,0.215952352644119
9.55,0,235.869553507798,0.0763325454225378,0.855679546199187,0.653034644576733,0.213575498415915
9.56,0,237.174395516595,0.0743245895161606,0.854474296890261,0.650782981677637,0.213032366211335
9.57,0,238.489832655672,0.0713718776086512,0.857187906721349,0.65223646714649,0.21530170122706
9.58,0,239.81605107752,0.0709814863307569,0.856285248728449,0.650483168910575,0.216230902610521
9.59,0,241.153238734109,0.0699694546658708,0.857624615724395,0.654028099294848,0.215703378682336
9.6,0,242.501585341322,0.068128267256842,0.857753936583983,0.650465214990459,0.214798367184136
9.61,0,243.861282342535,0.0713636888231615,0.856323430915692,0.655814515100755,0.21406707020199
9.62,0,245.232522871341,0.0670448886776134,0.857583484908494,0.651148435743396,0.214194527944118
9.63,0,246.61550171341,0.0674813394388953,0.859223469385051,0.65261636233672,0.213239653138091
9.64,0,248.010415267464,0.0642457977109728,0.859706045399069,0.654044256105878,0.216776273962931
9.65,0,249.417461505368,0.0660690732064668,0.860723250102851,0.652744290664108,0.214555548003124
9.66,0,250.836839931313,0.0643582813622852,0.861075683756882,0.651527813076721,0.215322163843632
9.67,0,252.268751540089,0.0631217471553853,0.858660497676889,0.654234908675597,0.216091917324067
9.68,0,253.713398774424,0.060035251075822,0.86185648942427,0.653498371501515,0.214672557388519
9.69,0,255.170985481379,0.0601907140109424,0.861328497741222,0.651753399984181,0.213866986819765
9.7,0,256.641716867793,0.0576112627875072,0.864445951367861,0.655077820737462,0.215193691324327
9.71,0,258.125799454736,0.0590382358035475,0.862542770109811,0.656625145687823,0.21461017301922
9.72,0,259.623441030985,0.0580194979394004,0.86222379086776,0.652626306947592,0.215842307804941
9.73,0,261.134850605484,0.0543840542906503,0.863229461602948,0.655823226265876,0.214172092342506
9.74,0,262.660238358774,0.0551548712757069,0.859896616653679,0.656486933746004,0.214845464522062
9.75,0,264.199815593384,0.0532036425032912,0.864739651896873,0.65093067935669,0.213728333015403
9.76,0,265.753794683149,0.0543190455838881,0.859159125392406,0.653291962324507,0.215614848375044
9.77,0,267.322389021446,0.0536273649319127,0.865855446961333,0.65494960519182,0.214030785399324
9.78,0,268.905812968323,0.0500319685580266,0.866152958183345,0.653892988590728,0.215790527527707
9.79,0,270.5042817965,0.0499443439673048,0.864880041904757,0.652415193264548,0.214417865485396
9.8,0,272.118011636227,0.0477748843156435,0.866345859183749,0.652062541682647,0.215607745134322
9.81,0,273.747219418961,0.050184620700267,0.866333489042547,0.652753657429363,0.215198896482067
9.82,0,275.392122819859,0.0461295199156422,0.865275207289682,0.655844086537025,0.21445126302498
9.83,0,277.052940199053,0.0428461717495841,0.868473424823681,0.654494783593871,0.213035542391497
9.84,0,278.729890541688,0.0451133104778014,0.868001046113685,0.658111251117091,0.216886165284099
9.85,0,280.423193396691,0.0432139449740613,0.868926312457025,0.654059018032704,0.215087229124247
9.86,0,282.133068814267,0.0436431339229271,0.867649004845926,0.653535620201814,0.216575075743069
9.87,0,283.859737282077,0.0424428888204116,0.86931384645191,0.655331759454094,0.215863322816809
9.88,0,285.603419660082,0.0408129849283182,0.867814279752364,0.655922617218741,0.214990240184054
9.89,0,287.364337114042,0.0390678984650711,0.87007940896695,0.655490874704755,0.217147604072402
9.9,0,289.14271104762,0.0395070964035301,0.870395925362463,0.655523914031722,0.215062874082192
9.91,0,290.938763033092,0.0380003280620495,0.870006866842332,0.654704813786658,0.216523505018194
9.92,0,292.752714740624,0.035273632509987,0.872608488265006,0.653384372067944,0.215855815074986
9.93,0,294.584787866101,0.0338063440879506,0.873373671633773,0.655826559274214,0.21583624369602
9.94,0,296.435204057474,0.0375183399122277,0.872836513530278,0.655383704443759,0.213068078691962
9.95,0,298.30418483962,0.0355284983403138,0.872178521362232,0.654321467823274,0.214526095798545
9.96,0,300.191951537669,0.0326835486575962,0.874157653279724,0.656423667706975,0.213206758845006
9.97,0,302.098725198795,0.0316284986230388,0.874459474219197,0.654288119319815,0.214719053811029
9.98,0,304.024726512442,0.0307443528334337,0.875445071594664,0.658893812250729,0.216692061138555
9.99,0,305.970175728958,0.0298191737966004,0.875144352866628,0.656687008317756,0.216045042065972
10,0.2,307.93529257663,0.028127497123706,0.876512405472425,0.657570885162112,0.215128335682396
10.01,0.2,309.920296177082,0.029541584363143,0.875989755244558,0.656725849094942,0.21377441179927
10.02,0.2,311.925404959038,0.0267714818356286,0.876053223852668,0.656914376905577,0.214528034042849
10.03,0.2,313.950836570409,0.0262837060643105,0.876465986194099,0.65826503415828,0.217853696920201
10.04,0.2,315.996807788703,0.022096605278518,0.877205223567886,0.655554469769851,0.212169760141875
10.05,0.2,318.063534429742,0.022214593477053,0.876630096360638,0.657249108017899,0.215701363653753
10.06,0.2,320.151231254653,0.0203360631064909,0.876150036863055,0.655245077649465,0.214499916309008
10.07,0.2,322.26011187514,0.0187042350091812,0.876617198095352,0.655712287486924,0.216580101976596
10.08,0.2,324.390388657014,0.0190800655518248,0.877621795587214,0.657133932319486,0.214568081507308
10.09,0.2,326.542272621962,0.0171132075306127,0.879771638247674,0.654842795508616,0.216166848240706
10.1,0.2,328.715973347566,0.0191852995867985,0.881273855937267,0.656014469327395,0.215252908933429
10.11,0.2,330.911698865539,0.0140341262006404,0.879706069465367,0.655990366064223,0.217281332696189
10.12,0.2,333.09378070334,0.0146122080198595,0.881745034132213,0.657674518684002,0.214043868769885
10.13,0.2,334.977509285144,0.00900674870380216,0.882029945490613,0.655388109251376,0.216472326214181
10.14,0.2,336.674726934067,0.012802718407872,0.880553149480711,0.65607046558437,0.214091609880548
10.15,0.2,338.317510610185,0.0114017932139445,0.883758621256402,0.65628328837466,0.215368922915772
10.16,0.2,339.641787154954,0.0108087568936808,0.881822417853166,0.657383024391397,0.214912151195642
10.17,0.2,340.423272536722,0.0115023481961364,0.885326561036957,0.654971318940487,0.214877483030544
10.18,0.2,340.995755860207,0.00865085252087771,0.881145152173812,0.65701824792509,0.215879298437776
10.19,0.2,341.444854633098,0.0096499250446939,0.880839699902196,0.655986289930201,0.21342872285096
10.2,0.2,341.764748489051,0.00857069912220183,0.881451544259497,0.657342451981766,0.212755285187407
10.21,0.2,342.08604183216,0.010045512159775,0.883320958053751,0.656939919743561,0.215691031017363
10.22,0.2,342.408718424476,0.00999934086199259,0.884773656227926,0.654181397534475,0.213388897890492
10.23,0.2,342.732761302585,0.0119669779445722,0.886632383194747,0.655672895822258,0.214116341775087
10.24,0.2,343.058152782348,0.00991826124065112,0.885984734046072,0.657650186444878,0.212188130872406
10.25,0.2,341.297965175552,0.0127277659856933,0.887731792592504,0.657099857788589,0.212061979553257
10.26,0.2,337.737493998912,0.013625982514186,0.886429829434922,0.655079448412427,0.214400275697352
10.27,0.2,335.550071449491,0.0157849666621998,0.888876613721326,0.658858234563326,0.21600842776834
10.28,0.2,333.900901740887,0.0181119668893177,0.887518276380799,0.654087396896822,0.21755703822436
10.29,0.2,332.435561266747,0.0165434876465952,0.885691242975108,0.657197527594133,0.216743798223264
10.3,0.2,331.038880852395,0.0196573783782312,0.886796687463558,0.65503025928118,0.214056512908353
10.31,0.2,329.674670222765,0.0197466731943,0.889093019969498,0.655355860090693,0.214018313373859
10.32,0.2,328.331508882694,0.0175605703523716,0.889933121109123,0.655731751864885,0.214573313649552
10.33,0.2,327.005673889474,0.0222038459050527,0.888655434770516,0.657549894434815,0.212845602426481
10.34,0.2,325.695828238733,0.0244309190172304,0.889279594282089,0.658460994383466,0.213817077409175
10.35,0.2,324.401373515058,0.0226843850879535,0.889015840024345,0.656143335787633,0.213534742209344
10.36,0.2,323.121939890044,0.0230634355272093,0.890861355955394,0.654287051566454,0.214361771364069
10.37,0.2,321.857228486427,0.0253512215264774,0.888595635563943,0.65596617745512,0.214643148450098
10.38,0.2,320.606962739167,0.027419457766498,0.892611257055103,0.654707503069179,0.214822170588502
10.39,0.2,319.37087342084,0.0275766150095199,0.889785116233141,0.654602762543003,0.213086139513766
10.4,0.2,318.148694048557,0.0295727524324259,0.893745910856431,0.655042270490866,0.216494507591026
10.41,0.2,316.9401594876,0.0317392198370267,0.892601605259782,0.654050452767889,0.212014527685655
10.42,0.2,315.745005538024,0.0306137336212026,0.89202240910136,0.655216254104116,0.214779971508897
10.43,0.2,314.562968823206,0.031899247867684,0.89276041529776,0.658240509296516,0.212645651833686
10.44,0.2,313.393786771181,0.0309446039689372,0.894426036557172,0.657675341901234,0.215526198739567
10.45,0.2,312.237197624631,0.0319307980172397,0.894119231319295,0.657380268008319,0.216960572796623
10.46,0.2,311.092940459887,0.0351797003237165,0.893968904267152,0.655921830712195,0.216573994344615
10.47,0.2,309.96075520898,0.0363595228163454,0.894846946805273,0.655626447950683,0.215253036427311
10.48,0.2,308.840382682898,0.0358608941380931,0.897651301612898,0.655121436487146,0.214323686831617
10.49,0.2,307.731564595536,0.036362934539464,0.896603298039534,0.657837511737277,0.216550272852191
10.5,0.2,306.634043588153,0.0362381216393435,0.894253798679903,0.655981046449459,0.213190536513397
10.51,0.2,305.547563254327,0.0390298034813268,0.89728801797194,0.655664874052896,0.215168632392902
10.52,0.2,304.471868165389,0.0408572280409122,0.897612092266604,0.656216190960168,0.216181087235719
10.53,0.2,303.406703896356,0.0395184729066591,0.897111719331199,0.654670301560522,0.214997650624845
10.54,0.2,302.351817052358,0.0431496946273725,0.896466750465386,0.655033936220143,0.215808732722869
10.55,0.2,301.306955295592,0.0420107373750442,0.899792701398798,0.655918210111825,0.215500123428422
10.56,0.2,300.271867372796,0.043340533814844,0.899982519460101,0.656256107334044,0.216282266363636
10.57,0.2,299.246303143256,0.0455797547060995,0.901314471738368,0.65532368035346,0.214702428501779
10.58,0.2,298.230013607366,0.0458497429697018,0.902039348248007,0.65467461161767,0.21621860976435
10.59,0.2,297.22275093573,0.0461685142317475,0.89888589260687,0.656319157684306,0.215943442263644
10.6,0.2,296.224268498829,0.0476263545613119,0.900434047748921,0.65403252418319,0.213872586300043
10.61,0.2,295.234320897249,0.0475402579668885,0.901618168843605,0.656280159066714,0.215562309368175
10.62,0.2,294.252663992475,0.0474507274528589,0.903046751821706,0.653051026386495,0.215357949966203
10.63,0.2,293.279054938261,0.0507177014054518,0.900778594909506,0.653340652958305,0.216224483495046
10.64,0.2,292.313252212569,0.0498605080616832,0.902495654018824,0.656623013522402,0.21434344578967
10.65,0.2,291.35501565008,0.0522769229682507,0.902047131819032,0.652911986438497,0.215631810862985
10.66,0.2,290.404106475285,0.0544466900012097,0.903000034238443,0.653917290234525,0.216696217840386
10.67,0.2,289.460287336134,0.0515700989886723,0.903255268993227,0.652173200149031,0.21633020058274
10.68,0.2,288.52332233827,0.0512958719655483,0.903212878181948,0.654707479491082,0.216483562835791
10.69,0.2,287.592977079808,0.0551620087664075,0.904862473166503,0.654769024509286,0.214233925874445
10.7,0.2,286.669018686682,0.0567847039087083,0.904931009886645,0.653832310625878,0.215263350020399
10.71,0.2,285.751215848541,0.0562625441384343,0.903661221807246,0.653813732083493,0.216797359787145
10.72,0.2,284.839338855181,0.0576181818737204,0.905669183222576,0.653267040876985,0.213415411054438
10.73,0.2,283.933159633514,0.0574910480189772,0.90858969877424,0.653217934733346,0.215773451849761
10.74,0.2,283.032451785053,0.0604080634013496,0.90099230709803,0.653104754335378,0.213611127755292
10.75,0.2,282.136990623901,0.0593587140600434,0.904857926383415,0.651144115599447,0.214521016244003
10.76,0.2,281.246553215243,0.0602292941219569,0.903731779062656,0.653169236013676,0.215200573596414
10.77,0.2,280.360918414302,0.0613677940610509,0.907055359578393,0.652817278408537,0.214415179053254
10.78,0.2,279.47986690576,0.0637592988975774,0.910508066145353,0.653451397811235,0.214519434741925
10.79,0.2,278.603181243627,0.0620742385793724,0.908611299129952,0.65323694949453,0.212794419916425
10.8,0.2,277.730645891518,0.0664037123315208,0.906150762696943,0.650699104356832,0.215744690421344
10.81,0.2,276.86204726334,0.0647501101934157,0.907176870294023,0.653182029858218,0.215833000020584
10.82,0.2,275.997173764353,0.0630923993528593,0.908686555172785,0.654781279153906,0.214098133344647
10.83,0.2,275.135815832583,0.0663816011057227,0.907594984759615,0.652521737897707,0.214134074532494
10.84,0.2,274.277765980565,0.0663128514909203,0.906810127503532,0.650636378703254,0.214392815071872
10.85,0.2,273.422818837383,0.0654685944626508,0.908377495616429,0.654265235814015,0.213783562909224
10.86,0.2,272.570771190987,0.0714844761431702,0.91069613546836,0.651619049999416,0.216116412208947
10.87,0.2,271.72142203075,0.0709655569245227,0.912274310597233,0.650391519254762,0.21415967341471
10.88,0.2,270.874572590237,0.0687127464880071,0.911236849330209,0.651793107510037,0.216115183459892
10.89,0.2,270.030026390157,0.0738521678030198,0.912370593371455,0.65080479750538,0.214793680451587
10.9,0.2,269.187589281459,0.0708290958590578,0.911380862613971,0.651327338920739,0.213253438179208
10.91,0.2,268.347069488541,0.0739814951598953,0.911979210997173,0.654088327727128,0.215672606775723
10.92,0.2,267.508277652534,0.0743152890615913,0.912752450498853,0.648948764966321,0.214979342354518
10.93,0.2,266.671026874634,0.074204985930933,0.910736592774467,0.652026404111766,0.214524997527511
10.94,0.2,265.835132759418,0.0746646097596498,0.908618187998322,0.650055946185574,0.217611850143054
10.95,0.2,265.000413458145,0.0762840782672198,0.911233633424225,0.650615749187181,0.21681818708837
10.96,0.2,264.166689711963,0.0758797449219987,0.914290970219693,0.648976017994297,0.216120628981129
10.97,0.2,263.333784895003,0.077332288372822,0.915197353785257,0.649821548890333,0.214699305112242
10.98,0.2,262.501525057315,0.080176975190289,0.91196443011092,0.65112525277008,0.216450873623546
10.99,0.2,261.669738967599,0.0791349785693874,0.913991833019567,0.648627734182246,0.213944971571289
11,0.2,260.838258155686,0.078620710728908,0.914887602295246,0.645928589806902,0.213904035085684
11.01,0.2,260.006916954734,0.0789643272478003,0.917365883401984,0.650291612079835,0.215899787359523
11.02,0.2,259.175552543086,0.0834682656694157,0.913995824139081,0.651168060203721,0.215622040012097
11.03,0.2,258.34400498574,0.0826772976392395,0.915810717587834,0.650187514843282,0.21582666146281
11.04,0.2,257.512117275398,0.0834269007455634,0.916080573221853,0.650173886844327,0.216092552272491
11.05,0.2,256.679735373038,0.0856041816462125,0.91705431178918,0.647025414909871,0.213233384031192
11.06,0.2,255.84670824796,0.0864106441229711,0.919116305095619,0.649673836108773,0.213125228286008
11.07,0.2,255.012887917265,0.0888333761257857,0.916874005044217,0.648321401852791,0.215684250431147
11.08,0.2,254.17812948471,0.0871401923747467,0.916747654248148,0.651795017095492,0.214997127280337
11.09,0.2,253.342291178906,0.0852174814622778,0.918757909398072,0.647582616503716,0.215151984909481
11.1,0.2,252.50523439079,0.0878471037906547,0.917190328605146,0.648378477728796,0.215980083843796
11.11,0.2,251.666823710339,0.0893961433671259,0.919073101221102,0.64820436136921,0.21695922026267
11.12,0.2,250.826926962465,0.0920991557484954,0.920736602702568,0.649099925360209,0.213001820714851
11.13,0.2,249.985415242056,0.088802503232482,0.919251271349255,0.6476639300571,0.21332575324224
11.14,0.2,249.142162948103,0.0956178115106665,0.921673811039917,0.643099451966289,0.216456201285554
11.15,0.2,248.297047816862,0.0923980071142178,0.920723101448884,0.647771190479129,0.216616276742491
11.16,0.2,247.44995095402,0.0913954908642499,0.922534900075298,0.65101379375247,0.213333413708263
11.17,0.2,246.6007568658,0.0948454683062283,0.919517102396634,0.646556828353452,0.213821135873922
11.18,0.2,245.749353488957,0.0948587468935729,0.922288231447177,0.6477553218294,0.213433994370658
11.19,0.2,244.895632219642,0.0951696420478531,0.923651224631057,0.647114814050771,0.212519209781754
11.2,0.2,244.039487941051,0.098804722501666,0.919960492490848,0.646595375721767,0.217152636821396
11.21,0.2,243.180819049846,0.0985746373010212,0.921367583386381,0.648376459884285,0.215555309432165
11.22,0.2,242.319527481279,0.0970640121534899,0.925027462514994,0.648360085048211,0.214905548132773
11.23,0.2,241.455518732997,0.0976868031691493,0.92119762321692,0.646782617139307,0.213780291894592
11.24,0.2,240.588701887458,0.101422499793488,0.92115984158309,0.648315911999069,0.216779564772527
11.25,0.2,239.718989632943,0.101282190339811,0.922448194408211,0.647576372149973,0.215247750146621
11.26,0.2,238.846298283103,0.105075863860979,0.924237162619482,0.645693445960103,0.21354055169766
11.27,0.2,237.970547795007,0.103737807333228,0.92316033695444,0.649965537307687,0.216230379902473
11.28,0.2,237.091661785656,0.103707820807439,0.925130426745384,0.646369381571304,0.216943654952357
11.29,0.2,236.20956754692,0.105782992753075,0.927106453611706,0.644144048326564,0.215046591472149
11.3,0.2,235.324196058861,0.107250949137154,0.924849473880542,0.646219724304775,0.215913188739581
11.31,0.2,234.435482001407,0.107229797664576,0.925335113962991,0.646854090967807,0.215304912497648
11.32,0.2,233.543363764356,0.10916040711919,0.927496787586384,0.648798142895239,0.216326035701059
11.33,0.2,232.647783455648,0.105854580398063,0.924970974921625,0.644811102810595,0.215584155401866
11.34,0.2,231.748686907912,0.109125179270323,0.924981616500244,0.646323464761953,0.214299493298304
11.35,0.2,230.846023683227,0.110203434258329,0.927222358754322,0.644017413683904,0.21399225198359
11.36,0.2,229.93974707609,0.114184763475174,0.928581580293774,0.643170371170739,0.214736520770021
11.37,0.2,229.029814114554,0.111746406604658,0.92835972019087,0.644645077361888,0.212903423859991
11.38,0.2,228.116185559522,0.111276491344295,0.925905988539269,0.644887355484899,0.213836972313655
11.39,0.2,227.198825902166,0.116931078126789,0.925761792021846,0.647660197326825,0.214729479277538
11.4,0.2,226.277703359453,0.115536524044491,0.926861524876306,0.646754337845028,0.213072143205055
11.41,0.2,225.352789867774,0.116592850636202,0.926813557021069,0.643823014758222,0.216390700530094
11.42,0.2,224.424061074634,0.11437432413853,0.928239302975163,0.643496864073987,0.214427000445876
11.43,0.2,223.491496328411,0.120076237268762,0.928651413062057,0.642253983006138,0.21439986232973
11.44,0.2,222.555078666171,0.120470788966778,0.931143572361529,0.64585120416495,0.213163765841423
11.45,0.2,221.614794799513,0.121880477163612,0.926981777144797,0.644548659703205,0.215478541877171
11.46,0.2,220.670635098452,0.12039746508918,0.928476902751645,0.642682860750271,0.214342132087257
11.47,0.2,219.722593573336,0.119627224342286,0.929372697803265,0.645005804335513,0.21699222587476
11.48,0.2,218.770667854779,0.122126309750382,0.927188361719354,0.645765146893292,0.215696046938264
11.49,0.2,217.814859171627,0.121925256171887,0.930759187025964,0.641926317019739,0.214333313132681
11.5,0.2,216.855172326945,0.124706507150364,0.931386516763025,0.644756917146156,0.215634692206408
11.51,0.2,215.891615672037,0.127086559445516,0.931304180296894,0.646245244331752,0.215936294895572
11.52,0.2,214.924201078504,0.12640826222732,0.930428840349574,0.643659962559677,0.216552468903617
11.53,0.2,213.952943908346,0.125595356046808,0.932395806799681,0.643081047347405,0.214753522865381
11.54,0.2,212.977862982115,0.128450904791895,0.932371156211126,0.645012709710928,0.21556252085807
11.55,0.2,211.998980545148,0.127840875060122,0.931654734828519,0.643709931543899,0.217149692461054
11.56,0.2,211.016322231874,0.128237163087443,0.930594844142418,0.641532659202302,0.215564190335845
11.57,0.2,210.029917028227,0.128549562477357,0.933108999527687,0.644458384374453,0.214213473808759
11.58,0.2,209.039797232184,0.130194162282709,0.932330667070338,0.644996367299655,0.212905754647576
11.59,0.2,208.045998412441,0.136051572718473,0.934512019759692,0.645251220043432,0.21647572766709
11.6,0.2,207.048559365264,0.135323145986938,0.934223950628684,0.646729674579706,0.215674950222842
11.61,0.2,206.047522069529,0.133197808476745,0.93263514572841,0.645251359282845,0.21593734337389
11.62,0.2,205.04293163999,0.13736840194884,0.933502462665992,0.646075805499189,0.218993914178884
11.63,0.2,204.034836278801,0.140285137941109,0.932377083396744,0.643417119899741,0.215946395327945
11.64,0.2,203.023287225326,0.138641823209062,0.933918987743306,0.644911163513704,0.215035849081826
11.65,0.2,202.008338704268,0.143172734718451,0.933021734525006,0.645407537094545,0.214129070996233
11.66,0.2,200.990047872169,0.140624745483388,0.931918058870804,0.643523392745682,0.215033206638637
11.67,0.2,199.968474762293,0.144968921838221,0.934282182927245,0.644184831990998,0.216333740611061
11.68,0.2,198.943682227963,0.14120025591579,0.93408856315455,0.643061452755972,0.216048149890841
11.69,0.2,197.915735884375,0.143762813514651,0.934091454973417,0.644690762502265,0.215682159995314
11.7,0.2,196.884704048939,0.147796740469855,0.934113632705375,0.640898241654565,0.215657083134851
11.71,0.2,195.850657680199,0.145158407197817,0.934698702694336,0.640208199621642,0.215067590192134
11.72,0.2,194.813670315367,0.1486428502847,0.935935589872872,0.64599491556198,0.215609161039342
11.73,0.2,193.773818006542,0.146905661827639,0.933625545569559,0.642839701489572,0.216315066956302
11.74,0.2,192.731179255636,0.148673116412659,0.935062045509623,0.641306150743746,0.215090585584951
11.75,0.2,191.685834948093,0.150481843300835,0.935077097912674,0.642878751496501,0.215069545748019
11.76,0.2,190.637868285422,0.15462184879246,0.935125252520168,0.645236945371964,0.214499622524618
11.77,0.2,189.587364716635,0.151875712952992,0.934887523562162,0.642389056212044,0.216303540173835
11.78,0.2,188.534411868608,0.155829044448912,0.935571591758209,0.643424389517645,0.215669161229129
11.79,0.2,187.479099475459,0.155416778351943,0.936342441649865,0.644089431975135,0.214510625296331
11.8,0.2,186.421519306977,0.157589678470667,0.936838267750824,0.643036782072313,0.213457222659886
11.81,0.2,185.361765096173,0.160887201749716,0.941904366499573,0.644477148115672,0.214514798794769
11.82,0.2,184.299932466017,0.159531680392097,0.936262613889286,0.643813813435696,0.215349618258307
11.83,0.2,183.236118855408,0.161216948900458,0.93814505301622,0.646765239489123,0.213693834790044
11.84,0.2,182.170423444463,0.162904517093138,0.939273531700638,0.645057453338777,0.216591659127462
11.85,0.2,181.102947079163,0.166213213567599,0.937725334408043,0.644708788796083,0.215079783298433
11.86,0.2,180.033792195439,0.164691897187782,0.938144919295575,0.642865467889076,0.216798954285905
11.87,0.2,178.963062742754,0.163453335167252,0.939112991314044,0.640774853550231,0.212015367466863
11.88,0.2,177.890864107247,0.165399587769926,0.938123126296405,0.641904091173916,0.216231794671433
11.89,0.2,176.817303034502,0.16874118765608,0.937984513902871,0.645918923011976,0.212166790973637
11.9,0.2,175.742487552014,0.16889201730982,0.939584316683636,0.644084405621085,0.212555362755449
11.91,0.2,174.666526891409,0.170014196664216,0.939858645593943,0.643891579473955,0.215628011346187
11.92,0.2,173.589531410489,0.171929418129939,0.936971124898244,0.642555620765375,0.215190764795177
11.93,0.2,172.511612515168,0.174352555282288,0.938142898155658,0.643135583850573,0.214276427718612
11.94,0.2,171.432882581355,0.172741928639069,0.939293220004148,0.640578228585385,0.215330461192663
11.95,0.2,170.353454876867,0.174945931478489,0.942077972985899,0.644935593029783,0.215084651117308
11.96,0.2,169.273443483415,0.179495006642319,0.941593839538491,0.643244213175086,0.214574986400343
11.97,0.2,168.192963218743,0.178907116514102,0.940714200463005,0.643573162862964,0.215483395652587
11.98,0.2,167.112129558981,0.18028553663844,0.939013214216005,0.646035843309722,0.212842751919845
11.99,0.2,166.031058561268,0.180798155738283,0.93908536557889,0.643903272672744,0.212288094574351
12,0.2,164.949866786714,0.182787837610701,0.938901763340409,0.643864110123824,0.214913204083574
12.01,0.2,163.924426585165,0.18469111299439,0.941921531135072,0.644525763196183,0.212520710162562
12.02,0.2,163.370277176826,0.183212075323237,0.939710070959494,0.64193885471716,0.217833806226377
12.03,0.2,163.071302800502,0.183448109043628,0.939632107229109,0.645644956016659,0.215629753899138
12.04,0.2,162.834407179476,0.184193809524038,0.940572283681082,0.646070681523458,0.212516856927097
12.05,0.2,162.697964682547,0.187123662437231,0.9406737300601,0.64673976603449,0.214406779099548
12.06,0.2,162.69958469324,0.186285432494563,0.940766434324048,0.644482790146525,0.212951030275634
12.07,0.2,162.712398144392,0.185441077497531,0.940708050953931,0.645707438144164,0.216486396980074
12.08,0.2,162.723895982865,0.189092802281796,0.940105787370444,0.646638363958283,0.216060764199551
12.09,0.2,162.734085160496,0.18709051498567,0.939230318891831,0.646601225959966,0.213235526314119
12.1,0.2,162.74297285973,0.184789848898226,0.941622021924127,0.643952722496045,0.214842789412214
12.11,0.2,162.750566490918,0.18727958222301,0.939952030080497,0.644618908703312,0.215330623206367
12.12,0.2,162.756873689541,0.185658092663827,0.944664544360493,0.645747333494756,0.214503775416149
12.13,0.2,162.761902313366,0.186981210472572,0.942482488170045,0.642718119115617,0.214922019980537
12.14,0.2,162.765660439535,0.184149521905552,0.939794426458502,0.645957320059432,0.21355408446717
12.15,0.2,162.768156361589,0.18504856286397,0.941514743426828,0.643811275375245,0.215909334990976
12.16,0.2,162.769398586417,0.18533529665559,0.944513599715205,0.643485452222607,0.214129982970636
12.17,0.2,162.769395831147,0.187521599700486,0.942932903074989,0.646595096321902,0.217647445633162
12.18,0.2,162.768157019972,0.18514145438196,0.941601787811134,0.646639886928483,0.216172158178261
12.19,0.2,162.765691280901,0.186629580828382,0.944071826470479,0.645803060573737,0.213723893125841
12.2,0.2,162.762007942459,0.18404319768975,0.943077716876339,0.646607181436236,0.213638165108626
12.21,0.2,162.757116530312,0.185520998059302,0.942815984586412,0.648111713853032,0.215349711697517
12.22,0.2,162.751026763836,0.183492260455571,0.940855346203522,0.645137382239772,0.216632542863407
12.23,0.2,162.743748552624,0.182994462562731,0.942857490676223,0.644938899028192,0.214687971029576
12.24,0.2,162.735291992927,0.186461781367091,0.943642599010981,0.647924454808627,0.216605787267771
12.25,0.2,162.684585533906,0.187525900223336,0.941060552506808,0.646441332806917,0.215786842002289
12.26,0.2,162.517088236472,0.185556497324035,0.942866655478993,0.643853506624618,0.21466234325056
12.27,0.2,162.400141612055,0.187007901519289,0.945200171008461,0.646215937567873,0.21279493142275
12.28,0.2,162.296516465427,0.18632706979833,0.940316636637289,0.645788489631583,0.214776458979623
12.29,0.2,162.191187879263,0.18974278185627,0.944152298228688,0.645833424693523,0.212995806935429
12.3,0.2,162.081254600157,0.187058361165933,0.944237855660719,0.645491906585235,0.21433397716655
12.31,0.2,161.965430846398,0.19063222159698,0.942858280469614,0.644949260809564,0.218466765161883
12.32,0.2,161.843176350556,0.184658653372834,0.943832867832146,0.64838183154563,0.214063038288442
12.33,0.2,161.71491253186,0.187593513357813,0.943561111321412,0.648405123090553,0.21705097732233
12.34,0.2,161.581000054972,0.189115469515259,0.942074754810166,0.64860611015415,0.215672009781501
12.35,0.2,161.44096504127,0.186099127507009,0.939138677661311,0.64922488226577,0.213754631091366
12.36,0.2,161.294828218925,0.186098611251025,0.942752990252674,0.646711244810528,0.216106519761167
12.37,0.2,161.143606803482,0.187197726297183,0.944587735304344,0.645486345236792,0.213633041913711
12.38,0.2,160.986883565875,0.188298415388106,0.944166508997517,0.649300387356383,0.216410563790346
12.39,0.2,160.824298536875,0.18742000210695,0.945003838883123,0.647674291753822,0.214876036100137
12.4,0.2,160.656563604259,0.186531697388501,0.944488590489432,0.64956090973908,0.213717132497215
12.41,0.2,160.484208715422,0.187097508718657,0.941910226391253,0.649014235874403,0.216866717322686
12.42,0.2,160.306498135801,0.187593278874977,0.942317588098435,0.647949157466301,0.216782496052695
12.43,0.2,160.123410703631,0.190439882152965,0.945801446801803,0.646734784736062,0.214771458935782
12.44,0.2,159.936297535392,0.191851272102158,0.943643853892767,0.648719659089404,0.214660336953334
12.45,0.2,159.744562991317,0.18802989236293,0.944553377348245,0.651442971732136,0.214304108035864
12.46,0.2,159.547689834725,0.189468319552603,0.943173032915617,0.646640479240322,0.215690097894466
12.47,0.2,159.346545494498,0.187619242169495,0.943741762320714,0.648903953169225,0.217336121316799
12.48,0.2,159.141776024352,0.189835349529712,0.944676186705916,0.650247243594408,0.212770759882246
12.49,0.2,158.932431244541,0.191774776996654,0.944920185949739,0.649900076251052,0.214768352221381
12.5,0.2,158.718451717062,0.191547582360293,0.944198132699379,0.648974077394878,0.213595386763227
12.51,0.2,158.50143573478,0.19174399223913,0.942671202901044,0.647826965728423,0.21441008606302
12.52,0.2,158.280652325174,0.189700616363681,0.943726039582449,0.649208894695652,0.216009311377694
12.53,0.2,158.055464858687,0.191876583282035,0.945414291144842,0.648155382909962,0.21714853961799
12.54,0.2,157.826857675996,0.192774158205279,0.942463850598852,0.651189681690318,0.217037344320103
12.55,0.2,157.595563432186,0.190112699335902,0.94456505927125,0.647440954635756,0.215472700673097
12.56,0.2,157.360467249643,0.1918133856425,0.94391284823243,0.651709224315406,0.214373681095696
12.57,0.2,157.12140090221,0.192285895454086,0.943302959543651,0.648627516421474,0.215117583460845
12.58,0.2,156.879566062616,0.190651207585131,0.944964526883503,0.653363313477245,0.215519364672248
12.59,0.2,156.634424227977,0.194137788090106,0.944799589891316,0.648814180888643,0.215011577952544
12.6,0.2,156.38551486844,0.193323947579751,0.940773491836637,0.650935327958204,0.21501936210557
12.61,0.2,156.133408065029,0.193119326441875,0.942502489118816,0.650069337319706,0.216022780710966
12.62,0.2,155.878558436879,0.194708240999967,0.941789036246581,0.65038172509314,0.216600238343316
12.63,0.2,155.620367027052,0.195203948846741,0.944898043159025,0.648885322282052,0.213504348374523
12.64,0.2,155.358824769867,0.193940810855114,0.943890756687501,0.653006408634774,0.216259741244
12.65,0.2,155.095002951487,0.193892975922555,0.945944302581502,0.650257382448694,0.217465436860449
12.66,0.2,154.828461399479,0.193478215735798,0.944569406819893,0.650930671677033,0.213410599581776
12.67,0.2,154.558820686549,0.194139291292744,0.943240915897643,0.649693192396325,0.214761249876192
12.68,0.2,154.28673419514,0.193890374912243,0.943283757603386,0.651421083645642,0.215830237991635
12.69,0.2,154.012698615848,0.195500453548011,0.9435817893006,0.654307392863529,0.214213349880551
12.7,0.2,153.736043487983,0.197511514009971,0.943618866816354,0.652567560942441,0.214110297940099
12.71,0.2,153.456742117593,0.196203440668429,0.944658927891159,0.649668543836659,0.216144095226678
12.72,0.2,153.175934018368,0.198712252111488,0.943459678617836,0.653812446473851,0.214441951995416
12.73,0.2,152.893133879061,0.195529740481857,0.944008054556669,0.65202893487341,0.213314586089665
12.74,0.2,152.60792143144,0.1963382447613,0.941969411830582,0.651276629506124,0.217583548346388
12.75,0.2,152.331022752827,0.195767027147282,0.940673995533495,0.652100650901832,0.215131882003597
12.76,0.2,152.06923461886,0.197478210745158,0.944061135923275,0.651566192472886,0.214855590997739
12.77,0.2,151.810676831202,0.197026732335697,0.94261150748674,0.653089741175332,0.213544244002332
12.78,0.2,151.555763781579,0.19695807295563,0.941567218017368,0.652000704132853,0.213481288471921
12.79,0.2,151.337960668955,0.197482684458402,0.941308603619661,0.650955971890125,0.212913875832286
12.8,0.2,151.139576057982,0.199027429761617,0.941058219539135,0.65152419942058,0.216949068164746
12.81,0.2,150.944727747193,0.195379523942284,0.942752971546795,0.654864717777551,0.213598458906718
12.82,0.2,150.765350750165,0.198791341475757,0.939482856217738,0.655356025992495,0.215738069083484
12.83,0.2,150.610703298401,0.199737650851185,0.942431511644854,0.653344573391245,0.214501623386071
12.84,0.2,150.46255588045,0.198155486139553,0.941418338846135,0.652403310477504,0.216349121548526
12.85,0.2,150.316724911851,0.199066682331019,0.941608563436109,0.652843280740006,0.217173238885913
12.86,0.2,150.188580929285,0.196903245899445,0.942175886395674,0.651697101469652,0.215385753194215
12.87,0.2,150.069247101082,0.197101290784265,0.941013518270605,0.653945028824124,0.214060619513059
12.88,0.2,149.950899718746,0.198528825600066,0.94189673301061,0.658332769041431,0.214985959881109
12.89,0.2,149.838514846057,0.199723229407493,0.940832278395028,0.652953942889577,0.212788301819328
12.9,0.2,149.736121259508,0.198409384277689,0.94441011085103,0.654570587161406,0.213774351257195
12.91,0.2,149.635804692389,0.199203804595116,0.942100692550396,0.656700501883175,0.211951750456611
12.92,0.2,149.535794673657,0.200071412719426,0.94167724938968,0.655321125583161,0.213986568667012
12.93,0.2,149.443010110925,0.197290451633002,0.943626542895597,0.65338579118628,0.214478025860061
12.94,0.2,149.353535896454,0.203330490047432,0.940677175386187,0.653717657892024,0.214671335009064
12.95,0.2,149.263911691016,0.199001773219937,0.939619373851883,0.655098456012558,0.213444997677203
12.96,0.2,149.176687995092,0.199297815723397,0.941851229463726,0.65429197955105,0.216055696777231
12.97,0.2,149.093891084205,0.197536254576923,0.940527304689065,0.653718425996691,0.213650599344145
12.98,0.2,149.011692647756,0.199671256137869,0.94350651699385,0.657059406145729,0.21718022418415
12.99,0.2,148.929315960359,0.200137337821277,0.942138394024424,0.655440595471237,0.213207491273912
13,0.2,148.85062441262,0.199271751181543,0.939909056062356,0.652761586303725,0.213683820097694
13.01,0.2,148.773509276536,0.200300414570955,0.938507125616062,0.652752049270923,0.215003070077476
13.02,0.2,148.696096956627,0.201169840716597,0.940868203704517,0.655488140938626,0.215551876928051
13.03,0.2,148.620033739501,0.198049275355065,0.939464108265734,0.655728003401293,0.21654645758093
13.04,0.2,148.546599718394,0.198030616011766,0.93949927843724,0.656676935627733,0.214199892804421
13.05,0.2,148.473467921355,0.200574462897329,0.939679284968302,0.657158251355161,0.216776039944152
13.06,0.2,148.400187956338,0.200507953066868,0.939678775427344,0.658230317528987,0.214384101486982
13.07,0.2,148.329225794381,0.201103064581245,0.938969194632328,0.655115308311198,0.214854861482965
13.08,0.2,148.259266520633,0.199111849959775,0.936705993009947,0.655325894530375,0.212443301250641
13.09,0.2,148.189138533058,0.201202801721627,0.936350749185685,0.657632171388749,0.215855569246652
13.1,0.2,148.119770334119,0.200884814259132,0.939000812403583,0.653644289558562,0.214996892968844
13.11,0.2,148.051906909303,0.201265289364474,0.936563204705217,0.657973311242783,0.215716933474992
13.12,0.2,147.984227967473,0.199439109931848,0.937346285362242,0.654311469443036,0.21522148767701
13.13,0.2,147.916477125147,0.198948040268395,0.936867197162181,0.658473909789262,0.214763319609949
13.14,0.2,147.849995018113,0.199823468287839,0.938142907167993,0.655166352168943,0.215194824786623
13.15,0.2,147.784087402761,0.201069846641051,0.938264641570289,0.656653157070015,0.213786023074468
13.16,0.2,147.71813616249,0.200381885965435,0.938702402336197,0.656653750014995,0.213393822991329
13.17,0.2,147.652663585356,0.202298549920313,0.938685157627467,0.656391441586105,0.217834163826456
13.18,0.2,147.588091367915,0.200935697008034,0.938724759911336,0.654547483061817,0.21588782820713
13.19,0.2,147.523712580478,0.201452133282691,0.937887184600961,0.654897066325822,0.215114210618742
13.2,0.2,147.459394543989,0.19928514172941,0.937486715750305,0.656346699527518,0.215766149606335
13.21,0.2,147.395845811443,0.202289594102997,0.93626596934289,0.656125919620619,0.216169952707067
13.22,0.2,147.332716787779,0.200535083561203,0.938311523636357,0.655311211061326,0.214454680097153
13.23,0.2,147.269696395832,0.197901706461465,0.937149103162443,0.656491805294167,0.214149053516866
13.24,0.2,147.206928254586,0.202383334896465,0.936627668743614,0.656060436256435,0.211682514875045
13.25,0.2,147.144553670066,0.200326899043379,0.936333045681995,0.656127750115623,0.215652864805547
13.26,0.2,147.082367234851,0.199262270230951,0.935398774231846,0.654143514130947,0.214516966862942
13.27,0.2,147.020348207829,0.199219508357562,0.935785437150218,0.655719447874907,0.211668743101493
13.28,0.2,146.958768922242,0.201697584287957,0.93601729377425,0.65670505462239,0.215547897720026
13.29,0.2,146.897517618433,0.199257954941158,0.933422363869759,0.654009598109435,0.213011427622042
13.3,0.2,146.836494504019,0.202688446189916,0.935372093225138,0.65565032963624,0.215798104403506
13.31,0.2,146.775809560701,0.201097896429044,0.932383311222749,0.655544907126075,0.214087228186366
13.32,0.2,146.715554300383,0.197391590654054,0.933026037602585,0.655785810063247,0.216784616771717
13.33,0.2,146.65561199563,0.200800700484868,0.934941638582759,0.655869939631132,0.214678482984928
13.34,0.2,146.595993487186,0.201919963744802,0.933995919070286,0.655594782343112,0.216215291421838
13.35,0.2,146.537018693152,0.200896950871845,0.936033934445301,0.657078869658711,0.215636930182645
13.36,0.2,146.478543872197,0.201789694751091,0.934468796006416,0.657682859660511,0.214783642951253
13.37,0.2,146.420403307991,0.200871434012329,0.935615574441095,0.655652771292244,0.213960152770906
13.38,0.2,146.362353248982,0.200506088898587,0.933300097295802,0.65507899561968,0.216525474028013
13.39,0.2,146.304355487131,0.19845151815947,0.934160917258009,0.655602183929212,0.213935181264267
13.4,0.2,146.246411553433,0.198264825844006,0.935018649264583,0.65690689807306,0.215030193133947
13.41,0.2,146.188522731031,0.19970014213162,0.932465008425573,0.657118454037539,0.213164152433922
13.42,0.2,146.130690055101,0.201536155142482,0.931589063116725,0.657309734887615,0.217315578855551
13.43,0.2,146.072914312845,0.200305789266513,0.934767201387862,0.655627716185288,0.216418052859393
13.44,0.2,146.015196043597,0.197719375474764,0.932958925482512,0.655926537985412,0.214130412558552
13.45,0.2,145.957535539035,0.19951607440284,0.931482834749844,0.653807214176248,0.215580059365637
13.46,0.2,145.899932843508,0.202146633385013,0.931236620388824,0.655884898885912,0.21572005263008
13.47,0.2,145.842387754464,0.201273482564464,0.928883184137335,0.654408133150847,0.216624901260515
13.48,0.2,145.784899822999,0.199697666940525,0.933468677867948,0.657413987853404,0.215321011198147
13.49,0.2,145.727468354507,0.199985638907852,0.934180523505194,0.654748453138233,0.215135145321085
13.5,0.2,145.670092409446,0.199624487302964,0.930257273960432,0.654979069274028,0.213121730480143
13.51,0.2,145.612770804204,0.199999317226767,0.929703756533957,0.657843966053067,0.215258850292004
13.52,0.2,145.555502112084,0.200321991386908,0.930091980212373,0.656996538078459,0.215010365803982
13.53,0.2,145.498284664391,0.198761574711136,0.931083302528256,0.655104606237908,0.217536687579632
13.54,0.2,145.441116551631,0.200771107643489,0.927502854278853,0.657647816756028,0.214437056847606
13.55,0.2,145.383995624811,0.198720246343297,0.930360122440194,0.656389848126033,0.214198874508894
13.56,0.2,145.326919496852,0.198873210308473,0.925506780585454,0.657873657663287,0.216095498902694
13.57,0.2,145.269885544107,0.203542411986491,0.928442840370369,0.658505555383332,0.216044120742212
13.58,0.2,145.212890907983,0.201372302493816,0.928823079411868,0.653720502164533,0.213533561441044
13.59,0.2,145.155932496668,0.199917709662582,0.928635488425435,0.65433573427024,0.215406049916334
13.6,0.2,145.099006986964,0.198265831720839,0.926674623308376,0.655037983095083,0.215293262173314
13.61,0.2,145.042110826219,0.199362109649178,0.925194711546749,0.655686579041265,0.216567349603863
13.62,0.2,144.985240234365,0.202194001108609,0.927884558329952,0.657076929989274,0.215734200072209
13.63,0.2,144.928391206057,0.201138905952262,0.92679304583048,0.655382870647409,0.216064001410695
13.64,0.2,144.87155951291,0.199252023122769,0.92668650100641,0.652877423131152,0.213788403391704
13.65,0.2,144.814740705838,0.20088183956195,0.928306169933497,0.655557688696348,0.212772399348842
13.66,0.2,144.757930117487,0.200884609926518,0.924529068531143,0.654370633643192,0.214633048803085
13.67,0.2,144.70112286477,0.198088352530939,0.925290114036332,0.653412794367404,0.216951429174784
13.68,0.2,144.644313851496,0.197590876863154,0.925975932000041,0.65779147483989,0.215802435724436
13.69,0.2,144.587497771088,0.200038009914856,0.924588085178785,0.654894284157092,0.214761192792154
13.7,0.2,144.530669109404,0.199981881031207,0.925565698998435,0.654627663947496,0.213419298470372
13.71,0.2,144.473822147642,0.199326463597275,0.925233963301277,0.655430755981819,0.214593541838975
13.72,0.2,144.416950965339,0.201330516133626,0.922747505883926,0.653113561885835,0.214845300895264
13.73,0.2,144.360049443458,0.199418413375237,0.925092154484729,0.655186843832874,0.212701516926821
13.74,0.2,144.303111267561,0.200718680608022,0.922568515557584,0.656531266215406,0.213310691681196
13.75,0.2,144.246129931074,0.201303474812716,0.92300986839009,0.654031275029486,0.214984835783533
13.76,0.2,144.189098738626,0.200180034679542,0.923193680717989,0.654176673551797,0.213102323045848
13.77,0.2,144.13201080948,0.200329333619913,0.923732634774559,0.655836047220923,0.212678977678667
13.78,0.2,144.074859081045,0.197931116206553,0.920607511100385,0.654935481647364,0.215871487134956
13.79,0.2,144.017636312459,0.200257187709385,0.922277666004487,0.655617001486953,0.215874372027682
13.8,0.2,143.960335088258,0.202700243530172,0.92124903738097,0.653202660409733,0.215428029924028
13.81,0.2,143.90294782212,0.200761736310791,0.922729272362554,0.653680998741402,0.215508982372968
13.82,0.2,143.845466760681,0.202238646095882,0.921176712916073,0.654547906731339,0.214237442782024
13.83,0.2,143.787883987423,0.201025246630836,0.921031011524047,0.65646279515733,0.216572974371975
13.84,0.2,143.730191426639,0.200478401508603,0.920062195659991,0.653491122496362,0.215969576249419
13.85,0.2,143.672380847455,0.199209050537416,0.920867185987129,0.656018835907472,0.217339729270507
13.86,0.2,143.614443867934,0.201015200398994,0.918116502690684,0.654382948831478,0.215888961879063
13.87,0.2,143.556371959234,0.200253057900091,0.918925114334806,0.652208996862672,0.218008077076776
13.88,0.2,143.49815644983,0.200878095525644,0.919160354149813,0.652140188121132,0.214001287078884
13.89,0.2,143.439788529808,0.19979699293456,0.918796513342128,0.65330242367104,0.214676690958409
13.9,0.2,143.381259255202,0.199434930096559,0.919082419294057,0.653600133777508,0.216676585776799
13.91,0.2,143.322559552404,0.201756199478551,0.918988794985517,0.651071138511788,0.21411283665285
13.92,0.2,143.263680222617,0.200055243075502,0.918475986655227,0.65284603640164,0.217112667746461
13.93,0.2,143.204611946369,0.200323995187285,0.917853968785684,0.651592426498293,0.213847833655629
13.94,0.2,143.14534528808,0.199096069611626,0.919070391207245,0.653682066287939,0.217154594526771
13.95,0.2,143.085870700667,0.19787159361424,0.916706929834623,0.653959680029812,0.214788757482341
13.96,0.2,143.02617853021,0.196503724826395,0.918902316054433,0.651266638320884,0.212589377907785
13.97,0.2,142.966259020658,0.199198527085486,0.914458226406653,0.652304299438237,0.213991656887293
13.98,0.2,142.906102318571,0.198199621327942,0.91331361069816,0.650923729035034,0.214324191005929
13.99,0.2,142.845698477919,0.199387060949267,0.917768861397213,0.65047843427246,0.214399064308413
14,0.2,142.785037464902,0.201955383303561,0.915874424612508,0.652965472537175,0.215671827761892
14.01,0.2,142.724109162823,0.200608206192795,0.915660293114753,0.653582043482473,0.218032783075828
14.02,0.2,142.662903376986,0.200447983068369,0.912749505954545,0.65187429586023,0.214550941395242
14.03,0.2,142.601409839633,0.199185667618739,0.910653127782811,0.65118460242895,0.215090347631763
14.04,0.2,142.491520958109,0.19881234950942,0.914279296291152,0.650382674835466,0.215478540167248
14.05,0.2,142.385768428416,0.199156461629315,0.913190255502362,0.651201603081573,0.215957482676758
14.06,0.2,142.293684839532,0.201666901173286,0.910993708819565,0.652280742827293,0.215168204116639
14.07,0.2,142.20433403224,0.200156824480893,0.91272796143613,0.65068023782302,0.216520309197306
14.08,0.2,142.118142615997,0.203947115496664,0.912593844754362,0.652645840364459,0.213624159998571
14.09,0.2,142.036707871783,0.202000104312548,0.914287637702271,0.651842598960719,0.21422850901377
14.1,0.2,141.955542107913,0.198855413147346,0.911454589780234,0.649682644725622,0.213692844129933
14.11,0.2,141.87336290386,0.199345937854954,0.91069807749733,0.650560739059945,0.214776601605967
14.12,0.2,141.792845429085,0.198895820979356,0.910199556256696,0.652191640052843,0.2144038001025
14.13,0.2,141.712286041066,0.200533373237062,0.911576361788777,0.65000935455874,0.216591176845119
14.14,0.2,141.630121826483,0.199410727303368,0.91027939212938,0.649084626720687,0.2115560420809
14.15,0.2,141.546197598453,0.199446326468775,0.911323841211536,0.650432525924946,0.2133260718581
14.16,0.2,141.460570817863,0.200627628193539,0.910233368268344,0.649008770110281,0.213743685638495
14.17,0.2,141.372770769559,0.200567363749854,0.906308915854352,0.648958525079062,0.215444943026909
14.18,0.2,141.282587787929,0.199189812809931,0.911019008750821,0.6490569466788,0.217082055624762
14.19,0.2,141.189923776868,0.203909933592985,0.910140659967334,0.651705079638372,0.215489701596149
14.2,0.2,141.094711789695,0.198654280258743,0.905944068432795,0.650876821631807,0.214449239365313
14.21,0.2,140.996893203769,0.200892680640967,0.907838825038666,0.647134070772374,0.214554786869594
14.22,0.2,140.896411838021,0.201800954115446,0.90611528575208,0.651399290765006,0.216038048837263
14.23,0.2,140.793212488836,0.200863787720396,0.906840792944274,0.64759408992114,0.213367669035491
14.24,0.2,140.687240589542,0.199529591847129,0.90572791138215,0.649837739962604,0.213794274804864
14.25,0.2,140.578442154097,0.202438466155019,0.907178280150086,0.649299229254453,0.21644591924853
14.26,0.2,140.466763792567,0.200232857905341,0.90516675202554,0.648902742121647,0.213568352793176
14.27,0.2,140.352152744681,0.201540493848941,0.905057647038744,0.647586825085862,0.212951900448402
14.28,0.2,140.23455691786,0.200766958845422,0.906502990470455,0.648409779081873,0.214428549709287
14.29,0.2,140.11392492626,0.201714455106827,0.901704237945785,0.645663737415278,0.214269366151052
14.3,0.2,139.990206129928,0.20158266858204,0.904380638410764,0.647062185271779,0.215439507077501
14.31,0.2,139.86335067382,0.201516068307431,0.905132128451589,0.647971142938335,0.215835056145685
14.32,0.2,139.733309526596,0.197957907898045,0.903170216692039,0.645504563901735,0.214264594984971
14.33,0.2,139.600034519147,0.201696753915744,0.902756301868309,0.649120869627956,0.216360794316996
14.34,0.2,139.463478382813,0.201616169375538,0.901338811555101,0.648891258212123,0.218851825545867
14.35,0.2,139.323594787274,0.202213586087646,0.90200072138312,0.647355771675635,0.214731519742175
14.36,0.2,139.180338378064,0.201842985421748,0.901043934156011,0.649639710206939,0.215038383001965
14.37,0.2,139.03366481369,0.202528769315604,0.901236648062755,0.64520843021477,0.21543781922351
14.38,0.2,138.883530802319,0.201948941017995,0.901973363152572,0.650083635489177,0.218444781945116
14.39,0.2,138.729894138001,0.202388824778483,0.901802522780382,0.645553533766009,0.215918374988352
14.4,0.2,138.572713736393,0.202886849835674,0.899245388832548,0.645281200365923,0.214020785382434
14.41,0.2,138.41194966996,0.203440642435708,0.898825354733891,0.645956312650435,0.214490321285849
14.42,0.2,138.247563202613,0.201098290358134,0.898850205306902,0.646362682654194,0.21646282352095
14.43,0.2,138.079516823755,0.20135460045086,0.899219571120869,0.646917044830449,0.214416197085613
14.44,0.2,137.907774281704,0.201259283901513,0.899171692598814,0.646549196008835,0.215346970973555
14.45,0.2,137.732300616466,0.202860018578632,0.895762161685607,0.644588054636695,0.216593010590911
14.46,0.2,137.553062191806,0.203282591199887,0.901208513520158,0.645867720581402,0.214778521042443
14.47,0.2,137.370026726622,0.202957977145374,0.898206420440735,0.647755878708584,0.216651235192087
14.48,0.2,137.183163325554,0.202634295716753,0.896995375149662,0.647290527445431,0.21503624870353
14.49,0.2,136.992442508823,0.200587621048952,0.895800182175555,0.643617606860223,0.214814910838301
14.5,0.2,136.797836241255,0.202953409897847,0.897245110751796,0.646779284507145,0.213923157482458
14.51,0.2,136.599317960474,0.20364291183346,0.895818056266182,0.646914549889774,0.214505851401368
14.52,0.2,136.396862604219,0.203159584874502,0.898643786231971,0.646058487489031,0.215872224393743
14.53,0.2,136.190446636773,0.203985804835414,0.89562024895227,0.643522075035345,0.214207769977689
14.54,0.2,135.980048074462,0.204944680519719,0.895856152575977,0.648275186563966,0.21426288006568
14.55,0.2,135.765646510204,0.204408811129423,0.89225461351398,0.642983189488115,0.215772229921105
14.56,0.2,135.547223137087,0.20430895216509,0.894122856417509,0.6456492182311,0.213125316920874
14.57,0.2,135.324760770931,0.206360937034169,0.892246245832151,0.64415311233441,0.217075536612526
14.58,0.2,135.098243871833,0.206108437365718,0.894537338004144,0.644093557458641,0.215478676866934
14.59,0.2,134.867658564657,0.204748540540821,0.89409678152554,0.642894698069622,0.214835347876736
14.6,0.2,134.63299265844,0.204040751870554,0.891416600858872,0.645422186889606,0.213591661100989
14.61,0.2,134.394235664711,0.205824569543314,0.891124069397878,0.646373072880038,0.21335474528062
14.62,0.2,134.151378814683,0.201279251732542,0.888017187907342,0.645270486396239,0.21501506859287
14.63,0.2,133.904415075309,0.207341676895805,0.891175173531975,0.643917350933093,0.215395664045078
14.64,0.2,133.653339164172,0.2052542753989,0.890412287243738,0.64590748847979,0.21440100571544
14.65,0.2,133.398147563207,0.204725035842425,0.888434865284716,0.641783229192339,0.213955348163937
14.66,0.2,133.138838531218,0.210309228754433,0.889199330591144,0.644631823918396,0.214277721342333
14.67,0.2,132.87541211519,0.207295490832426,0.887794182793996,0.644757654260082,0.213653706800807
14.68,0.2,132.607870160374,0.208076704313182,0.888623319192447,0.645834051008995,0.217407016860304
14.69,0.2,132.336216319128,0.20794319571246,0.888667196651354,0.645508910921796,0.216156750537863
14.7,0.2,132.060456058513,0.20721691209339,0.888175001686863,0.644135399521093,0.216191820612118
14.71,0.2,131.780596666622,0.206785821820793,0.888147648657204,0.642815405096396,0.216047118797735
14.72,0.2,131.49664725763,0.210196101366396,0.887630465087685,0.643464240507213,0.213506960478642
14.73,0.2,131.208618775576,0.205853040744357,0.887906065582319,0.642592330687216,0.216957024684323
14.74,0.2,130.916523996842,0.207434034243579,0.88618791543397,0.645876786707487,0.214111185788795
14.75,0.2,130.620377531346,0.210591031561634,0.885317406551646,0.64525300419572,0.216718269688573
14.76,0.2,130.320195822431,0.209273443840442,0.884417634553448,0.643231313394162,0.215908614424425
14.77,0.2,130.015997145457,0.208698914293846,0.88863685370383,0.641933131441734,0.215531462631991
14.78,0.2,129.707801605082,0.210724608152052,0.88513135503518,0.642688198957614,0.213824235694175
14.79,0.2,129.395631131245,0.2127634663964,0.884270076479155,0.64320137456717,0.216017710131835
14.8,0.2,129.079509473844,0.212112568956443,0.883604814514236,0.643771695314237,0.216025590185115
14.81,0.2,128.759462196112,0.209825822830956,0.881212015480815,0.644644504841353,0.217171263203795
14.82,0.2,128.435516666696,0.211981693998047,0.882115385594581,0.643850113618254,0.215479907167577
14.83,0.2,128.107702050455,0.21275164798965,0.882111978933029,0.643139165043855,0.217259418680472
14.84,0.2,127.776049297958,0.212129591893392,0.883188151517372,0.642664144022617,0.215399190922902
14.85,0.2,127.440591133719,0.21246106285259,0.880106283254488,0.644209478433794,0.215518980849787
14.86,0.2,127.101362043168,0.213017929862618,0.880468602088595,0.645271361632598,0.215676493614479
14.87,0.2,126.758398258353,0.213087333595788,0.880160299675434,0.644921010121368,0.215383221819226
14.88,0.2,126.411737742419,0.213215330821459,0.8815414398951,0.644682118701825,0.213958345519066
14.89,0.2,126.061420172848,0.214454094431286,0.879950578608343,0.643577920355973,0.216051546108854
14.9,0.2,125.707486923491,0.214100709935039,0.88136477466718,0.642520771252262,0.215495207938217
14.91,0.2,125.349981045404,0.214997970485896,0.880459674034586,0.643662625987655,0.214388471456782
14.92,0.2,124.988947246508,0.212823794624095,0.878454649010323,0.643303512803471,0.216428866344452
14.93,0.2,124.624431870093,0.215186996651625,0.878051335296258,0.644618320073982,0.214174486947425
14.94,0.2,124.256482872182,0.212784534616291,0.877445001892798,0.641654535079114,0.216159269765674
14.95,0.2,123.885149797788,0.216261725759684,0.877871301984729,0.641060805967498,0.21602250125914
14.96,0.2,123.51048375607,0.218686189073731,0.877321876178329,0.64714478369739,0.214171322986808
14.97,0.2,123.132537394434,0.216326209056512,0.875978234912964,0.644849212003066,0.214650300278366
14.98,0.2,122.751364871584,0.215562967858936,0.874596277487966,0.642887231804949,0.214890463239069
14.99,0.2,122.367021829568,0.216766261219026,0.878454474936996,0.645212489757634,0.213886046053144
15,0,121.979565364834,0.217465251285478,0.874830775821607,0.6453698641167,0.216891292858924
15.01,0,121.589053998327,0.219430220930662,0.877530854389102,0.640579152099241,0.215078860804633
15.02,0,121.195547644671,0.219046284270053,0.874629114342888,0.645673931702508,0.215463488424173
15.03,0,120.799107580442,0.219248523577675,0.870740430259212,0.642980849930017,0.21638605102928
15.04,0,120.399796411593,0.220707112861707,0.874070136578184,0.645631959294944,0.216331241323673
15.05,0,119.997678040034,0.219019603441499,0.871965115057776,0.64528741969607,0.215710656191007
15.06,0,119.592817629433,0.220517786684996,0.871072135649977,0.644661432221497,0.217180890451815
15.07,0,119.185281570242,0.223090675056232,0.870151075152906,0.644931911408437,0.216079552262265
15.08,0,118.775137444003,0.21925752101377,0.871408594553687,0.643822461758528,0.214129695472975
15.09,0,118.362453986968,0.221277045980464,0.870316299588341,0.644081283392236,0.21502213929618
15.1,0,117.947301053058,0.223360806579922,0.870466073069856,0.644158938595685,0.215629361447719
15.11,0,117.529749576217,0.225738411765997,0.868123104461381,0.643327730970468,0.216032004682077
15.12,0,117.10987153218,0.224116139645124,0.872633350276293,0.644376623117867,0.21390497396684
15.13,0,116.687739899704,0.226554344583705,0.87119188729987,0.643739278539575,0.213365241628051
15.14,0,116.263428621304,0.224573916739901,0.866521669242727,0.643792622822146,0.215440386124982
15.15,0,115.837012563524,0.225819591649547,0.867201998495683,0.643255236650667,0.21635466478243
15.16,0,115.408567476784,0.227482356050471,0.867712258195596,0.643758448940553,0.213423246367518
15.17,0,114.978169954852,0.226182397447447,0.864549615670847,0.644553738309791,0.213849591873242
15.18,0,114.54589739397,0.227927660384615,0.86876898651856,0.64645796408977,0.215762670331919
15.19,0,114.111827951681,0.224635191862132,0.867804195397835,0.64550618412625,0.215631288486888
15.2,0,113.676040505395,0.226936341425403,0.867435707268721,0.645600420611161,0.21563095623879
15.21,0,113.238614610729,0.229545694564569,0.866478632225617,0.645240937268014,0.213236449815741
15.22,0,112.799630459678,0.228883108147952,0.8664659121073,0.644363459177354,0.21519553424592
15.23,0,112.359168838632,0.22645136603333,0.863598329726712,0.64651091355891,0.213653493926352
15.24,0,111.917311086304,0.229651989283175,0.865317900444377,0.644535062724336,0.216717128036151
15.25,0,111.474139051592,0.231960334544806,0.864497907162325,0.645026749206638,0.215713196135357
15.26,0,111.029735051422,0.229732563840119,0.862214224337448,0.645182696357902,0.21442415426824
15.27,0,110.584181828609,0.231502432374015,0.861918601224048,0.64593406509212,0.214597507699818
15.28,0,110.137562509775,0.233086708206034,0.862578574819149,0.646031872716116,0.21483830307517
15.29,0,109.689960563369,0.237286872532926,0.864635803857476,0.644923831633231,0.212889429639584
15.3,0,109.241459757809,0.231997191382176,0.862687479447612,0.644256539081513,0.215008742344328
15.31,0,108.792144119811,0.237149759380726,0.861696225122828,0.644376091475227,0.212179381960658
15.32,0,108.342097892915,0.235864320638134,0.861603634083011,0.646352501880339,0.214816328561807
15.33,0,107.891405496266,0.234258309462534,0.860909565332582,0.646363606505238,0.214546631296017
15.34,0,107.440151483667,0.23463854643421,0.859715612154988,0.645680205899529,0.213766410316537
15.35,0,106.988420502956,0.236429839156602,0.859365577793502,0.645597152507332,0.212122739036497
15.36,0,106.536297255732,0.240067554994758,0.859422722250541,0.646670487804735,0.215590128457848
15.37,0,106.083866457464,0.238928064323796,0.856093283284073,0.644322691456273,0.214421055920748
15.38,0,105.631212798017,0.238081690386366,0.858589857246122,0.645927179978227,0.214071851501901
15.39,0,105.178420902633,0.241168442436467,0.858937803899971,0.646889648167468,0.21296990897113
15.4,0,104.725575293386,0.241340028349212,0.858381683824881,0.645931671975952,0.214145944203039
15.41,0,104.27276035115,0.242377379211829,0.855505627392781,0.644303528112207,0.21464256189284
15.42,0,103.820060278108,0.239193077291632,0.856978080135106,0.645729538156598,0.215733374843399
15.43,0,103.367559060832,0.2405275486713,0.855533169304994,0.646150820512162,0.212890812962264
15.44,0,102.915340433949,0.241898187409448,0.854694272298917,0.648348617590172,0.213700640052185
15.45,0,102.46348784444,0.244550746653192,0.857158582794152,0.646878432661625,0.214186867519229
15.46,0,102.012084416579,0.243838438209233,0.855841093112616,0.646505728811974,0.214969371983157
15.47,0,101.561212917545,0.243629863148639,0.85435793616185,0.6488340554658,0.214343217174412
15.48,0,101.110955723728,0.245177799448136,0.852814867250345,0.647151749848575,0.215537956161101
15.49,0,100.661394787753,0.246050778397194,0.854873066829771,0.647442291945371,0.215418356997548
15.5,0,100.212611606233,0.245964801060993,0.854359283856916,0.647721234299157,0.215689339351886
15.51,0,99.7646871882901,0.247819180734334,0.853494039099421,0.64739830004364,0.212420284060066
15.52,0,99.3177020248393,0.248275217626235,0.852842630805812,0.647534786663554,0.21554136446409
15.53,0,98.8717360586728,0.24801042926543,0.851093634080726,0.646773038509188,0.213435708710648
15.54,0,98.426868655347,0.248287229616354,0.85179090832239,0.648403260662014,0.212818984664776
15.55,0,97.983178574895,0.248678691539785,0.851500682463744,0.646786311318024,0.216431745676336
15.56,0,97.5407439443752,0.250641113726475,0.850340189229724,0.648280071013735,0.214072163904844
15.57,0,97.0996422312669,0.252087182796999,0.850775651215682,0.647417362961578,0.216133621851729
15.58,0,96.6599502177298,0.248210287291519,0.851108235604661,0.64696718077253,0.215245880503586
15.59,0,96.221743975731,0.251701454084415,0.8477629078849,0.649605235266113,0.217448826137322
15.6,0,95.7850988430526,0.251431253728046,0.849511474175621,0.647457299922101,0.212610010225013
15.61,0,95.3500894001868,0.252529284411127,0.853450707055691,0.650349536366387,0.214273982043836
15.62,0,94.9167894481247,0.256155865874913,0.848505155821836,0.647404564315177,0.218103769974362
15.63,0,94.4852719870442,0.256273414279578,0.849014593383877,0.648819662339368,0.213789050382795
15.64,0,94.0556091959011,0.256714402985065,0.847974451876012,0.64997213142598,0.213984414276581
15.65,0,93.6278724129289,0.25545224680312,0.84574742387724,0.651219680897474,0.215629542207042
15.66,0,93.2021321170453,0.256754155933733,0.845970349506581,0.648273390712406,0.215177890968291
15.67,0,92.7784579101694,0.259940031119781,0.845850544449778,0.649641436286548,0.21641101812753
15.68,0,92.356918500449,0.25768851434685,0.846105552216955,0.648150429329848,0.214255308075334
15.69,0,91.9375816863963,0.259250696227518,0.846398010640047,0.64946210454862,0.214555640169525
15.7,0,91.5205143419289,0.25861679790706,0.844430394665358,0.649465184761242,0.215821710375161
15.71,0,91.1057824023151,0.258699229311008,0.846448655035661,0.648974365863559,0.216748202941661
15.72,0,90.6934508510168,0.259078569463424,0.844045024630564,0.648541721962896,0.215451331982238
15.73,0,90.2835837074268,0.263689024445371,0.843625810181893,0.648397863478487,0.214800858705494
15.74,0,89.8762440154924,0.260851287262708,0.842694106515172,0.651643048850408,0.216522635665848
15.75,0,89.4714938332199,0.262288803019636,0.844128715257537,0.649281119197915,0.217742044412129
15.76,0,89.06939422305,0.265320848224893,0.846973957801322,0.64937708427431,0.214506188373477
15.77,0,88.6700052430974,0.261891649396063,0.840866405484939,0.651320960138354,0.214371888132453
15.78,0,88.2733859392432,0.263573117926614,0.844365776857649,0.650953146853822,0.215073696819994
15.79,0,87.87959433807,0.265188472524977,0.841630245100835,0.648586194976312,0.216040245218198
15.8,0,87.4886874406281,0.265423164281839,0.843730348433195,0.653076473590563,0.213727356749215
15.81,0,87.1007212170213,0.266752253378032,0.842683555402708,0.650830796452419,0.211705039211223
15.82,0,86.7157506017987,0.26495701016799,0.844738840863367,0.652622864449307,0.214844379766591
15.83,0,86.3338294901393,0.269359542690556,0.839721636771214,0.650448125917418,0.214363051952982
15.84,0,85.9550107348153,0.267125671458798,0.839957834310547,0.652283513519251,0.213292371327744
15.85,0,85.5793461439187,0.270805276865972,0.840870329319596,0.650671640758278,0.214355033081507
15.86,0,85.2068864793363,0.27038558788598,0.838293357662927,0.649374010971616,0.214557008811504
15.87,0,84.8376814559571,0.269107715984877,0.837050090373097,0.651633186809032,0.215778679168536
15.88,0,84.4717797415946,0.271292342494977,0.840447300867154,0.653690312827341,0.213526360924404
15.89,0,84.1092289576082,0.269490014233635,0.839896252324458,0.651305173860371,0.215350188638659
15.9,0,83.7500756802056,0.269005921015684,0.838748508650943,0.650530856773402,0.212186451012759
15.91,0,83.3943654424081,0.272020972895005,0.839623831138895,0.653906607792943,0.215744785383089
15.92,0,83.0421427366605,0.272778817231256,0.836726211545813,0.651576255784392,0.21572251869777
15.93,0,82.6934510180669,0.27211305150817,0.83608226972637,0.650924490636991,0.21443592050543
15.94,0,82.348332708234,0.276315176605713,0.837178386754086,0.652954376639888,0.214034983852071
15.95,0,82.0068291997006,0.272618000244688,0.835936938768331,0.653271441259872,0.215753219030344
15.96,0,81.6689808609363,0.275310527440475,0.834957866183234,0.655188640879764,0.214046582878536
15.97,0,81.3348270418869,0.276552182870052,0.835506358189185,0.65260559699552,0.217228420151025
15.98,0,81.0044060800489,0.275427753786192,0.834962788288589,0.652472840055053,0.213873578960811
15.99,0,80.6777553070499,0.27770587379416,0.834017100202372,0.652620765002675,0.217678485868683
16,0,80.3549110557175,0.276927776642544,0.834517644700427,0.655382107684648,0.213723510188815
16.01,0,80.0359086676139,0.278233241424123,0.833316705150248,0.655292023687942,0.215948480801877
16.02,0,79.7207825010166,0.279161031481856,0.832481909767408,0.655877012695114,0.212337216573142
16.03,0,79.4095659393238,0.278129704768834,0.835819998607382,0.652099807441539,0.21487642109554
16.04,0,79.1022913998648,0.281951542185555,0.835689639958879,0.654905500184314,0.216553542424474
16.05,0,78.7989903430932,0.280367194850313,0.833472838724822,0.654418634603999,0.215536659843578
16.06,0,78.4996932821432,0.281107999689442,0.833336687449888,0.653185642391385,0.217079769447129
16.07,0,78.2044297927284,0.280749163723529,0.833231733544465,0.653047477080818,0.215159296211478
16.08,0,77.9132285233613,0.280398184037073,0.833622441681744,0.654294478465497,0.215413432282332
16.09,0,77.6261172058738,0.282044997126344,0.831581298952642,0.652923495506594,0.214930740365174
16.1,0,77.3431226662184,0.281661509346815,0.831431484744346,0.653869832719235,0.214673701255474
16.11,0,77.0642708355295,0.286526701215379,0.829868440772392,0.655499945105599,0.214671845327865
16.12,0,76.7895867614239,0.281124064871237,0.831711142020018,0.654717775484804,0.212439304275259
16.13,0,76.519094619523,0.283901400974411,0.832732600418574,0.656588806214077,0.214296040378762
16.14,0,76.2528177251729,0.284706843343839,0.828332692287187,0.654161113531404,0.217256304823643
16.15,0,75.9907785453472,0.284275431349127,0.83114600449648,0.65228071280223,0.21470050317009
16.16,0,75.73299871071,0.286706146949391,0.831283110258039,0.655267715430164,0.215212138036032
16.17,0,75.479499027822,0.285541905577056,0.829470185625489,0.652236428833058,0.213603363321788
16.18,0,75.2302994914693,0.283547543694587,0.828222957780513,0.654297818635848,0.213860134611993
16.19,0,74.9854192970983,0.284714795173575,0.826561291050107,0.655387070500024,0.216682316342959
16.2,0,74.7448768533368,0.287900181908243,0.827934234242792,0.655768556481174,0.213807197690698
16.21,0,74.5086897945844,0.288600938972732,0.827418108671112,0.65485208234628,0.212517637637214
16.22,0,74.2768749936548,0.286077390983423,0.827393451078894,0.655086062354418,0.213831207313603
16.23,0,74.0494485744524,0.287115644389907,0.826770984422479,0.653143458283274,0.215083742974077
16.24,0,73.8264259246661,0.286616139100575,0.825434716826152,0.655323182516281,0.215769821054157
16.25,0,73.6078217084649,0.289917201447534,0.828124070976576,0.655730062803437,0.216238195399631
16.26,0,73.3936498791792,0.290179390725011,0.827731703909322,0.65627631438184,0.217040807207156
16.27,0,73.1839236919501,0.289204188222459,0.824235757676438,0.658527720123787,0.216252526637413
16.28,0,72.9786557163347,0.290151564136188,0.827216630003932,0.655359682552043,0.215489466900711
16.29,0,72.7778578488503,0.289637456826789,0.825772194340287,0.656328625201308,0.213819190923919
16.3,0,72.5815413254439,0.292368870268504,0.826072464423818,0.65600651625069,0.216799337372266
16.31,0,72.3897167338729,0.293361281394353,0.825987006147947,0.656698039111614,0.213628299947178
16.32,0,72.2023940259838,0.291424619505503,0.822267076997568,0.655766251624161,0.214375054783427
16.33,0,72.0195825298754,0.29094720056615,0.822851338513297,0.659643188322811,0.21571515271294
16.34,0,71.8412909619342,0.289791475360504,0.821693715540854,0.655176458431399,0.215241716373631
16.35,0,71.6675274387299,0.290679178587147,0.82291842624438,0.658154424367794,0.215908265800991
16.36,0,71.498299488759,0.293930692570932,0.823956604660408,0.656385904328052,0.212979352235183
16.37,0,71.3336140640252,0.292448408080063,0.824342140559178,0.654236240985034,0.214653011148777
16.38,0,71.1734775514474,0.292103743879783,0.821274347921425,0.658352063435394,0.213594097631059
16.39,0,71.0178957840816,0.293805999947412,0.823103599128978,0.657686642605809,0.212824387980379
16.4,0,70.8668740521516,0.292261689878591,0.822895682142126,0.655706176236403,0.216409492606221
16.41,0,70.7204171138741,0.292851321018322,0.820690255492641,0.657371556689984,0.214185266419527
16.42,0,70.5785292060742,0.293164605013335,0.822516003285036,0.656472083369316,0.215202372952294
16.43,0,70.441214054579,0.292980644353368,0.822272384045061,0.655455391282011,0.21563885193448
16.44,0,70.3084748843838,0.293548932438429,0.819196467522181,0.654832941233753,0.214583240319562
16.45,0,70.1803144295829,0.294664893016719,0.821598657769003,0.655873338158374,0.216920726016891
16.46,0,70.0567349430573,0.294384172746018,0.822475127779545,0.653873771146802,0.213716279004003
16.47,0,69.9377382059144,0.295018534764107,0.819209539958891,0.656025915682183,0.21536467964006
16.48,0,69.8233255366719,0.295623991794582,0.818760818461916,0.655418538615975,0.214780882745311
16.49,0,69.713497800183,0.293952632748966,0.819868390016627,0.654629734424367,0.212307608914846
16.5,0,69.608255416294,0.297556266254422,0.816077746938119,0.654823013716066,0.212743868291381
16.51,0,69.5075983682345,0.293701821592648,0.820183008756551,0.656329198832897,0.216004322532892
16.52,0,69.4115262107323,0.29546612240281,0.818443537184769,0.657133441052258,0.216738655308041
16.53,0,69.3200380778513,0.294854588433252,0.818757139057894,0.656406376960485,0.218286215964461
16.54,0,69.2331326905489,0.297372540876695,0.816458135979344,0.656700117245059,0.217584601458986
16.55,0,69.1508083639507,0.294971923261431,0.817287765395334,0.653148912399346,0.214946923019662
16.56,0,69.0730630143391,0.293925624522988,0.817290742338708,0.656189549701893,0.216663558065807
16.57,0,68.999894165856,0.295281895486577,0.820325561481506,0.658994888752029,0.217442329299351
16.58,0,68.9312989569161,0.298323509206901,0.816853251232274,0.657444383559274,0.213640976258862
16.59,0,68.8672741463317,0.298750061734901,0.816795145776077,0.654813690537035,0.21280549671566
16.6,0,68.8078161191491,0.294763125374616,0.816326901317024,0.65575682725768,0.213669653459415
16.61,0,68.7529208921941,0.29547077870695,0.815563527031869,0.65575431383658,0.214945333457618
16.62,0,68.7025841193293,0.294256881599677,0.81843178280733,0.653981824924366,0.214208179810431
16.63,0,68.6568010964252,0.295234857326758,0.817115400917598,0.653717551565385,0.214838367388599
16.64,0,68.6155052184288,0.297289467929838,0.81761839990246,0.657356655148244,0.212597253140286
16.65,0,68.5763613349196,0.297730299531135,0.815020063545648,0.655949799919075,0.215036702670209
16.66,0,68.5382288730656,0.296634809416442,0.814188417289184,0.654043811707588,0.216918751022566
16.67,0,68.5011078255916,0.297640513506023,0.814091136689007,0.656483519185042,0.21504691718115
16.68,0,68.4649979090764,0.297552534919322,0.815928221986236,0.654834808391363,0.213245651725656
16.69,0,68.4298985646805,0.294326330011734,0.813050617464737,0.654422758338644,0.214191130633426
16.7,0,68.3958089590218,0.296660952672252,0.812131428338103,0.655344426376302,0.2130613147128
16.71,0,68.3627279851994,0.294914554986982,0.812303360817217,0.652849938230974,0.217206647413676
16.72,0,68.3306542639639,0.295932281389291,0.816022875742328,0.655590756069153,0.215134327441022
16.73,0,68.2995861450348,0.298260938140665,0.812413937275131,0.65417571258258,0.214268179350926
16.74,0,68.2695217085633,0.297999785219938,0.814937482564917,0.657120944443331,0.213492227777467
16.75,0,68.2404587667403,0.297260682629276,0.812910238540415,0.656902526751236,0.213747742706217
16.76,0,68.2123948655466,0.295947292467541,0.81255993491887,0.655385755739071,0.215211648224935
16.77,0,68.1853272866469,0.295980573199611,0.811044811242173,0.656038279309792,0.212602313779359
16.78,0,68.159253049424,0.297240739087364,0.811009824301312,0.653778961549484,0.214413627141644
16.79,0,68.1341689131528,0.294747204470406,0.810260114182552,0.654670702652129,0.215330987612493
16.8,0,68.110071379312,0.296130323481916,0.814454032274539,0.658602408393027,0.214169121685541
16.81,0,68.0869566940321,0.296352281837816,0.811977973414499,0.655899186254269,0.214229591601636
16.82,0,68.0648208506777,0.29970494180732,0.812151735919203,0.655618488165109,0.213875314340224
16.83,0,68.0436595925621,0.295541268687096,0.812365530980567,0.656277176098279,0.217010735243663
16.84,0,68.0234684157921,0.298017494346885,0.813427740831725,0.654022173687891,0.212426208830649
16.85,0,68.0042425722413,0.295943621533802,0.814394720293463,0.654107871907335,0.215175328212433
16.86,0,67.9859770726486,0.296208947557111,0.812903568147527,0.651073486199813,0.216175492970062
16.87,0,67.9686666898408,0.295972879411243,0.810041179698222,0.6541122648772,0.215505956496028
16.88,0,67.9523059620755,0.295186177008998,0.811607606377874,0.653762720593701,0.213365005379246
16.89,0,67.9368891965026,0.295780678098459,0.812198649357378,0.65540472943473,0.217128678971907
16.9,0,68.0221648186585,0.294572683338336,0.812569602993976,0.654922935542211,0.216066970704855
16.91,0,68.2466242523643,0.295728444800099,0.811003731950015,0.657570479248008,0.216098680853183
16.92,0,68.3842271640342,0.296219122907706,0.809223856849651,0.655649525713223,0.215585040701139
16.93,0,68.4887338212392,0.293104562346833,0.808620131679112,0.655547487754215,0.215800822936803
16.94,0,68.5850241434761,0.293268291547295,0.808140202940896,0.653918478010809,0.21704653673172
16.95,0,68.6814816403762,0.293481646841425,0.810514704722101,0.65555862573868,0.215112967285135
16.96,0,68.7808121479468,0.293742743179807,0.809505844284738,0.656172386095357,0.214333542225307
16.97,0,68.8838764320096,0.292852315129084,0.809853382932844,0.654729474004294,0.214733349893178
16.98,0,68.9909406767198,0.291409783440115,0.81243746010742,0.654344644623285,0.214377196318031
16.99,0,69.1020795209013,0.293752749461365,0.809178929358002,0.655110972963127,0.216465108147303
17,0,69.2173057383388,0.293150193832917,0.807734978134175,0.653090572636368,0.214178626338671
17.01,0,69.3366119637199,0.29126304138308,0.80812376500702,0.65276387632856,0.21663111306797
17.02,0,69.4599841217551,0.295056641196884,0.806617436160582,0.655439313859373,0.215661400334912
17.03,0,69.5874057500611,0.291368783263193,0.80818095496879,0.654414921760469,0.214315715523171
17.04,0,69.7188593905784,0.290774580487903,0.806595329685502,0.653746870398932,0.214860309519675
17.05,0,69.8543270370031,0.289960360886863,0.810070676246194,0.65365814298058,0.214703685605125
17.06,0,69.9937902781724,0.288593811611409,0.810308217295545,0.652902238322902,0.213451715617884
17.07,0,70.1372303435358,0.289987471730864,0.811325094739671,0.650426944483205,0.219136573651199
17.08,0,70.2846281171351,0.288172848737533,0.809063110014806,0.653181063289707,0.213118419951922
17.09,0,70.4359641415117,0.28814348953076,0.806925884162314,0.652680184062854,0.212978247120728
17.1,0,70.5912186184563,0.287649350938891,0.809544834921089,0.650527423333165,0.213194755550338
17.11,0,70.7503714088373,0.290652346841662,0.807598186185073,0.651536399631029,0.215837662566245
17.12,0,70.9134020322436,0.287864704545377,0.807279377261955,0.652116126619596,0.215116054879113
17.13,0,71.0802896666809,0.286964287309277,0.808173536922879,0.650492373982419,0.213310890443748
17.14,0,71.2510131484133,0.285289349145068,0.808133341177488,0.650067744298839,0.216339055558858
17.15,0,71.4255509719856,0.285821906909438,0.809243235514268,0.652959097068421,0.216881150280931
17.16,0,71.6038812904467,0.285361557733885,0.80591275181084,0.65090319825683,0.214662039361628
17.17,0,71.7859819157902,0.282128469138021,0.809721263786716,0.651462676220325,0.216496395566429
17.18,0,71.9718303196238,0.282802703778304,0.808551681844344,0.649369378934767,0.216386534435527
17.19,0,72.1614036340821,0.282569715965232,0.806986170829783,0.652707612796837,0.215005081919684
17.2,0,72.3546786529934,0.284287459400171,0.808599362369403,0.651181233142239,0.212421942685197
17.21,0,72.5516318333138,0.284304364763899,0.807778538260997,0.650069874460931,0.21391801435276
17.22,0,72.7522392968401,0.281665206532949,0.807666777345622,0.651445974105878,0.216171715772557
17.23,0,72.9564768322123,0.282125159115581,0.808468078674735,0.65178064059339,0.214698301164793
17.24,0,73.1643198972183,0.283706234655972,0.806405480469685,0.649876401351246,0.216741244018564
17.25,0,73.3757436214117,0.280502801439386,0.806985019368085,0.649490400079331,0.213851542116421
17.26,0,73.5907228090526,0.281140089426917,0.808127572968965,0.649712727097477,0.214004614240945
17.27,0,73.8092319423842,0.282117525956255,0.806125519479749,0.649068518393832,0.215098978771648
17.28,0,74.0312451852528,0.280518912809171,0.807327979471761,0.648746646399368,0.217288206516783
17.29,0,74.2567363870837,0.280322159769209,0.806452386140101,0.650373683442506,0.214548633002316
17.3,0,74.4856790872214,0.280278076816963,0.806227840096707,0.650786252938769,0.214512187085303
17.31,0,74.7180465196439,0.27764379041771,0.805370724042049,0.649965151824725,0.215227734256166
17.32,0,74.9538116180598,0.277572557638835,0.806379981706943,0.650853408372216,0.215642546029062
17.33,0,75.1929470213977,0.277610993219063,0.80616642527931,0.650636501249817,0.21632733847687
17.34,0,75.435425079695,0.275811353869925,0.806111928422462,0.649618479622657,0.214026059419699
17.35,0,75.6812178603954,0.278279072348125,0.805891731843147,0.650886175287832,0.214890821842758
17.36,0,75.9302971550605,0.27403237443329,0.803659962772468,0.647960234465162,0.214675989069147
17.37,0,76.1826344865054,0.274597208120747,0.806701362236411,0.648136287688575,0.216561268674394
17.38,0,76.4382011163618,0.275815487855826,0.806445186904357,0.649886558353104,0.213753906998575
17.39,0,76.6969680530771,0.272927537627752,0.805955370721273,0.647547965112724,0.215783247305963
17.4,0,76.9589060603538,0.276874853592241,0.806498452556466,0.649761371434515,0.217158672936721
17.41,0,77.2239856660349,0.270983493898499,0.806770221893899,0.647691530117756,0.212553516174433
17.42,0,77.4921771714401,0.272676639370197,0.804145943209737,0.646917037799801,0.217299426759892
17.43,0,77.7634506611559,0.269017987994967,0.805726543414642,0.646613138636216,0.211693431905303
17.44,0,78.0377760132843,0.270938987439007,0.806552016580205,0.646618323093807,0.216671700787199
17.45,0,78.3151229101535,0.271525019198593,0.80542377665369,0.644380279073053,0.215323592506522
17.46,0,78.5954608494918,0.268880091996344,0.808792268670797,0.648927791431495,0.215301509208507
17.47,0,78.8787591560664,0.267383901901917,0.804094273962444,0.644618378360861,0.214149030856361
17.48,0,79.1649869937918,0.267742067801398,0.80724933878044,0.645139034326401,0.211009017238997
17.49,0,79.4541133783039,0.267151371486888,0.807634770589009,0.64599948733998,0.215016603114235
17.5,0,79.7461071900032,0.265145645106088,0.806567030436085,0.649056033203482,0.21525990031317
17.51,0,80.0409371875666,0.266101874263189,0.804483265137924,0.647224764275113,0.217329986068846
17.52,0,80.3385720219253,0.265757610842056,0.808782197370639,0.648239177202687,0.214041115255891
17.53,0,80.6389802507087,0.263110641783696,0.806994100216028,0.647169104320435,0.213603260633273
17.54,0,80.9421303531506,0.262691619696844,0.805578489034405,0.647679651949129,0.21498706486953
17.55,0,81.2479907454578,0.265905983610568,0.806945625575125,0.644103314539183,0.215503674971425
17.56,0,81.5565297966343,0.262117014217284,0.80697403200955,0.646487663152493,0.215612959409508
17.57,0,81.8677158447595,0.260847638823289,0.806868927082896,0.648223113525907,0.21559060308755
17.58,0,82.1815172137145,0.260290951896222,0.804481908579348,0.646001826318769,0.215153994265834
17.59,0,82.4979022303525,0.26016162712844,0.805110907005385,0.644453656661484,0.213696829910513
17.6,0,82.8168392421066,0.258363700893533,0.806102207917555,0.645949576188186,0.216165309919282
17.61,0,83.1382966350287,0.255949877075551,0.805296177001032,0.644339938194939,0.214905129203529
17.62,0,83.462242852253,0.258109652263593,0.804946748578774,0.646347680376452,0.212749519022794
17.63,0,83.788646412876,0.256552059647881,0.808491583606097,0.643359572234194,0.213410706437332
17.64,0,84.1174759312448,0.258832666042043,0.805561721054363,0.647937746436284,0.213615950681511
17.65,0,84.4487001366449,0.25620264347323,0.805490746135454,0.643624213337915,0.213301771331211
17.66,0,84.7822878933797,0.253988995765361,0.807439165183887,0.645084289068172,0.216256608187064
17.67,0,85.118208221228,0.25359578239861,0.805930064091738,0.644834329037724,0.214573246239092
17.68,0,85.4564303162734,0.251009466309572,0.809217029402313,0.645462125927896,0.214684214289319
17.69,0,85.7969235720916,0.251953991186293,0.808716018765449,0.644433909070737,0.213751636687944
17.7,0,86.1396576012852,0.252793031783995,0.808706591206845,0.645345886992806,0.21497546005745
17.71,0,86.4846022573535,0.250084171779975,0.808246823376781,0.645322749352913,0.214622636104997
17.72,0,86.8317276568851,0.248966189349945,0.80592540721292,0.645890754845223,0.216001239804915
17.73,0,87.1810042020597,0.250734583738746,0.806328932152775,0.645445533326323,0.216882745858673
17.74,0,87.5324026034457,0.249903101901688,0.806006287692306,0.644227384234026,0.213773474317108
17.75,0,87.8858939030792,0.250286460890687,0.80309637240065,0.64277641748413,0.214934180597747
17.76,0,88.2414494978115,0.250084128071922,0.808903462333768,0.646333560351386,0.215464487434956
17.77,0,88.5990411629071,0.246525729114957,0.807661459131494,0.644538637211571,0.215633256486837
17.78,0,88.9586410758798,0.245483796999326,0.805390772772929,0.644880052858039,0.216564224163648
17.79,0,89.3202218405501,0.244313521290969,0.806137189314416,0.643179508479953,0.214126833969425
17.8,0,89.683756511307,0.241667606918698,0.808187816383414,0.641893847461118,0.217805203081885
17.81,0,90.0492186175584,0.24497074478109,0.809954884775382,0.647864766676395,0.213311893857597
17.82,0,90.4165821883543,0.244053233081029,0.806281057325503,0.644989758370443,0.215545316079971
17.83,0,90.7858217771635,0.243482227659195,0.806924102342586,0.645051887063735,0.215960607582622
17.84,0,91.1569124867886,0.244776353722863,0.804806013511229,0.644738678505735,0.21388503295163
17.85,0,91.5298299944005,0.241109726327965,0.808240962069067,0.645540189589665,0.214085779704395
17.86,0,91.9045505766742,0.239450129457868,0.807284626842519,0.643128909944082,0.216553645089115
17.87,0,92.2810511350092,0.238304811382557,0.808603188838229,0.641965175350265,0.215180863376095
17.88,0,92.6593092208153,0.238630506470882,0.805329701479341,0.645172238344279,0.215129925810685
17.89,0,93.0393030608456,0.238027842975879,0.808780299167892,0.644294295563405,0.215290119356968
17.9,0,93.4210115825575,0.236993300386879,0.80830369185859,0.640350465536794,0.215421153485317
17.91,0,93.8044144394849,0.236474568626097,0.809570561044238,0.645123085168782,0.214943719871763
17.92,0,94.1894920366011,0.237445903423763,0.811974184038345,0.643529912583098,0.214854820185484
17.93,0,94.5762255556542,0.236293643190806,0.809419502526995,0.643228734940216,0.217067852871081
17.94,0,94.9645969804567,0.234934944062415,0.81088092141061,0.644408616716141,0.216701899236814
17.95,0,95.3545891221104,0.23458842575169,0.80878191609805,0.646099197554676,0.212926338905054
17.96,0,95.7461856441467,0.235491217544111,0.807261610410049,0.643402863476512,0.215807421545073
17.97,0,96.1393710875664,0.232644596844754,0.810518391843706,0.644494897343185,0.213503061833098
17.98,0,96.5341308957565,0.233119001388758,0.808587308311855,0.644036247249318,0.218753977579107
17.99,0,96.9304514392702,0.232137879353028,0.809234908192692,0.639429420865605,0.214608270920194
18,0,97.3283200404472,0.23319914652144,0.809699471454857,0.643967894442738,0.215857940679289
18.01,0,97.7277249978601,0.231218942546556,0.81149030881551,0.643357213909056,0.21445087725896
18.02,0,98.128655610566,0.228765548120062,0.812181528391358,0.641644043672733,0.214439152655893
18.03,0,98.5311022021476,0.229074643156575,0.81171568775085,0.642379895227088,0.217637318628114
18.04,0,98.9350561445258,0.22587589504667,0.808947131360552,0.644783550981865,0.214547576771785
18.05,0,99.3405098815252,0.225973434357095,0.811194748885037,0.642030576992352,0.216490546383335
18.06,0,99.747456952179,0.227834335308818,0.811961815283303,0.641803212884776,0.214802970524479
18.07,0,100.155892013753,0.227011760248201,0.811151269454532,0.64399584983862,0.214050234666256
18.08,0,100.565810864475,0.225167745208284,0.813722021493926,0.644318608700961,0.215205368858853
18.09,0,100.977210465953,0.224020881021485,0.812225382099206,0.64363877941997,0.217635374281112
18.1,0,101.390088965266,0.223279687385001,0.811270337711068,0.643331966302581,0.214953185997175
18.11,0,101.804445716715,0.219848116987016,0.81041702429147,0.641335968464585,0.214234423161393
18.12,0,102.220281303216,0.221559491163974,0.811961690597241,0.645113790875111,0.21598301494057
18.13,0,102.637597557323,0.222318494446997,0.814893820377572,0.643050252518769,0.213108374148709
18.14,0,103.056397581869,0.220456591437818,0.810989130066263,0.642247043692638,0.216495784236635
18.15,0,103.47668577021,0.220850292657275,0.813009270122015,0.642991486203456,0.215694082893079
18.16,0,103.898467826053,0.218752657093798,0.809277214594685,0.645512422301315,0.215036041968062
18.17,0,104.321750782874,0.215378840583122,0.809144027630038,0.644421293803857,0.216718742128619
18.18,0,104.746543022892,0.214110637218127,0.812319459048841,0.643623851656528,0.216476329182482
18.19,0,105.172854295604,0.215884614298674,0.813719441034964,0.645473962088037,0.213244739921632
18.2,0,105.600695735864,0.214744667027342,0.813496654863827,0.644846977593536,0.215172504988728
18.21,0,106.030079881499,0.216513637529324,0.812689849668849,0.643123200013743,0.215253218382125
18.22,0,106.461020690449,0.216066053995344,0.81366737016891,0.645067386276955,0.213555132666349
18.23,0,106.893533557426,0.214335894579724,0.81675791153954,0.642827427071161,0.216146457736151
18.24,0,107.327635330082,0.211736169951025,0.81342213178936,0.646611595465133,0.217577088102046
18.25,0,107.763344324678,0.212348130511749,0.811327544617673,0.644130103658423,0.21490199843406
18.26,0,108.200680341251,0.211674464323131,0.813793752109869,0.645689272896349,0.214624518937055
18.27,0,108.639664678267,0.210726634773009,0.813108387386973,0.644560883830916,0.21342574771472
18.28,0,109.080320146759,0.208145974953617,0.8146402220728,0.644318740427108,0.212143992489205
18.29,0,109.52267108394,0.207202361145139,0.81230775818715,0.646607834107302,0.21523219338939
18.3,0,109.9667433663,0.206235385453968,0.81324968328066,0.643051066196964,0.215783196902579
18.31,0,110.412564422156,0.210342969093821,0.817337460815615,0.644343318943949,0.213932475664175
18.32,0,110.86016324369,0.205505345939744,0.813113594077428,0.64541547958852,0.211859957995087
18.33,0,111.309570398431,0.209536519405843,0.813939386921279,0.64662299965788,0.216072918378418
18.34,0,111.760818040216,0.20717968569492,0.816951990888411,0.646478336030091,0.212920608327433
18.35,0,112.213939919605,0.207972670451112,0.815015595672063,0.644533502693122,0.215527515957022
18.36,0,112.668971393756,0.20509891040637,0.816081983325274,0.64443994501266,0.215060344630229
18.37,0,113.125949435763,0.203219496627432,0.814052358841262,0.644056242737704,0.21442911627693
18.38,0,113.584912643455,0.201327045386471,0.814853746002457,0.644582206802243,0.213347675118136
18.39,0,114.045901247657,0.20218424515962,0.818658446055838,0.645088861834604,0.214927800662929
18.4,0,114.508957119916,0.200617882428297,0.818903334417761,0.645449014806463,0.213975798823809
18.41,0,114.974123779684,0.199345742359563,0.817905862357022,0.646398618709596,0.21432310698787
18.42,0,115.441446400986,0.199144070591565,0.818639569747259,0.646156647913301,0.216174129920382
18.43,0,115.910971818546,0.200513783631582,0.817165769402221,0.643946898498711,0.215255585668835
18.44,0,116.38274853339,0.199182263041117,0.818873876453137,0.645742223499427,0.211893814713247
18.45,0,116.856826717935,0.198543762297001,0.81782326444321,0.642611357577835,0.215755286803408
18.46,0,117.333258220556,0.193164608855168,0.818145484533405,0.647133538758792,0.214213477962451
18.47,0,117.812096569643,0.194560455445599,0.816945345820586,0.645643647135059,0.213689321456681
18.48,0,118.293396977155,0.194810085948131,0.820385525396616,0.643885313109464,0.216312223382694
18.49,0,118.777216341669,0.191891121715878,0.820154663518762,0.645144070816532,0.215023527123284
18.5,0,119.263613250944,0.19512100290599,0.819179028436645,0.648414614784879,0.215300926087048
18.51,0,119.752647983985,0.193606232440089,0.819534846316082,0.645142654542718,0.216298783415632
18.52,0,120.244382512638,0.192265501498124,0.817387545028707,0.644556503668231,0.215488860587365
18.53,0,120.73888050271,0.191269748596767,0.822702718120672,0.646297798339008,0.213122341097695
18.54,0,121.236207314616,0.18935839242061,0.818404190373625,0.645558623885388,0.215373766224666
18.55,0,121.736430003576,0.193631104058738,0.821594309735377,0.647046843323947,0.214153569685246
18.56,0,122.239617319357,0.192113776461133,0.822892758471259,0.647682774610633,0.214413730399194
18.57,0,122.745839705579,0.188446228227125,0.821184308318812,0.645801455675344,0.215055382749347
18.58,0,123.255169298573,0.190462087269277,0.824520356799625,0.646533598477677,0.214429753619558
18.59,0,123.767679925836,0.187335113065079,0.819604775064349,0.646956307497362,0.213771697707619
18.6,0,124.283447104044,0.183883521815949,0.822360290288329,0.644002181029643,0.216140061694614
18.61,0,124.802548036678,0.187720929005004,0.823054072809242,0.650446411948669,0.21389711658431
18.62,0,125.325061611236,0.185149766612163,0.821640619585883,0.649297108181096,0.209634144182822
18.63,0,125.851068396059,0.185895248162225,0.821869602913112,0.647798476844851,0.214624798320618
18.64,0,126.380650636776,0.187957501694771,0.819570003692951,0.649108896063387,0.216445326293693
18.65,0,126.913892252376,0.182809182994992,0.824825730544247,0.648138974308861,0.214838643342715
18.66,0,127.450878830908,0.181415537205398,0.823148422511207,0.648133472367947,0.217060534590625
18.67,0,127.991697624831,0.18204849061434,0.824629355241828,0.645266225071197,0.215646519864591
18.68,0,128.536437546016,0.1826159613228,0.823434487923172,0.648052708429504,0.213127348523544
18.69,0,129.085189160402,0.177307034064388,0.824133112346773,0.647452949248624,0.215809025536673
18.7,0,129.638044682327,0.177867471562764,0.825420664866064,0.647867952905558,0.216170801502446
18.71,0,130.195097968531,0.178547892517192,0.825939501104235,0.649921591043865,0.215164213757808
18.72,0,130.756444511844,0.178275724794875,0.826667832620039,0.649062199515609,0.214531374092863
18.73,0,131.322181434561,0.177688280502216,0.823815784252294,0.649657064853798,0.2159915606217
18.74,0,131.892407481529,0.175965263298572,0.825900215859366,0.646275567991572,0.216162868736118
18.75,0,132.467223012917,0.173995436434152,0.827574340020511,0.649752672511548,0.213079345673696
18.76,0,133.046729996719,0.174851484489197,0.826060336306642,0.648967573313778,0.213252360990766
18.77,0,133.631032000962,0.175832565937977,0.828641840214014,0.647402258776902,0.21563188470575
18.78,0,134.220234185642,0.174355948904192,0.828579879285898,0.649674629428589,0.216296220170436
18.79,0,134.814443294387,0.173097986610788,0.828738206793999,0.652010506254408,0.215807740972594
18.8,0,135.413767645858,0.170887807149501,0.827744037489868,0.648721022073064,0.216485403214046
18.81,0,136.018317124884,0.172416901074157,0.83035527006224,0.6482520702687,0.215417870498441
18.82,0,136.628203173344,0.170556943900862,0.829748370337985,0.648688745345976,0.215551987772425
18.83,0,137.243538780786,0.17205241303913,0.829882049980348,0.648683850689667,0.216732700231386
18.84,0,137.86443847481,0.167265717905784,0.829462085491364,0.651610148362608,0.213773537644461
18.85,0,138.491018311188,0.168150523853633,0.829520739631736,0.650617985560615,0.215426539936832
18.86,0,139.123395863747,0.166262017459156,0.832495642410485,0.650496472774407,0.214874401870084
18.87,0,139.761690214004,0.169363635476095,0.831603797004599,0.651075505062767,0.217102097672838
18.88,0,140.406021940554,0.166198407021518,0.83154493240329,0.651604470760551,0.217828790585442
18.89,0,141.056513108221,0.163735951291952,0.829104860384353,0.650783710657106,0.215487683584754
18.9,0,141.713287256957,0.163474988133984,0.83101352886865,0.651186923458702,0.212631721695362
18.91,0,142.3764693905,0.164365571791104,0.832948874769363,0.652450089552083,0.215158681372107
18.92,0,143.046185964785,0.160863411056597,0.831812084016389,0.649481359667746,0.216450548124245
18.93,0,143.722564876106,0.161224950596977,0.8329360923915,0.651504092140178,0.215240582506965
18.94,0,144.405735449019,0.160333533695601,0.83116452936428,0.651553122628404,0.215993373290004
18.95,0,145.095828424001,0.160215225755018,0.835618242959044,0.650590374481481,0.21515904205524
18.96,0,145.792975944837,0.160438442167793,0.831390352868688,0.651646607586858,0.214058803958755
18.97,0,146.497311545748,0.159804797045813,0.832224816164154,0.652177961959793,0.214299473212928
18.98,0,147.208970138245,0.154758899619519,0.835317849006616,0.652424680692679,0.216036110210769
18.99,0,147.928087997708,0.156516646479034,0.833248087486497,0.651291180999976,0.213478920464804
19,0,148.654802749677,0.153948948328791,0.831812980567229,0.652440366765823,0.212939688762137
19.01,0,149.389253355852,0.154211209737229,0.83787688839346,0.649344284276325,0.21392143696615
19.02,0,150.131580099791,0.152628341069883,0.832836763272323,0.653759051914111,0.217124613478412
19.03,0,150.881924572297,0.154013020034579,0.835765303293208,0.651610856035091,0.214784138946417
19.04,0,151.640429656484,0.149782201526262,0.836122240993861,0.652584706475712,0.213804919428803
19.05,0,152.407239512513,0.150624868083776,0.83712708542634,0.654269047954972,0.214679952457475
19.06,0,153.182499561981,0.149303091166622,0.833747316143697,0.64988533384611,0.214621719897016
19.07,0,153.966356471961,0.149619176758716,0.835785783556215,0.65118390992353,0.216395919569302
19.08,0,154.758958138665,0.149910364166446,0.839735824881946,0.651309920884727,0.213168934036707
19.09,0,155.560453670732,0.147607018340228,0.837094985539728,0.652552146467088,0.215643769654325
19.1,0,156.37099337212,0.1452406118604,0.840426189792776,0.649951891703512,0.214554341046637
19.11,0,157.190728724578,0.144210371276704,0.840543607654352,0.653463664475319,0.214018349814217
19.12,0,158.019812369703,0.144157279772591,0.839983939434914,0.654395428046767,0.214178232088474
19.13,0,158.85839809054,0.141472726539885,0.838790752348339,0.657185181068804,0.214250730229282
19.14,0,159.706640792739,0.142880092816986,0.838132757669716,0.652077385669481,0.215749335343311
19.15,0,160.564696485213,0.140508616892976,0.839059456446985,0.654207323536854,0.216278994844575
19.16,0,161.432722260316,0.142236245918863,0.840194406555704,0.654591533089588,0.213952194413967
19.17,0,162.310876273499,0.138357530657256,0.84055962907709,0.653003758190706,0.214369521953879
19.18,0,163.199317722429,0.139865090364041,0.840653134518149,0.654197519398686,0.213939013676388
19.19,0,164.098206825557,0.138887929939546,0.842673457199777,0.652514056445279,0.217719315886222
19.2,0,165.007704800104,0.138009949609517,0.843756469324698,0.656467267869532,0.214007406324161
19.21,0,165.927973839461,0.135683754901542,0.840882879931113,0.654734079531615,0.215119960814267
19.22,0,166.859177089956,0.136480837840927,0.841866461238207,0.654681328483116,0.214117042222767
19.23,0,167.801478626989,0.135988552765648,0.843386414261875,0.653940334552374,0.214844841810816
19.24,0,168.755043430502,0.132264781867126,0.845409956296114,0.654943558108942,0.214146903933734
19.25,0,169.720037359755,0.131358131357343,0.842104717065218,0.652007030277006,0.215393041616536
19.26,0,170.696627127403,0.132254213406393,0.845943968649422,0.654750170334542,0.213735320657862
19.27,0,171.684980272825,0.131994982145681,0.842752351558129,0.655882848956404,0.216159470867367
19.28,0,172.685265134706,0.129140053353294,0.843988782962113,0.65556957956549,0.217656764256252
19.29,0,173.697650822823,0.129389405615721,0.84557069549185,0.654726147697691,0.215327420559321
19.3,0,174.72230718903,0.126587756305745,0.847173094519486,0.653958031102326,0.217392985547593
19.31,0,175.759404797409,0.128503863568851,0.847019979817402,0.656040899255993,0.214487100252789
19.32,0,176.809114893552,0.124547368207158,0.842707703260096,0.659217798458501,0.217032397350379
19.33,0,177.87160937297,0.123733507093253,0.845080570246067,0.657518195391951,0.211128659942138
19.34,0,178.947060748579,0.123879358135568,0.846630853028577,0.655169979131423,0.215066572626254
19.35,0,180.035642117255,0.121253212001717,0.848672384457145,0.65748705194003,0.215117900507195
19.36,0,181.13752712542,0.121004970618209,0.847815624773235,0.655566038344434,0.216584283694659
19.37,0,182.252889933646,0.121625491610741,0.847817723552528,0.655970490014409,0.214557341542338
19.38,0,183.381905180232,0.119113060300752,0.847818489442014,0.654381362911088,0.214387895301458
19.39,0,184.524747943743,0.11855732672382,0.849912657421566,0.653758195978802,0.215600069788221
19.4,0,185.681593704487,0.115635067982855,0.848423455319733,0.655340902151834,0.217440639432677
19.41,0,186.852618304884,0.114554960887173,0.851553338267822,0.656809851016355,0.212531741692644
19.42,0,188.037997908724,0.114571829161628,0.850791033302446,0.657321491333865,0.216109184011109
19.43,0,189.237908959278,0.113819466454277,0.849253616520449,0.65712534744885,0.216061498094804
19.44,0,190.452528136232,0.112789525492415,0.852672158166099,0.657301500475764,0.216497101020797
19.45,0,191.682032311429,0.112577463918957,0.851671347428731,0.656396315296245,0.213725193750409
19.46,0,192.926598503391,0.110249362284365,0.851715946974339,0.654460633809953,0.213680094382495
19.47,0,194.18640383059,0.109048822465097,0.852316382096843,0.657405701522629,0.214603327650939
19.48,0,195.461625463452,0.107073004132738,0.853502361935912,0.653515994161157,0.215992820951727
19.49,0,196.752440575072,0.106344234130089,0.852638289166415,0.655842638263039,0.214145519714903
19.5,0,198.059026290606,0.106003660606664,0.85531216987574,0.657177054741741,0.215463933754203
19.51,0,199.381559635335,0.104642775467261,0.855587618842887,0.659017521463063,0.216147581413998
19.52,0,200.720217481361,0.104005523238689,0.853490772088789,0.656711981008838,0.216239983663385
19.53,0,202.075176492927,0.100577040478721,0.855715023976243,0.657402284834804,0.21652309509388
19.54,0,203.446613070341,0.100837485117708,0.854359187839841,0.657750002582771,0.214947224079973
19.55,0,204.834703292478,0.0992101141524741,0.855481855600533,0.657549173928357,0.214945858120318
19.56,0,206.239622857844,0.0979901731588134,0.857426354316552,0.657956207077492,0.213974540418835
19.57,0,207.661547024189,0.0995430515145768,0.857380058633543,0.656019498582413,0.21434017922947
19.58,0,209.100650546651,0.0991459175289427,0.855420784968917,0.656687924045025,0.217051187872432
19.59,0,210.557107614415,0.0936202975332457,0.856291323998947,0.656273161860322,0.214503599281995
19.6,0,212.031091785873,0.0916796892083343,0.85710984620649,0.65667973366989,0.213881887485965
19.61,0,213.52277592227,0.0917944472688364,0.85591166140827,0.654001727213042,0.214537238894901
19.62,0,215.032332119838,0.0906686244729044,0.859420221283967,0.655301051741544,0.216491250903919
19.63,0,216.559931640384,0.0913387239903033,0.857727015680864,0.655997712350462,0.214705941970658
19.64,0,218.10574484035,0.088681230780528,0.85899239894589,0.6575494918149,0.213855876538552
19.65,0,219.669941098318,0.0892744747986463,0.860657181529527,0.654717799725974,0.215671501759201
19.66,0,221.252688740967,0.0884317834301399,0.861236867830971,0.656639723032721,0.215305366184037
19.67,0,222.854154967468,0.0857387614441411,0.860429559604304,0.656129666030382,0.214800074486765
19.68,0,224.474505772327,0.0848491279837399,0.860108813000534,0.659304652081459,0.216304078333941
19.69,0,226.113905866662,0.0836795909700632,0.860011711151298,0.657832773687246,0.214455388809862
19.7,0,227.772518597926,0.0822432692614773,0.863828747679593,0.656832783006316,0.213203704537707
19.71,0,229.450505868078,0.0804375900868882,0.862378699625691,0.656595555628464,0.212987554296049
19.72,0,231.148028050194,0.0790207596943997,0.863116992114232,0.655635099367996,0.212448819193487
19.73,0,232.865243903554,0.0790592144583949,0.864829740006925,0.655066054407515,0.215546505611862
19.74,0,234.602310487177,0.0768830426105816,0.864242046500406,0.658910449430539,0.214952762148708
19.75,0,236.359383071847,0.076347730492729,0.864291881561682,0.657941064608244,0.214992721253152
19.76,0,238.136615050625,0.0749390477466987,0.864162027871312,0.656435522135665,0.213901503282849
19.77,0,239.934157847874,0.0724349601063082,0.865679658727389,0.655828037066847,0.214069639156272
19.78,0,241.752160826804,0.0738751176005683,0.864356282899008,0.656600071043992,0.213076168862756
19.79,0,243.590771195567,0.068719531533079,0.864608165231285,0.656817413114926,0.214362701329866
19.8,0,245.450133911923,0.0709343469689251,0.863221964290302,0.654584971603302,0.214453266120234
19.81,0,247.330391586491,0.067002742678721,0.86610989999725,0.657103086852311,0.216562845338964
19.82,0,249.231684384636,0.0668761369163189,0.866034403837387,0.655969534952937,0.216086712022328
19.83,0,251.154149926997,0.066415771063889,0.870063113916045,0.655163967755718,0.214287767569092
19.84,0,253.097923188704,0.0644184220618306,0.867989691333351,0.655230411135765,0.216617511478187
19.85,0,255.063136397317,0.0608906259178306,0.868818988904223,0.655785140796632,0.216688594025025
19.86,0,257.049918929528,0.0606020810510033,0.869434619943722,0.655382591392698,0.216296557751037
19.87,0,259.058397206649,0.0611277414207867,0.867953674269957,0.653481861482599,0.21387872576956
19.88,0,261.088694588963,0.0597545774199429,0.868493835889046,0.656270627902339,0.215642234387774
19.89,0,263.140931268951,0.0592791326411315,0.871030441109815,0.656618467381747,0.213846318151569
19.9,0,265.215224163464,0.0578858833356475,0.873480466407674,0.654547618890149,0.215711515104529
19.91,0,267.311686804886,0.0564750059576859,0.871133508308319,0.657414266368909,0.215291024509847
19.92,0,269.430429231349,0.0521633837527776,0.871528473436885,0.656190040305141,0.214003059224356
19.93,0,271.571557876046,0.0530266177912648,0.869930282351838,0.654630154557086,0.213443293484864
19.94,0,273.73517545571,0.0494661848371834,0.869457993123847,0.654075413525451,0.217514506546896
19.95,0,275.921380858334,0.0511803390440862,0.870796217115327,0.65611032252685,0.217720366898274
19.96,0,278.130269030174,0.0478959391819493,0.87318677192979,0.654225461562103,0.213878013403103
19.97,0,280.361930862127,0.0457637976124393,0.87202204360906,0.6542343152083,0.214094908690719
19.98,0,282.616453075548,0.0431837672694783,0.874011581231786,0.655975491312856,0.21566968524387
19.99,0,284.893918107578,0.044412452181751,0.874684244911363,0.655879303402433,0.215250030760879
20,0.2,287.194403996071,0.0422771043296381,0.875773947384781,0.656686055397269,0.213988086729681
20.01,0.2,289.517984264193,0.0403801690638506,0.871893576559194,0.655378836155818,0.215934478428943
20.02,0.2,291.864727804783,0.0380882409422114,0.873062445693387,0.651816974911322,0.211735295587492
20.03,0.2,294.234698764561,0.0381091857793639,0.875539926504652,0.654615118117308,0.214177835448223
20.04,0.2,296.627956428274,0.03734785933693,0.876233414398649,0.655245314785671,0.21442178410246
20.05,0.2,299.044555102873,0.0347109049572462,0.876945374901115,0.652929767058749,0.215382163205962
20.06,0.2,301.484544001818,0.0351007680922496,0.87913564482986,0.653567828929052,0.215700804391476
20.07,0.2,303.947967129606,0.0332168658189021,0.87757469508485,0.654239563894397,0.215900019526638
20.08,0.2,306.434863166633,0.0307696115333721,0.875687745218893,0.654567525046195,0.214482419025627
20.09,0.2,308.945265354477,0.0311894368218529,0.880718287074417,0.6546524354683,0.214268489554244
20.1,0.2,311.47920138173,0.0289176438156302,0.882122406001804,0.652605303966154,0.215769051185712
20.11,0.2,314.036693270475,0.0316340984003426,0.881476079570239,0.652187306053921,0.214429887064493
20.12,0.2,316.617757263514,0.0278923098603995,0.879870834077074,0.652823610662628,0.2138309571344
20.13,0.2,319.222403712481,0.0262282577837306,0.881294770087713,0.655533418696281,0.214181601430944
20.14,0.2,321.850636966941,0.0221211327865333,0.878101455151843,0.653835240251004,0.213855141402631
20.15,0.2,324.502455264595,0.0204434091951491,0.878703425314366,0.650311939255696,0.211781890013341
20.16,0.2,327.177850622718,0.0205753805005531,0.881558907225888,0.652386525953859,0.213429499800153
20.17,0.2,329.698824840055,0.0208170686570378,0.882691213330492,0.654646706704367,0.214533431210015
20.18,0.2,331.9266610363,0.0154457135888405,0.88253249578914,0.655060395145312,0.215132038202213
20.19,0.2,334.047177881621,0.015958441509746,0.884432136524232,0.654708516533584,0.21398783380715
20.2,0.2,335.971810638228,0.0172616111057857,0.884424505565714,0.652995102316958,0.211580049228617
20.21,0.2,336.560596564687,0.0165563455997942,0.881909969669331,0.651206042356564,0.213094261131395
20.22,0.2,336.958467414157,0.0153171505861223,0.88304580707161,0.653967791970084,0.215760295473688
20.23,0.2,337.356334009907,0.0120598839756153,0.885076749180086,0.654775179674117,0.215099202865208
20.24,0.2,337.754149284515,0.0161972489611958,0.886177803818234,0.653745731786665,0.21482876430329
20.25,0.2,338.151866123306,0.0170675975267623,0.887498072163783,0.649499417811722,0.217329157992155
20.26,0.2,338.549437379015,0.0155814936616618,0.887366210572058,0.653810622792845,0.215862493214152
20.27,0.2,338.946815886395,0.0166843212459876,0.888564438467234,0.651266741448401,0.217122174179618
20.28,0.2,336.018690293827,0.0198210218470561,0.887862327358316,0.650380046166375,0.212005024464584
20.29,0.2,333.849009167649,0.020982879369838,0.889032401973233,0.651576300100537,0.216035274106847
20.3,0.2,332.487919532456,0.0198318448693834,0.889756181456196,0.650156430898525,0.212729518429179
20.31,0.2,331.401876134817,0.0193272761553026,0.88772436576983,0.651938046194106,0.21459236108514
20.32,0.2,330.404977563742,0.0220562820185999,0.888363812876828,0.65283482015357,0.214848155756096
20.33,0.2,329.438921467682,0.021320600019434,0.887394785199637,0.651758140854437,0.215143317713007
20.34,0.2,328.485614771638,0.0231644552319692,0.8888524983479,0.650332368668804,0.212955084412677
20.35,0.2,327.539334494328,0.0245270530454087,0.890519051852336,0.652013749347274,0.216695932116374
20.36,0.2,326.598144530729,0.0222759384874427,0.889716249373467,0.649912414376886,0.214741628476795
20.37,0.2,325.661267042535,0.0242613143769093,0.889508374470976,0.650722741804769,0.214074601217686
20.38,0.2,324.728279484236,0.0275101864470079,0.891279122979876,0.650630388174675,0.21442596823362
20.39,0.2,323.798869782474,0.027953108844371,0.893209626969393,0.650829313315045,0.214739388804461
20.4,0.2,322.872761839503,0.028686708889262,0.893521319361453,0.65066718038754,0.215568230246322
20.41,0.2,321.949692921958,0.0294500652086532,0.891970083493152,0.650803331046614,0.217452442040005
20.42,0.2,321.029406828219,0.0284026259107677,0.892656189179441,0.646896978928658,0.213689041373264
20.43,0.2,320.111651845976,0.0305893209185449,0.892802234798134,0.651034335962839,0.215237877132463
20.44,0.2,319.196180161645,0.0291073074363502,0.891266602409989,0.651550370613405,0.212677360437604
20.45,0.2,318.28274770913,0.0326125632640115,0.895485103457193,0.650814290428485,0.216338800310236
20.46,0.2,317.371114151376,0.0329280865104051,0.895668570387085,0.65034430894431,0.213642272777902
20.47,0.2,316.461042901987,0.0346360501927035,0.895269552217159,0.647174505539481,0.216364597162588
20.48,0.2,315.552301158924,0.0328057227573795,0.895318690209084,0.650229990617716,0.212097381787925
20.49,0.2,314.644659941796,0.0359627115932342,0.895835402967894,0.65012552534304,0.215463201660993
20.5,0.2,313.737894130159,0.0362240914705448,0.896027798121744,0.64710582610136,0.217335963744766
20.51,0.2,312.831782501991,0.0355779010817801,0.897025177205339,0.647628901976602,0.213948058037099
20.52,0.2,311.926107772068,0.0366586288293673,0.897160222055268,0.647632673076938,0.215095794675681
20.53,0.2,311.020656630097,0.0371113008447158,0.897534307005777,0.646436484918773,0.215776633844457
20.54,0.2,310.115219778532,0.0390899980759481,0.89906081101968,0.648419889795558,0.215496618539393
20.55,0.2,309.209591969995,0.0383889467016441,0.898136410254948,0.647732785960629,0.214576201407203
20.56,0.2,308.30357204425,0.0412912149779889,0.896578730308276,0.649483403241861,0.21398552522474
20.57,0.2,307.39696296465,0.04090348596156,0.898393886948023,0.649571377046091,0.21480280958979
20.58,0.2,306.489571853998,0.0429895436413041,0.899287370296143,0.649191452797228,0.214969565544452
20.59,0.2,305.581210029767,0.0421651533227574,0.902314683881465,0.647409005872854,0.214206404973227
20.6,0.2,304.671693038596,0.0419375345449677,0.901207278481895,0.646828427762631,0.213161750842107
20.61,0.2,303.760840690022,0.0463783085419593,0.898880596693537,0.644401076700943,0.213763948107449
20.62,0.2,302.848477089355,0.0481638330951342,0.900168895241005,0.646057980011281,0.212050677122948
20.63,0.2,301.934430669665,0.0487546553345527,0.901463849387121,0.646258839312672,0.213532411160307
20.64,0.2,301.018534222786,0.0493169313028582,0.90037948200369,0.648022183798383,0.212696509495158
20.65,0.2,300.100624929301,0.0486615174114587,0.902447802275631,0.646315958310299,0.213522390117339
20.66,0.2,299.180544387427,0.0485475013451328,0.905196941421309,0.649492324742046,0.214770755189316
20.67,0.2,298.258138640749,0.0509878095823644,0.904148955607324,0.646312096603548,0.215432977441139
20.68,0.2,297.333258204743,0.0512114123076897,0.901746897601057,0.645437652134021,0.214167974864079
20.69,0.2,296.405758092014,0.0491834936657546,0.902929855302474,0.646419463952479,0.216709698768065
20.7,0.2,295.475497836214,0.0532865899173144,0.904971102923246,0.64647744314858,0.215658431023663
20.71,0.2,294.542341514562,0.0561727803712592,0.905580255488331,0.646500149059883,0.213262683869693
20.72,0.2,293.606157768915,0.0526555682710571,0.906395898639234,0.644488667175502,0.215375365646212
20.73,0.2,292.666819825345,0.054399356203989,0.904431920493375,0.645915151456565,0.21398018486708
20.74,0.2,291.724205512152,0.054327556359817,0.90655620417578,0.645078264017559,0.215249803964885
20.75,0.2,290.778197276273,0.0545821851350733,0.908430330900537,0.645420419483458,0.212282003803332
20.76,0.2,289.828682198028,0.0550334170920625,0.904878385432873,0.647970413437713,0.214405031189054
20.77,0.2,288.875552004161,0.0588034674493803,0.906528773327796,0.646489372886366,0.215601384853845
20.78,0.2,287.918703079123,0.0577473416685962,0.90602380942734,0.645473130127727,0.215824355272534
20.79,0.2,286.958036474551,0.0592933023140842,0.908558944697221,0.646444213983975,0.214962571483908
20.8,0.2,285.993457916905,0.0613060156581594,0.909697349512828,0.646867552203406,0.218284983340763
20.81,0.2,285.024877813216,0.0615185862268145,0.906982172671211,0.649044651644469,0.214130107689603
20.82,0.2,284.0522112549,0.0616075157363242,0.908823118676767,0.645386735128117,0.213780699461888
20.83,0.2,283.075378019616,0.0608042991242153,0.910408599552676,0.643420185135072,0.213954251833228
20.84,0.2,282.094302571114,0.0626973688023286,0.911261283361531,0.644266460185717,0.216246773416215
20.85,0.2,281.108914057056,0.0647948429975283,0.911530736602898,0.644547990813092,0.214950974190133
20.86,0.2,280.119146304762,0.0682180701537826,0.909821368408037,0.644455925004936,0.213018199092963
20.87,0.2,279.124937814865,0.0662279900432617,0.911222875566039,0.645199029263891,0.213939207940775
20.88,0.2,278.126231752848,0.0675914031761789,0.912458278611815,0.644941729637111,0.214361288901899
20.89,0.2,277.12297593843,0.0682426187343619,0.912043146211553,0.645779754293517,0.214701324389151
20.9,0.2,276.115122832787,0.0702417232248592,0.911045019369009,0.642498280253918,0.216541102353158
20.91,0.2,275.102629523586,0.0701379145873825,0.910760008172123,0.645933076748354,0.216414310383109
20.92,0.2,274.085457707821,0.0704741828499712,0.911076675827128,0.644982649266564,0.215443470078754
20.93,0.2,273.063573672428,0.0749642638421452,0.910937702490703,0.646193468722372,0.215139461495399
20.94,0.2,272.036948272676,0.0714784309773299,0.913258181618381,0.644237273081802,0.214395802781115
20.95,0.2,271.00555690832,0.0758914379476416,0.913263986242714,0.642056183714515,0.214279565026457
20.96,0.2,269.969379497517,0.0755752893539721,0.916646870829117,0.643815073669581,0.21632305945657
20.97,0.2,268.928400448496,0.0739155189864302,0.915336937739818,0.645841767837462,0.214923107764848
20.98,0.2,267.882608628983,0.0774459523610091,0.914851206570062,0.646149395905508,0.215495919004352
20.99,0.2,266.83199733339,0.0793679125422438,0.91754786548703,0.641171331308723,0.215883032789739
21,0.2,265.776564247761,0.0788581829813016,0.915902043008073,0.642184131237488,0.216407011195762
21.01,0.2,264.716311412494,0.0779610761162744,0.915660770998198,0.639249542220362,0.214047708298695
21.02,0.2,263.651245182853,0.0801993961683497,0.91526375714128,0.643727779025031,0.214775210578306
21.03,0.2,262.581376187264,0.0807332977938402,0.915090675514107,0.644956493381289,0.215127218971354
21.04,0.2,261.506719283434,0.084007547876206,0.918433482749506,0.644722398811653,0.212630703594035
21.05,0.2,260.427293512306,0.0832308694553996,0.916191673376098,0.64259939167979,0.213620507891719
21.06,0.2,259.343122049856,0.0858920437818408,0.918733617840428,0.641977444530191,0.215604451851202
21.07,0.2,258.254232156786,0.0864905737551673,0.917841086518238,0.642986491476712,0.214524681379361
21.08,0.2,257.160655126109,0.0866540363513415,0.916862307776955,0.644460746035316,0.215517969830532
21.09,0.2,256.062426228683,0.0864307032587981,0.917001714025841,0.645334661609969,0.216703104303946
21.1,0.2,254.95958465671,0.087067296530927,0.917687591059123,0.642954782920024,0.213786266677004
21.11,0.2,253.852173465235,0.0879628074146579,0.918363777410067,0.643976074502879,0.216104032415001
21.12,0.2,252.740239511693,0.0894866112525079,0.918241163085599,0.643162356896725,0.215346898387971
21.13,0.2,251.623833393542,0.0905934420961436,0.920808627871093,0.646392415314999,0.215874827187032
21.14,0.2,250.503009384009,0.0945602928511987,0.920383957527589,0.643930679701235,0.212570049716987
21.15,0.2,249.377825366014,0.0916704384950762,0.919613551935096,0.64132309953988,0.214927241870329
21.16,0.2,248.24834276431,0.0948296571750003,0.919406761181392,0.645221708541346,0.218016668029993
21.17,0.2,247.114626475889,0.0933804243197384,0.921284794941956,0.643575006079274,0.214728854871254
21.18,0.2,245.976744798697,0.0997179198966038,0.920491478750484,0.642003886218531,0.215093637056271
21.19,0.2,244.834769358731,0.0981536571914914,0.921420996222133,0.642597945530605,0.214626562590791
21.2,0.2,243.688775035555,0.100330326344497,0.920968210456365,0.644737902502134,0.215887825052775
21.21,0.2,242.538839886299,0.0985930822598015,0.92062150810617,0.643494108576613,0.213819273849045
21.22,0.2,241.385045068205,0.100799368726637,0.922229738823961,0.640735710371602,0.215494324305327
21.23,0.2,240.227474759767,0.104621107381414,0.922817913566575,0.645115691357305,0.215908556791896
21.24,0.2,239.066216080547,0.102760916662277,0.922055638291004,0.644547438273866,0.212713770408252
21.25,0.2,237.901359009711,0.103892090217231,0.924886271156047,0.644730697835868,0.214977896267084
21.26,0.2,236.732996303366,0.104146889616507,0.924444738809977,0.644800809819497,0.213277355821616
21.27,0.2,235.561223410753,0.106067569857833,0.922942666548852,0.641697294430481,0.215268098333411
21.28,0.2,234.386138389374,0.109087174704899,0.924744668538587,0.64600240474147,0.216083251574441
21.29,0.2,233.207841819116,0.109408456181206,0.924781791940575,0.644666948919855,0.214085370682455
21.3,0.2,232.026436715441,0.11107470772444,0.926441711577889,0.641767824555551,0.215420282923685
21.31,0.2,230.842028441717,0.114311092440609,0.926635109902581,0.64492707026377,0.21357860326568
21.32,0.2,229.654724620768,0.11049544295089,0.924131098333764,0.643406974765288,0.213021389163084
21.33,0.2,228.464635045693,0.112680797345134,0.925477243751697,0.645154411663153,0.215992640264954
21.34,0.2,227.271871590059,0.110578305703823,0.92751284650751,0.644957127789644,0.214695948633278
21.35,0.2,226.076548117514,0.11358347549472,0.924929693854916,0.645903579699913,0.215612834959569
21.36,0.2,224.878780390915,0.115414035868092,0.925479862835679,0.642805177877868,0.21741183808262
21.37,0.2,223.678685981024,0.114050055376736,0.92768456555171,0.647105412619748,0.214962424921453
21.38,0.2,222.476384174875,0.118458581596456,0.927551708458173,0.642184408724881,0.216068720183959
21.39,0.2,221.271995883862,0.119583087744162,0.927512576289827,0.643779142724601,0.213079424916256
21.4,0.2,220.065643551626,0.119539844846551,0.924580145650263,0.645077062266937,0.21676744616087
21.41,0.2,218.85745106184,0.122992707842713,0.928211936896773,0.644213547393459,0.214459404249853
21.42,0.2,217.647543645929,0.123767660524384,0.92860923197559,0.642828409957277,0.216931197997019
21.43,0.2,216.436047790832,0.124496142064317,0.927529451219767,0.646301441880746,0.215894948440085
21.44,0.2,215.223091146859,0.126596012820756,0.929403116105401,0.644050567005273,0.216727923295319
21.45,0.2,214.008802435727,0.128030603165582,0.928121887185554,0.641251173252204,0.216967221805978
21.46,0.2,212.793311358845,0.127415987633515,0.932372832532508,0.645060218733367,0.213876431529385
21.47,0.2,211.576748505917,0.127562272501401,0.929718713075946,0.646119109829232,0.21547750742351
21.48,0.2,210.359245263938,0.130299835628219,0.928563813269885,0.643344474426133,0.215088693858481
21.49,0.2,209.140933726653,0.132304642136011,0.932452179577307,0.642417275312671,0.21769886578957
21.5,0.2,207.921946604544,0.13028188444475,0.931184985694514,0.645076719129701,0.216712171201413
21.51,0.2,206.70241713542,0.13354160764272,0.931456424544887,0.644620666958829,0.21364642843182
21.52,0.2,205.48247899567,0.136291027128093,0.931154756813607,0.646244803402908,0.21434045596233
21.53,0.2,204.262266212251,0.135071797845243,0.930615412701167,0.646072429274468,0.211225073012127
21.54,0.2,203.041913075474,0.139950784664874,0.93261763993237,0.64601469692074,0.214458576153522
21.55,0.2,201.821554052643,0.138496886849554,0.931758262518571,0.646588943022129,0.216479694651647
21.56,0.2,200.601323702622,0.139898672411419,0.931088540285053,0.644312781006278,0.215843553405636
21.57,0.2,199.381356591385,0.142020135720189,0.932087427417395,0.646468346199663,0.213319550363179
21.58,0.2,198.161787208598,0.141465801357098,0.931854171971112,0.642881932245182,0.213196300600849
21.59,0.2,196.942749885304,0.142744555302336,0.930394173964503,0.646120337203044,0.215679667405569
21.6,0.2,195.72437871276,0.146792691294967,0.932900782126084,0.643911190109727,0.215810525459735
21.61,0.2,194.506807462478,0.148927199409134,0.93575154892014,0.646944259457049,0.215971457713078
21.62,0.2,193.290169507521,0.149394342788579,0.935523003683476,0.644616095947216,0.214244058435996
21.63,0.2,192.07459774511,0.14986942656134,0.933911935992316,0.644838034119415,0.216521313616594
21.64,0.2,190.860224520579,0.151820497346423,0.933253278545825,0.645837800042798,0.21586423789315
21.65,0.2,189.647181552737,0.150659629187604,0.933864473436618,0.64722415191615,0.217785475665771
21.66,0.2,188.435599860668,0.152677403900145,0.935586216885032,0.648189453483056,0.214851668421199
21.67,0.2,187.225609692016,0.153754818339602,0.93564037199182,0.646017903770922,0.214822848309541
21.68,0.2,186.017340452803,0.157623355619457,0.934087294754795,0.647003731045371,0.215723538352999
21.69,0.2,184.810920638796,0.15898276250305,0.93556303309769,0.645115328713542,0.216951060143907
21.7,0.2,183.606477768487,0.157169460997163,0.93436214298065,0.646054221939643,0.21597534691289
21.71,0.2,182.404138317689,0.160072048232313,0.935269273372503,0.647913813132743,0.212963250027302
21.72,0.2,181.204027655807,0.162059275813331,0.936627031033103,0.645242503558606,0.214497219131433
21.73,0.2,180.00626998379,0.163554104965473,0.933441061059755,0.648250115601573,0.215862409151337
21.74,0.2,178.810988273812,0.1660036908214,0.936385593840744,0.647374212353636,0.214235792031721
21.75,0.2,177.618304210682,0.164689512819896,0.936945302763894,0.64866227471586,0.213486467195533
21.76,0.2,176.428338135033,0.166834016425949,0.934162202508788,0.64685324649563,0.215064976065229
21.77,0.2,175.241208988287,0.168189404847554,0.935348810034646,0.647967188829239,0.215618960322977
21.78,0.2,174.057034259423,0.168554832959287,0.936758154841476,0.647413774681423,0.213158783794823
21.79,0.2,172.875929933577,0.171702363492534,0.937680619604797,0.647462524606641,0.216584105222477
21.8,0.2,171.698010442457,0.170822042499863,0.936287078701364,0.646864562567561,0.216331896477815
21.81,0.2,170.523388616619,0.173916352410556,0.938623087656394,0.649190577234837,0.216305368216094
21.82,0.2,169.352175639588,0.174037327029312,0.935681045333036,0.647593526743139,0.213041263508057
21.83,0.2,168.184481003848,0.176774029081628,0.937207313197155,0.646375461233217,0.215808944091466
21.84,0.2,167.020412468693,0.181454616499011,0.939227533180003,0.647427691818545,0.215257339288073
21.85,0.2,165.860076019957,0.179401907299455,0.935443263338957,0.646887310112643,0.214108106141683
21.86,0.2,164.703575831611,0.180329778453657,0.939077040249237,0.647628247732184,0.215277868618698
21.87,0.2,163.551014229237,0.180337799282867,0.939993494080136,0.652164881278659,0.2128249566762
21.88,0.2,162.466369791378,0.184866419206647,0.938676481878226,0.654328631291967,0.215677716943546
21.89,0.2,161.92687083398,0.182823751260245,0.94040437846051,0.648133683255543,0.214274271820391
21.9,0.2,161.686794800041,0.183937164468357,0.941683671464999,0.650562527277486,0.213861393188132
21.91,0.2,161.523994404751,0.18558035874184,0.939845794719275,0.650656987507846,0.215809844333264
21.92,0.2,161.427506833307,0.186315485439731,0.93912479591408,0.648000244717698,0.213179699148675
21.93,0.2,161.414852737369,0.186665000820327,0.938515627188574,0.648411604159785,0.216292109137943
21.94,0.2,161.420707606625,0.185166903665836,0.940142387141734,0.650267242062101,0.214959886085798
21.95,0.2,161.425779461326,0.186283552983819,0.939509208068823,0.648118005792631,0.21618473296851
21.96,0.2,161.430081152195,0.182883580045798,0.936275117787836,0.650014894620865,0.213839286662903
21.97,0.2,161.433625569296,0.184640702438511,0.939923643729038,0.649765473662345,0.21416049249583
21.98,0.2,161.436425636941,0.187855216303751,0.93908301624691,0.647421575454631,0.216475562606936
21.99,0.2,161.438494308566,0.185598342271492,0.941427772248684,0.650715385754895,0.214342712588116
22,0.2,161.439844561601,0.187899161664939,0.940240161406731,0.650262216989365,0.215654307968381
22.01,0.2,161.440489392332,0.186291450203781,0.93974997671354,0.650397937578424,0.216298646138588
22.02,0.2,161.424175327462,0.183827104565985,0.942114821287005,0.6519409830266,0.213054369478598
22.03,0.2,161.392269350138,0.185862872767751,0.939396369869323,0.650879775735145,0.214746749169811
22.04,0.2,161.362658250498,0.186364930798624,0.940017813291095,0.648543768210274,0.216143477410964
22.05,0.2,161.331049572029,0.185218042716335,0.942425229367668,0.650088442283437,0.215073495793786
22.06,0.2,161.295942460067,0.185183866337759,0.94239964241651,0.652127752099232,0.214762703719865
22.07,0.2,161.256994786674,0.18752249488371,0.940065360118928,0.65072237304664,0.2163180351539
22.08,0.2,161.214263627621,0.183750673963217,0.940935408822862,0.651058472586895,0.213970683151034
22.09,0.2,161.167833294436,0.185612562498208,0.940849977919398,0.651776611174183,0.216913963595984
22.1,0.2,161.117785542255,0.182549328734893,0.942330571252638,0.650129089171929,0.216119834596893
22.11,0.2,161.06420289404,0.188896123491677,0.940093633297592,0.650357001459178,0.214237638398103
22.12,0.2,161.007167515303,0.185126016055489,0.942381145672493,0.649950324903104,0.21589036896891
22.13,0.2,160.946838641115,0.184543750800797,0.941442210737527,0.651952907503228,0.215098771947282
22.14,0.2,160.883346876198,0.186096743871587,0.94308312768591,0.652242416161122,0.215719778206732
22.15,0.2,160.816687443683,0.185061819857325,0.94114613293974,0.649678880230739,0.216842202420984
22.16,0.2,160.746940684918,0.184670705711053,0.942567308731676,0.651760631885433,0.213223460950245
22.17,0.2,160.674408585164,0.185880084918586,0.942438717769709,0.65076842162094,0.215206475979841
22.18,0.2,160.599054129816,0.18746092430971,0.941379667722647,0.652802409276478,0.213069646200157
22.19,0.2,160.520850753983,0.18729591010599,0.943231971284062,0.653133195180692,0.214503496500845
22.2,0.2,160.440069594684,0.186787833816626,0.944236616315995,0.649937932829221,0.212652304017712
22.21,0.2,160.356922885504,0.186068485108506,0.942020487605568,0.654034906527268,0.215573845652222
22.22,0.2,160.271241842933,0.189216693907947,0.943406048824432,0.652660231470251,0.212649291587738
22.23,0.2,160.183075268829,0.187061471641914,0.942966009713727,0.6530626223135,0.214908235213184
22.24,0.2,160.092928599533,0.189780924747509,0.942470447151395,0.654660340959476,0.213942306722596
22.25,0.2,160.000646124595,0.187048917976743,0.943753843985828,0.65215781624453,0.213316657368839
22.26,0.2,159.906094146672,0.18765759202524,0.943612986914648,0.652383465196211,0.214600712900938
22.27,0.2,159.809636620991,0.18673024186157,0.942022994157464,0.654898256683817,0.21257058436126
22.28,0.2,159.711554093473,0.187813749712363,0.942330449563836,0.653615503495533,0.215461494793229
22.29,0.2,159.611531720708,0.188069931742988,0.943433475325722,0.65198860229529,0.213704278553307
22.3,0.2,159.509587332307,0.18897047708678,0.944287544734216,0.652771150788075,0.212293760279648
22.31,0.2,159.4063947991,0.188064236647197,0.940865030549146,0.654508723644395,0.216033976015642
22.32,0.2,159.301695756979,0.188103903823019,0.941510349046569,0.650650170931019,0.214108149265824
22.33,0.2,159.195263699066,0.189676559227769,0.944422715610163,0.654499790256636,0.213499547137994
22.34,0.2,159.087538005395,0.186128025855201,0.945452697504107,0.652846551590366,0.215068995988514
22.35,0.2,158.978854106783,0.187530716121372,0.940897227878729,0.655242618290581,0.216873053733784
22.36,0.2,158.868771887292,0.188004198943469,0.942501775325298,0.656490763130092,0.213642477314859
22.37,0.2,158.757278188925,0.18897829759132,0.944789085660494,0.651377770730618,0.215554319924708
22.38,0.2,158.645167610122,0.187734862125187,0.943418807082601,0.653104750639565,0.215483378249034
22.39,0.2,158.532102257805,0.18874242860618,0.944877817123542,0.653782659800709,0.214341861596098
22.4,0.2,158.417783585843,0.186876909725218,0.944501670004589,0.655125633595207,0.213895566580576
22.41,0.2,158.302694376844,0.187446549922191,0.943179633537756,0.654194101873871,0.216248205202715
22.42,0.2,158.187201724899,0.188757081642714,0.944089175511381,0.652992849682768,0.214831867862124
22.43,0.2,158.070779907286,0.18849171296661,0.941111905804611,0.655095167914617,0.217337890894654
22.44,0.2,157.953390603646,0.190301973078447,0.941825040687866,0.653826576028667,0.216272203848793
22.45,0.2,157.835894841166,0.188432646616156,0.945811923949686,0.65449915958984,0.213527480115192
22.46,0.2,157.717903404623,0.186202763081343,0.943546648093636,0.656021848997831,0.2122061797015
22.47,0.2,157.5990708732,0.189492689310115,0.94446240947693,0.653629211368944,0.214219360162361
22.48,0.2,157.479901230021,0.189271476311843,0.942980002044427,0.655940880718623,0.213087669174061
22.49,0.2,157.36077591818,0.189511273857825,0.943101341547433,0.655539436434494,0.216350897014347
22.5,0.2,157.241114402126,0.188496638770942,0.944039377031823,0.655631724137179,0.216048446403176
22.51,0.2,157.120860933519,0.188769045199319,0.941161535842446,0.656499771904351,0.214145711128356
22.52,0.2,157.000925134216,0.190813738009838,0.941184820611138,0.65621092139589,0.214570124493032
22.53,0.2,156.880876167082,0.19033708995489,0.945936714479274,0.653955492011735,0.21228301970374
22.54,0.2,156.76033007055,0.189385877660637,0.941587814596085,0.654844388864179,0.214159860232017
22.55,0.2,156.639807547209,0.192022707329273,0.944618938039868,0.656160448759967,0.21494870053361
22.56,0.2,156.519700303079,0.189862612687177,0.944629518632853,0.655871435328564,0.217267133408537
22.57,0.2,156.399379180291,0.18887737853724,0.941874496151104,0.656901030231662,0.215939635531214
22.58,0.2,156.278768539638,0.190675749111143,0.944195818423104,0.65794073835049,0.215591632095342
22.59,0.2,156.158795164694,0.192258178665261,0.945184097567598,0.654048038333697,0.216654284357193
22.6,0.2,156.039001866013,0.191920416496578,0.94362799420252,0.657431880379334,0.215361610548089
22.61,0.2,155.918979988785,0.189902034448872,0.944339361847002,0.657180489845443,0.216628734822879
22.62,0.2,155.799219196769,0.192068652375647,0.942168188102624,0.658721937466165,0.213473048814492
22.63,0.2,155.680089416251,0.195110999432256,0.944815703313949,0.656000803023334,0.215699938384441
22.64,0.2,155.560969246012,0.188677498155014,0.941307933013534,0.659038691183047,0.216973275946044
22.65,0.2,155.441715999261,0.192067528145532,0.943983394889607,0.655105749426789,0.216914529847299
22.66,0.2,155.322773384678,0.19357823808621,0.943883876275288,0.658410544350305,0.213161931397593
22.67,0.2,155.203912443651,0.192624621637212,0.942457441180091,0.656308325356893,0.212880897940196
22.68,0.2,155.084932951179,0.1911763725133,0.940832395100442,0.653134699243569,0.213498602529526
22.69,0.2,154.966096361102,0.19015267338621,0.945522269871264,0.656553080537749,0.213724667395395
22.7,0.2,154.847599744598,0.192059324672358,0.944360462876931,0.654844422126726,0.213703945223582
22.71,0.2,154.729123545656,0.192407212456789,0.942864088346816,0.658311574689097,0.215333384532211
22.72,0.2,154.610626092292,0.192503473850525,0.941938926743518,0.653329571946908,0.214231602017071
22.73,0.2,154.4925646335,0.19382227274286,0.941705564852631,0.6551395257588,0.216494787978433
22.74,0.2,154.374708514783,0.193321782443703,0.943135397885456,0.658205988216688,0.215917485828726
22.75,0.2,154.256850299045,0.191059082284774,0.942781317357565,0.656643845065531,0.212068509212657
22.76,0.2,154.139239642449,0.193885645866967,0.940655658979297,0.65749788191368,0.217114377467185
22.77,0.2,154.0220619061,0.191880458955991,0.942195174939113,0.65495580350055,0.213908985985584
22.78,0.2,153.904988917078,0.192192063399763,0.943478178290508,0.655499954688162,0.217518329570388
22.79,0.2,153.787968778888,0.19418043350934,0.943701512582931,0.654969070835921,0.215171181050984
22.8,0.2,153.671446947224,0.193963469685945,0.942835883736932,0.65917729854341,0.217421476511505
22.81,0.2,153.555182757039,0.192390100046444,0.943395476370606,0.657428872621383,0.214359552355418
22.82,0.2,153.438958588762,0.192018125558679,0.942817583275778,0.657929144898584,0.21519345287467
22.83,0.2,153.323009717739,0.192878386388118,0.94364921010865,0.658646806979911,0.216390810098966
22.84,0.2,153.207508533668,0.194625893254386,0.941128501317576,0.656357610748027,0.215065171672441
22.85,0.2,153.092120465792,0.194524791549788,0.94402616139144,0.656379423616922,0.212082435485636
22.86,0.2,152.976783283049,0.195067531045938,0.941539632148621,0.65725421577258,0.214692375245454
22.87,0.2,152.861923165425,0.193383543146231,0.942082184681464,0.65619462808378,0.21503390461418
22.88,0.2,152.747293703846,0.190739610327796,0.943096628692055,0.65698859456315,0.21206874247654
22.89,0.2,152.632671040336,0.194910657825653,0.939996762482658,0.656210307198629,0.214430290567024
22.9,0.2,152.518277039785,0.193254260458833,0.942023547620249,0.658662727504133,0.214254323559123
22.91,0.2,152.404271478655,0.194555429838464,0.942066739513002,0.652304760361372,0.215268714345951
22.92,0.2,152.290314244055,0.19450020282606,0.938667664677975,0.655494016110085,0.214933510454761
22.93,0.2,152.17633412284,0.193545819461603,0.942467033188235,0.656829421946327,0.214856668300321
22.94,0.2,152.062744356654,0.194085435400031,0.938432417694946,0.656014841141144,0.215346207814317
22.95,0.2,151.949290329982,0.191167037316319,0.943478346371044,0.657853489058833,0.217476609430953
22.96,0.2,151.83573974186,0.195111902395269,0.93869675860851,0.657116830281003,0.216682913204292
22.97,0.2,151.722302688979,0.19553186951762,0.942013035474324,0.653767311373355,0.214633773268099
22.98,0.2,151.60912789755,0.197295647578307,0.940407556980236,0.656378508344898,0.215528073474744
22.99,0.2,151.495868179478,0.199156190152188,0.940006420015246,0.654277050645442,0.216184623462438
23,0.2,151.382443662494,0.196137814365166,0.939941129695935,0.656675154454376,0.216017711759001
23.01,0.2,151.269258604841,0.19638815114668,0.941185400933576,0.656772860674721,0.21480824363858
23.02,0.2,151.156049055767,0.196566218445484,0.939600020096637,0.655759708591784,0.21586756604516
23.03,0.2,151.042573347888,0.196071116668764,0.940378493695782,0.654795752996078,0.215920721780681
23.04,0.2,150.933696379655,0.196278052036128,0.942880310363923,0.655533652917917,0.213197028275004
23.05,0.2,150.832526976307,0.197623887096087,0.937985486784207,0.653584028965689,0.215286754734991
23.06,0.2,150.733550848664,0.198604485454885,0.938491183126228,0.654022589877199,0.213409894436146
23.07,0.2,150.636542248548,0.196358932787968,0.940252182140678,0.658625970451944,0.214999459778731
23.08,0.2,150.554448596285,0.197343247856751,0.93935562760717,0.653476113505416,0.216739463725343
23.09,0.2,150.48035969559,0.196010420117567,0.936963176299888,0.655220767494853,0.212044667605559
23.1,0.2,150.407979967041,0.196537942110035,0.937050897374512,0.656614609614632,0.212535932018423
23.11,0.2,150.341461261061,0.195097514733959,0.940226027012948,0.655429936964491,0.213535457723133
23.12,0.2,150.284133811163,0.196678154028188,0.940386280741476,0.655368505232365,0.214899411791272
23.13,0.2,150.229267967444,0.196666662722205,0.939848274368084,0.656990332689239,0.214951212400524
23.14,0.2,150.17519701451,0.198575258341283,0.940673693843094,0.650700515576845,0.214189967189176
23.15,0.2,150.127184168007,0.195966910650529,0.937827784433878,0.655707814453467,0.213662653537495
23.16,0.2,150.082078698554,0.197904070492737,0.937880720328296,0.655864392504029,0.214387843099255
23.17,0.2,150.037066277353,0.196799447343387,0.937862923500684,0.653537493115309,0.215676339411566
23.18,0.2,149.99370169082,0.198498750149216,0.942130650012053,0.653827943195124,0.213370256257795
23.19,0.2,149.953269683086,0.198846569694612,0.937793660720305,0.653960934457496,0.21468265734469
23.2,0.2,149.91304355642,0.197841766770723,0.936796651865854,0.655091101678995,0.214544339445543
23.21,0.2,149.872361964845,0.196532351276554,0.935466516232113,0.654621506828755,0.213972977104888
23.22,0.2,149.833593149599,0.201001893865752,0.935421055940845,0.654264779812329,0.214244664399863
23.23,0.2,149.795297000497,0.197773675894962,0.935070568552283,0.654308533610628,0.21737934741339
23.24,0.2,149.756177162556,0.19887250852883,0.936706199033874,0.652930290918558,0.215214004388632
23.25,0.2,149.717201996025,0.199184569677118,0.935685726997601,0.651805935289097,0.212729566746651
23.26,0.2,149.679110375853,0.195982121346397,0.935979090005163,0.652209701796765,0.215673103473032
23.27,0.2,149.640310841846,0.199697257362144,0.93910523840029,0.653225694849224,0.215514792392883
23.28,0.2,149.600459594987,0.195202423348861,0.932515069451013,0.65266886615292,0.215998190274332
23.29,0.2,149.561370410098,0.195097212570132,0.937160555095785,0.656369784209328,0.215246246228697
23.3,0.2,149.521949690665,0.197594623229451,0.936279662870987,0.653489396956024,0.215024016499909
23.31,0.2,149.48120308793,0.195124757257437,0.934795502942095,0.65354389420517,0.214525894148909
23.32,0.2,149.440192155118,0.199565518770662,0.934468058454944,0.649927806671233,0.215596974692164
23.33,0.2,149.399680268131,0.195908586726448,0.934212085397011,0.651360532608412,0.216929875209949
23.34,0.2,149.35806315697,0.195795025275244,0.937525360032646,0.653166888197989,0.215321562378808
23.35,0.2,149.315025323758,0.198045926613109,0.93461789797455,0.652194871928124,0.214549369619351
23.36,0.2,149.272655314996,0.198556470415533,0.933023629508208,0.653692855627533,0.21693741545375
23.37,0.2,149.229716083552,0.197998970918635,0.934008443640972,0.652755878789117,0.218922538758818
23.38,0.2,149.185079280316,0.196440903867553,0.933596652963651,0.653481443139107,0.213031504465544
23.39,0.2,149.139742889123,0.199490743588394,0.932389437261023,0.653348974757358,0.216082940480426
23.4,0.2,149.094443868152,0.197883638055198,0.935033463783133,0.652183576653258,0.213879002663871
23.41,0.2,149.047597112696,0.198072140186493,0.934821687483088,0.651195983261354,0.215874324644697
23.42,0.2,148.998902516271,0.197851218017031,0.932799498839442,0.654099500965861,0.215681266976589
23.43,0.2,148.950529004546,0.197622867708952,0.934518310810634,0.651512588208291,0.215020384637904
23.44,0.2,148.901197674195,0.199194744892561,0.932079065733008,0.650179842128977,0.213260704652518
23.45,0.2,148.849739795641,0.198770883760453,0.932828249023313,0.652837734663125,0.214190422510113
23.46,0.2,148.797661176052,0.199719577973933,0.929658189152416,0.652624500586489,0.214170652329449
23.47,0.2,148.746029238404,0.19750140752942,0.935177709224754,0.649580274713534,0.216977123564447
23.48,0.2,148.692680937102,0.198342485695537,0.932352585059674,0.649565362391048,0.216373026560177
23.49,0.2,148.6372266209,0.196850287206399,0.929058776488839,0.653919885238778,0.213188247241953
23.5,0.2,148.582705560297,0.198059401384377,0.931946628659454,0.64960068655439,0.216280276318474
23.51,0.2,148.527365184697,0.196651898614291,0.929221746284544,0.651197441765871,0.214338089113571
23.52,0.2,148.469604171593,0.198698408173738,0.930740709938951,0.653127123049642,0.215222067717356
23.53,0.2,148.411151984548,0.19937458409934,0.928980537884902,0.649067978920851,0.217434249288733
23.54,0.2,148.353269759579,0.201007058015784,0.928791718470528,0.652732602784125,0.216763792243444
23.55,0.2,148.293402909126,0.200280014575947,0.92838718688784,0.650792478562056,0.213710931854904
23.56,0.2,148.23105969299,0.196258383604282,0.928903056002276,0.650290318916309,0.216755320913318
23.57,0.2,148.16955213278,0.198919755973432,0.927887766859755,0.648446956205328,0.213269685465022
23.58,0.2,148.106966961265,0.1983615332572,0.927999407506561,0.650719225064775,0.216919256017939
23.59,0.2,148.041557585292,0.197916917290267,0.928794724367599,0.64977674398027,0.213549319508516
23.6,0.2,147.975377299205,0.197403450210132,0.927286099905958,0.649723233257845,0.215275439761424
23.61,0.2,147.909914425389,0.197412382734837,0.928088724535095,0.648453589133582,0.213198624795864
23.62,0.2,147.842210288413,0.197899977995209,0.925943293381707,0.649929721208046,0.217100562029763
23.63,0.2,147.771739760164,0.198932848993894,0.927526168850642,0.649444229470313,0.216366483727606
23.64,0.2,147.702641573147,0.197906612243126,0.92771668613378,0.649413253182555,0.215394984647323
23.65,0.2,147.632568723553,0.197883132214903,0.925029525721065,0.648447029756443,0.215567356667464
23.66,0.2,147.559374372478,0.197535740095888,0.92502410575829,0.651312401334731,0.214899029174345
23.67,0.2,147.485585239149,0.199350814224666,0.925957164741954,0.646221968705136,0.214217944260266
23.68,0.2,147.41304374872,0.199113266560654,0.927176048024269,0.648734412580008,0.215485041897445
23.69,0.2,147.338139616193,0.197286312288027,0.925720268688842,0.645344436715569,0.215286395899631
23.7,0.2,147.260207387083,0.196552650330306,0.926633415881756,0.648488790867192,0.218359804295008
23.71,0.2,147.184061993879,0.19816992479136,0.924097276133171,0.646891526902016,0.21520870414609
23.72,0.2,147.106983233355,0.198822697652437,0.925391974254189,0.648806765236108,0.21517171569289
23.73,0.2,147.026482940374,0.198620327345551,0.925314438311948,0.648100227032671,0.216861395926795
23.74,0.2,146.945191679972,0.198645219719672,0.92402499938558,0.650759527612832,0.217505218320018
23.75,0.2,146.865063157385,0.200115096483236,0.922425582601921,0.650627908425408,0.21579626270646
23.76,0.2,146.78226521421,0.199642841382043,0.922095164501794,0.647078760003207,0.213764444870925
23.77,0.2,146.696080929373,0.202170952633958,0.925702527510634,0.650231032129013,0.213752664916494
23.78,0.2,146.611525810853,0.198025620848383,0.923001482419684,0.64913704012315,0.217246845878189
23.79,0.2,146.525775101138,0.199879289331058,0.923517513162791,0.647548431806635,0.215153708814298
23.8,0.2,146.436242357255,0.199009279903375,0.921342150607516,0.647256948916018,0.214866323490501
23.81,0.2,146.345759298636,0.199937298077637,0.919398351374099,0.645412943600233,0.217065112279529
23.82,0.2,146.256427686092,0.198619963005058,0.921687023660407,0.646679923413074,0.214006472708993
23.83,0.2,146.164169601663,0.199178242672921,0.922448547703615,0.647673346230241,0.215153819293431
23.84,0.2,146.068247078043,0.19748739769343,0.919403104507084,0.645575370258107,0.214906584206251
23.85,0.2,145.974172901224,0.199265302646337,0.922186219176205,0.646607832493022,0.215108246242738
23.86,0.2,145.878872152919,0.20023284739922,0.921468402044593,0.649436483776376,0.215229552038275
23.87,0.2,145.779523031967,0.200188997370462,0.920218820156182,0.643734640726426,0.214466514992035
23.88,0.2,145.679182315465,0.200604572347782,0.918959569975527,0.645540885591591,0.215187722465111
23.89,0.2,145.580132712441,0.198920067283809,0.918986983809153,0.643726030558834,0.217018593836173
23.9,0.2,145.47798027211,0.198665886183982,0.918834311608354,0.643517303734249,0.21402242103675
23.91,0.2,145.371909321223,0.200185557057055,0.916808687955582,0.64641273234531,0.216230101775018
23.92,0.2,145.267689715491,0.201363203043699,0.918152078457615,0.64667503284359,0.214542732887185
23.93,0.2,145.162112729505,0.198484965166434,0.916621911127126,0.646732440995542,0.21680211724891
23.94,0.2,145.052230174734,0.198559381330591,0.915712789548219,0.644098380493282,0.213588023611985
23.95,0.2,144.941358668922,0.203354375805337,0.914591372320764,0.648721779959341,0.21570977849157
23.96,0.2,144.83197390475,0.199334812816163,0.917683453914167,0.645435675647422,0.21314439328253
23.97,0.2,144.719366009027,0.200422998925558,0.916391458967503,0.645034084562763,0.215859684072888
23.98,0.2,144.602701523441,0.200355612229261,0.915077911064759,0.645881775071527,0.214165616603419
23.99,0.2,144.488465382239,0.200187945802403,0.916331119502844,0.644552135754302,0.212308432508355
24,0.2,144.373092349213,0.198328512271211,0.916527685682839,0.64770951248481,0.212639594627946
24.01,0.2,144.253296290782,0.200638542750558,0.913804390483614,0.64549431353684,0.214321730854791
24.02,0.2,144.128697175145,0.202335535324036,0.913857917090144,0.644750952000745,0.218604576961688
24.03,0.2,143.999416848476,0.200581906688303,0.914058697064388,0.647485365890292,0.215180645763747
24.04,0.2,143.864721611385,0.199383459129803,0.912700867592694,0.643745119434793,0.216887846617205
24.05,0.2,143.724335201824,0.200433286479615,0.912006829761979,0.646461892675139,0.215242288724763
24.06,0.2,143.578172403784,0.202916852550766,0.914632422063999,0.643598103392032,0.215118085098209
24.07,0.2,143.42620101021,0.203213685113552,0.915275611848457,0.644711602413736,0.215003398755244
24.08,0.2,143.268403636773,0.20032619474182,0.913856766046473,0.643379967012493,0.216897644592986
24.09,0.2,143.104768133444,0.202730572878772,0.91041309254354,0.646405299669666,0.216254370319292
24.1,0.2,142.935285238079,0.201724417331527,0.914128533465823,0.646031162298049,0.216394514406976
24.11,0.2,142.759948014415,0.201754235092937,0.913133225079911,0.642608855640338,0.217326715390965
24.12,0.2,142.578751726304,0.201097974617245,0.910468485105915,0.644755684973249,0.217530476228143
24.13,0.2,142.391693817634,0.20154955251312,0.91424257182845,0.643346564242951,0.214578132496282
24.14,0.2,142.198773917021,0.20114880366159,0.909873286612996,0.64614687005596,0.21397503337658
24.15,0.2,141.999993847424,0.20317333404518,0.90938677867379,0.643071145473773,0.215055984890891
24.16,0.2,141.795357635822,0.202478499129376,0.910998794670383,0.642514844186605,0.214818918465485
24.17,0.2,141.584871521737,0.201870445142317,0.909045499211631,0.641134349861566,0.214399730396847
24.18,0.2,141.368543964309,0.201787574638796,0.908117112513677,0.643854746380897,0.214369648555878
24.19,0.2,141.14638564782,0.20550894471501,0.909364346093556,0.640803889240541,0.212483655767539
24.2,0.2,140.918409485664,0.20416021251265,0.907566269134794,0.644408428362057,0.213742794631339
24.21,0.2,140.684630622733,0.203424108365364,0.908094912521384,0.646548635240745,0.216394821011592
24.22,0.2,140.445066436212,0.204853916415191,0.908306452908611,0.641708869592628,0.215517829383587
24.23,0.2,140.19973653479,0.201896636999421,0.905727584758522,0.642481638632853,0.216790869569362
24.24,0.2,139.948662756264,0.202452949065518,0.905091196265523,0.645388755295462,0.215118071209213
24.25,0.2,139.691869163563,0.20633495082183,0.906596487709048,0.644750818472634,0.216112094345291
24.26,0.2,139.429382039156,0.207209071473188,0.903144309812037,0.644349842911253,0.212428032021776
24.27,0.2,139.161229877883,0.203826578700829,0.905266313970079,0.641461816496011,0.216143910893333
24.28,0.2,138.887443378184,0.204481698476468,0.906692800652974,0.644327703699334,0.215353573219049
24.29,0.2,138.608055431749,0.203364296943259,0.905419106770756,0.64123788700726,0.215639914919201
24.3,0.2,138.32310111159,0.204377343083284,0.904305660107693,0.643736116936021,0.216351381479596
24.31,0.2,138.032617658549,0.208397268725193,0.903634355588102,0.642761085937172,0.217435882587037
24.32,0.2,137.736644466242,0.207490854524538,0.900228961946648,0.644002099895724,0.216120386063474
24.33,0.2,137.435223064465,0.2040932491409,0.903984744770317,0.641341700820856,0.214578498806461
24.34,0.2,137.128397101074,0.206574643558046,0.903506637774077,0.644228391518357,0.214730785007649
24.35,0.2,136.816212322347,0.206577684177168,0.902698506441882,0.645045773906415,0.217732283108421
24.36,0.2,136.498716551857,0.207305318681518,0.899067352742788,0.642535696399615,0.214441330658136
24.37,0.2,136.175959667867,0.205317717623024,0.901805603824337,0.642873975865653,0.213863102138282
24.38,0.2,135.847993579273,0.208709529422792,0.900929343149689,0.642922984234473,0.214829046683547
24.39,0.2,135.514872200127,0.207285281328329,0.899646560492914,0.6429979675036,0.217863341581446
24.4,0.2,135.176651422739,0.211212776444066,0.900910797782407,0.642595862065131,0.214891980682302
24.41,0.2,134.833389089414,0.209256060752396,0.897336893136915,0.643245502936429,0.214677982979625
24.42,0.2,134.485144962837,0.210320178389394,0.899401142932659,0.643582213538326,0.214359799109838
24.43,0.2,134.131980695134,0.210362642227058,0.898781557454836,0.64262054438035,0.215050431770512
24.44,0.2,133.773959795644,0.212188918562244,0.897173349430041,0.642838401610041,0.215377764674459
24.45,0.2,133.411147597438,0.209749042685458,0.896943143628077,0.64286992019347,0.214077116065132
24.46,0.2,133.043611222607,0.209828087168208,0.897105459767113,0.644835987363636,0.216609986044857
24.47,0.2,132.671419546372,0.210009039759334,0.896046414028827,0.645482031197476,0.215657813404494
24.48,0.2,132.294643160031,0.211079285458313,0.895732854694422,0.645112051687718,0.216003047840025
24.49,0.2,131.9133543328,0.211641917491858,0.898654055333205,0.643042685943241,0.215711004236168
24.5,0.2,131.52762697257,0.213005863904512,0.893268688576937,0.646962491118071,0.21407027669618
24.51,0.2,131.137536585639,0.214948536384888,0.895406259896983,0.644101515905122,0.215899675716024
24.52,0.2,130.743160235437,0.213683925103562,0.8976778656581,0.644289150711914,0.219033174686009
24.53,0.2,130.344576500305,0.214357823415145,0.895277702752917,0.643354875817294,0.213346493802944
24.54,0.2,129.941865430362,0.214153363694755,0.894912408944788,0.642423933641319,0.215993204580659
24.55,0.2,129.535108503504,0.214180255233731,0.893042166510993,0.642081445260267,0.213739417595463
24.56,0.2,129.124388580581,0.217000398954031,0.895544503731166,0.644734258983007,0.215670206742172
24.57,0.2,128.709789859797,0.216182759771056,0.89399587576437,0.642804586328508,0.215635458128441
24.58,0.2,128.291397830378,0.215140620586804,0.893519776463639,0.645221379024819,0.216051484988503
24.59,0.2,127.869299225555,0.217576358046681,0.894645536528966,0.645001667231554,0.215542381747583
24.6,0.2,127.443581974911,0.217338898275187,0.892004674134949,0.644195615991552,0.214303933286049
24.61,0.2,127.014335156134,0.218070068564944,0.891397592683142,0.643140636663736,0.214853128559786
24.62,0.2,126.581648946226,0.217115697822625,0.889670245987631,0.643979636232169,0.214603018193871
24.63,0.2,126.145614572227,0.217377752668563,0.890495253149829,0.642744621750053,0.21586596470652
24.64,0.2,125.706324261478,0.217258541694546,0.891763354476269,0.645068081655072,0.215826622006001
24.65,0.2,125.263871191499,0.21974011973122,0.890291391453524,0.645312922205174,0.215737267005299
24.66,0.2,124.818349439511,0.222476263867833,0.888719495257028,0.644583920492604,0.216406762203182
24.67,0.2,124.369853931661,0.220678462077295,0.889269125573797,0.6435236134201,0.214444353818694
24.68,0.2,123.918480391991,0.220205140755502,0.887038430244446,0.643970526528734,0.219242840695237
24.69,0.2,123.46432529121,0.220787003854713,0.888341774776815,0.645386869188756,0.214347041148197
24.7,0.2,123.00748579531,0.219434781023206,0.887277463428104,0.644959860532319,0.217144458442158
24.71,0.2,122.548059714071,0.220106365152796,0.887781467891398,0.644333550458822,0.215975850045274
24.72,0.2,122.086145449513,0.22205542065514,0.888024764936755,0.645327059058528,0.213744805183553
24.73,0.2,121.621841944337,0.2226298736259,0.886027280958801,0.642979414942518,0.214623003042371
24.74,0.2,121.155248630398,0.226363586035279,0.884313539006712,0.646024994426272,0.216928058392027
24.75,0.2,120.686465377268,0.223306921728148,0.883694978858297,0.64434601571777,0.216338622112407
24.76,0.2,120.215592440924,0.224402839333108,0.883389666656602,0.648400951450197,0.214070245283008
24.77,0.2,119.742730412611,0.226101404428943,0.884724818678984,0.647197273721767,0.214682592477939
24.78,0.2,119.267980167926,0.224464264803679,0.883457504898221,0.64639437940413,0.215335780503485
24.79,0.2,118.791442816168,0.227584544184352,0.883970407698069,0.643623626971652,0.214649044931795
24.8,0.2,118.313219649989,0.227671168394567,0.884052884563542,0.646249634729341,0.217784435467903
24.81,0.2,117.833412095405,0.227958224217265,0.883769406774413,0.645656613398306,0.213657598968604
24.82,0.2,117.352121662191,0.228345371183224,0.881386058986389,0.645391296209821,0.21376528742131
24.83,0.2,116.869449894708,0.227709102790121,0.88306132227556,0.647540944230097,0.212997491634273
24.84,0.2,116.385498323211,0.231018460041327,0.884263589379492,0.647923588561787,0.216287441134995
24.85,0.2,115.900368415658,0.229397590723647,0.881639204573356,0.645165153157429,0.21564127857271
24.86,0.2,115.414161530076,0.231694569582161,0.882455862963074,0.646949782161636,0.215197684777482
24.87,0.2,114.926978867507,0.232490255498222,0.882873886190753,0.647556900762405,0.212472492358321
24.88,0.2,114.438921425577,0.232137078087088,0.881425635583674,0.647440585183987,0.214558560474617
24.89,0.2,113.950089952726,0.232528413179063,0.877582093609153,0.650233844729379,0.21363635268006
24.9,0.2,113.460584903115,0.232064769710973,0.878774543689928,0.647333705665899,0.212084240069366
24.91,0.2,112.970506392265,0.235238611739858,0.880370772963241,0.646457048672129,0.213713898168029
24.92,0.2,112.479954153443,0.235841688555884,0.87963916691667,0.647563215654711,0.212783048423691
24.93,0.2,111.989027494824,0.234920707211492,0.878068489767744,0.649241892400426,0.217005725849452
24.94,0.2,111.497825257471,0.232680818901221,0.875822944606396,0.647140156961609,0.213480695034201
24.95,0.2,111.006445774145,0.238920538095997,0.876176019508283,0.650050466768346,0.216033994955565
24.96,0.2,110.514986828974,0.237127791156642,0.876672831075892,0.645042017542759,0.21667451825614
24.97,0.2,110.023545618011,0.236431051933255,0.875177808631615,0.646926103708789,0.212291540211332
24.98,0.2,109.532218710699,0.235326428298983,0.876888694148124,0.649489996567643,0.21332483086882
24.99,0.2,109.041102012261,0.237352880643295,0.87600118591661,0.647006669001817,0.215305930185771
25,0,108.550290727044,0.240512937778746,0.875547381379305,0.646857419551684,0.216114440241983
25.01,0,108.059879322829,0.23866038725616,0.874217997869695,0.649902736423113,0.217311782066281
25.02,0,107.569961496119,0.241221159854768,0.873316281711488,0.650234627336723,0.214235798010937
25.03,0,107.080630138434,0.244179752315919,0.873239739301235,0.650871521224483,0.213807536487476
25.04,0,106.591977303618,0.240289504357417,0.873142607471131,0.649990350072483,0.215811234613891
25.05,0,106.104094176173,0.243641394640058,0.873559155096497,0.648664855442952,0.216851848895925
25.06,0,105.617071040629,0.244144762145797,0.873284877651173,0.649135104434755,0.215317454581006
25.07,0,105.130997251964,0.245636764030812,0.872125046667223,0.648798764574246,0.215601878067807
25.08,0,104.645961207081,0.244560690682435,0.87120310814668,0.648619528133624,0.214377436614779
25.09,0,104.162050317352,0.24569369555647,0.872557129549494,0.650080665662893,0.216082160453556
25.1,0,103.679350982224,0.245740535856444,0.869369819117118,0.648322477903197,0.21361183390446
25.11,0,103.197948563912,0.247666534892903,0.869186230687605,0.65120191386512,0.215160921620573
25.12,0,102.717927363156,0.248807075450444,0.869654547326519,0.649028380267587,0.216582760418224
25.13,0,102.239370596072,0.25019666824127,0.870219596627053,0.650002273311772,0.216647306604287
25.14,0,101.76236037207,0.245958189825003,0.868350623174354,0.649879034006613,0.216115685410296
25.15,0,101.286977672868,0.247885146808361,0.868547829926237,0.651507589293833,0.214491488760923
25.16,0,100.813302332565,0.248691824231754,0.867313540188079,0.650756969331571,0.214324143388418
25.17,0,100.34141301881,0.253416695609025,0.868783268084909,0.648229245800764,0.213600240470295
25.18,0,99.8713872150237,0.251343577173332,0.866173498683809,0.65477247394205,0.213417177694155
25.19,0,99.4033012036989,0.253103003176347,0.866621691195446,0.646449148083289,0.215036708045022
25.2,0,98.9372300507539,0.253613484082593,0.8666882077512,0.651051024556635,0.217078634361048
25.21,0,98.4732475909395,0.254077001817528,0.866597833706385,0.651143026526618,0.215505921465549
25.22,0,98.0114264142889,0.254537162140657,0.86918821813474,0.651598236081627,0.214250899750796
25.23,0,97.5518378536006,0.254768875601724,0.864806000745402,0.650958166138344,0.21201598697388
25.24,0,97.0945519729454,0.255297394757473,0.864228380915906,0.651182496545689,0.21414731027327
25.25,0,96.6396375571829,0.257824242463238,0.864646607688811,0.650952804917537,0.213748998898599
25.26,0,96.1871621024786,0.259091592551655,0.861558515399007,0.649512052496131,0.216252235036492
25.27,0,95.7371918078049,0.255447574372399,0.863755323510664,0.652053039466532,0.212871999872831
25.28,0,95.2897915674136,0.256718101792959,0.864514854861562,0.652194463224417,0.214476392166699
25.29,0,94.8450249642652,0.2613232894344,0.863406582177822,0.650331776920485,0.214967333279841
25.3,0,94.4029542643969,0.260034679664149,0.861640001499859,0.652622839261714,0.216701605161719
25.31,0,93.9636404122162,0.260935828630482,0.860617989058584,0.651400802144448,0.21482378379648
25.32,0,93.5271430266985,0.261724398004188,0.861405731084206,0.652406941131954,0.213306009479485
25.33,0,93.0935203984756,0.263272368957978,0.858736590666031,0.652360260034094,0.215317310967065
25.34,0,92.6628294877926,0.260478084533592,0.861408920404985,0.654518029810489,0.216730367839222
25.35,0,92.235125923316,0.266131246784646,0.858813511547439,0.650758706536967,0.213513358498322
25.36,0,91.8104640017727,0.266227068361021,0.858709805697837,0.652113145983637,0.213499323868399
25.37,0,91.3888966884013,0.2653616274761,0.859454554451281,0.653579638584728,0.215639528692638
25.38,0,90.9704756181917,0.264988831337733,0.859225514439367,0.651202921452709,0.214732549928532
25.39,0,90.5552510978961,0.266872184209385,0.856757747956686,0.651915199356124,0.215616264214227
25.4,0,90.1432721087864,0.265939895529389,0.858148554042881,0.651345585538015,0.215526006330133
25.41,0,89.7345863101391,0.268280933148369,0.857367866472143,0.656058394379661,0.214861374774802
25.42,0,89.3292400434228,0.268019420793863,0.85802755688612,0.650485555408133,0.214896426207218
25.43,0,88.927278337169,0.267586751222415,0.857514634408689,0.656162697741757,0.214052597918448
25.44,0,88.5287449125007,0.269580924749563,0.855582081900943,0.652339392080958,0.216697077341702
25.45,0,88.1336821892982,0.273747984887527,0.851885951923962,0.656485525528261,0.216570220645384
25.46,0,87.742131292978,0.27099308335514,0.857671207678103,0.655412431422254,0.213177751998297
25.47,0,87.3541320618616,0.271540706517361,0.855234759369488,0.652443128583081,0.214752749648332
25.48,0,86.969723055112,0.271453847506477,0.853411075729785,0.653561582784463,0.216847164307161
25.49,0,86.588941561214,0.272639816190259,0.854771211449706,0.654430239096484,0.216063609259872
25.5,0,86.2118236069741,0.273710548103563,0.854350914968802,0.652436664576495,0.214774512771271
25.51,0,85.8384039670194,0.272554026178328,0.854300391655772,0.653608280345607,0.216285048834075
25.52,0,85.468716173769,0.271252419913484,0.852659547969756,0.652004257315272,0.214137764191307
25.53,0,85.1027925278566,0.275043222022946,0.852649601602562,0.654256635161564,0.215482398475714
25.54,0,84.7406641089817,0.276348826314777,0.854138850370759,0.654597328034535,0.216744055338924
25.55,0,84.382360787164,0.275384734586273,0.848515539267073,0.651019362553079,0.214332709554837
25.56,0,84.0279112343816,0.277856124908828,0.849874834990413,0.654346161600252,0.211931071557173
25.57,0,83.6773429365671,0.277243251535881,0.849546339239437,0.655221019111837,0.213740765772523
25.58,0,83.3306822059404,0.280762836118214,0.847673759823528,0.654997837594581,0.21429827921764
25.59,0,82.9879541936581,0.278780120676814,0.850649223246973,0.65599317036843,0.217059227501933
25.6,0,82.6491829027526,0.27612231886382,0.853172775064557,0.653589486142495,0.213109389064363
25.61,0,82.3143912013447,0.28176681316792,0.84904333813911,0.655159132635162,0.214688080523439
25.62,0,81.9836008361041,0.281675886518729,0.84792941903093,0.655097229837466,0.21297476510738
25.63,0,81.6568324459394,0.278918049087226,0.850405645536129,0.656679412080076,0.216612839233167
25.64,0,81.3341055758942,0.281250478847656,0.847198601888745,0.655951179769265,0.214963767324208
25.65,0,81.0154386912322,0.280456168837286,0.847846586445148,0.655045105345544,0.214555239020008
25.66,0,80.700849191689,0.280348383195304,0.845675096107195,0.655914270150249,0.210099109020579
25.67,0,80.3903534258699,0.283377128151039,0.847695937453924,0.653766825233318,0.214315091252495
25.68,0,80.0839667057786,0.284066935178713,0.845606784702241,0.65733857292556,0.215677112075005
25.69,0,79.7817033214528,0.283054289465774,0.847295218720216,0.654362674718119,0.21507634481322
25.7,0,79.483576555693,0.285590421441827,0.844595615437191,0.656572468304055,0.216437754502752
25.71,0,79.1895986988624,0.287323844125088,0.843302636257681,0.655776566691469,0.213214154106652
25.72,0,78.8997810637443,0.282486779450969,0.84816036195444,0.655824550046755,0.215894876879454
25.73,0,78.6141340004364,0.287524902289021,0.84545025008456,0.658325057027621,0.214112114510749
25.74,0,78.3326669112687,0.285740360512352,0.845282898687046,0.655474591349877,0.218791615331228
25.75,0,78.0553882657256,0.286394347526093,0.844534784611005,0.656025430137422,0.214753006655433
25.76,0,77.7823056153607,0.288664462739965,0.841278566152774,0.657829113573596,0.215278286374858
25.77,0,77.5134256086848,0.287808320679378,0.842314246193614,0.654828716982761,0.215814250433792
25.78,0,77.2487540060157,0.286250480090397,0.841604759881507,0.656968517988945,0.212721671040051
25.79,0,76.9882956942754,0.290289653296667,0.841690953983023,0.658321127324586,0.21562148447382
25.8,0,76.7320547017198,0.286701868280104,0.839464425417364,0.655036189721555,0.215428452543726
25.81,0,76.480034212589,0.290099637770492,0.840836266368341,0.654224594393648,0.216982304408079
25.82,0,76.2322365816658,0.292372018802161,0.841991325446105,0.657261912473472,0.213345721094009
25.83,0,75.9886633487301,0.290953822554531,0.840740161256231,0.657487588028794,0.214434423221757
25.84,0,75.7493152528982,0.290900598714629,0.841347592495329,0.655594730103766,0.215588915161814
25.85,0,75.5141922468364,0.291262545070516,0.839324252099604,0.657781175355978,0.214495953059165
25.86,0,75.2832935108372,0.29054554536006,0.841321935857755,0.655163797109677,0.215042387146354
25.87,0,75.0566174667504,0.294569264618073,0.838556476614365,0.656809978377444,0.21222740975289
25.88,0,74.8341617917597,0.293124909746677,0.840568949998597,0.653632615351036,0.215470892216216
25.89,0,74.6159234319932,0.292127550899419,0.842194720901675,0.656956401098495,0.215961610713029
25.9,0,74.4018986159645,0.291082317529856,0.839420393507553,0.657613213236857,0.216051545033047
25.91,0,74.192082867833,0.293374533280963,0.838455859619282,0.657713623544768,0.216351474901545
25.92,0,73.9864710204778,0.293463812406596,0.83909373302678,0.656008131748081,0.213561873627254
25.93,0,73.7850572283794,0.296072545670563,0.837212479706134,0.655507214623561,0.214742003355485
25.94,0,73.5878349803017,0.296462564954282,0.836828517811248,0.657186821219208,0.214110594576208
25.95,0,73.3947971117707,0.294165952272917,0.83731913875942,0.658757571143436,0.215200612600945
25.96,0,73.2059358173429,0.297055753385356,0.838612102962293,0.65677382204004,0.215247585536434
25.97,0,73.0212426626608,0.296768357244855,0.833858829647458,0.655357754336416,0.215911169356927
25.98,0,72.8407085962914,0.293505535748962,0.83629768111132,0.65607866368827,0.21764825197976
25.99,0,72.6643239613434,0.294677177561011,0.834225919573666,0.655553365810856,0.214978985509191
26,0,72.492078506861,0.298044379552513,0.835095203804278,0.656907583764078,0.21475302843134
26.01,0,72.3239613989911,0.294912598690344,0.834246636592394,0.658443238092828,0.209528563384858
26.02,0,72.1599612319248,0.29865106095411,0.833418591777315,0.656576664646149,0.214299733146212
26.03,0,72.0000660386068,0.298110002778109,0.832352200240086,0.660380513219014,0.21573973206184
26.04,0,71.8442633012172,0.294454437336335,0.834854357992451,0.655169443568256,0.215301706680802
26.05,0,71.6925399614211,0.296799259111683,0.831703913306568,0.655598540372802,0.214627451962804
26.06,0,71.5448824303893,0.297088511593478,0.829969766436398,0.657802758256741,0.217209232398976
26.07,0,71.4012765985871,0.298980073981729,0.831765424388474,0.657511059877105,0.214502189588747
26.08,0,71.2617078453355,0.296590186945297,0.832176043708003,0.655916821901473,0.213471566338098
26.09,0,71.126161048144,0.297747758972453,0.830141103426168,0.656680747027523,0.216237445742548
26.1,0,70.9946205918174,0.30051112605632,0.829992564130727,0.655185070165782,0.214425135432927
26.11,0,70.8670703773389,0.300584180145264,0.829810158565561,0.655916462350915,0.211179567922233
26.12,0,70.7434938305322,0.302674641078812,0.830380386139596,0.657361213593876,0.215711993471118
26.13,0,70.6238739105046,0.296797107854074,0.830338441818423,0.657738680254832,0.215337523940112
26.14,0,70.5081931178765,0.299894109434349,0.829231667469185,0.65676825675898,0.212643846276151
26.15,0,70.3964335027982,0.297595149631738,0.829547707232198,0.653782278094547,0.214432790384316
26.16,0,70.2885766727614,0.300498421194268,0.830504231654601,0.653688824590692,0.213922393596034
26.17,0,70.1848992449624,0.299228609818296,0.827871841908679,0.65487157693692,0.214487470943292
26.18,0,70.0866780478927,0.300245844163607,0.826800024162909,0.656411282361582,0.215925409216633
26.19,0,69.9929898817768,0.301524140397441,0.830241258323285,0.655782309017803,0.217758070132106
26.2,0,69.9031951818512,0.30061596475855,0.825326068050961,0.654673691731481,0.212353742575787
26.21,0,69.8170870883717,0.301117000066024,0.829001927557423,0.653926562815602,0.213404164848532
26.22,0,69.7345946259672,0.300046237117387,0.827932068064328,0.655914791735156,0.214094688817352
26.23,0,69.655684304967,0.303766522805755,0.827411221926115,0.654462969869448,0.216909351977528
26.24,0,69.5803325254579,0.301318988499248,0.828553606743568,0.656710600141761,0.213785048900243
26.25,0,69.5085180703064,0.300162044540454,0.827084628747125,0.657805271937692,0.21565135265801
26.26,0,69.4402200774185,0.302988215057953,0.824842800976927,0.655183911402779,0.215147619561134
26.27,0,69.3754174954544,0.299681254285926,0.828259079888736,0.654974175872701,0.213959864487746
26.28,0,69.3140889408013,0.302225303590467,0.825946095619942,0.654493723346453,0.215515775005513
26.29,0,69.2562126630937,0.299481900840339,0.824185017738552,0.654441270157058,0.216284972537784
26.3,0,69.2017665400816,0.299142514811559,0.826495257031567,0.654034478329038,0.214910296887858
26.31,0,69.1507280804001,0.302702217347047,0.822672334404764,0.653565502238421,0.215713385246789
26.32,0,69.103074428433,0.302200249719084,0.824387127845333,0.652221440691236,0.216046591624593
26.33,0,69.0587823697008,0.300044280079778,0.823706892834649,0.654682704676058,0.214942262374015
26.34,0,69.0178283363514,0.302304471279296,0.823038020449494,0.655495375242558,0.215004087514044
26.35,0,68.9793251097159,0.299732520489097,0.821632420877119,0.651719714629435,0.213430826002503
26.36,0,68.9415928624576,0.299889312678849,0.824619539410991,0.654162481137111,0.214673332860577
26.37,0,68.9045943477671,0.303090664554166,0.82177227535403,0.652559907039224,0.218498653790439
26.38,0,68.8683247510059,0.300368650772336,0.823627836282168,0.654184230083694,0.212436431206177
26.39,0,68.8327790761296,0.301021205671703,0.823999836583313,0.653356756058992,0.212544354789697
26.4,0,68.7979521490134,0.301600778356285,0.821944203326811,0.653011885023542,0.216429971766398
26.41,0,68.7638386208646,0.30138769651039,0.822335346182257,0.656375309015945,0.214626222248404
26.42,0,68.7304329717193,0.300828369753499,0.820604943119774,0.653059992672109,0.217348879922296
26.43,0,68.6977295140212,0.300506026108733,0.818991930046132,0.650755709727327,0.21514495804766
26.44,0,68.6657223962805,0.302249708669444,0.818460511093712,0.654052617286633,0.217738167806849
26.45,0,68.6344056068098,0.303521337575286,0.819899948677198,0.656806311796271,0.218778752231547
26.46,0,68.6037729775346,0.303584683864879,0.819391517600704,0.65363442972968,0.216403008310583
26.47,0,68.5738181878764,0.301143437756676,0.821243136659302,0.653810693380238,0.214901518909019
26.48,0,68.5445347687062,0.301843174007563,0.819049964924451,0.65163469894951,0.217363223299768
26.49,0,68.5159161063636,0.301866736949661,0.818741741257644,0.65050901027732,0.215847310499817
26.5,0,68.487955446742,0.300939387365136,0.819979871724157,0.652792356118299,0.216563963067667
26.51,0,68.4606458994352,0.300844067713775,0.820411165328629,0.652766285002235,0.212777176913473
26.52,0,68.4339804419425,0.302029676538881,0.820010852214625,0.652831571327683,0.214254582968396
26.53,0,68.4079519239315,0.301526303191399,0.819033302264036,0.653865886013482,0.217433884604742
26.54,0,68.382553071554,0.302103812708827,0.81791612145286,0.652659857893765,0.214725560211424
26.55,0,68.3577764918128,0.302889633156058,0.819153963398311,0.6518627880276,0.21543635527623
26.56,0,68.3336146769774,0.30137396308256,0.816747294860509,0.652746247235925,0.219526671197933
26.57,0,68.3100600090444,0.300892422336546,0.817751556426023,0.654131208710217,0.215662196073075
26.58,0,68.2871047642412,0.300835590661867,0.818318353127738,0.652083578098983,0.215387803339274
26.59,0,68.2647411175693,0.300779981897405,0.81584743049886,0.652368790523984,0.21552109628173
26.6,0,68.242961147385,0.299146681644909,0.816748157070843,0.650580182699558,0.214955746330897
26.61,0,68.2217568400141,0.301112789634908,0.817479903507076,0.649182061858016,0.212914828478947
26.62,0,68.2011200943976,0.29938978718971,0.817949466904025,0.650674521246655,0.215513955181138
26.63,0,68.1810427267677,0.300679580130354,0.814620474488023,0.650532062245291,0.215540027929579
26.64,0,68.1615164753478,0.30094295811604,0.81380868886555,0.648783915214199,0.215684299689332
26.65,0,68.3571755189981,0.300015485589905,0.81485161987484,0.654177889597735,0.213576940184912
26.66,0,68.4712467176389,0.298214673257026,0.814788976814601,0.650519981149735,0.213601412756238
26.67,0,68.5435900672564,0.298116093741668,0.815301860327687,0.648134012320778,0.215356130536183
26.68,0,68.6068643691,0.300409931610729,0.815563164471609,0.649189415093776,0.214171121092746
26.69,0,68.6704540182983,0.300197260939257,0.816631852849612,0.651776761212792,0.216405028886443
26.7,0,68.7358729697456,0.300018869596352,0.813803807467141,0.649088315792888,0.215410859996743
26.71,0,68.803477850096,0.299661826591326,0.816808555581645,0.650813239328681,0.212403854997117
26.72,0,68.8733523473356,0.298208963690327,0.814912315879881,0.648730019945989,0.21448954317144
26.73,0,68.9454993420022,0.298203652687998,0.815655811397056,0.648414912308659,0.215287085712651
26.74,0,69.0198966013851,0.298601917188556,0.815819234577439,0.64886791253858,0.217094978988137
26.75,0,69.096513988263,0.295109740410364,0.814192658843219,0.654274724996094,0.21663709293363
26.76,0,69.1753188446166,0.299794287317712,0.81331297524553,0.64855084310374,0.214702113086685
26.77,0,69.2562776844556,0.295662966854769,0.811629457591531,0.647836265140798,0.215629279025537
26.78,0,69.3393567312748,0.297696293880887,0.811347147672292,0.649517462840177,0.213960358328056
26.79,0,69.4245220936559,0.299036296807665,0.812906096033886,0.650173873725385,0.215456421116887
26.8,0,69.5117398276044,0.298380610440368,0.810914037168188,0.649699397422971,0.218875166333332
26.81,0,69.6009759635373,0.296283568847329,0.81264292445918,0.648698750727068,0.215342349833102
26.82,0,69.6921965223549,0.296836637292774,0.813437169705815,0.647571322036924,0.21632832113657
26.83,0,69.7853675282596,0.2934017289679,0.810940106281726,0.64635142918729,0.214415652564013
26.84,0,69.8804550207266,0.293533185517968,0.810353109716699,0.649573556730534,0.214967571821412
26.85,0,69.9774250663822,0.295868559813818,0.814213144510791,0.648765961592532,0.215110444833877
26.86,0,70.0762437710232,0.296501697683976,0.812672897638532,0.648234174621674,0.215794130495612
26.87,0,70.1768772918534,0.293464495348304,0.811746418508228,0.64816234384266,0.213556568105677
26.88,0,70.2792918499566,0.292934400793239,0.813197825732986,0.645559621402641,0.214678090663742
26.89,0,70.3834537430115,0.296685815287074,0.810178709462664,0.647432456082113,0.214992770864124
26.9,0,70.4893293582501,0.29263009069341,0.812852048212336,0.647230716729618,0.213574316649145
26.91,0,70.596885185653,0.295245813305656,0.808173606712419,0.649008356944344,0.215959634953566
26.92,0,70.7060878313824,0.29147447712546,0.81367316186514,0.6456894894187,0.216617466793904
26.93,0,70.8169040314468,0.293103576155941,0.810906213268545,0.647939732007265,0.218556980017697
26.94,0,70.9293006655922,0.29530350007888,0.810304733082828,0.644968241335821,0.217751342578706
26.95,0,71.0432447714172,0.289961117223676,0.811214413871245,0.647333175916298,0.214784665816163
26.96,0,71.1587035587043,0.289146495915466,0.810658314893258,0.64777266100499,0.213567026106896
26.97,0,71.2756444239625,0.291162731210373,0.807763019555706,0.643784294212254,0.21695953161028
26.98,0,71.3940349651755,0.292172099799099,0.810204100378874,0.646780524018301,0.216821417991155
26.99,0,71.513842996749,0.292932584685759,0.811669701617869,0.64264766598567,0.21117349437806
27,0,71.6350365646477,0.288936093387522,0.810643538895674,0.645024731615083,0.21549143226741
27.01,0,71.7575839617181,0.289999713461834,0.809305804650045,0.647601930861567,0.214991508855733
27.02,0,71.8814537431874,0.287922111284994,0.813098647773305,0.646625073385768,0.213919763748772
27.03,0,72.0066147423293,0.290936604098357,0.805901349865744,0.647533924045706,0.214462103435187
27.04,0,72.1330360862905,0.28754586418339,0.808159755996827,0.644395327554537,0.216639271616866
27.05,0,72.2606872120678,0.29071316416612,0.808531014915336,0.646691193638444,0.21366531268902
27.06,0,72.3895378826254,0.289422303042635,0.808203219762127,0.644916643247081,0.213696145362615
27.07,0,72.5195582031457,0.287673227159542,0.808549637872899,0.647796759759977,0.216721255117805
27.08,0,72.6507186374006,0.286068451820983,0.807213805763858,0.645256216414887,0.215144153140238
27.09,0,72.7829900242348,0.286516677384012,0.810627816873048,0.646788836572485,0.215586754410396
27.1,0,72.9163435941504,0.286267227696505,0.808180683814008,0.644414059049621,0.216251536293397
27.11,0,73.0507509859814,0.286316838911753,0.805986402855561,0.645467238706855,0.216425440945628
27.12,0,73.1861842636477,0.28443210958137,0.80962533279894,0.644150492360449,0.214407256864721
27.13,0,73.3226159329768,0.287183956009607,0.808685388470425,0.646901527701853,0.215698145153281
27.14,0,73.4600189585819,0.285726915441224,0.808779470282844,0.64291939243873,0.217228158903081
27.15,0,73.598366780784,0.284470582801121,0.808347681490287,0.642901185721928,0.214101029047508
27.16,0,73.7376333325684,0.282100930664015,0.809331992291193,0.644378840304636,0.213538382283778
27.17,0,73.8777930565579,0.285255188737987,0.807215929693713,0.645806231864181,0.214611312178125
27.18,0,74.0188209219987,0.280938125715037,0.808672390657643,0.643959710739931,0.215548688236754
27.19,0,74.1606924417379,0.2830442393052,0.80615287343251,0.644620082795884,0.215880225749628
27.2,0,74.3033836891868,0.281375644570741,0.809342368443962,0.644075546624083,0.212073549906168
27.21,0,74.4468713152526,0.280785588388069,0.807117378654639,0.643697388517404,0.211604729824825
27.22,0,74.5911325652291,0.279432562659044,0.807114187632932,0.645318542167309,0.214882751980147
27.23,0,74.7361452956306,0.282340512871183,0.806199654077435,0.645818042471842,0.214061043187929
27.24,0,74.8818879909593,0.281561382091495,0.809108735029398,0.643416968051801,0.214506430041692
27.25,0,75.0283397803896,0.280795893716625,0.805579617055537,0.644418060129117,0.213288231880484
27.26,0,75.1754804543601,0.281921791527039,0.807737760964091,0.643505175986904,0.217375591172368
27.27,0,75.3232904810578,0.279013365987672,0.808654455525566,0.644743287140035,0.213821305968818
27.28,0,75.4717510227826,0.27862981329579,0.805991688133805,0.641890067452201,0.212955495659271
27.29,0,75.6208439521785,0.278654593555315,0.806473020392329,0.644968407469287,0.214301527043221
27.3,0,75.7705518683209,0.279465495222623,0.804207533245738,0.643454679414117,0.217097239166602
27.31,0,75.920858112644,0.279374684703399,0.807080260249396,0.642848724919745,0.217711454519639
27.32,0,76.0717467846998,0.279200668390522,0.807452650317238,0.644352064142473,0.21491726583424
27.33,0,76.2232027577324,0.278600559703897,0.809938275495394,0.642148569421063,0.213916304035576
27.34,0,76.3752116940577,0.276388953976933,0.805924973688148,0.644355498624775,0.216309258276175
27.35,0,76.5277600602365,0.276486991294348,0.80442696754544,0.642913442674183,0.216066242640337
27.36,0,76.6808351420284,0.27819027776601,0.805416121434746,0.642122015429023,0.213422635161102
27.37,0,76.8344250591147,0.275190145752108,0.806388112729352,0.645291757923587,0.216317133126978
27.38,0,76.9885187795803,0.273443450708457,0.806137500043805,0.641926089138311,0.213950652478867
27.39,0,77.1431061341416,0.274932330873992,0.806901810086547,0.645345515689222,0.213523255412404
27.4,0,77.2981778301114,0.273112629132156,0.806698714588885,0.640238320653581,0.215638549428488
27.41,0,77.4537254650894,0.275969371014187,0.805705214914292,0.642804225974616,0.214496411192443
27.42,0,77.6097415403678,0.274742931452653,0.806437471692102,0.644852499190325,0.214137921623292
27.43,0,77.7662194740428,0.274068458786594,0.808293398770101,0.643072417198756,0.214986505981732
27.44,0,77.9231536138223,0.271690317772166,0.802976182837828,0.64374265144944,0.215103192382979
27.45,0,78.0805392495209,0.274402961361885,0.807373838427544,0.641409344084779,0.216261392685973
27.46,0,78.2383726252319,0.271015580123278,0.806033115515874,0.643662032339581,0.217221190395461
27.47,0,78.3966509511711,0.271643368750336,0.807634271166713,0.642769768335635,0.217655626470712
27.48,0,78.5553724151806,0.270287175605661,0.80434102800321,0.643826030503777,0.214309710141289
27.49,0,78.7145361938883,0.271504038399822,0.806900117354823,0.642108310876304,0.215102041998173
27.5,0,78.874142463514,0.270295087997285,0.807079812733529,0.64576975184431,0.214068577424587
27.51,0,79.0341924103162,0.269960113431646,0.806405408440457,0.6425715390218,0.217285474351081
27.52,0,79.1946882406737,0.268193595339886,0.805768639251097,0.642418398554842,0.216405652815084
27.53,0,79.3556331907956,0.269765172416376,0.805813029547425,0.646925666683187,0.215186647381815
27.54,0,79.5170315360547,0.268664652314117,0.807978270127637,0.643212018200204,0.212444334868746
27.55,0,79.6788885999398,0.26842054686626,0.807914782656407,0.640202464836866,0.213328104963476
27.56,0,79.8412107626222,0.269442847322684,0.804927900812477,0.642629594676317,0.216626129327255
27.57,0,80.004005469133,0.26854417172757,0.804190043933047,0.643762209538105,0.216167860955483
27.58,0,80.1672812371482,0.266540552723021,0.807434532707251,0.643069263196423,0.21537901444076
27.59,0,80.3310476643769,0.264662483225554,0.806939582738259,0.642757348683757,0.216199765361186
27.6,0,80.4953154355539,0.266946023714162,0.808186150972897,0.643755773604159,0.21659125247594
27.61,0,80.6600963290315,0.26819102686704,0.807606483923266,0.642391838982532,0.21701747097252
27.62,0,80.8254032229711,0.264138307953914,0.805982510475504,0.642801259720881,0.213969146358624
27.63,0,80.9912501011337,0.267233219697848,0.805871583555938,0.645344413216955,0.215099328921201
27.64,0,81.1576520582685,0.266004134617553,0.810617301733014,0.643458125494355,0.212473878581578
27.65,0,81.3246253051004,0.265994603068928,0.809723847888618,0.645246775531028,0.21454559009646
27.66,0,81.4921871729178,0.26393421601285,0.806905049456742,0.64287370361786,0.213169815953985
27.67,0,81.6603561177599,0.264170086050963,0.805148365076409,0.645198278469223,0.214008744382402
27.68,0,81.8291517242086,0.26451726712149,0.807285734684475,0.644775976627177,0.215119085296016
27.69,0,81.9985947087839,0.262857298969161,0.807953348041269,0.645248141954118,0.214955555718588
27.7,0,82.1687069229486,0.261645446606345,0.806615473813278,0.643480782382062,0.212708317577924
27.71,0,82.3395113557233,0.263345452175,0.807828261122691,0.644270793947653,0.214127465309031
27.72,0,82.5110321359168,0.260685087129135,0.807948687828609,0.644730871042323,0.215154016969158
27.73,0,82.683294533976,0.259091693111937,0.806511348342043,0.646317024642822,0.215317825890514
27.74,0,82.8563249634595,0.261437080341664,0.807830422838333,0.644653322682701,0.215300417871713
27.75,0,83.0301509821404,0.259552061949315,0.808784338167252,0.64322974495493,0.215978229937462
27.76,0,83.2048012927437,0.260018826664388,0.807402211351077,0.643098335153328,0.218650809096303
27.77,0,83.3803057433247,0.259038085502135,0.805280099450631,0.643126199397956,0.213800540875618
27.78,0,83.5566953272941,0.259923350063034,0.808455124343124,0.646138621734582,0.213394691161576
27.79,0,83.7340021830974,0.261830443155465,0.807191078463551,0.64486151822866,0.212185725202179
27.8,0,83.9122595935546,0.258145881994997,0.806958761443114,0.646081576156163,0.215325343544308
27.81,0,84.0915019848699,0.258304983276281,0.806329459940646,0.646372662681578,0.21401236545901
27.82,0,84.2717649253159,0.258995135716582,0.805396282033826,0.645811984796335,0.216113839969025
27.83,0,84.4530851236041,0.255604144616624,0.808302328657246,0.64488982660203,0.213554366618451
27.84,0,84.6355004269474,0.254904969804175,0.808974878751948,0.644029892973046,0.213907609001937
27.85,0,84.8190498188258,0.255421740817709,0.808121076428197,0.645232863661845,0.216176362318457
27.86,0,85.0037734164616,0.256730457066118,0.809945665890733,0.645147075819816,0.21531170506815
27.87,0,85.1897124680161,0.256611521809748,0.807943666167284,0.642477233948405,0.214340309355973
27.88,0,85.3769093495152,0.253503291404045,0.809092541353094,0.645372516602786,0.213127277497023
27.89,0,85.565407561516,0.254806558946853,0.808962743072342,0.645918751543536,0.21558296281027
27.9,0,85.7552517255215,0.255182481505029,0.808441016816735,0.646022482057494,0.213897164292792
27.91,0,85.9464875801559,0.255949252464558,0.810719206296636,0.644450270791142,0.216321263876955
27.92,0,86.1391619771103,0.250504896964581,0.808930785652378,0.645004801201171,0.215445704222045
27.93,0,86.3333228768677,0.252316654566654,0.808070769820186,0.645704404835076,0.213733878632991
27.94,0,86.5290193442197,0.252722757863454,0.808703063812824,0.645564891929218,0.214793644107452
27.95,0,86.7263015435851,0.248972431221726,0.8100450347799,0.64608855368472,0.215126818294864
27.96,0,86.9252207341399,0.251193622593935,0.812067239364775,0.647385488423812,0.213533149357067
27.97,0,87.1258292647708,0.251092294679886,0.811919970066168,0.646026262440031,0.214227969918813
27.98,0,87.3281805688624,0.249330736198149,0.808952117893754,0.64467425756828,0.215660898238239
27.99,0,87.5323291589285,0.249613731761118,0.808202241416492,0.646149987080535,0.214096435475475
28,0,87.7383306210989,0.250533748336546,0.809634340667889,0.647076474985633,0.214228851567893
28.01,0,87.9462416094717,0.249901723079023,0.808144448255448,0.646464587861356,0.212754254366802
28.02,0,88.1561198403422,0.248422489230429,0.809341645292168,0.647915000005908,0.216225325222685
28.03,0,88.3680240863185,0.24775771123857,0.810458503589544,0.649158968921254,0.215130332758283
28.04,0,88.5820141703346,0.248069756602904,0.809876940668255,0.644723829260933,0.214769598017937
28.05,0,88.7981509595708,0.244850807647439,0.811005963847074,0.647732015452189,0.214658747847361
28.06,0,89.0164963592919,0.245110763232221,0.811145354759503,0.648453980271705,0.214270674499324
28.07,0,89.2371133066127,0.244123027522924,0.810838516191559,0.646653252583225,0.21421037115873
28.08,0,89.4600657642011,0.243650787914126,0.813175430017584,0.649817135627649,0.215595794547033
28.09,0,89.6854187139276,0.244930294830109,0.81160689486072,0.645508504418726,0.213390931954289
28.1,0,89.9132381504718,0.246176164448018,0.81064866608783,0.648035794009291,0.213653075272454
28.11,0,90.1435910748921,0.242345999512193,0.811827028933268,0.646195207708508,0.21492674846507
28.12,0,90.3765454881713,0.244899055943476,0.812227400544814,0.648299007671718,0.214351953711726
28.13,0,90.6121703847433,0.243347025555992,0.812150222951646,0.645271828756393,0.215762999417197
28.14,0,90.8505357460101,0.24026996942646,0.811462234475132,0.647713461384011,0.215956618599547
28.15,0,91.0917125338576,0.244285487479595,0.810550228104585,0.651371305174587,0.215795049245495
28.16,0,91.3357726841767,0.242435167469214,0.812543540512413,0.645579905943552,0.212868621905103
28.17,0,91.5827891003969,0.243292880704058,0.810396163374314,0.651444861757682,0.212847061140429
28.18,0,91.8328356470399,0.241417625149325,0.81254099098136,0.650787955866977,0.215114762939123
28.19,0,92.0859871432977,0.242667126056072,0.813158737851707,0.647480671267913,0.214408695049698
28.2,0,92.3423193566441,0.238312633864722,0.814731366030014,0.649644503316151,0.215228496847782
28.21,0,92.6019089964818,0.237029462749744,0.81272711212378,0.651202956898109,0.214713687555295
28.22,0,92.864833707832,0.238700252991609,0.810849108545866,0.647886637029277,0.212393291283558
28.23,0,93.1311720650708,0.239212693024218,0.812916348940724,0.648997414031834,0.215548351690356
28.24,0,93.4010035657157,0.2348336825987,0.81128702482918,0.648419156197882,0.218265072528915
28.25,0,93.6744086242678,0.237969175863015,0.813194397650215,0.649635539177274,0.211864174830173
28.26,0,93.9514685661099,0.235136896875804,0.811972688964412,0.648607020175759,0.214095711359565
28.27,0,94.2322656214654,0.236708428861061,0.812567317326616,0.650830900679123,0.21566348615796
28.28,0,94.5168829194196,0.233873123629196,0.816178038599308,0.648328717941402,0.213694015671934
28.29,0,94.805404482004,0.233872328291271,0.813347076246863,0.650152680772553,0.214056856223086
28.3,0,95.097915218346,0.23105618640859,0.813536933098265,0.653458435707863,0.213565630801634
28.31,0,95.3945009188843,0.233721509383824,0.812598093145321,0.647913286930452,0.217177384117138
28.32,0,95.6952482496481,0.233582095650261,0.815773421062083,0.648908026558717,0.212793200765461
28.33,0,96.0002447466027,0.232542370293352,0.814053098958454,0.651005413369007,0.214641594146986
28.34,0,96.3095788100574,0.228986794580946,0.816210376402957,0.653406570340989,0.214698063745938
28.35,0,96.6233396991358,0.231269160645997,0.814394330452246,0.651733108420496,0.212714462968014
28.36,0,96.9416175263057,0.232731867279446,0.816023547329422,0.650745147150014,0.214324340650873
28.37,0,97.264503251965,0.229859100412599,0.814804332811941,0.65005527169388,0.218323885425743
28.38,0,97.5920886790817,0.229030608411868,0.815493750931671,0.650357162526549,0.214157317876275
28.39,0,97.9244664478827,0.228027828656198,0.818412872745627,0.651338868251466,0.21457570377144
28.4,0,98.2617300305872,0.228353616126189,0.818558014350742,0.652655341876883,0.214912030876035
28.41,0,98.6039737261794,0.227292654579852,0.819905015754895,0.650600575489261,0.213443090045542
28.42,0,98.9512926552152,0.227975661817425,0.81771584576047,0.652476486553472,0.217308820438988
28.43,0,99.3037827546565,0.225235492893101,0.816766443188524,0.654901026837066,0.213184986444036
28.44,0,99.6615407727247,0.223121720919357,0.817859721132196,0.651053422526454,0.213849945981717
28.45,0,100.024664263769,0.226509220946814,0.818586781651758,0.653058966222677,0.21522578976316
28.46,0,100.393251583138,0.225002158087669,0.816315048831336,0.653487516924766,0.214409220475081
28.47,0,100.767401882047,0.225430330713202,0.818742050205358,0.656171527395124,0.214403313882808
28.48,0,101.147215102435,0.222989119700296,0.817333367570229,0.653285938682267,0.214672327285914
28.49,0,101.532791971795,0.220611133110486,0.818069969825951,0.654791217657765,0.216094810374249
28.5,0,101.924233997975,0.223339088746296,0.818826781837983,0.653045413810524,0.216873501153832
28.51,0,102.32164346393,0.221983037776398,0.818180478247103,0.652528476985608,0.2157800620855
28.52,0,102.725123422424,0.219088564445775,0.820470313256568,0.651983881070744,0.213743800937433
28.53,0,103.134777690662,0.219735930084704,0.818915617767361,0.650495122184538,0.215977525138223
28.54,0,103.550710844836,0.217095679385311,0.819996231527671,0.652263245272807,0.211996933183559
28.55,0,103.973028214591,0.217208533071906,0.824403723881517,0.650060172171324,0.213884170844395
28.56,0,104.40183587737,0.217213526236164,0.822129081635523,0.654433049598141,0.215434720641753
28.57,0,104.837240652645,0.217492793725991,0.820867252974103,0.653880469959878,0.215714587291869
28.58,0,105.279350096014,0.216270552807018,0.819032189788496,0.652030258093905,0.211410692077706
28.59,0,105.728272493143,0.212507462835257,0.822016488443472,0.65439339572249,0.213798281738626
28.6,0,106.184116853544,0.214334056660279,0.820346849463974,0.651797971704405,0.214846530387265
28.61,0,106.646992904169,0.210207736968974,0.822680193191274,0.651039670381245,0.212647437279451
28.62,0,107.117011082806,0.212318232333433,0.822962201201865,0.653471746661797,0.216686941692582
28.63,0,107.594282531261,0.214306326271065,0.821084921767468,0.656045153241615,0.215456740753419
28.64,0,108.078919088305,0.212042263822909,0.823834261386245,0.652413507297643,0.214067446841737
28.65,0,108.571033282367,0.209354708556688,0.823388609907273,0.654964343520957,0.213993256310577
28.66,0,109.070738323964,0.208377666516786,0.824781325939118,0.652437854775457,0.211688010527458
28.67,0,109.578148097839,0.21004314182865,0.822027179608546,0.656311493989362,0.215676958602758
28.68,0,110.093377154793,0.208430626677427,0.825257450080277,0.655786052052789,0.213897544994238
28.69,0,110.616540703192,0.206385853079821,0.82280645028799,0.656755646269771,0.213833939259598
28.7,0,111.147754600126,0.206635683962061,0.825481049531369,0.65439265371555,0.21437820428027
28.71,0,111.687135342209,0.203856378129897,0.824303122268927,0.652475054897254,0.215303609719242
28.72,0,112.234800055981,0.20206671076406,0.82610786862902,0.65277490005877,0.215708525012548
28.73,0,112.790866487916,0.203801601070227,0.825832558581878,0.656351549929004,0.216183707753953
28.74,0,113.355452993998,0.204793428944275,0.826581176414389,0.652448765013991,0.216732635756104
28.75,0,113.928678528848,0.20080325684452,0.825309479059413,0.657814082947545,0.215443922068224
28.76,0,114.510662634382,0.200703564957603,0.825791168613447,0.657469039264679,0.214503476538728
28.77,0,115.101525427979,0.199677275433035,0.827554009527542,0.655229510112693,0.214926263056321
28.78,0,115.70138759014,0.199504124177417,0.827162987128856,0.655706597633563,0.216962062517299
28.79,0,116.310370351607,0.196971494608739,0.826729552566929,0.65758708914324,0.215842873153597
28.8,0,116.928595479929,0.195618738060734,0.828064739644785,0.65498514378192,0.213769908378636
28.81,0,117.556185265453,0.197510179291243,0.828925856486923,0.656494846057298,0.217573375599884
28.82,0,118.193262506711,0.197430195688862,0.828939889029401,0.655300953520846,0.215137432524987
28.83,0,118.839950495189,0.193764899018919,0.829319882093681,0.655595260086746,0.216098567337735
28.84,0,119.496372999449,0.193432876148019,0.82969455729523,0.655123454688377,0.214723775803004
28.85,0,120.162654248588,0.19183646430145,0.828599839412195,0.656824700804816,0.214936005902477
28.86,0,120.838918915008,0.194215047243448,0.833277678626191,0.657472784402305,0.214779893490454
28.87,0,121.525292096476,0.191556877499982,0.830181203673421,0.655067948619816,0.216120931046098
28.88,0,122.221899297454,0.188754810466418,0.831615438510657,0.65812478518366,0.211937995197047
28.89,0,122.928866409674,0.186918107343694,0.830322465144456,0.655310431426229,0.217216239654592
28.9,0,123.64631969194,0.187785954556644,0.83135623868461,0.657893573222343,0.214064970584966
28.91,0,124.374385749132,0.187633345622708,0.832370853538857,0.655157575286438,0.216994677443723
28.92,0,125.113191510397,0.183926700440157,0.832564274909459,0.657229823748926,0.216649032642618
28.93,0,125.862864206494,0.18474259264609,0.832344782087411,0.65640607588686,0.212905865284369
28.94,0,126.623531346292,0.183699542450136,0.83206000048347,0.657733840366511,0.213406859500369
28.95,0,127.395320692376,0.182474550545123,0.831968476996502,0.655245518385258,0.217064327479067
28.96,0,128.178360235768,0.182472150122778,0.836450853230399,0.656231622931468,0.215137331693569
28.97,0,128.972778169717,0.18103454904827,0.837613799316236,0.658043088276593,0.212728559946569
28.98,0,129.778702862563,0.181479541586921,0.83457206113023,0.657640080051524,0.215855327267616
28.99,0,130.596262829637,0.18021905360301,0.831059574317089,0.658040490101039,0.215781274701199
29,0,131.425586704192,0.179060465785883,0.834411606913347,0.657003964073926,0.214749484019078
29.01,0,132.266803207344,0.174101756298374,0.835605588341918,0.654412699113325,0.215162182280223
29.02,0,133.120041116995,0.17811920922855,0.835887699918545,0.653417334862899,0.216961457128218
29.03,0,133.985429235749,0.171431841207204,0.837407516063653,0.654640774498142,0.215105423805272
29.04,0,134.863096357771,0.171243307193861,0.835797725394103,0.656574941565747,0.215634386186792
29.05,0,135.753171234599,0.172090626185912,0.835263102615376,0.65552152771504,0.215695513362419
29.06,0,136.655782539889,0.172082403976925,0.836773910242931,0.657806199984732,0.214837192308852
29.07,0,137.571058833075,0.168337952822838,0.837609471964907,0.658573791710501,0.216571798247265
29.08,0,138.49912852193,0.168844697269412,0.835867686441751,0.655431072896873,0.217926257740294
29.09,0,139.440119824028,0.166741943546547,0.837544272931107,0.658479557502807,0.214921981977076
29.1,0,140.394160727085,0.165512106552144,0.838373274866604,0.65473364854073,0.213164306776508
29.11,0,141.36137894817,0.164424041515122,0.840990549354206,0.656446986264843,0.214990990559557
29.12,0,142.341901891787,0.165026014391821,0.840131001798012,0.657587427037879,0.214603364288741
29.13,0,143.335856606809,0.162598128484322,0.835508798260212,0.655632614854137,0.214735393903048
29.14,0,144.343369742261,0.161695189633017,0.837501865742192,0.654451828310939,0.218468595603423
29.15,0,145.36456750195,0.161310412025687,0.840912042893432,0.655126497426031,0.212928736021122
29.16,0,146.399575597933,0.159418671639089,0.840331080563271,0.654269221552445,0.213737242403644
29.17,0,147.448519202824,0.158255318127311,0.840525599387871,0.656566385389079,0.216856384324081
29.18,0,148.511522900936,0.152803030375652,0.838597859394341,0.656273624387788,0.214285158525795
29.19,0,149.588710638251,0.15754667596442,0.843592127698553,0.656197090596214,0.212585261945787
29.2,0,150.680205671237,0.154123980758303,0.843431147700746,0.657831850379068,0.215356255692248
29.21,0,151.786130514491,0.151320624894938,0.844426101207839,0.655954104181891,0.214072289291864
29.22,0,152.90660688723,0.153071743454861,0.843542547364759,0.656399827954918,0.215247642986835
29.23,0,154.041755658627,0.14967620938595,0.845031270783862,0.654864396446119,0.216856382702174
29.24,0,155.191696791996,0.148493231146041,0.846149133153657,0.656889360250144,0.215729257728653
29.25,0,156.356549287843,0.145909563637101,0.842924006787329,0.654708120399199,0.215111744191003
29.26,0,157.536431125784,0.149824377342349,0.845708847041111,0.654967406052267,0.212072846700007
29.27,0,158.731459205346,0.145646664994949,0.846814688221202,0.65874530508361,0.21384548160224
29.28,0,159.941749285665,0.143793189618686,0.84541274501853,0.656095694340861,0.215617644534353
29.29,0,161.167415924088,0.144516233903058,0.845953819115311,0.656822177926578,0.215131318076846
29.3,0,162.408572413708,0.140886140124423,0.845138965479327,0.655962232100108,0.213813733822405
29.31,0,163.665330719838,0.138796358563305,0.843016794047188,0.65716982244883,0.21531830574482
29.32,0,164.937801415455,0.13871608119612,0.845397827864274,0.656001321792954,0.216876355797288
29.33,0,166.226093615621,0.137231129972354,0.848383471810856,0.655351368767027,0.216497492694376
29.34,0,167.530314910924,0.133760508928416,0.847476553151626,0.656760319914335,0.215073761776211
29.35,0,168.850571299949,0.136455359693504,0.845621928105337,0.656111959880636,0.215368800421343
29.36,0,170.186967120813,0.135456997615508,0.847731621863681,0.656599703663692,0.212877769086024
29.37,0,171.539604981793,0.132001869525221,0.848938018397339,0.656479456866239,0.213428353789637
29.38,0,172.908585691076,0.129850164428731,0.848675425880994,0.655118141529761,0.212207062269288
29.39,0,174.294008185671,0.131031837490472,0.849302211788301,0.65543002062708,0.216500006949538
29.4,0,175.695969459509,0.128620886958123,0.847751435301724,0.654800520047153,0.213191659716205
29.41,0,177.114564490772,0.128134626203686,0.851722116517919,0.653422159415723,0.213956925417721
29.42,0,178.549886168503,0.12561520750037,0.851880293878977,0.655430866669146,0.214215132982395
29.43,0,180.002025218507,0.124637125917455,0.85358368793403,0.653870972238609,0.215893410681497
29.44,0,181.471070128629,0.119995410060685,0.849666317120565,0.654610360616025,0.213690572134875
29.45,0,182.957107073414,0.119557657807062,0.851268209331713,0.657337573324527,0.216055740700392
29.46,0,184.460219838226,0.122414845955109,0.851790525858455,0.652947487769853,0.217086977822643
29.47,0,185.98048974286,0.118332725176848,0.85442401910953,0.652476583539482,0.216687763845315
29.48,0,187.517995564703,0.116556235278896,0.852310462609381,0.657658398562456,0.21581544656139
29.49,0,189.072813461502,0.117698229200324,0.855693888880286,0.652324188016209,0.215451392125643
29.5,0,190.645016893784,0.116757005138794,0.8540195056281,0.652670582960852,0.215018621872612
29.51,0,192.234676547,0.113520505242987,0.852262853945319,0.656962737656366,0.214730243795965
29.52,0,193.841860253441,0.111852116377019,0.855413454353481,0.65234416955699,0.215745258214587
29.53,0,195.466632913992,0.110397999077799,0.854654087364668,0.654128527633143,0.212521133333371
29.54,0,197.109056419795,0.109526321110054,0.855479115633275,0.653878716298301,0.213643418173752
29.55,0,198.769189573867,0.106231751667776,0.85570659064526,0.654005104418379,0.216176519139668
29.56,0,200.447088012769,0.106562935973143,0.856382125624635,0.653466495437158,0.216063295164855
29.57,0,202.142804128365,0.102394302622233,0.857169680314331,0.652142613408194,0.215184033280651
29.58,0,203.856386989768,0.102969411775021,0.859276656671163,0.652311402880754,0.216701520650618
29.59,0,205.587882265531,0.09953170807284,0.855681181574506,0.654993821234958,0.212717303220632
29.6,0,207.337332146161,0.0962913559269312,0.858168952551219,0.652579198514546,0.214772911169053
29.61,0,209.104775267036,0.0984938102092719,0.86087940290038,0.652818448538964,0.215350999235701
29.62,0,210.890246631799,0.0989618853741738,0.860769633228797,0.651728116773309,0.213819774820347
29.63,0,212.693777536313,0.0970867746161864,0.860286261508882,0.65252382530679,0.215313999694283
29.64,0,214.515395493249,0.0932035023305617,0.859366491245254,0.651636436944997,0.214793946956276
29.65,0,216.355124157405,0.0940220776475135,0.860737838208114,0.648848236283419,0.212586841481569
29.66,0,218.212983251824,0.0910128902285592,0.858870920617754,0.650080932654901,0.217210862554832
29.67,0,220.088988494809,0.092102298896459,0.857636600639767,0.654847312757378,0.215935352841205
29.68,0,221.983151527906,0.0882766164543165,0.859272657819629,0.651634674617989,0.214808152416185
29.69,0,223.89547984497,0.0863321054162646,0.8636628603017,0.652813264693604,0.215270073877107
29.7,0,225.825976722364,0.0873881785414882,0.861876873338045,0.651501809293004,0.212010187148494
29.71,0,227.774641150418,0.0838208224173605,0.862560960414904,0.650368063172409,0.213603286216666
29.72,0,229.741467766218,0.0843828406406158,0.860368999622423,0.65008515954594,0.216154929924204
29.73,0,231.726446787811,0.0793337686221284,0.86295663476687,0.649697667005198,0.215959979138717
29.74,0,233.729563949943,0.0785852594945855,0.861932967592819,0.650671974788469,0.213165735801095
29.75,0,235.750800441393,0.0768016267857329,0.863504833814663,0.6547206080033,0.214771242798723
29.76,0,237.790132844015,0.0765615967700802,0.866958361510685,0.6529531518512,0.217094075866173
29.77,0,239.847533073579,0.0741888682851853,0.865777070428169,0.651206956249069,0.215759123936931
29.78,0,241.922968322492,0.0737910324972061,0.865142504923624,0.652377211097516,0.21340001918974
29.79,0,244.016401004509,0.0717879663852579,0.865112140873338,0.653004571666591,0.21496148109828
29.8,0,246.127788701511,0.0742095637955856,0.866860202285745,0.650796745999779,0.21360895862256
29.81,0,248.257084112464,0.0696706104234567,0.864954216905731,0.65099255313189,0.213679629543675
29.82,0,250.404235004627,0.0671561904854236,0.866933296323864,0.652758371778065,0.215287395166593
29.83,0,252.569184167119,0.0677853362198654,0.866878247418957,0.650958667499392,0.21490990937652
29.84,0,254.751869366931,0.0653175867996398,0.869050820458408,0.650405358311331,0.21598220177876
29.85,0,256.952223307478,0.0631038771365399,0.869704541007704,0.651109519900705,0.214848707666044
29.86,0,259.17017358977,0.0636796122372345,0.868179359993923,0.651061290045723,0.217379873319479
29.87,0,261.405642676305,0.0579434503886498,0.8686357585068,0.64946086100361,0.21635973144141
29.88,0,263.658547857767,0.0601712832156673,0.869839650929969,0.645571884997577,0.214666213230762
29.89,0,265.928801222608,0.0585771410621051,0.871919120394531,0.651487239679774,0.21171786437914
29.9,0,268.216309629615,0.054887995896169,0.870357142386412,0.649591443651822,0.216517588761769
29.91,0,270.520974683528,0.0556941276051178,0.870571921166558,0.649189894635215,0.217828089023697
29.92,0,272.842692713809,0.0542818527214302,0.869911731836632,0.647614294541587,0.216286913911549
29.93,0,275.181354756626,0.0533082641805337,0.870842468475613,0.651291497959669,0.216471527888797
29.94,0,277.536846540139,0.0499374354235808,0.874239247272389,0.648379942895332,0.216311187529721
29.95,0,279.909048473167,0.0490456027293032,0.871949485871011,0.649632273398082,0.214471691390936
29.96,0,282.297835637294,0.0483141927875046,0.871528249969803,0.649444442983732,0.211635365542524
29.97,0,284.70307778251,0.0450645011515183,0.874345225100818,0.6500724511463,0.215455554296497
29.98,0,287.124639326431,0.0451319420585464,0.873770730042905,0.647803396718579,0.21520553033619
29.99,0,289.562379357174,0.0407440886456824,0.874977265607169,0.645225994277399,0.212435920587098
30,0.2,292.016151639957,0.0407680613315942,0.875092109619822,0.645010827480171,0.214470293336551
30.01,0.2,294.485804627472,0.0396755358145127,0.877382180433796,0.645981724983478,0.213122053251244
30.02,0.2,296.971181474092,0.0373239265645493,0.874108051423134,0.648219755615452,0.211885032954897
30.03,0.2,299.472120053967,0.0384879260717577,0.878089397815426,0.649528762279153,0.215911411188744
30.04,0.2,301.988452983055,0.0338578721149841,0.874069280566667,0.646711012487065,0.215376119583257
30.05,0.2,304.520007645144,0.0354615699100096,0.877984630448779,0.646809952477239,0.213480781231508
30.06,0.2,307.066606221884,0.0339076862109749,0.880607453883063,0.646824924834444,0.213813049090332
30.07,0.2,309.628065726903,0.0341276329970448,0.877629501583755,0.645805690828386,0.21675037369622
30.08,0.2,312.204198044006,0.0305950796434736,0.880729555043869,0.650240102851566,0.217064960307887
30.09,0.2,314.794809969513,0.0281604671301363,0.880247678720725,0.645601406188928,0.212953237156273
30.1,0.2,317.399703258748,0.0278184994181803,0.87744570945576,0.648915120420137,0.214226432841296
30.11,0.2,320.01867467671,0.0245957430694365,0.882018115044077,0.649441599677502,0.217135986793171
30.12,0.2,322.651516052933,0.0252470100839987,0.879510998475479,0.646595491428002,0.215570336037026
30.13,0.2,325.298014340561,0.0245235277269189,0.880785561717097,0.649840339774448,0.217127503663163
30.14,0.2,327.9545034941,0.0216668078862161,0.882574521259923,0.647373314241764,0.216577147607996
30.15,0.2,330.59343391819,0.0240734257283223,0.882931640352837,0.646517379553454,0.213023216744762
30.16,0.2,333.225376511744,0.0184976068105546,0.88054685917586,0.64537766730691,0.216286137183459
30.17,0.2,335.862653690869,0.0210440027696034,0.884063604874379,0.645374865375466,0.215158164959069
30.18,0.2,338.329316721119,0.0167442617875386,0.882201026587598,0.645457869738775,0.215025785298451
30.19,0.2,340.487742993574,0.0170406927494016,0.883721181880338,0.644655763060279,0.216907821919222
30.2,0.2,342.527021781911,0.0127824195513893,0.882175473300161,0.646038472734022,0.217860818058522
30.21,0.2,344.357732341241,0.012183410240794,0.883861224166365,0.647763765746453,0.214349325617095
30.22,0.2,344.882219423461,0.0137858552473026,0.883820361458888,0.645881359085832,0.214919843117104
30.23,0.2,345.258870369529,0.0152306329888804,0.887373762083134,0.645059562699865,0.21504235444128
30.24,0.2,345.633526633052,0.0154562093629054,0.886414090292653,0.64605910429841,0.214019163958819
30.25,0.2,346.006155945384,0.0136725929614753,0.886963326738198,0.645700517639754,0.215224628085928
30.26,0.2,346.376726683712,0.0136011928169529,0.88849583900713,0.647263880363875,0.214584100220175
30.27,0.2,346.745207876606,0.0129784733216947,0.885463089097834,0.643474722116129,0.214314396696758
30.28,0.2,346.51002982037,0.0134299882633174,0.887154230939631,0.646983222254345,0.214136761705113
30.29,0.2,343.002708264714,0.01551372724317,0.888688633845776,0.643871996532697,0.213581204841954
30.3,0.2,340.914463976826,0.0195273315410021,0.887786330850102,0.64472245434585,0.215588033709121
30.31,0.2,339.463428296975,0.0198074791907979,0.888850503513054,0.64259958852884,0.213752165523154
30.32,0.2,338.213626628182,0.0217806792340762,0.889500233910135,0.644183350613133,0.215723786054176
30.33,0.2,337.022791171773,0.0183029945148703,0.888556795280966,0.645186623257384,0.215735795382223
30.34,0.2,335.847408372381,0.0203145215329167,0.888278904922881,0.645020806904943,0.214509595225967
30.35,0.2,334.674286848786,0.022050183764519,0.888164443357985,0.643284671391561,0.213239369311764
30.36,0.2,333.49940092332,0.0237639301515987,0.889147280258886,0.642986403164744,0.213788508675618
30.37,0.2,332.321486937607,0.0258455221379402,0.889729999582647,0.64352683410036,0.216020875338744
30.38,0.2,331.140114548592,0.0244714909892828,0.894118251313697,0.645873186060397,0.215914151648328
30.39,0.2,329.955107113925,0.0252518217843421,0.889095626585106,0.641775193205043,0.214068487774023
30.4,0.2,328.766367799899,0.0265615289672373,0.892554991888436,0.644620065396274,0.214821962359297
30.41,0.2,327.573827482126,0.027425608974245,0.892741420294088,0.643937165821561,0.214876035969212
30.42,0.2,326.377429142717,0.0271019153071075,0.894822793903374,0.646433014636245,0.213640276795603
30.43,0.2,325.177123184232,0.0322888608010974,0.893224888651026,0.64451609681549,0.217054000172275
30.44,0.2,323.972866002353,0.0298150574905244,0.896049080982068,0.643393102200625,0.215099367853227
30.45,0.2,322.764619528552,0.0307154743118183,0.894635567051155,0.645328569109922,0.215194534157297
30.46,0.2,321.552351059898,0.0291780395139141,0.895801264724773,0.642912356566417,0.215651323685767
30.47,0.2,320.336033172629,0.0352455736307902,0.893596908544402,0.645173371066802,0.211878640638333
30.48,0.2,319.115643659017,0.0359697552560144,0.895953930388117,0.64549609278586,0.210475242746065
30.49,0.2,317.891165469585,0.0368410474622458,0.896332952307424,0.643618795563704,0.214850893622685
30.5,0.2,316.662586655388,0.035706201965059,0.896344582413658,0.642825857079385,0.213129827352431
30.51,0.2,315.429900308777,0.0362229676799362,0.898436086047471,0.644074628111512,0.21561161239624
30.52,0.2,314.193104502228,0.0374267823840932,0.897936433535379,0.642159210251612,0.214900586090285
30.53,0.2,312.952202225102,0.0394908613783456,0.899374187064818,0.644999520941328,0.217198406791109
30.54,0.2,311.707201318336,0.0408227973951918,0.897769957721157,0.644075746484887,0.213772154697819
30.55,0.2,310.458114407074,0.0410937969629896,0.899796294545798,0.639860763728707,0.217462505925945
30.56,0.2,309.204958831274,0.0424481966552182,0.897707507225969,0.643904483809632,0.215486471623089
30.57,0.2,307.947756574317,0.0441972808907219,0.898195159408605,0.642202615392572,0.213838264923078
30.58,0.2,306.686534189664,0.0477089188121057,0.900294718743887,0.644240778211618,0.215261712966701
30.59,0.2,305.421322725594,0.0443944935476406,0.897957506163499,0.644222048385389,0.215163502692384
30.6,0.2,304.152157648077,0.0478469164378287,0.90241300465124,0.644044448027675,0.215787320282949
30.61,0.2,302.879078761811,0.0474580717373874,0.900889656097021,0.643453621311526,0.217531080139854
30.62,0.2,301.60213012949,0.0505272911589234,0.90173760444451,0.642055301582453,0.215492211045699
30.63,0.2,300.321359989338,0.0501769410290437,0.900875502598002,0.642556131380842,0.215936635506568
30.64,0.2,299.036820670977,0.0503345917951822,0.901039078019391,0.64335605939242,0.214767598048539
30.65,0.2,297.748568509667,0.0504404267107343,0.902029911471731,0.644068704494071,0.213711163686101
30.66,0.2,296.456663758988,0.0528606889460637,0.903789290333425,0.644330399528543,0.215057883109009
30.67,0.2,295.161170502028,0.0527598444294874,0.901364859939092,0.641760852271492,0.21590584366329
30.68,0.2,293.862156561117,0.0531568659964575,0.902996939422974,0.643193248557022,0.213293171509111
30.69,0.2,292.559693406197,0.0559674309934362,0.903704177103389,0.645392439983233,0.214161085353139
30.7,0.2,291.253856061868,0.0547271471271521,0.904102593499746,0.642662518058007,0.214915301174831
30.71,0.2,289.944723013201,0.0584951728706661,0.903087467499877,0.643779639740249,0.212934159358315
30.72,0.2,288.632376110365,0.0568403014015902,0.903089875434341,0.643547161951275,0.215839985805542
30.73,0.2,287.316900472151,0.0565485691864172,0.906126344540484,0.643804511492839,0.214924845249314
30.74,0.2,285.998384388459,0.0611162533058878,0.905785153012835,0.642308122692415,0.215903137176863
30.75,0.2,284.676919221825,0.0623705868924674,0.906477458318068,0.643490963336388,0.214648103592975
30.76,0.2,283.352599308048,0.0617807499076506,0.908684553346057,0.643414449158679,0.215048395314211
30.77,0.2,282.025521856015,0.0616874008167776,0.907373926734619,0.643637613937322,0.215630352784383
30.78,0.2,280.695786846775,0.065461191227127,0.907182221381278,0.643653739062451,0.215899790715846
30.79,0.2,279.363496931953,0.0658025673986812,0.909307207535387,0.646262003954922,0.215516453154812
30.8,0.2,278.028757331578,0.0655921600774086,0.906972184063144,0.64438814918115,0.215359359960735
30.81,0.2,276.691675731395,0.0692749754634759,0.909585219137215,0.645270840075177,0.217555184535277
30.82,0.2,275.352362179753,0.0673862882492765,0.911536894913162,0.643504818592991,0.21375530829866
30.83,0.2,274.010928984133,0.071709675563402,0.909315626317821,0.641686536893385,0.212892481602498
30.84,0.2,272.667490607398,0.0731941481300269,0.909009156887828,0.643277976051351,0.215696920261947
30.85,0.2,271.322163563856,0.0729385828662689,0.909705677007359,0.641907044545655,0.217708985131714
30.86,0.2,269.975066315188,0.0717611364547848,0.910354666094505,0.644216922334881,0.218339845437143
30.87,0.2,268.626319166351,0.074722591178105,0.910597962709696,0.64609742569543,0.213050309571781
30.88,0.2,267.276044161504,0.0746543164503693,0.910209729363608,0.645766096354714,0.212138361662346
30.89,0.2,265.924364980056,0.0779767156838754,0.911739035266785,0.643979093984346,0.215650655276529
30.9,0.2,264.571406832908,0.0766624752682155,0.910919797100967,0.645743001992315,0.215448660507953
30.91,0.2,263.217296358952,0.07849941076739,0.912126393195805,0.644057122081064,0.21752162793767
30.92,0.2,261.862161521925,0.0803206912132419,0.913187892185968,0.644681120638655,0.213512303817897
30.93,0.2,260.506131507675,0.0800745460175053,0.914442065608188,0.646436216720394,0.213014194632704
30.94,0.2,259.149336621924,0.0802964663064597,0.912385386031614,0.642438148179937,0.214582311253488
30.95,0.2,257.791908188594,0.0860282502206366,0.915095296443691,0.644570251327614,0.216605984891007
30.96,0.2,256.433978448775,0.0856290564308479,0.914295185750355,0.648116718271555,0.214293030618806
30.97,0.2,255.075680460395,0.0855004807956197,0.911055276003385,0.645945500460055,0.217178196788139
30.98,0.2,253.717147998681,0.0864328981710809,0.913748775759016,0.64522720894918,0.21555875866263
30.99,0.2,252.358515457455,0.0870467731709961,0.914208546993051,0.642072097790768,0.216295429641973
31,0.2,250.99991775135,0.091749389466809,0.915274105971887,0.645263590219694,0.21629010780007
31.01,0.2,249.641490219011,0.0902859643979287,0.918217476273645,0.644392544521237,0.215704659364219
31.02,0.2,248.283368527324,0.09019070729977,0.914338783692496,0.644006726831632,0.214082656518393
31.03,0.2,246.92568857677,0.0943310551102913,0.914804042602353,0.646461946044043,0.21713581221247
31.04,0.2,245.56858640793,0.0938963245187321,0.916933694618857,0.644811961912252,0.214026914573642
31.05,0.2,244.212198109224,0.0965701621447144,0.915277556067192,0.645854795394309,0.214333845744875
31.06,0.2,242.856659725931,0.0976732395489539,0.916214477128314,0.645558597780688,0.215571468678327
31.07,0.2,241.502107170536,0.0977818483931609,0.91305918125355,0.642527049088214,0.214741688132214
31.08,0.2,240.148676134485,0.0969333769741309,0.918221416135214,0.646660193287519,0.214814297928873
31.09,0.2,238.796502001367,0.10207528911754,0.921044698058749,0.646603878243363,0.214579019227904
31.1,0.2,237.445719761588,0.104237029266023,0.917832167695309,0.648393179469694,0.214398572482097
31.11,0.2,236.096463928587,0.103350490789478,0.9193518941928,0.646716714619963,0.215867272601871
31.12,0.2,234.748868456632,0.105553210127482,0.918024241018158,0.646087663971161,0.214146903979919
31.13,0.2,233.40306666024,0.106589001991143,0.920171843190599,0.649402007584373,0.213617477398404
31.14,0.2,232.059191135258,0.104850226931724,0.921363703001173,0.643780946150666,0.214017442187916
31.15,0.2,230.717373681657,0.109629099830955,0.922358412567765,0.644042917652131,0.21537855980191
31.16,0.2,229.377745228057,0.11141168013691,0.917749006954442,0.648838290650367,0.215341704142677
31.17,0.2,228.040435758028,0.108865831901754,0.921454710849587,0.647173465639936,0.212155050819663
31.18,0.2,226.705574238196,0.114186188138829,0.921776805968304,0.646606528066409,0.21478046604877
31.19,0.2,225.373288548186,0.113920153642674,0.922758845573727,0.647882354660892,0.214916943104856
31.2,0.2,224.043705412422,0.114727966621046,0.920247126312917,0.647023076576174,0.213374177524435
31.21,0.2,222.716950333812,0.118146642890393,0.922916888083103,0.64835034479963,0.216035337163047
31.22,0.2,221.393147529348,0.116831837156056,0.92420702505679,0.646454998721331,0.214554226915252
31.23,0.2,220.072419867631,0.116794683841492,0.92297890152907,0.648235391833722,0.213298911728818
31.24,0.2,218.754888808342,0.119242986190025,0.923396765068843,0.649400412175372,0.212023961131356
31.25,0.2,217.440674343676,0.120364335502308,0.924568556784642,0.648450279768908,0.21330367350977
31.26,0.2,216.129894941755,0.122328053036619,0.925652792335376,0.648550271092577,0.215447777786581
31.27,0.2,214.822667492027,0.122506499830339,0.924876433870836,0.647895131565211,0.214378590969788
31.28,0.2,213.519107252659,0.122528598647698,0.922658949192987,0.648020876088012,0.212741570445854
31.29,0.2,212.219327799942,0.124569364460354,0.922055105085991,0.649070222813502,0.212162997530973
31.3,0.2,210.923440979693,0.126841440944466,0.9234450387421,0.65169266918,0.21578425256078
31.31,0.2,209.63155686068,0.124341663874756,0.923661164723849,0.647266665415267,0.214394616895367
31.32,0.2,208.343783690054,0.131582011566686,0.922737228295836,0.648938173313928,0.216230447088079
31.33,0.2,207.060227850791,0.13278314403548,0.925791392647925,0.647725602207939,0.216319963894596
31.34,0.2,205.780993821148,0.134231750585375,0.928046370153235,0.651995208179382,0.215895655032845
31.35,0.2,204.506184136115,0.130839737082122,0.925470474227079,0.650582496337289,0.213660594953072
31.36,0.2,203.235899350869,0.134160642047349,0.927885480345172,0.647770569190075,0.214623088545498
31.37,0.2,201.970238006211,0.137621757815111,0.927721189067815,0.647271595017874,0.216373618185145
31.38,0.2,200.709296595982,0.136409493863826,0.928265084287735,0.650944730997043,0.21679879603865
31.39,0.2,199.453169536441,0.140637586418446,0.926277759763956,0.649069703699905,0.217428180735069
31.4,0.2,198.201949137597,0.141346534965017,0.929838038251151,0.650698347107158,0.217503448264209
31.41,0.2,196.95572557647,0.141605904000933,0.927303045498124,0.652631075586026,0.214487064994786
31.42,0.2,195.714586872274,0.142667663422042,0.927821960915096,0.651672030181975,0.214571298502897
31.43,0.2,194.478618863495,0.14446155904845,0.928530114828598,0.647588576457437,0.216022912236521
31.44,0.2,193.247905186848,0.14743245950829,0.928109489082799,0.652370898217183,0.216183795949041
31.45,0.2,192.022527258093,0.147814401884063,0.929092792487477,0.651032620263797,0.213707727133175
31.46,0.2,190.802564254678,0.144788116320133,0.93058453355686,0.651115808420279,0.212702436949529
31.47,0.2,189.588093100198,0.150036891374798,0.927768972078173,0.648730550829985,0.214702506204823
31.48,0.2,188.379188450632,0.149144584622253,0.929137109376024,0.648906112419462,0.212507879499864
31.49,0.2,187.175922682341,0.15060556171531,0.929737414946148,0.651848049626405,0.217340738137387
31.5,0.2,185.97836588179,0.155948059440757,0.930687664214008,0.65130395332571,0.215769030734274
31.51,0.2,184.786585836975,0.155261048473426,0.932912546162042,0.650990577203958,0.215432664758439
31.52,0.2,183.600648030517,0.155442893556292,0.929746859925096,0.649841675157846,0.214112862094071
31.53,0.2,182.420615634394,0.157943546025453,0.930443595228897,0.653095171911982,0.215468427129145
31.54,0.2,181.246549506287,0.15607142857768,0.929744690892327,0.655000150111688,0.216330746817912
31.55,0.2,180.078508187491,0.160821745399309,0.932073808357963,0.650480772119319,0.218144032480962
31.56,0.2,178.916547902381,0.160070043106968,0.931609734338957,0.651359089178574,0.214844020404461
31.57,0.2,177.760722559373,0.161271461200697,0.931988937559665,0.651859377256669,0.21645005995454
31.58,0.2,176.611083753368,0.164369253129223,0.93261742779931,0.651341795215323,0.216882860824622
31.59,0.2,175.467680769631,0.165176487836156,0.930768967716694,0.651799303524672,0.214327924712343
31.6,0.2,174.330560589073,0.166071502837365,0.932016351627987,0.651729446767238,0.21769648706367
31.61,0.2,173.199767894906,0.169107101873146,0.933681701306937,0.651093696508032,0.212544582505922
31.62,0.2,172.075345080615,0.170809563183137,0.933085069265189,0.654621921126075,0.215216869410449
31.63,0.2,170.957332259243,0.169863311433705,0.938515525978721,0.652916160316292,0.218075566753699
31.64,0.2,169.845767273917,0.172928699024706,0.934814440856482,0.652771569676824,0.214238792429086
31.65,0.2,168.740685709605,0.171570276437651,0.933372114407974,0.653027959249839,0.217274161208038
31.66,0.2,167.642120906049,0.171361277386878,0.933454225094896,0.654167020972386,0.214434505580518
31.67,0.2,166.550103971849,0.174266192456388,0.934181233322686,0.654712512139565,0.215400060524771
31.68,0.2,165.464663799653,0.178665162524505,0.934683471583638,0.65295543147526,0.217304160401794
31.69,0.2,164.385827082414,0.175622508829749,0.93422132955086,0.654631516447387,0.214894684773007
31.7,0.2,163.313618330686,0.180562557424546,0.936146521891651,0.654219081483625,0.216807956621983
31.71,0.2,162.248059890913,0.181101531134885,0.934994949876621,0.654139077565213,0.215550874464066
31.72,0.2,161.467480596842,0.183558350106704,0.935747145713264,0.654186077223112,0.215855775795767
31.73,0.2,161.147125807636,0.183360774912684,0.934183248289362,0.651335819475352,0.216077707668729
31.74,0.2,160.977375733839,0.183086246203403,0.93635716409218,0.654421156303362,0.215981644715835
31.75,0.2,160.86132639439,0.184741783782123,0.936191825070812,0.655058657734612,0.212268137972864
31.76,0.2,160.873261234156,0.18249433416689,0.937227370759087,0.652679231766795,0.212853159308736
31.77,0.2,160.899753727743,0.186217759614937,0.936415236414081,0.653467984568911,0.216804210008823
31.78,0.2,160.926030019533,0.185900003817743,0.937473810037767,0.653607591723017,0.216387709694253
31.79,0.2,160.952099227508,0.183798871691772,0.937667903623236,0.658008673803803,0.212553824884855
31.8,0.2,160.977970293342,0.185329076291562,0.935682671646073,0.654982704819964,0.21610848746825
31.81,0.2,161.003651978364,0.184017740257809,0.935149689062866,0.653395586082449,0.21750852830569
31.82,0.2,161.029152859587,0.18379115099842,0.938618851788029,0.656553255080005,0.214313595040418
31.83,0.2,161.05448132582,0.182290964461688,0.936615557861249,0.654625834479767,0.218395780331215
31.84,0.2,161.079645573861,0.184065470723195,0.936394099884502,0.653683541938991,0.21551933169203
31.85,0.2,161.10465360476,0.182000224788829,0.936618347576337,0.65537209007979,0.214537599245805
31.86,0.2,161.129513220178,0.183316675952102,0.936676678770695,0.654962890627361,0.215033812649109
31.87,0.2,161.154232018819,0.183849011706313,0.938398200568889,0.655744717646918,0.216437828632569
31.88,0.2,161.178817392956,0.182172917749845,0.937935136804611,0.65673283924931,0.214241854705612
31.89,0.2,161.203276525041,0.181323397130714,0.938494972919402,0.657015278204654,0.216356443803596
31.9,0.2,161.227616384402,0.184367507280975,0.938009500809284,0.653989050874142,0.217083713104921
31.91,0.2,161.251843724039,0.184693752553302,0.938535335106886,0.65568740544271,0.215670863993346
31.92,0.2,161.275965077503,0.184304701526618,0.941155387911871,0.653772948921435,0.215575392326317
31.93,0.2,161.299986755873,0.182997778593897,0.942300949936968,0.656395216226857,0.213969397904378
31.94,0.2,161.323914844833,0.188557855813949,0.940107457764618,0.652515153671921,0.216841242540246
31.95,0.2,161.347755201839,0.182029392559226,0.937671178148167,0.652912519359988,0.215607713654428
31.96,0.2,161.371513453385,0.184923693692751,0.939961943930005,0.655092596912306,0.216648025372468
31.97,0.2,161.183327942076,0.182522859954604,0.94158314311625,0.654275452862874,0.215429947105743
31.98,0.2,160.631166406566,0.1833745027877,0.94239297481088,0.656487981062616,0.215405648245586
31.99,0.2,160.280430676731,0.184678779544745,0.94018086589918,0.656834050564429,0.213053068103878
32,0.2,160.108237857411,0.183365914933127,0.940396600920922,0.654782508407773,0.212266581797128
32.01,0.2,160.118387789949,0.182860288314626,0.940738360196163,0.656116707530547,0.215070695622931
32.02,0.2,160.141559922647,0.18352918162209,0.942327673117576,0.658158027808628,0.213730057471109
32.03,0.2,160.164683079597,0.183067329957485,0.938862215460854,0.65590913559277,0.213429758507334
32.04,0.2,160.18776092216,0.186910132464525,0.939435232485482,0.656507161508332,0.21429343464426
32.05,0.2,160.210796862917,0.183817724821869,0.941749693028867,0.657077540394983,0.214441012830215
32.06,0.2,160.233794063997,0.184666266546082,0.941880684951603,0.655199080041632,0.214372358289185
32.07,0.2,160.256755435528,0.184290936209046,0.940425340885194,0.656793003651198,0.216864576455622
32.08,0.2,160.279683634181,0.186185990080171,0.941021710231477,0.65671932974439,0.214249034560736
32.09,0.2,160.30258106184,0.188752271621901,0.940837950106354,0.656135196192951,0.215876628524769
32.1,0.2,160.325449864375,0.183874247433573,0.940783460544075,0.656055994512489,0.214762470432993
32.11,0.2,160.348291930527,0.183413327898143,0.94230941550134,0.658656898177899,0.215251230192631
32.12,0.2,160.371108890915,0.183608736666712,0.939010032112064,0.653198196818989,0.215483958870818
32.13,0.2,160.393902117143,0.184125537133151,0.943332581696536,0.654803401362827,0.213940467341222
32.14,0.2,160.416672721033,0.184499763839582,0.941044274065555,0.658399258110555,0.211942783812052
32.15,0.2,160.439421553963,0.187009316609649,0.943250425388246,0.657617745511754,0.21469956590409
32.16,0.2,160.462149206327,0.184295959446501,0.94420949540958,0.656429553900611,0.215750938346854
32.17,0.2,160.484856007103,0.186516097057071,0.943044433534617,0.658080044628095,0.216359453188837
32.18,0.2,160.507542023539,0.187981214296298,0.940360083425678,0.654453482913349,0.213582249457955
32.19,0.2,160.530207060956,0.182310907665004,0.941890018856728,0.654459182273693,0.216204922607749
32.2,0.2,160.55285066266,0.185003828142045,0.944618486823016,0.655047407600293,0.214708866357377
32.21,0.2,160.575472109978,0.184608703580165,0.941380514400821,0.657496307188888,0.216254466825145
32.22,0.2,160.598070422397,0.183334964247486,0.943894649113553,0.656240898608213,0.213547581962352
32.23,0.2,160.620644357833,0.184376167296885,0.939555949353823,0.655305244941395,0.214490393467234
32.24,0.2,160.643192412997,0.185274090769738,0.941453350917522,0.656629551055291,0.21449680176346
32.25,0.2,160.665712823893,0.184059026274136,0.943991296574884,0.655273360854135,0.215954346203189
32.26,0.2,160.688203566415,0.185834233546953,0.943016129694904,0.657783590137298,0.216746947619978
32.27,0.2,160.710662357068,0.185314335097102,0.944122739226984,0.656105124641958,0.216371170834157
32.28,0.2,160.525957497117,0.187219687207213,0.94128023800106,0.65644313671654,0.214147449704702
32.29,0.2,160.233022127609,0.186811647380306,0.943680348650137,0.653787559569336,0.216448464243619
32.3,0.2,160.053050231842,0.186858136210025,0.942745107299183,0.655856108898988,0.214182298430621
32.31,0.2,159.922910445839,0.184598668353431,0.945750530510351,0.65461051455404,0.213420909650262
32.32,0.2,159.922751081061,0.186184171114993,0.941551034870375,0.656911798957418,0.216859064027632
32.33,0.2,159.944831588653,0.18673316706327,0.944265707393187,0.65459362665941,0.215481353525723
32.34,0.2,159.966857289238,0.187738857071126,0.942711937979624,0.654832114629692,0.213985601777072
32.35,0.2,159.988823887672,0.187349759392204,0.94386734887921,0.655013687147564,0.214560811610833
32.36,0.2,160.010726842293,0.18620739836682,0.945336679289452,0.656392962930539,0.213204822771423
32.37,0.2,160.032561366731,0.184833902834359,0.943830168683287,0.656191625486153,0.215213024804747
32.38,0.2,160.054322431826,0.186928904446474,0.945019940956304,0.65481697366266,0.212721723573671
32.39,0.2,160.076004767649,0.185960279869109,0.944796115341491,0.653781773455671,0.214706299532086
32.4,0.2,160.097602865624,0.185588302084509,0.942977334910949,0.658060700836966,0.213927360732921
32.41,0.2,160.119110980756,0.186212925160554,0.942243758161031,0.65504406153241,0.214658279744741
32.42,0.2,160.140523133956,0.185060488820816,0.944027199293544,0.658013204527398,0.215779369912093
32.43,0.2,160.161833114467,0.185071777436425,0.942373892026506,0.65500501031857,0.215623923152736
32.44,0.2,160.183034482392,0.187360469551859,0.943616664705344,0.654302151779142,0.21672562447764
32.45,0.2,160.204120571311,0.185285124713643,0.943944947732736,0.65525461481204,0.217108499646443
32.46,0.2,160.225084490999,0.187807053592675,0.945373753821584,0.65632091922104,0.214937900375077
32.47,0.2,160.24591913024,0.186892749723321,0.945649580190682,0.655347437474573,0.215479571847243
32.48,0.2,160.266617159728,0.184261668700616,0.940681626435224,0.654280609973231,0.213764759880559
32.49,0.2,160.287171035061,0.186868082824923,0.94446401768731,0.654668087205852,0.216056989658713
32.5,0.2,160.307572999828,0.185078099712533,0.943752447192073,0.652229604277792,0.214269566750134
32.51,0.2,160.327815088784,0.188071571955937,0.944222341977453,0.655871779783257,0.214993753064246
32.52,0.2,160.347889131101,0.184893322580656,0.943815313300339,0.655587900241899,0.214948435085779
32.53,0.2,160.36778675372,0.188781093503486,0.943237870727988,0.656960149577816,0.216981068233005
32.54,0.2,160.387499384774,0.186617150616374,0.945590109360987,0.656383179245264,0.218350075440597
32.55,0.2,160.407018257097,0.185687058727767,0.943714339778042,0.65576837761825,0.216763262729789
32.56,0.2,160.426334411812,0.188134067231249,0.941550241250365,0.657053167098714,0.215059862230645
32.57,0.2,160.445438701998,0.184708830616668,0.945463435458701,0.654182529577642,0.21317119244004
32.58,0.2,160.464321796429,0.187104448647884,0.94445193650611,0.653244843455645,0.213279096856628
32.59,0.2,160.482974183395,0.18398837279583,0.944792615622458,0.655681316577978,0.214021727393528
32.6,0.2,160.501386174584,0.183954086338555,0.943997111448169,0.654921068346574,0.214579530233574
32.61,0.2,160.519547909046,0.186717969808081,0.944139826501582,0.652977565670149,0.21495635049738
32.62,0.2,160.537449357219,0.185245104494153,0.942020821750672,0.654239140045868,0.213759592281337
32.63,0.2,160.555080325023,0.185024246187297,0.940380528641156,0.653554210848414,0.21761249558278
32.64,0.2,160.572430458018,0.18689070969211,0.942856567905678,0.653493705776568,0.214829914754211
32.65,0.2,160.589489245626,0.185458702764084,0.943608063374699,0.65464456602893,0.214149985694019
32.66,0.2,160.606246025413,0.183201487127696,0.943303733387654,0.652979601638969,0.212530689611996
32.67,0.2,160.622689987432,0.186925807260688,0.94273974044457,0.653404920547377,0.2163716062861
32.68,0.2,160.638810178618,0.186084047917868,0.942667158658831,0.652762958043249,0.215323876480097
32.69,0.2,160.654595507241,0.186133699865438,0.944077636966157,0.652420483814079,0.215727808230256
32.7,0.2,160.670034747412,0.184997595559774,0.942867028797522,0.652590809708736,0.216710174073631
32.71,0.2,160.685116543637,0.187063374272011,0.941999151717383,0.651775091445462,0.214386376759843
32.72,0.2,160.699829415424,0.187817592108048,0.944240562700347,0.652919986921455,0.216085438980761
32.73,0.2,160.714161761931,0.186224796183165,0.942128703276978,0.653542771230212,0.213342281673609
32.74,0.2,160.728101866662,0.185137758367549,0.941463947160864,0.655852225608118,0.211751605889949
32.75,0.2,160.741637902205,0.187470209458261,0.943758145755859,0.65377862993613,0.217633452121236
32.76,0.2,160.754757935009,0.185982529727021,0.943148299444495,0.651167234125047,0.216244423375446
32.77,0.2,160.767449930202,0.184908626230108,0.942167491202972,0.652236260322758,0.212632003842511
32.78,0.2,160.77970175644,0.186795934526924,0.948003497920237,0.654708769465868,0.21468816776411
32.79,0.2,160.791501190796,0.185431024307984,0.942608997152752,0.653031821079552,0.214749109159143
32.8,0.2,160.802835923677,0.186242924626047,0.942343004242253,0.652146592794484,0.214871569876349
32.81,0.2,160.813693563772,0.185965495769657,0.94226789583956,0.651008420643157,0.214955083979517
32.82,0.2,160.824061643029,0.186417821656289,0.943888794588097,0.652483842687061,0.214095027668981
32.83,0.2,160.833927621656,0.186761254475687,0.942204485602347,0.651030861116808,0.213594855417812
32.84,0.2,160.843278893147,0.186228322502564,0.944464787335556,0.652767291490347,0.218376608213437
32.85,0.2,160.852102789331,0.185970052759377,0.942093979659137,0.649807464974102,0.215100132105157
32.86,0.2,160.860386585434,0.185755942163756,0.94110906400799,0.649864803963779,0.21686490410954
32.87,0.2,160.868117505169,0.188447558391035,0.94069153624232,0.651929694433864,0.215833966105058
32.88,0.2,160.875282725836,0.185699567215225,0.944319324286234,0.649465678971284,0.215015925680149
32.89,0.2,160.881869383431,0.186636414913987,0.941641808439,0.651352382269816,0.214700202946573
32.9,0.2,160.887864577776,0.186134403664632,0.937985490009843,0.651435099411435,0.212817312199259
32.91,0.2,160.893255377655,0.185897841038933,0.940848271639632,0.65104327147847,0.216816877481203
32.92,0.2,160.898028825953,0.18558087384726,0.94296751098757,0.651160175386562,0.216785148511607
32.93,0.2,160.902171944807,0.184211568852956,0.941533029144089,0.648717260108058,0.216536742039093
32.94,0.2,160.905671740761,0.185786097391704,0.943210516329852,0.650519666193585,0.216911373522545
32.95,0.2,160.908515209916,0.187714066516803,0.944273415934245,0.651281543481676,0.213851490250638
32.96,0.2,160.910689343087,0.18482520674835,0.942411062655159,0.649852796903682,0.215952208071973
32.97,0.2,160.912181130956,0.184041642698564,0.943308765590941,0.649761525607776,0.214552448761426
32.98,0.2,160.912977569221,0.183132888454173,0.937301557480646,0.648480267837349,0.215349128523636
32.99,0.2,160.913065663739,0.187464089710286,0.941024749914142,0.649699516917339,0.213638423505077
33,0.2,160.589347316664,0.188495998213041,0.940260722191032,0.650297204824715,0.214400353415065
33.01,0.2,160.308388590435,0.189560374912056,0.938508445839626,0.650591733953386,0.216265667101242
33.02,0.2,160.191437419157,0.187803886356907,0.939907890605956,0.653105297996759,0.212464527819484
33.03,0.2,160.133684596764,0.186155776735385,0.938047200301127,0.650945588449653,0.214457448976901
33.04,0.2,160.087692585839,0.186572924563903,0.938291502327298,0.650293028002249,0.214446595155745
33.05,0.2,160.041497796303,0.187655830243103,0.94089070025543,0.649844298557472,0.214845182634223
33.06,0.2,159.992417539239,0.187447281550421,0.941598237656445,0.647799111688694,0.216160021841252
33.07,0.2,159.939035760629,0.189682828675455,0.939983299228329,0.650032890239116,0.214480334896391
33.08,0.2,159.880946338435,0.18489152222916,0.941519464011243,0.648615519705924,0.214128582079465
33.09,0.2,159.818435004686,0.187639930762893,0.941853833786582,0.647952047140097,0.21277508647027
33.1,0.2,159.751180781621,0.185554470451212,0.939443792891872,0.648303892592583,0.212725852246657
33.11,0.2,159.678899957491,0.187682136432915,0.938881040003581,0.647029909540665,0.21311856871797
33.12,0.2,159.601822118047,0.185311471158648,0.936637810296946,0.6484999728859,0.216631553479309
33.13,0.2,159.520092300222,0.186662445873108,0.938978359695008,0.646751394254297,0.21777195166309
33.14,0.2,159.433245049632,0.189242008487191,0.937964544194432,0.648569387350219,0.214888626596521
33.15,0.2,159.341164637611,0.186825712535195,0.940005070005579,0.648177451736521,0.21560233735589
33.16,0.2,159.244446579258,0.186073684554007,0.937797455270475,0.648295876752226,0.215423972174298
33.17,0.2,159.142669486938,0.186667864739285,0.938429172775755,0.648741699147481,0.213439070205178
33.18,0.2,159.035449139424,0.187265700945166,0.938162144891549,0.649393265028218,0.216463045916277
33.19,0.2,158.923159318767,0.190478975444426,0.938312584546789,0.645233558311047,0.216565379610795
33.2,0.2,158.806051506111,0.1896514714481,0.938633930166669,0.646594895214692,0.215634629306082
33.21,0.2,158.683483197817,0.189942578120407,0.937586782151775,0.647103391144337,0.214371092769306
33.22,0.2,158.555316393497,0.188753849784507,0.935807643962939,0.646966623750449,0.214159037864478
33.23,0.2,158.42240274089,0.192094670524878,0.937424215536078,0.645032956318969,0.215575318468014
33.24,0.2,158.284193729385,0.190018998075972,0.937794691976964,0.64613204831131,0.215431693279203
33.25,0.2,158.140192766752,0.191423703088216,0.936532579682289,0.64567217238441,0.21563183001914
33.26,0.2,157.990930297934,0.188073837937479,0.934172884677825,0.648464228242994,0.212561335289019
33.27,0.2,157.836774187053,0.193441965010958,0.936813110754915,0.646411724763327,0.214801337711665
33.28,0.2,157.676891073406,0.191723700117977,0.934518983770241,0.648587899760419,0.2160671816744
33.29,0.2,157.511123116624,0.189327494773877,0.933402259721189,0.642923303636296,0.211705720932665
33.3,0.2,157.340624162446,0.189072974420227,0.93260774826088,0.644693620019505,0.213664403226135
33.31,0.2,157.164697034063,0.188419505824194,0.934024034687126,0.645787706092884,0.215250316157718
33.32,0.2,156.98271346974,0.189736764265567,0.934852856669802,0.644308381950777,0.215434198352718
33.33,0.2,156.795372291174,0.187577784029546,0.934824718490162,0.645370459940118,0.216064608403983
33.34,0.2,156.603167967727,0.189015873753043,0.931627825958692,0.647368156300624,0.214606002060874
33.35,0.2,156.40506006756,0.190623648597128,0.934207942853989,0.644638828693711,0.214411176652865
33.36,0.2,156.200865515925,0.192320212079487,0.933018863274124,0.64559616922241,0.215444954920265
33.37,0.2,155.992035316893,0.191228100795427,0.932333801603704,0.646389423943972,0.215237969738773
33.38,0.2,155.777727229136,0.189701636559419,0.933841585038952,0.645258994283983,0.215957229162057
33.39,0.2,155.557184986607,0.192057887131999,0.933906011453072,0.645818850453362,0.212745155604345
33.4,0.2,155.330985649567,0.191558077315998,0.934591436260384,0.643311861389684,0.214853688375313
33.41,0.2,155.099567284979,0.191048346540698,0.933210641623663,0.644710683548002,0.214595878851216
33.42,0.2,154.862007690062,0.193297476433072,0.932148990329017,0.64458905227391,0.214438326822883
33.43,0.2,154.618093382512,0.192475695414735,0.930710452438337,0.64632723223466,0.21397469177896
33.44,0.2,154.368678412797,0.192070268058201,0.932262265187394,0.644519208420791,0.214990515185174
33.45,0.2,154.113251457635,0.193892994318091,0.930861857779664,0.642264470576545,0.213449258700529
33.46,0.2,153.851359228138,0.194823896703086,0.932413961901895,0.642198204904108,0.214558511017063
33.47,0.2,153.58352685859,0.196252388607383,0.932688198534525,0.643435771920869,0.212385560069831
33.48,0.2,153.310133841939,0.192871559134772,0.930765242041404,0.641946625631816,0.212526023945528
33.49,0.2,153.030442583331,0.194402212162753,0.929853951880663,0.645977646736377,0.215144736904472
33.5,0.2,152.744338012585,0.196008560145433,0.92780615158542,0.644737626527018,0.215407142774467
33.51,0.2,152.452872562375,0.194252260978433,0.928957257100106,0.641553354199601,0.21705570562037
33.52,0.2,152.155469967405,0.194811526445057,0.930443731833015,0.64535132955784,0.214540846024835
33.53,0.2,151.851616533662,0.194768396234167,0.927041705901273,0.645046227227952,0.215555474741297
33.54,0.2,151.541937124886,0.196590797076503,0.930344595780894,0.644693213305264,0.216117317977826
33.55,0.2,151.226888413838,0.196176316310052,0.928713385131138,0.643993982017688,0.216570641632587
33.56,0.2,150.905631267905,0.195740968382437,0.928595883319078,0.643617779271358,0.215954356009774
33.57,0.2,150.580899378708,0.197934915508574,0.929455985615394,0.643289769642873,0.2152280068041
33.58,0.2,150.275335439913,0.196905947941308,0.927300527974407,0.645976562706369,0.216644153755668
33.59,0.2,149.977450583449,0.19656692077535,0.928235507945666,0.643584302359816,0.215321365154305
33.6,0.2,149.676739269157,0.197311607267948,0.928116483558659,0.64645442867287,0.215038512588887
33.61,0.2,149.395379308748,0.199629055709948,0.926959547136229,0.646659838271234,0.217703563551568
33.62,0.2,149.148545532814,0.20024206479664,0.926603639404843,0.644709014863011,0.215089275109429
33.63,0.2,148.908225370939,0.198388876490948,0.924872858255504,0.644629037047574,0.215109985415938
33.64,0.2,148.668403651099,0.198887105331733,0.929425770521626,0.643214063499963,0.214440447123674
33.65,0.2,148.457115931273,0.198382896112826,0.926371980662025,0.642679342514408,0.212691340422256
33.66,0.2,148.2583583011,0.19789065477432,0.926815679106015,0.643463490695471,0.213682523540071
33.67,0.2,148.057841286329,0.200529707813995,0.926959214556382,0.641184396232017,0.216875138731414
33.68,0.2,147.865855433938,0.19888884646852,0.924664075647215,0.642601782681005,0.217115192662548
33.69,0.2,147.69052501114,0.199434966616489,0.926990733237872,0.643527856803885,0.215363607899828
33.7,0.2,147.515790494233,0.200724267984287,0.924603637182514,0.64165366285487,0.215124726442124
33.71,0.2,147.338189626992,0.20061267128363,0.925270176089146,0.644521822862648,0.216431272644289
33.72,0.2,147.173675430833,0.201830341753585,0.925261477283752,0.643329285577913,0.214692422131548
33.73,0.2,147.013183217519,0.197945294261142,0.925234012230503,0.645837244445225,0.214351109715772
33.74,0.2,146.848592618859,0.201265093960568,0.925542325134045,0.644803521328082,0.215047094357691
33.75,0.2,146.681659807935,0.200036216672565,0.923286019247593,0.644982008153179,0.215164594980746
33.76,0.2,146.514419977541,0.201614290542692,0.922220610936468,0.643535799532111,0.214930780895125
33.77,0.2,146.342296418824,0.198758401403261,0.923044645964815,0.644578656442694,0.216113466271108
33.78,0.2,146.163662109129,0.201840254344909,0.923434414388802,0.643141495475363,0.217554725948947
33.79,0.2,145.978122687301,0.202233043116609,0.924339678491781,0.644824562775766,0.211837245203247
33.8,0.2,145.785610097982,0.202715201022584,0.921244284720966,0.642870209998276,0.214232191608814
33.81,0.2,145.586137291961,0.200951756647163,0.922506532327682,0.644634911548173,0.216205501939959
33.82,0.2,145.379738384525,0.202836640772006,0.921301905539442,0.643910469377663,0.215510527221119
33.83,0.2,145.166454396627,0.200994760906117,0.921249329277596,0.646947510955787,0.215370837553094
33.84,0.2,144.946329863592,0.205119252732063,0.921343149508954,0.644596096970118,0.214660748723029
33.85,0.2,144.719412015139,0.203400184369465,0.920477986266655,0.643805729415114,0.215622037444829
33.86,0.2,144.485750562031,0.202238755525155,0.919314393974716,0.642142393893098,0.212950398298256
33.87,0.2,144.245397624916,0.202187440423225,0.918229455646023,0.643128313513776,0.211308257042891
33.88,0.2,143.998407695553,0.20192448426821,0.91744045305927,0.645535506855413,0.214858267729596
33.89,0.2,143.744837604483,0.206295742728066,0.918423948092556,0.64358157841624,0.212225600983031
33.9,0.2,143.48474648901,0.205282970569728,0.917228213261057,0.645636824596277,0.212079144512702
33.91,0.2,143.218195760064,0.202479441599078,0.918557444515464,0.642158861123111,0.216849690967974
33.92,0.2,142.94524906764,0.204793218085053,0.921682065606863,0.643729371724309,0.214676858833599
33.93,0.2,142.665972264776,0.204213066274746,0.920139882920745,0.645502408184864,0.215832719737679
33.94,0.2,142.380433370059,0.208008354723272,0.918636643981355,0.646092187538943,0.212031219395257
33.95,0.2,142.088702528727,0.206301773478901,0.915981451254233,0.644682946283763,0.217713482655001
33.96,0.2,141.790851972382,0.204284395145293,0.917108447318791,0.644759441321663,0.216435306690414
33.97,0.2,141.486955977373,0.205532284585705,0.918294671117954,0.643328959158901,0.212946463835468
33.98,0.2,141.177090821872,0.207377842366118,0.915277856236254,0.643042801628831,0.213832798099762
33.99,0.2,140.861334741709,0.203384452520248,0.91677398278822,0.641845077618068,0.214679683049508
34,0.2,140.539767884999,0.203198204460836,0.914719327564973,0.64310632513674,0.215362999487765
34.01,0.2,140.212472265612,0.205967263931082,0.915774754665189,0.645358802909305,0.214334640660031
34.02,0.2,139.87953171553,0.206252949741045,0.913250565454142,0.642365099489558,0.21384849675218
34.03,0.2,139.541031836143,0.209370426484317,0.913977484416188,0.641296312399063,0.214373760503479
34.04,0.2,139.197059948541,0.205863954922663,0.914645616101603,0.644398370541494,0.215323158092566
34.05,0.2,138.847705042837,0.207849954650464,0.91396157712984,0.64491773739411,0.213770909350358
34.06,0.2,138.493057726587,0.207852137619164,0.913395592063082,0.645454988546442,0.212487159435541
34.07,0.2,138.13321017235,0.209079213583253,0.914246644107514,0.645091309721525,0.215053442450283
34.08,0.2,137.768256064448,0.208376160563884,0.911491788188268,0.643256526261954,0.213513584265507
34.09,0.2,137.398290544976,0.210833219498606,0.912470630869272,0.643164913871134,0.216339911296927
34.1,0.2,137.023410159113,0.210919787690795,0.913752712965471,0.644527269784275,0.216962164653512
34.11,0.2,136.643712799796,0.208324390560174,0.911434611982047,0.643796821601742,0.21480930553983
34.12,0.2,136.259297651802,0.211230506426423,0.90852223533294,0.645766842911374,0.216259417414537
34.13,0.2,135.870265135307,0.21307786313427,0.910938606482209,0.646586412013822,0.212988928388803
34.14,0.2,135.476716848956,0.210503041386413,0.911607792604718,0.644986696000426,0.215115361398876
34.15,0.2,135.078755512526,0.21297897118186,0.910865054292624,0.643772336388191,0.213127165484021
34.16,0.2,134.67648490921,0.209914806130298,0.90771811713736,0.644660852577543,0.214415746450271
34.17,0.2,134.270009827597,0.213078169649311,0.908432321551531,0.646865822093092,0.215326834405405
34.18,0.2,133.859436003396,0.211952452684773,0.909023330588618,0.64336221487751,0.215692873925239
34.19,0.2,133.444870060951,0.215238688486359,0.908946593835646,0.644869017297677,0.214442585905435
34.2,0.2,133.026419454625,0.214205251301959,0.907037728132893,0.646039400343571,0.213779582982895
34.21,0.2,132.604192410072,0.213852117323342,0.904787599864906,0.646559232122516,0.214833168449745
34.22,0.2,132.178297865481,0.216725138319312,0.908590322246373,0.64453735045879,0.217230537210016
34.23,0.2,131.748845412835,0.218525199145584,0.907660997010558,0.644096582063695,0.216161886478451
34.24,0.2,131.315945239231,0.214762044645073,0.90691456545876,0.645078616177862,0.214232778125988
34.25,0.2,130.879708068321,0.216495080234369,0.90580101006773,0.644055344947246,0.217056728892017
34.26,0.2,130.44024510192,0.218210381072376,0.907489160385522,0.646914221760535,0.215739623025193
34.27,0.2,129.997667961838,0.217418478006397,0.906714450918203,0.646351267702441,0.217716772388571
34.28,0.2,129.552088631981,0.215927961233377,0.902955593242301,0.646074325803696,0.21382285677417
34.29,0.2,129.103619400762,0.218394347127033,0.903770782091166,0.647895950173965,0.21589928868278
34.3,0.2,128.65237280389,0.220579668459675,0.905104453468446,0.6458682690046,0.212599895657156
34.31,0.2,128.198461567563,0.219251098666028,0.905977695014951,0.644930391478959,0.216317949473734
34.32,0.2,127.741998552122,0.219429725548908,0.903791184192075,0.645605226293121,0.215020028074377
34.33,0.2,127.283096696205,0.221715709035581,0.902649128052035,0.645852483070734,0.213185171696221
34.34,0.2,126.821868961452,0.221194885213137,0.902919050875376,0.64833623448257,0.213855390613203
34.35,0.2,126.358428277792,0.221076644791898,0.903084549109568,0.647977164186136,0.216982375106493
34.36,0.2,125.892887489363,0.222354390508344,0.903010500219218,0.645641000924133,0.215052891309528
34.37,0.2,125.425359301098,0.221444644645878,0.903979121924889,0.645039509556852,0.214028697459431
34.38,0.2,124.955956226021,0.221959785951911,0.903035693495418,0.647267113829865,0.212924841864758
34.39,0.2,124.484790533284,0.224227312482068,0.900899175841659,0.64680032638727,0.214129561501374
34.4,0.2,124.011974196983,0.222539232483151,0.89956428249028,0.647060140909017,0.215303647412547
34.41,0.2,123.537618845789,0.227741943865696,0.902160936509224,0.648569010057385,0.21804066742535
34.42,0.2,123.061835713425,0.223788181868432,0.901403319871543,0.649210981382139,0.215675987520947
34.43,0.2,122.584735590021,0.225753571784928,0.898420874045922,0.65032909856105,0.213681250324413
34.44,0.2,122.106428774373,0.226636235131906,0.899598992707534,0.648346957593348,0.212442396784021
34.45,0.2,121.627025027139,0.226311526820546,0.896014788676699,0.651732346530132,0.215441503487569
34.46,0.2,121.146633525002,0.226659849366831,0.897483828041361,0.64935966372754,0.213837685276906
34.47,0.2,120.665362815808,0.2266466390324,0.89733576828769,0.648829950339257,0.214422983214265
34.48,0.2,120.183320774731,0.22856380287085,0.898755231948613,0.647338386825013,0.214457402924074
34.49,0.2,119.700614561455,0.229048531100004,0.894642467119109,0.650337718858646,0.216514703772294
34.5,0.2,119.217350578425,0.23065235058722,0.896507334143882,0.648153117883454,0.213544932717748
34.51,0.2,118.733634430155,0.230728005398428,0.895732395336133,0.648758290648929,0.21784918714428
34.52,0.2,118.249570883638,0.229617840485595,0.895709123373542,0.647568165314969,0.214333341361654
34.53,0.2,117.76526382986,0.231763824131173,0.8966953656935,0.649132313915847,0.216183271796551
34.54,0.2,117.280816246428,0.231544921200679,0.893179072887095,0.650624504745615,0.214379642770737
34.55,0.2,116.796330161338,0.232192744128873,0.892177287393473,0.65032790965529,0.214407290913207
34.56,0.2,116.311906617886,0.232124959360973,0.894342227428231,0.6481181284362,0.214410549915056
34.57,0.2,115.827645640728,0.234488578237882,0.892453819583774,0.647593588169826,0.217662638391163
34.58,0.2,115.343646203116,0.235571269281113,0.891894334292858,0.649501068039187,0.214522056593993
34.59,0.2,114.860006195285,0.23544276767021,0.889354822674433,0.650690272566785,0.213502289686333
34.6,0.2,114.376822394035,0.237012372866482,0.893703966124792,0.652119510971506,0.213393073964198
34.61,0.2,113.894190433473,0.234999596863209,0.891331171146689,0.653291601233477,0.215725244536033
34.62,0.2,113.412204776955,0.236838651659576,0.890841770822188,0.648610937857439,0.214619988776221
34.63,0.2,112.930958690192,0.238542740297162,0.892228794502557,0.649579266447974,0.2146464048342
34.64,0.2,112.450544215559,0.239440213537957,0.890595109160216,0.65172020469764,0.215120459553624
34.65,0.2,111.971052147564,0.240103716131975,0.889843773409151,0.648857236383815,0.216800405188411
34.66,0.2,111.492572009513,0.24008885378253,0.888895742181793,0.652547908760561,0.217265357768252
34.67,0.2,111.015192031341,0.241819407400433,0.889511183251139,0.650987709920173,0.215737228008257
34.68,0.2,110.538999128612,0.24167065822577,0.887799140427074,0.65196979569169,0.214246892296738
34.69,0.2,110.064078882682,0.240649875337366,0.886791251717933,0.650569118670239,0.215208300334024
34.7,0.2,109.59051552202,0.24239179844422,0.887141843055997,0.650500687180384,0.215496127774251
34.71,0.2,109.118391904669,0.241745002769973,0.886226811749838,0.650712003944543,0.214809670202249
34.72,0.2,108.647789501854,0.246744774608833,0.886431281505672,0.651308529625761,0.214965360779422
34.73,0.2,108.178788382699,0.242464454715566,0.885319061399769,0.652650797090097,0.214421998322383
34.74,0.2,107.711467200075,0.246295769196459,0.886433460375062,0.653741392245803,0.213223628295749
34.75,0.2,107.245903177533,0.246242764519597,0.886948467909288,0.651264711120239,0.215686840125838
34.76,0.2,106.782172097336,0.245834645699656,0.883705988867367,0.651219912206471,0.215531949658239
34.77,0.2,106.320348289552,0.246355887596611,0.884688183905305,0.65069912961268,0.215667786452639
34.78,0.2,105.860504622212,0.247332140126549,0.88264373645757,0.651999043603124,0.21594344981364
34.79,0.2,105.402712492506,0.244800265720065,0.884358214474889,0.65554135369597,0.214791558496874
34.8,0.2,104.947041818992,0.247947470484213,0.884361933895286,0.651977640692115,0.214921524421424
34.81,0.2,104.493561034826,0.247899165862532,0.883445093497063,0.652366308787153,0.215463094095792
34.82,0.2,104.042337081964,0.250290721432913,0.882478413799095,0.651898368861321,0.216427085597201
34.83,0.2,103.593435406339,0.2485136432532,0.880723097217501,0.65568732272256,0.216041783644801
34.84,0.2,103.14691995398,0.248390916508426,0.882438581026064,0.654903764153495,0.216948798906659
34.85,0.2,102.702853168062,0.252563319519854,0.882491437387484,0.65221730542856,0.215780528326381
34.86,0.2,102.261295986859,0.253112038745282,0.880667614311207,0.65526776382869,0.214218450756358
34.87,0.2,101.822307842579,0.253080088901104,0.88296862040351,0.655219782158219,0.214761741300986
34.88,0.2,101.385946661071,0.252528049660394,0.880678196914039,0.653266326212282,0.214810743661174
34.89,0.2,100.952268862358,0.255071946491433,0.8767346652657,0.653557386410588,0.217564321629124
34.9,0.2,100.521329361999,0.25302820828901,0.879400436777776,0.653035570389649,0.214920774171578
34.91,0.2,100.093181573244,0.25541105544016,0.877943388184122,0.653872682730924,0.216748707167408
34.92,0.2,99.6678774099542,0.257384756558785,0.877335883984249,0.654589459778149,0.215435286324291
34.93,0.2,99.2454672902796,0.25626867140198,0.877595929669763,0.651099928045321,0.213566063231211
34.94,0.2,98.826000141055,0.257641580558865,0.876090338877968,0.654197234620064,0.216784888309286
34.95,0.2,98.4095234028994,0.257882380172731,0.875010600474577,0.650722667960496,0.216902616168596
34.96,0.2,97.9960830359925,0.257976053445797,0.876272345606376,0.657567251697282,0.213425897508477
34.97,0.2,97.5857235265049,0.260308512305375,0.878407542961451,0.655124210662859,0.215936343082002
34.98,0.2,97.1784878936556,0.259367528819842,0.875732269333438,0.654406930621205,0.21449021248056
34.99,0.2,96.774417697379,0.259770933856497,0.877840195397925,0.65604338492527,0.214977733753652
35,0,96.373553046569,0.261927000415418,0.876059145281121,0.654082840159625,0.216182279393721
35.01,0,95.975932607883,0.260198384730609,0.873033482698133,0.653327948168443,0.216208756832448
35.02,0,95.5815936150791,0.258660793414694,0.875948805910408,0.655134518972931,0.214929391313223
35.03,0,95.190571878864,0.264921893208317,0.873552668143552,0.657376089403145,0.216877956426465
35.04,0,94.8029017972264,0.261864061216777,0.874338052174074,0.654188668804725,0.215618502733438
35.05,0,94.4186163662337,0.262332764909107,0.871679791695009,0.654200585775246,0.212912612230985
35.06,0,94.0377471912698,0.263849781577158,0.873121633047635,0.655343524269404,0.21522218938845
35.07,0,93.6603244986883,0.264007431186624,0.871577667256197,0.654599892901395,0.215571681226927
35.08,0,93.2863771478615,0.26576044611822,0.87249354994179,0.656409227502796,0.214182215011146
35.09,0,92.9159326436005,0.265033470487372,0.873297382204925,0.655947441251582,0.217090123774277
35.1,0,92.5490171489258,0.267430223509378,0.870710023117159,0.655510585231776,0.216416777612321
35.11,0,92.1856554981653,0.267698719413442,0.870446926247815,0.655045644450219,0.214961341587367
35.12,0,91.8258712103598,0.269331691437844,0.870162359018971,0.653948451353218,0.217190366536083
35.13,0,91.4696865029533,0.268516142981289,0.870652531627157,0.656382650413367,0.215971495827624
35.14,0,91.1171223057494,0.268131095767147,0.868593362603361,0.65591187569395,0.211778251297787
35.15,0,90.7681982751116,0.271954039045306,0.868536251212576,0.65577258526882,0.214463665636318
35.16,0,90.4229328083879,0.270976825471016,0.867706040132405,0.655259159007443,0.214468167924261
35.17,0,90.0813430585437,0.268624461603405,0.868127508640522,0.654102694726277,0.21702567861294
35.18,0,89.7434449489775,0.268524973114576,0.868127952087218,0.65411292414687,0.216597642952877
35.19,0,89.4092531885079,0.271018050233408,0.865931121011432,0.656564102043957,0.215270796365453
35.2,0,89.0787812865084,0.271816810169878,0.864852529849615,0.655094856089943,0.217667370685981
35.21,0,88.752041568177,0.272818657279203,0.865775214932192,0.656480184992073,0.215521082504878
35.22,0,88.4290451899196,0.27104035320385,0.86429388938521,0.656154863888178,0.214345806505228
35.23,0,88.109802154834,0.274629987617262,0.865659441839816,0.65254811598957,0.215512836706554
35.24,0,87.794321328276,0.275205275262811,0.86473687583398,0.658060482335346,0.214965800606905
35.25,0,87.4826104534945,0.273033211325667,0.862635871642979,0.656367795900074,0.21413774474931
35.26,0,87.1746761673184,0.276134862717816,0.863941971850229,0.657900255549332,0.213046769220015
35.27,0,86.8705240158825,0.2775801550118,0.861801013948673,0.656943919872217,0.212787480938751
35.28,0,86.5701584703793,0.2741026450088,0.864043615451378,0.65835953922504,0.214496274851579
35.29,0,86.2735829428207,0.277993177183598,0.863668289682386,0.654081901407492,0.215235671781674
35.3,0,85.9807998017994,0.278187696148808,0.86179613397102,0.656613328080615,0.215533366298895
35.31,0,85.6918103882375,0.27654020039592,0.860434720588059,0.657297255178438,0.216213147792476
35.32,0,85.4066150311097,0.275519965429115,0.860348995369819,0.656635775761756,0.214920160138971
35.33,0,85.125213063131,0.277236191375552,0.859700425312694,0.657189929778092,0.217365268117665
35.34,0,84.847602836398,0.278871087772283,0.861395176574349,0.657377504897702,0.214413852466871
35.35,0,84.5737817379753,0.281037302481084,0.858545286431341,0.656690732156895,0.215060406188836
35.36,0,84.3037462054145,0.2794070864566,0.861548256309999,0.65667604143751,0.21396654987165
35.37,0,84.0374917422009,0.28116257330429,0.861863256634046,0.655874935570605,0.213247251478121
35.38,0,83.7750129331173,0.279626945522153,0.857389836587027,0.656156101072516,0.214303750526486
35.39,0,83.5163034595178,0.280606807427793,0.858002741306569,0.656966206368705,0.21332907461074
35.4,0,83.2613561145045,0.279925716439128,0.857290762001004,0.658494456119883,0.214065350221592
35.41,0,83.0101628180006,0.28382765804287,0.855985225158353,0.657834668463526,0.215412241908928
35.42,0,82.762714631715,0.283179562398121,0.856986810510538,0.657411139617774,0.215558487602616
35.43,0,82.5190017739901,0.280574806200409,0.856986564896976,0.656620598230624,0.21472618740728
35.44,0,82.2790136345315,0.284330450218836,0.856688350781156,0.657692869374797,0.213932125257047
35.45,0,82.0427387890107,0.28456364812707,0.85589085220688,0.657000059424779,0.215213295685467
35.46,0,81.810165013543,0.282553053240394,0.855510296098479,0.655427297704997,0.213814942803351
35.47,0,81.5812792990306,0.280915733322513,0.856394988986851,0.654441192875978,0.216818893226083
35.48,0,81.3560678653725,0.284434349295394,0.85230588285243,0.655876617182202,0.212836468898746
35.49,0,81.134516175537,0.285892150611572,0.85420944866331,0.657815299284628,0.214398049264194
35.5,0,80.9166089494955,0.283176721168464,0.851506822365693,0.657003166617689,0.216968825412175
35.51,0,80.7023301780151,0.282523609906074,0.853577113645131,0.65637908501526,0.213337363759192
35.52,0,80.4916631363097,0.285386573196656,0.850314451620231,0.658969310656293,0.216253672594226
35.53,0,80.2845903975507,0.287463723384724,0.851226931758956,0.656683327293711,0.219353342963509
35.54,0,80.0810938462323,0.285975985705089,0.852372326195073,0.657606946579649,0.214851219774171
35.55,0,79.8811546913979,0.287640740280969,0.851625420128441,0.659150458489973,0.212204546827917
35.56,0,79.684753479723,0.285905982924116,0.850942079472505,0.655783312972752,0.214368047152332
35.57,0,79.4918701084591,0.28865306500868,0.850775932496096,0.653176142361645,0.215719109695499
35.58,0,79.3024838382386,0.287997804063627,0.848332177412938,0.654910204239721,0.215325587921379
35.59,0,79.1165733057422,0.289339724538771,0.848311775558504,0.654799868541382,0.21616874803717
35.6,0,78.9341165362331,0.287568132281509,0.85017746987945,0.655722333359048,0.216847816136793
35.61,0,78.7550909559574,0.287237547547091,0.849761923011939,0.654426705089644,0.218421672505221
35.62,0,78.5794734044164,0.289414719443488,0.851196053649477,0.65629741642425,0.214976006544811
35.63,0,78.4072401465127,0.289774182211877,0.851541221022601,0.656234470628992,0.219717651363748
35.64,0,78.2383668845738,0.290239285009846,0.84983801935879,0.655882701856481,0.21139432176633
35.65,0,78.0728287702574,0.288713498041663,0.847554653561313,0.656041242629908,0.214593030337277
35.66,0,77.9106004163419,0.286385505394574,0.847716733271172,0.655540023585135,0.216873231664484
35.67,0,77.7516559084067,0.288739114769059,0.848454149405473,0.654208332909483,0.214554304147384
35.68,0,77.5959688164083,0.288871692432189,0.84514539342088,0.655448043391904,0.215049629179593
35.69,0,77.4435122061532,0.290591100671499,0.845523684354698,0.654987737276315,0.21558208782095
35.7,0,77.2942586506783,0.290662814711406,0.845045205320192,0.650466776258359,0.217161156610067
35.71,0,77.1481802415396,0.293056467502163,0.847409387901319,0.655963026699302,0.213351027836106
35.72,0,77.0052486000159,0.287765269428123,0.845558199298791,0.654435615365203,0.215149401054523
35.73,0,76.8654348882347,0.289604042142499,0.843978169748074,0.656539356121774,0.218084283894938
35.74,0,76.7287098202237,0.292065490532272,0.844701042488432,0.6546303794775,0.212206242792656
35.75,0,76.5950436728956,0.294651475412054,0.842100085110726,0.655127940228088,0.213271801095281
35.76,0,76.4644062969724,0.29111556446594,0.843339883491244,0.654427132811646,0.218867012806197
35.77,0,76.3367671278542,0.291912682389944,0.843263719610475,0.655843601698546,0.215361923028912
35.78,0,76.2120951964393,0.289994282493936,0.841302574345579,0.653108367411139,0.214656996322147
35.79,0,76.0903591399029,0.292009090428373,0.842072622073929,0.653151199492051,0.215581910539374
35.8,0,75.9715272124397,0.291929569418613,0.841532005622628,0.654509544707643,0.215408314088796
35.81,0,75.8555672959779,0.290919895621998,0.841058721887551,0.650738014230639,0.216631561590766
35.82,0,75.7424469108702,0.292554542800282,0.839192746125372,0.65543163243272,0.214410531750453
35.83,0,75.6321332265695,0.291060447089591,0.841866962278926,0.653768268050587,0.214392826423002
35.84,0,75.5245930722947,0.294432011994002,0.841342661727983,0.651947250977816,0.213151433798993
35.85,0,75.419792947695,0.291999221432418,0.838350687220034,0.654107115302018,0.213911111580865
35.86,0,75.3176990335169,0.289354554735041,0.840759329439737,0.654543827487867,0.213928914183551
35.87,0,75.2182772022826,0.294505988119047,0.839497233055758,0.654039926493771,0.21572354452643
35.88,0,75.121493028985,0.291718195415872,0.842045762694692,0.653851982506947,0.213816662343367
35.89,0,75.0273118018068,0.2931892606171,0.840138963422664,0.651071020565313,0.214086285561058
35.9,0,74.935698532869,0.293630653152291,0.836869376748555,0.654632176797113,0.215600632473115
35.91,0,74.846617969015,0.292717822041607,0.834747459009083,0.652339968803527,0.215951574743815
35.92,0,74.7600346026384,0.293796149736692,0.838473977701491,0.653539770922515,0.2153317951624
35.93,0,74.6759126825579,0.29611915079925,0.834668465636091,0.65344895164004,0.213774673579788
35.94,0,74.5942162249465,0.293368660744165,0.839539756647133,0.652121640988871,0.215070338227801
35.95,0,74.5149090243219,0.293635669343484,0.837698611804262,0.652430030181207,0.214439551549375
35.96,0,74.4379546646007,0.293163115748517,0.836843094926078,0.652745834234744,0.216414627576362
35.97,0,74.3633165302246,0.295470462691056,0.833605577502786,0.653769597150251,0.21510568589374
35.98,0,74.2909578173632,0.29533442586453,0.83363345033692,0.651628561811259,0.215036393792144
35.99,0,74.2208415451961,0.297207144222605,0.835018213682026,0.65157500888266,0.21487481286054
36,0,74.1529305672837,0.296085608160213,0.833744681462285,0.65005671281608,0.214356507257311
36.01,0,74.087187583026,0.293264725257361,0.832983649610646,0.652670077294246,0.215122080801379
36.02,0,74.0235751492176,0.293297872590058,0.833191115040686,0.651767344927418,0.215197831402182
36.03,0,73.9620556917019,0.292838570718117,0.834449375564615,0.647752854880873,0.215879527882905
36.04,0,73.9025915171269,0.29424476999621,0.831808457700237,0.65074651505589,0.214577523682394
36.05,0,73.8451448248082,0.297276694062027,0.834666977207017,0.648730599386862,0.216658696851622
36.06,0,73.7896777187016,0.295325428497891,0.831436439320196,0.651940527679269,0.215856342038721
36.07,0,73.7361522194878,0.294400689641401,0.82981229180016,0.652857258769541,0.214889050231048
36.08,0,73.684530276772,0.295683083494375,0.831790161769785,0.650292269057109,0.214726243703747
36.09,0,73.6347737814024,0.293233012674369,0.832098505778109,0.651198963616136,0.214654154762963
36.1,0,73.5868445779066,0.294608801071366,0.829823567219136,0.65024172648273,0.215402943267889
36.11,0,73.5407044770507,0.294956320397886,0.829689453104945,0.647446578257505,0.215371665089137
36.12,0,73.49631526852,0.295049440001115,0.827377551485001,0.649055152799903,0.215027990955288
36.13,0,73.4536387337239,0.295925758446997,0.830422252885768,0.650462453141396,0.213862217532989
36.14,0,73.4126366587251,0.294606000532858,0.830069767364709,0.650692246297025,0.212107086221402
36.15,0,73.3728277880802,0.295506425293755,0.830413607079855,0.648532821839524,0.216072679857286
36.16,0,73.3333549476301,0.297282458111851,0.828834226047117,0.650487235017307,0.214283650373275
36.17,0,73.2941965893808,0.293491633940469,0.828415524824649,0.650874654527548,0.217967512805061
36.18,0,73.2553452126981,0.295197709624579,0.825807635840997,0.649289765166983,0.216739781332852
36.19,0,73.2167933001323,0.295231014420493,0.830987154327987,0.649340131749708,0.216192329908915
36.2,0,73.1785333218193,0.2945482150742,0.826327439221008,0.648333922293006,0.214505288627669
36.21,0,73.1405577398797,0.295713205245426,0.826135579975334,0.650081769201945,0.214736812033156
36.22,0,73.1028590128153,0.295589444207765,0.826126032453713,0.647328550784583,0.213962932264604
36.23,0,73.0654295998996,0.294929366682346,0.827260626227314,0.646800871974502,0.214731633824611
36.24,0,73.028261965562,0.295595971207678,0.82650438055305,0.648486076515104,0.213193852152436
36.25,0,72.9913485837606,0.295677659304971,0.825357159443275,0.649672413486422,0.215524311644046
36.26,0,72.9546819423451,0.294914926247803,0.826195469020337,0.647712694519965,0.215007178680002
36.27,0,72.9182545474058,0.294627331055767,0.824586712426484,0.64889829734259,0.217425166414437
36.28,0,72.8820589276065,0.296998647295143,0.824967759010047,0.647591223015311,0.213806207650975
36.29,0,72.846087638501,0.297488215458559,0.824214347071606,0.648938080170562,0.214105799653148
36.3,0,72.8103332668293,0.294841307911005,0.822672773231514,0.646701275524351,0.216540970624832
36.31,0,72.7747884347935,0.298783715373459,0.823550741533436,0.643488013355278,0.217625164418127
36.32,0,72.7394458043099,0.295311390019452,0.824962570168581,0.647106374905929,0.215494714904862
36.33,0,72.7042980812369,0.295491691684353,0.824635059234757,0.647944579153041,0.215561654667897
36.34,0,72.6693380195755,0.294075878542732,0.823259853239479,0.64718322291182,0.21478200952968
36.35,0,72.6345584256424,0.295741003807899,0.824185853421811,0.645697256332794,0.212706899359282
36.36,0,72.5999521622119,0.293851091715828,0.82471655079683,0.647113581423634,0.21612761146322
36.37,0,72.5655121526267,0.296060639503301,0.82379712434752,0.646716596908726,0.213053947057198
36.38,0,72.5312313848747,0.296440279873741,0.82205963803671,0.646995492504652,0.217748706452233
36.39,0,72.4971029156309,0.295397924002452,0.822023458901213,0.647036637706464,0.214595517941038
36.4,0,72.4631198742625,0.294172468137689,0.82253934934434,0.648539908240731,0.215374367772425
36.41,0,72.4292754667958,0.293258826270122,0.822308578797285,0.645703798176906,0.215325139165599
36.42,0,72.3955629798427,0.294856188847489,0.820312671923809,0.647380587395801,0.215821386813295
36.43,0,72.3619757844866,0.296613463584936,0.823385601678244,0.645239737709643,0.213382187847133
36.44,0,72.3285073401245,0.293917043718178,0.821106514666576,0.645956897364711,0.213993231167711
36.45,0,72.2951511982655,0.293145732860913,0.820051495261772,0.643948341630287,0.214520991764433
36.46,0,72.2619010062835,0.294744411828452,0.821018872339597,0.645960379287343,0.217588681213221
36.47,0,72.2287505111221,0.295594800629753,0.822201476212384,0.645699767274737,0.216932230642707
36.48,0,72.1956935629517,0.294562090753287,0.820606772474409,0.645186764091523,0.214172991003409
36.49,0,72.1627241187769,0.295764207753052,0.818728087445004,0.647616124238797,0.216078824414971
36.5,0,72.1298362459919,0.294645531004803,0.818597401290719,0.643831853883161,0.215293539599499
36.51,0,72.0970241258845,0.295573714276715,0.822021437953613,0.647042052689255,0.214124840224773
36.52,0,72.0642820570855,0.297628440563324,0.817274741860601,0.644219085403051,0.215998201544308
36.53,0,72.0316044589649,0.293576062691688,0.819335489156702,0.645649603116974,0.213787990286534
36.54,0,71.99898587497,0.294340961526432,0.821019188414442,0.645272169475213,0.216891242377966
36.55,0,71.9664209759082,0.294388579969165,0.816465247079982,0.644054912601607,0.214465317531207
36.56,0,71.9339045631702,0.29534381398115,0.817327108336166,0.643851853456737,0.212747528747444
36.57,0,71.9014315718952,0.293604100451656,0.818044019195409,0.641573164763742,0.214104516673379
36.58,0,71.8689970740742,0.293440285977238,0.817037551693794,0.6431771298036,0.216562411321977
36.59,0,71.8365962815932,0.295236346414684,0.817378726075466,0.646365000621478,0.217212996858729
36.6,0,71.8042245492131,0.29370120529636,0.819767001483568,0.642691541725068,0.214006134718157
36.61,0,71.7718773774864,0.294767918522266,0.817133852658113,0.644467855261657,0.214223329517674
36.62,0,71.7395504156099,0.296240846502934,0.81509116809253,0.645367665772593,0.214393458990272
36.63,0,71.7072394642113,0.291756933221436,0.816691098366755,0.644180234129063,0.21319735514057
36.64,0,71.6749404780702,0.296332476624277,0.814226556141346,0.644480007031925,0.217076568748917
36.65,0,71.7318896079523,0.294565012464724,0.817739682420635,0.645218890395248,0.215503521518618
36.66,0,71.7701364839757,0.295238613916361,0.816201503312424,0.646074125019852,0.216097857823722
36.67,0,71.7818369580381,0.29118688487381,0.815979933732278,0.645974673654387,0.215363360745639
36.68,0,71.7845327883244,0.296451899168709,0.815705905950827,0.642991895531986,0.213174641833311
36.69,0,71.7844034605591,0.295004991687339,0.817516922895172,0.645168634465847,0.214149227951986
36.7,0,71.7833837693228,0.295007741244437,0.81229900137431,0.644458363411971,0.215760082515483
36.71,0,71.7820624848291,0.295068627009726,0.815978828546693,0.644441489831753,0.216399365339758
36.72,0,71.7806122230491,0.29198453179933,0.813653033143377,0.646429803455443,0.215572410850031
36.73,0,71.7790778062156,0.291943965353251,0.814323070489402,0.643099663897754,0.215738428808784
36.74,0,71.7774652194999,0.293458830107495,0.814172855090697,0.643088665262057,0.21694581933823
36.75,0,71.7757690438828,0.293369284145508,0.814580563334642,0.644693523174375,0.216505774316293
36.76,0,71.773980922793,0.293998485391655,0.812329437680793,0.643666359050888,0.216556322652871
36.77,0,71.7720921802471,0.291452264260357,0.811316408604088,0.644492967686976,0.214651831980939
36.78,0,71.7700946345267,0.294468716037497,0.814808988581352,0.644702910739543,0.213037051328317
36.79,0,71.7679808546665,0.292286054104615,0.812370832713309,0.642297826533194,0.214825883976581
36.8,0,71.7657442446247,0.295976469326603,0.813036683265702,0.645131582946196,0.214877043185813
36.81,0,71.7633790739506,0.292674318706972,0.812191012244355,0.643243101978966,0.214379734407917
36.82,0,71.7608804916461,0.292315470963154,0.811338712519546,0.645468603010813,0.214495417261454
36.83,0,71.758244534557,0.294844654087749,0.812098663390868,0.643477061754986,0.214937298240751
36.84,0,71.7554681337966,0.292040813215764,0.809367303715154,0.644244531397973,0.216995769444425
36.85,0,71.7525491202835,0.292585777360357,0.813414418183296,0.645311826828601,0.214589942600832
36.86,0,71.7494862297226,0.293787892339176,0.812326703408303,0.641290448633229,0.21565861328184
36.87,0,71.7462791071325,0.293509966317081,0.809842688263438,0.644202483667466,0.215839377598206
36.88,0,71.7429283109488,0.292465591626044,0.811423357684997,0.64418408374909,0.214086023528192
36.89,0,71.7394353167091,0.292844209751094,0.80789148236175,0.644865669351496,0.215467834877693
36.9,0,71.7358025203223,0.290820300575244,0.810728128812263,0.643561466704947,0.214664333255694
36.91,0,71.732033240922,0.292005347016362,0.809222622132248,0.642958232474305,0.218407384825089
36.92,0,71.7281317233032,0.29339486067715,0.810688346431998,0.64380007548929,0.217373890486449
36.93,0,71.7241031399411,0.292542597456892,0.813243151913758,0.644565887828339,0.217249432826229
36.94,0,71.7199535925951,0.292035097140772,0.811353471036092,0.642391951718992,0.214391067711381
36.95,0,71.7156901134945,0.291536974976035,0.810469796689384,0.64570843908298,0.216247314612455
36.96,0,71.7113206661109,0.291653664224485,0.806170939469209,0.644240333719546,0.216488070809463
36.97,0,71.7068541455179,0.292893068161009,0.810850913335367,0.643428872416622,0.215744153759697
36.98,0,71.7023003783382,0.29175817134642,0.810196105795977,0.642699312304384,0.214898282626139
36.99,0,71.6976701222848,0.291272377344042,0.81092574269273,0.643329226145013,0.214278705104063
37,0,71.6929750652957,0.289515415671782,0.809495434540314,0.643860782080216,0.2135484485732
37.01,0,71.6882278242687,0.291666714482684,0.810358417733347,0.643883764307344,0.217057245983828
37.02,0,71.6834419433984,0.290319021807591,0.808785528880662,0.644025640860523,0.213734980630427
37.03,0,71.6786318921221,0.29144554194017,0.808984086159928,0.641717315626683,0.212303100565319
37.04,0,71.6738130626778,0.292789325798241,0.808653012887455,0.643287877169616,0.213407991049424
37.05,0,71.6690017672815,0.292993245329949,0.809368365522779,0.644068316286361,0.213860519501965
37.06,0,71.6642152349291,0.293615997458313,0.808162569618608,0.643189989275241,0.215790625682455
37.07,0,71.6594716078303,0.2919013625399,0.808944026701275,0.645592733385713,0.21535843300388
37.08,0,71.65478993748,0.291827935257254,0.80592427302465,0.646407620281179,0.214125647871189
37.09,0,71.6501901803765,0.293055287962642,0.809545124733949,0.643934360737456,0.21502994464174
37.1,0,71.6456931933933,0.290435763632272,0.807653715718383,0.64472491009354,0.215286581506465
37.11,0,71.6413207288127,0.291462432871391,0.80792720167847,0.64441376117074,0.210372674860239
37.12,0,71.6370954290302,0.290258803882578,0.809812244739783,0.645588909175931,0.212855308626023
37.13,0,71.6330408209394,0.291114648261954,0.80797141315012,0.643252270013805,0.212349753138169
37.14,0,71.6291813100052,0.288871876588519,0.807539722473253,0.64279936610199,0.214961856142987
37.15,0,71.6255421740369,0.290224349395657,0.806415604104245,0.645157541011978,0.213886501191687
37.16,0,71.6221495566694,0.292513512331736,0.807904882577638,0.646036949593025,0.214325743009202
37.17,0,71.6190304605656,0.291695568130479,0.808851000642926,0.644627839626437,0.215178496197674
37.18,0,71.616212740347,0.288076458168869,0.80873710926113,0.643521953743415,0.213436195453929
37.19,0,71.6137250952676,0.289400357983582,0.808255735412021,0.644017622725148,0.215374983143084
37.2,0,71.6115970616391,0.286290484159696,0.806572408414451,0.645154410367449,0.215592558328472
37.21,0,71.6098590050206,0.290283463578161,0.807426558227786,0.641614489035027,0.214033649868002
37.22,0,71.6085421121839,0.29067701392826,0.805220311754324,0.642547114956062,0.219946928643874
37.23,0,71.6076783828674,0.288314307468893,0.805835532104521,0.645396705095728,0.212302252960491
37.24,0,71.6073006213291,0.291759117186988,0.808196226067424,0.645801943149498,0.212790672602897
37.25,0,71.607442427712,0.290242121774047,0.807063848294845,0.644302839213171,0.217509298147873
37.26,0,71.6081381892345,0.288811304573262,0.805879833568275,0.645283724603771,0.212797125859883
37.27,0,71.6094230712179,0.289485281887185,0.805654246587915,0.646243254911191,0.214530484197685
37.28,0,71.6113330079641,0.294507982609809,0.807762015378139,0.646875009614191,0.21541813715169
37.29,0,71.6139046934956,0.289390371107312,0.812436543566054,0.645385951219026,0.217771894598731
37.3,0,71.6171755721719,0.28970712740879,0.808747273240163,0.64855617535678,0.215182971487358
37.31,0,71.6211838291937,0.289578522662429,0.806748553394735,0.64580138686957,0.216571050092769
37.32,0,71.6259683810088,0.287154077883199,0.805977521856067,0.642869827097415,0.215957682587797
37.33,0,71.6315688656326,0.286907100777038,0.805159296964021,0.645779761517705,0.21814767916726
37.34,0,71.6380256328954,0.28631091610804,0.806099259218393,0.646404102900772,0.213833563264598
37.35,0,71.6453797346304,0.287877821378985,0.8068889091226,0.646585302429908,0.216666995164542
37.36,0,71.6536729148135,0.288579702511442,0.809046680689843,0.646181795592543,0.216504992588315
37.37,0,71.6629475996708,0.288539565909794,0.805194526871362,0.648666766088635,0.216410806398808
37.38,0,71.6732468877619,0.286594928869327,0.807089921291578,0.645835215910843,0.215253538963246
37.39,0,71.684614540056,0.287018379909832,0.80827918859181,0.647918941339459,0.214952983628803
37.4,0,71.6970949700104,0.286692663004756,0.806696664424062,0.645038702422684,0.214133538062054
37.41,0,71.7107332336639,0.287301296433733,0.807137695487075,0.644760912223852,0.215189820306314
37.42,0,71.7255750197589,0.286687664704326,0.806436049502668,0.649233099892486,0.216396133221719
37.43,0,71.7416666399014,0.289910134399435,0.805946649203203,0.649891125048925,0.214855267058
37.44,0,71.7590550187728,0.284380362157355,0.807541256177046,0.648771469501263,0.214090446121724
37.45,0,71.7777876844038,0.287860413270817,0.809240697727553,0.647512681244171,0.215972231571714
37.46,0,71.797912758522,0.284804975867557,0.807514663596935,0.648704292134969,0.212642389238347
37.47,0,71.819478946983,0.286905903745106,0.805534060730531,0.647182602876356,0.213965023406038
37.48,0,71.8425355302977,0.285938771324453,0.808300415036509,0.647589178264471,0.215116011062801
37.49,0,71.8671323542642,0.286719643580597,0.804057509468929,0.648524980932654,0.214764756765047
37.5,0,71.8933198207147,0.287411438224539,0.807080221774481,0.647158837054173,0.2163816089756
37.51,0,71.9211488783883,0.286269082268017,0.806505178970013,0.64923199524901,0.215254289513074
37.52,0,71.9506710139373,0.284219298743933,0.802003219582296,0.648100863321789,0.216234190342244
37.53,0,71.9819382430772,0.287668305448422,0.807765701358925,0.646013176614411,0.215509879638338
37.54,0,72.0150031018885,0.284421672284528,0.806882089142726,0.650280867679219,0.215466693650364
37.55,0,72.0499186382784,0.283350367152912,0.80997426490974,0.650021990278697,0.21594428730585
37.56,0,72.0867384036115,0.284670434681054,0.807603059567767,0.647581883569191,0.213693514037886
37.57,0,72.1255164445145,0.285989267450281,0.804952531993163,0.648109256547984,0.216011550387539
37.58,0,72.1663072948641,0.283323370720313,0.805976942131138,0.649648039439164,0.215301337374509
37.59,0,72.2091659679643,0.285723599592038,0.807426204875282,0.651109580476863,0.215331641941142
37.6,0,72.2541479489188,0.285825058149978,0.807209422474029,0.650468294408954,0.215153824490089
37.61,0,72.3013091872036,0.283621123645819,0.804319561625257,0.651122679813807,0.21477194715311
37.62,0,72.3507060894472,0.285478127112888,0.810200527709489,0.651795231612886,0.215378543000325
37.63,0,72.4023955124209,0.283712256592476,0.809172657954113,0.648739579364652,0.215383785165338
37.64,0,72.456434756245,0.284286863354885,0.809153792672146,0.648249112232738,0.215339306993879
37.65,0,72.5128815578147,0.286594554488983,0.804012817142939,0.646152643106059,0.213948706014145
37.66,0,72.5717940844484,0.28355495735788,0.807653296118112,0.647975394227789,0.2142091800583
37.67,0,72.6332309277618,0.281837466330221,0.807680515047456,0.650983256905234,0.214011192701896
37.68,0,72.697251097771,0.282170911336609,0.80876365517675,0.648879795735252,0.214116733235037
37.69,0,72.7639140172248,0.281691223018817,0.808426227525202,0.651943182354906,0.216519561516992
37.7,0,72.8332795161699,0.282244939231933,0.808987060744294,0.650020374041435,0.213976865253072
37.71,0,72.9054078267476,0.281414462934284,0.806076916417219,0.647938473798697,0.215870599039568
37.72,0,72.9803595782259,0.279168959929877,0.806815170108532,0.652709520006896,0.214137679346654
37.73,0,73.0581957922625,0.285044648705327,0.808240089206433,0.652253967577068,0.214480492632868
37.74,0,73.1389778784026,0.279881982464986,0.80358184676825,0.64791947663632,0.213608977715742
37.75,0,73.2227676298074,0.280470794997793,0.806096806487199,0.649901462165057,0.213736105315625
37.76,0,73.3096272192146,0.281653371587221,0.807396133553396,0.649799984338156,0.214241819296884
37.77,0,73.3996191951254,0.280933745571201,0.807031212080733,0.650362622246734,0.214587078973972
37.78,0,73.4928064782199,0.281989519940374,0.808362174992728,0.653729708806285,0.214333579852114
37.79,0,73.5892523579944,0.280648661468694,0.806492693922556,0.652214000927054,0.214443855035283
37.8,0,73.6890204896182,0.280278780345483,0.807712784293764,0.650949986043505,0.218772881978009
37.81,0,73.7921748910083,0.282447903380104,0.809072447832682,0.652076202463967,0.214008763668624
37.82,0,73.8987799401136,0.279730386794934,0.806854678608701,0.650737479478896,0.216094490995043
37.83,0,74.008900372407,0.281214427677992,0.807223615441161,0.651141156991602,0.215677206289741
37.84,0,74.1226012785794,0.281711251766693,0.805831222704195,0.649383778212382,0.213052965880683
37.85,0,74.2399481024287,0.279164719572264,0.809617889624467,0.653215676311646,0.213385796915514
37.86,0,74.3610066389384,0.277382772768253,0.809448460399916,0.652052787830195,0.214114830523096
37.87,0,74.4858430325401,0.277871986185369,0.809883038961236,0.650253557861437,0.214660857285126
37.88,0,74.6145237755504,0.275677680517625,0.808680871320831,0.652475587830011,0.214887844753001
37.89,0,74.7471157067776,0.277934102209695,0.80794047680307,0.653144276582357,0.215387222665445
37.9,0,74.8836860102875,0.276932899895526,0.807026006904862,0.651142825222134,0.210964475145644
37.91,0,75.0243022143217,0.275598562255224,0.808388703011198,0.653640857989977,0.214992533608495
37.92,0,75.1690321903591,0.274238934676363,0.808817854487388,0.654347161094187,0.215195408863084
37.93,0,75.3179441523109,0.276667831066459,0.810047962963526,0.653655977619666,0.215766896813706
37.94,0,75.4711066558401,0.275955185677429,0.808552713062965,0.653477979379532,0.213727082129933
37.95,0,75.6285885977952,0.275831903128483,0.810061153117533,0.652339236587744,0.21573869038857
37.96,0,75.7904592157478,0.275168681809509,0.81095579380033,0.652709286695779,0.21407628251689
37.97,0,75.9567880876235,0.272484163950217,0.807713778937116,0.654540389912476,0.214698617660653
37.98,0,76.1276451314141,0.273049172905315,0.808293203992589,0.652840790055542,0.212285824405783
37.99,0,76.303100604961,0.273458502506422,0.808804218824211,0.653529993756138,0.215541216733275
38,0,76.4832251057968,0.273841722927777,0.808802059765992,0.651813977074311,0.216721803929972
38.01,0,76.6680895710333,0.272193939483991,0.809718190073166,0.655127076219508,0.214121665954116
38.02,0,76.8577652772845,0.268277251867131,0.81020114822836,0.652802079057778,0.215539080812131
38.03,0,77.0523238406086,0.270775489789176,0.809074943522953,0.653224685050492,0.214071199682071
38.04,0,77.2518372164606,0.269184718682182,0.811966034617836,0.65399584973849,0.21539155968865
38.05,0,77.4563776996375,0.269664062457618,0.807645844537291,0.654869140850621,0.217032919293038
38.06,0,77.666017924206,0.267924085334267,0.81162898570113,0.654432339607122,0.215282879674768
38.07,0,77.880830863396,0.267490246678599,0.812045932097246,0.651999865665226,0.216277086620406
38.08,0,78.1008898294476,0.267222538311494,0.811146985093575,0.654650146607826,0.212531408265769
38.09,0,78.3262684733964,0.268133955276689,0.812319305053933,0.658017343322454,0.215200122896171
38.1,0,78.5570407847825,0.267664008219694,0.813582490780053,0.655714610435254,0.213200647853635
38.11,0,78.7932810912679,0.26595656678084,0.813668938624152,0.655176025614177,0.21670937748402
38.12,0,79.0350640581479,0.266605097657634,0.810262962605965,0.654694337333435,0.215869415748621
38.13,0,79.2824646877407,0.266399596743784,0.809739735722185,0.65336534040129,0.216617862073476
38.14,0,79.53555831864,0.265504550084467,0.811878244416315,0.657486258790581,0.213589160574331
38.15,0,79.7944206248144,0.26557024043819,0.811340455610968,0.655781032554719,0.212200913921211
38.16,0,80.0591276145385,0.26329756996218,0.813547651910467,0.654895932885457,0.214918851225138
38.17,0,80.3297556291395,0.260868289204263,0.810951621459293,0.654973973767289,0.213947663159338
38.18,0,80.6063813415422,0.260955150504776,0.811555888393175,0.655210370456681,0.217100222561292
38.19,0,80.8890817545983,0.260023272336469,0.814983132501214,0.654176319776771,0.214980310724689
38.2,0,81.1779341991815,0.262083592492116,0.813809884449641,0.656087047569525,0.21627091806633
38.21,0,81.4730163320337,0.259116939051537,0.812677863171131,0.653360048670196,0.215381003846692
38.22,0,81.774406133344,0.259918769652092,0.815041040564974,0.65381681359579,0.21682103391106
38.23,0,82.082181904047,0.257773628096915,0.813800720486613,0.658481963361094,0.214118930722198
38.24,0,82.3964222628192,0.259743685468268,0.813998123935023,0.655018851569405,0.213549930596152
38.25,0,82.7172061427625,0.257400327483394,0.813085447883034,0.656331458623027,0.214196539344465
38.26,0,83.0446127877533,0.258714979365962,0.81654139835739,0.657135527532001,0.212313813798938
38.27,0,83.3787217484431,0.25752628826666,0.815038999748191,0.657458620549814,0.215539071470812
38.28,0,83.7196128778941,0.255212313525387,0.81481808876801,0.653830762361611,0.214577002141626
38.29,0,84.0673663268323,0.256843773482738,0.812557419653976,0.658077014467052,0.215821811285116
38.3,0,84.422062538502,0.254710369879846,0.814197400585623,0.657877480641997,0.213358675338836
38.31,0,84.783782243106,0.25405570663391,0.813832834206525,0.655463372551356,0.216744949471343
38.32,0,85.1526064518135,0.250086638503094,0.813415943500452,0.655580062453938,0.217440235194055
38.33,0,85.5286164503213,0.252398448311058,0.813644744939358,0.656407778610991,0.215786724110665
38.34,0,85.911893791952,0.252074083456464,0.813976314531301,0.657278557140864,0.213479170671831
38.35,0,86.3025202902713,0.251255141211959,0.817629809535761,0.655466015377287,0.217312371198865
38.36,0,86.7005780112123,0.248513202964228,0.815789261382183,0.653783609764965,0.213757830712585
38.37,0,87.1061492646867,0.248593660484931,0.815935983515667,0.656364530748144,0.216213931449472
38.38,0,87.5193165956724,0.251121481969363,0.81915301578959,0.657163584073916,0.215185401331136
38.39,0,87.9401627747576,0.246088763077945,0.816198634777125,0.655910679085319,0.215708848422406
38.4,0,88.3687707881313,0.247256636907568,0.814108179984972,0.656065302157315,0.212993546626065
38.41,0,88.8052238270012,0.246728418954075,0.817218721272546,0.658892353989412,0.21529682756276
38.42,0,89.2496052764272,0.245009683897699,0.818205325711533,0.65814148239959,0.215741537961626
38.43,0,89.7019987035569,0.242748823468622,0.817881212809546,0.658380888856423,0.215058669966801
38.44,0,90.1624878452471,0.244300479155326,0.817519075142404,0.656464561873864,0.214267031946299
38.45,0,90.6311565950608,0.242862110551223,0.819227978391423,0.658043984908435,0.215906386101905
38.46,0,91.1080889896239,0.239565047355923,0.819412952375387,0.657789374193435,0.215049997396266
38.47,0,91.5933691943316,0.23947194165049,0.821082666853023,0.654641581931896,0.214793947057949
38.48,0,92.0870814883908,0.239158109124092,0.82013578539994,0.656410037415327,0.21477884416337
38.49,0,92.5893102491877,0.239395497364164,0.8186172392283,0.654674887171683,0.21560535951111
38.5,0,93.1001399359689,0.236679357773683,0.820158187503556,0.656468234071528,0.21577853413847
38.51,0,93.6196550728251,0.235736631502525,0.819172172237859,0.660312924523541,0.212203163159012
38.52,0,94.1479402309682,0.234774556483874,0.821155126367426,0.657560396933073,0.215135216277887
38.53,0,94.6850800102916,0.235965401290199,0.819289576015048,0.656323831560891,0.216508635460847
38.54,0,95.231159020204,0.235287706799224,0.823303641361902,0.656526133289145,0.215155396460412
38.55,0,95.7862618597296,0.228691313629635,0.822172001372415,0.657606589130762,0.21470160197449
38.56,0,96.3504730968657,0.231990398973683,0.821335126925034,0.655182396865484,0.215039875422969
38.57,0,96.9238772471909,0.231625913447641,0.820770276922661,0.655407221528458,0.214485068891472
38.58,0,97.5065587517181,0.229943073261943,0.821232175887011,0.655044474699335,0.212571145610948
38.59,0,98.0986019539852,0.228866372371139,0.822044661229506,0.654100443478225,0.212629317210586
38.6,0,98.7000910763789,0.225376560345488,0.819882517385892,0.656355963962759,0.215533405874535
38.61,0,99.3111101956882,0.225653772108805,0.822409787726768,0.65465709949825,0.216545406621944
38.62,0,99.9317432178819,0.227008023252353,0.821772671965126,0.656472737768357,0.214114828126673
38.63,0,100.56207385211,0.226455703230024,0.822582667053632,0.653392872056441,0.215781288883843
38.64,0,101.202185583927,0.223875794178531,0.82607016811716,0.656204880138929,0.216795369693677
38.65,0,101.852161647727,0.22135254476738,0.824339194369903,0.655053177279704,0.212772095237046
38.66,0,102.512084998411,0.222084119859809,0.820920792508049,0.655962959985497,0.215173242024111
38.67,0,103.182038282262,0.220199878245093,0.824256809543071,0.65572040137055,0.215781389450714
38.68,0,103.862103807051,0.218929569125242,0.825377916131993,0.653528917852828,0.215254532019548
38.69,0,104.552363511359,0.218441020564099,0.825565357020473,0.655331713187505,0.214414212545944
38.7,0,105.252898933132,0.217013632917074,0.825852457327148,0.655791410019978,0.211552733967115
38.71,0,105.963791177468,0.215472865744263,0.824986587208623,0.653718668030608,0.21446797994105
38.72,0,106.68512088364,0.218913857809755,0.821979033349105,0.655016011270252,0.215800541032096
38.73,0,107.416968191364,0.212663958882822,0.824228284476978,0.655605958329328,0.216964943127734
38.74,0,108.159412706318,0.212564259064258,0.825760720359627,0.655781440088132,0.210913338304933
38.75,0,108.912533464927,0.212073139087799,0.827637688391294,0.655561718775409,0.214164580945104
38.76,0,109.676408898412,0.210586570722484,0.826052479438538,0.656077278398165,0.211831690703224
38.77,0,110.451116796121,0.209440090910743,0.828662840912727,0.652992124040911,0.215128135568408
38.78,0,111.236734268164,0.208050451127565,0.828571615981938,0.655667345344604,0.215072451967351
38.79,0,112.033337707342,0.206116473399689,0.827391987081834,0.654501139794994,0.214643352395425
38.8,0,112.841002750405,0.204742806499686,0.825585636810843,0.654148471328642,0.212373377186152
38.81,0,113.659804238648,0.201029426181138,0.827231336963614,0.655884916244665,0.217134170159044
38.82,0,114.489816177859,0.200326659805151,0.83101999560106,0.654373336733744,0.212917030685877
38.83,0,115.33111169764,0.200540897297327,0.82609688376668,0.65190274743689,0.215283341104591
38.84,0,116.18376301012,0.202532938947016,0.831866239441786,0.653655148704497,0.21720038749343
38.85,0,117.047841368085,0.197703266426522,0.828206838845728,0.653916280339446,0.215959143804359
38.86,0,117.923417022534,0.19389010739051,0.828855438114177,0.65593019785509,0.214576901229582
38.87,0,118.810559179703,0.197278970286017,0.830038132921362,0.654818899345705,0.214178770823284
38.88,0,119.709335957564,0.193788431064103,0.831952620895938,0.652853921470816,0.2117248374912
38.89,0,120.619814341834,0.195223929041521,0.830618951358685,0.652359558946762,0.216153166864947
38.9,0,121.542060141524,0.192533037326454,0.830924050587395,0.656292750746256,0.212339612127256
38.91,0,122.476137944047,0.189044661676593,0.831339101256862,0.654526275219238,0.213957024801452
38.92,0,123.422111069917,0.187837489471202,0.832066373103869,0.65328392624616,0.214732492327123
38.93,0,124.380041527082,0.189833726771589,0.833370068065452,0.656712337592294,0.216689656420173
38.94,0,125.349989964906,0.186135336496037,0.831209378227822,0.652152794027861,0.215292656093214
38.95,0,126.33201562784,0.185865407191872,0.835257943081832,0.655026506457916,0.214564190965872
38.96,0,127.326176308828,0.183630634995592,0.83514297059983,0.65529915590623,0.213796497020172
38.97,0,128.332528302463,0.183212560482965,0.834349083191203,0.653661084388818,0.215957328591431
38.98,0,129.35112635795,0.183640449939469,0.831974765183299,0.650757592768889,0.213441027680806
38.99,0,130.382023631903,0.182162035866799,0.83393897429832,0.651137218429669,0.21457046219569
39,0,131.425271641016,0.177444749867826,0.833180421732176,0.649606824613387,0.215061574226628
39.01,0,132.480920214664,0.178385220880669,0.836572669343689,0.655307436166687,0.21523204969065
39.02,0,133.549017447449,0.176404703331137,0.834167770907561,0.652408271249868,0.216240137901907
39.03,0,134.629609651761,0.17618739238146,0.835637293827918,0.654390921382921,0.214175859673562
39.04,0,135.722741310388,0.173197730184179,0.837517019243201,0.653457648899255,0.216162353836257
39.05,0,136.828455029212,0.173785813505254,0.832499502765887,0.651022692562515,0.215230573864293
39.06,0,137.946791490056,0.170358088973921,0.83635895762503,0.654372640709563,0.216769656173877
39.07,0,139.077789403711,0.168044216707074,0.838170796035558,0.653138760037761,0.215394799020914
39.08,0,140.221485463213,0.167795075080361,0.837413768900513,0.654143001932329,0.212653874180179
39.09,0,141.377914297395,0.165631309632072,0.839058886919025,0.652495465726147,0.214867912177557
39.1,0,142.547108424787,0.164640987179511,0.8342776514818,0.653800430312389,0.214218487936554
39.11,0,143.729098207901,0.164397085374272,0.838235715060169,0.652033596893014,0.216669902875965
39.12,0,144.923911807964,0.163030382569944,0.841177434042645,0.650650152727255,0.214679865249528
39.13,0,146.131575140144,0.160196161104819,0.839969097218753,0.650975941885384,0.215797139752497
39.14,0,147.352111829325,0.161511380723238,0.840483265982851,0.651496333564501,0.213587103425194
39.15,0,148.585543166496,0.160456185316329,0.840453982080604,0.650934086686324,0.21553623638868
39.16,0,149.83188806579,0.156560541277298,0.839313405491175,0.652609841981509,0.216082666400339
39.17,0,151.091163022245,0.155749780284545,0.841275074900666,0.647280108071904,0.217728006858911
39.18,0,152.363382070343,0.155507281386488,0.839644278278995,0.651486602468627,0.215548287356376
39.19,0,153.648556743373,0.151882078606562,0.84115934799195,0.65146059663841,0.214406134295066
39.2,0,154.946696033686,0.149741629668414,0.841347581683571,0.653614946722759,0.213804928987081
39.21,0,156.257806353891,0.150930763506097,0.840803930985737,0.651124984585211,0.216063126425229
39.22,0,157.581891499068,0.146239158662712,0.843181926447167,0.651740483682288,0.214240032933759
39.23,0,158.918952610025,0.14642094632662,0.84150662394519,0.648459967923129,0.213148049578133
39.24,0,160.268988137693,0.145613952355648,0.840863704662742,0.652061651033937,0.214560384527335
39.25,0,161.63199380869,0.144987514081819,0.84344842004989,0.650249013994573,0.216878773472438
39.26,0,163.007962592124,0.1432646226932,0.843719153661507,0.649413041651463,0.215766492498618
39.27,0,164.396884667699,0.140430528012919,0.844346376080565,0.650358154861401,0.21414150148624
39.28,0,165.798747395163,0.140022427279424,0.844230258429692,0.649852132430952,0.214974715894307
39.29,0,167.213535285184,0.140777112397704,0.845137935684515,0.652571488886195,0.216929907309173
39.3,0,168.641229971677,0.136650160587918,0.843990503042119,0.650490688946587,0.216479383941588
39.31,0,170.081810185674,0.136087299482289,0.845203486616055,0.650152258057793,0.218334610677876
39.32,0,171.535251730765,0.13484275890811,0.845601776870977,0.647009128777805,0.212845856467178
39.33,0,173.001527460188,0.135188620242773,0.84559203481718,0.652220363892639,0.214988753630038
39.34,0,174.480607255603,0.129334911918779,0.847096783576389,0.651223062155932,0.212611748221566
39.35,0,175.972458007621,0.133059439954105,0.850298762255507,0.649368280044005,0.216247446594307
39.36,0,177.477043598133,0.131072849607642,0.849733018358201,0.649505504036235,0.214882841588622
39.37,0,178.994324884494,0.129189774668325,0.850119118522994,0.64756124272031,0.217764643923911
39.38,0,180.524259685608,0.126872408852814,0.846977621952399,0.648626664111048,0.21835339833314
39.39,0,182.066802769977,0.124398911437048,0.848317493097497,0.649314333373706,0.215335644368594
39.4,0,183.621905845748,0.123053179582314,0.849347259407062,0.64815085491696,0.214851908429487
39.41,0,185.189517552814,0.12353122508337,0.851823130824847,0.648031613165117,0.211984444086236
39.42,0,186.769583457017,0.119821270115084,0.849026799539326,0.648124694867194,0.21733921742172
39.43,0,188.362046046489,0.118593789206254,0.848431847761956,0.648368358018082,0.216142168943614
39.44,0,189.96684473018,0.114561446842943,0.851513777664294,0.647447772751413,0.215341100051616
39.45,0,191.583915838622,0.11617393302252,0.851063444100446,0.648779972189146,0.213162279329081
39.46,0,193.213192626945,0.111129629572702,0.853122049507557,0.64514453307254,0.21466084296482
39.47,0,194.854605280211,0.113883717901761,0.851573903712986,0.646533891026266,0.21584667428274
39.48,0,196.50808092108,0.112850161684188,0.856080047052166,0.646630133891379,0.212965361063581
39.49,0,198.173543619855,0.111077331746977,0.854413352400422,0.647661515515106,0.214949305743091
39.5,0,199.850914406924,0.108185751601806,0.855775909307772,0.648692267494212,0.215967729532939
39.51,0,201.540111287651,0.108947082254029,0.851601778188883,0.645403410963154,0.214655401967199
39.52,0,203.241049259711,0.108181610505967,0.855270973780666,0.646756563667941,0.213428009293442
39.53,0,204.953640332923,0.104535102825985,0.857427357547393,0.644810332640367,0.214770029378385
39.54,0,206.677793551583,0.101771150907815,0.854842046794941,0.645404514789475,0.215638723123208
39.55,0,208.413415019334,0.100728368391798,0.854000588251187,0.645096913773766,0.215687163772234
39.56,0,210.160407926568,0.100524824849577,0.854576898366974,0.645934670112686,0.214384748882345
39.57,0,211.918672580395,0.0980713197050623,0.857250322360226,0.647623508833581,0.216891675326314
39.58,0,213.68810643718,0.0959315315403491,0.858521431136356,0.641085987158942,0.213575298232539
39.59,0,215.46860413766,0.094100134207082,0.857502887808829,0.648011194181369,0.214741793837083
39.6,0,217.260057544641,0.0951673478249369,0.859055298854727,0.646433139531878,0.213615941729719
39.61,0,219.06235578329,0.0932938510257429,0.859360508170551,0.643515976788689,0.215632499260314
39.62,0,220.875385284009,0.093940072561129,0.857789992396744,0.643679541372955,0.217829350037973
39.63,0,222.699029827902,0.0893233684384873,0.859404751088455,0.644288974908976,0.216496000306615
39.64,0,224.533170594811,0.0887446853453072,0.85955534649454,0.648878268188791,0.216922227466088
39.65,0,226.377686213932,0.0867151996908697,0.860531206811164,0.643410628353046,0.215990218274087
39.66,0,228.232452816988,0.0858035291955015,0.861523113149678,0.645439855471354,0.212359457492773
39.67,0,230.09734409394,0.0850450851929165,0.86042403434407,0.643213421319915,0.216176198413907
39.68,0,231.972231351233,0.0830388476482391,0.862868897853341,0.644549335314753,0.214301364024466
39.69,0,233.85698357254,0.0814747555419663,0.862308088097186,0.644246091370388,0.213308885569958
39.7,0,235.751467481991,0.0777150902686979,0.860873520638132,0.644650790506197,0.214142561989798
39.71,0,237.655547609846,0.0791320073312883,0.862067475592623,0.646566480365859,0.216214161835511
39.72,0,239.569086360604,0.0766639230450128,0.862586405088008,0.644620045410004,0.214837939455933
39.73,0,241.491944083489,0.0746279245241504,0.864581464397019,0.645700312224899,0.214887952626781
39.74,0,243.42397914529,0.0733758103760788,0.864930904934479,0.644483836676425,0.217654949164605
39.75,0,245.36504800552,0.0765420993386205,0.862901099190816,0.641859919235593,0.214838729359372
39.76,0,247.315005293829,0.0700728615481813,0.865907077110225,0.646097318202989,0.212377724900792
39.77,0,249.273703889655,0.071065924881979,0.864411958111732,0.643280038648486,0.216759371248698
39.78,0,251.240995004037,0.0697775731016091,0.864157083662119,0.64324882863683,0.213716755621672
39.79,0,253.216728263554,0.0678818995379885,0.866595801815278,0.6461265556583,0.214018173378926
39.8,0,255.20075179633,0.0673275043822562,0.869149862745075,0.646780535954251,0.215274405501085
39.81,0,257.192912320041,0.0656503125031181,0.86813215498037,0.644810624517575,0.21599848742603
39.82,0,259.193055231878,0.0658242558041719,0.868602747505628,0.645371837704652,0.213835287656238
39.83,0,261.201024700386,0.0620766060166816,0.869592823593919,0.644175454904708,0.215220323188705
39.84,0,263.216663759124,0.059035661199793,0.866024334164466,0.644773751317602,0.215916880041574
39.85,0,265.23981440207,0.0607805804418522,0.870475901760744,0.644236077286714,0.216383624059809
39.86,0,267.270317680699,0.0609539822075814,0.869719569963614,0.644113758931255,0.214698059654709
39.87,0,269.308013802676,0.0578404372795666,0.869118274993068,0.646692730130198,0.214844496853163
39.88,0,271.352742232054,0.0541580822239908,0.867175022067453,0.642331245061436,0.216258792620384
39.89,0,273.404341790938,0.0553643694883447,0.869827278903049,0.643168347655402,0.21404731852473
39.9,0,275.462650762497,0.0512289405548778,0.870464333899025,0.641838302486878,0.214314754649796
39.91,0,277.527506995273,0.052449653200649,0.871235226858159,0.643660269105625,0.214775192357206
39.92,0,279.59874800867,0.0523089427375639,0.870836608911407,0.64316244745256,0.215771194296328
39.93,0,281.676211099566,0.0501418812467218,0.874557659778934,0.643106497679446,0.214631334633187
39.94,0,283.759733449935,0.0487594978316077,0.872231886406933,0.643832645109221,0.216020604594615
39.95,0,285.8491522354,0.0479926188923112,0.871952706401753,0.64057780046953,0.214971712940511
39.96,0,287.944304734622,0.0449982379388091,0.872915140606805,0.639796902672744,0.213502666704731
39.97,0,290.045028439425,0.0468096164487175,0.873666043392193,0.642753620723802,0.215562695969925
39.98,0,292.151161165579,0.0437368634506772,0.871709468545327,0.643862814342739,0.216248630724052
39.99,0,294.262541164114,0.0409525047204598,0.872730689922298,0.643847667059622,0.213034573842365
40,0.2,296.379007233099,0.0405565525667133,0.875573507415759,0.642906054438856,0.215380328454765
40.01,0.2,298.500398829768,0.0366835475232382,0.87449243088951,0.64606339705524,0.215759882597354
40.02,0.2,300.626556182891,0.0371208722978286,0.8773077743438,0.643237452558767,0.215413006790139
40.03,0.2,302.757320405305,0.0375908084069037,0.878027145264641,0.646116126771174,0.215520953671976
40.04,0.2,304.892533606492,0.0378138589967255,0.87454738296774,0.642050969303706,0.215107395824834
40.05,0.2,307.032039005096,0.0366951972985185,0.877713575672916,0.643514492163646,0.212565430185896
40.06,0.2,309.175681041296,0.0337159268154573,0.879102534448259,0.646149282078417,0.215768547397035
40.07,0.2,311.323305488913,0.0333650565083033,0.87986117447373,0.644961949235524,0.215418442317678
40.08,0.2,313.474759567165,0.0309363746165477,0.878117130917236,0.643140691530125,0.215524106784203
40.09,0.2,315.629892051949,0.0295080953332943,0.880686604441128,0.641967879269871,0.218054769701404
40.1,0.2,317.788553386564,0.029257195099725,0.882142257869278,0.643497218919539,0.216752740595152
40.11,0.2,319.950595791768,0.0292418419749997,0.878720121767345,0.643041953924139,0.212694946978506
40.12,0.2,322.115873375059,0.024976446335247,0.880214836559644,0.644260192969903,0.214008022267089
40.13,0.2,324.284242239092,0.0237878956438326,0.881095535804607,0.640030161764989,0.214756887971368
40.14,0.2,326.455560589122,0.0216253237868571,0.882279113094063,0.643191969977497,0.214769856738572
40.15,0.2,328.616827742229,0.0239684966964095,0.880436124035424,0.644557783905019,0.215932915969601
40.16,0.2,330.666349468963,0.0240316564011362,0.884177830832828,0.646157182347987,0.212151403404266
40.17,0.2,332.644949638434,0.0229271794931198,0.882767261383962,0.64367865300685,0.213575147900259
40.18,0.2,334.599406860685,0.0213930348660676,0.884724693614762,0.644211550261192,0.215288955235564
40.19,0.2,336.412452266129,0.0203928683056487,0.883196769873288,0.643550841510065,0.214878038872888
40.2,0.2,337.987652207487,0.0185338928835516,0.884325355500829,0.642073895315626,0.215431987003734
40.21,0.2,339.467367534625,0.0170671611168445,0.88368937408186,0.644016848937254,0.213393743990466
40.22,0.2,340.743455420193,0.0148859776891284,0.883737021248814,0.645987398932988,0.215901996599432
40.23,0.2,341.035558964009,0.0189982118510781,0.885147657055152,0.645595664783323,0.2149383194672
40.24,0.2,341.305542258017,0.0181017883448342,0.884608515678551,0.64523446957491,0.219114153176582
40.25,0.2,341.573311726273,0.0182340437673663,0.885727937203565,0.643634738482195,0.212178973864098
40.26,0.2,341.838874258295,0.0150687727028389,0.885428989545653,0.644451960832283,0.215371143380557
40.27,0.2,342.102237369789,0.0176206835742583,0.88528796687335,0.64585807587959,0.215071683287919
40.28,0.2,340.979766894086,0.0178684680135346,0.889520441539421,0.64500543883269,0.21609515327298
40.29,0.2,336.869256592461,0.0211813398169958,0.886989608620268,0.642561419514786,0.214618136764552
40.3,0.2,334.315277269669,0.0226052162592654,0.889031701063679,0.643472020030234,0.214338804575344
40.31,0.2,332.389823258714,0.0235801314795914,0.888144850981909,0.646394941556842,0.216506785393834
40.32,0.2,330.661979355755,0.0246709828847454,0.889410399498364,0.644812867673862,0.214454993433544
40.33,0.2,328.994570600973,0.0256632778250671,0.887503838230549,0.644888799071318,0.216362706058038
40.34,0.2,327.346135513741,0.028085818976853,0.891975636610476,0.647596838553783,0.218051252171847
40.35,0.2,325.704316102969,0.0294276277281755,0.892131549623028,0.643791452046662,0.213518616216593
40.36,0.2,324.065494251092,0.0278050916520473,0.89053703394663,0.644238119767209,0.215658473344328
40.37,0.2,322.428668325486,0.0296259195168495,0.889225220145288,0.642556916650758,0.216771259453353
40.38,0.2,320.79361924802,0.0313699507072229,0.891525001391271,0.643968784630491,0.214483669928892
40.39,0.2,319.160362253222,0.0332557793824812,0.892548144268952,0.642211080670328,0.214114522328017
40.4,0.2,317.528983200501,0.0347758740469896,0.89311361449174,0.645271250368516,0.213835350195788
40.41,0.2,315.899589721465,0.03657851943806,0.893530717071616,0.645705962954439,0.215024246254878
40.42,0.2,314.272296606616,0.0353625667986896,0.893303774711622,0.647479352177149,0.21430091604791
40.43,0.2,312.647221385783,0.0379345065966779,0.893805965647313,0.646113232123916,0.214677054077187
40.44,0.2,311.024482939415,0.0389720203087732,0.894003962806224,0.644971765092885,0.216153818519696
40.45,0.2,309.404201010314,0.0367510014034926,0.895897545564885,0.644194633788875,0.215925354543792
40.46,0.2,307.786495983169,0.0388500005829458,0.893965530280693,0.645950929673216,0.214984273941326
40.47,0.2,306.171488744345,0.0419671561320243,0.893623336663733,0.643777034276934,0.21372688795106
40.48,0.2,304.559300566448,0.0427732374299627,0.893812479976609,0.645594878593573,0.214845191280988
40.49,0.2,302.95005300129,0.0461017394857534,0.895310654498755,0.645834116869178,0.218829737496966
40.5,0.2,301.343867776477,0.0457571940400442,0.894636459356867,0.645229887118459,0.215000604067873
40.51,0.2,299.740866694226,0.0456027761141817,0.896591715804661,0.645308961911159,0.215961160001313
40.52,0.2,298.141171532053,0.0447756165150654,0.896924988327176,0.644969927777614,0.215566657855827
40.53,0.2,296.544903945248,0.0502638860962927,0.896441695563268,0.648361979189001,0.214570687242621
40.54,0.2,294.95218537115,0.0525792775498545,0.897488816490917,0.647204813028032,0.216637623927799
40.55,0.2,293.363136935251,0.0508193420809615,0.897844235143459,0.648761073705775,0.215782838334018
40.56,0.2,291.777879359161,0.0508371096420678,0.897054350415818,0.648346292985757,0.215015943522928
40.57,0.2,290.196532870487,0.0565576346855942,0.901032583319891,0.646700842845085,0.213809348713724
40.58,0.2,288.619217114648,0.0564994290973232,0.898683869357809,0.647530614483584,0.213084434243254
40.59,0.2,287.046051068659,0.0547428035585909,0.900407497471871,0.647381424554052,0.214559453575488
40.6,0.2,285.477152956924,0.0564003669996911,0.900488648241909,0.646360355495208,0.21303357189268
40.61,0.2,283.912640169059,0.0572903100822148,0.900345829401202,0.647620369042739,0.215830340588923
40.62,0.2,282.352629179783,0.061292544863456,0.899567980969886,0.649608155135865,0.214691082561621
40.63,0.2,280.797235470884,0.0606849613578738,0.897825938075626,0.647757184036319,0.213198905381556
40.64,0.2,279.246573455295,0.0617263908958184,0.899986330936063,0.648459165606178,0.21504362825013
40.65,0.2,277.700756403298,0.0646866249853535,0.900217813903705,0.645076562705191,0.215230224902338
40.66,0.2,276.159896370871,0.0668193721192406,0.902013956556249,0.646296185358229,0.213749651707264
40.67,0.2,274.624104130195,0.0652339311903659,0.898126360634345,0.647877338462447,0.214904055838553
40.68,0.2,273.093489102327,0.0692132143645425,0.903009812329535,0.648069788806069,0.213679888904465
40.69,0.2,271.568159292067,0.0665258218393145,0.902159098897257,0.648895539723982,0.215285800252425
40.7,0.2,270.048221225005,0.0733482185412033,0.903488282997937,0.647414049272591,0.214710515623353
40.71,0.2,268.533779886769,0.0729147737208576,0.906144892368411,0.647512219122173,0.214214237681363
40.72,0.2,267.024938664479,0.070653831937347,0.906320030972299,0.64957961011918,0.215653921818852
40.73,0.2,265.521799290395,0.073833000467251,0.904822996534589,0.648259168782389,0.214747937948644
40.74,0.2,264.024461787777,0.0745036840389264,0.90822082820579,0.648321603712148,0.214091972194362
40.75,0.2,262.533024418941,0.0735460771247007,0.906819616937276,0.649634675744518,0.215026029238516
40.76,0.2,261.047583635511,0.0782627340332528,0.90638477003021,0.65299982902244,0.216652142211329
40.77,0.2,259.568234030865,0.079898109558246,0.903871212036585,0.647878452491519,0.215861193133789
40.78,0.2,258.095068294758,0.0783597335664087,0.905221661365704,0.649228434858816,0.216975713830471
40.79,0.2,256.628177170121,0.084550567133087,0.909290140494946,0.648305337574899,0.21635699956873
40.8,0.2,255.167649412021,0.082521332803382,0.90635198433719,0.648811970411435,0.214500405390238
40.81,0.2,253.713571748757,0.0831352738294071,0.910056598427088,0.647745638056177,0.214923571629303
40.82,0.2,252.266028845105,0.0855142720728986,0.912402457285071,0.647599275999183,0.215781826410217
40.83,0.2,250.825103267658,0.0870583780925567,0.91079301844897,0.650126082098241,0.214346352180072
40.84,0.2,249.390875452272,0.0855587328744687,0.910847917816995,0.650931123522184,0.21538436515631
40.85,0.2,247.963423673581,0.0871835584107633,0.911940821503359,0.650494632443419,0.216120896704051
40.86,0.2,246.542824016571,0.0911166600332016,0.907460137804185,0.648221378381326,0.214607806446882
40.87,0.2,245.129150350176,0.0889986636551835,0.913741077548893,0.650241837203279,0.214257580476929
40.88,0.2,243.722474302883,0.0921705076969682,0.910994246300711,0.646735284182718,0.216498048579698
40.89,0.2,242.322865240312,0.0928022906075839,0.911995335211501,0.651603361155028,0.214039459151155
40.9,0.2,240.930390244754,0.0929310121525961,0.913768806021185,0.651627614166572,0.214381178778093
40.91,0.2,239.545114096625,0.0918359625827453,0.91218870165259,0.651704721547132,0.211575024106352
40.92,0.2,238.167099257816,0.101240555597062,0.912919546462113,0.651345450210881,0.216360428259863
40.93,0.2,236.796405856904,0.0978585347936747,0.915642069645433,0.648901010153083,0.212478753816428
40.94,0.2,235.4330916762,0.10064484480788,0.914536477846484,0.652907922559534,0.215455481747143
40.95,0.2,234.077212140586,0.101783568517741,0.915871946363735,0.651919971929231,0.217237829416502
40.96,0.2,232.728820308124,0.103772669512917,0.915023443821879,0.653568252615533,0.214687800149923
40.97,0.2,231.387966862394,0.102633560056184,0.914023106787618,0.649504105589118,0.21673951065445
40.98,0.2,230.054700106524,0.104241360241263,0.915578382967905,0.648505541709085,0.214592113167102
40.99,0.2,228.729065958887,0.103624660129387,0.916750066546587,0.650785476121839,0.216365907939207
41,0.2,227.411107950411,0.108591957452092,0.917925903000543,0.650742621548317,0.216022837774345
41.01,0.2,226.100867223489,0.106532740038626,0.916075348322802,0.652865266929018,0.215179557809593
41.02,0.2,224.798382532429,0.108142132575705,0.916510030625701,0.651542314478973,0.217005208495143
41.03,0.2,223.503690245414,0.111917526691781,0.919027642543628,0.651084951055356,0.215021832919159
41.04,0.2,222.216824347945,0.110622610997697,0.91554884710907,0.65227252777516,0.214679891537669
41.05,0.2,220.937816447709,0.113125345296055,0.916377362248516,0.651969490631721,0.2154819600364
41.06,0.2,219.666695780851,0.1131736336939,0.917390134494985,0.650965618104855,0.214564172351632
41.07,0.2,218.403489219596,0.114963315711582,0.918145685668299,0.652312367658723,0.21623853617906
41.08,0.2,217.148221281195,0.116187816951682,0.920331867449575,0.652978601087768,0.217841616785632
41.09,0.2,215.900914138149,0.118203642507088,0.917260113954938,0.654972922038521,0.215076238987394
41.1,0.2,214.66158762967,0.118150443808192,0.917598640652223,0.656055456735515,0.211512867223273
41.11,0.2,213.430259274344,0.12011747020251,0.920200811987041,0.652994979088977,0.2148666353311
41.12,0.2,212.206944283961,0.119404846254394,0.922166206798099,0.653634794818604,0.213555531734099
41.13,0.2,210.991655578457,0.120974302762721,0.919684056033344,0.656337144617663,0.212990068815093
41.14,0.2,209.78440380195,0.124575673317368,0.920032153396824,0.652882146459779,0.21227552776163
41.15,0.2,208.585197339818,0.126864837144272,0.921044980006081,0.652887738561958,0.215559452032064
41.16,0.2,207.394042336782,0.126719752103169,0.921849209407277,0.654433208811833,0.211361141481926
41.17,0.2,206.21094271596,0.127633829028156,0.920687391007309,0.654885418768356,0.215654604235125
41.18,0.2,205.035900198851,0.129361086544811,0.922699215858167,0.650862095706693,0.214239669712126
41.19,0.2,203.868914326218,0.128096840518072,0.920233946050174,0.655516978494648,0.215680622787517
41.2,0.2,202.709982479819,0.129195598236299,0.918814562538487,0.657105100530603,0.212462820995209
41.21,0.2,201.559099904972,0.133437572875816,0.921104063122303,0.653131146551078,0.214953781293966
41.22,0.2,200.416259733888,0.131998617309468,0.922804356326741,0.652306112217914,0.215352981192885
41.23,0.2,199.28145300977,0.1343062863905,0.921895690352049,0.653077431469959,0.214941564956573
41.24,0.2,198.154668711616,0.137088584559158,0.923867757972569,0.654357040328983,0.217077102970728
41.25,0.2,197.035893779707,0.138402209326668,0.922817868671158,0.653427699704238,0.214734507915508
41.26,0.2,195.92511314174,0.140275453329941,0.924034438858218,0.655928692861047,0.215886866841685
41.27,0.2,194.822309739575,0.138066425137833,0.922949178404957,0.658159226415628,0.216181393234442
41.28,0.2,193.727464556562,0.141768095473919,0.924426989740042,0.654904268571836,0.215515256583327
41.29,0.2,192.64055664542,0.139888293954613,0.924185031275799,0.654463454161312,0.213725616301269
41.3,0.2,191.561563156634,0.142745631749184,0.924145468387888,0.653971853404308,0.215608817102951
41.31,0.2,190.490459367339,0.144791892891491,0.926266689266171,0.654966778364458,0.214554184719757
41.32,0.2,189.42721871066,0.143669053536335,0.925713048506555,0.655938900982165,0.216080913238065
41.33,0.2,188.371812805487,0.147285442145251,0.925617784515389,0.657530122453214,0.215810791732298
41.34,0.2,187.32421148665,0.14680929660825,0.927553455906252,0.655307407342315,0.217047608921063
41.35,0.2,186.284382835465,0.151239993721335,0.927738156353786,0.657343975597148,0.216962139035052
41.36,0.2,185.25229321063,0.149632160333479,0.926055650831819,0.65621748674924,0.21285654029802
41.37,0.2,184.227907279446,0.15075273165408,0.928471784552856,0.654960257143434,0.216965505546046
41.38,0.2,183.211188049327,0.152161484670878,0.925913328298846,0.655770041962886,0.215590055616393
41.39,0.2,182.202096899589,0.154023397742703,0.929609705641856,0.653629879177126,0.214292458724313
41.4,0.2,181.20059361349,0.15399000424247,0.929477818078159,0.655914030716433,0.214727493865584
41.41,0.2,180.206636410488,0.156598583386964,0.92691455851431,0.656654055484782,0.214635135719795
41.42,0.2,179.220181978709,0.157780251931402,0.929649392060905,0.658761000073513,0.214795159640146
41.43,0.2,178.241185507604,0.158507314497748,0.929639104917168,0.657524317440082,0.213537871741519
41.44,0.2,177.269600720758,0.159475040026372,0.928557723937867,0.658649930393962,0.215648627809759
41.45,0.2,176.305379908852,0.160934548817699,0.930562229119459,0.655689578343109,0.214584192582974
41.46,0.2,175.348473962745,0.161559531416928,0.928786147830876,0.656402489922955,0.217787586395247
41.47,0.2,174.398832406669,0.164942643794508,0.928640799115983,0.656136537635574,0.214903598410961
41.48,0.2,173.456403431509,0.166076441740861,0.930134369549812,0.652989955177392,0.216793438626549
41.49,0.2,172.521133928156,0.167313732653796,0.93000386864469,0.656478503462354,0.21492795975976
41.5,0.2,171.592969520927,0.168575981522858,0.929558257230717,0.654740122285159,0.216276291425737
41.51,0.2,170.671854601018,0.16605707490379,0.929054331834347,0.654825938513698,0.215549378288749
41.52,0.2,169.75773235999,0.168955631750568,0.929559631649639,0.656771742870657,0.214538251092656
41.53,0.2,168.850544823274,0.169354951873605,0.933094716078315,0.656958504588027,0.213903137247167
41.54,0.2,167.950232883674,0.170360687286224,0.930532456876265,0.656071252792123,0.214617362502079
41.55,0.2,167.056736334863,0.173733485626639,0.935162917811651,0.658855673452236,0.215997465825251
41.56,0.2,166.169993904858,0.177574894502043,0.932429414085036,0.654940224460483,0.215088239472475
41.57,0.2,165.289943289464,0.174742897741062,0.929905342278355,0.655627496103057,0.215916476789304
41.58,0.2,164.416521185675,0.173481457846839,0.932543051246916,0.659416339060835,0.214312004393189
41.59,0.2,163.592260310398,0.177395763884324,0.933069600673617,0.654144609711045,0.212390724221198
41.6,0.2,162.844123114805,0.179329993507637,0.931913434157771,0.657561944018792,0.210966707329891
41.61,0.2,162.124500199529,0.17753695651115,0.932006950893951,0.655466943701039,0.213804620231242
41.62,0.2,161.47077439547,0.180038932334777,0.936281998826623,0.654941052791119,0.213665774140766
41.63,0.2,161.293180701931,0.18212590839397,0.934638867687054,0.657419811318295,0.213694631551627
41.64,0.2,161.351402858269,0.181174793296373,0.936000130791704,0.656662741416047,0.215240137120242
41.65,0.2,161.417127669124,0.181360105408789,0.934511749454266,0.659204722879973,0.212724363734151
41.66,0.2,161.482901191542,0.180445636928782,0.935651737883428,0.655895345646435,0.217338362119344
41.67,0.2,161.548719984041,0.180565664489919,0.931879344383204,0.656291762011246,0.214143415285123
41.68,0.2,161.614580336386,0.180918210083753,0.932953518784544,0.657082080222723,0.215870887806304
41.69,0.2,161.680478270713,0.181496393207331,0.932668180513781,0.65587584964748,0.215315842651523
41.7,0.2,161.746409542771,0.181609839259765,0.935283193481451,0.655450838975219,0.214716743424341
41.71,0.2,161.812369643274,0.181276380641484,0.933709071026064,0.655709343673313,0.214091013830306
41.72,0.2,161.878353799376,0.179984768002909,0.934786588690444,0.655172290198383,0.213793043616003
41.73,0.2,161.944356976253,0.181930138424134,0.933967162072987,0.655557515302231,0.21507645677027
41.74,0.2,162.010373878799,0.180793389156345,0.934527103158964,0.657188442812623,0.214355955166812
41.75,0.2,162.076398953441,0.182915062330748,0.937559492123422,0.656512688440307,0.216631370508764
41.76,0.2,162.142426390051,0.180979112235997,0.936489389453129,0.65672979890127,0.215806082472287
41.77,0.2,162.208450123983,0.18216643161321,0.934419127755381,0.656622190399382,0.215509782576433
41.78,0.2,162.274463838209,0.181699113041678,0.935571967728234,0.655630540247227,0.216132928016235
41.79,0.2,162.340460965562,0.179484310157241,0.935230574858526,0.656755588360729,0.214954308909502
41.8,0.2,162.406434691089,0.18180991995824,0.93727862659972,0.653929030541314,0.21504857723226
41.81,0.2,162.47237795451,0.182462946208594,0.937652825579098,0.656897640123967,0.216205011824298
41.82,0.2,162.147359976814,0.179266791768496,0.939412021039724,0.660388427381007,0.214701706477045
41.83,0.2,161.553189323457,0.179998740149014,0.937952102615014,0.659205314144288,0.21534744897782
41.84,0.2,161.289092225279,0.183532362602453,0.938065308744009,0.65987933983079,0.215966635023283
41.85,0.2,161.154211949839,0.179917704465177,0.939071168078038,0.655821372728445,0.215937876223042
41.86,0.2,161.053400372922,0.184691899881309,0.93958750814312,0.654486358991725,0.214629517835706
41.87,0.2,161.042262697736,0.180601613409117,0.940998662392909,0.653533310872001,0.214662751816412
41.88,0.2,161.107041014659,0.180866380630838,0.937919555969784,0.654125146115275,0.219014092041841
41.89,0.2,161.171724952753,0.1825394653539,0.940738307105434,0.65715438916019,0.215939160438646
41.9,0.2,161.236305473211,0.183561151873552,0.939500420458286,0.659084838528808,0.21336538075214
41.91,0.2,161.300773324284,0.181919795499589,0.938904402379816,0.655367624843997,0.216527010059526
41.92,0.2,161.365119044744,0.182629048301892,0.940408028181529,0.6525227752027,0.214436380361253
41.93,0.2,161.429332967434,0.181743367847105,0.938377085525397,0.657621256164471,0.217574193737602
41.94,0.2,161.493405222899,0.18231635311868,0.939704319496338,0.655193446218251,0.213509441176537
41.95,0.2,161.55732574309,0.183320732835235,0.938477496115238,0.65595159541684,0.214931639176145
41.96,0.2,161.621084265158,0.180840335582195,0.938363302238747,0.653509466593875,0.214850206833063
41.97,0.2,161.684670335317,0.181483858628438,0.941419028391112,0.654234333089406,0.213532491003464
41.98,0.2,161.74807331278,0.182245178968896,0.939569884097043,0.65573393140775,0.214008592922953
41.99,0.2,161.811282373775,0.183182278365544,0.938442182732796,0.65498684160973,0.214876420798007
42,0.2,161.874286515619,0.183637178063332,0.941376738371153,0.654616417954701,0.217282008104349
42.01,0.2,161.937074560876,0.182843642320252,0.940991793713099,0.657400547155048,0.218561196597605
42.02,0.2,161.999635161565,0.18420347491808,0.938648265540789,0.655127851234312,0.21345214527561
42.03,0.2,162.061956803448,0.185426101797486,0.942996928722149,0.655924071655244,0.215214992292515
42.04,0.2,162.124027810363,0.185602505782295,0.938286413222721,0.653967645819246,0.217389158673548
42.05,0.2,162.185836348633,0.182016395708134,0.938450232203635,0.65295846324794,0.2155954224111
42.06,0.2,161.946218947885,0.181449524185812,0.940094274654179,0.654501784179511,0.215764443818943
42.07,0.2,161.649682081238,0.184496872155373,0.941806110544192,0.657032923812132,0.215772867825237
42.08,0.2,161.521501671201,0.182384268199632,0.944445578574111,0.65350486458139,0.214475008696414
42.09,0.2,161.518840671995,0.182573503630762,0.939868318447174,0.654102907992369,0.214749065594654
42.1,0.2,161.553376864541,0.186040436482452,0.940231296273568,0.656380166743205,0.214983630211541
42.11,0.2,161.599522876228,0.184592009004139,0.94214352308541,0.653134426263349,0.217024456637304
42.12,0.2,161.658801669337,0.185152658344583,0.942258255274024,0.65158750008018,0.214034931815117
42.13,0.2,161.717720319453,0.186974191675691,0.939927039532759,0.654964952335022,0.215995919834643
42.14,0.2,161.77626585849,0.185782194283832,0.939848665684106,0.653681121936221,0.215407936714113
42.15,0.2,161.834425208339,0.183600099854925,0.941032815799556,0.653224051377801,0.212890564535347
42.16,0.2,161.892185185765,0.183032114042519,0.941614768440288,0.653316327042143,0.213200000776326
42.17,0.2,161.949532507329,0.183281920064202,0.943595194883561,0.653560730873211,0.217803734371542
42.18,0.2,162.006453794349,0.183243511614672,0.942443036909686,0.654859041675861,0.214058209320233
42.19,0.2,162.062935577885,0.18182231492338,0.941786115915503,0.652790082006835,0.214748070408569
42.2,0.2,162.118964303757,0.183815394389515,0.94319919333407,0.652025989663808,0.214160887756782
42.21,0.2,162.174526337582,0.186423416797634,0.944896211395808,0.651977489367369,0.217074069062613
42.22,0.2,162.229607969844,0.186963066637114,0.943689763276948,0.650723977789669,0.212728602402069
42.23,0.2,162.200336253081,0.184158916777868,0.942491776898951,0.652918663636787,0.216377636925138
42.24,0.2,162.111824181151,0.184915004501514,0.943217587886873,0.650885094433825,0.214188889579259
42.25,0.2,162.061397675141,0.185554536682416,0.94247316379634,0.651131798979323,0.215352530647042
42.26,0.2,162.058460390782,0.184979414237995,0.942018130603475,0.653660838298578,0.214712236455296
42.27,0.2,162.077026151171,0.186142750214958,0.942436393901948,0.651438602530631,0.215101330742628
42.28,0.2,162.098917428461,0.185323070356377,0.94289472137098,0.654199303182801,0.215197995931113
42.29,0.2,162.129426645045,0.184976645325981,0.942630293034712,0.649011288288602,0.214036356495882
42.3,0.2,162.173850771528,0.184910025219984,0.94396373813424,0.649307018081977,0.216792456848908
42.31,0.2,162.220350345107,0.184656196558,0.94322349535246,0.65155681607352,0.215020201042556
42.32,0.2,162.263841163256,0.184598938451393,0.944134176498543,0.653293727798089,0.215875828761683
42.33,0.2,162.297166459676,0.184417278231161,0.941364519211206,0.652943236228481,0.212950856379214
42.34,0.2,162.323000752812,0.185557358387139,0.94343186020479,0.652872649053009,0.214700520696089
42.35,0.2,162.34396336888,0.18675709284398,0.944711287782863,0.649930423406732,0.214875136363653
42.36,0.2,162.361231264414,0.185055883196487,0.944224655037539,0.651007760787843,0.213564453652674
42.37,0.2,162.375219453699,0.183776806782081,0.943127760468346,0.653581896815579,0.214569965536664
42.38,0.2,162.385327386826,0.186417849646481,0.94457204139246,0.653677178022191,0.215507099430388
42.39,0.2,162.392631992053,0.185883047506844,0.944405601571669,0.646765383631875,0.217068433847428
42.4,0.2,162.407175636623,0.186206635198024,0.945668550066413,0.651910763340093,0.216190524729015
42.41,0.2,162.423731467889,0.184634102131395,0.944521222594413,0.64931763243204,0.212492123623766
42.42,0.2,162.437519323227,0.18536367013597,0.943389137205149,0.650607935297756,0.215617094597366
42.43,0.2,162.452660588109,0.186138082009555,0.94610342749156,0.647609653630147,0.215333659118087
42.44,0.2,162.472243373782,0.185518068752677,0.943496061636126,0.649412427909695,0.214075184135831
42.45,0.2,162.4899986351,0.184494445417464,0.943269578078442,0.649674700544632,0.215069524901508
42.46,0.2,162.504360534466,0.182800250341075,0.943461858664622,0.649657394111898,0.215570163320227
42.47,0.2,162.520152603083,0.184094133948558,0.942554660549737,0.65108533629806,0.213734773829885
42.48,0.2,162.534399498224,0.186220363953943,0.943216403163389,0.647506686387123,0.21449125808011
42.49,0.2,162.544467752723,0.187285140245942,0.945575472002622,0.64853858948519,0.216992043473051
42.5,0.2,162.553757439505,0.185076847013079,0.944188086517498,0.650681767239253,0.214493290426575
42.51,0.2,162.564661020318,0.183598752557444,0.940764346705948,0.647872749465991,0.215967334203188
42.52,0.2,162.572413138602,0.184128659910726,0.943768973617019,0.647725198438399,0.214423136406643
42.53,0.2,162.576410245588,0.186771912844436,0.943821643870175,0.648540420040515,0.214737373625133
42.54,0.2,162.584780374728,0.183681220790509,0.945138548446607,0.648583252357474,0.213103364961718
42.55,0.2,162.592979855106,0.186177441261056,0.941399839086061,0.64845936934199,0.216751181840882
42.56,0.2,162.596930630418,0.185621232466793,0.943806373043635,0.648950090516028,0.212386642461173
42.57,0.2,162.600608823779,0.186112421467707,0.945104846855972,0.649707061033668,0.213854464925926
42.58,0.2,162.606924614238,0.186939812888274,0.944001910665329,0.646058794818983,0.216014863035652
42.59,0.2,162.610016416996,0.188029515307116,0.941923609521463,0.647402010874484,0.215020137857343
42.6,0.2,162.60879989179,0.185627238170118,0.944564387290263,0.646944358191268,0.214515392774012
42.61,0.2,162.610570630619,0.185208968017577,0.943435201254995,0.645225824415421,0.214837875418605
42.62,0.2,162.611137260252,0.185690460152727,0.944743503137859,0.647714669494138,0.214746484321861
42.63,0.2,162.606764742425,0.18417402810569,0.943562584667387,0.646908649461236,0.216786491943325
42.64,0.2,162.602538282869,0.183160139294731,0.943097179161932,0.646403983989276,0.214379964361832
42.65,0.2,162.602026680273,0.185489190012103,0.941325929693747,0.646068172166666,0.212296196185779
42.66,0.2,162.598264341405,0.187345951002425,0.943118112355913,0.647969879117725,0.215623840525794
42.67,0.2,162.590135012452,0.187950221517814,0.943813535206443,0.646871811461348,0.216503534923881
42.68,0.2,162.587505449183,0.185999408870242,0.944956885494356,0.646606942816167,0.212787807994318
42.69,0.2,162.584815137266,0.185424976570339,0.943545446001982,0.646421914710661,0.215623570467056
42.7,0.2,162.577106759153,0.183170426583188,0.939341287385229,0.646618048969952,0.214423235188917
42.71,0.2,162.56913266394,0.1875188364121,0.94501298692169,0.6445968581618,0.215085218068379
42.72,0.2,162.564384248629,0.185634748154238,0.940158133565329,0.645844782197603,0.215545507525135
42.73,0.2,162.555885231577,0.185355666677494,0.942436915269342,0.64697100899805,0.215168637170709
42.74,0.2,162.542294616913,0.187568717652544,0.94195030595459,0.646449178409899,0.214819964804867
42.75,0.2,162.531752568064,0.185363422726198,0.940369624496993,0.645983488846785,0.213420668363177
42.76,0.2,162.51958297388,0.186233094421568,0.942677572446562,0.6481669583436,0.214025105272433
42.77,0.2,162.501636411166,0.186615563022911,0.941112418327334,0.645108532044539,0.215659068737463
42.78,0.2,162.482752976384,0.183716334665917,0.94300487281755,0.642669455460164,0.216050009561067
42.79,0.2,162.466392963494,0.182640155438347,0.941652541262992,0.647472700229143,0.215217727967257
42.8,0.2,162.445760638738,0.185753425245307,0.941945634917583,0.644332896199178,0.215529640909742
42.81,0.2,162.419891384266,0.184892613851385,0.939316182609037,0.643159121894702,0.214602464335439
42.82,0.2,162.399240521035,0.188152374837161,0.941112354046189,0.648313588852817,0.217051845905504
42.83,0.2,162.377981171882,0.18754286876973,0.943449850113991,0.644693950142657,0.215915238349208
42.84,0.2,162.350921926073,0.185635444806012,0.945967905323896,0.64566766963728,0.2140230701736
42.85,0.2,162.317245616112,0.183657681132326,0.941859488151493,0.644509730096046,0.214260308048517
42.86,0.2,162.276977304179,0.188446287411411,0.942908531663333,0.64464897253977,0.215048027469609
42.87,0.2,162.22927118276,0.184941322314684,0.941274370135092,0.646845900583522,0.213318683861982
42.88,0.2,162.173854529237,0.187091977214689,0.941358335414038,0.643905577034701,0.216653878086351
42.89,0.2,162.110953088627,0.186107899657278,0.942034731195159,0.645714384712808,0.214766455317009
42.9,0.2,162.04034416754,0.189386283388869,0.940456363490483,0.642917420777266,0.217684490652064
42.91,0.2,161.961835861145,0.186581229096406,0.94133042369287,0.644789870871622,0.212782950824054
42.92,0.2,161.875703441436,0.188454535217505,0.941049259576018,0.645272389533127,0.217790798641844
42.93,0.2,161.782126849915,0.187160254161474,0.942893145154994,0.645925828854659,0.211850128828483
42.94,0.2,161.68068825978,0.189272895291733,0.940132704824182,0.644464410402228,0.214169648287402
42.95,0.2,161.571329450404,0.187698362054891,0.940613277474575,0.643139411438289,0.214844773130576
42.96,0.2,161.454778520856,0.188248562493729,0.939581186942356,0.643398078869549,0.216188602787714
42.97,0.2,161.330609446158,0.186676673750443,0.942057555405873,0.646014520416596,0.215630777469849
42.98,0.2,161.19844317911,0.187668690883257,0.941682120599372,0.644828261943152,0.21389950543588
42.99,0.2,161.05881301469,0.188910617210618,0.940825879053302,0.645096125970051,0.213202928158947
43,0.2,160.912089169092,0.187537407899222,0.941737247971477,0.644473883812906,0.215134994075307
43.01,0.2,160.75754091693,0.187020768673999,0.940442375861212,0.643906385473695,0.214732076890814
43.02,0.2,160.595070947802,0.188750029260668,0.939785845615947,0.644574530733344,0.216023123243047
43.03,0.2,160.425841334601,0.188929275975439,0.939404318465989,0.641368195704571,0.216857186023448
43.04,0.2,160.249211414704,0.188761387541452,0.939431024793314,0.644827458503807,0.216119236019267
43.05,0.2,160.064614942082,0.187014580980725,0.93920678824619,0.640605890287451,0.214034679227958
43.06,0.2,159.872809965573,0.19010069838161,0.93929720892259,0.640760418252059,0.217269007734037
43.07,0.2,159.674335874545,0.191894649847765,0.939338935814012,0.645661210237057,0.210614178609857
43.08,0.2,159.468186572775,0.189106521165581,0.940447432265294,0.644827479902142,0.214096952266827
43.09,0.2,159.254234494409,0.186086374093936,0.938214255566143,0.643800942050928,0.215631623792911
43.1,0.2,159.034043999048,0.188241277779883,0.938210059789791,0.644435091251089,0.215982763263163
43.11,0.2,158.806778117123,0.189590147787472,0.938649489597236,0.643756934819368,0.216019486742367
43.12,0.2,158.571699528754,0.192481411537867,0.93803707223892,0.644937146759913,0.214522532473918
43.13,0.2,158.329797922881,0.190257079744277,0.940061522959896,0.644159602103321,0.215893791883205
43.14,0.2,158.081784064043,0.188979853402114,0.937943105491588,0.644395899106172,0.215994823519779
43.15,0.2,157.826373352099,0.188112609846052,0.937858039086797,0.641652236541216,0.215375751707884
43.16,0.2,157.563406801644,0.19033397913316,0.936416119935571,0.643024797181407,0.214569485653341
43.17,0.2,157.294852560968,0.191826649898868,0.937738052524394,0.64310137771662,0.215515436521058
43.18,0.2,157.019675302876,0.191709456672335,0.939543558095507,0.641031147325333,0.214008080544961
43.19,0.2,156.736964658905,0.192930066246758,0.936289926942562,0.645328182573871,0.214622922180121
43.2,0.2,156.447251560349,0.192910586141174,0.937521546081812,0.642433764859216,0.214006970683527
43.21,0.2,156.150987587467,0.194079096707869,0.938323238986555,0.642709486930441,0.214340711831402
43.22,0.2,155.847374553993,0.193466573132031,0.937999759334516,0.643649469697382,0.216165587855872
43.23,0.2,155.536328422646,0.19401610254389,0.939194893445556,0.644593504460735,0.215632459315386
43.24,0.2,155.219052261102,0.192215688387091,0.936083438350174,0.644568446146752,0.217673697649691
43.25,0.2,154.894959943073,0.194816777850709,0.937825723733347,0.642655756531408,0.212847048072526
43.26,0.2,154.563542061497,0.193344443955804,0.937414494815757,0.643349258971195,0.214422834501081
43.27,0.2,154.225538967231,0.19533656904854,0.935778434562306,0.64154558707258,0.215186336114179
43.28,0.2,153.881498183202,0.196988300973992,0.933382242822191,0.643711008428507,0.216299094779136
43.29,0.2,153.530549343648,0.196831279618792,0.935957202013371,0.645141050909443,0.213028027074355
43.3,0.2,153.172617753056,0.194539985759096,0.93551209678814,0.6437853454939,0.212151234528044
43.31,0.2,152.80910077091,0.198103906603809,0.935134486226485,0.643693648528013,0.213302479084913
43.32,0.2,152.439331702272,0.195701188220444,0.932725376265635,0.643734861530018,0.214840990096307
43.33,0.2,152.062730998718,0.196298042946078,0.932842440595509,0.645638020164985,0.212923596159627
43.34,0.2,151.702167336067,0.198535007755619,0.936470718079187,0.643262792490368,0.213940538268254
43.35,0.2,151.371983648699,0.19804460050342,0.935746042639383,0.646079358486208,0.214923650639119
43.36,0.2,151.046701243059,0.19921884226253,0.93507741143789,0.644199734538698,0.214687637309393
43.37,0.2,150.723163607366,0.196667976594347,0.93294797718008,0.64435040197559,0.213471430304296
43.38,0.2,150.443158728349,0.199434161277517,0.932725928629468,0.644294940578404,0.213622503487933
43.39,0.2,150.183770433369,0.198691144316071,0.932754188755371,0.642967201782631,0.216850094132433
43.4,0.2,149.924607444758,0.195701932837378,0.932702362042582,0.645284664518218,0.216092064040373
43.41,0.2,149.680981677943,0.201225071286188,0.932400661069607,0.645063906424548,0.216268755292935
43.42,0.2,149.464719500133,0.201848563591454,0.933248780447408,0.644736161600589,0.216129608454679
43.43,0.2,149.252350972818,0.202003591194259,0.935402970505129,0.644040178902223,0.213035581927298
43.44,0.2,149.038748460553,0.200369680537921,0.931186824306077,0.645591516568574,0.214378446927284
43.45,0.2,148.845721243379,0.199231792270593,0.932454217478421,0.644850954751137,0.215087505354062
43.46,0.2,148.660746001937,0.201868335838127,0.932109253521094,0.644439983603654,0.216433068124679
43.47,0.2,148.472764099059,0.19958800164215,0.934798825652475,0.644864006618057,0.215809653089014
43.48,0.2,148.281440921003,0.200289196845827,0.930989230019378,0.643618367875634,0.214557506235583
43.49,0.2,148.087800715431,0.19992242360985,0.930058227670708,0.645011414083965,0.215350684798111
43.5,0.2,147.888751781629,0.200514541685006,0.92797213822994,0.644750943227988,0.214568172807236
43.51,0.2,147.683256279533,0.200682175999705,0.929944229685738,0.649376213873955,0.215724231206552
43.52,0.2,147.471110989332,0.200080137444975,0.930530477300315,0.644638741185449,0.217154045612257
43.53,0.2,147.252329562872,0.202205579215697,0.929771938421134,0.643503006498724,0.215596652924399
43.54,0.2,147.026978618815,0.200786499560988,0.92981375105361,0.646792100240974,0.213610004625888
43.55,0.2,146.795138565131,0.201765845350267,0.930376744450249,0.64713478082072,0.214205784320003
43.56,0.2,146.556894439411,0.202453021890213,0.926846853858462,0.648289893681535,0.212729823602079
43.57,0.2,146.312333748497,0.203293072856948,0.930556697546485,0.643050288514987,0.216213195500303
43.58,0.2,146.061545926948,0.203347565240536,0.927496310115679,0.644089275328361,0.213017653355367
43.59,0.2,145.804622168853,0.201317548343366,0.927092401421655,0.645769359813937,0.213963929672
43.6,0.2,145.541655345333,0.202708773024568,0.928063425527922,0.644779972287449,0.216066668823575
43.61,0.2,145.272739941279,0.204090424873699,0.928513688810249,0.644849974974762,0.214168282200772
43.62,0.2,144.997971996027,0.202912665465699,0.92823126198019,0.646100262907474,0.213696471217615
43.63,0.2,144.71744904446,0.206326194020356,0.926488209505753,0.644892381413119,0.21454323474723
43.64,0.2,144.431270057771,0.204833784718415,0.927126306826633,0.647563806258443,0.213775716058631
43.65,0.2,144.139535383759,0.204214247875002,0.929395315809782,0.645094951785431,0.213290428758535
43.66,0.2,143.842346686672,0.203410478222367,0.924400195660836,0.649068840238316,0.213909615345213
43.67,0.2,143.53980688663,0.202580023500123,0.924782828519509,0.646891658010761,0.215049841893187
43.68,0.2,143.232020098709,0.204025190068524,0.925664399815094,0.645186697560182,0.214415272922411
43.69,0.2,142.919091571713,0.203022488817442,0.924878102231492,0.64588101770104,0.214439805182534
43.7,0.2,142.601127626717,0.206653660770956,0.926224127338077,0.646594967954466,0.212658602421855
43.71,0.2,142.27823559542,0.205343670209739,0.923650411450416,0.648656289866441,0.215330004310532
43.72,0.2,141.950523758375,0.208966665549822,0.92471603062843,0.647434102398699,0.213589655327798
43.73,0.2,141.61810128314,0.206305055343882,0.923696072736013,0.645673080634124,0.217514410667248
43.74,0.2,141.281078162422,0.206386825618803,0.923146631160145,0.647029618662192,0.212963847641202
43.75,0.2,140.939565152251,0.209206352259508,0.923920464655108,0.646355264267135,0.215398040371677
43.76,0.2,140.593673710246,0.207088923899547,0.919841135097689,0.646829861860668,0.216448557754205
43.77,0.2,140.243515934028,0.208588991862105,0.921610531416778,0.649729555942018,0.21633774672468
43.78,0.2,139.889204499829,0.206169576159948,0.920776392088688,0.649579555190797,0.218458666822927
43.79,0.2,139.530852601342,0.210246041965632,0.921333674001776,0.650117073798622,0.214648645487128
43.8,0.2,139.168573888875,0.209930008608778,0.920123371580718,0.648379419589667,0.215704936560341
43.81,0.2,138.802482408847,0.210625627345533,0.923139512411483,0.65057128906129,0.214795643425935
43.82,0.2,138.432692543678,0.211100211154316,0.919879449057149,0.646423453288643,0.215339263119879
43.83,0.2,138.059318952124,0.209191503571117,0.920998196985327,0.648215349067836,0.216250670703344
43.84,0.2,137.682476510091,0.210057332550827,0.922039406153607,0.650928767958884,0.214715688101481
43.85,0.2,137.302280251983,0.208937065746761,0.920491762350478,0.649071809298767,0.214740423662839
43.86,0.2,136.918845312627,0.209817866725105,0.921716840919555,0.646634590985886,0.215316231840109
43.87,0.2,136.532286869811,0.210149807425883,0.918379022841241,0.647599657586372,0.214387148942308
43.88,0.2,136.142720087471,0.209914607922258,0.917457007718771,0.647884400717274,0.214576180266347
43.89,0.2,135.750260059588,0.213550201508433,0.918130233291687,0.650931682403079,0.215615349098479
43.9,0.2,135.355021754802,0.212010491156032,0.916841292811427,0.646533349271,0.215604184004347
43.91,0.2,134.957119961807,0.212573781944052,0.919218948868267,0.647879374402696,0.217549881087271
43.92,0.2,134.556669235539,0.213102091958395,0.919420483931835,0.649114024192162,0.215774886591738
43.93,0.2,134.153783844212,0.214475708760861,0.915908449564203,0.64886770730591,0.213388298359273
43.94,0.2,133.74857771721,0.216139049192298,0.915410853968158,0.651364169490084,0.214835522539875
43.95,0.2,133.341164393892,0.215674679345252,0.91672917789876,0.650566568372683,0.214834503503415
43.96,0.2,132.93165697331,0.218336247164177,0.917528166230376,0.651076329055141,0.214096782395103
43.97,0.2,132.520168064893,0.215526430967974,0.918825934110698,0.651403086341184,0.21768246895642
43.98,0.2,132.106809740104,0.216161777709176,0.918167806078337,0.650648897087839,0.215810451056801
43.99,0.2,131.691693485108,0.215896076778026,0.91648255498187,0.64983165261303,0.216569793042184
44,0.2,131.274930154459,0.218201153124599,0.915005848437869,0.650125425486765,0.21419496449977
44.01,0.2,130.85662992584,0.219099973662921,0.915308096536907,0.650368583493916,0.215926635760927
44.02,0.2,130.436902255868,0.219586863780226,0.914343329569172,0.650268010992396,0.212856888875317
44.03,0.2,130.015855836986,0.217774608238221,0.914371844342789,0.649204668472841,0.216083891445738
44.04,0.2,129.593598555454,0.220219500709992,0.911745790730659,0.648836812263512,0.214466221673133
44.05,0.2,129.170237450456,0.218183038316808,0.911466825674252,0.652163877657124,0.215237679309736
44.06,0.2,128.745878674337,0.218251079893839,0.913964372740644,0.651391936960147,0.215751259121043
44.07,0.2,128.32062745398,0.220503977908832,0.913540023110043,0.649052979673481,0.212966311950244
44.08,0.2,127.894588053332,0.222681568619333,0.911113625841039,0.647968389845087,0.214284438454056
44.09,0.2,127.467863737098,0.218842019346078,0.911246405997252,0.651512750464757,0.217415473188056
44.1,0.2,127.040556735588,0.222099349810256,0.912032653366865,0.651054049958367,0.214024493304863
44.11,0.2,126.612768210752,0.223260532251754,0.91145436183812,0.652860183020629,0.213271250135588
44.12,0.2,126.184598223378,0.223878564232583,0.911468245748429,0.650808943198338,0.215349243080518
44.13,0.2,125.756145701481,0.224197263267206,0.91018861397245,0.651512174619454,0.215677452380804
44.14,0.2,125.327508409871,0.22443584190032,0.908892951994659,0.654185405377905,0.215274939745389
44.15,0.2,124.898782920897,0.22459837089313,0.909350973522662,0.654499380723211,0.213256413328307
44.16,0.2,124.470064586382,0.224689190220772,0.907768959822665,0.653489403549196,0.215055428277378
44.17,0.2,124.041447510731,0.226319300006756,0.909047079147549,0.652492796791489,0.216163206022597
44.18,0.2,123.613024525216,0.226572477575316,0.907211542047944,0.652218919032458,0.215123978028793
44.19,0.2,123.184887163434,0.225439184632563,0.908522928031082,0.652185749345008,0.212059297306577
44.2,0.2,122.757125637927,0.2267745186082,0.905111107990868,0.64973415081353,0.215616098842106
44.21,0.2,122.329828817963,0.226418250433851,0.908282170086774,0.652982260610453,0.215419120048903
44.22,0.2,121.903084208467,0.230183000912779,0.906375515149162,0.650270399471135,0.213032067990202
44.23,0.2,121.476977930091,0.228821091854855,0.906514874005303,0.652863104362996,0.215619278989841
44.24,0.2,121.051594700421,0.22963834679152,0.907331350532703,0.652459660217652,0.214460716643388
44.25,0.2,120.627017816298,0.232154426947606,0.908332864279697,0.653632875238972,0.214455229585232
44.26,0.2,120.203329137249,0.22978820921387,0.906224582310416,0.653084282277055,0.216099756727552
44.27,0.2,119.780609070019,0.227587830691666,0.906283424111209,0.653412059702549,0.217087883699332
44.28,0.2,119.358936554176,0.233596399953855,0.903310319322978,0.655002433032982,0.212829095733379
44.29,0.2,118.938389048792,0.232472990087171,0.903975190031998,0.653729685481824,0.216398303618395
44.3,0.2,118.51904252017,0.231023103486424,0.904516108193982,0.65436053506348,0.216415329047724
44.31,0.2,118.100971430608,0.233194349882265,0.904295742876231,0.654725894063434,0.215360526007758
44.32,0.2,117.684248728187,0.233131182253749,0.905047390597152,0.651977154519772,0.217371813377295
44.33,0.2,117.26894583756,0.232302315799953,0.903282573617429,0.653241442493233,0.216105405728254
44.34,0.2,116.855132651718,0.23204132654926,0.904423246104999,0.653784497789869,0.215970388197061
44.35,0.2,116.442877524733,0.236802570589671,0.9023893611764,0.654943655659882,0.216366853218298
44.36,0.2,116.032247265444,0.235758905107067,0.902379076318014,0.65522632056616,0.217455043279619
44.37,0.2,115.623307132065,0.238826980543465,0.902304325430182,0.65478464955933,0.213832162737219
44.38,0.2,115.216120827711,0.235298259631233,0.900967413022082,0.654904679019692,0.214187029027997
44.39,0.2,114.810750496803,0.236458822065636,0.901287315154499,0.654880387714716,0.217372883962855
44.4,0.2,114.407256722348,0.23648942570003,0.901571022814549,0.656930751420372,0.216686060704124
44.41,0.2,114.005698524058,0.236649449704656,0.897367586045219,0.654330202798366,0.213450910817308
44.42,0.2,113.606133357298,0.240092769769822,0.900526277616348,0.655646195874939,0.214987140896791
44.43,0.2,113.208617112839,0.236263946602528,0.89783887803277,0.65636214308725,0.213238640042835
44.44,0.2,112.813204117392,0.23898851342363,0.899152578463433,0.654501791879695,0.218054088288914
44.45,0.2,112.419947134899,0.240297133014973,0.899150050488904,0.655128834581173,0.214308323691782
44.46,0.2,112.028897368571,0.240486039132218,0.898075570816973,0.657392000035111,0.215667619561235
44.47,0.2,111.640104463635,0.240963914564263,0.898273556302537,0.654848605738984,0.213992103114532
44.48,0.2,111.253616510778,0.238935593927995,0.899678131351473,0.656205546788339,0.214316817173615
44.49,0.2,110.869480050269,0.240358419905437,0.898273859006542,0.655876907907688,0.215041673872388
44.5,0.2,110.487740076726,0.241155539319063,0.895694151805947,0.654492717714452,0.213979254375645
44.51,0.2,110.108440044514,0.244000748521471,0.894829384834621,0.654805087059887,0.21512414427688
44.52,0.2,109.73162187375,0.243430996771034,0.893653828045638,0.657086627298111,0.213259128051557
44.53,0.2,109.357325956896,0.244631820042777,0.895001900789768,0.658844821664395,0.214341180216778
44.54,0.2,108.985591165913,0.243045261113349,0.895190821842373,0.657322131457077,0.213619816629457
44.55,0.2,108.616454859959,0.24544246331752,0.89505043153009,0.655911518500194,0.21514795434486
44.56,0.2,108.249952893611,0.243663859580289,0.893611044250019,0.657935621134483,0.215111400226154
44.57,0.2,107.886119625579,0.24635818092543,0.893448692343714,0.655728640827935,0.215890071525575
44.58,0.2,107.524987927911,0.247762105548982,0.891881882659092,0.656602457452367,0.216034684558125
44.59,0.2,107.166589195649,0.247019569846563,0.892298620316961,0.653721420086074,0.216453560693002
44.6,0.2,106.81095335693,0.248159814135234,0.892833344313636,0.655420794024694,0.214671067467284
44.61,0.2,106.458108883497,0.247261882298135,0.891466887118558,0.658614850443317,0.213938003858454
44.62,0.2,106.108082801625,0.247542907725388,0.891470517894915,0.656562660203241,0.213505419469938
44.63,0.2,105.760900703407,0.25223216899094,0.891074655764656,0.655903461021971,0.213778691233712
44.64,0.2,105.416586758424,0.248911826820943,0.890468937129308,0.656886100375372,0.211381685440554
44.65,0.2,105.075163725738,0.248511999548314,0.891178788329165,0.654705330844604,0.213495596590395
44.66,0.2,104.736652966227,0.250993978610899,0.892507422292227,0.6558395137485,0.216643339369213
44.67,0.2,104.401074455215,0.248521382752494,0.887454418415053,0.655295964150495,0.215245954648739
44.68,0.2,104.068446795398,0.250980113380836,0.891481824633623,0.658726682132722,0.214494663992977
44.69,0.2,103.738787230047,0.249144808572373,0.889319918868625,0.653588739614963,0.21446187150469
44.7,0.2,103.412111656459,0.252945830421758,0.885580878799463,0.657665346618092,0.21477834653511
44.71,0.2,103.088434639663,0.250589038071527,0.886854562979166,0.658004626065094,0.216011404190167
44.72,0.2,102.767769426336,0.253448320845995,0.886155118703934,0.654552875795438,0.215249076716699
44.73,0.2,102.450127958945,0.251533833536945,0.885769987146683,0.65597769164752,0.212912907615907
44.74,0.2,102.135520890081,0.252971893336436,0.88421045821589,0.654995787334574,0.211008984313049
44.75,0.2,101.823957596969,0.252586757958707,0.885230910643115,0.656551785796739,0.215554765383962
44.76,0.2,101.515446196164,0.252883595700444,0.886097007696839,0.6592613225623,0.215314008749462
44.77,0.2,101.209993558386,0.255617778432469,0.884207278132527,0.65581648807849,0.215229247610575
44.78,0.2,100.907605323516,0.255967536324384,0.884252155659621,0.657542404663286,0.213638435497382
44.79,0.2,100.60828591571,0.256303405304882,0.882711825844428,0.656060102622595,0.214273071660115
44.8,0.2,100.31203855865,0.25639521710064,0.884384019113346,0.65362443256223,0.215040127537811
44.81,0.2,100.018865290892,0.256624730756268,0.885527600952816,0.657870190355636,0.21570274058078
44.82,0.2,99.7287669813231,0.25723843034731,0.88180023722785,0.655392158133818,0.215573959965035
44.83,0.2,99.4417433447073,0.256570789612205,0.883755455372056,0.658773687049576,0.218061051221318
44.84,0.2,99.1577929573129,0.255552868976347,0.882445820795658,0.65646035466365,0.216375315755534
44.85,0.2,98.8769132726127,0.256410744366146,0.882768718278978,0.653206805048829,0.213238182155773
44.86,0.2,98.5991006370487,0.257533185284527,0.881812675581144,0.658002611617173,0.215251611259365
44.87,0.2,98.3243503058549,0.25576778948732,0.881042052961214,0.657664994246461,0.219208840083378
44.88,0.2,98.0526564589294,0.255506676271172,0.881238173610278,0.656350250435856,0.214741122145447
44.89,0.2,97.7840122167492,0.260777079888463,0.882888826049005,0.655007077464002,0.213686077013644
44.9,0.2,97.5184096563233,0.259370939455493,0.877434126826445,0.658409186136943,0.216021551430363
44.91,0.2,97.255839827176,0.258582074726301,0.875976492362142,0.657992926456238,0.215132136591296
44.92,0.2,96.9962927673558,0.259397488418997,0.877937785673084,0.656214349164861,0.213683438036086
44.93,0.2,96.7397575194669,0.259799522550015,0.880791226665279,0.654715287867868,0.214214667516119
44.94,0.2,96.4862221467164,0.259598827320166,0.877422550324034,0.655706505114406,0.215792161951918
44.95,0.2,96.2356737489751,0.260107512916447,0.877707052045919,0.653929189122327,0.217014462268117
44.96,0.2,95.9880984788481,0.262175649505226,0.878404134817063,0.654130228210134,0.215697346716553
44.97,0.2,95.74348155775,0.262720729977848,0.87559251640332,0.654926344538695,0.216912625193622
44.98,0.2,95.501807291987,0.262726086414965,0.873432136728678,0.655425851471382,0.215196376963006
44.99,0.2,95.2630590888382,0.262163698509219,0.876143386011685,0.65632857019142,0.21318293726363
45,0,95.0272194726385,0.264859379714228,0.874043842320126,0.656408660686231,0.213137975875794
45.01,0,94.7942701008578,0.266737246082193,0.87395302588993,0.656176813751644,0.212008330506529
45.02,0,94.5641917801805,0.265200505077999,0.875040636337802,0.655990780760065,0.212420506036619
45.03,0,94.3369644825796,0.264072614487316,0.874752005034531,0.655752891544304,0.216229870614509
45.04,0,94.1125673613874,0.264988753753836,0.874131008103217,0.654746194267525,0.213697401532963
45.05,0,93.8909787673628,0.265265909032595,0.873520639344638,0.653997543328956,0.216592385686118
45.06,0,93.6721762647556,0.265779091168465,0.871976630299446,0.657367560604347,0.215568469060452
45.07,0,93.456136647367,0.263784732172642,0.871460073226827,0.656423958621503,0.21699852841522
45.08,0,93.242835954608,0.265740104481324,0.870438247628042,0.656411138367204,0.215409268196761
45.09,0,93.032249487558,0.26670733161342,0.867669600978104,0.650874290598383,0.215029241946896
45.1,0,92.824351825023,0.264845154580266,0.872112248475985,0.654750207227028,0.216059751018961
45.11,0,92.6191168395949,0.265980444172547,0.868857476830409,0.653949937411139,0.215275870466581
45.12,0,92.4165177137167,0.267945500020989,0.872295646885449,0.651648324224952,0.218240981419613
45.13,0,92.2165269557517,0.267296201026391,0.868412756152886,0.654038040807236,0.216839131828535
45.14,0,92.0191164160615,0.267784635406294,0.866770023655023,0.654123895071015,0.213426916350171
45.15,0,91.8242573030947,0.268198501253287,0.868091882505808,0.655560366610528,0.215716786105398
45.16,0,91.6319201994872,0.270468847981614,0.868935824064814,0.65541990899106,0.21588669126733
45.17,0,91.4420750781796,0.268339744812033,0.86710202889184,0.656663100931453,0.212625827577658
45.18,0,91.2546913185519,0.265725985386498,0.867315307636051,0.655399559185064,0.214956753871358
45.19,0,91.0697377225797,0.267451777347624,0.864491076273475,0.656164526626963,0.215215123547691
45.2,0,90.8871825310148,0.268789278606268,0.86678539024437,0.654176994219966,0.215747447488864
45.21,0,90.7069934395926,0.267640028901143,0.864806361981847,0.652912082975385,0.214908543069572
45.22,0,90.5291376152697,0.270036599012739,0.868957896617259,0.656120543441075,0.216259674401698
45.23,0,90.3535817124954,0.269291997101453,0.865642850249593,0.655065383499012,0.216091807779443
45.24,0,90.1802918895192,0.27076047879244,0.863352919193969,0.652338796289641,0.21316739425384
45.25,0,90.0092338247381,0.270532400514601,0.863723841956282,0.653422249988139,0.215559847059811
45.26,0,89.8403727330864,0.266441994769282,0.865587381260603,0.654703035589373,0.214129989968314
45.27,0,89.6736733824719,0.269010030937709,0.86273535773,0.653687004093726,0.214548224666784
45.28,0,89.5091001102602,0.268753957294112,0.862375894055468,0.650692842060593,0.214606698568037
45.29,0,89.3466168398114,0.271387367536544,0.861883924949743,0.656935424432495,0.215444672636673
45.3,0,89.1861870970708,0.269609728129124,0.860391139772606,0.654778819652282,0.214444045728518
45.31,0,89.0277740272179,0.270173066297331,0.861289793300448,0.653826651776823,0.215193328611985
45.32,0,88.8713404113748,0.272046242646056,0.860308569511535,0.653301771024273,0.217576332040307
45.33,0,88.7168486833777,0.269378059689652,0.860627706128328,0.652425509424144,0.215988456884191
45.34,0,88.5642609466131,0.270039651654892,0.857245730971405,0.650720985559021,0.216304262986951
45.35,0,88.4135389909218,0.270565686555094,0.859827204927384,0.652908288352998,0.215501677175098
45.36,0,88.2646443095721,0.273605962035107,0.86129323483218,0.651144353562781,0.212767199858648
45.37,0,88.1175381163033,0.272290049546177,0.856247203421708,0.648071694310742,0.215771426812076
45.38,0,87.9721813624439,0.272015129787477,0.85721109230956,0.651824260716004,0.216047387553935
45.39,0,87.8285347541028,0.272291437162934,0.857343860520881,0.652768914930934,0.215066828635252
45.4,0,87.6865587694364,0.273080825437541,0.857126291893145,0.655260997773791,0.213799416668009
45.41,0,87.5462136759926,0.276180315856876,0.860233751565478,0.651506776218825,0.21832283690068
45.42,0,87.4074595481322,0.272106298037724,0.856219006961914,0.651688507136516,0.212539561630667
45.43,0,87.2702562845278,0.275389778747184,0.856680233410782,0.651713880761096,0.214146870188155
45.44,0,87.134563625741,0.271586567382889,0.856478306948023,0.649550759852598,0.214123160469768
45.45,0,87.0003411718775,0.274465644056389,0.858873741679019,0.649405427422625,0.214997869045671
45.46,0,86.8675484003199,0.274164582567488,0.857305681998447,0.652419637205975,0.214095878305894
45.47,0,86.7361446835375,0.273243816740743,0.855941775093822,0.652046284182476,0.212844128496452
45.48,0,86.6060893069718,0.270795005896572,0.852815865772651,0.647551268097027,0.21839152388841
45.49,0,86.477341486997,0.273039944803401,0.854149006049746,0.652783177149175,0.21495626383863
45.5,0,86.3498603889538,0.274922967204306,0.854138191691415,0.652851328968211,0.214722764339403
45.51,0,86.2236051452531,0.2738445583967,0.852235961847744,0.652224252817678,0.215660954826363
45.52,0,86.0985348735498,0.274397650205505,0.853347031033164,0.651075202221892,0.21615889569205
45.53,0,85.9746086949827,0.273845417473846,0.854577707063536,0.65118208126787,0.215952805669846
45.54,0,85.8517857524763,0.275306707603548,0.851384630310049,0.649287066334879,0.216239171150751
45.55,0,85.7300252291032,0.276186665447644,0.852607786641892,0.648812751325976,0.213472506243862
45.56,0,85.6092863665035,0.274959385078322,0.84940013402311,0.650230760170486,0.213227783707405
45.57,0,85.4895284833545,0.27442203834637,0.852469111740184,0.649370161247185,0.216222504280407
45.58,0,85.3707109938887,0.276934255257955,0.848899235261289,0.648823142604551,0.215137114875023
45.59,0,85.252793426455,0.275441326405596,0.850090594713966,0.649882048833013,0.212882262042182
45.6,0,85.1357354421173,0.27807473007468,0.851470860584462,0.649482120826277,0.216036250049512
45.61,0,85.0194968532851,0.27634678771966,0.847691264332154,0.647732611466807,0.216448835424017
45.62,0,84.9040376423701,0.277134365357765,0.848716423995,0.6465870227585,0.215468579768705
45.63,0,84.7893179804627,0.277091847019135,0.848991593245047,0.651332804604735,0.212926425249453
45.64,0,84.6752982460232,0.274887273734821,0.847707080643208,0.649576973846981,0.21318821279616
45.65,0,84.5619390435779,0.278334815557354,0.847195362535156,0.649086477218656,0.217566082993689
45.66,0,84.4492012224144,0.277974524912322,0.846515358383463,0.646260732040462,0.216134747358198
45.67,0,84.3370458952702,0.2788833284284,0.844791111421958,0.647490031493243,0.214491486562201
45.68,0,84.225434457002,0.27697805319712,0.848872734221078,0.648252584077747,0.214494477765679
45.69,0,84.1143286032329,0.276227605005166,0.844658987244689,0.647835553687815,0.214860010249425
45.7,0,84.0036903489643,0.276927141383233,0.844107871533048,0.647453560518513,0.214249766356425
45.71,0,83.8934820471462,0.278922082062136,0.844568519337985,0.650347587926449,0.215156936606354
45.72,0,83.7836664071959,0.276549637703229,0.846328566056492,0.650828228383362,0.214491310592395
45.73,0,83.6742065134552,0.275880447327272,0.843772431920574,0.651728884195166,0.21556473033796
45.74,0,83.5650658435769,0.275347691544519,0.844182182998236,0.647189406560171,0.215220567155298
45.75,0,83.4562082868297,0.27812124057602,0.844484175465077,0.648264149906443,0.212726291220364
45.76,0,83.3475981623122,0.278478237553856,0.843984019917506,0.64708489212874,0.216341142136056
45.77,0,83.2392002370644,0.27909834301979,0.841057605881487,0.646447397849004,0.216605946458254
45.78,0,83.1309797440664,0.280771495555312,0.8428581750452,0.647810995698341,0.215532647364895
45.79,0,83.0229024001128,0.278283090342716,0.84324078045129,0.646597275795572,0.214384553191135
45.8,0,82.9149344235522,0.279652733588846,0.842195379123235,0.644791056339452,0.213900945214036
45.81,0,82.80704255188,0.278391590742858,0.843442603162741,0.647449475710826,0.216243734591265
45.82,0,82.6991940591719,0.279762314607553,0.84146683222076,0.64621571584306,0.217051173881142
45.83,0,82.5913567733485,0.279065823586047,0.841838691531491,0.647590704743501,0.215329600055406
45.84,0,82.483499093257,0.277966855995516,0.840901485130513,0.645614246140623,0.215956893410607
45.85,0,82.375590005559,0.278576806607337,0.838446987446707,0.64838916214924,0.216336134534432
45.86,0,82.2675991014118,0.280400396021125,0.838635363078645,0.644792462813181,0.217345531525217
45.87,0,82.1594965929314,0.280006137700351,0.838826008051733,0.646354784014811,0.215887616926408
45.88,0,82.0512533294244,0.281599900702177,0.838823368340408,0.647659957283903,0.21507591417156
45.89,0,81.9428408133776,0.278276850576332,0.839213037501828,0.645685863270333,0.212154176543086
45.9,0,81.8342312161907,0.280200407503368,0.836324594293779,0.64633048065566,0.217599074020489
45.91,0,81.7253973936422,0.279466737441052,0.837347722013915,0.645193124978107,0.212994435968504
45.92,0,81.6163129010751,0.278374904149028,0.836492003695986,0.645237998394939,0.213432210704478
45.93,0,81.5069520082889,0.281783569108405,0.838168529439929,0.64486123805644,0.2134332952695
45.94,0,81.3972897141283,0.28206914457459,0.836241773874934,0.643983485519384,0.21506593762814
45.95,0,81.2873017607544,0.280718340005963,0.838166046660827,0.646299075199427,0.214160519108568
45.96,0,81.176964647587,0.281092463829635,0.83886955074491,0.645245747034187,0.215117534330534
45.97,0,81.0662556449052,0.279214488042838,0.83473278801946,0.644116007282663,0.215465971695249
45.98,0,80.9551528070972,0.282225578090102,0.833489631964734,0.64562346525549,0.21459316133703
45.99,0,80.8436349855435,0.279647381526347,0.835317925253607,0.645008926897854,0.21685747727357
46,0,80.731681841127,0.279013373491619,0.838280045491523,0.644509333726293,0.217153324210864
46.01,0,80.6192738563531,0.279416152562162,0.834891743948408,0.645201968130769,0.216198292262379
46.02,0,80.5063923470752,0.285134473642187,0.833738486518161,0.644375441936242,0.213269531931916
46.03,0,80.3930194738092,0.282458948298731,0.833532578835828,0.646959800889025,0.21553968453968
46.04,0,80.2791382526296,0.282591434805848,0.832705206629889,0.644189760597627,0.21745619175557
46.05,0,80.1647325656375,0.282448004990151,0.833691275456042,0.647500126480317,0.215155113779018
46.06,0,80.0497871709883,0.280973172789125,0.832126989667692,0.643470381633023,0.214806369771153
46.07,0,79.9342877124712,0.282908111236602,0.832250023123468,0.645401331779133,0.216649986761979
46.08,0,79.8182207286319,0.283998405409616,0.832686759735924,0.64559510272707,0.214018483242131
46.09,0,79.7015736614276,0.283875428838797,0.832082490796136,0.646921797082368,0.215899089253472
46.1,0,79.5843348644087,0.282278535370111,0.832211427476794,0.644263184427957,0.2144319525714
46.11,0,79.4664936104172,0.283649111879788,0.82692315609542,0.64293239464913,0.214316935798488
46.12,0,79.3480400987948,0.283446142292189,0.83050978177686,0.643376862248876,0.214172156565473
46.13,0,79.2289654620942,0.283389119383913,0.831089931457421,0.645593058696663,0.217704937935392
46.14,0,79.1092617722865,0.283311823379703,0.828059242598801,0.644934908550979,0.216067775728496
46.15,0,78.9889220464586,0.283909266041124,0.830559537941701,0.642501419392999,0.214909481528966
46.16,0,78.8679402519949,0.285451306854205,0.828996503806344,0.643031782682578,0.214800682466338
46.17,0,78.7463113112395,0.286429834840266,0.829894511347806,0.644069380992701,0.215424619109368
46.18,0,78.6240311056313,0.282425723492821,0.829937015712037,0.644208624236375,0.21544001801138
46.19,0,78.5010964793118,0.281587398907932,0.829523377159607,0.643228722457351,0.213486255397205
46.2,0,78.3775052421989,0.285577965408554,0.827875429340853,0.641954775173477,0.215013030329304
46.21,0,78.2532561725255,0.282816850450284,0.828001821787615,0.642532972755341,0.214255934966548
46.22,0,78.1283490188401,0.281592018368319,0.829504289611654,0.64506216829264,0.213221310012721
46.23,0,78.0027845014672,0.283935905154292,0.826636744112637,0.646240791865318,0.214225937659659
46.24,0,77.8765643134274,0.285880875356243,0.826314449723693,0.643105214200138,0.216495725284501
46.25,0,77.7496911208147,0.283264180134148,0.826043915171962,0.642396464104374,0.216984859584959
46.26,0,77.6221685626328,0.287171560018811,0.827112117459859,0.642488208347982,0.215328110242957
46.27,0,77.4940012500907,0.287063415341304,0.827802457054167,0.643835679900635,0.21595088542252
46.28,0,77.365194765357,0.288018561217195,0.824030031401,0.642041270629105,0.215156879292447
46.29,0,77.2357556597775,0.287588914895584,0.826427370935304,0.642518900928922,0.215203665729221
46.3,0,77.1056914515559,0.28715694223223,0.825554632764968,0.644853575599315,0.217779768538117
46.31,0,76.9750106229023,0.287295390454728,0.826013704131839,0.643104222445931,0.21560308744389
46.32,0,76.8437226166524,0.288037141604346,0.826019969203084,0.642962490549871,0.216126914601715
46.33,0,76.7118378323618,0.28589867167117,0.826237901251145,0.64412804452629,0.213959147777467
46.34,0,76.5793676218799,0.287098689639326,0.823009597811918,0.645630120282825,0.213834701753453
46.35,0,76.4463242844094,0.28833771629099,0.823833334107421,0.642817826143532,0.213818798565671
46.36,0,76.312721061057,0.285750478057574,0.821835342070729,0.642740855681442,0.21572618946621
46.37,0,76.1785721288815,0.285090922066623,0.823610098941844,0.64203994203991,0.216444767268371
46.38,0,76.0438925944483,0.285524949761435,0.822369917798802,0.643186764021824,0.218006723863281
46.39,0,75.908698486895,0.285095461521627,0.821890949859694,0.642853800233872,0.215329252291401
46.4,0,75.7730067505192,0.286926575795661,0.821354485272937,0.645348703683136,0.212984975762798
46.41,0,75.6368352368963,0.287049929378314,0.82297253034207,0.645846826803503,0.216430471286112
46.42,0,75.5002026965363,0.287085496728306,0.823653492515309,0.642140146682104,0.213487414307776
46.43,0,75.3631287700899,0.287506951966452,0.820883300720377,0.643222067665755,0.214096869353033
46.44,0,75.2256339791149,0.290152033811626,0.820661492701883,0.644839686889781,0.21504475020345
46.45,0,75.0877397164128,0.288745977880256,0.819855754624795,0.642763768551713,0.213890772569704
46.46,0,74.9494682359478,0.289429583138343,0.821589832692141,0.644468747942409,0.214398337281569
46.47,0,74.81084264236,0.293295370227535,0.820713961035785,0.643495187033168,0.216652946816289
46.48,0,74.671886880085,0.289748525867843,0.818238571645854,0.644595899290464,0.218029456223937
46.49,0,74.5326257220919,0.289863694787078,0.819017792224946,0.645297276276812,0.215148434414139
46.5,0,74.3930847582556,0.287495636808931,0.818481588850581,0.642666556832857,0.212386851938874
46.51,0,74.2532903833731,0.288945604483174,0.820322304584778,0.641376619167295,0.216841690430562
46.52,0,74.1132697848411,0.291957313991757,0.820298588139812,0.645070069843204,0.213491058600722
46.53,0,73.9730509300072,0.287311348789774,0.819246595305437,0.644425173250352,0.214172157804254
46.54,0,73.8326625532112,0.288231251414608,0.818009991653301,0.645994801316946,0.213596662650745
46.55,0,73.6921341425292,0.289426238927051,0.816183180942721,0.645368469908243,0.213967271129186
46.56,0,73.5514959262376,0.291729889851494,0.816766389219949,0.642455062147683,0.21500875765706
46.57,0,73.4107788590122,0.29243070000144,0.815635169472366,0.643701839099677,0.212905089528063
46.58,0,73.2700146078773,0.289992093704546,0.816472299746848,0.646620840988782,0.21597145599013
46.59,0,73.1292355379219,0.292485758303585,0.818619425060174,0.642777699538119,0.215134361078746
46.6,0,72.9884746977992,0.292843720804816,0.813299774842827,0.644502156813359,0.215580971881959
46.61,0,72.8477658050243,0.291410551960727,0.814847555225539,0.643334410193235,0.211795037715913
46.62,0,72.7071432310885,0.294201125853912,0.820481040283978,0.645497524597425,0.215198117200371
46.63,0,72.566641986406,0.292899214742152,0.812467207960812,0.644172466742185,0.21318263681526
46.64,0,72.4262977051099,0.291255460349682,0.816310181274335,0.646184720213068,0.215105688522623
46.65,0,72.286146629714,0.293489635393702,0.816200610763816,0.645863167466793,0.213465108904543
46.66,0,72.1462255956579,0.292717556390236,0.816193126389852,0.648210071331583,0.212604287515743
46.67,0,72.006572015752,0.292522344373163,0.814047552169805,0.644558554435214,0.216832800951991
46.68,0,71.8672238645393,0.296330589154544,0.816201045383424,0.642710306701039,0.212703505338047
46.69,0,71.7282196625907,0.294394540017591,0.812437115026615,0.64726792530679,0.214816411343413
46.7,0,71.5895984607516,0.292484035082784,0.818080199065709,0.64428823347748,0.213312666809949
46.71,0,71.4513998243553,0.29666285847132,0.815706012373281,0.648205981314385,0.21283865799379
46.72,0,71.313663817421,0.293025579411371,0.813678184853113,0.646478313121961,0.21647510088101
46.73,0,71.176430986852,0.296251672379076,0.814574251124653,0.645302916438337,0.21329376729898
46.74,0,71.0397423466512,0.293078175708507,0.812541991058905,0.646773696755223,0.21504945062011
46.75,0,70.9036393621706,0.294529698651369,0.814107075715373,0.646901680281163,0.216089603482328
46.76,0,70.7681639344092,0.295377046595757,0.814325918228944,0.646332404033306,0.21292726604143
46.77,0,70.6333583843772,0.29464924192323,0.813592781538503,0.646517334027117,0.216130278187388
46.78,0,70.4992654375407,0.295375503658975,0.813332475657261,0.644687818443032,0.215157634856896
46.79,0,70.3659282083631,0.296366369027602,0.814115795508228,0.647312488898562,0.215183213187349
46.8,0,70.2333901849579,0.296630418792409,0.813833303599397,0.646374089358611,0.217391143132897
46.81,0,70.1016952138678,0.295714568984568,0.810789357626836,0.64620306544047,0.21495299626292
46.82,0,69.9708874849847,0.298544842131777,0.813380628377573,0.647744046202071,0.212803212467182
46.83,0,69.8410115166252,0.295692653696265,0.813272687362985,0.645490572579393,0.216086936065142
46.84,0,69.7121121407742,0.299385552599471,0.813499248737621,0.649855596270995,0.21517222729974
46.85,0,69.5842344885117,0.296204926607174,0.809887609352008,0.646567751127352,0.216404008738558
46.86,0,69.4574239756349,0.294362170291284,0.809635723533433,0.646498942401737,0.215687892547245
46.87,0,69.331726288488,0.293646596893921,0.80985701335967,0.644229770248011,0.215612115914842
46.88,0,69.2071873700131,0.296353350625784,0.809206872827976,0.647612323580349,0.218359364408949
46.89,0,69.0838534060336,0.299189868343907,0.812402757486494,0.649695414937078,0.214710621439191
46.9,0,68.9617708117803,0.29867329905036,0.810652206326219,0.645275491430025,0.214659912899534
46.91,0,68.8409862186737,0.297122617210391,0.811378703474254,0.646017245692776,0.213423414156871
46.92,0,68.7215464613707,0.298489555689345,0.809925180946116,0.648470207746835,0.2149380019281
46.93,0,68.6034985650864,0.297852584121988,0.812540341695705,0.645454165063953,0.216071260583821
46.94,0,68.4868897332017,0.300359594650961,0.810999486647,0.645344387185051,0.21561400340062
46.95,0,68.3717673351636,0.299175684834807,0.808981618167791,0.649539185063801,0.214817175561372
46.96,0,68.2581788946894,0.297892941636582,0.814025684583788,0.646546389484847,0.216253603035946
46.97,0,68.1461720782804,0.297541468575261,0.809455518580153,0.647692543995083,0.215867155977368
46.98,0,68.0357946840531,0.296708194279216,0.810619807598385,0.648328393671395,0.214730553290437
46.99,0,67.9270946308972,0.300072841850784,0.807471510904478,0.647423598335321,0.216740890916768
47,0,67.8201199479638,0.299932971740719,0.809019258586046,0.649260485265557,0.215685563376335
47.01,0,67.7149187644913,0.298340445316003,0.810334127802985,0.645229952005359,0.214660085260662
47.02,0,67.6116486436245,0.297146997008545,0.807639429448947,0.64942087566166,0.21497557653105
47.03,0,67.5116083215647,0.300059780971455,0.809664593429802,0.648750004790069,0.215145531524543
47.04,0,67.4143548603983,0.29883355443034,0.809915525630001,0.647764183755511,0.216679857927267
47.05,0,67.3192791613389,0.302184298499622,0.80947904791802,0.646122919747696,0.214899385949425
47.06,0,67.2262116382965,0.300066578368864,0.80867627522595,0.647953907948346,0.213762129915304
47.07,0,67.1351361514769,0.299018344262978,0.809262407599465,0.651254423742948,0.215698497878411
47.08,0,67.0460816915521,0.30056653877539,0.807393802436389,0.64907948750374,0.214614200526249
47.09,0,66.9590901646271,0.301820291867114,0.80781771782528,0.649997069568923,0.214397025913774
47.1,0,66.8742071669152,0.301761071180223,0.807260341084192,0.649087363762405,0.216113089276062
47.11,0,66.7914793565599,0.302679857071427,0.80763602843242,0.64938574403419,0.216002675025397
47.12,0,66.7109537019117,0.302555761829096,0.809311743138719,0.650526812612896,0.21749857526204
47.13,0,66.6326772631436,0.29990371013925,0.805898749566792,0.649011177342085,0.213953843612777
47.14,0,66.5566971257009,0.301754739194479,0.809841638712454,0.650567813054858,0.216192073828687
47.15,0,66.4830603771705,0.303719132063721,0.807022940701062,0.652254482206683,0.214899537490707
47.16,0,66.4118140967432,0.300502050995881,0.809805230756191,0.652812578070159,0.215080831360698
47.17,0,66.3430053484905,0.299715608662556,0.807880033359416,0.653406350234365,0.21561839802675
47.18,0,66.2766811759568,0.303959933164474,0.80703003200173,0.649933858165298,0.216439835188969
47.19,0,66.2128885973485,0.302190888085275,0.811082698437443,0.647855555105983,0.213025941441676
47.2,0,66.151674601117,0.302432484190506,0.80883192814407,0.652451084823946,0.216663154345593
47.21,0,66.0930861418711,0.304257312410487,0.807625462347947,0.650550088964176,0.212300439423455
47.22,0,66.0371701366005,0.29988125457462,0.805978142245247,0.651647964729017,0.21443748979327
47.23,0,65.9839734611994,0.302366326960214,0.806593799237636,0.652246663049507,0.214135150355532
47.24,0,65.9335429472858,0.302306170144189,0.809336484178138,0.650318083142469,0.214510059928154
47.25,0,65.8859253793097,0.301538762352381,0.808824956274533,0.654008421809156,0.212164187097341
47.26,0,65.8411674919443,0.30214490075479,0.806194267578006,0.6517917680143,0.215743768569557
47.27,0,65.7993159677557,0.303860084132145,0.808149107266837,0.652133473178122,0.215022133378922
47.28,0,65.7599396804269,0.30151316140527,0.807488980719521,0.650095594677073,0.21405407398494
47.29,0,65.721404198126,0.304576882926264,0.806868690435376,0.651711237433237,0.214905409834627
47.3,0,65.6835982144844,0.303405602500629,0.807012445131555,0.652809812964888,0.215087871907047
47.31,0,65.6465338695084,0.302251181077145,0.80579044974348,0.652374646317197,0.214120756073001
47.32,0,65.6102232068344,0.301076563117879,0.809902889644061,0.651084827977391,0.2139251725875
47.33,0,65.5746781679273,0.300464164880242,0.806335899298128,0.652706225087065,0.21207546449728
47.34,0,65.5399105862873,0.302990160077287,0.804039011433765,0.653420012323405,0.215183713210787
47.35,0,65.5059321816706,0.300469956832618,0.808018262291807,0.655482840470494,0.213939339775291
47.36,0,65.4727545543265,0.300957163793192,0.807133561870633,0.652998963352423,0.213273238447481
47.37,0,65.4403891792554,0.300874243476392,0.807504901788205,0.649767802613589,0.211052551377946
47.38,0,65.4088474004916,0.301929235149672,0.804937839860968,0.654738740220406,0.216436277764256
47.39,0,65.3781404254141,0.304531432293766,0.805762937996436,0.653972158015325,0.213757877351839
47.4,0,65.3482793190909,0.304348642249518,0.808318717597791,0.652125805638385,0.215893543153597
47.41,0,65.3192749986593,0.302787282488559,0.805767982648419,0.652158467998352,0.2143570470501
47.42,0,65.2911382277464,0.302395384836009,0.806554475168224,0.654759180970068,0.215878860028433
47.43,0,65.2638796109353,0.304600190839468,0.809173011632735,0.653424048237897,0.215841703419069
47.44,0,65.2375095882796,0.302038191666292,0.806509460482686,0.653738657759601,0.214619819808294
47.45,0,65.2120384298702,0.302385943160331,0.804350328017437,0.649241356088282,0.214766382131752
47.46,0,65.1874762304602,0.302371508304791,0.806702943556888,0.651764676089283,0.212070654175066
47.47,0,65.1638329041501,0.301476783634981,0.805969795290228,0.653170853774388,0.21581306957954
47.48,0,65.1411181791381,0.301429876926986,0.806258102973652,0.655494873100667,0.214998738654421
47.49,0,65.1193415925403,0.301533754408711,0.80643151210459,0.652877817779419,0.215695852773905
47.5,0,65.098512485284,0.301732847095588,0.806353538013465,0.653487684378007,0.215128160448458
47.51,0,65.0786399970781,0.303335847008615,0.8104166111553,0.656547989365422,0.21647269454811
47.52,0,65.0597330614656,0.302389105368556,0.803449103995051,0.656839599535313,0.214649111413025
47.53,0,65.0418004009612,0.303710210228884,0.805507436711013,0.656182847336529,0.214083061944147
47.54,0,65.0248505222785,0.301614707748363,0.807370809090919,0.653358325374804,0.213821387814697
47.55,0,65.0088917116507,0.301067500968285,0.809755935101853,0.65540442768146,0.215521032391156
47.56,0,65.0547033390966,0.303130773072916,0.804837320733302,0.655210086582028,0.215153362912488
47.57,0,65.2661643483503,0.300175554701493,0.806034536709852,0.654439193423919,0.214135624019457
47.58,0,65.3903691147526,0.302652417594365,0.804770130639041,0.655091123188853,0.213166393147307
47.59,0,65.4815739863868,0.301498755555744,0.807775630190367,0.655238689793132,0.215182415403591
47.6,0,65.5655870575281,0.30042764819453,0.803712649560544,0.654038127330276,0.215690475409481
47.61,0,65.6515946394714,0.300773115188932,0.805841673850389,0.656406124602848,0.214694538629404
47.62,0,65.7438130480288,0.300507657161752,0.807869043755346,0.654824288587078,0.216714252839738
47.63,0,65.8415604602161,0.298704998647912,0.805709223470191,0.655538549301465,0.21473838121738
47.64,0,65.9443430955828,0.298424617941072,0.807758025234994,0.654546050704943,0.211375741087227
47.65,0,66.0520176423327,0.298919951595702,0.80762192461058,0.657312653131348,0.215788282996418
47.66,0,66.1645688263505,0.298487419878175,0.805805414564886,0.657097511484062,0.215805402240039
47.67,0,66.2820238264773,0.301149578131104,0.805389794008694,0.655893510077722,0.215191436192138
47.68,0,66.4044237299787,0.296766286192611,0.806949112744762,0.654445945162491,0.216866574074902
47.69,0,66.531814200393,0.298306224925199,0.803841600468417,0.656227587685217,0.215347065803917
47.7,0,66.6642424357546,0.296800643808514,0.806939754448119,0.656667182750459,0.214365447647613
47.71,0,66.8017561779332,0.2969022494589,0.808599083287501,0.65616384812224,0.213724711549484
47.72,0,66.9444033904437,0.294671713959708,0.808093300464215,0.655268474720625,0.2124192741464
47.73,0,67.0922321540533,0.295682858022143,0.805096349272116,0.656753568949934,0.215127830923984
47.74,0,67.2452906332546,0.295492358985604,0.808219805016871,0.653300908942993,0.213589698599014
47.75,0,67.4036270656749,0.295155624709957,0.805540290195762,0.658501633797504,0.21470599522929
47.76,0,67.5672897587862,0.2946591492987,0.807336292247049,0.656543914843521,0.215807756920177
47.77,0,67.7363270887995,0.292530111143158,0.805265849833032,0.656247485870008,0.216096117157984
47.78,0,67.9107875000679,0.292894881224486,0.806474780030851,0.656399146209976,0.213437678296622
47.79,0,68.0907195044436,0.294357998147677,0.807852881251907,0.659104961735464,0.215620925194438
47.8,0,68.2761716804002,0.292328142213696,0.809361628435865,0.654246208180663,0.215486318090245
47.81,0,68.4671926718505,0.292262929512091,0.807237474555383,0.653672786537219,0.214516721371625
47.82,0,68.6638311866305,0.290745862084846,0.808950599770336,0.657899103299216,0.215303923970836
47.83,0,68.8661359946331,0.294431082038406,0.809524697473825,0.655671589315334,0.21517414137652
47.84,0,69.0741559255787,0.288914072220814,0.809370596847902,0.656108733520583,0.214237282969171
47.85,0,69.2879398664112,0.287796408736598,0.808035255470442,0.656484735213183,0.214922383671575
47.86,0,69.507536758312,0.289818097414402,0.806054734722076,0.657695216536909,0.216499159193322
47.87,0,69.7329955933193,0.287021941006202,0.807486763804879,0.657663425448082,0.21383105314035
47.88,0,69.9643654105448,0.287964167390688,0.809285476383762,0.659141596502434,0.214383959828479
47.89,0,70.2016952919804,0.287696099796325,0.809247289018781,0.654931366326779,0.214102601271509
47.9,0,70.4450343578832,0.287459855275369,0.808698372725198,0.655966986541445,0.215258663314869
47.91,0,70.6944317617331,0.28677816278402,0.808817095282763,0.656146655476339,0.219609375650535
47.92,0,70.9499366847548,0.285336043245531,0.8076687604663,0.655658940343855,0.214330305600786
47.93,0,71.2115983299946,0.283696033831376,0.805966434085806,0.654646910587247,0.215863330651814
47.94,0,71.4794659159481,0.282224661955549,0.810999481603953,0.656002143856455,0.214452901579834
47.95,0,71.7535886697291,0.281996366902102,0.806538140218425,0.65692343917087,0.214262793234517
47.96,0,72.0340158197751,0.283310207412319,0.807683471524311,0.65256417560224,0.213058173529162
47.97,0,72.3207965880828,0.281508984162057,0.810303905086669,0.65777591285857,0.214722965915759
47.98,0,72.6139801819678,0.281362394128951,0.810874949210615,0.656815939538202,0.212911747170894
47.99,0,72.9136157853444,0.280324499130481,0.810914885264137,0.65639972935392,0.213220455476886
48,0,73.2197525495196,0.278477915284588,0.811379804066745,0.65832918805603,0.212724555584297
48.01,0,73.5324395834981,0.27963753208401,0.809793048014828,0.655183798522155,0.215644391352553
48.02,0,73.8517259437938,0.279121109483407,0.808464981851602,0.653940498167991,0.213331746001443
48.03,0,74.1776606237451,0.275819297995268,0.808865614789343,0.656401303035254,0.213560901756673
48.04,0,74.5102925423316,0.277872086715932,0.811482741846481,0.657386703299114,0.212891746535877
48.05,0,74.8496705324886,0.273300390702956,0.809927101687312,0.656732340008888,0.21758172350559
48.06,0,75.1958433289196,0.275992203474648,0.811111932522014,0.655485630296671,0.215016742786465
48.07,0,75.5488595554046,0.271957280702062,0.809404232057577,0.655859317111702,0.214465933475042
48.08,0,75.9087677116027,0.272746903286286,0.810994827015379,0.656199981630018,0.214814948166596
48.09,0,76.2756161593517,0.272550956954057,0.811455407097213,0.65717871690076,0.213199890629071
48.1,0,76.6494531084622,0.269324150695385,0.81173447281979,0.656189163056435,0.215080402847574
48.11,0,77.0303266020101,0.27199213120296,0.809907715577721,0.653606599731772,0.214178016819706
48.12,0,77.4182845011267,0.269669542957791,0.809256986819528,0.654184047608097,0.214515292709148
48.13,0,77.8133744692911,0.269340141501103,0.813127320663891,0.656822031458831,0.216733680149439
48.14,0,78.2156439561267,0.269001380941109,0.812120843603617,0.656029101263187,0.215605813790471
48.15,0,78.6251401807052,0.267026157099644,0.811647249975382,0.655482985486751,0.215294620130798
48.16,0,79.0419101143637,0.2635980660521,0.809831773656519,0.656173687255729,0.215547793514997
48.17,0,79.4660004630388,0.264894310285556,0.811574074312793,0.65494919621244,0.214772424003453
48.18,0,79.8974576491236,0.264541586202156,0.816726830585436,0.654439313811103,0.218477901777362
48.19,0,80.3363277928546,0.260975499121136,0.812197221643388,0.654346255459888,0.215137598457695
48.2,0,80.7826566932343,0.262630499703722,0.814030620859439,0.655753350768454,0.213436895156312
48.21,0,81.2364898084997,0.263947320455392,0.812120868103128,0.656193786365807,0.21250533406811
48.22,0,81.6978722361414,0.259745176486183,0.815000039286343,0.655208328270156,0.216371253234596
48.23,0,82.1668486924866,0.258842421231182,0.812947576464199,0.657130161658381,0.214624914162471
48.24,0,82.6434634918533,0.25611123185265,0.813778920084581,0.656232063950842,0.215053186217534
48.25,0,83.1277605252873,0.259176906002943,0.816811908225747,0.65665401710163,0.216603825344546
48.26,0,83.6197832388934,0.255549315834403,0.813614150124448,0.654111475872876,0.217055050645423
48.27,0,84.1195746117737,0.256960829506296,0.812831281755308,0.654616523053145,0.212772721035146
48.28,0,84.6271771335842,0.255130733938195,0.814090904437548,0.653836045166411,0.216245924989203
48.29,0,85.1426327817256,0.253082576838978,0.815668762616615,0.652692337662058,0.216890198906652
48.3,0,85.6659829981815,0.254280030805877,0.815630845839404,0.655594709349476,0.216360887760701
48.31,0,86.1972686660192,0.251439362345245,0.815287246552254,0.65374300513893,0.21389442022576
48.32,0,86.7365300855711,0.249611981925984,0.817631534322177,0.655572332591212,0.219109740602129
48.33,0,87.28380695031,0.249942673342596,0.812547709805709,0.653524186237871,0.215730894030269
48.34,0,87.8391383224404,0.246502470237126,0.815101036174353,0.653026166164671,0.214296304818298
48.35,0,88.4025626082197,0.248157546004627,0.816340991044424,0.653727453586286,0.216810853748077
48.36,0,88.9741175330324,0.247095073290287,0.816094834069819,0.655077146414728,0.213496348008212
48.37,0,89.5538401162348,0.244801053005779,0.816118148448772,0.6523317463434,0.213458668892615
48.38,0,90.1417666457921,0.24324866185604,0.814414357199725,0.654434057749672,0.214337913367862
48.39,0,90.7379326527285,0.239624815668369,0.818380404344177,0.653630253114739,0.214942328407236
48.4,0,91.3423728854144,0.242462114944766,0.818246007369817,0.652569195206328,0.214651634788105
48.41,0,91.9551212837108,0.241115974582207,0.815963656698734,0.65530878866744,0.215959317029783
48.42,0,92.5762109529975,0.240112443321985,0.817044359351369,0.654136588121712,0.215831781439292
48.43,0,93.2056741381081,0.237861950688049,0.819040901451664,0.654597551326813,0.213151802633571
48.44,0,93.843542197198,0.236424756529841,0.81879695014048,0.651354418753765,0.212413192311036
48.45,0,94.4898455755694,0.233565278578693,0.817132228567909,0.653306638337137,0.216833319201288
48.46,0,95.1446137794824,0.234231982311702,0.816937014675566,0.65501728733081,0.216071828264333
48.47,0,95.8078753499779,0.230138297666861,0.816578631865174,0.652661854310787,0.216206029220844
48.48,0,96.4796578367409,0.233625933315993,0.819228191747846,0.652397109243193,0.216119903490713
48.49,0,97.1599877720321,0.230881674009171,0.81886809826389,0.652813702371499,0.21610695695539
48.5,0,97.848890644718,0.230376632624576,0.818502878138149,0.65203986361966,0.214350628800504
48.51,0,98.5463908744296,0.228709652361422,0.81816920556684,0.652539583250813,0.215902338654411
48.52,0,99.2525117858774,0.226300253707555,0.82117605132319,0.650456955647588,0.212555769916099
48.53,0,99.9672755833574,0.226321054086864,0.820807321051641,0.653733177318102,0.216222059646046
48.54,0,100.690703325478,0.226668877649128,0.821503169873795,0.651071264454803,0.214868182177785
48.55,0,101.422814900136,0.2268405090719,0.81946215322306,0.652619969260106,0.21779082863014
48.56,0,102.163628999786,0.222373555056965,0.821665353926055,0.65111220073268,0.215582349365079
48.57,0,102.913163097016,0.221410217604113,0.823547367521288,0.652169246736807,0.214720371498423
48.58,0,103.671433420487,0.221318740991122,0.819700382618622,0.653421134328198,0.215613311009397
48.59,0,104.438454931248,0.220032339032827,0.819234715669075,0.65262261635125,0.21460763931651
48.6,0,105.214241299473,0.217572947236566,0.823558221239993,0.651015580081759,0.213556996962944
48.61,0,105.998804881655,0.21548340274581,0.820686386165966,0.649962046412753,0.215746760377784
48.62,0,106.792156698285,0.215439465978982,0.820943066205348,0.652473908778864,0.216919710745077
48.63,0,107.59430641205,0.214019738428758,0.82307953087722,0.648642837637228,0.214902453478428
48.64,0,108.405262306598,0.212757162335338,0.823022856028496,0.651419905492856,0.214081063252847
48.65,0,109.225031265887,0.212103027061724,0.824071542856602,0.649999568573891,0.213790593509699
48.66,0,110.053618754168,0.213755643105418,0.825384002404715,0.652349106116088,0.21326257146674
48.67,0,110.891028796628,0.208510183297307,0.824277273792973,0.647250795420899,0.214993873560203
48.68,0,111.737263960737,0.207417916329977,0.825595306125131,0.650751782136006,0.215566256320096
48.69,0,112.592325338321,0.205187341346757,0.823474598324933,0.649229908289498,0.213639055350112
48.7,0,113.456212528411,0.203095993200747,0.823724183924756,0.648060095215053,0.216217838057103
48.71,0,114.328923620896,0.204051931020563,0.826555978274551,0.648771321502019,0.214895994802489
48.72,0,115.210455181014,0.203864636707833,0.825352587886833,0.648314000968564,0.214769939145419
48.73,0,116.100802234713,0.20392809521937,0.825947056724219,0.64988360094939,0.215209451868057
48.74,0,116.99995825493,0.200283806642625,0.826022065736292,0.646460150780272,0.21603348048099
48.75,0,117.907915148802,0.201318815525859,0.828113255111786,0.650728397448625,0.214283733014794
48.76,0,118.824663245862,0.199922532429149,0.824238345586816,0.650392686936759,0.216778260527152
48.77,0,119.750191287239,0.196555196481903,0.827637204967377,0.651875647571365,0.214953523453868
48.78,0,120.6844864159,0.195780689029359,0.827564678065418,0.648400345347274,0.214661492496919
48.79,0,121.627534167971,0.192741534599707,0.828504089517123,0.650372520259566,0.213558557207489
48.8,0,122.579318465162,0.194637450792192,0.826590060506116,0.647266816152626,0.216487361781916
48.81,0,123.539821608323,0.189255155538897,0.827383663620317,0.650381707713631,0.215246004453735
48.82,0,124.509024272176,0.187673686820547,0.829007774972239,0.648937685560423,0.215262245566043
48.83,0,125.486905501241,0.187474843540217,0.830288132502558,0.648479191076909,0.215975943068524
48.84,0,126.473442706983,0.185128671638646,0.831237950279252,0.649601087244365,0.217161706300008
48.85,0,127.468611666216,0.185309957596742,0.827354153474643,0.648674662911317,0.214890977307727
48.86,0,128.47238652079,0.184531780923923,0.826603200124988,0.645445921956928,0.217230118306162
48.87,0,129.484739778576,0.183839608142803,0.832250514749962,0.647924961669707,0.213580240432814
48.88,0,130.505642315786,0.181398779223559,0.829294002887995,0.645810302643239,0.215606555025174
48.89,0,131.535063380651,0.180295980898246,0.830116490097537,0.645933954855631,0.215220186091163
48.9,0,132.572970598469,0.179874341843367,0.832042690145047,0.646326170696251,0.213356476103671
48.91,0,133.61932997806,0.175699794612024,0.832986386719637,0.646061311158447,0.214920194419281
48.92,0,134.674105919627,0.17511694120344,0.830495844400194,0.648096028530452,0.212973064610156
48.93,0,135.737261224075,0.173705740201899,0.834325867747409,0.65225786685995,0.21428225170498
48.94,0,136.80875710376,0.172914599749244,0.833543752842264,0.64433696749905,0.218643175907715
48.95,0,137.888553194733,0.173061223275503,0.832343220484128,0.649021082610124,0.214429946614725
48.96,0,138.976607570458,0.171369606441227,0.8330547614925,0.647769186021658,0.216220345668896
48.97,0,140.07287675703,0.168818810178874,0.833652104098268,0.64510533698717,0.212175424827367
48.98,0,141.17731574991,0.168421539753941,0.833208165015894,0.642864164513042,0.216468190085887
48.99,0,142.289878032176,0.166663074695851,0.832870766012842,0.648555673860085,0.215180215744921
49,0,143.410515594311,0.165327421526859,0.835068109843504,0.645628042121224,0.21407535710053
49.01,0,144.539178955525,0.164740568578703,0.836331484474579,0.645837192298814,0.212778132153459
49.02,0,145.675817186619,0.163335785590106,0.837048798516734,0.646221349507597,0.214152593618383
49.03,0,146.820377934401,0.162561109327606,0.83591553538114,0.64525233957486,0.214398595819883
49.04,0,147.972807447644,0.161901922237267,0.839245922881821,0.645715382189236,0.214336120429607
49.05,0,149.133050604603,0.159011559292127,0.834654609704658,0.645638219128903,0.215388312843009
49.06,0,150.30105094207,0.156569525978432,0.838564125602028,0.648012721311039,0.214956291166269
49.07,0,151.47675068598,0.155715883491949,0.835995608144539,0.643183900289342,0.214038083706555
49.08,0,152.66009078356,0.153734663739336,0.835706358050593,0.646885271475298,0.216173266188028
49.09,0,153.851010936996,0.154691139775236,0.837197099464398,0.645806985649466,0.215625317600466
49.1,0,155.049449638645,0.153203423589439,0.836245152090851,0.644707456587086,0.216376149224914
49.11,0,156.255344207744,0.149317836015371,0.839601628851284,0.646159550285927,0.215470678451449
49.12,0,157.46863082863,0.150147881428705,0.838804721562389,0.64495224102988,0.212744652283381
49.13,0,158.689244590442,0.147457781092724,0.839983469265921,0.645472743339207,0.21540493553607
49.14,0,159.917119528297,0.14685608406761,0.841153564628691,0.642862877662788,0.213348155477488
49.15,0,161.152188665919,0.145990764753244,0.838273671150302,0.642004411176106,0.213938557105959
49.16,0,162.394384059698,0.144095383726902,0.840230481073952,0.644663741341108,0.215756468069957
49.17,0,163.643636844166,0.142757092857998,0.841892125603194,0.646413504208446,0.213060254393075
49.18,0,164.899877278857,0.143567966738444,0.841823766242898,0.646102951517449,0.216301470205689
49.19,0,166.163034796531,0.14129159996625,0.840397122794322,0.645084501718729,0.216733413176317
49.2,0,167.433038052736,0.138010661941174,0.842232292954576,0.643052665919255,0.216887281431375
49.21,0,168.709814976672,0.136056484901755,0.843553933702071,0.645453012062384,0.214927279971686
49.22,0,169.993292823335,0.137479320519927,0.844960116725473,0.643810563114258,0.213877343971914
49.23,0,171.283398226907,0.13782261355326,0.844889108477604,0.645075490313395,0.218053943015463
49.24,0,172.580057255348,0.133487677090078,0.843108998065224,0.646262716305381,0.216333350724268
49.25,0,173.883195466168,0.13213196988077,0.843236309866047,0.64291175971124,0.212992831570565
49.26,0,175.192737963331,0.129779587691802,0.841869325091594,0.645392668169157,0.21623514442425
49.27,0,176.508609455266,0.132892568488127,0.84422014504846,0.642371453475171,0.216113516395181
49.28,0,177.830734313916,0.129690646546674,0.845380305053,0.644317428779791,0.214653978243799
49.29,0,179.159036634821,0.129318864349525,0.845168310070036,0.64551712333634,0.215835645039914
49.3,0,180.493440298157,0.127360244071309,0.844617184313637,0.641813796096057,0.21778263968867
49.31,0,181.833869030714,0.126324833072463,0.846527080568879,0.643798898438709,0.216616935416845
49.32,0,183.180246468735,0.12360715894742,0.846774101864223,0.646764033039745,0.214018413188638
49.33,0,184.532496221607,0.12352858177851,0.846780167551857,0.644769552895996,0.218235653985165
49.34,0,185.890541936317,0.121462488445639,0.84754512795425,0.644859909550425,0.214631471418758
49.35,0,187.25430736265,0.119874166303684,0.846585130081314,0.645302877184805,0.214918638813121
49.36,0,188.62371641906,0.119927376585822,0.847305037589618,0.642801058547784,0.211927794498568
49.37,0,189.998693259177,0.116686348837934,0.849367813360851,0.64402338759101,0.217674999005675
49.38,0,191.379162338882,0.115834595815716,0.848810887191121,0.644205483603019,0.215509099906874
49.39,0,192.765048483901,0.116388413680885,0.847626323110648,0.642139788862676,0.21379036750102
49.4,0,194.156276957868,0.113781533144171,0.848904543578741,0.643654280629006,0.214157632891477
49.41,0,195.552773530793,0.111929933192824,0.849163196644074,0.644092683455375,0.212693341907482
49.42,0,196.954464547877,0.114477852220801,0.850446084321706,0.641539629376342,0.214991839360217
49.43,0,198.361276998631,0.108883717270544,0.850799194254146,0.644103525815874,0.214882373604524
49.44,0,199.773138586214,0.110357150646954,0.84838693279463,0.642320794480412,0.21615600929166
49.45,0,201.189977796963,0.106986827809666,0.849023799769531,0.643777686192973,0.216653890831921
49.46,0,202.611723970028,0.107836142406485,0.855150500910208,0.643651107506507,0.214512516728484
49.47,0,204.038307367069,0.105921465079053,0.850208720702748,0.645512421177411,0.213797216010263
49.48,0,205.469659241947,0.102656120133815,0.85408173469615,0.642374280107273,0.211557096996145
49.49,0,206.905711910356,0.105153446724752,0.857333801374253,0.643833028993166,0.214706041139111
49.5,0,208.346398819328,0.100802156784358,0.854310455760331,0.643492303605278,0.215328694885534
49.51,0,209.791654616551,0.103441147140239,0.854199296451196,0.643974614077101,0.214623583112118
49.52,0,211.241415219453,0.101928727443029,0.851297026173822,0.643731087239138,0.216252867618473
49.53,0,212.695617883964,0.099815831836657,0.854539567650059,0.643445711300101,0.214806863319634
49.54,0,214.154201272931,0.0980370816809868,0.855859219307638,0.641807246835094,0.212136387733519
49.55,0,215.617105524097,0.0970685611581161,0.85486479743117,0.643130974629451,0.212836131038762
49.56,0,217.084272317593,0.0936485688787068,0.855463862201492,0.643194408776154,0.216290607235418
49.57,0,218.555644942898,0.0940123303885886,0.857011319386085,0.642785639994401,0.21706624408002
49.58,0,220.031168365185,0.092983616114562,0.855670391760323,0.644572011822053,0.215043465076756
49.59,0,221.510789291009,0.0906359916459435,0.857944123191985,0.643973510688606,0.217861163318569
49.6,0,222.99445623328,0.090151815427847,0.861126126587615,0.644701884406514,0.215854863672148
49.61,0,224.482119575455,0.087708274355245,0.857932328115352,0.642575196437932,0.213385193348796
49.62,0,225.973731634904,0.0862830084436636,0.8575982714054,0.645153795180087,0.213608835398439
49.63,0,227.469246725381,0.0869986812138688,0.862098130068291,0.642986035408152,0.214167494340531
49.64,0,228.968621218565,0.0864158018782853,0.860680738399501,0.643237700898378,0.212180987708538
49.65,0,230.471813604592,0.0870379307904224,0.862107687341608,0.645395831568157,0.214594651987309
49.66,0,231.978784551549,0.0816480809858923,0.858899568809972,0.645717936477729,0.218454161728105
49.67,0,233.489496963866,0.0850300443223672,0.86129635356362,0.643281706029049,0.214982797652073
49.68,0,235.00391603956,0.0828163067128534,0.860579185536776,0.645203407654431,0.215788843818731
49.69,0,236.522009326274,0.0785060701853101,0.861908570107616,0.64416156937278,0.214914267323723
49.7,0,238.043746776078,0.0796632333954613,0.862940398784154,0.641856127445043,0.215953893781786
49.71,0,239.569100798972,0.0781966048784613,0.864649502177151,0.646022521303574,0.215659606229453
49.72,0,241.098046315048,0.0760962244540477,0.864191690743013,0.648606591603695,0.212687799467957
49.73,0,242.630560805278,0.0756190900535316,0.865617969746665,0.643327612691897,0.215548954571924
49.74,0,244.166624360864,0.0755168530556093,0.863318446235928,0.64585287747317,0.212655924228385
49.75,0,245.706219731136,0.0741865618547687,0.862263881127364,0.645532795155555,0.215263874148851
49.76,0,247.249332369931,0.0693384583635684,0.865273973822411,0.644138843442064,0.214027481670703
49.77,0,248.79595048044,0.0713584865137703,0.866251095031576,0.646695161576592,0.215177040974285
49.78,0,250.346065058461,0.0686109939147628,0.863649743129969,0.645143944232086,0.213474870812115
49.79,0,251.899669934054,0.0679283453047533,0.866730743782672,0.645197518262971,0.215522877943665
49.8,0,253.456761811527,0.0680209418456096,0.864714045535983,0.646944758762398,0.21546553032694
49.81,0,255.017340307759,0.0675904795854828,0.865711751931964,0.645641694590922,0.216151360858806
49.82,0,256.581407988802,0.0653883815644346,0.866885034366533,0.647320786710882,0.2147687129633
49.83,0,258.148970404747,0.0662708873560245,0.868219587719111,0.644707325457048,0.214522084789251
49.84,0,259.720036122825,0.0662109700403974,0.866640879353096,0.645005221276645,0.215321588056739
49.85,0,261.29461675871,0.0618920953303441,0.868733019651559,0.645128838388061,0.213288706882196
49.86,0,262.87272700602,0.0608291474864897,0.867353699696845,0.644787550850739,0.214348518909326
49.87,0,264.454384663971,0.0610750293552665,0.869056968511242,0.643830452549875,0.21608450542933
49.88,0,266.039610663173,0.0603766656334637,0.870417633523731,0.645578965712807,0.213346846342692
49.89,0,267.628429089563,0.0575604824807956,0.869656141178544,0.647491746489618,0.214498102227505
49.9,0,269.220867206432,0.0566057669742644,0.872444661926219,0.645192882033525,0.218289485863485
49.91,0,270.816955474549,0.0552031633435916,0.868691377819971,0.646964853275713,0.216666519251996
49.92,0,272.416727570372,0.0558829873201532,0.872676895509835,0.648081213329539,0.214292595326119
49.93,0,274.020220402315,0.0541889234823598,0.87329721079877,0.646722405661597,0.214302165367286
49.94,0,275.627474125074,0.0524769618818852,0.871218072321474,0.646202972783131,0.214092750981853
49.95,0,277.238532152006,0.0530336179749706,0.873100952100425,0.646355412776007,0.216495908513349
49.96,0,278.853441165545,0.0520090234374133,0.872298971068283,0.647234142316583,0.21313683092837
49.97,0,280.47225112565,0.0523968098044157,0.874387769508169,0.648416218728073,0.214400930959236
49.98,0,282.095015276285,0.0487093726273521,0.872969626767564,0.647013957213462,0.214917454241062
49.99,0,283.721790149931,0.0513707568110158,0.875184172196618,0.64658041191375,0.214571596460667
50,0.2,285.352635570115,0.046952118418341,0.87621609574339,0.646937338174701,0.21578215899322
50.01,0.2,361.552570399774,0.00110169059367293,0.8746354742745,0.646958685336894,0.215609632341071
50.02,0.2,361.804033739991,0.000295911805180898,0.874782104121229,0.648068167445178,0.212305064223222
50.03,0.2,362.054327923195,0.000160879959568754,0.876810733469347,0.645792631603697,0.215354423745014
50.04,0.2,362.303478285829,0.00150372480398274,0.876844412063315,0.64769835941176,0.214083743388383
50.05,0.2,362.551510457445,0.000418621109770283,0.875863282813078,0.645824500119143,0.215512554138792
50.06,0.2,362.798450346348,0,0.876334566094469,0.648480049905685,0.215563913320211
50.07,0.2,363.044324125152,3.99402896906518e-06,0.877902886502868,0.647871059349646,0.214348473917323
50.08,0.2,363.289158216254,0,0.877940039392538,0.647288141997448,0.214609978508476
50.09,0.2,363.532979277223,0,0.880604319770612,0.647061301732138,0.213200999257558
50.1,0.2,363.775814186118,0.0010700850273277,0.879449099008972,0.647455492892471,0.216956256396941
50.11,0.2,364.017690026734,0.0016449085867515,0.879572450776456,0.647998074565396,0.215506696336931
50.12,0.2,364.258634073784,0,0.880305771010605,0.648449081859445,0.216044075826294
50.13,0.2,364.498673778024,0,0.879492792948356,0.648291921214629,0.214757315850025
50.14,0.2,364.737836751312,0.00234371158012017,0.879450453540686,0.64859138983783,0.214715721980377
50.15,0.2,364.976150751635,0.0032727992900876,0.883693598120106,0.646747184089748,0.214258928938872
50.16,0.2,365.213643668077,0.000160872939953466,0.88383197702495,0.647223168564583,0.213915696903505
50.17,0.2,365.450343505751,0.000868746777096548,0.878516749836249,0.649048231765945,0.21611188549602
50.18,0.2,365.686278370706,0.000219765264482494,0.881637214726772,0.647514940315834,0.214038777841515
50.19,0.2,365.921476454795,0,0.883147978168584,0.648338389600897,0.216557010657544
50.2,0.2,366.15596602053,0.00206579192141571,0.884427217756234,0.648485938952126,0.216723084375555
50.21,0.2,366.389775385908,0.00237439683232984,0.882973951531837,0.648282097657585,0.214472637054352
50.22,0.2,366.622932909242,0,0.88460658744577,0.651493583304779,0.21288583506726
50.23,0.2,366.855466973972,0,0.885929430780629,0.652252071915327,0.214529902966127
50.24,0.2,367.087405973484,0,0.885445516520208,0.646729697073499,0.212597602162557
50.25,0.2,367.318778295934,0.000868589757342869,0.88911303849305,0.650719652382277,0.214565163851704
50.26,0.2,367.54961230908,0,0.88764656323584,0.6498519391344,0.213532676365309
50.27,0.2,367.779936345142,0,0.883276917872886,0.65092624051236,0.214355004295382
50.28,0.2,368.009778685671,0.00331407299286018,0.887104892895593,0.650555194010964,0.21332964973086
50.29,0.2,368.23916754646,0,0.888551073537377,0.650251987260053,0.215298581296114
50.3,0.2,368.468131062488,0,0.888765203391091,0.650472611291497,0.217820235841255
50.31,0.2,368.6966972729,0.00209411743645155,0.886517506965604,0.651308441586258,0.218074796043856
50.32,0.2,368.924894106045,0.00148660062984636,0.889408271571315,0.650390228410951,0.215263767788919
50.33,0.2,369.152749364559,0,0.889064019440174,0.650995750361248,0.213050229532122
50.34,0.2,369.380290710514,0.00148114516005854,0.88881359674599,0.650171504742323,0.214831627206134
50.35,0.2,369.607545650632,0,0.890270059951983,0.650361858481147,0.216189282501087
50.36,0.2,369.834541521569,0,0.888687046632893,0.653564520558234,0.216580419646168
50.37,0.2,370.061305475284,0.000396701384701159,0.890931090093234,0.647672439783202,0.214083758546955
50.38,0.2,370.287864464487,0,0.893361015471692,0.65189479289186,0.214699643207144
50.39,0.2,370.51424522818,0,0.89251826357405,0.650261143011799,0.215157664727654
50.4,0.2,370.740474277299,0.000615019044141301,0.893799028273661,0.651689517813248,0.214418983492276
50.41,0.2,370.966577880456,0.000475007143599036,0.895410515187276,0.651891156846553,0.214726501349696
50.42,0.2,371.19258204979,0.00231147819694876,0.893549314279012,0.652690828362326,0.213957178819065
50.43,0.2,371.41851252694,0,0.894998287666284,0.650809862501314,0.214723474925219
50.44,0.2,371.644394769135,0,0.892405338178953,0.653920822875482,0.213602068690588
50.45,0.2,371.870253935413,0.00350470887404384,0.889386454015403,0.654899154142758,0.213961003284904
50.46,0.2,372.096114872977,0.000994371408349128,0.894384438495488,0.651351735332392,0.21890709733448
50.47,0.2,372.322002103694,0.00140870352802544,0.892000938527323,0.656071459594647,0.214542980102609
50.48,0.2,372.547939810733,0.00265115480358881,0.896120904340676,0.653251133470366,0.215178953467888
50.49,0.2,372.773951825363,0,0.895374182504345,0.652878253381851,0.215957896509469
50.5,0.2,373.000061613909,6.63400830548342e-05,0.895589427223842,0.65223262189072,0.215513891995768
50.51,0.2,373.226292264869,0.00229785628177774,0.896088415818534,0.653442370220117,0.217416244813339
50.52,0.2,373.452666476211,0,0.896763950142619,0.651343581670804,0.21594234576872
50.53,0.2,373.679206542833,0,0.897983037870057,0.654373839467188,0.215465569040815
50.54,0.2,373.905934344219,0,0.895417828827393,0.652805295733456,0.217742602435589
50.55,0.2,374.132871332274,0,0.898299632578361,0.653457294315189,0.216806108120969
50.56,0.2,374.360038519362,0,0.898002052691623,0.653955152085484,0.216314349015961
50.57,0.2,374.587456466531,0,0.898088111232723,0.652212235388879,0.216164071671655
50.58,0.2,374.81514527196,0.00162535983786674,0.898358534855315,0.652812227447497,0.215155710527373
50.59,0.2,375.043124559597,0.00299423634180408,0.901533543595874,0.652507466960045,0.215215637776864
50.6,0.2,375.271413468032,0,0.900103233779319,0.653817003706551,0.214149288302592
50.61,0.2,375.50003063958,0.000195357792174968,0.901258648429906,0.654815759523468,0.215662779524252
50.62,0.2,375.728994209592,0,0.90205434274886,0.655598724967324,0.21314160281247
50.63,0.2,375.958321795997,0.00186679509645987,0.899378124020975,0.655194873193795,0.214336195583881
50.64,0.2,376.18803048909,0.000521565269723066,0.904026320496131,0.654411665084965,0.212853108733092
50.65,0.2,376.418136841545,0.00333243497226069,0.900891808992014,0.654442703782869,0.215005554567729
50.66,0.2,376.648656858688,0,0.900479633546278,0.653222914593048,0.215201124299268
50.67,0.2,376.879605989014,0.000946601861033983,0.902034383131887,0.652604148549531,0.214283700725531
50.68,0.2,377.110999114963,0,0.904522194009181,0.654508834231665,0.216014707948644
50.69,0.2,377.342850543951,0.000516104271014184,0.902357994379787,0.655024234422733,0.21708857044593
50.7,0.2,377.575173999671,0.00276367088154851,0.905337351938511,0.654194080637548,0.216245237792717
50.71,0.2,377.807982613658,0,0.904350269192837,0.656268980042168,0.214991351800079
50.72,0.2,378.041288917125,0.000402533596305843,0.902219110998838,0.655571488818523,0.214585690234005
50.73,0.2,378.275104833079,0.000643207601743391,0.903302465697403,0.654451294907575,0.214280589999816
50.74,0.2,378.509441668718,0,0.905653151240064,0.653980043502621,0.213160923662221
50.75,0.2,378.744310108103,0,0.90410957575012,0.657574414305779,0.213540809154826
50.76,0.2,378.979720205125,0.00221444228697027,0.905725712123448,0.654266742794168,0.215038566468854
50.77,0.2,379.215681376759,0,0.907404140600531,0.656789621772139,0.215249765371261
50.78,0.2,379.452202396608,0.0015147497314731,0.9090507128506,0.655324295834266,0.214597033398159
50.79,0.2,379.689291388753,0.00206751225861865,0.907667205572702,0.654593337430653,0.216469123828181
50.8,0.2,379.926955821888,0.00291575375791419,0.90867069678264,0.65744074329327,0.214445639102376
50.81,0.2,380.165202503767,0,0.906208314394299,0.657108853261909,0.216755486358077
50.82,0.2,380.404037575952,0,0.911898589491608,0.654108749447545,0.215387535803832
50.83,0.2,380.643466508864,0,0.909830977888486,0.659547855222072,0.214127303083474
50.84,0.2,380.883494097149,0.000654009013120852,0.909770543189239,0.654304420635371,0.214007089068241
50.85,0.2,381.124124455348,0.000924448835814857,0.909311923881021,0.65501760008925,0.214221521666747
50.86,0.2,381.365361013882,0.00111271178597703,0.911893373822184,0.654955025587911,0.216608594544634
50.87,0.2,381.607206515351,0.000775508509147453,0.91269119679514,0.656508918247012,0.213495042069161
50.88,0.2,381.84966301115,0.00156799408349655,0.907217438339682,0.653016960687474,0.215780051048658
50.89,0.2,382.092731858393,0,0.910164022743297,0.655802363394539,0.215277385594262
50.9,0.2,382.336413717166,0.000489613224622781,0.911715324863384,0.65416145549751,0.213117598894801
50.91,0.2,382.580708548092,0,0.913923823288787,0.656483158208315,0.214953744824569
50.92,0.2,382.825615610214,0.00093194914252998,0.914533117879466,0.65967288589951,0.214819756319117
50.93,0.2,383.071133459203,0.00049412917349094,0.912902494885321,0.657054488984903,0.213544442633689
50.94,0.2,383.317259945881,0,0.91421980973122,0.655931545243999,0.215313226793802
50.95,0.2,383.563992215065,0,0.911518036064385,0.657224030100576,0.215056470171095
50.96,0.2,383.811326704735,0.000308828477420491,0.912821407735134,0.656521927927502,0.213757420252115
50.97,0.2,384.059259145517,0,0.912984253349622,0.657119962031075,0.216225817513155
50.98,0.2,384.307784560489,0,0.913374311777772,0.657990721488309,0.216354069374028
50.99,0.2,384.556897265304,0,0.914059407663524,0.656736760843751,0.214082050057312
51,0.2,384.806590868635,0,0.915826908175387,0.656802218212594,0.215128808969836
51.01,0.2,385.056858272931,0.000974048019504967,0.917250220471413,0.65461151934151,0.214520107573289
51.02,0.2,385.307691675498,0,0.91822017498804,0.656456383359428,0.215312703806376
51.03,0.2,385.559082569885,0,0.91440659621961,0.655963932649743,0.213537337715794
51.04,0.2,385.811021747595,0,0.915930348510988,0.65753580452707,0.215404715095223
51.05,0.2,386.063499300097,0.000250885707315956,0.918592201961123,0.65631581692213,0.21498717632251
51.06,0.2,386.316504621156,0.000642917693934462,0.917364615867628,0.655895205996812,0.214361102202574
51.07,0.2,386.570026409474,0,0.916848588476988,0.657036623672103,0.215564519512543
51.08,0.2,386.824052671623,0,0.919460228981648,0.65675800559279,0.216896480765832
51.09,0.2,387.0785707253,0.000456162140781318,0.918936671178086,0.654826795965343,0.214294121629397
51.1,0.2,387.33356720287,0,0.920178787646077,0.658194368276587,0.219280663432218
51.11,0.2,387.589028055217,0.00107070180071589,0.918624484922644,0.65733250050425,0.216561022888881
51.12,0.2,387.844938555887,0.000138525003256072,0.916290332768806,0.656575952911113,0.216082780040019
51.13,0.2,388.101283305524,0,0.919839021837093,0.654885917098649,0.215326384957618
51.14,0.2,388.358046236598,0,0.921080235033947,0.655297733652786,0.215579711872858
51.15,0.2,388.615210618424,0,0.922068029143681,0.653964525309849,0.217304218112028
51.16,0.2,388.872759062455,0,0.922116367046103,0.656734776825914,0.219170977188819
51.17,0.2,389.130673527865,0.00303753772411644,0.922972043211167,0.657944522617498,0.211337436890351
51.18,0.2,389.388935327407,0,0.921711968086897,0.656122202853028,0.217280907400154
51.19,0.2,389.647525133541,0,0.921517222963438,0.652961059751019,0.215667865005239
51.2,0.2,389.90642298483,0,0.919794427175131,0.656633061565111,0.217629281714144
51.21,0.2,390.16560829261,0,0.92193766435928,0.654842195540876,0.215112099983427
51.22,0.2,390.425059847912,0,0.923515400498531,0.654060792214601,0.216759634453776
51.23,0.2,390.684755828647,0.000964852213627095,0.923819498700505,0.655461826759952,0.215058043101149
51.24,0.2,390.944673807039,0.00136623455403746,0.923887259158837,0.656053388618916,0.215795866444552
51.25,0.2,391.20479075731,0.000645255957771087,0.922530058362419,0.656753929769674,0.215050856847795
51.26,0.2,391.465083063608,0.00052483032273656,0.925546076013842,0.656612969705074,0.214211369992838
51.27,0.2,391.725526528173,0.000764764897811334,0.925607825349494,0.655658671439883,0.215172415601474
51.28,0.2,391.986096379735,0.00240789781329937,0.924225522470401,0.653982861388648,0.216365238531303
51.29,0.2,392.246767282152,0,0.924889856260504,0.654126292080821,0.215444972957753
51.3,0.2,392.507513343255,0,0.925676185568811,0.653840071729972,0.216612478955761
51.31,0.2,392.768308123931,0,0.925368279040227,0.654848615688922,0.217471787637506
51.32,0.2,393.029124647407,0.00181813683319234,0.925034758828539,0.656939007520578,0.215446529930925
51.33,0.2,393.289935408753,0.000969965130180216,0.927916255174689,0.654703984921398,0.213533410789489
51.34,0.2,393.550712384578,0.00154242931462312,0.926651831288791,0.658654073209441,0.214755718368572
51.35,0.2,393.81142704294,0,0.924367378879466,0.656542231908843,0.214344804229725
51.36,0.2,394.072050353432,0.00157552485814697,0.927031302215503,0.655003872562285,0.217526329469657
51.37,0.2,394.332552797475,0.000853732027604137,0.928388083781042,0.653913740474078,0.21545411686348
51.38,0.2,394.592904378774,0.000262704441069244,0.929515179077716,0.655190114111865,0.213980137648231
51.39,0.2,394.853074633968,0.00283048290147808,0.928843547781045,0.653716815617647,0.215875950023804
51.4,0.2,395.113032643444,0.00111265482365646,0.929924059097923,0.657445109816564,0.213745740173736
51.41,0.2,395.372747042312,0,0.92854584328798,0.654354273197982,0.213791314670041
51.42,0.2,395.632186031554,0.00135767702265156,0.926724956039812,0.654981281549133,0.215439625424856
51.43,0.2,395.891317389315,0.00131529387577574,0.930720577831094,0.656999459179599,0.21330576710303
51.44,0.2,396.150108482347,0,0.929002968465845,0.653111168141783,0.215067241229759
51.45,0.2,396.408526277603,0,0.929325786965255,0.652936077137169,0.214753630308247
51.46,0.2,396.666537353957,0.00105610470913849,0.930216387139967,0.655984386455453,0.213547387161984
51.47,0.2,396.924107914064,0,0.928688261587709,0.655296827108918,0.213431421884728
51.48,0.2,397.181203796347,0.00219240298905204,0.931105635492727,0.651612802869373,0.212050855936567
51.49,0.2,397.437790487098,0,0.931423274290613,0.654039896138634,0.21591061538885
51.5,0.2,397.693833132698,0.00104518188311555,0.929918882383409,0.655845168098513,0.213397824713148
51.51,0.2,397.949296551946,0,0.931193241127077,0.652865846670302,0.215977118386253
51.52,0.2,398.204145248492,0.00166241358668744,0.933468687802567,0.654409930026461,0.215353472769957
51.53,0.2,398.458343423363,0.000888419974961684,0.93083996114598,0.654091371831665,0.21509085002562
51.54,0.2,398.711854987585,0,0.933036417462176,0.655505697855797,0.214990296505383
51.55,0.2,398.964643574892,0,0.928650421122729,0.652822985113855,0.217741003946807
51.56,0.2,399.21667255451,0.00309909912539314,0.931381286780941,0.650318220103529,0.215969669429901
51.57,0.2,399.467905044021,0.00073385182757351,0.932690849011158,0.650604787263414,0.21638192844543
51.58,0.2,399.718303922292,0.000276367465273498,0.931699277979264,0.653426727255103,0.213683064459829
51.59,0.2,399.967831842474,0.00200735180108918,0.931820347088264,0.653043812916985,0.217801156078678
51.6,0.2,400.216451245047,0,0.929641349078759,0.651996735538223,0.215004009535155
51.61,0.2,400.464124370934,0,0.932447818833283,0.655146081975966,0.21378462033308
51.62,0.2,400.710813274643,0,0.931575356581948,0.652181738283508,0.213797759662105
51.63,0.2,400.956479837468,0.000377750886715733,0.933216765753705,0.654192163844574,0.211869238485643
51.64,0.2,401.201085780712,0,0.933420853072881,0.652898068235606,0.214277353706137
51.65,0.2,401.444592678951,0,0.935996404857876,0.649542780794358,0.216346590135421
51.66,0.2,401.686961973315,0.00200387798567515,0.933595525240303,0.65203423908743,0.214497151656126
51.67,0.2,401.928154984796,0,0.93539554340247,0.652450765383389,0.217962573770249
51.68,0.2,402.168132927563,0,0.933476365970004,0.653783205032002,0.214158268015433
51.69,0.2,402.406856922298,0.000335530685014221,0.932472453860541,0.65142773589723,0.213622885862414
51.7,0.2,402.644288009521,0.00190347195360466,0.933307983296313,0.65332339500782,0.21250294892882
51.71,0.2,402.880387162928,0,0.935665474084426,0.650060281046699,0.213660939173795
51.72,0.2,403.115115302718,0,0.936708006379921,0.652306748524375,0.214498369063093
51.73,0.2,403.348433308907,0.00222048103548165,0.935628490329633,0.650048186499974,0.216377677238645
51.74,0.2,403.580302034631,0,0.935086626369562,0.649837998148255,0.214952558102388
51.75,0.2,403.810682319425,0.000841229426561727,0.935753975736475,0.648419190164634,0.215752581299173
51.76,0.2,404.039535002481,0,0.936530545566841,0.650836290806947,0.213085706862499
51.77,0.2,404.266820935873,0,0.935374989649596,0.650052936036194,0.215643194463838
51.78,0.2,404.492500997748,0,0.938044610122829,0.650283757714363,0.213460201099703
51.79,0.2,404.716536105478,0.000952064319606771,0.937316290549199,0.649127636200492,0.215926299936777
51.8,0.2,404.938887228771,0.000755030123100546,0.937600920430708,0.652197178695775,0.217905391915799
51.81,0.2,405.159515402735,0.000312427183603411,0.935841194475238,0.647412292667741,0.213319741127012
51.82,0.2,405.378381740881,0.00075334128411738,0.939323596505638,0.648257280190554,0.215454377848821
51.83,0.2,405.595447448081,0.00158721081158782,0.941300243749543,0.651656954307525,0.215592886301677
51.84,0.2,405.810673833459,0,0.936810991342543,0.651546746514849,0.216185435075246
51.85,0.2,406.02402232322,0,0.938690765498753,0.651757916747027,0.214269644606534
51.86,0.2,406.235454473407,0,0.939636070086974,0.649129409742356,0.214620469096222
51.87,0.2,406.444931982591,0,0.935958059742453,0.650819147623035,0.21561304963969
51.88,0.2,406.652416704474,0.000460446100879382,0.936714594507286,0.651212748092252,0.215318617122344
51.89,0.2,406.857870660427,7.51081224914104e-05,0.939149060359199,0.649092202855713,0.212975301216433
51.9,0.2,407.061256051929,0.000401516047838521,0.937209909038467,0.648182301858213,0.213710797828429
51.91,0.2,407.262535272926,0,0.940419076079173,0.646895810693737,0.214491006822083
51.92,0.2,407.461670922097,0.00016291145039298,0.937451693422256,0.648196702969217,0.213318355372542
51.93,0.2,407.658625815025,0,0.942046588033285,0.649148634960586,0.214534956383148
51.94,0.2,407.853362996271,0,0.939740198462851,0.649929502093573,0.214437160318062
51.95,0.2,408.045845751341,0.00115261749796014,0.937855907107263,0.64837384875356,0.215420836171694
51.96,0.2,408.236037618553,0.0013370314196846,0.940008464892754,0.647446954092581,0.213296160683884
51.97,0.2,408.423902400798,0,0.940771529561589,0.647374487418016,0.213482017383544
51.98,0.2,408.609404177179,0.00126874733423949,0.940456193348093,0.646990713566755,0.214414844722087
51.99,0.2,408.792507314547,0,0.938689497384473,0.648267054521341,0.215372171358814
52,0.2,408.973176478913,0.000898155592625844,0.940329177096002,0.64678562559761,0.216534459065079
52.01,0.2,409.151376646742,0.000849103508457257,0.937278651505813,0.648896767072703,0.213568309567421
52.02,0.2,409.327073116122,0,0.940766321944279,0.647091714623382,0.21413645845866
52.03,0.2,409.500231517805,0.00169970766083323,0.942538034205942,0.64987081468095,0.212911036330833
52.04,0.2,409.670817826127,0.0020978803426499,0.942647303111514,0.648427704386023,0.215204349112247
52.05,0.2,409.838798369787,0,0.940148229291875,0.64759161866843,0.213666761854679
52.06,0.2,410.004139842496,0.000372832016659913,0.941753092230899,0.646847302221371,0.214782100920345
52.07,0.2,410.166809313492,0.000187978041560374,0.941565656744763,0.645856513256248,0.214539672536803
52.08,0.2,410.326774237908,0,0.940751331150639,0.647483041506375,0.21744957050657
52.09,0.2,410.484002467011,0.00137107005898236,0.940114560245169,0.647618801499985,0.217448013060564
52.1,0.2,410.638462258283,0.00244751695897328,0.939442411709907,0.64953347936584,0.21322715324163
52.11,0.2,410.790122285365,0.0021370155670469,0.942217529691883,0.645228156676361,0.215483796582409
52.12,0.2,410.938951647853,0.000613314494253453,0.941037360390789,0.645236163209291,0.217247792762707
52.13,0.2,411.084919880936,0.0026273562592659,0.938279991243169,0.646017882059286,0.21384864438346
52.14,0.2,411.227996964891,0.000344203267547463,0.942207186297192,0.64602864439278,0.214117964989611
52.15,0.2,411.368153334417,0.000141578204887655,0.942537728085504,0.64653114770578,0.213941920094236
52.16,0.2,411.505359887814,0.00025055973583595,0.941112136843382,0.645998446776199,0.214827710470119
52.17,0.2,411.639587996006,0.000517287126487117,0.94404208131487,0.648171360467258,0.214503305403799
52.18,0.2,411.770809511402,0.00158151556875049,0.942536648095311,0.645869553618575,0.214686978323059
52.19,0.2,411.898996776593,0.00123337209043178,0.944566457117272,0.645497734215829,0.215215824140303
52.2,0.2,412.024122632891,0.000763289969674367,0.942213123127912,0.644892823022085,0.216401655000608
52.21,0.2,412.146160428695,0.00182871068855524,0.942151399547815,0.648108458968504,0.215565098687488
52.22,0.2,412.2650840277,0,0.945785397569406,0.643321906172507,0.212676049382146
52.23,0.2,412.380867816926,0.000550047236211343,0.939408269466544,0.64603790475044,0.213632420995699
52.24,0.2,412.493486714587,0.00195132664935529,0.944267929379122,0.643654106236106,0.212435475266378
52.25,0.2,412.602916177783,0.000903125117561436,0.9443177153598,0.643270946152113,0.212505736772927
52.26,0.2,412.709132210021,0,0.943141045502654,0.646401172872201,0.21669087084822
52.27,0.2,412.81211136856,0.000998067775610235,0.943822680134635,0.646776715231528,0.213472659044461
52.28,0.2,412.911830771586,0.000954532093077365,0.945285245992786,0.643288264505366,0.215712812811971
52.29,0.2,413.008268105201,0,0.943629742259877,0.644540442485497,0.215442623571238
52.3,0.2,413.101401630242,4.19019383802217e-05,0.943345628985902,0.644981220274979,0.213966434329861
52.31,0.2,413.19121018892,4.55655147915811e-05,0.946216319011222,0.645543667968188,0.21468497495068
52.32,0.2,413.277673211272,0,0.941853224254517,0.642052334816301,0.215326309205024
52.33,0.2,413.36077072144,0,0.943316489846452,0.643786628891202,0.21371150789564
52.34,0.2,413.440483343765,0.000547770130355969,0.943100556177286,0.644760836407046,0.216625158121412
52.35,0.2,413.516792308692,0,0.944374346029115,0.645312596302864,0.213542341415739
52.36,0.2,413.589679458501,0.00137184396311639,0.943428952817376,0.643724332967007,0.215049160804139
52.37,0.2,413.659127252842,0.000862443709897329,0.945286396183883,0.645201513078386,0.215381554438011
52.38,0.2,413.725118774093,0,0.941878633044466,0.644928982464035,0.214506468061788
52.39,0.2,413.787637732525,0.00174421230410337,0.942976956337312,0.644736225496532,0.214324081693206
52.4,0.2,413.84666847128,0,0.942892322324731,0.643480791922991,0.215018453629919
52.41,0.2,413.902195971165,0.000613893432441603,0.946668338509184,0.642392091639589,0.213699263311273
52.42,0.2,413.954205855247,0.00154630804935754,0.942836517222644,0.643606815712867,0.215795699846672
52.43,0.2,414.002684393274,0.000343236288754601,0.940978985873011,0.643811497334743,0.215090825835318
52.44,0.2,414.047618505884,0,0.94112624074023,0.642666532927096,0.214796549008747
52.45,0.2,414.088995768644,0,0.943050295106863,0.644065820717447,0.216066268743993
52.46,0.2,414.126804415881,0,0.945822427131212,0.643271289179438,0.217133464627285
52.47,0.2,414.161033344329,0,0.943763262170545,0.64271814679945,0.214781448726501
52.48,0.2,414.191672116581,0,0.944002878858278,0.644919774077263,0.215810402348637
52.49,0.2,414.218710964347,0,0.942256956590474,0.644755105743558,0.214809297867407
52.5,0.2,414.242140791519,0,0.944727480883834,0.644705467932466,0.212440391397525
52.51,0.2,414.261953177037,0.000483770125293291,0.944300633464301,0.644718177222747,0.216877633857991
52.52,0.2,414.27814037757,0,0.941910124343181,0.642839449611884,0.21567342641461
52.53,0.2,414.290695329988,0.00103149671960993,0.943928408950505,0.642490106256117,0.212142845816983
52.54,0.2,414.299611653655,0,0.942629614400595,0.64226636464106,0.218606221349281
52.55,0.2,414.304883652508,0,0.944108544662847,0.644438557613743,0.216375724617048
52.56,0.2,414.306506316953,0.000587141133229582,0.944231055062407,0.642695365082332,0.216302616960543
52.57,0.2,414.304475325562,0,0.944743954741877,0.642792382036364,0.215969532959834
52.58,0.2,414.298787046567,0.00155821789867598,0.945248295614697,0.643568068367332,0.216351642994857
52.59,0.2,414.289438539164,0.00224274933886274,0.942601565641618,0.645272756930519,0.214353475476597
52.6,0.2,414.276427554614,0.000415352550345992,0.943045236355804,0.644731584629574,0.213294565494162
52.61,0.2,414.259752537155,0,0.945609847657982,0.643071631583682,0.213018606449276
52.62,0.2,414.239412624704,0,0.945014853305434,0.644687024047957,0.214535774876424
52.63,0.2,414.215407649373,0,0.945633642760215,0.644578909110717,0.214141539095752
52.64,0.2,414.187738137783,0.000689199407156118,0.941109223391162,0.642140810252903,0.214288542383637
52.65,0.2,414.156405311175,0,0.944516568012278,0.641581161480729,0.216223629496605
52.66,0.2,414.12141108533,0.00199070372987258,0.939762959945748,0.644621271237245,0.215230718011686
52.67,0.2,414.08275807029,0.000866551920069998,0.943445336813836,0.641650398058334,0.212527133173513
52.68,0.2,414.040449569879,0,0.944150078593261,0.64620188059697,0.21521529363409
52.69,0.2,413.994489581025,0.000110150513551533,0.944866266493233,0.643202795290876,0.212490287931788
52.7,0.2,413.944882792887,0.0020391192642933,0.943276442977916,0.64257517759455,0.216681531043242
52.71,0.2,413.891634585784,0,0.940380265286154,0.645519857449267,0.214546961066071
52.72,0.2,413.834751029922,0,0.945812124012825,0.644968039415777,0.213477481214812
52.73,0.2,413.774238883933,0,0.941942511584162,0.645532136580087,0.212606780300786
52.74,0.2,413.710105593204,0,0.942305476222835,0.643633643528729,0.215354313364753
52.75,0.2,413.642359288016,0.00219250641412784,0.943238803626803,0.642589780941213,0.214309364089568
52.76,0.2,413.57100878149,0,0.942050109937672,0.644629735359615,0.215416985404729
52.77,0.2,413.496063567327,0,0.940567638503713,0.644494220923286,0.213729980159442
52.78,0.2,413.417533817355,0,0.944167015792189,0.645698601197025,0.216160233435458
52.79,0.2,413.335430378883,0.0023065181505305,0.943177654121903,0.643227090497854,0.212864950662149
52.8,0.2,413.249764771857,0,0.944109049039881,0.642891316646559,0.214528982498097
52.81,0.2,413.160549185816,0,0.944551507804871,0.640408187024961,0.218117325336723
52.82,0.2,413.067796476661,0,0.938895774962592,0.644617303298753,0.212822346569049
52.83,0.2,412.971520163223,0,0.941744001553667,0.641965666233985,0.214521276098161
52.84,0.2,412.871734423639,0,0.943287578109628,0.643695750859345,0.214270728599397
52.85,0.2,412.768454091531,0,0.941045420004513,0.643203044570216,0.216461777856335
52.86,0.2,412.661694652001,0.000261629112991971,0.940872015086019,0.641503755569025,0.214319220806805
52.87,0.2,412.551472237417,0,0.938918252050467,0.643513639755762,0.214806175071825
52.88,0.2,412.437803623025,0.00120070774343617,0.942533863594628,0.646098947640316,0.215150577027395
52.89,0.2,412.320706222352,0.000758609439466553,0.939372399426043,0.645279405264455,0.216003281839098
52.9,0.2,412.200198082434,0,0.942149041759137,0.645596983604324,0.216100371509071
52.91,0.2,412.076297878838,0,0.941294383315061,0.646305710534119,0.215084493752863
52.92,0.2,411.949024910508,0.00150051775695905,0.941097884312194,0.644452569179468,0.214615714475875
52.93,0.2,411.818399094414,0,0.942813216637457,0.646358161256198,0.217996082194999
52.94,0.2,411.684440960011,0,0.939384775796428,0.642548786793412,0.212690886580268
52.95,0.2,411.54717164352,0,0.942034134664975,0.644991316751648,0.212297323304028
52.96,0.2,411.406612882012,0.000444486806620163,0.944289463785426,0.642988773791247,0.215417990876201
52.97,0.2,411.262787007313,0.00158726568543816,0.939621082662902,0.645106530315609,0.214338834127638
52.98,0.2,411.115716939721,0.000352729039003353,0.939423485705941,0.645404529271764,0.213464131317101
52.99,0.2,410.965426181541,0,0.940789967759785,0.645141713051013,0.215406499357569
53,0.2,410.811938810435,0,0.938149356141425,0.64815611156305,0.217251975292206
53.01,0.2,410.655279472593,0,0.939463277377522,0.647337342179604,0.218268947078189
53.02,0.2,410.495473375721,0,0.939660796150754,0.644592047206029,0.216272712123062
53.03,0.2,410.332546281851,0,0.941863304882298,0.647063763754582,0.215162043752346
53.04,0.2,410.16652449997,0.000147646191100364,0.94196430873553,0.647312212048206,0.213128614609858
53.05,0.2,409.997434878476,0,0.938130963409929,0.646156837004833,0.214035953998798
53.06,0.2,409.825304797457,0,0.939761282907456,0.645838733912293,0.214954694358827
53.07,0.2,409.650162160791,0,0.940025997401736,0.645343747530254,0.216852479999925
53.08,0.2,409.472035388078,0,0.937851023795526,0.645952501773348,0.215394695932501
53.09,0.2,409.290953406399,0.00271671347723497,0.939007335796919,0.645758671400559,0.215998568390711
53.1,0.2,409.106945641908,0,0.939199744227167,0.648997712129422,0.21636229564418
53.11,0.2,408.920042011244,0.00297311574498526,0.938632278984888,0.646090057065655,0.214875111789016
53.12,0.2,408.73027291279,0,0.939806264448002,0.646190607641787,0.216809806932015
53.13,0.2,408.53766921776,0,0.938749975366403,0.647490873801577,0.21470744688501
53.14,0.2,408.342262261119,0,0.939486591678359,0.644013876114266,0.216242972228638
53.15,0.2,408.14408383235,0,0.936243845434599,0.646957505435951,0.213592428582898
53.16,0.2,407.943166166052,0,0.93554329938026,0.647607808453027,0.216330734215769
53.17,0.2,407.739541932384,0,0.935112046108947,0.646410420108807,0.21441944289056
53.18,0.2,407.533244227354,0,0.935709448487147,0.644872140588919,0.215805861654943
53.19,0.2,407.32430656295,0.000870118129106796,0.937958533344814,0.647454132891923,0.215157733984647
53.2,0.2,407.112762857124,0.000170349171469158,0.937135960283162,0.64683189399395,0.214403581277352
53.21,0.2,406.898647423617,0,0.936013338850775,0.648176951770985,0.214177952579917
53.22,0.2,406.68199496165,0,0.935442182483489,0.647571670330756,0.217349245787672
53.23,0.2,406.462840545453,0,0.935710998568851,0.649236845187747,0.214569106031619
53.24,0.2,406.241219613667,0.000462214221663501,0.933837729042364,0.647592532630157,0.214225258557503
53.25,0.2,406.017167958592,2.97589280064097e-05,0.936976152466066,0.648556217452519,0.21580632808051
53.26,0.2,405.790721715303,0,0.935654043747984,0.645984680028359,0.214235256537859
53.27,0.2,405.561917350632,2.78217503167747e-05,0.938007082241144,0.646981976674652,0.215529981826031
53.28,0.2,405.330791652012,0.000119428221164341,0.933533837936298,0.647174633729453,0.215002339870738
53.29,0.2,405.097381716191,0.00127807971741467,0.935425461259942,0.649510490797631,0.214024884643152
53.3,0.2,404.861724937825,0,0.935617894987065,0.647351579501798,0.21451082056742
53.31,0.2,404.623858997936,0.0011750106764361,0.933098516686589,0.650043416381441,0.215265852708832
53.32,0.2,404.383821852256,0.000410921521828998,0.934112161506047,0.648755873832963,0.216802193791204
53.33,0.2,404.141651719446,0,0.933372320636098,0.647770076885387,0.214401591946495
53.34,0.2,403.897387069208,0,0.933818268510315,0.648780501904762,0.210146503108463
53.35,0.2,403.651066610273,0,0.932877070022165,0.647936568545358,0.213928137148233
53.36,0.2,403.402729278286,0,0.935769724771154,0.647644008815159,0.213855870199912
53.37,0.2,403.152414223585,0,0.931183872133529,0.64842124433209,0.213696915414256
53.38,0.2,402.900160798875,0.0014456976052555,0.933345128799751,0.65036371149614,0.215029356669724
53.39,0.2,402.646008546805,0.000279485095656484,0.932364683209822,0.649835165528697,0.213694930742498
53.4,0.2,402.389997187442,0,0.931886593137905,0.648684457372823,0.213198646713429
53.41,0.2,402.132166605666,0,0.931902097488992,0.647457115189955,0.214657954904846
53.42,0.2,401.872556838461,0.00230627604681615,0.931149131318135,0.651596865560798,0.214826945066588
53.43,0.2,401.611208062132,0.000507184460136569,0.935145801420785,0.649478854483541,0.214653455865342
53.44,0.2,401.348160579439,0,0.933965056603184,0.650476751943803,0.215426529923153
53.45,0.2,401.083454806648,0.00187969936522754,0.930525034287352,0.649563812686143,0.216191297067482
53.46,0.2,400.81713126052,0.00180570268467313,0.930986878817928,0.651625091503212,0.21406132433656
53.47,0.2,400.549230545217,0.000404651636920298,0.93330523711364,0.650907375420683,0.214596140963693
53.48,0.2,400.279793339155,0,0.929084226272277,0.649130025628436,0.213264856594666
53.49,0.2,400.008860381791,0.000859740895927611,0.932249101564431,0.648372005291256,0.215942882895978
53.5,0.2,399.736472460354,0,0.927962832147835,0.652125805313503,0.217238685223913
53.51,0.2,399.462670396527,0.000714539259717054,0.929480716181762,0.651771555211496,0.216340246573409
53.52,0.2,399.187495033075,2.38353155548528e-05,0.930508682275684,0.652009174241971,0.216543943651571
53.53,0.2,398.910987220439,0.00283527625066446,0.932786840821733,0.649963971403208,0.213312597977673
53.54,0.2,398.633187803284,0,0.932407097046704,0.650037341168449,0.213982032766898
53.55,0.2,398.354137607019,0,0.929912536374731,0.651872130986046,0.214221947881295
53.56,0.2,398.073877424284,0.00143907108992453,0.930237644060238,0.653935453729602,0.213626803343961
53.57,0.2,397.792448001416,0.00102473923096721,0.929680474419095,0.651305256489489,0.212871994759893
53.58,0.2,397.509890024895,0,0.926789181526133,0.651976016132182,0.213440252849677
53.59,0.2,397.226244107773,0,0.929418957296373,0.651186185093949,0.215951711154263
53.6,0.2,396.941550776105,0,0.92957523865163,0.653363018002467,0.215329795496955
53.61,0.2,396.655850455356,0.00365714206221686,0.926563131938049,0.651632966671157,0.215712669811915
53.62,0.2,396.369183456832,0,0.925316408916615,0.6532225868348,0.216315833300666
53.63,0.2,396.0815899641,0,0.926412682315941,0.656004796824566,0.213999880789147
53.64,0.2,395.793110019434,0.000527507994197392,0.925681349525413,0.653171207343365,0.21690073360959
53.65,0.2,395.503783510262,0.000279004456977001,0.928354640743123,0.653901999531042,0.215518395012361
53.66,0.2,395.213650155651,0,0.923523002267823,0.653268121170229,0.213276552715787
53.67,0.2,394.922749492813,0,0.925786778278273,0.655675872021599,0.215110202553969
53.68,0.2,394.631120863645,2.09126673252122e-05,0.927545452937161,0.655717441195004,0.219192792641027
53.69,0.2,394.338803401309,0,0.925775847763751,0.652769594388012,0.216791114195467
53.7,0.2,394.045836016857,0,0.924855642549621,0.65397017029117,0.215596130735467
53.71,0.2,393.752257385907,0,0.92557875009284,0.652524563883636,0.214708103791296
53.72,0.2,393.458105935373,0,0.925462117279839,0.654648652068671,0.215462110972696
53.73,0.2,393.163419830261,0,0.925556807533445,0.656683248513511,0.213552517489197
53.74,0.2,392.868236960531,0.000228130376413841,0.921099483666673,0.654190511909494,0.213253185788404
53.75,0.2,392.572594928032,0,0.921312079901907,0.655063292975407,0.217500495986197
53.76,0.2,392.276531033518,0.000766446993435552,0.924794080617145,0.654825961658659,0.215860658127761
53.77,0.2,391.980082263746,0,0.922393711963286,0.654251482372444,0.216081230420886
53.78,0.2,391.683285278673,0,0.92432448192756,0.654157640961013,0.215996900158383
53.79,0.2,391.386176398743,0.000844719033400904,0.922995412995067,0.655572255907549,0.216854949311713
53.8,0.2,391.088791592279,0.00121653323794471,0.924067815082239,0.652914050424288,0.217361235154826
53.81,0.2,390.791166462989,0.000735791537090404,0.91876716683096,0.654528202735294,0.213171682943249
53.82,0.2,390.493336237582,0,0.922290607388795,0.654771484118533,0.215390420445852
53.83,0.2,390.195335753504,0,0.919344340894261,0.654530046576292,0.214044032610966
53.84,0.2,389.897199446811,0,0.91820387553493,0.654696691505681,0.213635388902486
53.85,0.2,389.598961340163,0.000482249421125412,0.919952255213107,0.653708071223253,0.213612702432528
53.86,0.2,389.300655030966,0,0.919031921733477,0.654196772267286,0.215201455548672
53.87,0.2,389.002313679653,7.25663445602151e-05,0.917941454377573,0.655662275218806,0.214040232995231
53.88,0.2,388.703969998127,0.000452766126576668,0.918002670039879,0.656741690952376,0.217524423420005
53.89,0.2,388.405656238345,0,0.917598404368873,0.658696042597779,0.217968526139425
53.9,0.2,388.107404181078,0.000276180145555874,0.918482589976776,0.654352766624298,0.215630713667663
53.91,0.2,387.809245124836,0.0037527659538629,0.91943851650885,0.657737804655306,0.21167150583429
53.92,0.2,387.511209874967,0.00367289088142473,0.918060961259643,0.654303824409717,0.216136412689884
53.93,0.2,387.213328732938,0,0.917135212358471,0.656147453746777,0.215293841848523
53.94,0.2,386.915631485802,0,0.916535139776431,0.657164717656673,0.215359777270821
53.95,0.2,386.618147395854,0,0.918813622548354,0.653348780741889,0.215866006565638
53.96,0.2,386.320905190492,0,0.915903965167053,0.65504280803953,0.218047761542765
53.97,0.2,386.023933052276,0.0016150713986775,0.919103999749604,0.654703425117823,0.215066325664437
53.98,0.2,385.727258609197,0.0015535303261451,0.915301254154749,0.656247204621875,0.21363266509753
53.99,0.2,385.43090892516,0.0028496252346346,0.916738299382694,0.654607905980404,0.211826418810953
54,0.2,385.134910490693,0,0.913788906182282,0.658013003105516,0.212306561429417
54.01,0.2,384.83928921387,0,0.913205853664465,0.658008615504936,0.215775617976383
54.02,0.2,384.544070411476,0.00161422574202322,0.915387764468254,0.657633691415154,0.216100327527315
54.03,0.2,384.249278800402,0.00239245356821449,0.915427153991696,0.656549265475847,0.213408501897289
54.04,0.2,383.954938489281,0,0.915160921681844,0.65424699540061,0.216670767389939
54.05,0.2,383.661072970373,0.000471205426137043,0.91386943931276,0.653112734505175,0.213249287242124
54.06,0.2,383.367705111698,0,0.912338916452066,0.659512434947773,0.211976850406413
54.07,0.2,383.074857149425,0.00207386442819032,0.916683541955407,0.658041669602902,0.215019138001209
54.08,0.2,382.782550680525,0,0.913201182561453,0.654846876445613,0.216023986444464
54.09,0.2,382.490806655684,0.00170997478684031,0.912457630889683,0.656915226915746,0.215425033614524
54.1,0.2,382.199645372489,0,0.910685483365029,0.656779643586512,0.21524192822824
54.11,0.2,381.909086468886,0,0.912159250627004,0.657021371466756,0.216781866531422
54.12,0.2,381.619148916919,0,0.910709180514191,0.658368196595019,0.217080142283209
54.13,0.2,381.329851016748,0.000756062450845587,0.912481075465949,0.656263197215918,0.216127383208866
54.14,0.2,381.041210390953,0.00181883668184606,0.909267539782588,0.658589767865691,0.214137661403944
54.15,0.2,380.753243979133,0,0.910306905407733,0.65510908702708,0.214937445142585
54.16,0.2,380.465968032792,8.25363180692038e-05,0.909681231237221,0.659522911535637,0.216195399630087
54.17,0.2,380.179398110528,0.00141535434802216,0.907474408873069,0.655349198681591,0.214543228771227
54.18,0.2,379.893549073521,0.00131517387658455,0.908973848572216,0.656685139948188,0.215134526230824
54.19,0.2,379.60843508132,0.00171444807314692,0.908096448389678,0.65682902724768,0.216711375021056
54.2,0.2,379.324069587946,0.00128105417979048,0.907875695150462,0.658508477606718,0.21438332120175
54.21,0.2,379.040465338299,0.000644966551557801,0.908007046138123,0.656524870690674,0.216431858061455
54.22,0.2,378.75763436488,0,0.905959664104309,0.6560224568061,0.216467312728646
54.23,0.2,378.475587984825,0.00106893420050839,0.905502458354421,0.657016416833579,0.216443749709578
54.24,0.2,378.194336797262,0,0.904601212830514,0.657020632907519,0.216115953901394
54.25,0.2,377.913890680983,0,0.906301157586625,0.655341555911489,0.213720285888622
54.26,0.2,377.634258792444,0,0.905740492079747,0.658574410392485,0.215734868254618
54.27,0.2,377.355449564082,6.3885598478768e-05,0.90590333559168,0.65661769678472,0.212928714497084
54.28,0.2,377.077470702963,0.00057092679822429,0.904710332818475,0.657786690310096,0.218869646412535
54.29,0.2,376.800329189758,0.000467021755666751,0.904990171936908,0.654870255567989,0.214875921025309
54.3,0.2,376.52403127804,0.000339313633190083,0.905775006421007,0.654119910831018,0.215562748547156
54.31,0.2,376.248582493922,8.49138151026634e-05,0.904535115127118,0.655899886034217,0.214116889889202
54.32,0.2,375.973987636016,0.00223061450667508,0.903440492484538,0.655431811817255,0.213987771364598
54.33,0.2,375.700250775732,0,0.905072060857837,0.656364066906748,0.213544584251096
54.34,0.2,375.427375257901,0,0.900990000614526,0.655497492304374,0.21461470991185
54.35,0.2,375.155363701738,0.00035778439015349,0.903515073246232,0.655341124036094,0.21363030080695
54.36,0.2,374.884218002134,0,0.903357900849885,0.655880456765144,0.214757570615153
54.37,0.2,374.61393933128,3.95523421338864e-05,0.901998091483844,0.654840429216611,0.214079139317959
54.38,0.2,374.344528140631,0.000997084418933869,0.900861876704855,0.657627174218026,0.215468508751637
54.39,0.2,374.075984163191,0.00168622679989347,0.899777281215024,0.655242091664226,0.213542853637091
54.4,0.2,373.808306416141,0.00345724892058409,0.899649326244169,0.657659766478806,0.215297316272177
54.41,0.2,373.541493203791,0.0014881819220589,0.899722692565254,0.65652589986973,0.214436688299766
54.42,0.2,373.275542120866,0,0.900974968175205,0.655349896624695,0.214291063002636
54.43,0.2,373.01045005612,0.0017355941311438,0.901361862397175,0.65746736674994,0.215209891085415
54.44,0.2,372.746213196278,0,0.900617165805524,0.653926137807571,0.215738127342051
54.45,0.2,372.482827030305,0.000701361803343154,0.897239582192386,0.656383447553085,0.216016800458789
54.46,0.2,372.220286353998,0.000829188939103555,0.895109254170121,0.656205862088437,0.216090180253442
54.47,0.2,371.958585274904,0,0.898827317286794,0.654723385608413,0.215108745122857
54.48,0.2,371.697717217555,0,0.896049146045732,0.655118969811576,0.215256533270537
54.49,0.2,371.437674929026,0,0.896096149860001,0.655750318154234,0.216352559987684
54.5,0.2,371.178450484803,0.000538045426869878,0.897250931058955,0.657032801715454,0.216175800975539
54.51,0.2,370.920035294974,0,0.897569271603505,0.657244858353356,0.214197864459411
54.52,0.2,370.662420110719,0.0013599958977536,0.896534695066486,0.653049575795472,0.213821078466948
54.53,0.2,370.40559503112,0.00157403175968924,0.895299594841411,0.653343997596109,0.215060870260984
54.54,0.2,370.149549510265,0.000773223280858987,0.89395296988688,0.658188540708397,0.212672011329029
54.55,0.2,369.894272364662,0.00427949045779737,0.895498821869531,0.654629077934715,0.215509562601024
54.56,0.2,369.639751780943,0,0.89278628301277,0.654279585671963,0.215150574710216
54.57,0.2,369.385975323873,0,0.895146310260631,0.655520416398627,0.213868092640543
54.58,0.2,369.132929944637,0,0.8932776057527,0.655613249492621,0.215889491187702
54.59,0.2,368.880601989424,0,0.892515560457383,0.654934961242586,0.216263950527634
54.6,0.2,368.628977208286,0,0.892871888432799,0.656065376024049,0.213604925737953
54.61,0.2,368.378040764283,0,0.892111268238946,0.652085013260868,0.216138611176284
54.62,0.2,368.127777242895,0,0.890161906288197,0.654801175996705,0.216620736710612
54.63,0.2,367.878170661706,0,0.891251711828776,0.654871607306569,0.212428746957407
54.64,0.2,367.629204480356,0.000879855370086668,0.889987976857117,0.654516256077672,0.212718348058991
54.65,0.2,367.380861610745,0.00209496343253006,0.889849075435495,0.652683778713874,0.216611802041875
54.66,0.2,367.133124427502,0,0.888969928100156,0.655944400661282,0.213479716902204
54.67,0.2,366.885974778695,0,0.889722475196376,0.654623561087141,0.212725065895191
54.68,0.2,366.639393996792,0,0.890711561844216,0.655141986282743,0.215883270273569
54.69,0.2,366.393362909858,0.00135673993184743,0.890734210080973,0.653664826022117,0.216271650644906
54.7,0.2,366.14786185299,0.00177242103836167,0.889886468395353,0.654441162287832,0.215281237611602
54.71,0.2,365.902870679973,0.00157156179913697,0.88452498742121,0.650417305350139,0.216618753844582
54.72,0.2,365.658368775168,0,0.886793972846435,0.650472430583487,0.214354074596884
54.73,0.2,365.414335065614,0,0.886750845392631,0.653581319379132,0.216852984975689
54.74,0.2,365.170748033337,0.000170788092626951,0.884671528398353,0.651646211214929,0.214688593304617
54.75,0.2,364.927585727872,0,0.883648066251043,0.65092204344693,0.214243500531423
54.76,0.2,364.684825778981,0.00102287378109906,0.882609836134931,0.6541470997599,0.213843571021925
54.77,0.2,364.442445409561,0,0.886359052323247,0.653730676702303,0.216879761061317
54.78,0.2,364.200421448749,0,0.8843303354884,0.650362465986216,0.216732800797771
54.79,0.2,363.9587303452,0,0.884285860303008,0.652956344371418,0.21638093330133
54.8,0.2,363.717348180543,0,0.884709846473344,0.653671021334267,0.215121626024092
54.81,0.2,363.476250683007,0.00163621865406041,0.884528050231135,0.654018125376008,0.215521699960565
54.82,0.2,363.235413241205,0.000918191809191402,0.881882087527315,0.652205838835497,0.215935606556446
54.83,0.2,362.994810918083,0,0.8829161815023,0.65218232816675,0.215229354847779
54.84,0.2,362.754418465009,0.000163700835259745,0.883734091196399,0.650191735862152,0.214681664725795
54.85,0.2,362.514210336011,0.00158153793331818,0.8828671572801,0.654730990050631,0.215878622850314
54.86,0.2,362.27416070215,0,0.88138251526019,0.650910997898805,0.213537346253827
54.87,0.2,362.034243466024,0.000784299227078769,0.879251482793979,0.649995649170651,0.214481270260163
54.88,0.2,361.794432276393,0,0.879431653204671,0.65145705740098,0.213388730412799
54.89,0.2,361.554700542924,0,0.880517040185393,0.649660446513625,0.215378929764931
54.9,0.2,361.315021451047,0,0.879957363428873,0.649453763102129,0.215711464350142
54.91,0.2,361.075367976913,0.000518971818026882,0.881612882914692,0.652726884864922,0.216188693831275
54.92,0.2,360.835712902447,0.000592170724060229,0.880031303185185,0.651397973220619,0.217209848857483
54.93,0.2,360.596028830498,0,0.878065331394718,0.65084612565564,0.213773893803244
54.94,0.2,360.356288200068,5.90006362968294e-05,0.879566082113452,0.650172354221418,0.215278616178054
54.95,0.2,360.11646330162,0.000136729299326154,0.878010726418394,0.649976557749989,0.215011444274385
54.96,0.2,359.876526292458,0.00146062307000933,0.877169420369252,0.650416244364077,0.213775441912678
54.97,0.2,359.636449212169,0,0.876807846789079,0.648562499762109,0.215920983490336
54.98,0.2,359.396203998126,0,0.874180836307468,0.649223789431482,0.215726070374281
54.99,0.2,359.15576250104,0.00173691598945109,0.874707434280735,0.649681877086219,0.211682242380026
55,0,358.915096500558,0.000947513454321252,0.874651204488152,0.646946834488398,0.216350846452196
55.01,0,358.674177720898,0.00023673476516575,0.873873313420636,0.650639745418332,0.212469349426708
55.02,0,358.432977846519,0.000283788753768006,0.876774636460565,0.648892790172099,0.214950257949116
55.03,0,358.191468537813,0,0.874196735510375,0.649835166319393,0.214393983862437
55.04,0,357.949621446818,0,0.873471901945771,0.647023390102738,0.218895667110642
55.05,0,357.707408232948,0.00197438135503011,0.870601001469708,0.649167583320103,0.215921455935651
55.06,0,357.46480057872,0.000661324146131186,0.872062279793607,0.648105639072004,0.213169042445682
55.07,0,357.221770205491,0.00229465593987462,0.871678016882225,0.649822748108786,0.213756877753246
55.08,0,356.978288889185,0,0.871258097119319,0.649380870631135,0.213909110680449
55.09,0,356.73432847601,0,0.87383064293964,0.649386869874475,0.214606723108562
55.1,0,356.489860898157,8.90620969571166e-05,0.867102941498967,0.647624528954567,0.213402247491674
55.11,0,356.244858189472,0.000787103342198245,0.86912332791871,0.646265146496678,0.214536362500295
55.12,0,355.999292501106,0,0.871531395617976,0.647574819449861,0.215905141710606
55.13,0,355.753136117121,0,0.870175001310006,0.648117274173996,0.218316064104572
55.14,0,355.50636147006,0,0.870740665948865,0.643465569253604,0.216581835054217
55.15,0,355.258941156473,0.00213615966383626,0.868912899290157,0.648220382260272,0.215874306170727
55.16,0,355.010847952379,0.00113345202445436,0.865679331626318,0.646400250676621,0.21655314771165
55.17,0,354.762054828685,0.000418720744462555,0.868615272952852,0.649919479103043,0.215957551845143
55.18,0,354.512534966529,0.000620849096984384,0.866826514271381,0.647572598651142,0.213026399361254
55.19,0,354.262261772562,0.00295658421489272,0.868858406399915,0.649068843571319,0.21489734062186
55.2,0,354.01120889415,0.00120702230250586,0.866199385909207,0.649861052334151,0.216041021841699
55.21,0,353.759350234502,0.000903346394623222,0.866145599672897,0.648000191747872,0.213721158833403
55.22,0,353.506659967707,0,0.867426595812247,0.646200926279429,0.217145698249308
55.23,0,353.253112553687,0.00242173178350033,0.865812716679322,0.647009396101423,0.21301633842251
55.24,0,352.998682753053,0.0032711227703443,0.863882896168995,0.648271787844433,0.217262502062946
55.25,0,352.743345641857,2.35108176332791e-06,0.862179362417409,0.647293283586887,0.21521184077408
55.26,0,352.487076626244,0.000792369272501265,0.864554546063439,0.647822707513603,0.216701990453324
55.27,0,352.229851456997,0.00129065308224867,0.862055349509383,0.648190517080776,0.215070613508499
55.28,0,351.971646243959,0.00129145294071442,0.863510574848073,0.646024331956764,0.214943910640801
55.29,0,351.712437470342,0,0.863917037404715,0.647722757113888,0.216332545504364
55.3,0,351.452202006913,0,0.862836859332504,0.645274239822445,0.213445745003034
55.31,0,351.190917126049,0,0.864003829200951,0.646051466693252,0.214174049566702
55.32,0,350.92856051566,0.000497673490209719,0.863544495993933,0.642761526480388,0.216430443974766
55.33,0,350.665110292979,0.000594698606133311,0.860077506204464,0.648088287366285,0.211913089169916
55.34,0,350.400545018203,0,0.858255763010926,0.645304925225679,0.214674630324427
55.35,0,350.134843708,0,0.859755891341006,0.642771862586647,0.214726712776039
55.36,0,349.867985848856,0,0.860648637338533,0.646753289177327,0.215910217240034
55.37,0,349.599951410272,0.000604970962322486,0.858063242913829,0.645339438477532,0.213356255147323
55.38,0,349.330720857811,0.00103815335708036,0.860033474868591,0.643975086346563,0.214216714463836
55.39,0,349.060275165971,0,0.8572714338975,0.64446671584182,0.216608904831362
55.4,0,348.788595830902,0.00348657619974153,0.857669345520461,0.647201397577415,0.21485497031114
55.41,0,348.515664882953,0,0.856842176154664,0.645442128323495,0.215236638715438
55.42,0,348.241464899044,0.00105828871686058,0.857787977123858,0.645308156595151,0.214034874945576
55.43,0,347.965979014862,0,0.856942166426119,0.643664366944785,0.216450616864677
55.44,0,347.689190936882,0.00151140765510908,0.857654501180042,0.646310531712941,0.210715116474611
55.45,0,347.411084954198,0.00109880955998856,0.857782673034529,0.64159244187638,0.217355045014746
55.46,0,347.131645950173,0,0.85619864712227,0.644142424402499,0.214618753258414
55.47,0,346.850859413898,0.00018324622849193,0.854491272732777,0.646733153137159,0.216391494312204
55.48,0,346.568711451454,0,0.852886364433979,0.645099358121153,0.215270406059102
55.49,0,346.285188796987,0,0.851227895956466,0.644699873469905,0.214857019208111
55.5,0,346.000278823569,0,0.854821928753838,0.643076099114458,0.215795635930316
55.51,0,345.713969553872,0,0.853469397754105,0.644685328250511,0.216119639923872
55.52,0,345.426249670625,0.000459604120157636,0.851631225847955,0.645543413220475,0.21630176184654
55.53,0,345.137108526869,0,0.85489349490114,0.644827965226497,0.215356840244016
55.54,0,344.846536155995,0.000661211536432709,0.852313299120898,0.643777791981451,0.215546016861232
55.55,0,344.554523281571,0,0.850737007528344,0.64482877052459,0.215624669271513
55.56,0,344.261061326954,0,0.852879977901383,0.643422031355075,0.218122862966749
55.57,0,343.966142424675,8.0130945708946e-05,0.847067728014069,0.644218630894838,0.212498882995373
55.58,0,343.669759425604,0.000395804516944691,0.85092610688172,0.646963852958501,0.215484184345076
55.59,0,343.371905907893,0,0.847523371851777,0.6459609453841,0.214566575611984
55.6,0,343.072576185687,0,0.849739448196822,0.645365135716491,0.213492947074018
55.61,0,342.771765317603,0.00170194244913889,0.850223904597958,0.645291286583341,0.215925236875646
55.62,0,342.469469114975,0,0.850767439088412,0.642432701503433,0.216162704061234
55.63,0,342.165684149871,0,0.850068950138603,0.64205878599769,0.212204894048483
55.64,0,341.86040776286,0.00106649754679127,0.848903234967961,0.644447412148043,0.215843203589648
55.65,0,341.553638070542,0,0.848141910986889,0.644865646184609,0.217923566346082
55.66,0,341.245373972836,0.00166021380186838,0.84709299333776,0.645273122971105,0.216327220316631
55.67,0,340.935615160024,0,0.847569186996503,0.642515780754206,0.214059625339652
55.68,0,340.624362119538,0.00137851683077667,0.846121547558415,0.643055357912752,0.213401583119836
55.69,0,340.311616142501,0,0.844138956384724,0.644951619755427,0.216309046241448
55.7,0,339.99737933002,0.00078633885219227,0.846793339757269,0.643110089639262,0.217025513686033
55.71,0,339.681654599211,0.00116648955762297,0.845372494803699,0.643950942966408,0.214597122712456
55.72,0,339.364445688978,0.00164155133615925,0.846088550944014,0.642434144030754,0.215237819256691
55.73,0,339.045757165519,0,0.845222388849048,0.642691195978716,0.215304591712474
55.74,0,338.725594427586,0.000546850803123805,0.84530417520734,0.643850453031286,0.215591109237071
55.75,0,338.403963711462,0.000235890834681509,0.843012279629432,0.64447448492979,0.214790131954174
55.76,0,338.080872095684,0.00163104032337658,0.842717413620349,0.642000889799401,0.214160802099586
55.77,0,337.756327505487,0,0.841721002897504,0.645307805396832,0.217976676784799
55.78,0,337.430338716987,0.00202041079129521,0.840590751168405,0.642097218427532,0.214047588363493
55.79,0,337.102915361077,0,0.841583821998115,0.645650486587066,0.214747335191546
55.8,0,336.774067927054,0,0.84276332239739,0.642904738366037,0.210561281877819
55.81,0,336.443807765974,0.00274727595831369,0.841513302585937,0.641560855356204,0.213884162047855
55.82,0,336.112147093708,0,0.839516081333892,0.643290013227567,0.214665941274047
55.83,0,335.779098993736,0.00011703221512837,0.842866564792659,0.642959677802669,0.216390067497722
55.84,0,335.444677419638,0.000466155485392134,0.839362742139927,0.644004282538302,0.215553528911649
55.85,0,335.108897197313,0.00209758152169328,0.836779718084233,0.645491396465317,0.2144866650555
55.86,0,334.771774026894,0,0.838236723798595,0.646459761534396,0.214183106180347
55.87,0,334.433324484385,0,0.839135390789958,0.641526605499902,0.215038227058105
55.88,0,334.093566022991,0,0.840177866455386,0.645452700221607,0.214507163544576
55.89,0,333.752516974168,0,0.837544961548688,0.643058004425139,0.216279860895828
55.9,0,333.410196548354,0.00130129418795908,0.834534405913134,0.643108166153515,0.212309551739571
55.91,0,333.06662483542,0,0.839367946624041,0.643407773343246,0.212921791531231
55.92,0,332.721822804807,0.000236003802439488,0.836017309967467,0.641724973285068,0.215260905430765
55.93,0,332.37581230536,0,0.837441596802619,0.646312087835202,0.216023178588181
55.94,0,332.028616064856,0,0.838586957420232,0.646441340089926,0.215017711917509
55.95,0,331.680257689228,0,0.836997437989725,0.64320811357089,0.213078319640244
55.96,0,331.330761661466,0.000361387632490328,0.837941139466932,0.645405943333082,0.214993381987645
55.97,0,330.980153340221,0.00124243786991313,0.834515626471173,0.643392487327106,0.215687036809735
55.98,0,330.628458958075,0.00191626330202326,0.83527818531874,0.642980657455388,0.211801553713565
55.99,0,330.275705619513,0.00242006331267072,0.834820255471882,0.642157997724507,0.215663916618455
56,0,329.921921298563,0,0.833865870329045,0.646862189187451,0.212910835890778
56.01,0,329.567134836114,0,0.834832563650782,0.643004206310775,0.215218270060578
56.02,0,329.21137593692,0,0.834389235761107,0.64460561115164,0.214949004191136
56.03,0,328.854675166271,0,0.835548990537861,0.644036824615362,0.212411203316927
56.04,0,328.497063946336,0.000161802206214362,0.832405543464838,0.6464148923294,0.214677627844868
56.05,0,328.138574552182,0.00162274663978893,0.833532948599328,0.64380671931238,0.212149815175495
56.06,0,327.779240107455,0.000760868379443883,0.831679903422274,0.643994720665157,0.217383212921055
56.07,0,327.419094579734,0,0.833111027143001,0.644126077658984,0.21393695359934
56.08,0,327.058172775543,0.000203232618792082,0.833460310549377,0.643922842636614,0.215856621365844
56.09,0,326.696510335029,0,0.828720030256116,0.645029207764376,0.214705963018346
56.1,0,326.334143726305,0.00264746723543076,0.830528459630047,0.642821025111802,0.214362723255428
56.11,0,325.971110239444,0,0.830886156196487,0.645068546844424,0.2139858153012
56.12,0,325.607447980136,0,0.831109357397134,0.644236342835506,0.213648544116454
56.13,0,325.243195862998,0.00117543389833488,0.826593125817167,0.642651842467254,0.217302639763673
56.14,0,324.878393604538,0,0.831509730582344,0.648494973132384,0.213584868626807
56.15,0,324.513081715777,0.000739703640778844,0.828583583744062,0.644501216978601,0.21692364375974
56.16,0,324.147301494509,0,0.827172905089709,0.647007737857504,0.21421956036755
56.17,0,323.781095017227,0,0.826931260081522,0.645163361346381,0.218323288794696
56.18,0,323.414505130681,0,0.826254377396064,0.646139307701999,0.213067407421811
56.19,0,323.047575443092,0.000226739415577888,0.829098697964313,0.647683222272947,0.212909755830289
56.2,0,322.680350315013,0,0.829637506146049,0.644048501263991,0.21623773374549
56.21,0,322.312874849822,0.00065802852885707,0.829278524040018,0.643889225921427,0.214406044980671
56.22,0,321.945194883872,0.000533398068505831,0.827664434811907,0.644744893312799,0.214106459884673
56.23,0,321.577356976275,0,0.827338635094285,0.644642114977308,0.214455087510087
56.24,0,321.209408398329,0.00171480734821572,0.827040093290288,0.644945739083188,0.214199394287464
56.25,0,320.841397122583,0,0.825762795934969,0.646170733896849,0.214354069593705
56.26,0,320.473371811547,0.00230999811445721,0.826715692482725,0.648197387366184,0.213462440903012
56.27,0,320.105381806033,0,0.828108205270876,0.645835744833333,0.215421091353869
56.28,0,319.737477113144,0,0.82399018415547,0.647076488454202,0.21679762984226
56.29,0,319.369708393893,0,0.826829545528753,0.647005762528868,0.212435805686534
56.3,0,319.002126950463,0.000629854250553202,0.822523699636379,0.647166940955616,0.214943110076726
56.31,0,318.634784713104,0.000976650773007443,0.825330053079353,0.646718947759033,0.215788251017771
56.32,0,318.267734226671,0.000723501093667436,0.826286409274157,0.648333747609721,0.215380147382661
56.33,0,317.9010286368,0,0.822934672781051,0.647207401200569,0.213489797223286
56.34,0,317.534721675714,0,0.824883406923282,0.648794538829277,0.215400148364875
56.35,0,317.168867647682,0,0.826223750412413,0.645266032333169,0.214807457678628
56.36,0,316.803521414109,0.000784005420145661,0.821925217237327,0.648450654352821,0.216727652548446
56.37,0,316.438738378268,0.00100662051912521,0.819727383285127,0.64867099958659,0.214722104875592
56.38,0,316.074574469677,0.00112044524032826,0.824882838103437,0.648263162975919,0.213700414468521
56.39,0,315.711086128117,0,0.824639408838479,0.646178184287437,0.213120610132316
56.4,0,315.348330287298,0.000108332725480154,0.821297052527474,0.647612422987262,0.213590329173374
56.41,0,314.98636435817,0.00159249439087019,0.823579277123067,0.647564266084305,0.215483138152699
56.42,0,314.625246211882,0,0.819936054882157,0.64766994425398,0.214005362885615
56.43,0,314.265034162393,0,0.823357343379611,0.647148267994575,0.215021606193257
56.44,0,313.905786948741,0,0.822944394643734,0.645667864693594,0.213741454893305
56.45,0,313.54756371696,0.000581287821660638,0.821143640731905,0.650045452307898,0.214177023772487
56.46,0,313.190424001667,0,0.819879032974753,0.648093632695124,0.215122854849774
56.47,0,312.834427707299,0,0.8212303710341,0.648586032209257,0.214775452945928
56.48,0,312.479635089031,0,0.819742423610462,0.650580271146766,0.214415412809618
56.49,0,312.126106733353,0,0.820037086608972,0.651554851151776,0.214301147856295
56.5,0,311.773903538324,0.000740974013569802,0.818482801180615,0.651991141742404,0.21357954606409
56.51,0,311.423086693508,0,0.818468700706753,0.649088925662869,0.216259907468461
56.52,0,311.073717659593,0.00099758174962906,0.818460274483025,0.649951257161749,0.215405641562681
56.53,0,310.725858147693,0.000278027813566649,0.821188880729613,0.647558700336163,0.216011155683748
56.54,0,310.379570098351,0.00369176343716874,0.818753438740277,0.648548533125164,0.216404663575656
56.55,0,310.034915660237,0,0.819885588916162,0.650902844354342,0.21452051982826
56.56,0,309.691957168552,0,0.81711383343475,0.649055224942847,0.215868580112335
56.57,0,309.350757123149,0,0.819456184973966,0.650169437261825,0.215418111206695
56.58,0,309.011378166364,0.000897855005568021,0.818950576963538,0.650609708946927,0.217023043915558
56.59,0,308.673883060581,0.000527356725362236,0.817039510948678,0.651870784342938,0.214445884108845
56.6,0,308.338334665523,0,0.818277772391013,0.649678874000411,0.213500568102283
56.61,0,308.004795915292,0.000262481258048689,0.817093557730688,0.650414058161849,0.215534450514094
56.62,0,307.673329795147,0.00107964744081711,0.818407081200793,0.653756706243461,0.214521862230594
56.63,0,307.343999318052,0.00349611115840903,0.816975390067732,0.651032430862625,0.211368727924458
56.64,0,307.01686750098,0.00137744360991952,0.815411095493332,0.650271799998656,0.214524768402817
56.65,0,306.691997340997,0,0.816105759135352,0.652062012344926,0.213950606107651
56.66,0,306.369451791133,0,0.816805053004031,0.653305802814871,0.211837713551969
56.67,0,306.049293736043,0,0.818520792606473,0.653743045568671,0.214438536092983
56.68,0,305.731585967478,0,0.817715013833721,0.65203373817562,0.213455220990298
56.69,0,305.416391159572,0,0.817075816067795,0.651129547308239,0.216067239491532
56.7,0,305.103771843948,0.000512983628670739,0.815655280799796,0.650631715063632,0.214061843854066
56.71,0,304.793790384681,0,0.812343398953514,0.652582217572065,0.215803140270592
56.72,0,304.486508953088,0,0.813382445743472,0.650507130095809,0.21876332231431
56.73,0,304.181989502405,0.000863866299563319,0.813845736605514,0.652675629873739,0.216559858332054
56.74,0,303.880293742318,0,0.812935047274944,0.655134133538585,0.216270659127842
56.75,0,303.581483113398,0.0028623769196577,0.812039685201528,0.652400521271649,0.213653305597192
56.76,0,303.285618761434,0.000932726521083305,0.811839315464013,0.653883302704879,0.216578152270424
56.77,0,302.992761511675,0,0.812615867495753,0.649156440996864,0.212681316991326
56.78,0,302.702971843009,4.62159170875642e-05,0.814107465314263,0.652979096666384,0.215057854662949
56.79,0,302.416309862084,0.00399128609297728,0.813144718348276,0.651426216008624,0.216033947700394
56.8,0,302.132835277389,0.00249060390389373,0.815775759981495,0.654638602890814,0.215767551145521
56.81,0,301.852607373307,0.000732891189806503,0.812935445728604,0.65277082754946,0.213209887283475
56.82,0,301.575684984156,0,0.811111884991742,0.652073170421569,0.213730741864174
56.83,0,301.302126468239,0.000508583603345986,0.812634375601008,0.654507042190395,0.214521488732071
56.84,0,301.031989681915,0,0.812103170062167,0.652955168064269,0.21631326985202
56.85,0,300.765331953702,0.00176757856527699,0.8107695009135,0.653052288174888,0.214794320415138
56.86,0,300.502210058441,0,0.812080374030892,0.651442681759761,0.214684025218728
56.87,0,300.242680191524,0.000719234518603135,0.812679049986849,0.652388970310051,0.214113035872842
56.88,0,299.986797943219,0,0.811763142805606,0.653635558805319,0.215529228653627
56.89,0,299.734618273089,0,0.812842969268979,0.656106181187982,0.213552020434694
56.9,0,299.486195484545,0,0.812902429914729,0.657385084229225,0.215558345960799
56.91,0,299.241583199529,0,0.810740481177307,0.654074528645999,0.217382551229076
56.92,0,299.000834333366,0.000165667131762025,0.811193789441009,0.655488157915274,0.216639712675399
56.93,0,298.764001069784,0,0.808745871679903,0.655433477145457,0.215432882559476
56.94,0,298.531134836136,0.000965390421876918,0.811086405111306,0.654022184860772,0.215795665177786
56.95,0,298.302286278825,0,0.810415431664079,0.655677908607928,0.214078148431033
56.96,0,298.077505238978,0,0.809974937871701,0.655794567065385,0.214568882031397
56.97,0,297.85684072835,0.00285473448782944,0.811834189178974,0.654039191438837,0.214401497581481
56.98,0,297.640340905511,0.00132601663625039,0.806663904226762,0.656505439918843,0.21749718324828
56.99,0,297.428053052317,0.00091445208850858,0.808907079327309,0.655939653583751,0.21504641138595
57,0,297.220023550685,0.00140822695453772,0.809479649364845,0.655092779340811,0.215263631529615
57.01,0,297.016297859696,0.000577288723963425,0.810657151918143,0.651635715108143,0.215798602625619
57.02,0,296.816920493037,0.000156665889117236,0.808495005753683,0.655009053558383,0.213933426037906
57.03,0,296.621934996813,0,0.80811885289759,0.65635636887493,0.215076759046831
57.04,0,296.431383927731,0,0.808476755798717,0.656912848113183,0.212906719166741
57.05,0,296.245308831687,0.000459008399122791,0.809190935298163,0.654503473160751,0.215522001207398
57.06,0,296.063750222773,0.00117825682450372,0.807927703945505,0.653834281809986,0.216364963695962
57.07,0,295.886747562711,0,0.811402440278158,0.658556076454134,0.215768954823928
57.08,0,295.71433924075,0,0.808765181989287,0.655309256590959,0.216064880039054
57.09,0,295.546562554027,0.00132232081402346,0.807591693286298,0.656271917927192,0.215080699114376
57.1,0,295.383453688419,0.000760714618154867,0.809039815682485,0.654278155012687,0.214781163330519
57.11,0,295.2250476999,0,0.806875772149548,0.653631103503118,0.212158704713011
57.12,0,295.071378496416,0.00249410274336151,0.807771632457645,0.659667734257183,0.216954628705383
57.13,0,294.92247882031,0,0.807006251589143,0.65745956192958,0.213662703886107
57.14,0,294.778380231288,0,0.808436983791193,0.656652792664362,0.214259979316905
57.15,0,294.639113089963,0.00185928069370049,0.807925326810745,0.655562357242115,0.21604618655344
57.16,0,294.504706541987,0,0.807436848329126,0.657763711008804,0.213661401152134
57.17,0,294.37518850278,0,0.807233050106686,0.655425844329063,0.214833128525155
57.18,0,294.250585642873,0,0.806291620937577,0.655960448749334,0.215194418112952
57.19,0,294.130923373887,0.000657130132223888,0.808509681251678,0.654846354552642,0.212380959810637
57.2,0,294.016225835149,0.0018312029225591,0.807196837270014,0.658207898608289,0.214543510502142
57.21,0,293.906515880966,0,0.805971754674674,0.657793550793932,0.213680979886267
57.22,0,293.801815068568,0,0.80917716867485,0.654110008103184,0.216034617857097
57.23,0,293.70214364673,2.05793632991132e-05,0.807667824528224,0.659209896732873,0.215945550992248
57.24,0,293.60752054509,0.000922763787910006,0.807451351513186,0.658135168959114,0.215956639222774
57.25,0,293.51796336416,0.00034022504982809,0.810522582594207,0.655628498323818,0.214354009893264
57.26,0,293.433488366058,0,0.805994305307674,0.657437204064445,0.214937963975878
57.27,0,293.35411046596,0.000641206162790285,0.806615046062523,0.657690583091251,0.215677706364183
57.28,0,293.279843224275,0,0.806738459024518,0.658202756960915,0.213664075755554
57.29,0,293.210698839571,0,0.806888607567484,0.65502683625153,0.215372265978061
57.3,0,293.146688142235,0,0.806115713796025,0.654697445878875,0.213715936893933
57.31,0,293.087820588889,0.000166853301099202,0.804863846447661,0.657295185788442,0.21584674674815
57.32,0,293.034104257568,0.000244497226324986,0.808508312181456,0.659615568750225,0.214412068767729
57.33,0,292.985545843656,0.00113078631906148,0.807124873637978,0.655593380006814,0.214279372580375
57.34,0,292.942150656592,0.000569882326636921,0.805916200990147,0.655959129522684,0.213583428298187
57.35,0,292.903922617345,0.000417718403977515,0.805018571779126,0.655318246184129,0.215981140962449
57.36,0,292.870864256667,0.000697764531610808,0.807139075764935,0.659302081619066,0.217438338310967
57.37,0,292.842976714118,0.00402986530280513,0.806267300817392,0.658658614865597,0.215749803101745
57.38,0,292.82025973787,0.00210837529523201,0.804012396504264,0.657164977752148,0.214239878011558
57.39,0,292.802711685291,0,0.808160495474322,0.655930875210759,0.21816220000509
57.4,0,292.790329524302,0,0.804579262758737,0.655047814187652,0.216061330725861
57.41,0,292.783108835517,0.000668822957989071,0.80470908421852,0.657257098270153,0.213159387298824
57.42,0,292.781043815151,0,0.806315446487372,0.657722362472407,0.213792107799039
57.43,0,292.784127278704,0.00184527798406423,0.806456664965163,0.659014770866522,0.216580283560918
57.44,0,292.792350665419,0,0.806400417280393,0.658927471559583,0.21714452987236
57.45,0,292.805704043492,0.000240305458614521,0.80536057857915,0.655060585975441,0.214739262299634
57.46,0,292.824176116054,0.00229486045957744,0.807615311714494,0.655232713632438,0.215905314079138
57.47,0,292.847754227905,0,0.804670086929622,0.657222486172145,0.214755826247091
57.48,0,292.876424372991,0.00190988806019283,0.807305845480921,0.654935271860439,0.218072204818089
57.49,0,292.910171202624,0,0.802375000934174,0.657880728393705,0.213646915512489
57.5,0,292.948978034443,0,0.808607499931527,0.655525267234587,0.215510658297176
57.51,0,292.992826862088,0,0.804829225638587,0.656203727385873,0.216514805101585
57.52,0,293.041698365597,0,0.806778928707378,0.65504171542559,0.215220541699524
57.53,0,293.095571922507,0.00164260827236602,0.804543675959008,0.654758002668887,0.214259391020049
57.54,0,293.154425619649,0,0.805193417728169,0.657675029377259,0.217035177519011
57.55,0,293.218236265633,0,0.807143252822745,0.657857085143979,0.215589454808632
57.56,0,293.286979403995,0.00155147826619411,0.806205542623475,0.657806778256516,0.213701210859324
57.57,0,293.360629327016,0,0.807299712602044,0.65231777778962,0.212536282717068
57.58,0,293.439159090177,0,0.806524320395319,0.653127230487905,0.215451177994428
57.59,0,293.52254052726,0.00149409150520585,0.807378865567719,0.659683553576131,0.213482666781631
57.6,0,293.610744266057,0.000592386543598507,0.804636953845363,0.653826854647688,0.215037280019807
57.61,0,293.703739744694,0,0.80911348652998,0.65455657328019,0.212931497829669
57.62,0,293.80149522854,0.000820669527641206,0.806347523476111,0.656309466767448,0.215953472631446
57.63,0,293.903977827692,0,0.805392858871172,0.654576691433264,0.214762432266399
57.64,0,294.011153515023,0.0015791067885225,0.805107702200705,0.656809162373366,0.211266477559427
57.65,0,294.122987144768,0,0.808179381485427,0.653139833457469,0.214481433905754
57.66,0,294.23944247164,0.00114482908010006,0.805895923323231,0.654921650098361,0.214812748486088
57.67,0,294.360482170455,0.00186884745882346,0.805205207218709,0.65585140254061,0.213093440640477
57.68,0,294.48606785625,0,0.804313059417221,0.654432602848218,0.216175081405773
57.69,0,294.616160104875,0,0.810316067725128,0.654910899421863,0.213586846957071
57.7,0,294.750718474039,0.00107142020667309,0.805293603964413,0.654132248733146,0.215609042631628
57.71,0,294.889701524803,0,0.804984630464847,0.654542915052969,0.215279062545652
57.72,0,295.033066843489,0.00111769474422142,0.807432816894424,0.654432448632543,0.214893287599011
57.73,0,295.180771063987,0,0.807510992359822,0.652973186652458,0.21673566212338
57.74,0,295.332769890456,0.000218917633909778,0.805265191928667,0.655361213868042,0.21306361450102
57.75,0,295.489018120378,0.000104119799697358,0.807893200819945,0.654825199428929,0.213458630178635
57.76,0,295.649469667974,0,0.8085490416746,0.65352837853293,0.215285630113181
57.77,0,295.814077587927,0,0.808088233385012,0.656697740340074,0.213601322875397
57.78,0,295.982794099434,0.00184063789162347,0.806461783272184,0.653746467511905,0.216884445427285
57.79,0,296.155570610532,0,0.807703514322284,0.654742036985896,0.212667401139946
57.8,0,296.332357742702,0,0.806391739424582,0.655214288107305,0.213287750437049
57.81,0,296.513105355722,0.00328491894846041,0.807150047069953,0.652513511559617,0.217051325789581
57.82,0,296.697762572754,0.000855202004210294,0.806335519116383,0.653886004710836,0.212210518935061
57.83,0,296.886277805643,0.00180162842151378,0.806998613413678,0.653152764862367,0.214449667257425
57.84,0,297.078598780412,0,0.806836764586731,0.653706776696779,0.21368354098159
57.85,0,297.274672562933,0.000600495421837624,0.806624511397177,0.650963602247694,0.211904046227095
57.86,0,297.474445584755,2.80632069770004e-05,0.807459734612608,0.655504088439707,0.215487743218559
57.87,0,297.677863669074,0,0.808741946172493,0.654042105846333,0.213769247464274
57.88,0,297.884872056817,0,0.805932223773793,0.650989325582633,0.211963326317046
57.89,0,298.095415432842,0.00134584970807888,0.806271008732449,0.652682744304503,0.216482393048577
57.9,0,298.30943795221,0.000921334524390113,0.808366309035745,0.652744206835223,0.214362687219757
57.91,0,298.526883266533,0,0.808556961177753,0.654062421270194,0.217262448324936
57.92,0,298.747694550368,0.00129170767651079,0.810320525856461,0.651362985016374,0.215683979063623
57.93,0,298.971814527652,0.000332151278105191,0.808539365892573,0.654162399697485,0.214692905249918
57.94,0,299.199185498142,0,0.807576976677645,0.653642340236089,0.215581016503066
57.95,0,299.429749363866,0,0.813341736676116,0.652163601208823,0.215682152563438
57.96,0,299.66344765555,0,0.810293792129908,0.653779702064672,0.213327001453216
57.97,0,299.900221559022,0,0.808033086786339,0.652426938044604,0.215125099735992
57.98,0,300.140011941558,0.00062743138860842,0.810836582684256,0.651737862808146,0.212975769257686
57.99,0,300.382759378174,0,0.809273448547754,0.65262314150034,0.215954546980639
58,0,300.628404177836,0,0.810880942668198,0.653574698738061,0.214211554605687
58.01,0,300.876886409579,0,0.808870233169769,0.650994508297477,0.215464384157949
58.02,0,301.128145928522,0,0.804418183903674,0.650838867425455,0.213594350088759
58.03,0,301.382122401754,0,0.811395299989964,0.651934663803306,0.211734044581982
58.04,0,301.638755334103,0.000406054787061354,0.809151638628507,0.650820440796212,0.213300873133714
58.05,0,301.897984093741,6.44958749841178e-05,0.812290936455208,0.652661706304844,0.215188985108731
58.06,0,302.15974793764,0.000986028862217955,0.810527916785036,0.649998271459169,0.214685036159821
58.07,0,302.423986036852,0.00247206316281361,0.81046115667049,0.651729250210434,0.214990370721076
58.08,0,302.690637501608,0.00100712747485692,0.81179081263723,0.64902507727434,0.216019956834953
58.09,0,302.959641406224,0.000149566965404456,0.810234808817467,0.651889063334022,0.215160302734269
58.1,0,303.230936813789,0,0.809409468417118,0.652325248488993,0.213358830177347
58.11,0,303.504462800654,0.000620537532226175,0.81129469728013,0.65083319493718,0.213912670772845
58.12,0,303.780158480675,0,0.81098566120884,0.651336522779239,0.216238485821826
58.13,0,304.057963029236,0.00225815050206677,0.811723869189238,0.649411751153933,0.214826569292401
58.14,0,304.337815707008,0,0.813605561242577,0.652334869531623,0.214046098438704
58.15,0,304.619655883467,0,0.812756253325519,0.64785974221609,0.214181999269534
58.16,0,304.903423060135,0.000288647937839565,0.814004113633455,0.650400807862798,0.215362764555309
58.17,0,305.189056893552,0,0.813573357245886,0.651424864665688,0.215424267411983
58.18,0,305.476497217969,0.000412610713867005,0.811661065968685,0.649635195068365,0.213940301031367
58.19,0,305.765684067746,0,0.813382779748155,0.646337785591286,0.215249983354501
58.2,0,306.056557699458,0.00200444558769449,0.81179154969707,0.648094320010897,0.214289745592747
58.21,0,306.349058613692,0,0.813765375785726,0.649062610583352,0.214517553237878
58.22,0,306.643127576536,0.001703082857733,0.812679014028007,0.649376613859464,0.214250025318866
58.23,0,306.938705640755,0,0.812506737239946,0.6479777703242,0.214879844480206
58.24,0,307.235734166635,0.00323341067563847,0.813891996790397,0.651515552888209,0.215888543799711
58.25,0,307.534154842508,0,0.814328908867179,0.64864416883025,0.217630795848969
58.26,0,307.833909704934,0,0.816314738616594,0.646912812362052,0.215664843227987
58.27,0,308.134941158555,0.000152690500144073,0.81270179074866,0.648402034432648,0.214719757534019
58.28,0,308.437191995593,0.000724749366052673,0.815541732642379,0.649589559380208,0.216955042882256
58.29,0,308.74060541501,0,0.816111630747521,0.650645816296326,0.215330152629199
58.3,0,309.045125041314,0,0.814008094343248,0.648030161642053,0.213916282268671
58.31,0,309.350694943002,0.000682703842230332,0.816112853544558,0.647494687058087,0.214878303574085
58.32,0,309.657259650658,0,0.815743512802983,0.647865828198163,0.217649868793856
58.33,0,309.964764174672,0,0.815921747181515,0.647468160371436,0.215946296686779
58.34,0,310.273154022606,0.00209759997577177,0.812266554528218,0.648407998170328,0.214253777916679
58.35,0,310.582375216189,0,0.815777331426202,0.647696508210115,0.213298937235113
58.36,0,310.892374307937,0,0.816266455636997,0.646350811406099,0.214125535295691
58.37,0,311.203098397406,0.00191511929232275,0.815712990077893,0.647997721324852,0.214980048873646
58.38,0,311.514495147067,0,0.817283721453637,0.648230419170653,0.213966894168758
58.39,0,311.82651279781,0,0.816223050629048,0.646706631342225,0.215216949242289
58.4,0,312.139100184058,0,0.818372524812519,0.644425039724901,0.212404272804576
58.41,0,312.452206748519,0.00091218739416142,0.815917589270384,0.646631709851679,0.214797053728981
58.42,0,312.765782556543,0.00228442410170534,0.814542506667994,0.645880637033018,0.213983781353886
58.43,0,313.079778310108,0,0.815572415376935,0.646200371357284,0.216218361026792
58.44,0,313.394145361418,0.000227686272203999,0.818576101108076,0.646219270173088,0.215368876493244
58.45,0,313.708835726122,0,0.816271108330508,0.646609541410822,0.214002155966862
58.46,0,314.023802096149,0.00202912932903329,0.819470649879165,0.645290818029351,0.216597015194995
58.47,0,314.338997852164,0.000745172915004138,0.817664951899306,0.643669861424401,0.216502928851759
58.48,0,314.654377075636,0,0.818991252882337,0.644982430782963,0.214000180350851
58.49,0,314.969894560525,3.31264300193828e-05,0.819460845381918,0.644556332549984,0.215521795949246
58.5,0,315.28550582459,0.000491223788300785,0.818700057762719,0.647341672510277,0.212241253932689
58.51,0,315.601167120311,0.00239018565783677,0.81762697554816,0.644415339966403,0.215781536653189
58.52,0,315.916835445436,0.000756694135168235,0.821957777405989,0.648588234872849,0.214550549124968
58.53,0,316.232468553136,0.00170717895529352,0.82094660983689,0.64757942561108,0.217101842308064
58.54,0,316.548024961792,0,0.82151279692319,0.646679318800446,0.216029971795975
58.55,0,316.8634639644,0,0.820721596271026,0.645601054385368,0.213204015117918
58.56,0,317.178745637592,0,0.821374856609304,0.646659335624168,0.215594918591466
58.57,0,317.493830850289,0.0015993294482763,0.823277451089757,0.642714156045997,0.214056273094094
58.58,0,317.808681271971,0.000160492492955365,0.8236878575067,0.645004545773123,0.215683894676337
58.59,0,318.123259380581,0.000866179575873608,0.82222601402669,0.646101683095342,0.213024885204533
58.6,0,318.437528470045,0,0.821791534623593,0.644441199186492,0.215050782457546
58.61,0,318.751452657435,0,0.822497907055705,0.644259338083978,0.214313694020606
58.62,0,319.064996889748,0.000541220579545447,0.82274656090166,0.641810110277263,0.213936260288769
58.63,0,319.378126950324,0.000401862658786156,0.821376094703634,0.642824737206516,0.215443125460594
58.64,0,319.690809464902,0.00102313008973705,0.820949610524052,0.645358883592525,0.216616092034704
58.65,0,320.003011907297,0,0.820723656374059,0.644583219110163,0.214862871250236
58.66,0,320.314702604731,0,0.823361043589178,0.645398421890516,0.214322760347024
58.67,0,320.625850742789,0.000919401330420117,0.823311287544566,0.646292082821687,0.214387478458059
58.68,0,320.936426370023,0,0.827828732751245,0.643473598335099,0.214327224432889
58.69,0,321.246400402198,0.00027536494705865,0.826419124649089,0.645307550985654,0.215217312610692
58.7,0,321.55574462618,0.00140194925327095,0.825505317414736,0.643465653962709,0.215054277152508
58.71,0,321.86443170347,0,0.825059981703417,0.643183159272418,0.214755882765953
58.72,0,322.172435173393,3.47625068936464e-05,0.825667277617008,0.643477436308413,0.214111962769409
58.73,0,322.47972945593,0,0.824577985578946,0.644194488661358,0.214902681035308
58.74,0,322.786289854204,0.00105107695007316,0.826468961621514,0.647639872957179,0.215056122740028
58.75,0,323.092092556628,0.000406075014746955,0.826499023776587,0.643355367530513,0.216139494257845
58.76,0,323.397114638702,0,0.827026904175307,0.646366100116331,0.215829960506406
58.77,0,323.701334064471,0,0.828334799631184,0.644423827535606,0.215051050794842
58.78,0,324.004729687647,0.00118072026033111,0.825553795138356,0.641800587772732,0.214473351600884
58.79,0,324.307281252394,0.000973072654439535,0.827147856211668,0.644786436898703,0.214818788294428
58.8,0,324.608969393776,0.000813331352628493,0.828293751926003,0.643696587554015,0.2151402285428
58.81,0,324.909775637874,0.00311581921846428,0.828449725175264,0.646010462375856,0.214482788491874
58.82,0,325.20968240158,0.000542471232199295,0.827042126806814,0.643091174329246,0.213248508088162
58.83,0,325.508672992051,0,0.831750252204503,0.643927543251139,0.214062540860854
58.84,0,325.806731605852,0,0.83165960955885,0.646324879285049,0.215029026028234
58.85,0,326.103843327764,0,0.830595739579774,0.646341660952592,0.21327432812285
58.86,0,326.399994129281,0.00154053036238477,0.828157310599233,0.642482146819371,0.214903807549505
58.87,0,326.695170866782,0,0.83009114735446,0.641276203487707,0.216196266659129
58.88,0,326.989361279392,0,0.830114237647571,0.645822866588097,0.211990949320987
58.89,0,327.282553986528,0,0.833283166378909,0.641678116161539,0.215859690280012
58.9,0,327.574738485134,0.000541298546604221,0.828459168434898,0.643256365085553,0.213730307631966
58.91,0,327.865905146607,0.00222765953106112,0.830336052460929,0.645399341218973,0.216257601299916
58.92,0,328.156045213418,0.00070580706898698,0.829875482138071,0.643624310178879,0.213965511166274
58.93,0,328.445150795429,0.000323909105706077,0.832908954224626,0.643322630524888,0.2154529226836
58.94,0,328.733214865906,0,0.830791841749848,0.643800196387048,0.216709346331684
58.95,0,329.02023125724,0.000276425979535206,0.831851986771296,0.643187764199781,0.214249707260274
58.96,0,329.306194656362,8.69088580378366e-06,0.835227302247098,0.643834539013169,0.215427423064163
58.97,0,329.591100599874,0.00120849936415906,0.832202735191104,0.646002767321633,0.215018668321044
58.98,0,329.87494546888,0,0.833620162099628,0.645639377864054,0.215642262135611
58.99,0,330.157726483535,0.000401584207638753,0.834856460465412,0.64291535180524,0.216784173691137
59,0,330.439441697304,0,0.83588159805129,0.643717073087118,0.215372763403358
59.01,0,330.720089990935,0,0.834385759996945,0.643813378675671,0.213089657271379
59.02,0,330.999671066158,0,0.83477003221053,0.642063353276423,0.217233110091743
59.03,0,331.2781854391,0,0.838622266610999,0.643750030392381,0.214091346070214
59.04,0,331.555634433423,0.000479532548939144,0.835337932508412,0.645284995206848,0.21387180476329
59.05,0,331.832020173195,0.00152034937807331,0.835900695319321,0.644691784958296,0.215799163364075
59.06,0,332.107345575483,0,0.835494432472236,0.646037700097306,0.215849938092077
59.07,0,332.381614342683,0,0.838836761117032,0.643919835080202,0.214712327691324
59.08,0,332.654830954585,9.41148506364061e-05,0.83827615451191,0.644334483983445,0.214369356977052
59.09,0,332.927000660171,0.00131634448702848,0.837268266996834,0.644311920468069,0.21369825848538
59.1,0,333.198129469158,0,0.840281048099219,0.644042832453843,0.21604488123362
59.11,0,333.468224143288,0,0.839529092648273,0.645402293355813,0.213386082437139
59.12,0,333.737292187351,0.000249699426857015,0.837169182299605,0.642154518366989,0.214320213741783
59.13,0,334.005341839974,0,0.838211881302574,0.647735776714683,0.215371216488094
59.14,0,334.272382064147,0,0.839976583140874,0.644146990341494,0.216461603215715
59.15,0,334.538422537519,0,0.837268749045779,0.644726673751394,0.212771633497725
59.16,0,334.803473642436,0,0.840293072358748,0.643677050821194,0.215229339312474
59.17,0,335.067546455756,0.00130586905066595,0.84052768003212,0.645493693422441,0.212889175695592
59.18,0,335.330652738422,0.000844914137385045,0.842665656661345,0.647459802395497,0.214520626516059
59.19,0,335.592804924797,0,0.840646504864455,0.646643383514507,0.214935218520258
59.2,0,335.854016111781,0.00100527042426595,0.843044701725626,0.645780641252575,0.212620199961659
59.21,0,336.114300047698,0,0.843425082665664,0.642601278394401,0.215061146056528
59.22,0,336.37367112096,0.000447517707641842,0.84038156844295,0.644928397342571,0.215961265617174
59.23,0,336.632144348508,0,0.841380414888485,0.644022324639882,0.213552512486237
59.24,0,336.889735364054,0.00393200976121614,0.843106738196447,0.645801453650324,0.216333105134377
59.25,0,337.14646040609,0,0.84430082094684,0.645018021285399,0.213546072787555
59.26,0,337.402336305709,0,0.842525614405474,0.645676019289157,0.213354877992834
59.27,0,337.657380474205,0,0.844013639665939,0.646135932819753,0.217311756149142
59.28,0,337.911610890487,0,0.843621112627765,0.64535781823648,0.215098699961413
59.29,0,338.165046088291,0,0.8451541598032,0.645631348991983,0.215723174851768
59.3,0,338.417705143193,0,0.84375609204675,0.641110411565354,0.212975332600588
59.31,0,338.669607659446,0.000244645959751696,0.846047736876207,0.646230913166479,0.216923663733672
59.32,0,338.920773756627,0.0011492794267471,0.846628118217724,0.645995488643096,0.214852798030046
59.33,0,339.171224056101,0.000710666940244311,0.849860521689187,0.647570073590894,0.214421692725765
59.34,0,339.420979667311,0.00192218009399203,0.846217612301052,0.643634423403757,0.215145858750219
59.35,0,339.670062173901,0.000377617692817895,0.845376117183795,0.646825042272319,0.213925968742357
59.36,0,339.918493619668,0,0.848232302731378,0.643905749392967,0.213730250114235
59.37,0,340.166296494352,0,0.846006688288635,0.645425870910323,0.216083908666625
59.38,0,340.413493719266,0.00108014555459605,0.849393522650629,0.64567139137031,0.217211857230878
59.39,0,340.660108632778,0.000278058783948837,0.850087313695213,0.646064107150188,0.21715199181621
59.4,0,340.906164975639,0.000810817973393038,0.85178088644404,0.647581661937743,0.218967049151031
59.41,0,341.151686876173,0,0.851654265299165,0.646709630655437,0.214462972084597
59.42,0,341.396698835323,0,0.849377392050279,0.647847023868102,0.214102636380875
59.43,0,341.641225711564,0,0.852101851082432,0.647401782678475,0.215785841809012
59.44,0,341.885292705695,0,0.852069734769139,0.647707653445626,0.215667264462036
59.45,0,342.128925345494,0.00164377536661749,0.852581680119964,0.645236787368735,0.211679456860727
59.46,0,342.372149470266,0.00297316980471548,0.853717053691415,0.647302072779909,0.216305745552083
59.47,0,342.614991215278,0,0.854638751199282,0.647275865711915,0.215662326365055
59.48,0,342.857476996078,0.00195266214484934,0.854906186534775,0.649800482872081,0.211651713585159
59.49,0,343.099633492719,0.00352180404912311,0.855469005795431,0.646694311683849,0.217206567928156
59.5,0,343.341487633889,0,0.8547743382439,0.64825106314664,0.215232788298659
59.51,0,343.583066580943,0,0.854418302194185,0.650762243786939,0.216284109647742
59.52,0,343.824397711857,0,0.856620530136471,0.647383556534196,0.213438174309511
59.53,0,344.0655086051,0,0.854254155942855,0.647773718016228,0.213826138354429
59.54,0,344.306427023436,0,0.857083855801219,0.646647182526179,0.213553813067825
59.55,0,344.547180897652,0,0.856373424977411,0.648995585241716,0.213328808000077
59.56,0,344.78779831024,0.00172259983920135,0.857868702217121,0.647574184816024,0.21409484945895
59.57,0,345.028307479006,0,0.854684308840971,0.6518096111786,0.215620566867186
59.58,0,345.268736740645,0,0.857018164707048,0.649390095796597,0.212843420055925
59.59,0,345.509114534272,0.00109136050103744,0.859084663764702,0.647514941609947,0.21582499897912
59.6,0,345.74946938491,0,0.856466813717087,0.650714408493928,0.216407020450434
59.61,0,345.989829886958,0.000355246121138365,0.858186122271899,0.648627764712626,0.214788507734455
59.62,0,346.230224687633,0,0.858548686977101,0.647014389537363,0.21467124385269
59.63,0,346.470682470395,4.4015195704699e-05,0.858923532979226,0.649193139455138,0.215781494886589
59.64,0,346.711231938369,0.000933486164240416,0.858829846376763,0.647725990183264,0.217287121982719
59.65,0,346.951901797755,0.000550901461615635,0.859850319964345,0.647569924329407,0.216289125558575
59.66,0,347.192720741254,0.000781552486422882,0.86058987511161,0.649487028739971,0.215517595072817
59.67,0,347.433717431498,0,0.859295734505739,0.650648177942281,0.216034413934816
59.68,0,347.674920484498,0.00186000687861897,0.861708707849444,0.649563539392901,0.215080728112362
59.69,0,347.916358453126,0,0.861398181387865,0.648155807467409,0.214231840434467
59.7,0,348.158059810618,0,0.860540723141962,0.648083085354269,0.218051266151433
59.71,0,348.400052934126,0,0.863429704493743,0.648376094854023,0.212933031303029
59.72,0,348.642366088313,0,0.861276136693896,0.650954979192645,0.214130647131717
59.73,0,348.885027409,0,0.860721836066536,0.652639664008726,0.216482687718387
59.74,0,349.128064886876,2.34394493723351e-05,0.863017364654945,0.648501043628588,0.216053083185836
59.75,0,349.371506351279,6.53599746749733e-05,0.865759682322103,0.649638951649741,0.216166104466682
59.76,0,349.615379454046,0.00221293076305796,0.863161200820523,0.649078904513375,0.215930367192951
59.77,0,349.859711653452,0.00303133480088136,0.864684857854896,0.647908706965938,0.216716672295197
59.78,0,350.104530198235,0,0.866980062915388,0.649410046094376,0.214200798267754
59.79,0,350.349862111719,0,0.867473905355961,0.648292277659012,0.213734094217441
59.8,0,350.595734176044,0,0.864935418376639,0.651795355822603,0.214087211697015
59.81,0,350.842172916503,0.000697319533039643,0.867397550431083,0.652408927765245,0.216378155016925
59.82,0,351.089204585999,0.000884184710702088,0.869496000167193,0.651286100633801,0.214300302629536
59.83,0,351.336855149634,0,0.866270022817543,0.653215002665418,0.214967021733742
59.84,0,351.585150269425,0,0.8707087623295,0.65146619439495,0.216380938145981
59.85,0,351.83411528916,0,0.866423370522018,0.649572879701022,0.215069169628554
59.86,0,352.083775219406,0.000951554951722435,0.870913883282989,0.650916296981556,0.216009539785132
59.87,0,352.334154722671,0,0.86805846350111,0.652713621624293,0.214316364647063
59.88,0,352.585278098725,0.00128760162815557,0.870438055204293,0.652228170349763,0.213466098763556
59.89,0,352.837169270094,0,0.865998325942933,0.652163705060927,0.215019901577401
59.9,0,353.089851767723,0,0.869567110966122,0.65134138625091,0.214958722622619
59.91,0,353.343348716833,0,0.872563762688635,0.651264045452446,0.215061147928904
59.92,0,353.597682822957,0.00216181821019577,0.870283971943105,0.653181717908126,0.211444133315822
59.93,0,353.852876358178,0.00103005834871186,0.872766863309627,0.652538045580618,0.214997771819903
59.94,0,354.108951147571,0,0.872495719344618,0.649996150895617,0.214031188793441
59.95,0,354.36592855585,0.0016158253697349,0.872490109528533,0.652928688954852,0.21482866707166
59.96,0,354.623829474237,0.00239834329072244,0.871946086715927,0.653297008550854,0.215143210891228
59.97,0,354.882674307552,0,0.872458634590365,0.654031402418169,0.216771241173674
59.98,0,355.14248296153,0,0.877379445263792,0.653639527520641,0.213958592718816
59.99,0,355.40327483038,0,0.873185847921616,0.653504039521387,0.214953646688534
60,0.2,355.665068784573,9.68509360249122e-05,0.875225016344562,0.652570242463938,0.213146918230846
60.01,0.2,355.927883158898,0,0.872952548382106,0.654114679613891,0.214505212898295
60.02,0.2,356.191735740753,0.000624693854376826,0.876879253322428,0.652867303079198,0.217431321726937
60.03,0.2,356.456643758702,0.000440541390255404,0.878198421194744,0.653890898333693,0.214222889975789
60.04,0.2,356.722623871303,0,0.876142341398995,0.653225344516139,0.215052173869102
60.05,0.2,356.989692156201,0,0.876457985023735,0.655861078828839,0.215715203792246
60.06,0.2,357.257864099494,0,0.876945414195162,0.652838681733355,0.215587043686998
60.07,0.2,357.527154585391,0,0.878900523986162,0.652879104123636,0.214198008917081
60.08,0.2,357.797577886149,0.0021227247503463,0.876479503823625,0.655666043899239,0.213460087567762
60.09,0.2,358.069147652301,0.0010691658754395,0.87773231960474,0.654589585774654,0.216590385600907
60.1,0.2,358.341876903185,0.000595772704245447,0.876475220064181,0.655570604797258,0.21487545404099
60.11,0.2,358.615778017773,0,0.8788689484797,0.653324677058953,0.216302528771346
60.12,0.2,358.890862725803,0,0.880131561868747,0.654637903399071,0.21320582291585
60.13,0.2,359.167142099222,0,0.883093397991456,0.656633508477576,0.215920711927891
60.14,0.2,359.444626543946,0,0.881869905157248,0.654805782632316,0.213478173676643
60.15,0.2,359.723325791934,0.00160987709647319,0.881509772182132,0.654809376563589,0.214599545506483
60.16,0.2,360.003248893585,0,0.88219027728815,0.656665187132311,0.214082318841665
60.17,0.2,360.284404210461,0,0.881829694341608,0.654842640105344,0.216198191832414
60.18,0.2,360.566799408339,0,0.883459854286655,0.657696323679796,0.214136620257044
60.19,0.2,360.850441450596,0,0.883142386149449,0.655072307060555,0.214694325892262
60.2,0.2,361.135336591921,0.000280326503002543,0.883460887310879,0.653762439115182,0.216795302123108
60.21,0.2,361.421490372381,0.00104945353662836,0.881828290176123,0.657097537863215,0.214447730098928
60.22,0.2,361.708907611805,0,0.884596715540389,0.653701225178267,0.216441564385246
60.23,0.2,361.997592404535,0,0.883139254293008,0.652182346752548,0.212603660020014
60.24,0.2,362.287548114503,0.00133544596190468,0.885225922641545,0.658163796352989,0.213244672422002
60.25,0.2,362.578777370663,0,0.886763242597922,0.65400756509643,0.21401487817512
60.26,0.2,362.871282062771,0,0.886355505796421,0.655551151319739,0.214767287264542
60.27,0.2,363.165063337516,0.000392099569469983,0.88806126167967,0.658265611964444,0.215222423044424
60.28,0.2,363.460121595,0,0.885838314066832,0.656451546000032,0.215960891941565
60.29,0.2,363.75645648557,0.000776889684996763,0.886763638944666,0.656428630539293,0.214262114133598
60.3,0.2,364.054066907011,0,0.887014695438512,0.657325051415254,0.214416218946449
60.31,0.2,364.352951002083,0,0.88773012959524,0.654124457559092,0.213876297713663
60.32,0.2,364.653106156422,0.000516410466214657,0.890123576670706,0.658040646583247,0.215235867027682
60.33,0.2,364.954528996788,0,0.888632453299661,0.65612005965057,0.216552265582207
60.34,0.2,365.257215389676,0,0.890685583543296,0.653518833632818,0.213241312578008
60.35,0.2,365.561160440275,0.000589730559333536,0.889659725901415,0.653579033744949,0.215643121200111
60.36,0.2,365.866358491787,0.00229523761364205,0.892541215873481,0.654921259979119,0.213048990794497
60.37,0.2,366.172803125099,0.0031273317500244,0.88989654179081,0.656012507810334,0.216796543329459
60.38,0.2,366.480487158804,0.00235532393024269,0.888833608099227,0.658669512849175,0.212323048239218
60.39,0.2,366.789402649582,0,0.889023338420897,0.654113274729069,0.215082900993484
60.4,0.2,367.099540892923,0.00332854693547073,0.892074026934706,0.656962982379749,0.214210685373588
60.41,0.2,367.41089242421,0,0.891807047019373,0.656592294301562,0.216175549743431
60.42,0.2,367.723447020139,0.000378682660227389,0.892325483579582,0.657390013893683,0.2133359202891
60.43,0.2,368.037193700497,0.000397957720634759,0.895482192410228,0.656056257238817,0.21408343239456
60.44,0.2,368.352120730271,0,0.891197726274894,0.658043026717271,0.21337035444728
60.45,0.2,368.668215622116,0.00112216317414027,0.894903675257986,0.656353187055999,0.215783096589267
60.46,0.2,368.985465139143,0,0.892912792805431,0.657314632659053,0.215073097821638
60.47,0.2,369.30385529806,0,0.897473628396386,0.658183528558178,0.214164437372501
60.48,0.2,369.62337137264,0,0.895853035503189,0.654486963992152,0.214183123773486
60.49,0.2,369.943997897521,0.000230942663530118,0.894947962509503,0.65776141410965,0.213072714495786
60.5,0.2,370.265718672336,0,0.898234813241775,0.653655835349847,0.214255686806766
60.51,0.2,370.588516766165,0.000431178135530111,0.897798408562712,0.654125114134315,0.214422740162277
60.52,0.2,370.912374522311,0,0.895007977824452,0.657303819400943,0.216831925308916
60.53,0.2,371.237273563393,0.00207177350593599,0.898674325607228,0.6582924968229,0.213594343560478
60.54,0.2,371.563194796751,0.000674910431083495,0.896956792378102,0.65580126630553,0.214888150040277
60.55,0.2,371.890118420165,0,0.898872255478341,0.656529760920301,0.214343508624274
60.56,0.2,372.218023927873,0,0.89906805397053,0.658325664703083,0.214030842420096
60.57,0.2,372.546890116897,0,0.89916853398435,0.657302400094289,0.214568005902771
60.58,0.2,372.876695093664,0,0.900782919649905,0.654584717455353,0.214799855641041
60.59,0.2,373.207416280916,0,0.899522196441972,0.655259575856641,0.213377773378305
60.6,0.2,373.539030424913,0,0.901230450206229,0.656624250813238,0.214563948312763
60.61,0.2,373.871513602913,0.000160420271173802,0.900625117718552,0.656508928819138,0.21286653877189
60.62,0.2,374.204841230936,0.00268169054367084,0.903717497573279,0.656189811157899,0.215083819550809
60.63,0.2,374.538988071794,0,0.902927544678042,0.657402467100218,0.214034117885241
60.64,0.2,374.873928243395,0,0.904115496661484,0.656831894820248,0.21556966137421
60.65,0.2,375.209635227304,0.000747057389633063,0.898173054192112,0.655056254156047,0.217750897573564
60.66,0.2,375.546081877564,0.000521833822073509,0.901729824443551,0.657941049824117,0.214882475507792
60.67,0.2,375.883240429765,0,0.903184027968876,0.657156888803234,0.215644054728348
60.68,0.2,376.22108251036,0,0.903758428330979,0.653170211550502,0.214198168090489
60.69,0.2,376.559579146224,0,0.904744166621454,0.655936802987497,0.216843814542096
60.7,0.2,376.898700774441,0,0.903725608547196,0.658016151747445,0.211517900914853
60.71,0.2,377.238417252321,0.000142666236838465,0.905285305619624,0.656434344618939,0.214016510604745
60.72,0.2,377.578697867642,0,0.90295631855086,0.658138783482298,0.215558790336898
60.73,0.2,377.919511349108,0.00123577170375811,0.905655993698323,0.656417091632182,0.214814842040216
60.74,0.2,378.260825877008,0,0.906073228422292,0.656104367935155,0.216135921609613
60.75,0.2,378.602609094093,0,0.90518193435495,0.655549675125087,0.21239200649868
60.76,0.2,378.944828116638,0,0.907274889516052,0.658213051884421,0.211469810251485
60.77,0.2,379.287449545704,0.00282465300748882,0.908806433342266,0.655241590086623,0.215851826607788
60.78,0.2,379.630439478578,0.000575382018854409,0.906489820841695,0.656969062276959,0.21647260504724
60.79,0.2,379.973763520401,0.00215656415350734,0.907158006006126,0.654308872495917,0.21417972006434
60.8,0.2,380.317386795954,0.00168936087791415,0.905995681833122,0.655715445118789,0.217023833783486
60.81,0.2,380.661273961627,0,0.906426038912319,0.652828457274986,0.2158475272233
60.82,0.2,381.005389217533,3.36197389423161e-05,0.910182649400741,0.654116739491711,0.214962504400235
60.83,0.2,381.349696319783,0,0.907297896114452,0.654367804415668,0.214268488809584
60.84,0.2,381.694158592909,0,0.908160665672666,0.656468698497268,0.214195466133558
60.85,0.2,382.038738942417,0.000272093692536734,0.910122466139409,0.654365952130517,0.216104850600806
60.86,0.2,382.383399867487,0.00246786233137931,0.910744781963564,0.655613091540026,0.216651107233341
60.87,0.2,382.728103473789,0,0.910046965228803,0.653970168567418,0.21428485410452
60.88,0.2,383.072811486431,0.000928707671782366,0.912807391310964,0.656134360498745,0.217306568745629
60.89,0.2,383.417485263007,4.20742459176174e-05,0.909996731959255,0.656451023584103,0.216004917918158
60.9,0.2,383.762085806769,0.000515921809384526,0.911460157028935,0.656927208133977,0.213775281290979
60.91,0.2,384.106573779891,0,0.912763885036166,0.655575111604985,0.214713335189721
60.92,0.2,384.450909516824,0.00133116382233686,0.914057298857274,0.655206078557594,0.216857383734211
60.93,0.2,384.795053037758,0,0.914326839480406,0.655189817039808,0.215192748246061
60.94,0.2,385.138964062141,0,0.913720925570769,0.655823393269129,0.213892375427733
60.95,0.2,385.482602022301,0.00021241302208041,0.913577460013072,0.654686657418634,0.211726323940264
60.96,0.2,385.825926077118,0.00022437795690578,0.916566981591883,0.653558617949324,0.215498513480516
60.97,0.2,386.168895125766,0,0.913708218218285,0.654579091710537,0.213520981549285
60.98,0.2,386.511467821521,0.00130428056745589,0.915934385453693,0.654047787927812,0.213190135990584
60.99,0.2,386.853602585606,0,0.915969939967391,0.653884506881267,0.214827074898537
61,0.2,387.195257621095,0.0013388845287317,0.916553947091935,0.653047268686819,0.21564709216729
61.01,0.2,387.536390926848,0.000235445178603443,0.914405646714259,0.65292598352915,0.213682260833116
61.02,0.2,387.876960311484,0.00134030534170274,0.914616943269977,0.653784651555444,0.215576140302017
61.03,0.2,388.216923407381,0,0.914845143228115,0.650897246948243,0.216422198981011
61.04,0.2,388.556237684694,0.000530639598109748,0.9162601865555,0.653803999388625,0.215287435299001
61.05,0.2,388.894860465399,0.00132046557139625,0.916970595265512,0.653867660598491,0.214673413999917
61.06,0.2,389.232748937337,0,0.917964521454787,0.652145035151548,0.214875024259982
61.07,0.2,389.569860168269,0.0016539978746192,0.918480956815692,0.652733485919183,0.216111971373572
61.08,0.2,389.906151119928,0,0.918616629361223,0.650013201774046,0.216870292093622
61.09,0.2,390.241578662069,0.000212520510872305,0.918605772619882,0.648423403701976,0.212286394013699
61.1,0.2,390.576099586503,0.0010582743353542,0.918017797778201,0.650238926165174,0.21576566407018
61.11,0.2,390.909670621113,0,0.919481492096728,0.652079951393596,0.214172396569643
61.12,0.2,391.242248443857,0,0.918292472546116,0.65216582425954,0.216122730023436
61.13,0.2,391.573789696734,0,0.917437175423175,0.653292968456353,0.217276835979861
61.14,0.2,391.904250999724,0,0.920425292312022,0.651121439043823,0.213988463325206
61.15,0.2,392.233588964686,0,0.920681076215133,0.653029725099077,0.21562619667797
61.16,0.2,392.561760209222,0,0.920386529435221,0.653403236995801,0.21416959438345
61.17,0.2,392.888721370483,0.00167898905897275,0.918465253685377,0.654819163262464,0.213202517544654
61.18,0.2,393.214429118935,0.00195838844546766,0.920187380127216,0.65116626891565,0.213602881254101
61.19,0.2,393.538840172058,0,0.918695351387626,0.649436080419976,0.217036629700339
61.2,0.2,393.861911307994,0.000282160743601699,0.921802127697737,0.65507315529624,0.213591639305839
61.21,0.2,394.183599379123,0,0.923472189207125,0.653795662935214,0.214955873922517
61.22,0.2,394.503861325572,0,0.922689481819801,0.650968250456786,0.214274985483213
61.23,0.2,394.82265418865,0.000338225812381461,0.921898901942367,0.647718713134247,0.216217574512397
61.24,0.2,395.139935124202,0.000828945905552253,0.92449742082363,0.650015972265227,0.214628207867978
61.25,0.2,395.455661415887,0,0.921819961249327,0.649104758002762,0.214025701666261
61.26,0.2,395.769790488365,0.000227136158648367,0.92815674721268,0.649094153316935,0.215260704968572
61.27,0.2,396.082279920392,0.00216450219764359,0.923727638291993,0.648428898042722,0.214497126917691
61.28,0.2,396.393087457826,0,0.925430342831208,0.649043350838691,0.211765007749112
61.29,0.2,396.702171026532,0,0.924750001706269,0.649567373486099,0.216048050453243
61.3,0.2,397.009488745186,0,0.925104670532735,0.647857567247364,0.216644068609414
61.31,0.2,397.314998937972,0,0.92679663881635,0.64874560195283,0.217616075784415
61.32,0.2,397.618660147176,0,0.924300587419807,0.64597457415192,0.212965248295594
61.33,0.2,397.920431145661,0.001765801589668,0.926183784206173,0.648764159281658,0.214817368224716
61.34,0.2,398.220270949231,0,0.92527823601231,0.64608369682943,0.216616876919969
61.35,0.2,398.518138828872,0,0.927162155669757,0.647079353544551,0.214597259570284
61.36,0.2,398.813994322877,0,0.928035062044364,0.652725489300211,0.213807490432576
61.37,0.2,399.107797248844,0,0.924296053118593,0.646544042640312,0.211817291518812
61.38,0.2,399.399507715539,0.000827071651552742,0.927839981092399,0.648490221305889,0.213685984826088
61.39,0.2,399.68908613464,0.000477021943636521,0.926968808960977,0.6505433420435,0.214440370431053
61.4,0.2,399.976493232339,0.000610217284307619,0.927652275504281,0.648259180029831,0.215129144343723
61.41,0.2,400.261690060808,0,0.927878883712401,0.648470311777786,0.215323261586677
61.42,0.2,400.54463800953,0.00231144851308884,0.924671679530961,0.649741858389226,0.21506983306406
61.43,0.2,400.825298816483,0.00140290715483459,0.928479157793786,0.649810776949465,0.213866461212479
61.44,0.2,401.103634579187,0.000118344888117115,0.927811948127871,0.646344169115366,0.214231830091788
61.45,0.2,401.379607765592,0.000299437647723917,0.930935916204149,0.646213042029855,0.214722338410987
61.46,0.2,401.653181224829,0,0.928234852037596,0.647833472475222,0.213323559592643
61.47,0.2,401.924318197806,0,0.929887958911783,0.647583507986047,0.214828783974541
61.48,0.2,402.192982327645,0.00014030525849591,0.929461143666851,0.646565873423152,0.211730668268377
61.49,0.2,402.459137669967,0.00214064928381049,0.928963499776528,0.646398812355369,0.21624797498005
61.5,0.2,402.722748703023,0,0.93130891674225,0.649948996428371,0.214627841735637
61.51,0.2,402.983780337656,0,0.929635254402035,0.647797377859315,0.213953150658061
61.52,0.2,403.242197927109,0.000926544137483363,0.933261441890173,0.646144227320112,0.214710600108955
61.53,0.2,403.497967276664,0,0.930576356870631,0.647358454925331,0.21594578583196
61.54,0.2,403.751054653119,0.00031799836236427,0.932618363634791,0.644820402186904,0.211463731340922
61.55,0.2,404.001426794093,0.000333175337984101,0.931637438619042,0.645134395484524,0.21622709652902
61.56,0.2,404.249050917169,0,0.931899962988551,0.64682813542736,0.214673414294985
61.57,0.2,404.493894728853,0,0.932639161055584,0.648283346126478,0.216936327161067
61.58,0.2,404.735926433381,0.000481227573851031,0.929801000124029,0.647060711934395,0.214792913872899
61.59,0.2,404.975114741329,0,0.932018287368194,0.644668581678139,0.216315845847221
61.6,0.2,405.211428878065,0.00347645037483952,0.932766616317498,0.645149110351501,0.213935626280982
61.61,0.2,405.444838592016,0.00067412352729037,0.932863821825616,0.645076904938143,0.215463343979994
61.62,0.2,405.67531416276,0,0.93335736138654,0.64637613554875,0.216881163732811
61.63,0.2,405.902826408934,0.00144681242749618,0.932616610309835,0.645112261141189,0.216465119628105
61.64,0.2,406.127346695966,0,0.933873156898633,0.644459384805694,0.213359616797819
61.65,0.2,406.348846943626,0,0.935358363444436,0.643858849422866,0.217521375660351
61.66,0.2,406.567299633388,0.000890150155090439,0.935395764712076,0.644852935739642,0.217374624143442
61.67,0.2,406.78267781561,0.000578749212386015,0.933747406989015,0.645855011567281,0.217112549648594
61.68,0.2,406.994955116535,0,0.9361367927475,0.645875329577637,0.215954655804854
61.69,0.2,407.204105745095,0.00120350379319112,0.934306820138739,0.646090102402193,0.216851939619837
61.7,0.2,407.410104499536,0.000981279971513899,0.935674049970639,0.645236912944895,0.21540525900337
61.71,0.2,407.612926773853,0,0.934683143171119,0.64593839812501,0.217518344379497
61.72,0.2,407.812548564032,0,0.937873443449463,0.644957513296934,0.218561493625348
61.73,0.2,408.00894647411,0.00124473385406693,0.936375418277121,0.644854292292611,0.214988025504347
61.74,0.2,408.202097722032,5.30498187002901e-05,0.937703878860249,0.645182782219786,0.213510680909122
61.75,0.2,408.391980145335,0,0.936546885036644,0.644899542158452,0.21454303992114
61.76,0.2,408.578572206619,0.000247260160326085,0.936173965324724,0.643657884796909,0.215520534728882
61.77,0.2,408.761852998841,0.00122284603759827,0.936029493272315,0.646222892955129,0.212291227036293
61.78,0.2,408.941802250409,0.0021575967731551,0.935864416107146,0.642614517518807,0.21478682270832
61.79,0.2,409.11840033008,0,0.934545585987198,0.644848702670888,0.213559307985819
61.8,0.2,409.291628251673,0,0.939353554280002,0.645905212789423,0.213508659725469
61.81,0.2,409.461467678571,0.000193224163957539,0.936452772628909,0.643726582974955,0.215994084879521
61.82,0.2,409.627900928047,0,0.936600748205298,0.642646316941478,0.215513673689232
61.83,0.2,409.790910975375,0,0.937529692175603,0.644303593870124,0.217606142841917
61.84,0.2,409.950481457757,0.00108955864000176,0.938922669326753,0.643709214033951,0.215262452305644
61.85,0.2,410.10659667805,0,0.936337746793806,0.643825136004774,0.215676718309336
61.86,0.2,410.259241608293,0,0.937822613565167,0.645419279981598,0.213240058101135
61.87,0.2,410.408401893039,0.00379629097853573,0.939328404605486,0.644138700619106,0.21459943483883
61.88,0.2,410.55406385249,0.00185063200391391,0.937064774934539,0.642836814925133,0.214837026875527
61.89,0.2,410.696214485431,0,0.939751721451732,0.642602190970007,0.214084521656382
61.9,0.2,410.834841471965,0,0.938739675525257,0.645134912115124,0.214258966531218
61.91,0.2,410.969933176056,0.00104408993236126,0.938960841678937,0.643240861864602,0.214763198585662
61.92,0.2,411.101478647866,0,0.937428485296281,0.640265654085981,0.214179051602396
61.93,0.2,411.229467625894,0.000411734641490185,0.940011501064286,0.643342432910502,0.215330715633491
61.94,0.2,411.35389053892,0,0.939182618910131,0.644512107773274,0.214701265709225
61.95,0.2,411.474738507746,0,0.941439460842091,0.6431090615961,0.214748076073879
61.96,0.2,411.592003346739,0,0.939828339511343,0.643075812339987,0.213796879300934
61.97,0.2,411.705677565175,0,0.939928190042023,0.645690068812434,0.21610347738617
61.98,0.2,411.815754368381,0.000602248893426827,0.941029471602954,0.641306705706097,0.214837037283056
61.99,0.2,411.922227658682,0.000256180183496853,0.93964720704709,0.64240368528602,0.216750787694796
62,0.2,412.025092036147,0,0.93981052433818,0.644247857926213,0.216398037649258
62.01,0.2,412.124342799131,0.000625764489350016,0.94004761039881,0.64097903606737,0.217238315154184
62.02,0.2,412.219975944624,0,0.939132957474271,0.644978545343267,0.216016730841675
62.03,0.2,412.311988168398,0.000130781510680044,0.939811864378829,0.642631751097223,0.217121793142619
62.04,0.2,412.400376864957,0,0.942710639088234,0.64238988497482,0.212623403527844
62.05,0.2,412.485140127284,9.78686667162561e-05,0.940191711435939,0.644048273749458,0.213531431450286
62.06,0.2,412.56627674639,0,0.940783292091047,0.641855319066091,0.21456850705982
62.07,0.2,412.64378621067,0,0.942289373430215,0.643680962050513,0.215763852727022
62.08,0.2,412.717668705055,0,0.94049470602166,0.641432038614431,0.216737473806738
62.09,0.2,412.787925109966,0,0.939425160274317,0.644179367373296,0.210811921168485
62.1,0.2,412.854557000073,0.00160753355569546,0.942762214173095,0.641012626248854,0.21548419284005
62.11,0.2,412.917566642852,0.00130599538182486,0.941112361609475,0.641746012937077,0.213915397806832
62.12,0.2,412.976956996954,0,0.939476943284708,0.644430398355997,0.215098752848613
62.13,0.2,413.032731710363,0.000518371436637414,0.944126528350449,0.64519251667226,0.215984976303155
62.14,0.2,413.084895118371,0,0.941505148573193,0.64388124241249,0.213832524495708
62.15,0.2,413.133452241348,0.00306822403314247,0.941098043872497,0.641594043049882,0.213346279702345
62.16,0.2,413.178408782321,0.00101801915773663,0.94428500999795,0.64332870898828,0.215987670197094
62.17,0.2,413.219771124353,0.00139210358409593,0.939041418393935,0.642503424414775,0.214451469976567
62.18,0.2,413.257546327733,0,0.942035709028821,0.642832671596234,0.213986264192137
62.19,0.2,413.291742126968,0.000413900796868927,0.939845512950719,0.642782047191453,0.216010384861551
62.2,0.2,413.322366927582,0.00163126368637873,0.944376497570226,0.645322654567246,0.214280483398674
62.21,0.2,413.349429802721,0.000272653119421151,0.941430783570297,0.64401218676184,0.215135550646717
62.22,0.2,413.372940489565,3.58907384249961e-05,0.941428474126415,0.641719545488427,0.213504240731125
62.23,0.2,413.392909385555,0.000420072254005443,0.941208495554941,0.644021631035291,0.215865195908582
62.24,0.2,413.409347544413,0.00160425355081243,0.939337608806979,0.640993860975068,0.217791616173551
62.25,0.2,413.42226667199,0,0.942327743606769,0.642931803858907,0.213730847258887
62.26,0.2,413.431679121909,0.002442303205747,0.943793072122011,0.643569669441401,0.2131401450892
62.27,0.2,413.43759789103,0,0.947392746623038,0.644298831284679,0.217891656465029
62.28,0.2,413.440036614717,0,0.941988973379693,0.646608027958777,0.215169002221796
62.29,0.2,413.439009561921,0,0.943777006754909,0.643444282375793,0.214696524496794
62.3,0.2,413.434531630082,0,0.941124578277195,0.646334411999985,0.219119475425657
62.31,0.2,413.426618339837,0.00140915156961074,0.94117229006373,0.644025894670394,0.215785153992071
62.32,0.2,413.415285829545,0,0.943143851217655,0.642407092458538,0.213591899655264
62.33,0.2,413.40055084963,0.00128945284225102,0.942506598055768,0.644135826736207,0.215222127198413
62.34,0.2,413.382430756741,0,0.942763822416175,0.644626050893296,0.214939057718746
62.35,0.2,413.360943507727,0.00103977768679592,0.944341296984151,0.645989253115867,0.214588882364747
62.36,0.2,413.336107653433,0.00241593319011983,0.946623609464806,0.645525065009552,0.213793468379677
62.37,0.2,413.30794233232,0.000757383116494241,0.946016639263642,0.64449502696955,0.216728169726754
62.38,0.2,413.276467263897,0,0.944839606378432,0.646569788697822,0.215210497573042
62.39,0.2,413.241702741985,0.000746085480407678,0.943668505501147,0.642105447421923,0.214635757265097
62.4,0.2,413.203669627797,0.000141542675096894,0.94309467178687,0.644293077768828,0.215353709611758
62.41,0.2,413.162389342851,0,0.941503951047614,0.643311264938139,0.214724706997184
62.42,0.2,413.117883861703,0,0.943974475148388,0.645760283801102,0.216847180258889
62.43,0.2,413.07017570451,0,0.941463137722835,0.645522341569077,0.214965206210812
62.44,0.2,413.019287929421,0.000109776462061135,0.9439330646664,0.643412843505349,0.214607473050918
62.45,0.2,412.965244124802,0,0.941846606988401,0.644902267993434,0.214041776668423
62.46,0.2,412.908068401289,0.000546531157711899,0.941468844702473,0.64318345516722,0.215204918720717
62.47,0.2,412.847785383678,6.18620539053511e-05,0.940947830091255,0.645527062140743,0.214609820439693
62.48,0.2,412.784420202646,0.00287989157786884,0.94353976699071,0.646203164070332,0.215374776401926
62.49,0.2,412.717998486315,0.000430676138892304,0.943733877872367,0.645460627929892,0.212888537686722
62.5,0.2,412.648546351649,0.00284225527455277,0.941239895293044,0.646421589858632,0.215743630452337
62.51,0.2,412.576090395696,0.000635177622923089,0.946081250272589,0.645628098404669,0.212912227663999
62.52,0.2,412.50065768667,2.28055736660387e-05,0.943327259738086,0.645582482960704,0.212529938474389
62.53,0.2,412.422275754873,0.000911704287696504,0.94240918739119,0.647084203522657,0.21413653931596
62.54,0.2,412.340972583477,0,0.942603905675039,0.646823506759093,0.214930571921665
62.55,0.2,412.256776599132,0,0.944532813081696,0.647734685465357,0.21665815478053
62.56,0.2,412.16971666245,0,0.94670913820011,0.644760572267911,0.216884293512651
62.57,0.2,412.079822058316,0,0.943839108386222,0.645954626039468,0.213951957278256
62.58,0.2,411.987122486073,0.000372434992476653,0.942966914228485,0.645595404692088,0.213217496156332
62.59,0.2,411.891648049556,0,0.944058258032145,0.648704340530192,0.215862268536732
62.6,0.2,411.79342924698,0,0.941876537510591,0.645911480376598,0.214669135951954
62.61,0.2,411.692496960698,0,0.942437521029957,0.644551695805968,0.216204539509792
62.62,0.2,411.58888244682,0.000249262528674303,0.945121651815205,0.647670949568894,0.213600876455896
62.63,0.2,411.482617324693,0,0.947271425706433,0.644623295794956,0.213252855818102
62.64,0.2,411.373733566259,0,0.942391385669519,0.646647306392581,0.214136514759562
62.65,0.2,411.262263485275,0,0.942076832079974,0.648079203690484,0.215362881254608
62.66,0.2,411.148239726415,0.00221728879935771,0.9447930349464,0.647409696925014,0.214817515505422
62.67,0.2,411.03169525424,0,0.943140878671292,0.649168918606854,0.213609531833822
62.68,0.2,410.91266334206,0,0.946184165141466,0.646880571236166,0.215671646888739
62.69,0.2,410.791177560664,0,0.943297329205639,0.647949085215574,0.214618613506133
62.7,0.2,410.667271766946,0,0.944006399933312,0.65105843930557,0.215987545252834
62.71,0.2,410.540980092417,0.00197691382327041,0.941943305815678,0.647465546965243,0.215528509600818
62.72,0.2,410.412336931602,0,0.942577011219152,0.648586069056247,0.217665233234612
62.73,0.2,410.281376930342,0,0.942257668846486,0.647720354307976,0.214834741010006
62.74,0.2,410.14813497399,0,0.944914919086836,0.649219163526939,0.214146242947128
62.75,0.2,410.012646175499,5.0402470608367e-05,0.941649839358391,0.649783017472081,0.215462416544469
62.76,0.2,409.87494586343,0.00243214001200323,0.943764428866355,0.648975532217577,0.217090530835243
62.77,0.2,409.735069569858,0,0.943702254350543,0.649825477492421,0.216524802635189
62.78,0.2,409.593053018189,0.00183219966520701,0.943078477595911,0.649566485295845,0.215138088242699
62.79,0.2,409.448932110899,0,0.940372109533726,0.649660498033146,0.213446039313385
62.8,0.2,409.302742917184,0,0.941544099497224,0.650629637780661,0.216842045192119
62.81,0.2,409.154521660535,0.000612250997110108,0.939248845014752,0.650017100023953,0.212330127917271
62.82,0.2,409.004304706243,0,0.942011333941394,0.647710811013109,0.216929050596947
62.83,0.2,408.852128548827,0,0.94234096821938,0.646683042851512,0.215742958329491
62.84,0.2,408.698029799403,0.000717685707190421,0.940999455198265,0.650742893015457,0.216131190700052
62.85,0.2,408.542045172982,0.00010947052893149,0.940320166611253,0.64694255293289,0.214968346456022
62.86,0.2,408.384211475721,0.001614345461629,0.941886555770078,0.65090699102994,0.213456888710158
62.87,0.2,408.22456559211,0,0.942063654337049,0.651985826730989,0.218050374315513
62.88,0.2,408.063144472115,0,0.94418919707974,0.651257557285384,0.214917363667365
62.89,0.2,407.899985118274,0,0.941677082568164,0.649190407347138,0.216801709997264
62.9,0.2,407.735124572749,0.0022525333893303,0.943839379725763,0.652385589039941,0.21533261676794
62.91,0.2,407.568599904348,0.00256520773896046,0.941696705070481,0.650673208051464,0.214434453606598
62.92,0.2,407.400448195508,0,0.943980028248773,0.651298398442672,0.215316709044228
62.93,0.2,407.230706529252,0.000214303798198283,0.939767963888678,0.650167131620564,0.215203757774353
62.94,0.2,407.059411976125,0.000935291504133106,0.93888813597649,0.651778083777046,0.214480121145071
62.95,0.2,406.886601581107,0,0.940639402348378,0.652089329538215,0.213174616400878
62.96,0.2,406.712312350519,0.00303081336296966,0.939395488233254,0.64832081109271,0.217871918543078
62.97,0.2,406.536581238909,0.00122917232792432,0.940706215957677,0.65166717254212,0.21333580218723
62.98,0.2,406.359445135948,0.0010558034842118,0.940313026723786,0.65314888880639,0.216404798062183
62.99,0.2,406.180940853313,0.00248157017715499,0.93600736354742,0.652582076205298,0.213598503315986
63,0.2,406.001105111581,0.000498108037379075,0.941544037863481,0.652614936883361,0.214813959417881
63.01,0.2,405.819974527138,0.000670654163898166,0.93978927250428,0.654841245187084,0.215513874894672
63.02,0.2,405.637585599095,0,0.938714671670674,0.654256050233364,0.216566961990391
63.03,0.2,405.453974696228,0,0.940511095060825,0.653544395529123,0.215638477481687
63.04,0.2,405.269178043946,0,0.937248986659714,0.653689721052579,0.214671451688958
63.05,0.2,405.08323171129,0,0.939298951782309,0.65283066426105,0.214299524610171
63.06,0.2,404.896171597958,0,0.940897636758972,0.654129627549683,0.216294916889812
63.07,0.2,404.708033421388,0.000268445999431639,0.939622857176259,0.651900391355872,0.214693802530289
63.08,0.2,404.518852703872,0,0.943670744376566,0.65483537931355,0.217934110978614
63.09,0.2,404.328664759731,0.000306145801148719,0.93994566399144,0.653264418762577,0.215050636899284
63.1,0.2,404.137504682544,0.000910313064335555,0.93995882408192,0.653195859852864,0.212728640120478
63.11,0.2,403.945407332442,0.00219874366503073,0.938443500732504,0.6550456920104,0.216436952391915
63.12,0.2,403.752407323463,0,0.940066125472684,0.653352552868057,0.214917404072141
63.13,0.2,403.55853901099,0.00139460272011286,0.939240967000104,0.654540036578976,0.212623999901214
63.14,0.2,403.363836479261,0,0.941916629580068,0.654868707647352,0.214437579303481
63.15,0.2,403.168333528968,0.00244952338741797,0.939097773647393,0.655254210403266,0.215138751719486
63.16,0.2,402.972063664937,0,0.938518273909463,0.653817402841391,0.217650111936765
63.17,0.2,402.775060083917,0.00140654160265665,0.938458489430828,0.655928969805934,0.215662275920883
63.18,0.2,402.577355662457,0,0.935510119383478,0.654993535000212,0.214697934160077
63.19,0.2,402.378982944899,0.000857029982577104,0.937911098380946,0.654133422355016,0.214841487261267
63.2,0.2,402.179974131471,0,0.938961747312304,0.653497758265348,0.215734844398786
63.21,0.2,401.980361066513,0,0.936081956430997,0.654984869524481,0.214084183647233
63.22,0.2,401.780175226812,0.00314480881451573,0.941004634086429,0.656073778205152,0.215238316838747
63.23,0.2,401.57944771007,0.000122322093069355,0.936710156396286,0.656567093909578,0.212547627051234
63.24,0.2,401.378209223511,0.00141070973814112,0.937655830752882,0.654803830571813,0.213138418967037
63.25,0.2,401.176490072618,0,0.935128373827993,0.65680272043811,0.215557247195531
63.26,0.2,400.974320150021,0.00187617313967964,0.937539148883184,0.652731073683256,0.21585379407055
63.27,0.2,400.771728924532,0.000564314672807507,0.937580896136552,0.657923826397081,0.21558595162141
63.28,0.2,400.568745430339,0,0.934517239871334,0.655039998315771,0.214530456828457
63.29,0.2,400.365398256353,0,0.937505273623057,0.652941840479042,0.2155242461623
63.3,0.2,400.161715535735,0.00192693629268976,0.93289267981217,0.655208457358059,0.215580273350052
63.31,0.2,399.957724935576,0,0.932629077613469,0.654139947699297,0.216147162830837
63.32,0.2,399.753453646773,0.00273338094171525,0.935896366104155,0.656900444946866,0.215289274833278
63.33,0.2,399.548928374067,0,0.934332535796809,0.65698473826941,0.215731637985856
63.34,0.2,399.344175326289,0,0.932600191291477,0.654930781749801,0.214011104354436
63.35,0.2,399.139220206778,0.00197666213310227,0.933898897233229,0.652853667995877,0.214275233742637
63.36,0.2,398.934088204011,0,0.933551254696504,0.654978808780863,0.213176317042542
63.37,0.2,398.728803982425,0.000329956967334809,0.933459587635943,0.654299512095376,0.216692563418797
63.38,0.2,398.523391673457,0,0.934616572615242,0.655004571372748,0.212585949083348
63.39,0.2,398.317874866777,0,0.932499702426908,0.655479154522629,0.213365839752728
63.4,0.2,398.112276601763,0.000841366927915884,0.934481891256141,0.655295105440101,0.21377269093464
63.41,0.2,397.906619359171,0,0.933015248354996,0.655438134536075,0.215048431586925
63.42,0.2,397.700925053051,0,0.931830967501222,0.657630288773059,0.214468642650671
63.43,0.2,397.495215022882,0,0.932435543643507,0.654452889138872,0.214533824226994
63.44,0.2,397.289510025944,0,0.93176405130641,0.655299222724829,0.21562574250389
63.45,0.2,397.08383022993,0.000219707963922806,0.931873972744621,0.655731440492822,0.216531615102643
63.46,0.2,396.878195205801,0,0.930686765996474,0.655915599940729,0.214588871322376
63.47,0.2,396.672623920887,0.000381907690279667,0.931313203001423,0.656282289389086,0.214217971227002
63.48,0.2,396.467134732238,0.00128256859072527,0.934163626874994,0.659199187346657,0.21304516283392
63.49,0.2,396.261745380236,0,0.931355247104293,0.655623683739671,0.21424553461792
63.5,0.2,396.056472982454,0.0015490388492039,0.93282626805038,0.656094813868413,0.21474744574333
63.51,0.2,395.851334027791,0.00191777174583738,0.930574280843269,0.65636239276629,0.216254501795258
63.52,0.2,395.646344370865,0.0014744432394021,0.931126628261557,0.657032377115421,0.214315935945079
63.53,0.2,395.441519226673,0.00141192801760307,0.929345060538394,0.656257522135945,0.215778325290982
63.54,0.2,395.236873165532,0,0.931748213012609,0.655950976745108,0.213767969574267
63.55,0.2,395.032420108288,0,0.928777491360642,0.658586571038066,0.216162008504981
63.56,0.2,394.828173321807,0.00228577669758918,0.929296403119407,0.658606170514029,0.214039118787943
63.57,0.2,394.624145414749,0,0.928509685162595,0.655743291269024,0.21579768502897
63.58,0.2,394.420348333619,0,0.928253320153583,0.656500908520389,0.213394864597324
63.59,0.2,394.216793359116,0,0.927319033901102,0.658498043985303,0.215287227712617
63.6,0.2,394.013491102763,0,0.928299053668152,0.655810724013699,0.215882438650467
63.61,0.2,393.810451503829,0,0.927921291281379,0.658590359203594,0.214627567926776
63.62,0.2,393.607683826548,0,0.926587079848505,0.658635888224413,0.214473785106056
63.63,0.2,393.405196657632,0.00126746236781256,0.925228528409282,0.655697227856444,0.216211171432445
63.64,0.2,393.202997904082,0.000885201248464471,0.923531024068056,0.656965468011676,0.210526140413207
63.65,0.2,393.001094791296,0.00201085212253941,0.925137210060675,0.654832342191117,0.216713510012125
63.66,0.2,392.799493861478,0,0.925057986775439,0.655662393558943,0.21066930968036
63.67,0.2,392.598200972355,0.0027114916756145,0.924671090456372,0.654993174632403,0.214573644910481
63.68,0.2,392.397221296186,0,0.92374479608477,0.659525347013443,0.216303054844391
63.69,0.2,392.196559319086,0,0.924108719271438,0.658067534830025,0.212701849352204
63.7,0.2,391.996218840647,0.00118753288249441,0.926544134610431,0.654620325838852,0.214471751498511
63.71,0.2,391.796202973873,0.00115406238733875,0.927107533482433,0.656462115086584,0.218798780585455
63.72,0.2,391.596514145407,0,0.922407143035282,0.654802525210412,0.215975876965249
63.73,0.2,391.397154096083,0,0.92357755936183,0.657222259765884,0.212594091705323
63.74,0.2,391.198123881772,0.000322710813600944,0.925124190668975,0.654433273154068,0.214117059860768
63.75,0.2,390.999423874536,0,0.92627321240963,0.658180496823794,0.215115171284068
63.76,0.2,390.801053764095,0,0.923011610874142,0.656403203022777,0.215943458039078
63.77,0.2,390.603012559593,0.00137039780889427,0.923437544791946,0.656385547297411,0.214582433582214
63.78,0.2,390.405298591674,0.000803761829946739,0.921323889029077,0.654924098440193,0.214131483203873
63.79,0.2,390.207909514863,0.00193146932356824,0.922487690264158,0.6558015105331,0.218024797162241
63.8,0.2,390.010842310247,0.00207046204238251,0.920242266401222,0.654138674275695,0.214129932249706
63.81,0.2,389.814093288468,0,0.919824308456124,0.656216730240045,0.21713696236678
63.82,0.2,389.61765809301,0,0.920240731260938,0.652595486956,0.216329545743271
63.83,0.2,389.421531703789,0,0.920979935327761,0.655280572327753,0.213782399147842
63.84,0.2,389.225708441044,0,0.923735685710071,0.654201160854592,0.215825088851235
63.85,0.2,389.030181969527,0,0.920349880980637,0.655764338408183,0.214585822636748
63.86,0.2,388.834945302983,0,0.920847551424644,0.655768246519623,0.214303737959607
63.87,0.2,388.639990808931,0,0.919551639295099,0.655381254478042,0.212896810949584
63.88,0.2,388.445310213732,0.000830509969629128,0.917974203879401,0.654675276276771,0.213415324422118
63.89,0.2,388.25089460795,0.000218151715828292,0.919794967358005,0.657182877565757,0.214416788872046
63.9,0.2,388.056734451992,0.0024153912267279,0.918987477105463,0.655890000555338,0.214384114359804
63.91,0.2,387.86281958205,0,0.919298834423956,0.656735387844779,0.217068556783203
63.92,0.2,387.669139216301,0.000791409453962855,0.919765597712964,0.654580702290645,0.214907389140697
63.93,0.2,387.475681961407,0.00103084562500705,0.917287076580273,0.657290355084797,0.217510269866559
63.94,0.2,387.28243581928,0,0.915454834963348,0.655912879831634,0.217008182927785
63.95,0.2,387.08938819412,0,0.917387624269009,0.65238361529349,0.214879996639525
63.96,0.2,386.896525899723,0,0.916687452355945,0.655391020388182,0.214860643033313
63.97,0.2,386.703835167062,0,0.915861525182333,0.654740937443454,0.212400803068534
63.98,0.2,386.511301652119,0,0.916569824656783,0.653719623494535,0.211823226716326
63.99,0.2,386.318910443981,0,0.915948170722359,0.652012955738808,0.215251044502432
64,0.2,386.126646073195,0.00113009159292524,0.915490780225047,0.654529077462892,0.21456551947903
64.01,0.2,385.934492520362,0,0.91390935206745,0.653844225271876,0.215375785456788
64.02,0.2,385.742433224992,0.00162338496078063,0.914128245778706,0.65375036934133,0.214828063601346
64.03,0.2,385.550451094593,0,0.912675116348738,0.653542039955319,0.215350473277167
64.04,0.2,385.358528513995,0,0.912085197983124,0.654525771522441,0.217001280388348
64.05,0.2,385.166647354919,0.00034724373507155,0.912358753852201,0.654014406325777,0.214091039658053
64.06,0.2,384.974788985763,0,0.913130037946158,0.655626041992481,0.21341086184487
64.07,0.2,384.78293428162,0.000516260036691971,0.912073470041434,0.65215930642243,0.214759488786304
64.08,0.2,384.591063634518,0.00179073382176964,0.911754629519643,0.655578608376492,0.214155461143715
64.09,0.2,384.399156963862,0.0013389651899071,0.912954945001242,0.654321284422595,0.214342219899356
64.1,0.2,384.207193727105,0,0.912611823666778,0.653813335518394,0.21609373031918
64.11,0.2,384.015152930604,0,0.90931431391909,0.655211594947771,0.214303050392875
64.12,0.2,383.823013140697,0,0.911690430027678,0.652839339674249,0.214364454758207
64.13,0.2,383.630752494954,0.000693033080907175,0.911787309472926,0.653869449825543,0.217160396669028
64.14,0.2,383.438348713632,0.00103840595843212,0.909518361922794,0.652301106662387,0.214039826133213
64.15,0.2,383.245779111311,0,0.909879304070354,0.65289324274764,0.214961922871955
64.16,0.2,383.053020608705,0,0.907771318657768,0.651695225902825,0.213997801281349
64.17,0.2,382.860049744651,0,0.910434396232378,0.652197709293423,0.215132271276585
64.18,0.2,382.666842688262,0.000381312938038263,0.909487594504994,0.654893477313868,0.215023329371601
64.19,0.2,382.473375251248,0,0.908096177840534,0.652832550210975,0.213723568067482
64.2,0.2,382.279622900387,0.00223670440672829,0.908398125590445,0.65203099862611,0.216062452268052
64.21,0.2,382.085560770153,0.000905701936142199,0.910440192481978,0.650582742474012,0.218062404253863
64.22,0.2,381.89116367549,0,0.907326047407539,0.652974259711314,0.21735306698647
64.23,0.2,381.696406124716,0,0.906336696165275,0.651466606453057,0.214246578421484
64.24,0.2,381.501262332576,0.00064373729916449,0.904977455468416,0.651953740670884,0.21294059043918
64.25,0.2,381.305706233413,0,0.909351910807071,0.653212883041401,0.213766203294797
64.26,0.2,381.109711494463,0.00124295236811654,0.904712730200328,0.651787064834209,0.215622168982686
64.27,0.2,380.913251529272,0,0.905123173341259,0.650875855499069,0.216195856509781
64.28,0.2,380.716299511215,0,0.903558941010595,0.651552857094529,0.214216810322105
64.29,0.2,380.518828387134,0.00139547370819651,0.90557221100124,0.65211690826472,0.214509517316468
64.3,0.2,380.320810891059,0,0.905451603822941,0.653743299849424,0.21565664623667
64.31,0.2,380.122219558032,0.000975109045827884,0.90239113968088,0.649179551880292,0.214409547070074
64.32,0.2,379.923026738021,0,0.904069906871243,0.652352232298303,0.214822097925856
64.33,0.2,379.723204609907,0,0.902524398182801,0.651610574262421,0.216052486105439
64.34,0.2,379.522725195556,0,0.903713663239204,0.648968457921061,0.213893552800385
64.35,0.2,379.321560373954,0,0.90437290064044,0.651365988791491,0.215717652996261
64.36,0.2,379.119681895411,0,0.900555205050229,0.649983405476312,0.214332031409934
64.37,0.2,378.91706139582,0.0012014087917159,0.899930612635505,0.652254572071119,0.217796774079935
64.38,0.2,378.713670410974,0,0.899679992961649,0.648311195986842,0.213807687317488
64.39,0.2,378.509480390923,0.00127298511150825,0.901044326500044,0.649924486259666,0.215660884008806
64.4,0.2,378.30446271438,0.000726052258974053,0.900782899848239,0.649458843410149,0.213289462773913
64.41,0.2,378.098588703156,0,0.900566964845169,0.649371900413247,0.214622799509442
64.42,0.2,377.891829636628,0.000504592760540058,0.900688200244541,0.650037667142289,0.214270054475932
64.43,0.2,377.684156766233,0.000806377880206826,0.897454232897967,0.650462195693874,0.212336997218636
64.44,0.2,377.475541329977,0.000423967283734918,0.899658522790722,0.650519821949162,0.21347144555666
64.45,0.2,377.265954566961,9.28336229886996e-05,0.900000649044583,0.650820194032895,0.21551055568049
64.46,0.2,377.05536773191,0.00143305734847452,0.896774654670986,0.648487430296035,0.215745644939072
64.47,0.2,376.843752109712,0.0014493376096777,0.899493788466538,0.648432418375558,0.216867868835234
64.48,0.2,376.631079029945,0,0.896926569584295,0.647477286537656,0.215237436411124
64.49,0.2,376.417319881403,0,0.897627104041865,0.649013397311461,0.215405911716599
64.5,0.2,376.202446126599,0,0.897337951240599,0.647463968676319,0.21573140458658
64.51,0.2,375.986429316266,0,0.893951062127351,0.649461336841462,0.212348831371025
64.52,0.2,375.76924110381,0.00172793883448933,0.893776259644723,0.648534153505619,0.215243959864798
64.53,0.2,375.550853259755,0.00167245214705457,0.895034620819228,0.647583234561268,0.216892669029337
64.54,0.2,375.331237686144,0.000418234453368658,0.895486881151218,0.648374131930516,0.216651953594524
64.55,0.2,375.110366430898,0.00076312598869251,0.895628763286241,0.647125088292962,0.21481154173722
64.56,0.2,374.888211702137,0.000449563177423062,0.893673343318243,0.649752274123219,0.212408477242597
64.57,0.2,374.664745882448,0.00283858139562754,0.893058959648925,0.648078421093866,0.216723731956192
64.58,0.2,374.439941543102,0.000832616771423347,0.894863431061371,0.646523234907223,0.212185223009138
64.59,0.2,374.213771458205,0,0.892685426131015,0.645609697649466,0.214201306759557
64.6,0.2,373.986208618795,0,0.890386549555952,0.64800824983444,0.216268759888093
64.61,0.2,373.757226246865,0,0.892659640888328,0.644090600125788,0.215748491998319
64.62,0.2,373.526797809313,0.000629219773561788,0.889157769816911,0.645323553335288,0.215550188526239
64.63,0.2,373.294897031817,0,0.889054520995673,0.645160340648758,0.213648205762504
64.64,0.2,373.061497912627,0.00230351602158279,0.891989399042425,0.646799655773577,0.213538173344718
64.65,0.2,372.826574736272,0,0.892090763173309,0.645940161735854,0.214498881587158
64.66,0.2,372.590102087177,3.41565280476221e-05,0.889614663387827,0.649694584045648,0.214721480680757
64.67,0.2,372.352054863179,0.00153371600418678,0.88604357007142,0.64639357828889,0.215648901725879
64.68,0.2,372.112408288958,0,0.887176001013151,0.645780332231222,0.214077875374271
64.69,0.2,371.871137929352,0.000799310498749405,0.889618496099511,0.647223537710625,0.21442032161169
64.7,0.2,371.628219702568,0,0.890469812788469,0.647153451630566,0.213087268375252
64.71,0.2,371.383629893291,0.000378253957796607,0.887189186392188,0.645641961794211,0.215095058643055
64.72,0.2,371.137345165666,0.000911813219715636,0.887026815422443,0.646980259329921,0.217173047802729
64.73,0.2,370.889342576169,0,0.886575111101507,0.647010332027242,0.213264444155735
64.74,0.2,370.639599586357,0,0.887902400911848,0.647393026333496,0.214312440370877
64.75,0.2,370.388094075486,0.0010851557185274,0.888043044610298,0.645017443549739,0.214097822801194
64.76,0.2,370.134804353004,0,0.884676375699814,0.646678397227109,0.215926334362628
64.77,0.2,369.879709170914,0.00215394428606263,0.883922361468541,0.647331408120457,0.215346219998123
64.78,0.2,369.62278773599,0.00140394099297155,0.886576118416433,0.645632716080645,0.215627031665488
64.79,0.2,369.364019721865,0.000323612415575246,0.882948967127101,0.646849090920929,0.215430734392829
64.8,0.2,369.103385280974,0.00053126151082473,0.882878253142461,0.647005639388906,0.212912386199524
64.81,0.2,368.840865056338,0,0.88326978592202,0.645905981708597,0.213783363202691
64.82,0.2,368.57644019322,0.00129836731839758,0.879902566522505,0.647105636241584,0.214954243160215
64.83,0.2,368.310092350607,0,0.881304893446133,0.64346485535681,0.216450775969434
64.84,0.2,368.041803712554,0.000500874808346539,0.883299409745487,0.644993782423954,0.215470626614639
64.85,0.2,367.771556999354,0.000277348585965456,0.881001539852286,0.645656507018427,0.215199411484475
64.86,0.2,367.499335478559,0,0.880791602595267,0.647615680893431,0.214215728538599
64.87,0.2,367.22512297583,0,0.880968295640978,0.64541880431729,0.214062441268508
64.88,0.2,366.948903885619,0,0.881475961118138,0.644623742931136,0.213956459601693
64.89,0.2,366.670663181683,0.000754327360556402,0.881681125912929,0.645642255350358,0.215635709495809
64.9,0.2,366.390386427428,0,0.879760308000272,0.644412282365972,0.215238970568942
64.91,0.2,366.108059786069,0,0.877013519227047,0.641639152969661,0.215321870817022
64.92,0.2,365.823670030621,0.000396905777504006,0.876705942151912,0.643986368909951,0.214551579271985
64.93,0.2,365.537204553706,0.000742443840453582,0.879361916165591,0.644007681549285,0.214355012944953
64.94,0.2,365.248651377171,0,0.877603456941615,0.643648108291678,0.215833620469154
64.95,0.2,364.957999161533,0.00132317662811582,0.879547629237928,0.64658448388557,0.215133715675889
64.96,0.2,364.66523721522,0.00193275653959798,0.876952097303002,0.646278696088121,0.216098347526268
64.97,0.2,364.370355503639,0,0.875014227440031,0.646457584996467,0.211580451397171
64.98,0.2,364.073344658036,0,0.87571737021942,0.643839633233858,0.217310592911955
64.99,0.2,363.774195984169,0,0.875429901491597,0.644034952137661,0.213424327250898
65,0,363.472901470781,0,0.874462567819282,0.642889525217117,0.216958757520537
65.01,0,363.169453797878,0,0.871882621374042,0.645020572086551,0.216086973116246
65.02,0,362.863846344799,0,0.876951257058447,0.64483507380786,0.215489381063784
65.03,0,362.556073198084,0,0.873343385070277,0.644574739419075,0.215513960168936
65.04,0,362.24612915914,0,0.871839460571695,0.646091846292151,0.21527365571106
65.05,0,361.934009751694,0.000566356189909519,0.872419661535588,0.643967032003573,0.212772931371963
65.06,0,361.61971122904,0,0.868806149639779,0.643666919833503,0.212631617988291
65.07,0,361.303230581072,0,0.872288448308415,0.646710162032181,0.214007693190158
65.08,0,360.984565541104,0.00294536453276926,0.870890614179757,0.641135966083411,0.213658326848362
65.09,0,360.663714592471,0.00367189250176113,0.872767234196107,0.644622039209223,0.213309268090183
65.1,0,360.340676974921,0.00219972793203089,0.870998453130504,0.643602932728288,0.212734931400643
65.11,0,360.015452690773,0,0.8719719446938,0.644094792343022,0.215020832833761
65.12,0,359.688042510869,0.000498787723165308,0.871095185975194,0.641241117619259,0.212826985613629
65.13,0,359.358447980295,0,0.87177229826292,0.64252407934258,0.212409821668206
65.14,0,359.026671423872,0,0.868595398170234,0.644168375929733,0.215616463476844
65.15,0,358.692715951432,0.000491287031374899,0.868922995797453,0.645575725481668,0.215669089992385
65.16,0,358.356585462856,0.00100617559259816,0.867522983035487,0.643714798560411,0.215754261174573
65.17,0,358.018284652883,0,0.868678773077161,0.645915475300776,0.217063865022431
65.18,0,357.677819015694,0,0.867994651660066,0.641933240000085,0.215649473952585
65.19,0,357.33519484925,0.000652540803126279,0.867447779781495,0.642641434271827,0.215566137592748
65.2,0,356.990419259403,0.00026445089360694,0.865266242471173,0.64486273410026,0.214978905530334
65.21,0,356.64350016377,0,0.865879638974454,0.643985813042078,0.214893784548887
65.22,0,356.294446295363,0.00148704680368044,0.867731814643092,0.643175857927322,0.217143049543034
65.23,0,355.943267205979,0.0025664930763274,0.865465811008413,0.642772851639278,0.215259470844308
65.24,0,355.589973269356,0,0.863510921803931,0.642204965707375,0.216300978679731
65.25,0,355.23457568407,0,0.865168597050278,0.64518906256901,0.216495999211183
65.26,0,354.8770864762,0,0.863963762318618,0.641566641842259,0.213679605953263
65.27,0,354.517518501742,0.00293865246053424,0.864144076339789,0.645530335832645,0.215112234924267
65.28,0,354.155885448766,0,0.861761517226904,0.644465807407452,0.213212276729365
65.29,0,353.792201839337,0,0.864012591282497,0.641906200384454,0.21472571062055
65.3,0,353.426483031169,0,0.86124389591048,0.640215519287562,0.215155963390426
65.31,0,353.058745219035,0.000758207551029214,0.863607706846085,0.644627090439487,0.218985743115272
65.32,0,352.689005435919,0.00278527007191379,0.858778676340939,0.644926826436396,0.217856002967781
65.33,0,352.31728155391,0,0.860753526785972,0.642467133725,0.211795170985167
65.34,0,351.943592284837,0.000680387641646179,0.859576914328518,0.644471902513049,0.213625442330418
65.35,0,351.567957180647,0.00197166812569855,0.858171040806882,0.644826984358074,0.214175234403714
65.36,0,351.190396633516,0,0.861032809875304,0.643612437305662,0.214873207225492
65.37,0,350.8109318757,0.000665519348589114,0.859906234463281,0.642858681820082,0.215463681624006
65.38,0,350.429584979123,0.000470970656345465,0.858233543655784,0.644149002894464,0.215449321670788
65.39,0,350.046378854695,0,0.858546300652347,0.642117038135503,0.21290493884699
65.4,0,349.661337251359,0,0.857664990660091,0.645414944716782,0.21349233018153
65.41,0,349.274484754878,0,0.856176136664067,0.644353658952199,0.21607162040709
65.42,0,348.88584678634,0,0.856436848886027,0.642508447007643,0.216320891742077
65.43,0,348.495449600398,0.000167642248725098,0.854691977508377,0.645570598085332,0.213411021357961
65.44,0,348.10332028323,0,0.858634366827365,0.644156789900821,0.217062176404894
65.45,0,347.709486750227,0,0.853924002343019,0.645341308614175,0.216130496839158
65.46,0,347.313977743402,0.000713702798954984,0.855627909788487,0.642997799146414,0.215532902651257
65.47,0,346.916822828521,0,0.855849042626606,0.645570088006221,0.21547153565381
65.48,0,346.518052391949,0.00110844952345337,0.852871909779195,0.641899593633427,0.216659461930171
65.49,0,346.117697637224,0.00129490884015786,0.855827944975505,0.643928983850255,0.214269469232425
65.5,0,345.715790581334,0.00118937862393991,0.853896675202969,0.645477901976453,0.214662371519696
65.51,0,345.312364050721,0,0.852205212626156,0.643894302820835,0.213585420227519
65.52,0,344.907451676994,0.00103605978919472,0.852719094954952,0.642186600140874,0.21269668124967
65.53,0,344.501087892348,0.00153142482284271,0.85356063082812,0.645845452671368,0.212914970926836
65.54,0,344.093307924708,0,0.852245108229896,0.645610347906344,0.214184136887829
65.55,0,343.684147792568,0,0.852527068924231,0.645644441605028,0.214250318667383
65.56,0,343.273644299546,0.00101249479739174,0.851382437168706,0.641892146230362,0.213433922069005
65.57,0,342.861835028645,0.000612044934311185,0.852138752922976,0.642754018598132,0.215772837493679
65.58,0,342.448758336215,0.000845819164034008,0.850732846825536,0.646946708278237,0.214286905153033
65.59,0,342.034453345627,0,0.849818326770837,0.645161632331577,0.213845653044339
65.6,0,341.618959940638,0,0.849902191535051,0.645532796110139,0.215271809910153
65.61,0,341.202318758472,0.00328261741863,0.849598612284003,0.646452584820764,0.214138014197129
65.62,0,340.784571182588,0.000130866099021706,0.850472834325998,0.646897282929715,0.217592041113009
65.63,0,340.36575933516,0.000266216812173775,0.850224200428674,0.645824005315248,0.218130202618892
65.64,0,339.945926069242,0,0.845958672326672,0.646701144305835,0.210782725096053
65.65,0,339.525114960643,0,0.847309478245242,0.643695630549429,0.214907598466914
65.66,0,339.103370299489,8.05961040806648e-05,0.84798376123458,0.646616039838577,0.213840272398912
65.67,0,338.680737081483,0,0.845997754090579,0.646075245041518,0.215239839372994
65.68,0,338.257260998868,0.00131921595064998,0.845586605316192,0.647174703339018,0.214720875929147
65.69,0,337.832988431068,0,0.847801874804412,0.644287636686229,0.217090770194013
65.7,0,337.407966435033,0,0.84330969506113,0.648239154553365,0.216054714180517
65.71,0,336.982242735279,0,0.846938351135274,0.647067033878085,0.211865509630916
65.72,0,336.555865713609,0,0.847057563617387,0.647608736113537,0.21423086402252
65.73,0,336.128884398534,0,0.84406132322456,0.646796326963389,0.21601666795617
65.74,0,335.701348454386,0,0.845288359137093,0.645828567522338,0.213348868400449
65.75,0,335.273308170113,0.00151518586668911,0.845591107083309,0.645814685742093,0.217741553471748
65.76,0,334.844814447779,0.000551791848083765,0.845015563411427,0.646938376653606,0.21485579695659
65.77,0,334.415918790737,0.000524820208158582,0.843180420415349,0.647991495068838,0.216953663143686
65.78,0,333.986673291507,0,0.842524525639144,0.645200816314874,0.214690277269308
65.79,0,333.557130619343,0.0012063963294073,0.840337878688404,0.647633118930245,0.214424308213029
65.8,0,333.127344007481,0,0.842590202673298,0.647864847684452,0.21268349032247
65.81,0,332.697367240091,0,0.841142458683503,0.650633373134799,0.213693444053822
65.82,0,332.267254638913,8.1121166605913e-05,0.838493391950866,0.646297759984866,0.212266780250594
65.83,0,331.837061049592,0,0.839013398963802,0.64723184434818,0.212104524108207
65.84,0,331.406841827698,0,0.842754648517682,0.649456734190662,0.213590872010335
65.85,0,330.97665282445,0,0.837980559697683,0.648013265728217,0.216634278550163
65.86,0,330.546550372129,0,0.84021082985095,0.64911013800185,0.216138159253666
65.87,0,330.116591269192,0,0.835063429267778,0.648420830920336,0.21634985254386
65.88,0,329.686832765083,0,0.837065296820224,0.649607334939854,0.214481984871579
65.89,0,329.257332544741,0.000318509209928396,0.839727618440344,0.650525139612484,0.213798626421849
65.9,0,328.828148712814,0.00122313585540511,0.83630888830205,0.649271929461897,0.213672617509846
65.91,0,328.399339777581,0.000127125698988938,0.839364994875927,0.648457535468257,0.211743902303304
65.92,0,327.970964634561,0.00100086156678437,0.837447892792238,0.649486099336903,0.214858121020229
65.93,0,327.543082549861,0.00189402502352417,0.835978159393042,0.652073959513255,0.213191622561705
65.94,0,327.115753143205,7.22254879343641e-06,0.837441482253458,0.650973209488819,0.215176447344049
65.95,0,326.689036370694,0.000596324167011017,0.836519189727976,0.649800064953744,0.215878262951525
65.96,0,326.262992507281,0,0.834610517796501,0.64947668073734,0.214197328264325
65.97,0,325.83768212896,0.00114812296222433,0.833702731037854,0.650953763324667,0.216499499922512
65.98,0,325.413166094686,0.000164104120081979,0.834239541452024,0.649572579884784,0.215972081392837
65.99,0,324.989505528014,0.000557711797059463,0.834317085739966,0.649691819111007,0.217052912630425
66,0,324.566761798477,0.00216774702410685,0.833703361029373,0.6497722163318,0.215596787368616
66.01,0,324.144996502695,0,0.833097696050404,0.649154201683484,0.217825182955857
66.02,0,323.724271445228,0.00159161337376463,0.833393484744228,0.652475034824984,0.215587686240414
66.03,0,323.304648619165,0.00172153517009966,0.833921225969248,0.650399419014043,0.215760570802653
66.04,0,322.886190186471,0,0.83205954084645,0.651380237405847,0.215204012799774
66.05,0,322.46895845809,0,0.833031662127738,0.65037413111189,0.216169650258904
66.06,0,322.053015873797,0.000915290865130867,0.83241786315366,0.651705569776716,0.215049611876779
66.07,0,321.638424981829,0,0.83262928046603,0.652536785079672,0.212996092521724
66.08,0,321.225248418281,0,0.831074306292589,0.651462643962656,0.214726673371428
66.09,0,320.813548886283,0.00207498291705596,0.828364136416701,0.650229678997735,0.216730625898013
66.1,0,320.403389134959,0,0.831244203939354,0.651163306282207,0.214095331764694
66.11,0,319.994831938186,0.000444116001543672,0.829647083302426,0.650652069336523,0.217044333822444
66.12,0,319.587940073144,0.00130105460416953,0.831398604130286,0.652411603578676,0.216085350495767
66.13,0,319.182776298675,0.00352963997166639,0.833492813340635,0.651498626943515,0.218890506373437
66.14,0,318.779403333463,0,0.831159384673122,0.652161355961778,0.213250374457699
66.15,0,318.37788383403,0.0026589118833678,0.830283763661475,0.651804751932104,0.216370134136054
66.16,0,317.978280372566,0.00164274916652267,0.827747329219369,0.656369001015308,0.213615775786287
66.17,0,317.5806554146,0.000822948338646601,0.829415434095409,0.653405778342908,0.215384836506793
66.18,0,317.18507129652,0,0.828519126151691,0.654934778377955,0.21492093410575
66.19,0,316.791590202954,0,0.827703141486867,0.652136066538777,0.217208601625566
66.2,0,316.400274144013,0,0.826250234498079,0.652331534465833,0.215654671913295
66.21,0,316.011184932424,3.60214414629303e-05,0.827271865739898,0.652168131561848,0.212075738569698
66.22,0,315.624384160541,0.00106690424497101,0.826484689586879,0.653138517541136,0.214086680961183
66.23,0,315.23993317726,0,0.825470819416626,0.657846950013529,0.214322444359928
66.24,0,314.857893064849,0.00067101587041638,0.827477314418242,0.651671021076237,0.213873139773305
66.25,0,314.47832461569,0,0.826014561527968,0.653383778393091,0.213787621303798
66.26,0,314.101288308967,0,0.825746732765241,0.651085872864196,0.215615547700244
66.27,0,313.726844287288,0,0.827011833250175,0.655369780337076,0.215490391251648
66.28,0,313.355052333271,1.89800800334585e-05,0.826375647100054,0.654756812620882,0.215786422498431
66.29,0,312.985971846099,0,0.825354594321711,0.651714983026489,0.216561091828103
66.3,0,312.619661818057,0.00246801372340706,0.825446587945597,0.652034882601457,0.214928939295029
66.31,0,312.256180811065,0.00110505310460289,0.823585721262298,0.652167152044725,0.213704453354931
66.32,0,311.89558693322,0,0.824418494388548,0.654121740505627,0.212478090489373
66.33,0,311.537937815359,0,0.824635392422541,0.65343268083641,0.21436033010759
66.34,0,311.183290587664,0,0.823355447785581,0.655818702501452,0.215509913135808
66.35,0,310.831701856308,0,0.825563898895932,0.654259218844669,0.21258870735277
66.36,0,310.483227680175,0,0.822879430074384,0.653254275240478,0.211622745767242
66.37,0,310.137923547655,0,0.824208777382438,0.656020804126401,0.215128805414268
66.38,0,309.795844353529,0,0.822184659341493,0.653997201932259,0.216169878614201
66.39,0,309.457044375971,0,0.822026502254599,0.656299577274853,0.214605273723338
66.4,0,309.121577253666,0.000353958979852603,0.822350903428757,0.653077352643597,0.216705397330621
66.41,0,308.789495963073,0,0.823874836384973,0.655028532007037,0.216096937836541
66.42,0,308.460852795836,0,0.8231074800055,0.653601757767143,0.214027700146347
66.43,0,308.135699336373,0.000792586799716293,0.82198158180504,0.654892281276624,0.216030909560477
66.44,0,307.814086439643,0,0.820764811652638,0.653642958903904,0.216116713255438
66.45,0,307.496064209118,0,0.820175009993756,0.65548185765767,0.214634141990166
66.46,0,307.181681974974,0,0.8197384442626,0.652510529945077,0.215563144217059
66.47,0,306.87098827251,0,0.819991244282457,0.657384748035202,0.214406598332829
66.48,0,306.564030820821,0,0.822087449902504,0.653872009300886,0.213180039957336
66.49,0,306.260856501736,0.00038714681796488,0.820078606095983,0.65383595590066,0.214717512995796
66.5,0,305.961511339033,0,0.820500995649454,0.656631326193506,0.214679984226459
66.51,0,305.666040477957,0.000733184500186423,0.819825731680013,0.654930075991211,0.216059044449009
66.52,0,305.374488165048,0,0.819559670712183,0.654298941690003,0.215114521146738
66.53,0,305.0868977283,0.000686038634792885,0.818455330367601,0.65714965241354,0.216360286544181
66.54,0,304.803311557667,0,0.818083441346642,0.658735440804696,0.218959665362099
66.55,0,304.523771085924,0,0.816741350537671,0.654373756833248,0.21661661657807
66.56,0,304.248316769917,8.12059719694837e-05,0.81706253961869,0.653955728516724,0.217122034037773
66.57,0,303.976988072192,0.000857537012164219,0.817458381051281,0.655912757587666,0.2151396799786
66.58,0,303.709823443046,0.00189680625191472,0.817831159513698,0.656091922324813,0.214149160360364
66.59,0,303.446860302991,0.000964839854799692,0.816405902579103,0.654294188679645,0.213696531906209
66.6,0,303.188135025664,0.000798208204058867,0.815090604157803,0.658060283986482,0.217775696693925
66.61,0,302.933682921186,0,0.81662836228961,0.654818484263095,0.213209179370324
66.62,0,302.683538219998,0.00188130060922209,0.817412505584078,0.659371769694671,0.215400913479293
66.63,0,302.43773405717,0,0.818847852532479,0.657833940570127,0.21266700152243
66.64,0,302.196302457211,0,0.818091135610772,0.657453364590784,0.214146015991586
66.65,0,301.9592743194,0.00167810756303527,0.816820689956066,0.65698854096952,0.214336853450935
66.66,0,301.726679403625,0,0.817409613696081,0.655337183867398,0.214124623009545
66.67,0,301.498546316777,0,0.813908689344671,0.656331056222617,0.216255490350528
66.68,0,301.274902499682,0.00325749109302095,0.816203639583809,0.657902031990282,0.21614657572591
66.69,0,301.055774214607,0.00219365373352509,0.817944668743658,0.654837503274226,0.213492593666495
66.7,0,300.841186533335,0.00107332556368759,0.813929549413791,0.655112032607586,0.217063877662785
66.71,0,300.631163325829,0.00115015167627984,0.817113639647843,0.656265340171653,0.213549871791275
66.72,0,300.425727249504,0,0.815921068048087,0.658763543533416,0.214645998515299
66.73,0,300.224899739089,0,0.816510267126949,0.656491478295803,0.216222674285335
66.74,0,300.028700997132,0.00125367695239547,0.812024074751914,0.654997155548451,0.214148288397201
66.75,0,299.837149985115,0.00035808232823663,0.815053950623421,0.656719930569459,0.216266374714702
66.76,0,299.650264415224,0,0.814995663341714,0.654753794010592,0.215762037491436
66.77,0,299.468060742756,0,0.814401930238069,0.656428246876814,0.215117391033252
66.78,0,299.290554159184,0.000626866831987728,0.810681747184057,0.656668664966693,0.216705223518624
66.79,0,299.117758585892,0.00326960679827352,0.811076872269915,0.655289747946085,0.216896653910863
66.8,0,298.949686668574,0.00122498661367649,0.812706057755689,0.655669642242772,0.214945665579585
66.81,0,298.786349772312,0.000832263289504814,0.812610114429861,0.653596353218497,0.218036230144713
66.82,0,298.627757977339,0.00137917371471856,0.814930215322544,0.655679507214002,0.213742411172738
66.83,0,298.473920075489,0,0.810772551557717,0.657056833318902,0.214731243181106
66.84,0,298.324843567336,0,0.811865412197769,0.659010009243441,0.217107801386982
66.85,0,298.180534660042,0.000853028007948657,0.811983577811865,0.656384317741241,0.216273044136012
66.86,0,298.040998265888,0.000344289702790655,0.810470203882604,0.658860140690015,0.218614877535629
66.87,0,297.906238001526,0.000973300273119685,0.812196232743688,0.655588014848659,0.214256887884055
66.88,0,297.77625618792,8.86117840462507e-05,0.809711141876978,0.657921765129455,0.213476672077158
66.89,0,297.651053851003,0.0020070402817464,0.811775576520716,0.6601492339712,0.21348737506163
66.9,0,297.53063072304,0,0.810132007330955,0.656401352426088,0.214901846489375
66.91,0,297.414985244698,0,0.811335944830446,0.656134848018915,0.213040023038591
66.92,0,297.304114567814,0.00112328710422507,0.812479189637575,0.656305154718104,0.21340932261304
66.93,0,297.198014558884,0,0.810538244268483,0.657845525049025,0.21434433971424
66.94,0,297.096679803242,0.000831943985133065,0.810345357388999,0.658892615946591,0.214779227183244
66.95,0,297.000103609942,0,0.808313008919368,0.65590260851192,0.216488462604759
66.96,0,296.908278017345,0.000772480873690917,0.809222953675433,0.655536643881305,0.216389570801755
66.97,0,296.821193799388,0.00112618740417168,0.807707479448839,0.657454601454181,0.216641359177508
66.98,0,296.738840472549,0.000651759896434077,0.811063732987139,0.656360700821007,0.215160092107877
66.99,0,296.661206303493,0,0.811431964865064,0.654713225269274,0.215544273438133
67,0,296.588278317396,0,0.809391643691754,0.657496809747497,0.215278765988682
67.01,0,296.520042306939,0.000510609653024866,0.809593306366876,0.653023658497199,0.217497190806321
67.02,0,296.456482841967,0,0.808841582575187,0.655847019812585,0.215519161728676
67.03,0,296.3975832798,0.000104135839105564,0.809534404089406,0.654464827711077,0.216529903849991
67.04,0,296.3433257762,0,0.808605009890847,0.654995920098076,0.214127897380368
67.05,0,296.293691296966,0.00180068153765456,0.809826267361638,0.657422563218096,0.216465400940033
67.06,0,296.248659630166,5.39044508644984e-06,0.808615498620893,0.656685875692813,0.215363714857215
67.07,0,296.208209398984,0.000351480976996621,0.809467018577283,0.65406324459859,0.215421777891212
67.08,0,296.172318075177,0.00393455250758557,0.807741732096379,0.658605713308247,0.214621508047188
67.09,0,296.140961993131,0,0.807539448970888,0.654033978780907,0.215083182958003
67.1,0,296.114116364498,0.0021179624227406,0.807511367844956,0.657130760300889,0.216063680252874
67.11,0,296.091755293407,0,0.80721844339205,0.655008676879865,0.214823614104234
67.12,0,296.073851792242,0,0.80633976514218,0.656179496267707,0.213699082700956
67.13,0,296.060377797965,0.000636763716944099,0.807592289053501,0.653245582415735,0.216729293365337
67.14,0,296.051304188964,0.000828741648863975,0.807895781911813,0.654505024727303,0.215498608476027
67.15,0,296.046600802439,0.00147562993897086,0.81008180772426,0.652793591643111,0.214392927236846
67.16,0,296.046236452279,0,0.808458925568243,0.656511587685454,0.215193900031688
67.17,0,296.05017894744,0.00108700946050237,0.808330359193012,0.653726193405132,0.216436058630493
67.18,0,296.058395110793,0.00196096779455402,0.809025418829563,0.653247458840909,0.216727482661298
67.19,0,296.070850798439,0.000681461986419331,0.808438218262498,0.651372559158285,0.21511197976656
67.2,0,296.087510919468,0,0.805741753120387,0.657327438630217,0.216231252045396
67.21,0,296.108339456147,0.000783728830796097,0.809782873732696,0.653900387289252,0.214079967996229
67.22,0,296.133299484522,0.00124623167077908,0.806219951215866,0.655271186229465,0.215707585355781
67.23,0,296.162353195417,0,0.808499730509067,0.651571686315509,0.212524820901492
67.24,0,296.19546191582,0.00146251344899541,0.8080396614655,0.657080989704343,0.214095806283869
67.25,0,296.232586130624,0.000440707070738353,0.806058526623708,0.650747281077039,0.213190260321725
67.26,0,296.273685504721,0.00143977662386421,0.807767484106751,0.653641745175368,0.213500635382467
67.27,0,296.318718905427,0.000460885789576342,0.810027350457421,0.652634049798399,0.212828498795402
67.28,0,296.367644425219,0,0.804864496206723,0.65534909054093,0.216042266913873
67.29,0,296.420419404766,0,0.806857157019867,0.654434259195029,0.216680009969241
67.3,0,296.477000456245,0,0.807660639507499,0.654379262540517,0.217032577048843
67.31,0,296.537343486913,0.00176511089823098,0.808739291534716,0.656180199116089,0.215604280784784
67.32,0,296.601403722921,0.00116620577786362,0.805775332068488,0.649946602401181,0.215625534654543
67.33,0,296.669135733368,0,0.807955572119371,0.65210664194758,0.214602011217738
67.34,0,296.740493454547,0.000740144221312487,0.807890834886313,0.653973348437442,0.213820614128885
67.35,0,296.815430214397,0.000917406967986495,0.806810070652562,0.654597807084302,0.213486205355411
67.36,0,296.893898757123,0.000874333672586011,0.806791046384862,0.652725375276657,0.212673153243916
67.37,0,296.975851267977,0,0.803727152350227,0.651255391581427,0.215777250727822
67.38,0,297.061239398176,0,0.806209918421542,0.650865460131177,0.214154033369996
67.39,0,297.150014289953,0,0.808679378425321,0.652552112656577,0.216572588255096
67.4,0,297.2421266017,0,0.806374936050455,0.651815600897765,0.21428885789238
67.41,0,297.33752653322,0,0.805457412606363,0.650642700611345,0.213776292831239
67.42,0,297.436163851034,0,0.804709951743924,0.648036340346786,0.213578534876062
67.43,0,297.537987913763,0.00125809326363223,0.80802634455589,0.650349603544695,0.21392414323229
67.44,0,297.642947697535,0,0.809567695020108,0.650794819673138,0.217284492226368
67.45,0,297.750991821433,0.00246090199686717,0.805160382323332,0.64890187444532,0.214609017688074
67.46,0,297.862068572944,0,0.806239401763231,0.652157622542116,0.219417087916618
67.47,0,297.9761259334,0,0.80533595101633,0.650461175023037,0.214684049676992
67.48,0,298.093111603406,0.00230965494643593,0.804567825575502,0.65138967345611,0.214743577379575
67.49,0,298.212973028229,0,0.804892245528132,0.651372657008321,0.214316305503836
67.5,0,298.335657423134,0.00123825545508215,0.803993020292945,0.649657656495584,0.215498763225055
67.51,0,298.461111798655,0,0.809825907266953,0.649979914595497,0.21593975073021
67.52,0,298.589282985795,0.000294944547352478,0.80475631931523,0.651342443055013,0.217685648177006
67.53,0,298.720117661121,0.000412049334506457,0.806134529743377,0.649953331370691,0.213320605760741
67.54,0,298.853562371762,0.000952993829515849,0.806556421065593,0.650271436009139,0.214884300236379
67.55,0,298.989563560283,0.00163609151212906,0.807941727787664,0.650640598580237,0.214886816676018
67.56,0,299.128067589427,0,0.805179838765185,0.648593862093143,0.215280244025611
67.57,0,299.269020766714,0.000438375636343049,0.806944139131518,0.649985959655998,0.216242029139125
67.58,0,299.412369368878,0,0.806149057668114,0.649969227413828,0.214701014458361
67.59,0,299.558059666139,2.02787812462442e-06,0.808403236135113,0.647503211849333,0.216730353680658
67.6,0,299.706037946293,0.00195435297357352,0.805840499266769,0.648266509757309,0.212537926687099
67.61,0,299.856250538609,0.0020537194684708,0.807430697731234,0.65117807635963,0.214010972183792
67.62,0,300.008643837522,0,0.808043178828561,0.645978797464048,0.215702394742207
67.63,0,300.163164326115,0,0.804388373143753,0.647766106451367,0.216398312432519
67.64,0,300.319758599373,0.000152219549471156,0.804683444352145,0.648526538753162,0.215842342702105
67.65,0,300.478373387207,0,0.809446909329388,0.647250365190949,0.21339249405832
67.66,0,300.638955577235,0.00160471011013122,0.808615809299424,0.651503227012332,0.213916629963905
67.67,0,300.801452237301,0.000822310388963422,0.807097038631757,0.650546019607802,0.212029035683466
67.68,0,300.965810637748,0.00237376793066713,0.807893958602167,0.648710760091539,0.215660334524142
67.69,0,301.131978273405,0,0.807166074630504,0.647527695499327,0.214438254671437
67.7,0,301.29990288531,0.000861686917853081,0.80683785456133,0.649136955846765,0.216624524699199
67.71,0,301.469532482131,0.001427041815683,0.807394184051182,0.648623050961365,0.215330655209403
67.72,0,301.640815361307,0,0.807586744431893,0.647287091019859,0.217510186272619
67.73,0,301.813700129884,0,0.805266038220729,0.646735880655094,0.215413705483329
67.74,0,301.988135725034,0.00200559183338131,0.808242538518927,0.645529867715076,0.215129461458901
67.75,0,302.164071434273,0.00132642406772158,0.806869452071643,0.647650977653765,0.214689265536739
67.76,0,302.341456915349,0.00202129765159771,0.807664730825444,0.647265509665371,0.214092960155635
67.77,0,302.520242215805,0,0.805805212449844,0.643890036660526,0.214354903753257
67.78,0,302.700377792212,0.000112278997715172,0.807957568586189,0.644664440071689,0.216651018348869
67.79,0,302.881814529057,0.000133480079361109,0.810042319032895,0.647296431616344,0.215108401279849
67.8,0,303.064503757296,0,0.808139767789601,0.645295649431919,0.212987278978738
67.81,0,303.248397272558,0.00260798407332815,0.805627005529257,0.646336369160961,0.215282954668893
67.82,0,303.433447352987,0.000833241782019607,0.807446894898767,0.644729652725478,0.215446760132988
67.83,0,303.619606776737,0.00148716517652881,0.804279305854844,0.646175984431319,0.217059393967077
67.84,0,303.806828839107,0,0.805534093907748,0.644983442285224,0.216878619477331
67.85,0,303.9950673693,0,0.806710769174788,0.648524267263107,0.214770495097213
67.86,0,304.184276746827,0.000102609789209839,0.807673411234287,0.645565243606122,0.21624177030411
67.87,0,304.374411917532,0,0.805282395590866,0.645905926254205,0.213478434369602
67.88,0,304.565428409246,0.000846656139014217,0.805892830996228,0.64714939052312,0.214028094973848
67.89,0,304.757282347059,0.00130787617757394,0.808250583715575,0.644489408576271,0.214060774822308
67.9,0,304.94993046822,0.00354626518094589,0.809828389529015,0.647338196587504,0.21194036667774
67.91,0,305.143330136649,0,0.810316972109043,0.642537465695743,0.215488229543758
67.92,0,305.337439357066,0,0.808348704522111,0.646304361280088,0.215069488898364
67.93,0,305.532216788736,0,0.807663426325899,0.644283460471639,0.214891455280728
67.94,0,305.727621758824,0.00316288795438418,0.808427519530639,0.645261130599771,0.214002347825802
67.95,0,305.923614275363,0,0.809805358384313,0.645579946092351,0.21684013656032
67.96,0,306.120155039827,0,0.809682181351257,0.644693223836585,0.214949397389924
67.97,0,306.317205459318,0,0.81112881701851,0.645168181550146,0.2160610541193
67.98,0,306.514727658359,0,0.810194184546397,0.645418410601506,0.215371583050577
67.99,0,306.712684490288,0.000314788857253494,0.808104443188824,0.64339016453473,0.214478730022155
68,0,306.911039548263,0.00310428993787109,0.810961903968508,0.64596795893264,0.213768836261534
68.01,0,307.109757175873,0.0033996812235398,0.811720682600519,0.64385696799689,0.216416306954465
68.02,0,307.308802477348,0.00218985337541403,0.808511989970158,0.646247703323259,0.215292869927349
68.03,0,307.508141327383,0.000476914906456886,0.808990250946944,0.643738147044885,0.216070275191549
68.04,0,307.707740380556,0,0.807924400535361,0.644957216455363,0.214010514857101
68.05,0,307.907567080358,0.000923886263825896,0.810713819189044,0.641683676926326,0.21674211977137
68.06,0,308.107589667826,0.00161664762884219,0.810940859383291,0.641855248102961,0.216527163058172
68.07,0,308.30777718978,0.000740053005151824,0.81189831569354,0.644081594744124,0.217844555440293
68.08,0,308.508099506665,0,0.811136846503244,0.644811747562247,0.216250627034411
68.09,0,308.708527300004,0,0.809220121918842,0.644418225208052,0.215140741811272
68.1,0,308.909032079447,0.000202109875193773,0.807935567208383,0.644148842707806,0.2145011831462
68.11,0,309.109586189442,0.000621406208207733,0.810164973341048,0.643254624655461,0.212780705928112
68.12,0,309.3101628155,0,0.814122001349409,0.642819223895014,0.212293253517687
68.13,0,309.510735990075,0.00289628803651488,0.812415125489283,0.646024449044633,0.216968079075529
68.14,0,309.711280598061,0.000207509915722822,0.812356627271942,0.642194429066498,0.216404753969801
68.15,0,309.911772381884,0.00120871459601014,0.812453753001979,0.642729583963201,0.21315378502967
68.16,0,310.11218794622,0.00181962814217116,0.811424059864614,0.644128109113676,0.216430325046773
68.17,0,310.312504762323,0.00154413575194968,0.81023569714007,0.642878454662329,0.213625547215535
68.18,0,310.512701171959,0.000372452912438724,0.811713891384702,0.641408534597011,0.2139361923129
68.19,0,310.712756390971,0,0.810259018817247,0.643521616885297,0.215483589238207
68.2,0,310.91265051245,0,0.812845835260277,0.642397588204777,0.215619385314568
68.21,0,311.112364509527,0,0.812917584281327,0.6458607872961,0.215108863974013
68.22,0,311.311880237786,0,0.81117477052046,0.641533558284921,0.216185364717693
68.23,0,311.511180437303,0.00182880061399041,0.811222499149176,0.645142494554317,0.215064568805883
68.24,0,311.710248734301,0,0.815084472213106,0.644685294612282,0.218453013088458
68.25,0,311.909069642438,0.000139444040178021,0.815315256817142,0.642664219298363,0.213440363081899
68.26,0,312.107628563711,0.000697436816193628,0.81429389584374,0.644837151890992,0.213630927269217
68.27,0,312.305911789004,0.00327353354580018,0.816307836693972,0.645989156613181,0.218378835137373
68.28,0,312.503906498253,0.00262758647311834,0.813685737107987,0.640580433741865,0.215540641104641
68.29,0,312.701600760249,0.00156819066348791,0.818551735943158,0.643198610921949,0.218142411013849
68.3,0,312.898983532076,0,0.815917017250634,0.642703888009859,0.215193222993625
68.31,0,313.096044658185,0,0.814336483226912,0.640599769366041,0.213794652096397
68.32,0,313.292774869103,0.00164645893091414,0.814841812535777,0.64350368735934,0.216217915675917
68.33,0,313.489165779786,0.00148326991829766,0.814750253616166,0.644701139046752,0.213554610315811
68.34,0,313.685209887612,0,0.81520568780145,0.644405079269524,0.214276742023066
68.35,0,313.880900570022,0,0.816613357575309,0.642909333874205,0.214920738572172
68.36,0,314.076232081799,0,0.817004201678348,0.642996616131484,0.213568425225135
68.37,0,314.271199552012,0.00123735496840298,0.815511671433608,0.642186227517445,0.214449694730258
68.38,0,314.46579898059,0.0009558082896252,0.814026315419456,0.641779033762024,0.214200320973249
68.39,0,314.660027234568,0,0.816780985198935,0.644318375228355,0.213957498554593
68.4,0,314.853882043976,0,0.815828215937684,0.644868553099566,0.214789485691017
68.41,0,315.047361997395,0.000120422792316224,0.818942202539679,0.64383153526635,0.21530210004684
68.42,0,315.240466537166,0,0.815890821617278,0.641968564733057,0.21258987389263
68.43,0,315.433195954267,0.00151557933132716,0.818786121338839,0.644151974322112,0.213790475717098
68.44,0,315.625551382853,0,0.819302820700892,0.642516516270783,0.217112068780523
68.45,0,315.817534794465,0.00093804282132694,0.818423105740386,0.64411161649835,0.210453592493292
68.46,0,316.009148991906,0.00120232850117094,0.820043254624514,0.643326931246415,0.215460419777659
68.47,0,316.200397602798,0.000777827207716433,0.818417021711253,0.64268197800865,0.217330152751323
68.48,0,316.391285072804,4.14342355015883e-05,0.818003651656647,0.644650542984567,0.214130887193941
68.49,0,316.581816658538,0,0.818949793016142,0.642802226165843,0.214097570097393
68.5,0,316.771998420153,0.000414701761249212,0.817374778049015,0.64395376633996,0.215025049282058
68.51,0,316.961837213608,0,0.819421688943509,0.64538166691834,0.214703268742532
68.52,0,317.151340682629,0,0.820640784961469,0.644550308793174,0.216272281448235
68.53,0,317.340517250362,0,0.819209445471208,0.643015956964851,0.215049803961475
68.54,0,317.529376110706,0.000544507150591726,0.820945949992159,0.643445255240739,0.214833788465579
68.55,0,317.717927219354,0.000900118333704537,0.820004791573687,0.644058481578502,0.214265868598318
68.56,0,317.906181284534,0,0.820644298681698,0.645757050422256,0.215643554901736
68.57,0,318.09414975744,0,0.820469289697334,0.644219249587664,0.214425833192572
68.58,0,318.281844822383,0.000156404812830661,0.819890118948918,0.643235138182443,0.21478143327421
68.59,0,318.46927938664,0,0.822569304885949,0.642882440586186,0.214027414227561
68.6,0,318.656467070022,0.000652372948795549,0.822610489384611,0.643934632567943,0.214485551626632
68.61,0,318.843422194156,0.000266820107783232,0.821610037275379,0.64532722108503,0.214385564811295
68.62,0,319.030159771486,0,0.821869870147808,0.645723935934734,0.212795630521418
68.63,0,319.216695493994,0,0.824106805433291,0.64326536097755,0.218515656755003
68.64,0,319.403045721655,0.00112151753884552,0.823054359028492,0.645983454735826,0.217091908333892
68.65,0,319.589227470616,0,0.822699765164902,0.6464387448326,0.215897445679884
68.66,0,319.775258401113,0,0.824657889844038,0.643804619124425,0.215198436505723
68.67,0,319.961156805124,0.00245009621259193,0.8225004463656,0.644506603043308,0.213192918638158
68.68,0,320.146941593769,0,0.825505208299507,0.644871477984636,0.214421179278953
68.69,0,320.332632284448,0,0.824407947192276,0.64629031530945,0.215889330685394
68.7,0,320.518248987739,0,0.823766872535017,0.64535792102662,0.213376558624814
68.71,0,320.703812394049,0.000565193134534461,0.824434379557992,0.644096581595618,0.213499734935267
68.72,0,320.88934376002,0,0.825459818328637,0.642314790127316,0.21352596106965
68.73,0,321.074864894703,0.000339956839600584,0.825685842662331,0.64771314300787,0.214787551908905
68.74,0,321.260398145504,0,0.825152498567108,0.645815082446715,0.213213277167299
68.75,0,321.445966383896,0.000529117397055811,0.827196121952653,0.643658587395381,0.217463871971939
68.76,0,321.631592990915,0,0.826057133487896,0.644416916306035,0.215779985877437
68.77,0,321.817301842439,0.000171427113859843,0.826229089469261,0.644516664781668,0.213669792100225
68.78,0,322.003117294256,0.00070375760152701,0.829059475370723,0.644950834248972,0.215865193811566
68.79,0,322.18906416692,0,0.827824236892313,0.646111382171599,0.214655060148263
68.8,0,322.375167730415,0,0.82859559457643,0.647407777661509,0.216707672249727
68.81,0,322.561453688618,0.000108552768655768,0.829801566836443,0.644101834701836,0.215074307102707
68.82,0,322.747948163571,0.00222787899258978,0.829879807897617,0.64382832549507,0.21633840310414
68.83,0,322.934677679574,0.000287873738137192,0.828328698089738,0.648648191946446,0.215417254314055
68.84,0,323.121669147092,0,0.828424443741092,0.646207937145761,0.213026072814627
68.85,0,323.308949846499,0,0.830271346740548,0.648046047425419,0.216511181513715
68.86,0,323.496547411643,0.00257106572937399,0.830764943535447,0.646324106262881,0.214663709697136
68.87,0,323.684489813262,0,0.828460775982843,0.644937266260916,0.215436058674208
68.88,0,323.872805342239,0.00137907739234899,0.831099825003045,0.647309157118597,0.215208566842835
68.89,0,324.06152259271,0,0.831043392292264,0.646708856417638,0.213999494588604
68.9,0,324.250670445031,0.00117732783724285,0.830501128160016,0.647329865539584,0.215577919305356
68.91,0,324.440278048611,0.00104046320282526,0.831367410271928,0.647456242559981,0.214133002171343
68.92,0,324.630374804613,0,0.827573403104769,0.64967041857956,0.214584211143561
68.93,0,324.820990348539,0.000936068800247356,0.831873750692763,0.646697534656701,0.215787657271553
68.94,0,325.012154532695,0,0.832380279022954,0.646669912340843,0.213812667890197
68.95,0,325.203897408552,0.000895127641975332,0.831215647861669,0.648930642524164,0.216795861012629
68.96,0,325.396249209005,0,0.834501198122719,0.644299764652047,0.21451619643346
68.97,0,325.58924033054,0.000813900882800694,0.832605798721688,0.648066327662628,0.214475252537397
68.98,0,325.782901315313,0.000207880519629878,0.835382071293113,0.649363885391883,0.214767621641885
68.99,0,325.977262833151,0,0.833497288643302,0.650456614038708,0.215980189157294
69,0,326.172355663489,0.000954061885657041,0.834776406121622,0.652681039802355,0.214890849990677
69.01,0,326.368210677229,0,0.832833379247937,0.646484406417621,0.21285540362489
69.02,0,326.564858818561,0,0.836668310145093,0.645216118746032,0.215082892013946
69.03,0,326.762331086726,0.000122636391236192,0.834206750091653,0.647696725062781,0.213059542391761
69.04,0,326.96065851774,0.00244403815187101,0.836262988130496,0.649405059848935,0.214859129969258
69.05,0,327.159872166093,0,0.838722148318586,0.650926199424734,0.214279824495662
69.06,0,327.360003086414,0.00021239732574545,0.835480257503808,0.650483442093316,0.215578265346832
69.07,0,327.561082315136,0.00298945661711918,0.839614661755229,0.649128227009719,0.215592771286304
69.08,0,327.763140852139,0.00132940397200602,0.837146850630298,0.647694530907112,0.214173108289839
69.09,0,327.966209642405,0.000744909612414748,0.83871120462674,0.648061330645406,0.21822947402844
69.1,0,328.170319557678,0,0.837292035717364,0.648096738725371,0.215971081469438
69.11,0,328.375501378148,0.00244579211445722,0.837164016106198,0.650131701930909,0.21655382098254
69.12,0,328.581785774155,0.00238867997690865,0.839100270350642,0.648543964463642,0.216480673819786
69.13,0,328.789203287934,0,0.841113493538837,0.648982705692923,0.216503357540992
69.14,0,328.997784315406,0.00122610793528775,0.839104216376216,0.648178088983714,0.21606398578019
69.15,0,329.207559088018,0.000430292079599632,0.839475362795022,0.651532228894264,0.215392854902764
69.16,0,329.418557654647,0.00173993172772593,0.839545938081467,0.650088351343327,0.217157804712991
69.17,0,329.630809863576,0.00289353383532137,0.83970600730856,0.652382917009437,0.214108773422936
69.18,0,329.844345344551,0.00146162752974079,0.841284969175509,0.649622571662547,0.214046602241737
69.19,0,330.059193490921,0.0018329244021178,0.84359509405833,0.650440952372085,0.216945286069168
69.2,0,330.275383441885,0.00225159084790849,0.840054913746535,0.65217533992237,0.21588267867203
69.21,0,330.492944064835,0.00117294010654795,0.842791673180523,0.651043523171559,0.214283969754922
69.22,0,330.711903937824,0,0.842658889743161,0.651201162221787,0.212792717701114
69.23,0,330.932291332154,0.00140948547155188,0.84076932991422,0.651615894566047,0.217351033651313
69.24,0,331.154134195095,0,0.842675921636323,0.652339357986958,0.216058255778431
69.25,0,331.377460132753,0,0.843772219514523,0.65078707407222,0.215030286804362
69.26,0,331.602296393081,0.000205418433654381,0.845972544805806,0.651572930882938,0.213484472619723
69.27,0,331.828669849055,0.00026802289681858,0.844959415390184,0.651306257994739,0.214003377996349
69.28,0,332.056606982022,0.000721088015082945,0.848001663964598,0.650828441730603,0.217902110365749
69.29,0,332.286133865213,0,0.845606284411634,0.651639353592303,0.213201443502269
69.3,0,332.517276147458,0,0.846539495091458,0.651961702635263,0.214153840066462
69.31,0,332.750059037084,0.000987484379230755,0.845046196370456,0.654676015141287,0.215097265687287
69.32,0,332.984507286023,0,0.847907252280921,0.653731520589627,0.215074146527148
69.33,0,333.220645174123,0.00159615029524781,0.846321072910211,0.651453237259107,0.214202452662597
69.34,0,333.458496493695,0.000148452129242855,0.845597324279532,0.65260658843577,0.215480613456653
69.35,0,333.698084534272,0.00156305314919977,0.845579591765283,0.652564201751202,0.215811089808966
69.36,0,333.939432067614,0.00247395811752577,0.846758653792044,0.651990281400888,0.218008301472701
69.37,0,334.182561332956,0.000354262226960867,0.850882475859555,0.652032180908586,0.214053143411828
69.38,0,334.427494022509,0,0.84619207530051,0.653563152818132,0.215393493499853
69.39,0,334.67425126722,0.00340645514084345,0.851844439629306,0.652318321266299,0.216397717282
69.4,0,334.922853622802,0.00159084157636549,0.851286168735018,0.652392285788703,0.215089636434626
69.41,0,335.173321056042,0,0.84866859074332,0.653603560056897,0.215198847317095
69.42,0,335.425672931389,0.00225402265427804,0.851875097457209,0.656076049823494,0.211875055757684
69.43,0,335.679927997833,0.00112294051081478,0.852962727065855,0.655067967663432,0.214922397336812
69.44,0,335.936104376085,0.00122798248892891,0.851355469681751,0.654216888974991,0.212811808878148
69.45,0,336.194219546062,0.000875448210221328,0.850339672913754,0.652361826558142,0.21770124278303
69.46,0,336.454290334679,0.00348940990958322,0.852154493657343,0.654798051587086,0.214147842664353
69.47,0,336.716332903964,0.000509836686118439,0.851204387841721,0.656018018060313,0.212230282753277
69.48,0,336.9803627395,0,0.85615494447965,0.6565643761295,0.213782292806706
69.49,0,337.246394639186,0.00198806586876486,0.853960251134951,0.656309304190853,0.216105259662302
69.5,0,337.514442702353,0,0.854729798776004,0.652914425225063,0.212053034146095
69.51,0,337.784520319208,0,0.854297483938606,0.65584217025293,0.213218669787086
69.52,0,338.056640160637,0.00218062791208227,0.854327296226975,0.656388811754101,0.21663339883517
69.53,0,338.330814168353,0,0.856148097461282,0.655043756093468,0.214245653028567
69.54,0,338.60705354541,0,0.854586223855418,0.656358950310501,0.217139299210346
69.55,0,338.885368747081,0,0.854377530880424,0.653663188549862,0.215896460263084
69.56,0,339.165769472098,0,0.855729572847891,0.653788173271622,0.214576526654286
69.57,0,339.448264654276,0.000711745504017631,0.856720313330312,0.65640520892333,0.215841529692668
69.58,0,339.732862454505,0,0.855598069989833,0.655387937204556,0.214344779886362
69.59,0,340.019570253129,0,0.859216103792009,0.653059546976081,0.21746505562625
69.6,0,340.30839464271,0.000965705985721981,0.856545024811722,0.65428187811308,0.216295637469662
69.61,0,340.599341421179,0,0.857977010900573,0.656426228618331,0.21485522807774
69.62,0,340.89241558538,0,0.857668134950095,0.654130815137771,0.215704625369267
69.63,0,341.18762132501,0.0011465262987878,0.860106985600365,0.655570114329515,0.215408392573375
69.64,0,341.484962016955,0.000813218871569556,0.860547883590731,0.655632673337444,0.21537991195431
69.65,0,341.784440220029,3.0977356576865e-06,0.860321488703234,0.653142768871005,0.214044438437903
69.66,0,342.086057670112,0.00113579499301912,0.859894471834257,0.656249687115304,0.214174925521445
69.67,0,342.389815275696,0,0.863838756284485,0.656425215854445,0.215177425122962
69.68,0,342.695713113832,0,0.861167043648496,0.65771337634227,0.216167051748276
69.69,0,343.003750426491,0.000367392978606702,0.859729263400588,0.656887380280051,0.215473794743357
69.7,0,343.313925617327,0.00065206971016884,0.862991719581538,0.655316497491866,0.216785032838236
69.71,0,343.626236248853,0.00124889194782,0.861926060217181,0.656876942111199,0.216143612517036
69.72,0,343.940679040025,0.00179975517691835,0.863816715679311,0.65493376179971,0.216154793639781
69.73,0,344.257249864239,0.000374266316262092,0.863114767161862,0.657989818947595,0.213076747420099
69.74,0,344.575943747733,0,0.863072683831662,0.660165133476817,0.215602599716613
69.75,0,344.896754868403,0.0014021818251865,0.863660076603277,0.655846957753296,0.214027629690775
69.76,0,345.219676555024,0.00383105721950469,0.865769064651117,0.655313218535643,0.214550335096825
69.77,0,345.544701286886,0,0.865862064500313,0.656024136399601,0.215311687226805
69.78,0,345.871820693831,0,0.86689386983881,0.657187858580138,0.215416784023707
69.79,0,346.201025556697,0.00120414950206834,0.866277777699513,0.656991045496607,0.216466040873699
69.8,0,346.532305808169,0,0.867259852846294,0.658141058966248,0.212202217141453
69.81,0,346.86565053403,0,0.867036811784835,0.658787112640754,0.215980363707315
69.82,0,347.201047974813,0.00242268651069173,0.867705048927207,0.656226322486769,0.211876804892332
69.83,0,347.53848552785,0,0.867785345398908,0.65508678611801,0.214783658213643
69.84,0,347.87794974972,0,0.86897358195672,0.654113833272253,0.215337520691709
69.85,0,348.219426359081,0,0.866207616375909,0.653774250286293,0.211793344532888
69.86,0,348.5629002399,0,0.869015072305405,0.658152465642629,0.214924494700241
69.87,0,348.908355445066,0,0.868428383865226,0.654221815277716,0.214695971140584
69.88,0,349.255775200382,0,0.868992413235422,0.655475543519786,0.213709745013511
69.89,0,349.605141908939,0,0.870427379087456,0.656550874261049,0.214778809751917
69.9,0,349.956437155863,0,0.871316924861482,0.654431741593936,0.214864151040988
69.91,0,350.309641713432,0.000779077307186313,0.869781265971229,0.656992187820455,0.214787858423352
69.92,0,350.664735546561,0.000867236826664423,0.871595749446056,0.655985471880836,0.215496427163205
69.93,0,351.021697818641,0,0.872719077520687,0.65730972198459,0.214660999355821
69.94,0,351.380506897742,0,0.873225653411301,0.656547588346,0.215972377994032
69.95,0,351.741140363165,0.000944391572236069,0.873408414828208,0.656100552973385,0.215670548577044
69.96,0,352.103575012334,0.00119430940938637,0.873008627499062,0.65958671240585,0.216012708490214
69.97,0,352.467786868036,0.00210287140507491,0.872462519713771,0.659087840338786,0.214202201769379
69.98,0,352.83375118599,0,0.874286633104938,0.656862534809174,0.213930137589359
69.99,0,353.201442462747,0,0.875183313328427,0.656489068581958,0.213060619167269
70,0.2,353.570834443914,0.000792116132736876,0.876689418418605,0.657492410033996,0.212955171687641
70.01,0.2,353.941900132692,0.000366798091955428,0.875934357868791,0.655450326027734,0.215970090524244
70.02,0.2,354.314611798726,0,0.875178696271024,0.653774686323073,0.216097610580704
70.03,0.2,354.68894098726,0.000951792460591591,0.87846126798628,0.658208053200582,0.214111196494378
70.04,0.2,355.064858528586,0.00136746282719188,0.878180315617482,0.656163561575141,0.212887379811079
70.05,0.2,355.442334547789,0.000862517479599975,0.877050620696535,0.65379253120548,0.215955683052633
70.06,0.2,355.821338474771,0,0.878180916153841,0.657227889643611,0.215750085497996
70.07,0.2,356.201839054558,0,0.87640011034123,0.655966971425961,0.214212847259715
70.08,0.2,356.583804357871,0,0.880018997325776,0.657081724720198,0.213993152199643
70.09,0.2,356.967201791965,0.000121615927017369,0.878087916411765,0.652689414818047,0.213804392645855
70.1,0.2,357.351998111721,0.000687174627271178,0.880917585570879,0.656602116792653,0.215013360778098
70.11,0.2,357.738159430988,0,0.877853566507827,0.655539951962093,0.215790845787816
70.12,0.2,358.125651234169,0,0.879654856899202,0.657969522828801,0.21499204648959
70.13,0.2,358.514438388036,0.00193268295546148,0.878510095183349,0.655379661962867,0.216032853501843
70.14,0.2,358.904485153775,0,0.87985905334755,0.655470423320287,0.215553264942022
70.15,0.2,359.29575519925,0.000356777166822746,0.883778166213613,0.654682528272923,0.213293866714982
70.16,0.2,359.688211611477,0,0.882125359767333,0.657441846287199,0.218211360567713
70.17,0.2,360.081816909303,0.00387594005313731,0.884018632226506,0.656297958533057,0.216754267079846
70.18,0.2,360.476533056284,0.00327794637999152,0.882464238816632,0.656038808039727,0.213471120423867
70.19,0.2,360.872321473743,0.000225062969793542,0.881766572798511,0.655381184805349,0.214516994414819
70.2,0.2,361.269143054024,0,0.886313165984868,0.656984758900833,0.215497102581746
70.21,0.2,361.666958173902,0,0.884902805091731,0.654572517673113,0.210900611543818
70.22,0.2,362.065726708173,0,0.881714127354873,0.653196458792277,0.214248684097431
70.23,0.2,362.465408043395,0.00167416401298992,0.886282822878275,0.655547151488729,0.217312201462686
70.24,0.2,362.865961091777,0,0.884949059329996,0.655101514083223,0.215721394231542
70.25,0.2,363.267344305221,0.00096055589038432,0.887522984233488,0.652662200484412,0.214825556221735
70.26,0.2,363.66951568949,0,0.886211292762861,0.654429299572711,0.214889685549702
70.27,0.2,364.072432818502,0,0.883987868265786,0.653160925184017,0.216721913621009
70.28,0.2,364.476052848755,0.00303299847560382,0.887019713592907,0.655860311956719,0.215941219713209
70.29,0.2,364.880332533851,0,0.888960939287408,0.654482242497175,0.214617407204257
70.3,0.2,365.285228239134,0.00364509011109404,0.889671182380158,0.655563623249929,0.217031993283938
70.31,0.2,365.690695956424,0,0.886871630607109,0.656876282638262,0.213732843732138
70.32,0.2,366.096691318837,0,0.887204122360687,0.657168436099646,0.211894445402011
70.33,0.2,366.503169615689,0,0.889501457018789,0.650877324521033,0.218173081892936
70.34,0.2,366.910085807478,8.05834845645075e-05,0.888905451662474,0.655337747974312,0.213853931374129
70.35,0.2,367.317394540935,0,0.88719305650079,0.654076395252736,0.213697567720935
70.36,0.2,367.725050164125,0,0.889294472678676,0.653166622042152,0.21602995297842
70.37,0.2,368.133006741618,0.00152228687391421,0.889883846623074,0.652122622311558,0.215746204911175
70.38,0.2,368.541218069695,0.000561304160179111,0.892533824558037,0.65566495336826,0.214423457129545
70.39,0.2,368.949637691597,0.00142299416375172,0.890406991027305,0.650704050445074,0.215604819755612
70.4,0.2,369.358218912808,0,0.890013869214592,0.651570221694245,0.216026709221108
70.41,0.2,369.766914816363,9.73316934662266e-05,0.893481201469418,0.651828125137526,0.215623174030232
70.42,0.2,370.175678278177,6.78947518268355e-06,0.89360083775187,0.652270873936028,0.216620489823164
70.43,0.2,370.584461982384,0.00308188242530975,0.892764934562081,0.650971143936828,0.215838847403518
70.44,0.2,370.993218436685,0.00207120963799518,0.893535296394607,0.652901342057372,0.213576136246894
70.45,0.2,371.401899987693,0,0.894305950285181,0.652149948168066,0.215086184642464
70.46,0.2,371.810458836275,0,0.896509128474153,0.652757954517871,0.21639819691526
70.47,0.2,372.218847052882,0,0.892766278256177,0.653908854292198,0.214806268117309
70.48,0.2,372.627016592853,0.00247644494002073,0.896276827722497,0.655436697395441,0.21569876221046
70.49,0.2,373.034919311703,0.00141109603328017,0.894741007978874,0.652654921229887,0.217580332095962
70.5,0.2,373.442506980376,0,0.896746901423936,0.65139613851781,0.214254729872874
70.51,0.2,373.849731300461,0.00171186107749897,0.895514614197982,0.653174816320241,0.2171419890815
70.52,0.2,374.256543919367,2.75469439852137e-05,0.89642298834811,0.652400966546768,0.212111949792863
70.53,0.2,374.662896445455,0,0.896124868587582,0.649734208733923,0.216150545155256
70.54,0.2,375.068740463103,0,0.899614449676298,0.648556864786648,0.216181432690486
70.55,0.2,375.47402754773,0.000994836847418758,0.897996760195998,0.650473202463474,0.214843898831764
70.56,0.2,375.878709280746,0,0.898080842539496,0.651540443267834,0.216181494117221
70.57,0.2,376.282737264431,0,0.901013223682073,0.650445240692418,0.215611943063991
70.58,0.2,376.686063136748,0.00437422420708983,0.899375476220169,0.649871949825996,0.213922301518023
70.59,0.2,377.088638586071,8.98630338715113e-07,0.896762708841477,0.650692508681246,0.215946227603199
70.6,0.2,377.490415365833,0,0.899433205480827,0.652144806744793,0.213798651170069
70.61,0.2,377.891345309081,3.09373568128611e-05,0.900648865093928,0.652362575450694,0.214765494827668
70.62,0.2,378.291380342947,0,0.902066451254498,0.649057973797129,0.21884815018263
70.63,0.2,378.690472503007,0,0.901954370608674,0.650688839749505,0.21500819395475
70.64,0.2,379.088573947557,0,0.903259468469806,0.650976546221519,0.213592746799594
70.65,0.2,379.485636971764,0,0.90031758433543,0.653245937619987,0.218662679513347
70.66,0.2,379.881614021722,0,0.90262121480203,0.651566266624579,0.214747786616452
70.67,0.2,380.276457708386,0.000622304273063392,0.904768540049205,0.649543265210729,0.215657562200614
70.68,0.2,380.67012082139,0.000972157639295558,0.904761232439007,0.650055876240043,0.212400134986998
70.69,0.2,381.062556342741,0,0.905038405276085,0.650342719554765,0.214155460325069
70.7,0.2,381.453717460394,0.00301428801819641,0.905099094623363,0.647961278811206,0.217068064565009
70.71,0.2,381.843557581687,0,0.903245728205501,0.649228432091522,0.214043654459165
70.72,0.2,382.232030346658,0.00203108704507238,0.906168083516225,0.647554624890293,0.215535746630541
70.73,0.2,382.619089641212,0.000982805013596773,0.905067284025839,0.648744079085982,0.214860568708438
70.74,0.2,383.004689610153,0.00175069003762463,0.90695113687016,0.646854667014954,0.215424243557113
70.75,0.2,383.388784670085,0,0.906054482952397,0.649343533927964,0.213503388463266
70.76,0.2,383.771329522146,0,0.906206927697511,0.649677393854129,0.214923682800545
70.77,0.2,384.152279164613,0,0.908301723106759,0.649517699399544,0.216634147504052
70.78,0.2,384.531588905349,0,0.906410865190968,0.649552366515143,0.215161052927478
70.79,0.2,384.909214374087,0.000264896841138794,0.909953883171399,0.649288527714357,0.217998846217382
70.8,0.2,385.285111534574,0.000195851945346993,0.908930689027624,0.648842406016577,0.213643264300428
70.81,0.2,385.659236696544,0,0.908827894503573,0.64638619580337,0.216170712475588
70.82,0.2,386.03154652753,0,0.909497802053431,0.649664871212997,0.215816927932373
70.83,0.2,386.401998064516,0.00155819443108722,0.908300415141906,0.647410723438719,0.214556512641607
70.84,0.2,386.770548725421,0.00121458429702781,0.909422774461909,0.647660870418985,0.215839393167161
70.85,0.2,387.137156320411,0,0.909354525314803,0.650592322281805,0.216098450177166
70.86,0.2,387.501779063044,0,0.912872043772963,0.647662419909168,0.216478642511966
70.87,0.2,387.86437558124,0.00166230383719521,0.912570347520803,0.645194076196092,0.215735213584448
70.88,0.2,388.224904928079,0.00046864332310925,0.911654820799825,0.646393051800019,0.215169544301829
70.89,0.2,388.583326592414,0.00179433140013066,0.913276618122327,0.647243007369796,0.214650221984259
70.9,0.2,388.939600509316,0.000894953437935654,0.911088578444977,0.649138943214254,0.214559186551879
70.91,0.2,389.29368707033,0,0.911940363451929,0.647340494733987,0.213627652990648
70.92,0.2,389.645547133553,2.54143145777726e-05,0.911864221040469,0.648625235377404,0.216688966171987
70.93,0.2,389.995142033527,0,0.912595501307748,0.650082387728772,0.215119398983933
70.94,0.2,390.342433590947,0,0.915157750378615,0.646087938524518,0.215694881247696
70.95,0.2,390.687384122183,0,0.911527813191718,0.646844796327594,0.214976830559859
70.96,0.2,391.029956448609,0,0.913068142627382,0.645223080145062,0.217414618597368
70.97,0.2,391.370113905751,0,0.916480417283297,0.647015846548266,0.218322676850592
70.98,0.2,391.707820352235,0.00111942153758128,0.913797839616443,0.648198673910426,0.216146535271213
70.99,0.2,392.04304017855,0,0.914188104780763,0.642659982999764,0.213336862066837
71,0.2,392.375738315615,0.00014549329405052,0.914450745860577,0.645002405073815,0.21483491673186
71.01,0.2,392.705880243149,0,0.915682259293063,0.64603582871981,0.215871568421258
71.02,0.2,393.03343199785,2.36441460670595e-05,0.915506003187051,0.644125272700698,0.216087735244689
71.03,0.2,393.358360181377,0.000487420581486185,0.916978584429365,0.645983492394899,0.216522588056887
71.04,0.2,393.680631968134,0.00238951427101333,0.917903742560667,0.644685210006312,0.213481399269546
71.05,0.2,394.000215112851,0.000530872241981263,0.917460968178958,0.646422993453586,0.215233484995128
71.06,0.2,394.317077957977,0.00311564476922497,0.916526805263992,0.64750128875938,0.214584597240834
71.07,0.2,394.631189440861,0.000646821733159735,0.917839304963777,0.645361540255391,0.21410502804334
71.08,0.2,394.942519100744,0,0.917833459067181,0.644217989270872,0.214378484432701
71.09,0.2,395.25103708554,0.00161313795664834,0.918180533999427,0.646689315771023,0.214061082254353
71.1,0.2,395.556714158421,0.000767617030957826,0.916570442316125,0.645166022712544,0.213317447032255
71.11,0.2,395.859521704197,0.00151839680968609,0.920211096800794,0.645522306451952,0.215069391951935
71.12,0.2,396.159431735498,0,0.919376406068172,0.645024907666836,0.214333917374087
71.13,0.2,396.456416898741,0,0.923457638100279,0.643552745383449,0.215617641702447
71.14,0.2,396.75045047991,0.00175970986022384,0.921347234810452,0.645287354206303,0.212478326392862
71.15,0.2,397.041506410117,0.00149569228068359,0.918266271153355,0.64456387738892,0.215188405667031
71.16,0.2,397.329559270962,0,0.920475375601371,0.644725260778219,0.212509280075569
71.17,0.2,397.614584299695,0.00189356412220645,0.920716161372701,0.644452218990866,0.214392459783219
71.18,0.2,397.896557394163,0,0.92201001207582,0.642288311886648,0.214023317422044
71.19,0.2,398.175455117557,0.000128852889067282,0.9205507759904,0.642018878267875,0.213116540746765
71.2,0.2,398.451254702951,0,0.919977829602469,0.644108224348396,0.213726819495737
71.21,0.2,398.723934057636,0.001088283439198,0.923162977339665,0.648503243562294,0.215544820857493
71.22,0.2,398.993471767245,0.00326780944145224,0.920969417484112,0.645819927184847,0.213651022578597
71.23,0.2,399.259847099677,0,0.921742185459841,0.64491726331752,0.214717441393761
71.24,0.2,399.523040008807,0,0.925352341581988,0.64447245444386,0.214178929326538
71.25,0.2,399.783031137993,0,0.924946844929112,0.64417868110128,0.216444626856489
71.26,0.2,400.039801823381,0,0.924701612262331,0.642775004758915,0.214555039967073
71.27,0.2,400.29333409699,0,0.926337121211529,0.645897946165028,0.214641702459923
71.28,0.2,400.543610689606,4.57374860613777e-05,0.92519992060049,0.641652906950573,0.21676565316506
71.29,0.2,400.790615033457,0.000395932388869854,0.925493598605213,0.64513288870013,0.215737579304068
71.3,0.2,401.034331264685,0.00059183420180203,0.923223965132841,0.644754374483643,0.212911405296648
71.31,0.2,401.274744225618,0,0.925710353516585,0.645432782940352,0.215251116084315
71.32,0.2,401.511839466818,0.000587104026469499,0.925102075247277,0.645258452429486,0.21582131196409
71.33,0.2,401.745603248943,0,0.925803861200869,0.643910170323883,0.215618150388676
71.34,0.2,401.976022544389,0.00198990237386393,0.927025232931819,0.644484236344109,0.215765484148628
71.35,0.2,402.203085038728,0,0.927639939697186,0.644245673654568,0.21509151210863
71.36,0.2,402.426779131945,0.00255803015703875,0.926966659671896,0.642727736514346,0.216919150683039
71.37,0.2,402.647093939462,0.000713590272058731,0.92762870017949,0.645642578335705,0.216268838793977
71.38,0.2,402.864019292961,0.000225439586338558,0.928787995171358,0.644773673870373,0.214634974181076
71.39,0.2,403.077545741,0.000368791708281802,0.926979896869017,0.642360124594873,0.215418135223496
71.4,0.2,403.287664549424,0.00121170752550662,0.928803576136825,0.644340945917109,0.213449030757918
71.41,0.2,403.49436770157,0,0.925944528262163,0.642676950969373,0.213921612920384
71.42,0.2,403.697647898271,0,0.930500848232605,0.642076488286863,0.21571907326394
71.43,0.2,403.897498557649,0,0.928339511885251,0.642568024818425,0.216793430233869
71.44,0.2,404.093913814712,0.00310157080107063,0.930053834892746,0.642993915543345,0.213308378795791
71.45,0.2,404.28688852074,0,0.927936824730836,0.642690797488049,0.216752529341392
71.46,0.2,404.476418242474,0.00155901196574601,0.926928725554652,0.643838588805692,0.215594771585173
71.47,0.2,404.6624992611,0.00185371631526827,0.929685038536204,0.643211614856158,0.214271306756501
71.48,0.2,404.845128571028,0.000833923031625133,0.928269958730792,0.644250896241897,0.214628891083943
71.49,0.2,405.024303878472,0,0.92810051955771,0.645374153926014,0.216385811130735
71.5,0.2,405.200023599834,5.7800429324918e-05,0.930461643487008,0.644385454995582,0.214963868315172
71.51,0.2,405.37228685987,0.000712239098186466,0.93202582966475,0.640675841492712,0.214557675826532
71.52,0.2,405.541093489679,0,0.93156056363729,0.644928274506157,0.21302159987378
71.53,0.2,405.706444024474,0.000417277137075628,0.930604040470128,0.641798932249482,0.215191772356645
71.54,0.2,405.868339701162,0,0.933190568789261,0.643923660952742,0.214235789625632
71.55,0.2,406.026782455725,0,0.933594937968875,0.644258074319721,0.211293537811191
71.56,0.2,406.1817749204,0,0.936458027903426,0.64537124525322,0.21732200565692
71.57,0.2,406.333320420666,0,0.932968682426429,0.643259515985457,0.2140289237452
71.58,0.2,406.481422972031,0,0.932472837890134,0.644379308208139,0.215663151117614
71.59,0.2,406.626087276627,0.000278629998424227,0.935407686504396,0.644043070367209,0.213169240677358
71.6,0.2,406.767318719606,0.0016089683735003,0.931160086794334,0.645845867971856,0.215573098500261
71.61,0.2,406.905123365341,0,0.933813710768335,0.645327334226571,0.213850256736013
71.62,0.2,407.039507953442,0.000445859899723237,0.932029669383041,0.643991442583806,0.214058034173077
71.63,0.2,407.170479894568,0,0.934461017772378,0.647358732493811,0.215159464989217
71.64,0.2,407.298047266056,0.00167798310978876,0.931513629203376,0.645354880475257,0.214867180406116
71.65,0.2,407.422218807351,0,0.934510644389925,0.643757975479243,0.214869749529821
71.66,0.2,407.543003915259,0.00109430302420274,0.936059994224231,0.643808498590762,0.214711677961108
71.67,0.2,407.660412638996,0.00101092171300724,0.934715572551709,0.644625353024559,0.215937921768216
71.68,0.2,407.774455675055,0,0.934780206411036,0.643707615609375,0.215528485677218
71.69,0.2,407.885144361895,0.00125381712893257,0.933756370112386,0.643038873468441,0.215412310898912
71.7,0.2,407.992490674426,0.00118050753887892,0.93244153721532,0.6453625852317,0.216502859762521
71.71,0.2,408.096507218327,0,0.935973109963982,0.64306460477475,0.217017659538635
71.72,0.2,408.197207224168,0,0.936007374739572,0.646032266595604,0.214619549034134
71.73,0.2,408.294604541354,0,0.936549452821021,0.643983727460355,0.212879181703374
71.74,0.2,408.388713631889,0.00093360362447833,0.936684825096652,0.64070439076442,0.215418967039459
71.75,0.2,408.479549563961,6.46527013993669e-05,0.938040492306005,0.644048919300031,0.214630788759432
71.76,0.2,408.567128005338,0.00157096872558792,0.936374371027556,0.645399990730789,0.213740803551296
71.77,0.2,408.651465216601,7.30784468474978e-05,0.935881612368574,0.641437364064105,0.215866326357236
71.78,0.2,408.732578044193,0.000472197254343653,0.937306123368144,0.643138602684799,0.2167975520352
71.79,0.2,408.81048391329,0,0.935815056556263,0.645037411363684,0.21468626373583
71.8,0.2,408.885200820507,0,0.937667563965886,0.643650550830916,0.215311102811119
71.81,0.2,408.956747326429,0.00180598001267726,0.935777626059783,0.644240282530079,0.216008355142736
71.82,0.2,409.025142547967,0,0.939991463670989,0.646869738565129,0.212970353075204
71.83,0.2,409.09040615055,0.000773463807479522,0.936394485689644,0.647126739568419,0.214003764149016
71.84,0.2,409.152558340154,0.001772286915642,0.939061288665226,0.644696253314881,0.216431978032965
71.85,0.2,409.211619855153,0.00161932830412355,0.93815064571935,0.643786561977755,0.213504832164727
71.86,0.2,409.267611958021,2.12322639806747e-05,0.941955638145379,0.645422437471377,0.214590209141009
71.87,0.2,409.320556426861,0.00121040665695204,0.940234759139136,0.6463698396419,0.213681168517847
71.88,0.2,409.370475546781,0.000149267816324896,0.935754789211519,0.646788414989145,0.214252579766678
71.89,0.2,409.417392101105,0.000798885261393369,0.93753998030734,0.646461648268889,0.213548814117263
71.9,0.2,409.461329362439,0,0.938725158193586,0.64540277092387,0.213994275179127
71.91,0.2,409.502311083565,0.000910746672167793,0.93849785460287,0.647221825750816,0.215686237926446
71.92,0.2,409.540361488205,0,0.939123610863083,0.645998332997446,0.215532569381416
71.93,0.2,409.575505261612,0,0.940201712893267,0.647926009864969,0.216320908984324
71.94,0.2,409.607767541033,0.00149217500081573,0.940701108656627,0.645519520423196,0.212008171763592
71.95,0.2,409.637173906012,0,0.94084127643609,0.644056299795818,0.213971174395354
71.96,0.2,409.663750368558,0,0.938641480962695,0.647786530987723,0.21297330680783
71.97,0.2,409.687523363164,0,0.940280084019376,0.649444199777016,0.215302048623532
71.98,0.2,409.708519736697,0,0.941240306833372,0.647109183079898,0.215777647217564
71.99,0.2,409.726766738143,0,0.93998459340788,0.647573485932222,0.216371747686625
72,0.2,409.742292008223,0,0.941958738111675,0.648521162569841,0.216715602328533
72.01,0.2,409.755123568874,0,0.944227556838184,0.647366961519029,0.216745353965786
72.02,0.2,409.765289812607,0.00178439518170555,0.938651646090086,0.646787608207127,0.213949805331987
72.03,0.2,409.772819491729,0,0.940050950197321,0.647597560880773,0.216766884607938
72.04,0.2,409.777741707455,6.46816957251553e-05,0.942482581375654,0.647041967174159,0.214840000178556
72.05,0.2,409.780085898888,0.000524470507426685,0.94304492436189,0.646321162884044,0.217090522752034
72.06,0.2,409.779881831887,0,0.939140147522845,0.646953090623813,0.217970246175774
72.07,0.2,409.777159587819,0,0.940916279609024,0.646447421778395,0.212762378497731
72.08,0.2,409.771949552198,1.23369232007006e-05,0.940585452347087,0.647843610122914,0.215965731981623
72.09,0.2,409.76428240322,0,0.940623525127429,0.648312646914154,0.212277144105823
72.1,0.2,409.754189100187,0,0.942932227254725,0.647590688186546,0.213221136189666
72.11,0.2,409.74170087183,0,0.941392496611038,0.648870049788876,0.213850111949175
72.12,0.2,409.726849204535,9.53112103340057e-06,0.940086004909864,0.647363452609376,0.214521361428896
72.13,0.2,409.709665830476,0,0.942186560275838,0.647117073683368,0.214586593869574
72.14,0.2,409.690182715642,0,0.942259499809387,0.646609493395147,0.215061836886886
72.15,0.2,409.668432047796,0.00342866803836349,0.942114978878565,0.648950920159925,0.213999339961889
72.16,0.2,409.644446224331,0,0.942904265734882,0.651578432316982,0.215637806258201
72.17,0.2,409.618257840051,0,0.941286519727176,0.649048342723281,0.214838030453265
72.18,0.2,409.589899674878,2.13826042123147e-05,0.941887611058049,0.647284160819068,0.213640449071237
72.19,0.2,409.559404681477,0,0.94459161032927,0.649630854619016,0.213012028210641
72.2,0.2,409.526805972812,0.00128147204800791,0.94261201801006,0.648555436146431,0.216165041898589
72.21,0.2,409.492136809642,0,0.942255022586235,0.650290442017544,0.213295803391736
72.22,0.2,409.455430587948,0.00157810805833922,0.943424575887052,0.65004845661275,0.212835701929094
72.23,0.2,409.416720826298,0.000958512439483706,0.943215074366352,0.651500362707191,0.213291397654825
72.24,0.2,409.376041153168,0,0.944901098616351,0.651396306623991,0.214942292406829
72.25,0.2,409.3334252942,0,0.942731197709727,0.651456736830304,0.215948543018914
72.26,0.2,409.288907059425,0.00101277583414444,0.945335948606161,0.64762269625892,0.214281365241379
72.27,0.2,409.242520330434,0.000688953130433659,0.942612171449385,0.64866199825552,0.216311166901456
72.28,0.2,409.194299047516,0.000644838479744524,0.94149455824354,0.649625389555042,0.219090562073504
72.29,0.2,409.144277196765,0,0.941473299599421,0.651604680305573,0.215385170039939
72.3,0.2,409.092488797149,0,0.941565759133316,0.651351590646715,0.215589316727754
72.31,0.2,409.038967887562,0,0.943637427503055,0.651131920611003,0.217397180880348
72.32,0.2,408.983748513855,0.00104501453774155,0.942693965272716,0.651124750569683,0.216069677641526
72.33,0.2,408.926864715847,0.00069017167742986,0.942917073113342,0.65136743497145,0.215445533235846
72.34,0.2,408.868350514328,0.0023389590943828,0.948550117440336,0.649697560085686,0.216103943424247
72.35,0.2,408.808239898057,0.000427838099189335,0.944561290715477,0.650756717091231,0.214966570062055
72.36,0.2,408.746566810754,0.000247075234758367,0.946429891276162,0.650883286349553,0.215034048222248
72.37,0.2,408.6833651381,0,0.942524408034516,0.650603356034732,0.21642023079386
72.38,0.2,408.618668694742,0,0.944187867244017,0.652615729831583,0.21644611858552
72.39,0.2,408.552511211311,0.0013791651609296,0.941873991469039,0.651325918478849,0.214695551162265
72.4,0.2,408.48492632146,7.51727911893049e-05,0.943438862008532,0.651678917590049,0.214835192324331
72.41,0.2,408.41594754892,0,0.944104860576492,0.652784172004301,0.215274602940447
72.42,0.2,408.34560829459,0,0.943066646152008,0.651257323577886,0.213235445978266
72.43,0.2,408.273941823656,9.63626796940616e-05,0.945337678510042,0.651528817030293,0.217896759220299
72.44,0.2,408.200981252748,0.00147320851065003,0.944978595179442,0.654141450399861,0.214841940838859
72.45,0.2,408.126759537139,0.000752693809643906,0.943481523755816,0.651681258539577,0.214782595233645
72.46,0.2,408.051309457996,0,0.941594240637131,0.653600560099125,0.214993928694339
72.47,0.2,407.974663609681,0.00109723954334187,0.942981967434789,0.649867403781731,0.212868141721125
72.48,0.2,407.89685438711,0,0.943074689785632,0.652659212291459,0.215711454704194
72.49,0.2,407.817913973177,0,0.94364343866516,0.653806529883204,0.218401964122966
72.5,0.2,407.737874326249,0,0.942082477862987,0.653195959358725,0.212509919713032
72.51,0.2,407.656767167727,0.000516075487950415,0.944237726231111,0.650613710386978,0.218372017203251
72.52,0.2,407.574623969701,0,0.944389601132772,0.651508333146828,0.213413259420176
72.53,0.2,407.491475942672,0,0.945305994887914,0.653184433849541,0.212486411535548
72.54,0.2,407.407354023376,0,0.943427771722586,0.653434028310074,0.21378217620319
72.55,0.2,407.322288862703,0.00024634332241693,0.943629801608092,0.652015127239732,0.211883038240627
72.56,0.2,407.236310813707,0.00232063848203667,0.943122335208728,0.65431246542276,0.215824438677293
72.57,0.2,407.149449919732,0.00175310682001584,0.945156572980016,0.653889769315951,0.215600969778682
72.58,0.2,407.061735902645,0.000378209473351514,0.943375046368211,0.653392070789306,0.214351772844683
72.59,0.2,406.973198151184,0.00187993615263864,0.942576865453847,0.653251299682621,0.215128496255092
72.6,0.2,406.88386570943,0,0.944111532584693,0.65850031301359,0.215946698975202
72.61,0.2,406.793767265403,0,0.940579865753939,0.653211328159452,0.215702640816912
72.62,0.2,406.702931139795,0,0.943684670529147,0.655838785386339,0.215880117021899
72.63,0.2,406.611385274833,0,0.943985343306096,0.653140169393398,0.214842200544393
72.64,0.2,406.519157223291,0,0.947072894883777,0.655125027049189,0.213562248540015
72.65,0.2,406.426274137646,0.000256754927860823,0.942501124213182,0.65333555639788,0.215861338593811
72.66,0.2,406.332762759389,0.000597420361398356,0.943330402796656,0.653350953400938,0.21181188429775
72.67,0.2,406.238649408491,0.000217322037429906,0.942897932980022,0.65581938745925,0.21355199335078
72.68,0.2,406.143959973033,0,0.944597928637239,0.653182933718717,0.216459018731473
72.69,0.2,406.048719899006,0.00161003156428584,0.943269810777438,0.65438523853546,0.215651969003869
72.7,0.2,405.952954180279,0.0013234918538291,0.944428708178716,0.654603287838094,0.216189778454275
72.71,0.2,405.85668734875,0.000227521629524988,0.942470200300054,0.658082323528832,0.213988817509065
72.72,0.2,405.759943464678,0.000874156248726439,0.939623764812425,0.653489469667695,0.214969933186029
72.73,0.2,405.662746107196,0.000528055442875475,0.943564788831751,0.654902507457423,0.215124705975024
72.74,0.2,405.565118365028,0.000150361586371143,0.945057041556386,0.654501768867325,0.216149553334997
72.75,0.2,405.467082827389,0.000149894869408442,0.9435665501048,0.657567785479335,0.211921606423176
72.76,0.2,405.3686615751,1.82585434896154e-05,0.942836947213791,0.654174458962667,0.214504646076347
72.77,0.2,405.269876171898,0.00160088469227139,0.942969928239542,0.657709613778319,0.214748071662089
72.78,0.2,405.170747655962,0.00174057511461674,0.942496954965314,0.655185698699326,0.215032678626129
72.79,0.2,405.071296531649,0.00202207662926479,0.943902691326486,0.654463338518571,0.217364729891955
72.8,0.2,404.971542761457,0.000786690965289634,0.942511239744747,0.656764445961474,0.214256514771873
72.81,0.2,404.871505758198,0.00102865197842287,0.944492793829674,0.655560374119209,0.216008467812688
72.82,0.2,404.771204377415,0.000234404945654073,0.944832916234844,0.654316880310683,0.213936384799379
72.83,0.2,404.670656910012,0.00128345715205652,0.943240749671681,0.655531160786681,0.215150280127501
72.84,0.2,404.569881075135,0,0.94266226312906,0.655016730706633,0.214422380520058
72.85,0.2,404.46889401328,0.00112927767564328,0.944394564856612,0.657063450573734,0.215538742293514
72.86,0.2,404.367712279651,0.000491220803533998,0.94218787864022,0.655726534554772,0.213877238730685
72.87,0.2,404.266351837759,0.000598035316955775,0.943702633732317,0.656580138465508,0.217174831893975
72.88,0.2,404.164828053277,0.00070907845212942,0.943070037355741,0.652515097934387,0.21689171617827
72.89,0.2,404.063155688138,0,0.939004123427866,0.656645129323569,0.215088497855557
72.9,0.2,403.961348894899,0,0.941797122137104,0.654479934053893,0.215841518859122
72.91,0.2,403.859421211359,0,0.93949251476137,0.657084372401771,0.215133235942341
72.92,0.2,403.757385555443,0,0.940978442271378,0.657211551736446,0.215424812647555
72.93,0.2,403.655254220341,0.000819994787404065,0.938064183221659,0.656987429664555,0.216959802356131
72.94,0.2,403.553038869932,0,0.941176067776864,0.657585974388481,0.215164563792239
72.95,0.2,403.450750534464,0.000599071179277026,0.941436449398681,0.65587884601441,0.214122064597677
72.96,0.2,403.348399606509,0,0.940080178673185,0.657853978885587,0.21671320298897
72.97,0.2,403.245995837202,0,0.941555874534832,0.656996529610974,0.216229640706622
72.98,0.2,403.143548332749,0,0.941189639704051,0.658050992673507,0.216319349019031
72.99,0.2,403.041065551216,0,0.938567328784178,0.657530617739768,0.214563424376423
73,0.2,402.938555299601,0,0.939630642789206,0.657434963591182,0.213864551624544
73.01,0.2,402.83602473119,0,0.943151402367784,0.65753706786311,0.218982907927123
73.02,0.2,402.733480343195,0.0017261465150105,0.938112653140806,0.656045120419891,0.215136845441929
73.03,0.2,402.630927974681,0.000674132017529328,0.93913032934311,0.656913507187771,0.216010747490693
73.04,0.2,402.528372804776,0,0.935767099943769,0.654725281651531,0.212378528504814
73.05,0.2,402.42581935118,0.00161471636797083,0.937859418363778,0.65774377468791,0.216640880953442
73.06,0.2,402.32327146895,0.00195571032495759,0.937474428212442,0.656585374376447,0.212515570735406
73.07,0.2,402.220732349586,0.000204070079188219,0.939894653838071,0.656768368836127,0.217075068617936
73.08,0.2,402.118204520405,0,0.938471923049643,0.654617774502384,0.214536069480212
73.09,0.2,402.015689844204,0.000246363684282102,0.93961095761571,0.655967792023873,0.214906908880974
73.1,0.2,401.913189519223,0.00142759704767076,0.937263013618989,0.653907404811053,0.216404938861983
73.11,0.2,401.810704079394,0.00149246696148375,0.939434074634472,0.658939425230064,0.21657677899019
73.12,0.2,401.70823339488,0.00294004638614973,0.937468262725271,0.65558996614996,0.21403993205977
73.13,0.2,401.60577667292,0,0.936052810118769,0.654692327225257,0.215728171373975
73.14,0.2,401.503332458949,0,0.93906107937402,0.656878696092701,0.21530754210491
73.15,0.2,401.400898638022,0.00210979139307598,0.937446122921364,0.65734849415047,0.21403250210711
73.16,0.2,401.298472436528,0,0.937389047862833,0.656399831837823,0.21592612816667
73.17,0.2,401.196050424188,0.00185459961659732,0.935930675229849,0.656987307403992,0.216226098995873
73.18,0.2,401.093628516354,0.0018777785307704,0.939290000836712,0.656249785317192,0.216160561200359
73.19,0.2,400.991201976582,0.00032805205033621,0.938930247131187,0.658735162765007,0.214790837509556
73.2,0.2,400.888765419511,0,0.940332595287144,0.657238248500803,0.217053983963657
73.21,0.2,400.78631281401,0.00192273803996053,0.936048751228864,0.654531558053314,0.214995932304278
73.22,0.2,400.683837486625,0.00174064677781605,0.938059170519799,0.657257988566515,0.214672422357967
73.23,0.2,400.581332125299,0,0.940278891749569,0.655930676253378,0.215525871616819
73.24,0.2,400.478788783384,0.00125811462502397,0.935911875798654,0.659715231289487,0.21822167181554
73.25,0.2,400.376198883917,0,0.936494938292847,0.657053535727759,0.215414559367188
73.26,0.2,400.273553224191,0,0.93601219270501,0.654866976374276,0.215149345407532
73.27,0.2,400.170841980593,0,0.935184421319612,0.655667304528308,0.215296533956993
73.28,0.2,400.06805471371,0,0.933617372426681,0.654954515018142,0.217001691000395
73.29,0.2,399.965180373721,0,0.936918239404003,0.654917376622607,0.216031991570979
73.3,0.2,399.862207306037,0.00011286237321863,0.937228356174236,0.654979520193034,0.215837506568767
73.31,0.2,399.759123257227,0.000209541527109978,0.933747717745602,0.657255955412388,0.214732976847078
73.32,0.2,399.65591538119,0,0.934886395227687,0.654807172174158,0.21512518233237
73.33,0.2,399.552570245592,0.000329977579838858,0.935239561416769,0.655514866928921,0.216046328140718
73.34,0.2,399.449073838568,0.00112671145900666,0.933555288606335,0.655267391190108,0.211951207341163
73.35,0.2,399.345411575659,0,0.93440367213453,0.653594566543382,0.214270759342792
73.36,0.2,399.241568307018,0,0.935519007603854,0.654403854323098,0.212690038097012
73.37,0.2,399.137528324844,0.0017148605438657,0.935607958489585,0.654533143636505,0.214371883176906
73.38,0.2,399.033275371076,0.00149622888850568,0.935204651726578,0.655602780642891,0.214831729529291
73.39,0.2,398.928792645313,0,0.932648278547317,0.653299222636638,0.215466683431631
73.4,0.2,398.824062812971,0,0.931552700650298,0.655426585881261,0.214574165043356
73.41,0.2,398.71906801368,0,0.932205667684017,0.653841059656084,0.216024877783036
73.42,0.2,398.613789869895,0,0.934161701853988,0.653110347885992,0.215897171147614
73.43,0.2,398.508209495738,0,0.932725154455055,0.657785929248807,0.213637996751931
73.44,0.2,398.402307506058,0.0022325104758441,0.93388578669072,0.655032698019152,0.214043039492349
73.45,0.2,398.296064025704,7.31701128312483e-05,0.932097728196772,0.653672959866948,0.215294105807566
73.46,0.2,398.189458699003,0,0.932184308166319,0.652755895204959,0.214447115197092
73.47,0.2,398.082470699456,0,0.931815289341068,0.65472091299486,0.215134938366151
73.48,0.2,397.975078739619,0,0.930668142397705,0.653156851882106,0.213752009872041
73.49,0.2,397.867261081193,0.000625730850049023,0.933723456770784,0.65547254713594,0.214936047158609
73.5,0.2,397.758995545297,0,0.930874212237045,0.654074244266716,0.214409784469785
73.51,0.2,397.650259522933,0.000427596033325949,0.930288523154006,0.65234533948651,0.214462650986613
73.52,0.2,397.541029985627,0,0.931297813941885,0.652903735163142,0.217231776742402
73.53,0.2,397.431283496253,0.0015819064104281,0.931280120857201,0.653014822157306,0.214276480841148
73.54,0.2,397.320996220026,9.14075161762818e-05,0.926705891934926,0.653586700579886,0.214678137067378
73.55,0.2,397.210143935655,0,0.928096052324159,0.652742560988454,0.214442272657417
73.56,0.2,397.098702046672,0.00269384676410495,0.92886912803694,0.653536067974495,0.21633314173603
73.57,0.2,396.986645592903,0.000305068352358954,0.928906036117563,0.653739596453161,0.213078865063345
73.58,0.2,396.873949262098,0,0.926572774696888,0.652807485946653,0.216517765262408
73.59,0.2,396.760587401706,0,0.926831659659834,0.653993610044189,0.216205985189175
73.6,0.2,396.646534030789,0,0.927902094461579,0.652539008766594,0.212721359917247
73.61,0.2,396.53176285207,0,0.92833542872095,0.651729988710273,0.214283690426034
73.62,0.2,396.416247264117,0.00222775036094989,0.925320408150957,0.651926222168329,0.215341389141966
73.63,0.2,396.299960373645,0.00150906003739094,0.927281600203439,0.649850397884777,0.213765231826319
73.64,0.2,396.182875007939,0,0.924750111104923,0.651910946201515,0.215398532968769
73.65,0.2,396.064963727395,0.00114843425332991,0.926783556902639,0.653700721431287,0.214250467621434
73.66,0.2,395.946198838165,0,0.92727710784106,0.654199386799495,0.214224369663344
73.67,0.2,395.826552404903,0.00130706755643518,0.928887876248657,0.651329203492891,0.214691599229644
73.68,0.2,395.705996263619,0,0.926711646594802,0.649913279699225,0.215590006940556
73.69,0.2,395.584502034611,0.00115437684914589,0.928175761898288,0.65300982395668,0.217198281675589
73.7,0.2,395.462041135494,0,0.923818412823976,0.653144262063901,0.216847571137521
73.71,0.2,395.338584794308,0,0.924583184962644,0.649648774218503,0.21493148601885
73.72,0.2,395.2141040627,0.000225447805550952,0.924811708893307,0.653138750004963,0.215698793491385
73.73,0.2,395.088569829176,0,0.921971884855594,0.648754309648689,0.216228993056934
73.74,0.2,394.961952832423,0,0.923201809757082,0.652548999286111,0.216016105720478
73.75,0.2,394.834223674684,0.00106341925751715,0.922523909906594,0.648675206793786,0.213465949247223
73.76,0.2,394.705352835193,0.000311678390763784,0.922240384742484,0.651005631849804,0.213478773851385
73.77,0.2,394.575310683656,0,0.922218344188578,0.652448397986566,0.215230208208781
73.78,0.2,394.444067493775,1.63777748844298e-05,0.920880866541943,0.650487158706161,0.214473903473111
73.79,0.2,394.311593456814,0,0.923769461740727,0.65180064548352,0.21622744365208
73.8,0.2,394.177858695192,0.00150646489472066,0.922853215026294,0.650384645936979,0.216076523063172
73.81,0.2,394.042833276114,0.000436318964745906,0.922753213506986,0.650656672679056,0.213573868053185
73.82,0.2,393.906487225211,0,0.922194353069384,0.648224306818039,0.214132033727065
73.83,0.2,393.768790540209,0.000569006163303291,0.921921643020722,0.648683229144065,0.214168425760887
73.84,0.2,393.629713204606,0,0.923005671122344,0.650311813973249,0.214695749603903
73.85,0.2,393.489225201356,0,0.921239623490498,0.650379597220231,0.213723037889109
73.86,0.2,393.347296526554,0,0.918788071332086,0.648873717546874,0.213583679624749
73.87,0.2,393.203897203125,0.000227884355336147,0.919718320899964,0.652761834081508,0.215059166493995
73.88,0.2,393.058997294493,0,0.92145781235112,0.649483199320861,0.216920194969135
73.89,0.2,392.912566918252,0.00069295859907312,0.916417055022525,0.649053124753522,0.216105223462992
73.9,0.2,392.764576259809,0,0.917602247022604,0.649804859247032,0.215554312122386
73.91,0.2,392.614995586007,0,0.920690157691674,0.647877645326234,0.213350200275248
73.92,0.2,392.463795258725,0.000659369390013835,0.917367135976308,0.649746034279496,0.214777309160841
73.93,0.2,392.310945748442,0,0.916666923240313,0.647662357157479,0.213679252688258
73.94,0.2,392.156417647768,0.000671301194743266,0.919758828257226,0.648397246492082,0.215571862059419
73.95,0.2,392.000181684929,0,0.917141992898443,0.647155374329407,0.216022325658435
73.96,0.2,391.842208737215,0,0.916893130308727,0.647600861715086,0.214005718671
73.97,0.2,391.682469844369,0,0.916488860767589,0.648301646357124,0.214913726992937
73.98,0.2,391.520936221929,0.00099265848432876,0.916931155053279,0.648872717385128,0.212692080551567
73.99,0.2,391.357579274509,0,0.915232644470922,0.647717230713885,0.21404113611992
74,0.2,391.192370609015,0,0.913220328966377,0.64677691000523,0.219412976494882
74.01,0.2,391.025282047795,0,0.915328406759591,0.648303494608727,0.214115429575819
74.02,0.2,390.856285641726,0,0.913388936812495,0.644952925828954,0.213525728965444
74.03,0.2,390.685353683207,0,0.914723307363849,0.647043320226003,0.216987590300254
74.04,0.2,390.512458719095,0,0.912719567692319,0.649238312760891,0.212465343818085
74.05,0.2,390.337573563544,0.000742661177322143,0.914214443137862,0.64703812884936,0.212432590446155
74.06,0.2,390.160671310757,0.000387467559313839,0.911973937569515,0.646223743450576,0.215886543630624
74.07,0.2,389.981725347654,0.00180007541058351,0.913405218966502,0.647040585164208,0.215834639425855
74.08,0.2,389.800709366444,0,0.914403356604973,0.646100792157086,0.213458242554129
74.09,0.2,389.61759737709,0.000858589750635107,0.914018284181014,0.646584545318214,0.212181403236887
74.1,0.2,389.432363719685,0,0.910923486024711,0.646676863437397,0.217343850769454
74.11,0.2,389.244983076715,0.00151204562995444,0.911220661296875,0.645929336841628,0.215871160840066
74.12,0.2,389.055430485212,0.000860690870353813,0.911883254006817,0.645269862618249,0.21696728134145
74.13,0.2,388.863681348802,0,0.909240426870486,0.647293227562047,0.215551285225066
74.14,0.2,388.669711449628,0,0.910553479596101,0.64736228094819,0.214920377983049
74.15,0.2,388.473496960161,0.00177220816951443,0.908321082042115,0.646221017531637,0.215885286695537
74.16,0.2,388.275014454888,0,0.908825700904506,0.646337104915374,0.214518346602547
74.17,0.2,388.07424092187,0,0.909176902717769,0.645444289294914,0.215986628920512
74.18,0.2,387.871153774179,0.00288427038837396,0.908606201243282,0.64828387333394,0.214248398416424
74.19,0.2,387.665730861195,0.000190183670669045,0.908896677147218,0.645381117488619,0.213199782741383
74.2,0.2,387.457950479777,0.0013693939357605,0.905792127679317,0.646256586346324,0.215559027242349
74.21,0.2,387.247791385291,0.000603077460095355,0.906015548003608,0.644385287879152,0.215246811511852
74.22,0.2,387.035232802503,0.00174682004263917,0.907209876992658,0.645220795650161,0.214837140432766
74.23,0.2,386.820254436318,0.001489157618185,0.908606491264928,0.643401483188708,0.216164842524653
74.24,0.2,386.602836482392,0.000461339815711099,0.904660540092522,0.645070404152327,0.213188230731883
74.25,0.2,386.382959637578,0.00202007892169937,0.908711567018688,0.642677516002205,0.215852170768511
74.26,0.2,386.160605110229,0,0.905700164966577,0.643188800633846,0.211990611787225
74.27,0.2,385.93575463035,0.00240215510650951,0.903802017526256,0.646788055668273,0.213374736455691
74.28,0.2,385.708390459588,0.00126802022272095,0.902416030313249,0.645023144010613,0.216938752929883
74.29,0.2,385.478495401067,0.000516834688936531,0.905013461807013,0.643863229358509,0.211045110826527
74.3,0.2,385.246052809064,0,0.902741510266127,0.645713005100824,0.216154410437358
74.31,0.2,385.011046598516,0,0.902891183314766,0.644112159351325,0.215714538699557
74.32,0.2,384.77346125437,0.000716008845035815,0.902651945587925,0.644945434345529,0.214809810135162
74.33,0.2,384.53328184076,0,0.904819823373383,0.644913330471754,0.217202909312444
74.34,0.2,384.290494010012,0,0.90385057031902,0.643296845675294,0.214159479608579
74.35,0.2,384.045084011484,0,0.901400075670503,0.644280709863164,0.213197770383677
74.36,0.2,383.797038700229,0.00296597597856825,0.903030494761379,0.643194379985164,0.216011690529797
74.37,0.2,383.546345545479,0,0.899863255618731,0.644998529148359,0.214680620574439
74.38,0.2,383.292992638957,0,0.898982979690804,0.643200048320768,0.215614135503103
74.39,0.2,383.036968703003,0,0.90090264697706,0.64219206880546,0.214619452212915
74.4,0.2,382.778263098524,0,0.900029740969763,0.64236152408723,0.214020029677049
74.41,0.2,382.516865832757,0.000368308184607354,0.90043131027146,0.645204166558168,0.214117033913037
74.42,0.2,382.252767566846,0.000505207553113476,0.897679290889594,0.643611531360433,0.21682513576503
74.43,0.2,381.985959623235,0,0.899001651268386,0.641887099275532,0.216733762044901
74.44,0.2,381.716433992871,0.00186786559577978,0.899458366295294,0.643227941586897,0.213557348614689
74.45,0.2,381.444183342211,0.00159981989897732,0.897088376581119,0.645332371851079,0.213939851413751
74.46,0.2,381.169201020047,0,0.901652339446591,0.644001917847597,0.212971618361991
74.47,0.2,380.891481064131,0,0.897677508408627,0.644022170471462,0.213846325633083
74.48,0.2,380.6110182076,0.00139839877758092,0.896828268907782,0.643513966295857,0.214713804517147
74.49,0.2,380.327807885217,0,0.894916345720107,0.644589810641147,0.214573383413786
74.5,0.2,380.041846239397,0.000670762119899405,0.895578587022214,0.643944784085912,0.214324227372249
74.51,0.2,379.753130126049,0,0.895050025472577,0.642572120124696,0.213457193045962
74.52,0.2,379.461657120204,0.00206420700072039,0.894250739819992,0.643441988912129,0.213045723068473
74.53,0.2,379.167425521448,0.00058161661562248,0.89467180181683,0.641637760242096,0.216749499873793
74.54,0.2,378.870434359147,0,0.893447700913305,0.641802796419669,0.214215725213278
74.55,0.2,378.570683397464,0,0.893225261854241,0.642132231746631,0.216699610408484
74.56,0.2,378.268173140176,0,0.891687378130705,0.645766577257891,0.213237131810983
74.57,0.2,377.962904835275,0.00165762003737181,0.892569639372056,0.643369735464992,0.213599666136237
74.58,0.2,377.654880479368,0.00132499265267364,0.892265790535097,0.643312995224382,0.215330719342601
74.59,0.2,377.344102821851,6.70508867054537e-05,0.89291787278009,0.643447302580119,0.215109205163641
74.6,0.2,377.030575368888,0,0.89367572223574,0.643034331511101,0.215067114834547
74.61,0.2,376.714302387167,0,0.893624591101556,0.640119930202802,0.213939936967631
74.62,0.2,376.39528890744,0.000567151685610042,0.888483717211843,0.643799945695902,0.213675597621233
74.63,0.2,376.073540727853,0,0.892011878125901,0.643449923780125,0.21419535273739
74.64,0.2,375.749064417051,0.00260807875128697,0.889240872004434,0.646143041010609,0.213353458003688
74.65,0.2,375.421867317074,0,0.891479441224711,0.64261501482032,0.21470024687779
74.66,0.2,375.091957546025,0,0.887944357538497,0.644500089812994,0.213573680331319
74.67,0.2,374.75934400052,0.00183622599353764,0.891309233911593,0.644501719151462,0.214308331889149
74.68,0.2,374.42403635792,0,0.887596815204991,0.64341661677258,0.217542200650622
74.69,0.2,374.086045078335,2.6807779558646e-05,0.887643019051613,0.645320363961831,0.213348407885714
74.7,0.2,373.745381406403,0.00213721784698957,0.890039698778647,0.643108075961722,0.214395232990116
74.71,0.2,373.40205737285,0.00282538221242167,0.888450370828985,0.643044616766068,0.216956483979473
74.72,0.2,373.056085795819,0,0.886648067577835,0.642865968337015,0.213531600497896
74.73,0.2,372.707480281972,0.000235218797521046,0.885860518460864,0.642557272188076,0.218198798184715
74.74,0.2,372.356255227365,0.000146372797563054,0.889459766973917,0.64136157473545,0.215477798285851
74.75,0.2,372.002425818091,0.000597670094100086,0.884594071064111,0.640688228169071,0.213154035539094
74.76,0.2,371.646008030697,0,0.886119634700795,0.646387986358993,0.216447688776654
74.77,0.2,371.287018632365,0.00201574260982778,0.885049464317432,0.644365100969634,0.216438762703801
74.78,0.2,370.925475180863,0,0.88425428643247,0.64211937705758,0.214775026266751
74.79,0.2,370.561396024261,0,0.886902732093117,0.64722055865664,0.214164002799819
74.8,0.2,370.194800300413,0,0.883688552643505,0.645165921811572,0.215319686427424
74.81,0.2,369.825707936205,0,0.882465586913468,0.644374014579992,0.214360422264742
74.82,0.2,369.454139646565,0,0.884372239932587,0.643742938532491,0.214041849742731
74.83,0.2,369.080116933234,0.000256015880136246,0.880194588375118,0.645200292859433,0.21700396116398
74.84,0.2,368.7036620833,0,0.882659906072818,0.646378676051641,0.21674798525607
74.85,0.2,368.324798167497,0.00107598769584327,0.880130817157021,0.644649289489895,0.215256353121667
74.86,0.2,367.943549038258,0.00158765491923683,0.880115387379841,0.646446336044256,0.214217079681175
74.87,0.2,367.559939327524,0,0.875833090856948,0.64435297987027,0.217522272292543
74.88,0.2,367.173994444324,0.0017480310317237,0.881431417606216,0.644196280820042,0.216472318479973
74.89,0.2,366.785740572096,0.000260762561910894,0.882024199913335,0.645314793104571,0.214965795689526
74.9,0.2,366.395204665778,0,0.880285983874944,0.646568515993842,0.216621888900887
74.91,0.2,366.002414448645,0.00243351289559624,0.877155743371106,0.644797425134115,0.214796430590039
74.92,0.2,365.607398408905,0,0.876953001505274,0.643583926351716,0.215663075458304
74.93,0.2,365.210185796047,0.000616812511493702,0.87811691422588,0.643222059522543,0.214652691665451
74.94,0.2,364.810806616946,0.00130730530032853,0.880517081710474,0.641244005922614,0.215157350380785
74.95,0.2,364.40929163171,0.000926000974561144,0.878846565406873,0.645255200065025,0.215498794632626
74.96,0.2,364.005672349291,0,0.877578036048546,0.643869861027271,0.215552263179617
74.97,0.2,363.599981022843,0.000336500653411146,0.874631677891625,0.647904490256847,0.217051651818867
74.98,0.2,363.192250644819,0.000580108786924443,0.875475003804773,0.642979075992442,0.212321013250489
74.99,0.2,362.782514941836,0,0.87604639861132,0.647052796640739,0.213432213124067
75,0,362.370808369273,0.0018413554189904,0.877525622950046,0.64479571460809,0.214908560014193
75.01,0,361.957166105625,0,0.873573099245955,0.645467439578759,0.215251515378936
75.02,0,361.541624046605,0,0.871413123435478,0.645419861928814,0.214047052693757
75.03,0,361.124218798985,0,0.875378098362549,0.647411848815715,0.217404249328294
75.04,0,360.704987674192,0,0.87287730570559,0.645728461531483,0.215768923665422
75.05,0,360.28396868165,0.000655315474828339,0.874210241572574,0.647774674380759,0.213484506292506
75.06,0,359.861200521857,0.000262471063908363,0.871806058492928,0.647086308407977,0.215272730986282
75.07,0,359.436722579219,0,0.869987216758912,0.646101798198426,0.21405937874223
75.08,0,359.010574914625,0,0.87039515405349,0.647130770275221,0.215840439714417
75.09,0,358.58279825776,0.00102217132168416,0.87257489895171,0.648483127754861,0.214945756761083
75.1,0,358.153433999172,0.00110657860658465,0.870154521056722,0.646317223724934,0.215889803098044
75.11,0,357.722524182076,0,0.870532087504767,0.646878464681055,0.215311152116318
75.12,0,357.290111493905,0.00080853046467249,0.870288790235029,0.645803891300671,0.213749351773796
75.13,0,356.856239257603,0.00107017754330282,0.870787202701508,0.648136665596108,0.214961050324294
75.14,0,356.420951422658,0,0.869625784513315,0.648804354571942,0.214564692327997
75.15,0,355.984292555891,0,0.869711642407682,0.648005013781503,0.213766176178273
75.16,0,355.546307831972,0,0.871378628006855,0.646277677166071,0.216084241939265
75.17,0,355.107043023693,0.000981636519736011,0.866802438977733,0.648873769831594,0.216491400684959
75.18,0,354.666544491976,0,0.865075569401585,0.64985838239415,0.217065918417742
75.19,0,354.224859175632,0,0.866823403778514,0.648049438716025,0.214235349471998
75.2,0,353.78203458086,0,0.865651804679609,0.648058597627192,0.214529006908183
75.21,0,353.338118770492,0.00112073823335624,0.863326992043955,0.647367993066656,0.214423564436318
75.22,0,352.893160352988,0.00218728835054753,0.866000622366359,0.647907908797555,0.215569149428353
75.23,0,352.447208471169,0.000440388412839254,0.864803241296088,0.648641131274316,0.215957973335152
75.24,0,352.000312790703,0.000505802870601497,0.865523910013886,0.647531079644156,0.217446276152266
75.25,0,351.552523488339,0,0.863553757830765,0.646521316711577,0.21652983367823
75.26,0,351.103891239886,0.00115039472263585,0.864274803967635,0.647717832002761,0.215253383292103
75.27,0,350.654467207944,0.000188789656968879,0.864546536824695,0.647762875873243,0.219266674274334
75.28,0,350.204303029386,0,0.865860376475654,0.649616536665124,0.21683509812553
75.29,0,349.753450802589,0.00133388596250356,0.862428555504274,0.647258814406571,0.213962563915703
75.3,0,349.301963074426,0.00159391526175708,0.862463454542623,0.648294509523884,0.21439280346806
75.31,0,348.849892827,0,0.860696603686189,0.649224043703447,0.214359470985003
75.32,0,348.397293464149,0,0.86099174067061,0.649689105834491,0.216808113999162
75.33,0,347.944218797699,0,0.860023114800217,0.64791630659683,0.214731897861528
75.34,0,347.490723033479,0.00130911794622579,0.86243101070742,0.649787778069141,0.214827306221108
75.35,0,347.036860757103,0.000793301972563838,0.861070629195391,0.648677399072354,0.213879819941815
75.36,0,346.582686919509,0,0.858956588217223,0.649350727062605,0.215872844152632
75.37,0,346.128256822267,0.000878074442011165,0.858287726989743,0.649326923691253,0.21338726791699
75.38,0,345.673626102663,0.00145786486695834,0.858799515309118,0.650252608655565,0.216683859413966
75.39,0,345.218850718539,0,0.857570889979154,0.647551213841217,0.214529004219367
75.4,0,344.763986932923,0,0.857916354098943,0.651377360085263,0.216059763125451
75.41,0,344.309091298427,4.77614581672074e-05,0.858639872268729,0.648379850930123,0.217369909472899
75.42,0,343.854220641424,0,0.856578773268418,0.652843373856686,0.215902205480496
75.43,0,343.399432046017,0,0.854325918067957,0.649947028152104,0.216513355261897
75.44,0,342.944782837788,0.00202213725911832,0.854226802016804,0.650406093371774,0.218032035770625
75.45,0,342.490330567334,0.000375812340271558,0.855260726263479,0.650294894822136,0.215791593604539
75.46,0,342.036132993606,0,0.851930893643553,0.64954547115308,0.215394872895518
75.47,0,341.582248067042,0,0.855719193311543,0.651470865271413,0.215493167248045
75.48,0,341.128733912497,0,0.855860995923847,0.651384717710699,0.21922438493442
75.49,0,340.675648811991,0.000518124999734355,0.853808689371293,0.65131440432207,0.213907654629983
75.5,0,340.223051187253,0.000742523090214751,0.850418976000138,0.649626231616869,0.215091691150622
75.51,0,339.770999582096,0.000268963252330483,0.8550856231075,0.651620772667511,0.216328055024151
75.52,0,339.319552644603,0.00155127984206214,0.855321412201633,0.652684456351714,0.211313144224092
75.53,0,338.868769109136,0,0.851283133827162,0.652508740757981,0.213981097229753
75.54,0,338.418707778189,0,0.850449075648035,0.649531174764207,0.214167979455797
75.55,0,337.969427504066,0.000229893308508891,0.853440928690956,0.651055662006675,0.215952563494645
75.56,0,337.520987170401,0,0.849292781376763,0.650576240464592,0.215023119193247
75.57,0,337.073445673537,0,0.851364106651842,0.652394344580195,0.214589233299047
75.58,0,336.626861903749,0.00216116731665826,0.851152760702237,0.65243896807431,0.216896437288738
75.59,0,336.181294726329,0,0.850794933132835,0.650918178961584,0.214398917691025
75.6,0,335.736802962545,0,0.849264375920647,0.651816041929056,0.215272775663798
75.61,0,335.293445370469,0.00241949318155813,0.850175833962309,0.65348518972626,0.215027989814196
75.62,0,334.851280625684,0,0.8494814949152,0.654228939474302,0.214793943629107
75.63,0,334.410367301885,0,0.850804079562182,0.653306120115073,0.21514845591819
75.64,0,333.970763851377,0,0.848745836980041,0.652620396968168,0.214772024812889
75.65,0,333.532528585467,0,0.848631230785875,0.655981278303091,0.215928409464463
75.66,0,333.095719654781,0,0.846659560132033,0.653565158211888,0.213551869369366
75.67,0,332.660395029488,0.000892487072106765,0.845185254168335,0.652171223338483,0.2141366718089
75.68,0,332.226612479463,0.00049006027113509,0.846640937545764,0.653770069160721,0.216642084753468
75.69,0,331.794429554381,0.000563279871865484,0.847670232274134,0.652000638817496,0.214810355709692
75.7,0,331.363903563756,0.00263073646471277,0.84542363103239,0.653881510719524,0.216947411402193
75.71,0,330.935091556939,0.00199116381949281,0.845931704032398,0.654240860832714,0.214837346312836
75.72,0,330.508050303075,0,0.846938645565571,0.654310508446317,0.214589728317255
75.73,0,330.082836271036,0,0.847045969832928,0.653170264684359,0.213223013367187
75.74,0,329.65950560934,0.000290457971538864,0.846343933909598,0.654128419720508,0.215600701708847
75.75,0,329.238114126056,0.000421028557887112,0.842385930955752,0.653683960286048,0.213565532464578
75.76,0,328.818717268714,0.00209842551920634,0.841624686427692,0.655821409358619,0.214240281412048
75.77,0,328.401370104235,0.000600526310470627,0.839951722569626,0.654503475559729,0.214696216312161
75.78,0,327.986127298873,0,0.84234112307746,0.653649969756076,0.21522712216793
75.79,0,327.573043098202,0.00163322745316497,0.84133942000007,0.655908540562038,0.213022899639122
75.8,0,327.162171307141,0.00168927368503285,0.841224843999146,0.651093584728903,0.214090601254188
75.81,0,326.753565270034,7.99522068691026e-05,0.8388599682405,0.653700388206093,0.216409654394574
75.82,0,326.347277850808,0.00126480047460359,0.841111816679877,0.656045176279291,0.215038225046732
75.83,0,325.943361413194,0.000566669145014295,0.842446123653003,0.655884518871601,0.215648615371048
75.84,0,325.541867801047,0.000319510447033305,0.842516977517518,0.65250813478621,0.216257562906545
75.85,0,325.14284831877,0.00118572538635882,0.838636710682012,0.656240570634323,0.213059026234917
75.86,0,324.746353711841,0.0024735914518517,0.842532320869079,0.658046107011676,0.21428831987791
75.87,0,324.352434147472,0.000776831551254105,0.841295848440683,0.655602107930689,0.214272734521135
75.88,0,323.961139195407,0.000384556708094175,0.838674421152813,0.65716331828799,0.217040625120086
75.89,0,323.57251780886,0,0.838136187144313,0.652244849431898,0.216831872422787
75.9,0,323.186618305624,0,0.836026448576148,0.653831430464221,0.216711474246381
75.91,0,322.803488349342,0.000169354606065382,0.838409581882584,0.654820404450154,0.213259905932801
75.92,0,322.423174930979,0,0.838137663173021,0.656069986558287,0.216356278928889
75.93,0,322.045724350475,0.000385236278534557,0.836274635628129,0.655883903155748,0.211445891003098
75.94,0,321.671182198621,0.00322933332682615,0.838343491388497,0.653130281825927,0.215015728512926
75.95,0,321.299593339149,0.0021836490996673,0.835950759047461,0.654360590188291,0.214643911821848
75.96,0,320.931001891065,0,0.835283388795817,0.654929066733119,0.212157199292536
75.97,0,320.565451211226,0.000714592754057578,0.834952635998148,0.656293419014263,0.216857403062619
75.98,0,320.202983877171,0.0001216672829824,0.837803019936534,0.655439137836059,0.215652807204775
75.99,0,319.84364167024,0.00286275489393375,0.833300554389151,0.656530626609558,0.215493126013177
76,0,319.487465558959,0,0.833399242782127,0.654870165557425,0.215412081252701
76.01,0,319.13449568274,0.00232806631662021,0.833674679676326,0.655702205848322,0.216012295305194
76.02,0,318.784771335877,0.000945038260296363,0.834210999374436,0.656340965416393,0.213643202628223
76.03,0,318.438330951875,0,0.832667905712488,0.656703607444666,0.216064022836315
76.04,0,318.095212088103,0,0.835536350833377,0.655731313605338,0.214120726832205
76.05,0,317.755451410801,0,0.834291858789751,0.655475101497682,0.21463192151844
76.06,0,317.41908468044,0,0.832490933030787,0.656779740095196,0.215370355569124
76.07,0,317.086146737458,0.00156019476025814,0.83270179613232,0.657429191681854,0.21628874930614
76.08,0,316.756671488371,0,0.832549872613405,0.658503869973338,0.215215727063288
76.09,0,316.430691892278,0,0.830303969340542,0.657254302538864,0.217714180816423
76.1,0,316.108239947775,0,0.831776286150905,0.656525043383417,0.215575175162208
76.11,0,315.789346680283,0,0.82960501795425,0.656122433543373,0.216342260496268
76.12,0,315.474042129794,0.00156999470816538,0.828620393661012,0.657842261532028,0.216590957243158
76.13,0,315.162355339069,0,0.829767936622042,0.65723549474058,0.215709618593333
76.14,0,314.854314342271,0.00190932251527334,0.827284895749433,0.655734769751026,0.215385867191747
76.15,0,314.549946154059,0,0.829790841956718,0.654772046115378,0.214444240122227
76.16,0,314.249276759153,0.000785776293379651,0.82954425071014,0.656757301563236,0.214011029438732
76.17,0,313.952331102374,0,0.82849845966864,0.65639063054125,0.215951437402458
76.18,0,313.659133079164,0.00185076353735658,0.83104566673189,0.658990258280057,0.217674564033487
76.19,0,313.369705526616,0,0.828532799935191,0.656677674194741,0.211850355326673
76.2,0,313.084070214991,0.0012912352893384,0.83059997929827,0.655293688797023,0.215238410703723
76.21,0,312.80224783976,0,0.827378334050116,0.655951008119946,0.213239743091299
76.22,0,312.524258014162,0,0.828112751341565,0.656743475763302,0.213440724077649
76.23,0,312.250119262286,0.000314979591240244,0.828241116212518,0.65746210830935,0.215505546955732
76.24,0,311.979849012695,0,0.825663917106186,0.655694916582561,0.218301593665888
76.25,0,311.713463592588,0,0.828244122254551,0.65609510889112,0.214051738715087
76.26,0,311.45097822251,0.00014878301064282,0.825658931840525,0.656804067869557,0.215859441817974
76.27,0,311.192407011614,0,0.826718853324931,0.655425327578213,0.216876238425122
76.28,0,310.937762953492,0.00062355837133366,0.825335657224034,0.655184686484943,0.216843247723642
76.29,0,310.68705792256,6.85393721402874e-05,0.825323949992846,0.655801665464927,0.215041147997924
76.3,0,310.440302671017,3.34626378068216e-05,0.825487531840635,0.65604714995717,0.213988925534117
76.31,0,310.197506826378,0,0.823412082727826,0.657755222393999,0.213262658238591
76.32,0,309.958678889585,0,0.82410078747654,0.65701052826762,0.215357883136807
76.33,0,309.723826233701,1.25496502297527e-06,0.823689836973885,0.658042955345047,0.214915623623996
76.34,0,309.492955103174,0.0009852711767704,0.82606861533866,0.657736603681732,0.216872647778676
76.35,0,309.266070613711,0.00117107169850883,0.82178583058258,0.656978759745282,0.213111681772508
76.36,0,309.043176752716,0,0.821677081689669,0.657191532082042,0.214032886991815
76.37,0,308.824276380328,0.00175378947964561,0.823797026120422,0.65757288042057,0.215738192595244
76.38,0,308.609371231052,0.000110962549193796,0.82011220285454,0.654234640097955,0.216210812634081
76.39,0,308.398461915972,0,0.822055444426809,0.658177690566186,0.216554004365882
76.4,0,308.19154792556,0.000813800658812352,0.818280632243475,0.658644178318887,0.213468727652639
76.41,0,307.988627633071,0,0.824041263405938,0.655860054902174,0.213593592991166
76.42,0,307.789698298525,0,0.819658317852283,0.655073267121964,0.215278341251562
76.43,0,307.59475607328,0.00411506475823009,0.820068481341469,0.65611927945787,0.217015487502294
76.44,0,307.403796005189,0.00218861170110636,0.820556620483034,0.653775373697598,0.212316479561427
76.45,0,307.216812044332,0,0.820201292251447,0.657973042759715,0.214638362037828
76.46,0,307.033797049331,0.00041494587552084,0.821346237295443,0.656522395523761,0.215982566258898
76.47,0,306.854742794244,0.00151680998890066,0.821438357242669,0.656045727573342,0.214794169952489
76.48,0,306.67963997602,0.00159102424057317,0.821879417468703,0.654059516316143,0.213168361873751
76.49,0,306.508478222528,0,0.819185368238802,0.652920525489879,0.215183240298642
76.5,0,306.341246101141,0.000248004904644791,0.818761093918867,0.65628562719211,0.213732775865332
76.51,0,306.177931127881,0.000127865956037764,0.819958519329884,0.654416808177392,0.217727187504574
76.52,0,306.018519777107,0.000704808868901064,0.816619303595762,0.652515276301215,0.215649136451087
76.53,0,305.862997491752,0.00125032843622622,0.817645614565241,0.654411037223707,0.216355431821044
76.54,0,305.711348694086,0.00152268492775865,0.818791448039752,0.65713857489379,0.211422460654934
76.55,0,305.563556797021,0,0.817028571677159,0.657529087936027,0.214924206443247
76.56,0,305.419604215924,0,0.81647536932634,0.654577267425962,0.215166653041902
76.57,0,305.279472380945,0.00139653735237918,0.818008177598809,0.656593401919299,0.217057129756076
76.58,0,305.143141749856,0.00274274035106765,0.818548983658543,0.655151422688295,0.215246928066284
76.59,0,305.010591821373,0,0.818648979066322,0.654157372540333,0.218169129028307
76.6,0,304.881801148972,0,0.814211542867116,0.655482315348807,0.216335991064211
76.61,0,304.756747355174,0.0011177451258788,0.819289045797529,0.656448982300195,0.214881971690519
76.62,0,304.635407146301,0,0.815694850128017,0.65499666965044,0.216448834571669
76.63,0,304.517756327676,0.000469994594103239,0.81537217424209,0.656103119760107,0.214289376318461
76.64,0,304.403769819281,0,0.814024448766261,0.655553159640435,0.215340457844799
76.65,0,304.293421671837,0,0.815039626277047,0.655433850832129,0.215910150146737
76.66,0,304.186685083303,0.00305413681018387,0.81285944358733,0.652700886206616,0.214140767135879
76.67,0,304.083532415797,0.00169589902874319,0.814993257927326,0.652561276497733,0.213973673221636
76.68,0,303.983935212898,0.000611804584007839,0.817060515627268,0.652950031543215,0.216487958332049
76.69,0,303.887864217348,0,0.81564315442305,0.65424759767934,0.21629297419355
76.7,0,303.795289389112,0,0.816651007022205,0.653994241960702,0.215377114065751
76.71,0,303.706179923809,0,0.813825289207534,0.652416842892767,0.216161487341651
76.72,0,303.620504271487,0,0.81547830354209,0.653937042834904,0.214379734417259
76.73,0,303.538230155722,0,0.811980734334049,0.652771168254463,0.21517992464146
76.74,0,303.459324593056,0,0.813098944007224,0.65360249164183,0.215697129134582
76.75,0,303.383753912719,0,0.810967729455451,0.652593234021278,0.216500628585751
76.76,0,303.311483776666,0,0.81470159242851,0.654997387549963,0.213800914600766
76.77,0,303.242479199878,0,0.814681516796101,0.649205894732691,0.214352135402895
76.78,0,303.176704570934,0,0.813056974716318,0.652779288345743,0.214155647434512
76.79,0,303.114123672835,0.00239730647437214,0.813474897907516,0.651960170061776,0.214885733564145
76.8,0,303.054699704069,0.000521008718348784,0.812360495029404,0.653682973743013,0.215890330390932
76.81,0,302.998395299886,0.000132938280880239,0.810446350607422,0.651306606473581,0.215794577388279
76.82,0,302.945172553804,0,0.813211634342403,0.652074141145353,0.214987003872874
76.83,0,302.89499303929,0,0.811509534714214,0.651784226217636,0.212331684753835
76.84,0,302.847817831632,0,0.811733381356334,0.650183393195199,0.218853970783793
76.85,0,302.80360752998,0,0.813570274120413,0.650702994383059,0.215940728121837
76.86,0,302.762322279532,0.00153566512703971,0.810991550531387,0.65191700162669,0.215653682844185
76.87,0,302.723921793867,3.32739521079018e-05,0.812294178133064,0.649625808358344,0.215557819068493
76.88,0,302.688365377395,0,0.813318829460849,0.653416921425515,0.215470113221462
76.89,0,302.655611947925,0.0017158028807377,0.812253556488653,0.651762817588401,0.214803655105701
76.9,0,302.625620059323,0.00135934969596591,0.811337153637862,0.651610701573884,0.217333447815752
76.91,0,302.598347924259,0.000469201743226379,0.808959301113532,0.649182616749114,0.216443779006716
76.92,0,302.573753437018,0.000327601993612809,0.810949035696795,0.651492013660837,0.215161920452109
76.93,0,302.551794196371,0.00206954821393301,0.808608589941572,0.649842533246475,0.214872684032114
76.94,0,302.532427528481,0.00123671497270505,0.809762868937637,0.651322747632168,0.213313832447735
76.95,0,302.51561050985,0.000601521695104198,0.807779750124352,0.650906666083041,0.215067314199573
76.96,0,302.501299990265,0.00030458345461103,0.809683693054671,0.651341891558603,0.213197287909528
76.97,0,302.48945261576,0,0.809671244477292,0.647115830711162,0.215687815689314
76.98,0,302.480024851562,0,0.809522538993208,0.651040547619245,0.214490619149831
76.99,0,302.472973005011,0.000198090696998333,0.806885232841628,0.648954951081757,0.215206261675993
77,0,302.468253248445,0,0.811562561403149,0.648545050861943,0.214172379409991
77.01,0,302.465821642044,0.00253115759076046,0.809749652218185,0.651028658438523,0.21445295404863
77.02,0,302.4656341566,0,0.811211161687189,0.647818559444221,0.212660117402499
77.03,0,302.467646696225,0,0.8084602130143,0.648189007597723,0.215262418536841
77.04,0,302.471815120972,0,0.806655947424676,0.647553126728954,0.21505931002989
77.05,0,302.478095269353,0,0.808958069365661,0.649374682147874,0.214791210806722
77.06,0,302.486442980761,5.34552345330541e-05,0.807769305423683,0.65038800554031,0.212575965232236
77.07,0,302.496814117763,0,0.807022483699295,0.649361859587809,0.212796987304671
77.08,0,302.509164588272,0.000695843573011115,0.807736908972029,0.650100718422071,0.214580785666058
77.09,0,302.523450367568,0.00165531479079312,0.80814995386448,0.64831555325797,0.214184619610593
77.1,0,302.539627520181,0,0.808300649343388,0.648531208036014,0.215401234209539
77.11,0,302.557652221605,0,0.807180970024475,0.646372891736666,0.212713583322064
77.12,0,302.57748077984,0.00158477554237311,0.807399709116848,0.64656252835102,0.216088438351462
77.13,0,302.599069656759,0,0.806520881020722,0.647105651624731,0.212623423698211
77.14,0,302.622375489283,0.000839521964536885,0.808570610345258,0.649764415771366,0.216497560799591
77.15,0,302.647355110353,0.00187660843235235,0.807523478172706,0.649565134486193,0.214564118148626
77.16,0,302.673965569698,0,0.806802941319704,0.645615816145043,0.214675775451645
77.17,0,302.702164154385,0.000658600370161855,0.807168825995485,0.646739542549612,0.218174181009709
77.18,0,302.731908409143,0.00148166492123757,0.808360956424071,0.647605907306825,0.216030247377097
77.19,0,302.763156156454,0.00206199056153499,0.80640869366504,0.647486308503914,0.21516817392436
77.2,0,302.795865516398,0,0.805619699383733,0.646507357675626,0.216688392629124
77.21,0,302.829994926259,0.00333178481974173,0.807427011662567,0.646985207062291,0.215698911667359
77.22,0,302.865503159862,0.000655034100590079,0.804835136027188,0.646504010573767,0.213727943652175
77.23,0,302.902349346655,0.0025949776047927,0.8076618148862,0.646685151229966,0.216346251185257
77.24,0,302.940492990513,0.00131242427299066,0.807215033299755,0.644027464382042,0.213270659801993
77.25,0,302.979893988273,0.000982167967842318,0.807726680462372,0.64672076850081,0.215792261854407
77.26,0,303.020512647972,0,0.805772700936103,0.645112938406277,0.214969718091752
77.27,0,303.062309706811,0.000179476703642158,0.804656058503698,0.647741540036338,0.216127905229702
77.28,0,303.105246348804,0.000147198872333374,0.806104313951232,0.646748392225611,0.213714693980663
77.29,0,303.149284222142,0,0.803131665033225,0.645464869426997,0.213300718099385
77.3,0,303.194385456235,0.000537177551997795,0.805706001089975,0.647234284118264,0.215792191042707
77.31,0,303.240512678451,0,0.806354462890085,0.647820583818362,0.216129551131549
77.32,0,303.287629030529,0,0.807952313278763,0.645594877905066,0.215530892087009
77.33,0,303.335698184675,0,0.806740707012122,0.646768262865412,0.21579447607487
77.34,0,303.384684359325,0.00247121014301223,0.8056238591697,0.645999114862752,0.212948113416598
77.35,0,303.43455233458,0,0.8051994775866,0.643896118413174,0.217195102691446
77.36,0,303.4852674673,0,0.806035584860238,0.644270050406402,0.214621131646806
77.37,0,303.536795705857,0.000346587050845923,0.804671816262969,0.645767806667944,0.21405571793442
77.38,0,303.589103604554,0.0018484410821614,0.807433572014222,0.643247345341416,0.215071489793394
77.39,0,303.642158337676,0.00146124752610167,0.807403112219845,0.643952642371815,0.215239979132184
77.4,0,303.695927713208,0,0.805808371708884,0.644712722170971,0.216341989879444
77.41,0,303.75038018619,0,0.805966636878443,0.644642580457182,0.213352790162206
77.42,0,303.805484871707,0.00169604275819697,0.805800974266594,0.644739832259127,0.215750264430923
77.43,0,303.861211557535,0.000253782695143571,0.806614536048382,0.647348652496826,0.216391355161976
77.44,0,303.917530716402,0.00053484475026012,0.808896932557662,0.644357717058361,0.213614365532914
77.45,0,303.9744135179,0.00155319439051255,0.807461506175589,0.644989603673604,0.216394580658367
77.46,0,304.031831840019,0.00138714003984869,0.806461091974863,0.64185063089363,0.216997347380401
77.47,0,304.08975828031,0,0.806112463893417,0.64512332231835,0.215760970200111
77.48,0,304.148166166678,0.00209116968122045,0.803401693107112,0.64475348496509,0.214363465922362
77.49,0,304.207029567792,0.000552920538957038,0.806042122959548,0.643314644705491,0.214946813205556
77.5,0,304.266323303132,0,0.803170157874969,0.644753697506732,0.214789806413441
77.51,0,304.326022952635,0.00188455217027082,0.807090818910031,0.64854785996348,0.217384417207548
77.52,0,304.386104865982,0,0.806766626315849,0.646272880708799,0.215612979632814
77.53,0,304.446546171492,0.000454479193941944,0.801772454609867,0.644430291518055,0.216939288581737
77.54,0,304.507324784626,0,0.80742991419646,0.642249044138581,0.214241311849878
77.55,0,304.568419416125,0.00131269202453436,0.804826028490114,0.642281793144157,0.213890393393465
77.56,0,304.62980957974,0,0.805640786359811,0.644793440081587,0.217032463663974
77.57,0,304.691475599593,0.00213831055200083,0.806927251795479,0.642859674117786,0.216660926544713
77.58,0,304.753398617138,0,0.806978184957723,0.642686221174564,0.213581562544933
77.59,0,304.815560597742,0,0.807177136028844,0.643463318500662,0.215747755111557
77.6,0,304.877944336869,0,0.806052732589012,0.645517181235012,0.216576430880533
77.61,0,304.940533465877,0.00148824108322082,0.808111780638443,0.645116848205407,0.215833161903474
77.62,0,305.003312457434,0.00023987907477991,0.805402362369248,0.645088811850103,0.215688746689692
77.63,0,305.066266630521,0.0019094958317989,0.807474724021589,0.645500867630805,0.215104139120679
77.64,0,305.12938215507,0,0.80829258507906,0.642068837546823,0.217015905090373
77.65,0,305.192646056188,0.00126953110552507,0.804952006390929,0.64304839246559,0.213454749694325
77.66,0,305.256046218009,0,0.808963701873425,0.645474595127334,0.215900628177714
77.67,0,305.319571387136,0.00147969401849874,0.807741641003604,0.643487492433528,0.216541514043109
77.68,0,305.383211175706,0,0.807434767676858,0.645384931115561,0.215961743002465
77.69,0,305.446956064061,0.00198133770292863,0.805346386067518,0.645794778536519,0.214055443051811
77.7,0,305.510797403016,0,0.806484146853766,0.645994230685266,0.213301160931524
77.71,0,305.574727415755,0,0.807905844313637,0.642999919214596,0.217267141549742
77.72,0,305.638739199321,0.000575284601176746,0.807135990796648,0.641422092044158,0.212708908008847
77.73,0,305.702826725724,0.000875804776508727,0.808741712059599,0.645893831292325,0.216105911922292
77.74,0,305.766984842655,0.000832994690248011,0.806205538260427,0.645010865484452,0.216047057028873
77.75,0,305.831209273815,0.00315658886639433,0.806626690749403,0.644383280975525,0.216644477411665
77.76,0,305.895496618853,0.000811799177615563,0.808149053258081,0.639884661125048,0.215751114554875
77.77,0,305.959844352915,0,0.805235144854958,0.644371021708554,0.214609359718997
77.78,0,306.024250825812,0.0017068488566559,0.807796718994777,0.641743517255236,0.216931280729135
77.79,0,306.08871526079,0.00087527366479107,0.810783341680364,0.643268552943143,0.216172341922606
77.8,0,306.15323775293,0,0.806127846901506,0.64518570719167,0.21617957728119
77.81,0,306.217819267152,0.000713974536750692,0.806976747907874,0.642108225443442,0.21636648330972
77.82,0,306.282461635839,0,0.806045853576868,0.644680774472761,0.213910354922158
77.83,0,306.34716755608,0,0.809789494750224,0.640040182140626,0.213804582908143
77.84,0,306.411940586535,0.000644409806089397,0.809295819724604,0.644440100766324,0.215127285494974
77.85,0,306.47678514391,0,0.81063434462898,0.644690777547278,0.21288107862005
77.86,0,306.541706499066,0,0.805939248474734,0.643193061565484,0.214136853732409
77.87,0,306.606710772743,0,0.806874860794925,0.644276966751575,0.214012654935066
77.88,0,306.671804930909,0,0.811289745333163,0.642221462657945,0.21547611302559
77.89,0,306.736996779738,0,0.80628881885107,0.644611729296851,0.214323178653506
77.9,0,306.802294960216,0.000103975909561127,0.808264765719245,0.643988076157063,0.214486862574016
77.91,0,306.867708942369,0,0.807857854972473,0.64528309707776,0.21670902469469
77.92,0,306.933249019133,6.28031263487731e-05,0.809858324488467,0.645512286958401,0.211743799346479
77.93,0,306.998926299846,0.000301466301817953,0.807512189040987,0.643009234606574,0.215947906790628
77.94,0,307.064752703385,0.00188191574384543,0.80684540495601,0.642901205605049,0.213948289994815
77.95,0,307.130740950927,0.00120671303678063,0.806394153715286,0.641246280682833,0.213705456003983
77.96,0,307.196904558367,0,0.8091307236638,0.644725083626861,0.214659662801938
77.97,0,307.263257828355,0,0.809222996366203,0.644248863313158,0.216149481633748
77.98,0,307.329815841997,0.00222414947323064,0.808423452580131,0.644494842068043,0.214047140490429
77.99,0,307.396594450188,0,0.810406907316528,0.643323910512873,0.215452226875322
78,0,307.463610264599,0,0.809576218351201,0.642632485447069,0.215463863436894
78.01,0,307.530880648314,0.00253227686896866,0.811526352678168,0.640265322031166,0.216157683634016
78.02,0,307.598423706119,0,0.809607889092587,0.644609504361943,0.215547266024685
78.03,0,307.66625827445,0,0.808345884105091,0.642534813507218,0.217514389724878
78.04,0,307.734403910996,0.00344723742886997,0.809583922618183,0.644303787629027,0.216354253288509
78.05,0,307.802880883969,0,0.809923437136344,0.644867933965823,0.214057894369061
78.06,0,307.871710161038,0.00110294186166181,0.809378629369778,0.644299248602959,0.213353115504089
78.07,0,307.940913397925,0,0.808312699895152,0.644326192388536,0.217237078503126
78.08,0,308.010512926685,0.00108063177668722,0.811467239777882,0.644942833094161,0.213486936764903
78.09,0,308.080531743651,0.000145651385040339,0.811541131470491,0.643718034033333,0.215184702125699
78.1,0,308.150993497062,0,0.809904914987936,0.645502643110343,0.214437029741429
78.11,0,308.221922474373,0,0.812683221014022,0.644143205129149,0.215175697917684
78.12,0,308.293343589254,0,0.810327300398818,0.646045234578045,0.215149504596387
78.13,0,308.365282368275,0,0.81368187196579,0.646914601862217,0.213277246967966
78.14,0,308.43776493729,0,0.815447173099728,0.646494997254838,0.213689807188506
78.15,0,308.510818007516,0.00200923295637698,0.810826593391107,0.645236391867082,0.215702024492698
78.16,0,308.584468861324,0,0.811925396041395,0.644407736639197,0.213185269240564
78.17,0,308.658745337721,0,0.813270818563846,0.644635045483605,0.215993637737817
78.18,0,308.733675817565,1.93976830098603e-05,0.810622844018452,0.644210275530749,0.213536402497478
78.19,0,308.809289208483,0,0.813729893307715,0.643958372402174,0.215449812308126
78.2,0,308.885614929519,0,0.813174635265136,0.645358009682813,0.216117659871081
78.21,0,308.962682895508,0,0.811369808405406,0.645912036125003,0.213825353267575
78.22,0,309.040523501179,0.000200892653891487,0.812591545001711,0.648856479860498,0.216875980696569
78.23,0,309.119167605005,0.000427967979592334,0.809925756001324,0.647294030509063,0.2164444704878
78.24,0,309.198646512791,0.00176571783467297,0.812165100918025,0.644940968558433,0.216236873564175
78.25,0,309.278991961014,0,0.814295488790307,0.646045488769133,0.213332200852598
78.26,0,309.36023609992,0,0.814991680685029,0.647197567574035,0.213196147127397
78.27,0,309.442411476384,0,0.816054984041606,0.645216688360331,0.214087686944915
78.28,0,309.525551016534,0,0.813890728783297,0.646453153344994,0.21455547651054
78.29,0,309.60968800816,0.00183374812503212,0.814138340007674,0.645937867400078,0.215190697238837
78.3,0,309.694856082895,0.00110150085702284,0.816455075258018,0.647147326192826,0.215122917114465
78.31,0,309.781089198188,3.29706578335097e-05,0.814051211327314,0.647297772534732,0.215657197769771
78.32,0,309.868421619081,0,0.815018010035148,0.650111350188372,0.21507719844813
78.33,0,309.956887899774,0.00151451389121884,0.816146749734798,0.646290016413646,0.213734151350227
78.34,0,310.046522865014,0,0.816176980676482,0.649603260402542,0.213700873019826
78.35,0,310.137361591296,0.000954643784353028,0.81687605954088,0.647361149881844,0.215375036683671
78.36,0,310.229439387892,0.000885569074545491,0.81645803205668,0.647519769299565,0.215234950658104
78.37,0,310.322791777711,0,0.815033964160284,0.64593057977168,0.213717056589234
78.38,0,310.417454478006,0,0.817179834817695,0.648449690933349,0.214992053516827
78.39,0,310.513463380925,9.23876217109796e-05,0.818159168115053,0.645180675856065,0.216234504199369
78.4,0,310.610854533927,0.0011839893932052,0.818008002102365,0.648293050922695,0.214530610513525
78.41,0,310.709664120062,0.000670877867555249,0.813956438434616,0.648521372474456,0.215799876109986
78.42,0,310.809928438126,0,0.819385941342188,0.648491989037425,0.217665822307851
78.43,0,310.911683882705,0.00118643951622654,0.814988443717135,0.649598547082397,0.214416749300623
78.44,0,311.014966924109,6.62572497510479e-05,0.816002074382957,0.649946798732161,0.216356930382705
78.45,0,311.119814088211,0.000109226379367966,0.819934592995894,0.647336515699681,0.213580093966421
78.46,0,311.226261936203,0.00212086009794548,0.817904137012619,0.652607513862927,0.214529788349159
78.47,0,311.334347044266,0,0.819936241551456,0.648672950970833,0.21476886066363
78.48,0,311.444105983181,0,0.82057108187005,0.649179504453964,0.216521543765004
78.49,0,311.555575297875,0,0.817428039733713,0.650170733353291,0.214235072736075
78.5,0,311.668791486924,0.000722584621737071,0.818902161094053,0.651625286609304,0.213757044515961
78.51,0,311.783790982019,0.00284085608405381,0.819390438315654,0.649268543717443,0.214735477439661
78.52,0,311.900610127395,0.00164549401725482,0.822426885497183,0.652336478714357,0.21441659367006
78.53,0,312.019285159258,0.000836096631074743,0.820315076303874,0.648731187610347,0.215459454677995
78.54,0,312.139852185192,0.00102546845703014,0.819727058277641,0.648287746606119,0.215288893416104
78.55,0,312.262347163578,0,0.821820632497999,0.648941847502047,0.214831054895176
78.56,0,312.386805883026,0,0.819206259471302,0.652779367695371,0.217187351971711
78.57,0,312.513263941829,0.00090048590912631,0.82180399797041,0.648820368432692,0.213465257765648
78.58,0,312.64175672746,0,0.822088611360799,0.649638107777669,0.215080773445694
78.59,0,312.772319396114,0,0.824070058285604,0.649894890432336,0.215624372217567
78.6,0,312.904986852303,0.000759439144452892,0.821817366546207,0.653095319322157,0.215940453752083
78.61,0,313.039793728531,0.00022518313477138,0.820182476183562,0.65144102166366,0.215363776275296
78.62,0,313.176774365042,0,0.822308303341934,0.650861438271042,0.214976054979976
78.63,0,313.315962789666,0.000226287742361713,0.822662636645452,0.652356188765394,0.213688722626689
78.64,0,313.457392697763,0,0.825075900494002,0.650979499798382,0.214496597448246
78.65,0,313.601097432286,0,0.826045401635434,0.650094720519197,0.216076971803036
78.66,0,313.747109963967,0,0.821760847521343,0.650178367692651,0.21453954225638
78.67,0,313.895462871648,0.00232372598820548,0.82353172480706,0.653839904422944,0.212593949780864
78.68,0,314.046188322751,0,0.823653732203946,0.650275725263162,0.215962092035836
78.69,0,314.199318053913,0.000969514868901557,0.826635453901538,0.650190692630865,0.214804753707638
78.7,0,314.354883351798,0.00177481037140637,0.821889904725173,0.654017239842056,0.21466474370713
78.71,0,314.512915034079,0,0.825839441236672,0.651357359749499,0.214164317426199
78.72,0,314.673443430628,0.00101098471576902,0.824010004545712,0.653149178513393,0.21735647821264
78.73,0,314.836498364906,0,0.82543664079604,0.654086438253074,0.215157922751781
78.74,0,315.002109135564,0,0.824379165729091,0.651602924331051,0.217022491919819
78.75,0,315.170304498283,0,0.827620884248992,0.653115454022328,0.214238343972831
78.76,0,315.341112647842,0.00303353664939436,0.828290074962013,0.653741864076697,0.215021383830382
78.77,0,315.514561200444,0,0.826061432508185,0.653437631429679,0.214236347754346
78.78,0,315.690677176297,0,0.825724887302982,0.650578368252643,0.214878212534962
78.79,0,315.869486982468,0,0.826119141432976,0.655175750345002,0.214603054842367
78.8,0,316.05101639602,0.000307126202589163,0.8263128960052,0.652669892307526,0.217711851486202
78.81,0,316.235290547438,0,0.82768790385668,0.652754490342886,0.216348794195139
78.82,0,316.422333904362,0.000134088069543445,0.827125071263131,0.654618707727492,0.214622695100222
78.83,0,316.612170255624,0,0.830941462858379,0.655461957189255,0.212829768938201
78.84,0,316.804822695619,0,0.828963101329195,0.652765326053723,0.214524787032891
78.85,0,317.000313608997,0.00286775425325969,0.826363985081087,0.652750358675735,0.21440008232819
78.86,0,317.198664655705,0.00123907119092548,0.827946868258907,0.655215526690963,0.215914598178736
78.87,0,317.399896756375,0.00173648351073009,0.829545052203627,0.654811678019573,0.212578991284847
78.88,0,317.604030078071,0.00150548918373411,0.83247536499224,0.653428291775347,0.217782658655043
78.89,0,317.811084020413,0.000923048292539466,0.832982996297235,0.653961771505078,0.21295673885129
78.9,0,318.021077202065,0.00115568928629959,0.832479257480399,0.655442194332001,0.216395198230399
78.91,0,318.234027447625,0,0.832615641549376,0.653936170594117,0.215356879611128
78.92,0,318.449951774893,0.000108232534629379,0.833508642151981,0.65466870589281,0.215143897053319
78.93,0,318.668866382556,0,0.833084130546912,0.655998738038473,0.214920760656713
78.94,0,318.890786638267,0.0020066372666911,0.83324539054078,0.654334820227193,0.217092648581258
78.95,0,319.115727067157,0.00307961640501307,0.831422281165456,0.654384671337601,0.214792148743266
78.96,0,319.343701340757,0,0.834416078194359,0.651922611141916,0.215541368962086
78.97,0,319.57472226636,0,0.834084541668351,0.652879443124239,0.214534279868544
78.98,0,319.808801776812,0,0.832827839970689,0.653727162882999,0.215080083888027
78.99,0,320.045950920754,0.00121889774426096,0.830267495098238,0.656118927152424,0.216220063855247
79,0,320.286179853306,0,0.83333787180412,0.652737660112136,0.214446143676487
79.01,0,320.52949782721,7.61977039464137e-05,0.836789161975496,0.654582896156595,0.217439275409859
79.02,0,320.775913184425,0.000371645733388689,0.833711997204982,0.655531765217254,0.214494497267769
79.03,0,321.0254333482,0,0.834939481848178,0.655397023910826,0.215289173603726
79.04,0,321.278064815596,0.00213929764233337,0.838951821011561,0.654974614352189,0.213764460954392
79.05,0,321.533813150498,0.00178938190766217,0.835951330238907,0.655402785141934,0.212446336616726
79.06,0,321.792682977089,0,0.837869948355715,0.653361957807607,0.214642199947323
79.07,0,322.054677973817,0.00130081594812329,0.837471849076081,0.655651212520951,0.215586423236801
79.08,0,322.319800867831,0,0.837527274241938,0.656852819738198,0.2167450162602
79.09,0,322.58805342991,0.000703985095861198,0.837797590836466,0.657156080241959,0.212739706444308
79.1,0,322.859436469877,0.000691654821958313,0.837583609243805,0.6554349412289,0.216233827020812
79.11,0,323.1339498325,0.000325265942363821,0.840004150898812,0.657431194332166,0.215989777465982
79.12,0,323.411592393887,0,0.839025680977262,0.657023796244247,0.21536336986456
79.13,0,323.692362058369,0,0.838517420798514,0.654948587111974,0.215690401486387
79.14,0,323.976255755878,0.000641774045883342,0.840399313182147,0.655249655725134,0.216033987581898
79.15,0,324.263269439812,0,0.842164786232766,0.656299250234463,0.213772069272269
79.16,0,324.5533980854,0.00030453584007241,0.841444353593121,0.656818502431311,0.215130406421405
79.17,0,324.846635688554,0,0.842645758093053,0.657525793194251,0.21414125336604
79.18,0,325.142975265213,0.000854876264941541,0.83991266676263,0.654093688676182,0.216501862410187
79.19,0,325.442408851177,0.000124893836290985,0.84134786735623,0.656971282786879,0.21512164868914
79.2,0,325.744927502431,0,0.842109724733376,0.656420565855703,0.213175101011064
79.21,0,326.050521295956,0.000207661947130539,0.841225864251205,0.657908542320159,0.213050804311442
79.22,0,326.359179331019,4.93301665321842e-05,0.840921072527884,0.657787184782354,0.213369174116744
79.23,0,326.670889730954,0.00177176810858223,0.844446664193701,0.655871920832397,0.215707693587697
79.24,0,326.985639645414,0,0.845061334578983,0.657418026654722,0.21384221157692
79.25,0,327.303415253104,0,0.846588441197697,0.654938550178352,0.216609152740834
79.26,0,327.624201764979,0.000574305196591943,0.845402329820296,0.656309005056626,0.21567974366837
79.27,0,327.94798342792,0.000453741416590924,0.844352260348722,0.656946693940724,0.214075734712284
79.28,0,328.27474352887,0.000277384132984253,0.844623255488617,0.656459783224535,0.216822297884732
79.29,0,328.604464399421,0.00245965314708985,0.845518117724477,0.656330802169453,0.216666300227152
79.3,0,328.937127420868,0.00110118734897534,0.843261685002997,0.65737725333314,0.212981976081352
79.31,0,329.272713029707,0,0.844565316176091,0.655248640352815,0.214969007033269
79.32,0,329.611200723574,0.00200806918952625,0.845100133497581,0.655551518949991,0.214527256237856
79.33,0,329.952569067626,0,0.849578460311654,0.654831975871368,0.215642388777116
79.34,0,330.296795701349,0.000652700741391802,0.851162878859388,0.655756167151731,0.215981154846316
79.35,0,330.643857345802,0.00212707630072198,0.84704565061468,0.657031848333731,0.212107817736809
79.36,0,330.993729811264,0,0.846957159367258,0.654307765545272,0.215141041238541
79.37,0,331.346388005309,0.00104659710150498,0.850072452004138,0.655904123839419,0.215184926486754
79.38,0,331.701805941276,0.000832838556690697,0.852101422133064,0.656346491831842,0.214708023096807
79.39,0,332.05995674714,0.000981641468577681,0.848357852862237,0.658543193876481,0.214522944778166
79.4,0,332.420812674772,0,0.84768588525564,0.657166518245481,0.214746051006794
79.41,0,332.784345109584,0.000332039044427757,0.849808255252776,0.655434743680919,0.213446506622973
79.42,0,333.150524580548,0.000287656749676165,0.850828645156269,0.660254759334123,0.214023967056187
79.43,0,333.519320770578,0.000576332704328524,0.85018372790126,0.654423158578726,0.215010919055538
79.44,0,333.890702527275,0,0.850363914902065,0.655003407174593,0.214172796722944
79.45,0,334.264637874018,0,0.851604274729811,0.654791674232091,0.213383978580991
79.46,0,334.641094021395,0,0.85281719756472,0.654501522017539,0.214888499851441
79.47,0,335.020037378974,0.000466539290841848,0.853085268896855,0.654606348562845,0.214770183764271
79.48,0,335.401433567388,0.000352370219277951,0.85415497181889,0.657189402940825,0.214337998245822
79.49,0,335.785247430738,0.000405289206979678,0.852617439499421,0.658918497619729,0.216457889543078
79.5,0,336.171443049301,0,0.854240659385606,0.655044927547862,0.212488284138901
79.51,0,336.559983752536,0.00214142940675925,0.856539056693009,0.655167458405638,0.213421170993949
79.52,0,336.950832132372,0,0.85370737122069,0.657604665228918,0.216868197015187
79.53,0,337.343950056778,0,0.855793615579521,0.655876289181126,0.218804126509844
79.54,0,337.739298683595,0,0.855345298308873,0.654998950734327,0.2138192706588
79.55,0,338.136838474628,0,0.854815928658602,0.654109822713389,0.215050234983893
79.56,0,338.536529209993,0.000571433328183719,0.860427087679477,0.655627752207875,0.213290155254978
79.57,0,338.93833000269,0,0.855941787137428,0.654727819406642,0.217734550986676
79.58,0,339.342199313412,0.000463285871210065,0.855824473247177,0.65744042572128,0.213457200806705
79.59,0,339.748094965579,0,0.857910776485079,0.656436092216157,0.21551205869894
79.6,0,340.155974160567,0,0.857544565650762,0.655158415620836,0.214810439710995
79.61,0,340.565793493148,0.000771915723285141,0.856199354692961,0.65648776330494,0.213954854689753
79.62,0,340.977508967119,0,0.858244616002495,0.654908879169024,0.217413718069666
79.63,0,341.391076011102,0,0.85717345898167,0.655494512250351,0.214880422713258
79.64,0,341.806449494529,0,0.858657000200636,0.655667393428447,0.21386042473846
79.65,0,342.223583743772,0,0.857088078989862,0.652840869315087,0.214297380340811
79.66,0,342.642432558437,0,0.861303905025645,0.655524503047341,0.218313279462867
79.67,0,343.062949227795,5.19338396003327e-05,0.860838696080094,0.65579977805267,0.214412555792445
79.68,0,343.485086547339,0.000837834842929178,0.85910491147191,0.654868516139943,0.213548258433712
79.69,0,343.908796835473,0,0.86066033303144,0.654903666696852,0.214147073894856
79.7,0,344.33403195031,0,0.863639139076886,0.653433309772928,0.213729091873534
79.71,0,344.760743306571,0,0.861521424504578,0.65487096005836,0.215642393853526
79.72,0,345.188881892585,0,0.86366599542918,0.6558527828925,0.214445840930678
79.73,0,345.618398287366,0.00334794857566906,0.860589315331367,0.654514468964682,0.215968743421168
79.74,0,346.049242677776,0.00301863385375915,0.862945176247923,0.654394739643998,0.215066366157929
79.75,0,346.481364875744,0,0.865594281404774,0.654031123282825,0.215549058141965
79.76,0,346.914714335554,0,0.862473968533149,0.654393973980633,0.213440344958292
79.77,0,347.349240171177,0.00115323797454132,0.862866355660379,0.65333590685921,0.214448075480774
79.78,0,347.784891173648,0.000644011040734775,0.865727958952312,0.653838526575206,0.213735903777599
79.79,0,348.221615828465,0.00114693098595193,0.868065765608947,0.654325527957957,0.213325026032992
79.8,0,348.65936233303,0.00313033276982841,0.864127400468569,0.654582696053146,0.2154009050204
79.81,0,349.09807861409,0,0.865139963012753,0.654435023612787,0.214447462485013
79.82,0,349.537712345194,0.00216456155167818,0.870345576427526,0.654666451609141,0.213619223821871
79.83,0,349.978210964146,0,0.868614406824807,0.6526044813987,0.21902153032428
79.84,0,350.419521690455,0.000819468951631574,0.866381438103186,0.652455283353759,0.214484903297133
79.85,0,350.861591542764,0,0.869926783166795,0.652003585457791,0.214354528781003
79.86,0,351.304367356257,0.000193012934227066,0.868932908070602,0.651556186208557,0.214246722737429
79.87,0,351.747795800038,0,0.868383630200177,0.653624316343643,0.214021561940079
79.88,0,352.191823394469,0.000242466179837204,0.868434924101834,0.652817263939036,0.212284935335638
79.89,0,352.636396528467,0.000877248148332027,0.870383540946482,0.652330906791607,0.213616484905229
79.9,0,353.081461476742,0.00159987525679305,0.870163033401612,0.651849900867698,0.212787815548155
79.91,0,353.526964416983,0,0.871613672270875,0.650329720196905,0.213791413062611
79.92,0,353.972851446979,0,0.872516383411019,0.651740064154789,0.21484884912346
79.93,0,354.419068601659,0.000694844812528722,0.870857889386745,0.652459196359876,0.216137383303899
79.94,0,354.865561870065,0,0.87011899028947,0.651414871298863,0.21533285574859
79.95,0,355.312277212236,0.000420766998574009,0.874119014016358,0.654222069196987,0.215613566006181
79.96,0,355.759160575998,0,0.871118026198374,0.652102888834769,0.215135277745955
79.97,0,356.206157913663,0,0.872146592518674,0.655229062218266,0.216454379030388
79.98,0,356.653215198626,0.00121667566019689,0.876611891071503,0.653040011804971,0.212646382383143
79.99,0,357.100278441849,7.74902700369871e-05,0.875980923263414,0.650074488889922,0.215277751828243
80,0.2,357.547293708239,0,0.876423323620318,0.652930969518248,0.217750126513199
80.01,0.2,357.994207132903,0,0.874898032149085,0.653255532842893,0.215358412636779
80.02,0.2,358.440964937283,0.00142891326464853,0.873392412526484,0.650501702113235,0.216548915571772
80.03,0.2,358.887513445163,0.000796583604006167,0.874362038748855,0.653303238684292,0.215431251859997
80.04,0.2,359.333799098538,0,0.877350280117895,0.648286648705246,0.215391077723095
80.05,0.2,359.779768473349,0.000451507196781752,0.877271587760061,0.653873190093606,0.212469407890956
80.06,0.2,360.225368295086,0.000385957657018453,0.87691160505253,0.651245250454712,0.213804959716428
80.07,0.2,360.670545454221,0,0.880016386215009,0.650086067190572,0.2131614526479
80.08,0.2,361.115247021515,0,0.878540489165043,0.650794385423672,0.214443779785643
80.09,0.2,361.55942026316,0.00132640158737877,0.877629182325886,0.650793979632894,0.214165102503982
80.1,0.2,362.003012655758,0,0.879301834099442,0.652208804638585,0.212841465814423
80.11,0.2,362.445971901147,0.000990359518113967,0.881101092291285,0.649367885137571,0.21608704286586
80.12,0.2,362.888245941056,0.000233932838872936,0.88170104678774,0.653471901323381,0.214815889855305
80.13,0.2,363.329782971595,0,0.880666876558744,0.650950795347623,0.211719819940033
80.14,0.2,363.770531457568,0.00139596655416121,0.879915659919361,0.650792414576456,0.213807832417238
80.15,0.2,364.210440146612,0.000727370415266324,0.881019915532245,0.649838644475102,0.214952649275047
80.16,0.2,364.649458083159,0,0.880223635787652,0.649764789706118,0.213604659507032
80.17,0.2,365.087534622217,0,0.881734157486051,0.649395227877322,0.215241939298195
80.18,0.2,365.524619442961,0.00186681319327269,0.883621743566206,0.645752815863239,0.213365960014192
80.19,0.2,365.960662562142,0,0.884720816682262,0.64885969575262,0.215873112677136
80.2,0.2,366.395614347309,0,0.882311068457072,0.647945424516151,0.215692791161186
80.21,0.2,366.829425529828,0,0.883390061142922,0.649528119963213,0.214342526774923
80.22,0.2,367.262047217717,0.000996086457138455,0.886978170232497,0.647176524394784,0.212402823309858
80.23,0.2,367.693430908283,0.000392522059992842,0.88654087297388,0.649603320644801,0.216584171139486
80.24,0.2,368.123528500552,0.00131714660516721,0.883327917139184,0.646873742780895,0.21685869356862
80.25,0.2,368.552292307509,0,0.885482035920603,0.647252223554393,0.213614094230812
80.26,0.2,368.979675068126,0,0.884760499108019,0.648826236486307,0.214422170151356
80.27,0.2,369.405629959194,0,0.886900715906733,0.648150159965399,0.214251600274229
80.28,0.2,369.830110606938,0.000649287384162782,0.887069955029202,0.647161254992083,0.215356846667243
80.29,0.2,370.253071098436,0,0.886776930872574,0.648180431062001,0.215822046112342
80.3,0.2,370.674465992818,0,0.88863899544791,0.647128733942585,0.216485778445679
80.31,0.2,371.094250332265,0,0.885779774987353,0.647218784367467,0.212543834891677
80.32,0.2,371.512379652781,0,0.888142391100066,0.647333867261425,0.213091802487247
80.33,0.2,371.928809994764,0,0.890667404004161,0.648733478189828,0.215463744372679
80.34,0.2,372.343497913362,0,0.888816469749603,0.645573788717229,0.213941531369088
80.35,0.2,372.756400488602,0,0.890196683599594,0.645112448996438,0.217753029298273
80.36,0.2,373.167475335314,0.000547194895022389,0.890752363909276,0.649012348101159,0.216202754740935
80.37,0.2,373.576680612832,0,0.890871425835378,0.645723410729231,0.213812921491196
80.38,0.2,373.983975034475,0,0.892972839080507,0.645412519656518,0.213406663596732
80.39,0.2,374.389317876811,0.000927734600148601,0.891439518755738,0.648247157256149,0.214879810697319
80.4,0.2,374.792668988702,0.00115404943305054,0.892326700750033,0.64568325763982,0.213842617676006
80.41,0.2,375.193988800121,0,0.892070480225154,0.649745167581606,0.215189768438358
80.42,0.2,375.59323833076,0.00273845880694155,0.892913555537373,0.644554405701157,0.214249013631091
80.43,0.2,375.990379198399,0.00124111145711172,0.895523989212773,0.64666079135416,0.215620503851172
80.44,0.2,376.385373627069,0.00147447251516606,0.89226162044282,0.646574563831372,0.215762227009038
80.45,0.2,376.778184454981,0.00159293458347439,0.895396771110526,0.643680786726095,0.215058480763477
80.46,0.2,377.168775142232,0.00239454192377559,0.89486874684926,0.646733713650224,0.216158338428385
80.47,0.2,377.557109778296,0.000715501388127124,0.897301149774415,0.64600147908519,0.214143379325797
80.48,0.2,377.943153089281,0.000372145422213818,0.895956284300093,0.644661616741214,0.215165349697914
80.49,0.2,378.326870444964,0,0.896099272859183,0.645740057460446,0.214691709768139
80.5,0.2,378.708227865607,0.00127263115177105,0.89582311351284,0.64639549378001,0.215454251188964
80.51,0.2,379.087192028538,0,0.897283387540879,0.646069851404721,0.214701983898081
80.52,0.2,379.463730274517,0.00290787426933241,0.898659852745574,0.647188431363749,0.213986643355158
80.53,0.2,379.837810613873,0.00101842414000714,0.898298206270486,0.643017139133646,0.216052244369501
80.54,0.2,380.209401732414,0.000237344593106749,0.897550413631056,0.649946924947422,0.21599402343195
80.55,0.2,380.578472997111,0.00172026333022884,0.897424881384982,0.644672597530957,0.215161474164566
80.56,0.2,380.944994461568,0.00227366468770401,0.900289628958438,0.644749376388153,0.215957315819138
80.57,0.2,381.30893687125,0,0.899409609288021,0.644371722135186,0.213032538532939
80.58,0.2,381.6702716685,0,0.901478762537779,0.643079336148147,0.216478450044545
80.59,0.2,382.028970997326,0.000827300194723392,0.900342631695658,0.646609032793757,0.215803813569144
80.6,0.2,382.38500770796,0.000374443768034036,0.900155514193199,0.643771154589794,0.21495529271435
80.61,0.2,382.7383553612,0.00127107536805442,0.902240151363404,0.643967064173106,0.215523493219914
80.62,0.2,383.088988232523,0,0.900658214766369,0.643672753037522,0.21706763007807
80.63,0.2,383.436881315976,0.00153197636965261,0.896715194340559,0.645462568191016,0.213041828144677
80.64,0.2,383.782010327841,0.0011744006033862,0.902328611575907,0.64838675686755,0.211974779474744
80.65,0.2,384.124351710078,0,0.901531334081737,0.64169844775364,0.214199447486551
80.66,0.2,384.463882633548,0,0.90138760243114,0.643574479822435,0.215108613590571
80.67,0.2,384.80058100101,1.7108907877165e-05,0.903898936476524,0.642158265885173,0.216113392661428
80.68,0.2,385.134425449893,0.00111751732294957,0.905092885197132,0.640652624501316,0.214279849450733
80.69,0.2,385.465395354851,0.00214248908052568,0.901488108563129,0.644883651655851,0.215361139088726
80.7,0.2,385.793470830099,0.00115674461295535,0.905156345368677,0.644981484920797,0.213763104602805
80.71,0.2,386.118632731517,0.00112772921535443,0.905621762816274,0.646295514053034,0.215142515361775
80.72,0.2,386.440862658545,0,0.904951171831186,0.642243728868002,0.216054860294305
80.73,0.2,386.760142955851,0.000476657147908859,0.904579605586642,0.643118173215701,0.214591869018949
80.74,0.2,387.076456714781,0,0.906473051848488,0.64340249584519,0.215189326495938
80.75,0.2,387.389787774594,0.000859447796189975,0.906011304043828,0.643043419228675,0.21342026683871
80.76,0.2,387.700120723466,0,0.905712363273757,0.64450402382492,0.214201616852586
80.77,0.2,388.007440899294,0,0.909742286045116,0.643997770818373,0.216733666470321
80.78,0.2,388.311734390268,0.000196359232161494,0.911866192831013,0.645759509239059,0.217281271086187
80.79,0.2,388.612988035229,0,0.907122613590431,0.642144516589492,0.215692065073244
80.8,0.2,388.911189423817,0,0.908623764738729,0.643731044863316,0.216904484682353
80.81,0.2,389.206326896395,0,0.908138826821257,0.642040744159182,0.214231466167392
80.82,0.2,389.498389543764,0,0.909317469660467,0.642772477568125,0.212983477294186
80.83,0.2,389.787367206659,0,0.905844223429524,0.642449526902901,0.215148484537543
80.84,0.2,390.073250475037,0.000535336262129548,0.907913341149419,0.645542664420038,0.212973040304459
80.85,0.2,390.356030687141,0.00239847657447051,0.909632876984221,0.643284844516384,0.214840587098707
80.86,0.2,390.635699928367,0,0.911159797446896,0.644772473478409,0.215841633157461
80.87,0.2,390.912251029904,0,0.911883043334725,0.645129403109857,0.217479105130581
80.88,0.2,391.185677567175,0,0.910713949181662,0.643191661523795,0.216449497047893
80.89,0.2,391.455973858059,0.000199695655552049,0.909256931804641,0.645048185756151,0.213420478791838
80.9,0.2,391.723134960909,0.00389211548942104,0.909309397059699,0.644151774836155,0.214161177840246
80.91,0.2,391.98715667236,0.000508650248207192,0.913471992978723,0.642744097442456,0.214181078814474
80.92,0.2,392.248035524926,0.00252337913744101,0.912274171828826,0.64640466071213,0.215602953809188
80.93,0.2,392.505768784396,0,0.911182029565478,0.643714762176877,0.214484228960554
80.94,0.2,392.760354447018,0.000480535460759733,0.913636962947301,0.642454916803064,0.216733812337991
80.95,0.2,393.011791236481,0,0.911544100099294,0.644567875907686,0.213604046405223
80.96,0.2,393.260078600693,0,0.913017005406207,0.642331971195489,0.213384205564856
80.97,0.2,393.505216708352,0,0.913055397718773,0.644908233156093,0.215554269306616
80.98,0.2,393.747206445316,0.00245995421879742,0.915215379176042,0.643567418811379,0.213134558875078
80.99,0.2,393.986049410777,0,0.9129814323331,0.64252635923059,0.217797682394118
81,0.2,394.221747913226,0.00128535177589561,0.914711856094384,0.642465434003301,0.216162437663452
81.01,0.2,394.454304966219,0,0.918646725095161,0.640566798383627,0.213846670181744
81.02,0.2,394.683724283955,0,0.915298096547406,0.643106699650287,0.217446231081874
81.03,0.2,394.910010276642,0,0.915160459991633,0.644463985190551,0.216188910986104
81.04,0.2,395.133168045678,0,0.916503647899897,0.641694946455484,0.212213864358636
81.05,0.2,395.35320337863,0,0.919267427557257,0.644153087126587,0.213572160917937
81.06,0.2,395.570122744023,0,0.915826832374132,0.644871692683589,0.213093783355391
81.07,0.2,395.783933285933,0,0.917261937239596,0.642452358217376,0.214253271652634
81.08,0.2,395.99464281839,0,0.916779942820087,0.643154074744443,0.215761460584714
81.09,0.2,396.20225981959,0,0.917520504910194,0.646256097584978,0.215096324514303
81.1,0.2,396.406793425922,0,0.918582244336364,0.645383501272171,0.213980178887029
81.11,0.2,396.608253425794,0.000789137740655371,0.920500385950467,0.644453672757377,0.216038342811542
81.12,0.2,396.806650253294,0,0.919175072939058,0.643525805468137,0.215138872594354
81.13,0.2,397.001994981644,0,0.918552355149501,0.644590448314089,0.214338396391457
81.14,0.2,397.194299316483,0,0.917185828790159,0.645457680256298,0.214491946594851
81.15,0.2,397.383575588968,0.00159400130722447,0.920103300984069,0.643556491384723,0.216233909242314
81.16,0.2,397.569836748685,0.00132840271190118,0.922014637985171,0.644148633630104,0.212962799569075
81.17,0.2,397.753096356392,0,0.918311499032825,0.64348921633738,0.212960819510512
81.18,0.2,397.933368576577,0,0.921269970672053,0.64568398997591,0.216099142429246
81.19,0.2,398.11066816984,4.20324880754694e-05,0.922149103916007,0.642736069893676,0.216879368046443
81.2,0.2,398.28501048511,0,0.922429512261423,0.64505730854455,0.213166423414622
81.21,0.2,398.456411451673,0.000716275508760352,0.92309811441626,0.643299449126114,0.218308592151402
81.22,0.2,398.624887571044,0,0.92255410258962,0.64412332247713,0.216272789673726
81.23,0.2,398.790455908666,0.00213100987966873,0.921815030442113,0.643102297071395,0.211683727241929
81.24,0.2,398.953134085434,0.00128017912883378,0.9217628062932,0.644414552254994,0.215422652629452
81.25,0.2,399.112940269064,0.000552021677240927,0.924440377755622,0.643420664611193,0.21416728355331
81.26,0.2,399.269893165293,0,0.924190708163434,0.644446125457545,0.214938268943263
81.27,0.2,399.424012008921,0,0.925327697609806,0.644487037483517,0.215922752483111
81.28,0.2,399.575316554686,0.00259700316876241,0.926118727828616,0.647604268834926,0.216713235809878
81.29,0.2,399.723827067995,0,0.924225434473278,0.645220210899616,0.216179634436548
81.3,0.2,399.869564315485,0,0.927124833960091,0.645233231996012,0.210872386134114
81.31,0.2,400.012549555444,0.000277613613200151,0.925776280736592,0.646152232459611,0.215642292285576
81.32,0.2,400.152804528069,0,0.927109783243101,0.648219373030216,0.216402481923559
81.33,0.2,400.29035144559,0,0.925010842055456,0.644964812269882,0.21348433136729
81.34,0.2,400.425212982233,0.00384457557258248,0.927757536721261,0.644835745326906,0.214942174236926
81.35,0.2,400.557412264052,0,0.926354280815221,0.644834894361542,0.213351493318431
81.36,0.2,400.68697285861,0.000686724463244355,0.927033816700662,0.64741644810537,0.214718114276055
81.37,0.2,400.813918764531,0.000932180085324438,0.928046401926027,0.646102192606911,0.214904890015863
81.38,0.2,400.938274400905,0,0.927528055231067,0.646382434408816,0.216109241379752
81.39,0.2,401.06006459657,0.00157032245637756,0.926254507994184,0.645475869288296,0.214926934390138
81.4,0.2,401.179314579258,0,0.925948271872166,0.648434532319324,0.214837181340898
81.41,0.2,401.296049964614,0.000209272778033064,0.929235436524135,0.648054783598431,0.216041788520973
81.42,0.2,401.410296745089,0,0.928395091619459,0.649103545088753,0.21690789433588
81.43,0.2,401.522081278716,0,0.928541615951931,0.647194156800972,0.214358023100632
81.44,0.2,401.63143027776,0,0.92714974532465,0.647227757851017,0.21496852691753
81.45,0.2,401.738370797254,0.00157550069233655,0.928647979702443,0.647726389315338,0.215710303520026
81.46,0.2,401.842930223428,0,0.929773232405727,0.646543775153305,0.215306345144629
81.47,0.2,401.945136262018,0.00114510745934859,0.929705021032089,0.647543933945465,0.215042628043027
81.48,0.2,402.045016926479,0,0.927863183147919,0.647474890368669,0.216511700246278
81.49,0.2,402.142600526084,0.00142131017410073,0.929628121260327,0.647860653358394,0.215259809370992
81.5,0.2,402.237915653934,0,0.93215444878809,0.647499662934411,0.214745054678443
81.51,0.2,402.330991174862,0.000391917717019823,0.931044585182767,0.646943554894672,0.213264370857292
81.52,0.2,402.421856213248,0.000609914740360855,0.930290104680654,0.645227470110253,0.216529578797444
81.53,0.2,402.51054014075,0.00101716952215877,0.930304628466551,0.648449193850637,0.216444075703799
81.54,0.2,402.597072563935,0,0.931131325500561,0.645343792607536,0.216791494357411
81.55,0.2,402.681483311844,0.000573957530565705,0.932372187296047,0.648560064656672,0.214802182940638
81.56,0.2,402.763802423467,0.0010529386059347,0.93278245717931,0.647574865998847,0.213566582304976
81.57,0.2,402.84406013515,0,0.934425746252388,0.648623629802765,0.216994187778459
81.58,0.2,402.922286867925,0.000172559755218057,0.930102767110651,0.647066294008571,0.2152752427802
81.59,0.2,402.998513214781,0,0.928829149084068,0.648869558803173,0.216885823785573
81.6,0.2,403.072769927862,0,0.931281885951683,0.649546104112654,0.213859635161103
81.61,0.2,403.145087905621,0.000641856800432901,0.933740907213955,0.649236381544308,0.215195815848011
81.62,0.2,403.215498179901,0,0.934100498809863,0.650169517654383,0.212503385330964
81.63,0.2,403.284031902981,0,0.931373558836424,0.649967907080542,0.216662103908264
81.64,0.2,403.35072033457,0.000792796140617628,0.934576944511627,0.649038223408074,0.214180150041008
81.65,0.2,403.415594828752,0,0.934222741354176,0.646938968353306,0.215172723202797
81.66,0.2,403.478686820909,0,0.933796520416213,0.650192133580239,0.214115377183811
81.67,0.2,403.540027814598,0.00142176117186285,0.936364534230122,0.651220515949306,0.215894865179121
81.68,0.2,403.599649368403,0.000915458180719326,0.936280766667287,0.649438323783216,0.215587416488995
81.69,0.2,403.657583082762,0.00182194256642463,0.933126550486435,0.65104399253209,0.212022621367591
81.7,0.2,403.713860586781,0,0.933966991588412,0.650961135400896,0.21324056952233
81.71,0.2,403.768513525022,0.00048510814796372,0.937093912899012,0.65319128351902,0.21491432964301
81.72,0.2,403.821573544291,0,0.936151097035798,0.650150644009076,0.214861654065197
81.73,0.2,403.873072280413,0.000143829686462558,0.936723365120617,0.650425981077736,0.215782054055337
81.74,0.2,403.923041345011,0,0.933468597312952,0.651481845656539,0.215393579507736
81.75,0.2,403.971512312286,0,0.934745919879307,0.651198948637578,0.211217398449818
81.76,0.2,404.01851670581,0.00137060456820629,0.935625366941398,0.649876226720152,0.21453600332378
81.77,0.2,404.064085985329,0.000535720483316637,0.935125043824437,0.651864152776312,0.214631622491156
81.78,0.2,404.108251533585,0,0.938814232115812,0.647884112154616,0.215513825680699
81.79,0.2,404.151044643166,0,0.935804007291829,0.653357524374894,0.213189376796016
81.8,0.2,404.192496503381,0,0.934458464783019,0.652616610486142,0.215311694809543
81.81,0.2,404.232638187167,0.00206805544461691,0.936926349162482,0.653071730920066,0.214549656656429
81.82,0.2,404.271500638045,0,0.938353425164349,0.64907635286324,0.212726999560492
81.83,0.2,404.309114657107,2.41552789769296e-05,0.939153412074669,0.652766242858333,0.215441131127536
81.84,0.2,404.345510890062,0,0.938483822728223,0.651191702715691,0.216737765676909
81.85,0.2,404.380719814331,0.00293775767567162,0.937948627933622,0.654630535686652,0.215993632861787
81.86,0.2,404.414771726209,0,0.938840549828178,0.653679168561072,0.215281970423204
81.87,0.2,404.447696728079,0,0.938956279029203,0.651225522463973,0.215503873034817
81.88,0.2,404.479524715714,0.00387441540273717,0.937865779398657,0.654677864106581,0.216003711218109
81.89,0.2,404.510285365635,0,0.939717970245957,0.65380499077898,0.215610821321583
81.9,0.2,404.540008122568,0.00112067961076745,0.938433300615599,0.653686708379006,0.215190851471024
81.91,0.2,404.568722186973,0.000837416458501938,0.938526459851297,0.652010617243708,0.214780717060853
81.92,0.2,404.59645650267,0.000949855248028207,0.938214952667885,0.653575812939567,0.214963844495332
81.93,0.2,404.623239744566,0.000871473697500609,0.937797927054599,0.654675526441992,0.216386212306428
81.94,0.2,404.649100306472,0.0010068610698026,0.940052731321195,0.653156616205364,0.216454855146084
81.95,0.2,404.67406628904,0.00175856786023371,0.937910494990746,0.65289646036523,0.216473988924579
81.96,0.2,404.698165487804,0.00120417921005427,0.939188353133183,0.653250449745726,0.215657354721534
81.97,0.2,404.721425381341,0,0.940924269104586,0.653514182495655,0.218430429089965
81.98,0.2,404.743873119556,0,0.941871801516296,0.654213125801975,0.214589150380566
81.99,0.2,404.765535512091,0.00159441953916433,0.942320509110647,0.653463716110781,0.215445488485037
82,0.2,404.786439016876,0.00183110935551954,0.942813926492112,0.654062487180805,0.216454016382796
82.01,0.2,404.806609728804,0.000306187150617718,0.940607445279072,0.65425958368068,0.212630279078497
82.02,0.2,404.826073368566,0,0.940236567306549,0.652899245896072,0.212545362567464
82.03,0.2,404.844855271622,0.00161041263775093,0.940084829266251,0.653479199668452,0.214528560520941
82.04,0.2,404.862980377333,7.61402362116452e-05,0.937855640339503,0.653338799885616,0.215618392635755
82.05,0.2,404.880473218245,0.000562085067300302,0.943219788660702,0.653234008587708,0.217148645681394
82.06,0.2,404.897357909545,0.000474561332270402,0.942936092968325,0.650575548558262,0.21347926675804
82.07,0.2,404.913658138678,0.000916477689203023,0.942658495171454,0.65535724346971,0.21408444597115
82.08,0.2,404.929397155142,0,0.939640505764917,0.653593184076012,0.215230935704249
82.09,0.2,404.944597760463,0,0.942646850399397,0.65541370676607,0.213387193105888
82.1,0.2,404.959282298342,0.000530241681978239,0.942378790564793,0.654879286039919,0.217115552785123
82.11,0.2,404.973472645006,0.00285266917664138,0.943734071551537,0.655892563777188,0.216623948175701
82.12,0.2,404.987190199742,0.00181182658451842,0.940379075953238,0.655710409406109,0.215193068788601
82.13,0.2,405.000455875623,0.00193901699955629,0.941687655643409,0.657963747496964,0.210350563751034
82.14,0.2,405.01329009045,0,0.940232007875236,0.654861162830409,0.214180806372892
82.15,0.2,405.025712757886,0,0.941851188636901,0.658029981850507,0.214110795868191
82.16,0.2,405.03774327881,0.000532941597687352,0.94320344105715,0.656228834323399,0.216306063149622
82.17,0.2,405.049400532877,0.000230803514684918,0.943701815862755,0.655402000837529,0.215999033710733
82.18,0.2,405.060702870304,0,0.941598088518063,0.655880503860575,0.21515244772459
82.19,0.2,405.071668103875,0,0.942745747512027,0.653364634697059,0.213647519376537
82.2,0.2,405.082313501175,0,0.94220328600828,0.655238075938186,0.215979977072458
82.21,0.2,405.092655777051,0.000992501973472277,0.941553723829851,0.657858594396075,0.214463687967304
82.22,0.2,405.102711086308,0.00175545780781331,0.941439803640866,0.657189264258594,0.216300089142799
82.23,0.2,405.11249501665,0,0.942369377164011,0.654658040075582,0.215373665215175
82.24,0.2,405.122022581852,0.00199211190403616,0.944208315073988,0.657019318065676,0.215474716651497
82.25,0.2,405.131308215185,0,0.942197423011446,0.655121485749539,0.215795386227851
82.26,0.2,405.140365763083,0,0.943256042815555,0.652720869643302,0.21317523440581
82.27,0.2,405.149208479072,6.143577070708e-05,0.944631863439109,0.65313239832516,0.212798476280638
82.28,0.2,405.157849017941,0,0.943417567471513,0.656372402593202,0.214955883462205
82.29,0.2,405.166299430178,0.000225872250240362,0.942741766987719,0.657141646238968,0.2150139477502
82.3,0.2,405.174571156668,0.000460294424152159,0.941127325877321,0.656431936075502,0.213102764014937
82.31,0.2,405.182675023649,0,0.940729887914006,0.655927715414206,0.215968194963833
82.32,0.2,405.190621237938,0.000938894162445804,0.942260274745586,0.658735772440296,0.21428606255874
82.33,0.2,405.198419382425,0.0021823770324425,0.942327185180353,0.654499213979022,0.216314367718015
82.34,0.2,405.206078411835,0.000810208460326276,0.942987547880338,0.658057005809104,0.214640587489517
82.35,0.2,405.213606648764,0.001804956624735,0.941819185247699,0.655568585601997,0.213383820550608
82.36,0.2,405.221011779995,0,0.944670233686128,0.65496303925535,0.215977008543792
82.37,0.2,405.228300853085,0.000613288008067363,0.943507099827909,0.653718418272453,0.214971906488145
82.38,0.2,405.235480273228,0.00226590129754228,0.943718765687765,0.654423850304037,0.214642361550524
82.39,0.2,405.242555800411,0.00224980877809324,0.944281906471661,0.659570772586189,0.215182122922638
82.4,0.2,405.249532546838,0.00245606364413158,0.943707975750481,0.657922082271455,0.216300277937652
82.41,0.2,405.256414974644,0,0.943498654525713,0.657311956628292,0.215072883848846
82.42,0.2,405.263206893893,0.000105807190599471,0.94512337979071,0.656741100773439,0.214357560617884
82.43,0.2,405.269911460862,0,0.942708650326817,0.655534948039909,0.214687241200854
82.44,0.2,405.276531176607,0.00016037241021773,0.944260811060343,0.658219745907025,0.214144843878923
82.45,0.2,405.283067885823,0,0.943226304753829,0.65710130205407,0.213045619080636
82.46,0.2,405.289522775983,0,0.943353912622648,0.658100518569744,0.212959219388018
82.47,0.2,405.295896376775,0,0.94266147814243,0.657542437843036,0.216136872938767
82.48,0.2,405.302188559818,0.00121935528838596,0.941697786681511,0.655480004900206,0.213268553526448
82.49,0.2,405.308398538676,0,0.941851451822802,0.654536446221616,0.216188874642286
82.5,0.2,405.314524869148,0,0.945448462964475,0.655884951892326,0.213468122347013
82.51,0.2,405.320565449862,0.00190848087584048,0.943567275827812,0.655919334717541,0.215499802926199
82.52,0.2,405.326517523141,0,0.943824668052315,0.656056908289346,0.215924428994204
82.53,0.2,405.332377676171,0,0.944903709275936,0.658668301735039,0.214951024932727
82.54,0.2,405.338141842444,0.00150746329080443,0.944302813421372,0.654597135199744,0.214335419827458
82.55,0.2,405.343805303495,0.00140815591415879,0.943565591870199,0.656925115953851,0.213871803348867
82.56,0.2,405.349362690922,0,0.943129280880264,0.657629274157802,0.215299265526333
82.57,0.2,405.354807988686,0,0.943407878933806,0.65508461871507,0.214931815406688
82.58,0.2,405.360134535702,0.00115338554778119,0.943880672212097,0.65585659690626,0.215954356421214
82.59,0.2,405.365335028705,8.81521032416413e-05,0.944848205978045,0.657288015370143,0.212485299382601
82.6,0.2,405.370401525395,0,0.941981147892826,0.656399796128231,0.215233109302923
82.61,0.2,405.375325447871,0.00455601154380996,0.943608432821712,0.654398233112972,0.213943055412112
82.62,0.2,405.380097586325,0.000860108679459677,0.942193127358582,0.654300004729613,0.21298121163384
82.63,0.2,405.384708103025,0,0.94138483261776,0.653835134679255,0.216784603792073
82.64,0.2,405.389146536564,0.000163670225231712,0.942524662735301,0.656816024237948,0.213316763341686
82.65,0.2,405.393401806379,0.00148558863388347,0.944624422212485,0.656984171102656,0.214093118564714
82.66,0.2,405.397462217537,0,0.942819257947253,0.657633676579501,0.217837164766695
82.67,0.2,405.401315465793,0,0.942575581494471,0.655171113385275,0.214243422660331
82.68,0.2,405.404948642902,0,0.940498625121127,0.657551452105446,0.212539700707729
82.69,0.2,405.408348242199,0,0.945045808661962,0.656165973995093,0.21294043928372
82.7,0.2,405.411500164424,0,0.942738080106188,0.653262127608044,0.217974744536176
82.71,0.2,405.41438972382,0,0.94333380194581,0.656420970531802,0.213824537814122
82.72,0.2,405.417001654461,0.0012629789177601,0.942023079013303,0.657156724592632,0.216945348640431
82.73,0.2,405.419320116845,0,0.944125891254774,0.65587882701649,0.212306941632505
82.74,0.2,405.42132870472,0.000257642035002148,0.941793202881411,0.657632228176682,0.216397482226546
82.75,0.2,405.423010452155,0.00107119656308671,0.94105962231456,0.657049193350136,0.216219635500405
82.76,0.2,405.424347840848,0,0.941381514918444,0.652962279522153,0.216223432167419
82.77,0.2,405.425322807669,0,0.942196054900557,0.655206567162445,0.215375007703456
82.78,0.2,405.425916752431,0,0.943185847232179,0.658112593179164,0.214612347009263
82.79,0.2,405.426110545886,0,0.942428173889499,0.656381181080367,0.214920027092297
82.8,0.2,405.425884537942,0.000972037016109527,0.943381683889769,0.655386010540593,0.216514308476816
82.81,0.2,405.425218566103,0.000581126322389452,0.942994083559382,0.655630190469921,0.216834029857649
82.82,0.2,405.42409196412,0.000433062177590378,0.942411127825004,0.656403565821523,0.215258891394489
82.83,0.2,405.422483570844,0,0.941116253626192,0.654933071450739,0.217541255351702
82.84,0.2,405.420371739297,0,0.943013240994881,0.653436786043915,0.212152570046371
82.85,0.2,405.417734345935,0.00165378608669106,0.93983632084424,0.655369721328064,0.218350340515471
82.86,0.2,405.414548800106,0.00336488388090513,0.940824011191252,0.655569050387867,0.216134369453072
82.87,0.2,405.410792053706,0.000914856496958393,0.940745485364142,0.655152215619187,0.216759534827876
82.88,0.2,405.406440611014,2.3298579783641e-05,0.9407385725279,0.656161994458243,0.213771179832405
82.89,0.2,405.401470538717,0.00263434345988496,0.941729736352016,0.655335057168252,0.214577146485289
82.9,0.2,405.395857476107,0.00093078034478074,0.940981405712558,0.655264005641018,0.212863961595968
82.91,0.2,405.389576645449,0,0.941418592043286,0.653827865784096,0.215248942417837
82.92,0.2,405.382602862524,6.68493420994645e-05,0.9425076792979,0.653572980308976,0.217026121517385
82.93,0.2,405.374910547324,0.000234862952788284,0.940066604261357,0.652308588969978,0.215354641762628
82.94,0.2,405.366473734917,0.0018371093865681,0.939624561543022,0.655301017393901,0.214193407957912
82.95,0.2,405.357266086453,0.00073053902021134,0.942211172977963,0.654473882540477,0.214934528952873
82.96,0.2,405.347260900325,0,0.941170231975565,0.652469687783922,0.214182896394778
82.97,0.2,405.336431123469,8.16021346705351e-05,0.939146288488251,0.653873378256526,0.217874778215084
82.98,0.2,405.324749362804,0.000597547128166051,0.942142694742812,0.651700716375566,0.212509358147508
82.99,0.2,405.312187896801,4.77442062999392e-05,0.939490366330009,0.653631524870217,0.214865981179977
83,0.2,405.29871868718,0.001126892318356,0.939366404332736,0.654607497621928,0.21396967689309
83.01,0.2,405.284313390732,0,0.940039860371328,0.653737485310042,0.218393636857071
83.02,0.2,405.26894337125,0,0.942087661293616,0.655250452430401,0.214686193145027
83.03,0.2,405.252579711583,0,0.938888546767925,0.651192256446943,0.214844373486828
83.04,0.2,405.235193225781,0.000204843782425223,0.940296280954077,0.6524311981641,0.217089320794844
83.05,0.2,405.216754471355,0,0.938520665276343,0.653110438392741,0.214968665262804
83.06,0.2,405.197233761623,0.000724880007418718,0.940755764149217,0.651921016237458,0.215122733916346
83.07,0.2,405.176601178153,0,0.937673930334749,0.650698777599759,0.215925541424343
83.08,0.2,405.154826583282,0.000182684964962708,0.940445311499284,0.652975488227067,0.214512064043981
83.09,0.2,405.131879632726,0,0.938969164822576,0.653168053240696,0.216118188538487
83.1,0.2,405.107729788255,0.000174999920036496,0.938831394058709,0.650360401148344,0.21250511361056
83.11,0.2,405.082346330443,0,0.937176845217297,0.650852634958061,0.21658589775369
83.12,0.2,405.055698371479,0.00236828914625518,0.93758597408969,0.653285631309671,0.216554008921697
83.13,0.2,405.027754868039,0,0.937131897221997,0.64933717517913,0.21205654013472
83.14,0.2,404.998484634208,0.00142497059819194,0.938565294855426,0.650546555519548,0.218340070767373
83.15,0.2,404.967856354455,0.00160488231688465,0.936531884921218,0.649595162861924,0.217358689715765
83.16,0.2,404.935838596649,8.57958902137571e-05,0.936279561941436,0.652342105913418,0.212907554973858
83.17,0.2,404.902399825112,0.000627393495301078,0.939513905150526,0.65256953076662,0.215511358872923
83.18,0.2,404.86750841371,0.00104143196239067,0.935078565321972,0.650559559046445,0.216795913999237
83.19,0.2,404.831132658962,0.00117440772278612,0.936961441272356,0.651855556982486,0.216196104427345
83.2,0.2,404.793240793185,0.00104390004482098,0.93820345959055,0.649291990089869,0.212927303415434
83.21,0.2,404.753800997648,0.00198516969613877,0.939038005653139,0.652085989186421,0.215201835383522
83.22,0.2,404.71278141574,0,0.936882322393101,0.650026818828251,0.215495379066926
83.23,0.2,404.670150166153,0,0.939762154338317,0.650803834403345,0.2112277473712
83.24,0.2,404.625875356058,0.00131527170778377,0.936732346791863,0.649973785640558,0.214491389151139
83.25,0.2,404.579925094287,0,0.937698446846265,0.648703234450159,0.215322496627786
83.26,0.2,404.532267504508,0.00184707451756358,0.936120552384032,0.649294873408379,0.215705354969965
83.27,0.2,404.482870738385,0,0.935559479159234,0.65249701155343,0.216347520196415
83.28,0.2,404.431702988728,0,0.935949189563425,0.64695640467653,0.214661665547073
83.29,0.2,404.378732502618,0.000519092619871093,0.937527182048997,0.6498137211288,0.214125161635169
83.3,0.2,404.323927594509,0,0.936104275214136,0.648809855184865,0.214266730283066
83.31,0.2,404.267256659302,0,0.936548861232056,0.64913293201437,0.216435417414557
83.32,0.2,404.208688185384,0,0.935293017816729,0.648228821572035,0.214374343904299
83.33,0.2,404.148190767628,0.00257221438604665,0.933721510626258,0.645981973273875,0.215227836234935
83.34,0.2,404.085733120354,0,0.933960029316721,0.64970490773467,0.213490106101041
83.35,0.2,404.021284090235,0.00205870941182529,0.934913011066626,0.647587840239501,0.216299418363301
83.36,0.2,403.954812669166,0,0.933161644280078,0.649115783933572,0.214227946279964
83.37,0.2,403.886288007062,0.00068596256636405,0.934412576996974,0.649920328596601,0.216126113072713
83.38,0.2,403.815679424607,0,0.934023059966837,0.648503876140132,0.213954508261616
83.39,0.2,403.742956425942,0,0.933081920926858,0.647835811043931,0.215065769936849
83.4,0.2,403.668088711271,0.00278388723065007,0.933328605725759,0.648467359767684,0.217274672159047
83.41,0.2,403.591046189416,0,0.93128341654102,0.648371824340207,0.215502067375903
83.42,0.2,403.511798990278,0,0.932975843477867,0.647697493376971,0.212399292914341
83.43,0.2,403.430317477234,0.00316144926143097,0.934499085191177,0.647339126021438,0.215641860328962
83.44,0.2,403.346572259443,0.00194126477787442,0.931997132432682,0.648181455652194,0.214575597176619
83.45,0.2,403.260534204066,0.00085851311456787,0.933078081251695,0.647447861503459,0.216298550663679
83.46,0.2,403.172174448403,4.35293568026056e-05,0.933336722060745,0.646119671258982,0.216138513218462
83.47,0.2,403.08146441193,0.00112429365877204,0.930175092822203,0.644975289103978,0.213736399228409
83.48,0.2,402.98837580824,0,0.932025436973281,0.64566958086141,0.215911067460081
83.49,0.2,402.892880656886,0,0.928911985648062,0.645922929057745,0.215521109543142
83.5,0.2,402.794951295123,0.00183367208521194,0.930141533422235,0.647467684910216,0.215627261587244
83.51,0.2,402.694560389536,0.000418681675045651,0.931148332672841,0.646712780697502,0.215115422955479
83.52,0.2,402.591680947562,0.00116706470566948,0.931125326420921,0.646208824931241,0.218042948138419
83.53,0.2,402.486286328905,0.000447980335674199,0.929710051878247,0.647906028068758,0.215156639764369
83.54,0.2,402.37835025682,0.00216560672548588,0.932218848274629,0.645549235759439,0.215521434610736
83.55,0.2,402.267846829297,0,0.929965465382685,0.648124753960545,0.214697074890424
83.56,0.2,402.154750530102,0,0.929353623205214,0.646475687461282,0.216059499361895
83.57,0.2,402.039036239712,0,0.927736453489704,0.646783006885732,0.214696677385221
83.58,0.2,401.920679246112,0,0.928973086532749,0.64687772869989,0.21529072380437
83.59,0.2,401.799655255462,0.00214994960022853,0.930358617135779,0.64728450542775,0.215867783826342
83.6,0.2,401.675940402631,0,0.928311649600558,0.646119489359048,0.213180698227757
83.61,0.2,401.5495112616,0.00158520546101364,0.928732525827277,0.647265811320925,0.212494544916731
83.62,0.2,401.420344855721,0,0.92778355331522,0.647569461997037,0.216401822720144
83.63,0.2,401.288418667838,0.00217775222795289,0.930044317729593,0.647111957786076,0.212530312331457
83.64,0.2,401.153710650259,0,0.926030520468404,0.643936305136517,0.214207500527766
83.65,0.2,401.016199234593,0,0.927281345721098,0.644189126212687,0.213950852957388
83.66,0.2,400.875863341431,0.00207499713606,0.928624197010761,0.644751643961876,0.212835174693784
83.67,0.2,400.732682389872,0.000300817855635826,0.924526822486216,0.645586813012513,0.213821289285328
83.68,0.2,400.586636306911,0,0.927136890569006,0.644707895540716,0.215114482912919
83.69,0.2,400.437705536659,0,0.928380480325677,0.648236397948667,0.21478852934869
83.7,0.2,400.285871049409,0,0.926129976322794,0.644730285490137,0.217386543452985
83.71,0.2,400.131114350548,0.00223686806603728,0.923924837922997,0.644577138574637,0.215606588033323
83.72,0.2,399.973417489302,0.00152079882513925,0.926040974785937,0.645032194008105,0.215501744471709
83.73,0.2,399.812763067321,0,0.923936862670802,0.64376628026828,0.216356273987873
83.74,0.2,399.649134247099,0,0.924260374166721,0.642425255635687,0.214305404982929
83.75,0.2,399.482514760226,0.000471592113397613,0.922763357972988,0.646213627739953,0.217843039940897
83.76,0.2,399.31288891547,0,0.923017370592702,0.641658742903376,0.216076756101485
83.77,0.2,399.140241606695,0,0.925601121033117,0.643962232180762,0.215276648886419
83.78,0.2,398.964558320596,0,0.920513572021057,0.647264355083427,0.215362626019097
83.79,0.2,398.785825144273,0,0.920364876856901,0.644432297897131,0.214520240920016
83.8,0.2,398.604028772616,0.00111969465364054,0.921910480136884,0.645583159688896,0.2140891893654
83.81,0.2,398.419156515527,0,0.921725944759058,0.647965555260349,0.215930922612037
83.82,0.2,398.231196304951,0,0.922084085493293,0.642905859868564,0.214469942323402
83.83,0.2,398.040136701734,0.00154553312727894,0.918329921815219,0.643505220415263,0.212589824517916
83.84,0.2,397.845966902297,0.000498330045099127,0.920879783608091,0.646561234326628,0.21440455861393
83.85,0.2,397.648676745127,0,0.919582040575199,0.64646774135748,0.215176020799144
83.86,0.2,397.448256717087,0.00056761964402076,0.920263671825424,0.644554768602988,0.217013848076768
83.87,0.2,397.244697959532,0,0.917122170049237,0.643370310955882,0.213321908358365
83.88,0.2,397.037992274246,0.00326602946813412,0.91666964289126,0.643434747367069,0.215565383064569
83.89,0.2,396.828132129187,0,0.921126652555588,0.645411960656743,0.215522191667825
83.9,0.2,396.615110664045,0.00113408059989037,0.918625211937991,0.646326277715611,0.21316897631065
83.91,0.2,396.398921695602,0.000412586428850499,0.919349786703808,0.643935497293473,0.210723482356722
83.92,0.2,396.17955972291,0.000781418245064408,0.918600780310994,0.641893710877949,0.216631367378412
83.93,0.2,395.957019932267,0,0.915177746837243,0.641683995284474,0.214478820558632
83.94,0.2,395.731298202005,0.00108600811727764,0.91840061290079,0.643716461223626,0.214278873498838
83.95,0.2,395.502391107075,0.00197804374860513,0.917707590599646,0.642412499697062,0.216187332626866
83.96,0.2,395.270295923449,0,0.916549568422715,0.64184238115516,0.21379986073461
83.97,0.2,395.035010632306,0.000723786884029283,0.916402992512818,0.643494758156192,0.213788490202743
83.98,0.2,394.796533924033,0,0.916255781533515,0.64150463863379,0.2161558585665
83.99,0.2,394.554865202027,0.00448303575424858,0.916567600483406,0.642368585961139,0.21632481216183
84,0.2,394.310004586284,0,0.914674797395129,0.642155986251327,0.215474381404483
84.01,0.2,394.061952916797,0.000996890460226357,0.914322413939349,0.643404442369639,0.215581516940225
84.02,0.2,393.810711756755,0.00141107581352874,0.913810655594805,0.642146047216561,0.217980771235703
84.03,0.2,393.556283395521,0,0.916214912473826,0.643334219357389,0.214721670663497
84.04,0.2,393.298670851432,0,0.914309638701708,0.642795852732217,0.213931324030684
84.05,0.2,393.037877874365,0,0.913960256667378,0.643332959198657,0.215132635794773
84.06,0.2,392.773908948124,0,0.914387720697624,0.643400760379184,0.213711146192181
84.07,0.2,392.506769292599,0,0.912847731173566,0.644005249090267,0.216600070496937
84.08,0.2,392.236464865734,0.000329654181433269,0.910362845571687,0.641759314215868,0.21713026020558
84.09,0.2,391.963002365274,0.00145314047650259,0.909430400997068,0.644079138218637,0.215391810919956
84.1,0.2,391.686389230313,0,0.914817004621959,0.645098555552626,0.215794497296634
84.11,0.2,391.406633642625,0.0013626254721976,0.912027056054514,0.6455282145856,0.21553024796662
84.12,0.2,391.123744527788,0,0.9111144412798,0.641996035497011,0.213925882191305
84.13,0.2,390.837731556102,0.000829403491668279,0.911452445995067,0.64581241376612,0.216001672674237
84.14,0.2,390.548605143281,0,0.911646890292414,0.643225169695268,0.217430937043438
84.15,0.2,390.256376450952,0.000394259846307716,0.910459355742119,0.645173429575895,0.217438635196356
84.16,0.2,389.961057386922,0.00222077304749243,0.912449052886899,0.645439591214407,0.216555821095832
84.17,0.2,389.662660605248,0.000534994287258396,0.908326749077431,0.641400982403001,0.216694883600233
84.18,0.2,389.361199506079,0,0.909756689391592,0.643097576630457,0.215418899631942
84.19,0.2,389.056688235295,0.000982819711980331,0.90894649404815,0.641946999257162,0.216893177061658
84.2,0.2,388.749141683921,0.000950545823096043,0.906678638082962,0.645075040966431,0.214667175609684
84.21,0.2,388.438575487332,0,0.909034130270523,0.643908188576613,0.215694307985829
84.22,0.2,388.125006024242,9.41605338602483e-05,0.906794138427615,0.643654659071224,0.216527436078372
84.23,0.2,387.808450415466,0,0.905560071104826,0.642763801402575,0.213315183924251
84.24,0.2,387.488926522482,0,0.906182076485933,0.644171330807184,0.215181702092493
84.25,0.2,387.166452945757,0,0.905568821466042,0.642557589228839,0.213283767500352
84.26,0.2,386.841049022868,0,0.903937148501168,0.643074383385308,0.215441747739298
84.27,0.2,386.5127348264,0,0.907271311083828,0.64344283025453,0.213096272042245
84.28,0.2,386.181531161625,0,0.903957196407096,0.644274306845186,0.213893183321575
84.29,0.2,385.847459563957,0.000347085107107051,0.906169305908567,0.64349844814133,0.2137811518542
84.3,0.2,385.510542296199,0.000600333038264159,0.905993875643323,0.64442833865682,0.214833362140365
84.31,0.2,385.170802345556,0.000451606856189296,0.907261246662533,0.645996190538295,0.214117762930471
84.32,0.2,384.82826342044,0,0.903439488174714,0.646124926564066,0.214839747209463
84.33,0.2,384.482949947045,0,0.904111045240232,0.642775257895802,0.215235852194272
84.34,0.2,384.134887065706,6.70345178724857e-05,0.901529550680586,0.642873045864411,0.214011101754031
84.35,0.2,383.784100627034,0,0.900470131055277,0.645323044199506,0.214112794989256
84.36,0.2,383.430617187837,0.000590898941354006,0.90172408742217,0.64482270497866,0.213991573970572
84.37,0.2,383.074464006804,0.000787659100109851,0.902860900955078,0.645748999611463,0.217219102703293
84.38,0.2,382.715669039987,0,0.902553543304789,0.644014241975746,0.21558257207528
84.39,0.2,382.35426093604,0,0.901854260644277,0.644642432268091,0.21427169725867
84.4,0.2,381.990269031259,0,0.900565172746358,0.644883870683607,0.216249415525282
84.41,0.2,381.623723344379,0,0.898381626189003,0.644477770935582,0.216130661642996
84.42,0.2,381.254654571159,0,0.898220888978798,0.643221972721755,0.216168060277784
84.43,0.2,380.883094078746,0,0.899765020864014,0.645634307940907,0.213628865216731
84.44,0.2,380.509073899816,0.000388935115649644,0.897228594557382,0.644542731718388,0.21650650661355
84.45,0.2,380.132626726482,0.00140397898066753,0.89870543173636,0.644925039715801,0.213979244228744
84.46,0.2,379.753785904004,0.00128954566484363,0.896654673678757,0.647990700201967,0.215686434126535
84.47,0.2,379.372585424248,0,0.895777680776692,0.648193681936821,0.218193202319079
84.48,0.2,378.989059918948,0,0.894958170608937,0.645245910296956,0.217224718899404
84.49,0.2,378.60324465273,0,0.895616538171494,0.648949938676033,0.217138622531251
84.5,0.2,378.215175515926,0.000245769055437366,0.895305590074184,0.645464472669578,0.213504939207318
84.51,0.2,377.82488901716,0.00287768126904082,0.896204429432555,0.64565283654831,0.213011537212246
84.52,0.2,377.432422275714,0,0.895165476950313,0.645694160187935,0.213806567318965
84.53,0.2,377.037813013679,0,0.89460341961275,0.649420791298586,0.215110439488145
84.54,0.2,376.641099547881,0.000531577952086212,0.894325176253996,0.650832335160632,0.213544739061324
84.55,0.2,376.24232078159,0.0019476183324888,0.893767959080344,0.645564570237732,0.217391325044708
84.56,0.2,375.841516196009,0.000779508949280042,0.893968389347388,0.646886672068453,0.214655080762411
84.57,0.2,375.438725841549,0,0.895280144328764,0.649531143934421,0.215984158055084
84.58,0.2,375.033990328881,0,0.892787838182222,0.646336189713345,0.214259306965775
84.59,0.2,374.627350819773,0,0.893768796254882,0.645529986062453,0.212724272215981
84.6,0.2,374.218849017717,0,0.890567054340578,0.645932307392438,0.214923790672271
84.61,0.2,373.808527158333,0,0.891515336550887,0.647006457681537,0.214862388196814
84.62,0.2,373.39642799956,0.00267346031066946,0.889416443137004,0.648583740777778,0.214795135850963
84.63,0.2,372.982594811642,0,0.893827536339506,0.643290090223612,0.214945082056223
84.64,0.2,372.567071366892,0.00116229351428736,0.890870031500935,0.648482594133533,0.215803884955009
84.65,0.2,372.149901929249,0.00176063332998124,0.890990694681637,0.645673234106111,0.215534237830977
84.66,0.2,371.731131243633,0,0.889894814075795,0.650221420845693,0.21500803256635
84.67,0.2,371.310804525071,0,0.888844956762826,0.650371102800087,0.213131179919086
84.68,0.2,370.888967447645,0.000759478598050434,0.887780806553566,0.648063240870237,0.216887260255324
84.69,0.2,370.46566613321,0.00311966691362046,0.889370177026566,0.647337823195811,0.214307287420766
84.7,0.2,370.04094713992,0.00144576600457448,0.890400473289888,0.64972145299401,0.212743985600906
84.71,0.2,369.614857450547,0.00131414239707001,0.887861742350743,0.646508358482228,0.21700936401243
84.72,0.2,369.187444460608,0,0.885579024242507,0.648636913083536,0.214659578617898
84.73,0.2,368.75875596628,0,0.884016059419345,0.647345250629067,0.214770187499877
84.74,0.2,368.328840152129,0,0.887358185673997,0.647902036251243,0.214199585889786
84.75,0.2,367.89774557864,0,0.884274087440792,0.649987827305008,0.21398222886151
84.76,0.2,367.465521169558,0.000689686940171994,0.884168535906033,0.647722065523595,0.216956790956179
84.77,0.2,367.032216199032,0,0.88500527960133,0.648387493618546,0.215436392748208
84.78,0.2,366.597880278575,0.00139481626974826,0.883876833011592,0.647957194174123,0.215083447008207
84.79,0.2,366.162563343842,0.000470205516456093,0.881177789567385,0.647522852241448,0.214133152143682
84.8,0.2,365.726315641221,0.000680634071459127,0.883434383084679,0.648481315035651,0.215615285191301
84.81,0.2,365.289187714239,0,0.884290390892402,0.649206086789565,0.21666501224069
84.82,0.2,364.851230389806,0,0.88317400195277,0.64952636343294,0.21612500392355
84.83,0.2,364.412494764264,0.000262123741108826,0.881813598098143,0.64883757642,0.217632323005237
84.84,0.2,363.973032189282,0,0.882690734395384,0.649235793652385,0.214684650585124
84.85,0.2,363.532894257573,0.000439337802437399,0.878438290770159,0.650543353499953,0.216107179417077
84.86,0.2,363.092132788449,0,0.879794504206175,0.651242120056258,0.215027830295171
84.87,0.2,362.650799813215,0,0.882151175311525,0.651172281149213,0.213395169553334
84.88,0.2,362.208947560403,0.000227643637483484,0.879654423330113,0.650060327098578,0.217736180686762
84.89,0.2,361.766628440855,0,0.878412137884199,0.650859143338324,0.216000382699332
84.9,0.2,361.32389503265,0,0.877684018712709,0.64968105125162,0.215400532760146
84.91,0.2,360.880800065893,0,0.879664395743351,0.652602269063024,0.212370288614173
84.92,0.2,360.437396407351,0.001239226657261,0.878169701399316,0.650098359994363,0.213376968889732
84.93,0.2,359.99373704496,0,0.877163395364595,0.652670723018369,0.216366721279902
84.94,0.2,359.549875072195,0.000984584188831753,0.878810513393739,0.653235179514032,0.216738632506455
84.95,0.2,359.105863672306,0,0.877698453393398,0.649626181405683,0.214029921915141
84.96,0.2,358.66175610244,0.000217957382842344,0.875769743459574,0.65051891906713,0.215329549857133
84.97,0.2,358.217605677633,0,0.877725723781197,0.649333400970283,0.211748071187509
84.98,0.2,357.773465754692,0,0.876768104683618,0.653771898559612,0.215752017828511
84.99,0.2,357.329389715967,0,0.876151346803449,0.650581896269231,0.215463937570453
85,0,356.885430953017,0,0.874292524446105,0.656079264386222,0.214102415523065
85.01,0,356.441642850185,0.000212683956295161,0.87314612941298,0.651562455254126,0.21694288605573
85.02,0,355.998078768063,0,0.876675515263615,0.653885616372138,0.21403937066103
85.03,0,355.554792026885,9.75843540967784e-05,0.874884825801379,0.653657648575406,0.215727630964342
85.04,0,355.111835889834,0.00164145909659991,0.873515374068822,0.651569410916659,0.216966958109872
85.05,0,354.66926354627,0,0.873313763684481,0.652788797208194,0.214635705029508
85.06,0,354.227128094888,0,0.870788099862707,0.654843975779546,0.215437885351903
85.07,0,353.785482526819,0.00191516683156297,0.87160906296242,0.653320357391102,0.215362370071072
85.08,0,353.344379708669,0,0.873411193313039,0.651521305131059,0.213922101022862
85.09,0,352.903872365508,0.00035043933585814,0.873906332928934,0.655836048835647,0.215054656852234
85.1,0,352.464013063817,0,0.868273268543354,0.658708139901762,0.212433867600907
85.11,0,352.024854194402,0.00105913895949292,0.872005541455104,0.650601632455314,0.213828403191143
85.12,0,351.58644795527,0.00056652559332501,0.869119742779897,0.654625815225464,0.217026795299882
85.13,0,351.148846334491,0,0.86795564529455,0.653054041646867,0.216988639675663
85.14,0,350.71210109304,0,0.867639330523316,0.651745396240103,0.214091926661635
85.15,0,350.276263747637,0,0.867477888221949,0.653638905362645,0.21654955935867
85.16,0,349.841385553581,0.00122209054686846,0.869830800637241,0.653548367904,0.214498065024281
85.17,0,349.407517487596,0,0.866588007486314,0.654940102306068,0.213455788069
85.18,0,348.974710230692,0.000380067298551551,0.866635644510121,0.652418235950111,0.216356302977981
85.19,0,348.543014151054,0,0.866887973696945,0.654932393575807,0.213623558400739
85.2,0,348.112479286949,0.00119059441559245,0.866850231937853,0.654841411099314,0.216010784412337
85.21,0,347.683155329696,0.0020556709334052,0.866167370667202,0.654428324692781,0.214385342482954
85.22,0,347.255091606665,0,0.864526905007194,0.654514853931287,0.214889128221753
85.23,0,346.828337064341,0,0.864191855610513,0.655751494664267,0.213097366821633
85.24,0,346.402940251456,0.00117229379964345,0.86417176784767,0.65291321866986,0.215540409290184
85.25,0,345.978949302191,0.00111715289386054,0.861815528233757,0.656891162957865,0.214438698584035
85.26,0,345.556411919465,0,0.865741260396303,0.657808379410272,0.214505089703308
85.27,0,345.135375358314,0,0.862175780666722,0.656604252308801,0.215929487943729
85.28,0,344.71588640937,0.000266285252671948,0.860434458094152,0.653275089369284,0.216754120703573
85.29,0,344.297991382455,0.000886033835431928,0.860788546469332,0.655873573066086,0.215186899534614
85.3,0,343.881736090293,0.00213252597971091,0.861408920336544,0.655679418349547,0.21600335916968
85.31,0,343.467165832341,0,0.86398920669216,0.654281556309339,0.212547783973553
85.32,0,343.054325378775,0.0018976644009574,0.860276472348939,0.653311583472857,0.215186132130125
85.33,0,342.643258954612,0.000369946367145605,0.859732339547708,0.658194712438019,0.215183300550078
85.34,0,342.234010223984,0.00109532124511133,0.859228240784652,0.656075576344217,0.211887240204864
85.35,0,341.826622274595,0.000819695146940155,0.860830393691514,0.65743538649571,0.214452003723317
85.36,0,341.421137602336,0,0.859272496948724,0.657314622794374,0.214938962520942
85.37,0,341.01759809609,0,0.859088209441442,0.65309474718034,0.214798476097778
85.38,0,340.61604502274,0,0.858776558949101,0.655708066504212,0.214075687115401
85.39,0,340.216519012367,0.00201753179264838,0.857628736988951,0.658460024235648,0.214851543313301
85.4,0,339.819060043671,0,0.857958188989987,0.656634343929928,0.214587550439674
85.41,0,339.42370742961,0,0.857052471700224,0.655265920718709,0.214452006441707
85.42,0,339.030499803271,0,0.854907371981199,0.654664491792265,0.218795518891518
85.43,0,338.639475103986,0,0.858376956163638,0.657014101664539,0.212712805838766
85.44,0,338.250670563695,0.00106843233357032,0.855944784194723,0.656546048631295,0.214393217657739
85.45,0,337.86412269357,0.0016276316705199,0.855787515772505,0.655254024727854,0.215988133300072
85.46,0,337.479867270908,0,0.855677093827182,0.655287529238332,0.213467621892907
85.47,0,337.097939326308,0.000776377668324033,0.852719319898642,0.65646997811962,0.21715464315962
85.48,0,336.71837313112,0.00159206866673849,0.854847962679269,0.65799223078825,0.215106893161106
85.49,0,336.341202185215,0.00233948254562496,0.85267771850538,0.658248358398646,0.217868057875523
85.5,0,335.966459205033,0,0.853891180039452,0.657186667012787,0.214903687675323
85.51,0,335.594176111971,0,0.854041040737893,0.656524134303133,0.215107287646899
85.52,0,335.224384021074,0.000897746054227733,0.852642622078809,0.658528484035777,0.216297164404075
85.53,0,334.857113230067,0,0.851300140752283,0.657349125543242,0.21339000383231
85.54,0,334.492393208728,0,0.852765660595861,0.654274538643075,0.215907040551364
85.55,0,334.130252588602,0,0.852946758396083,0.657105386834104,0.215529345618009
85.56,0,333.770719153081,0,0.854727387496457,0.657012240300266,0.214281868127053
85.57,0,333.413819827837,0.000139829310127704,0.852930245465068,0.657421918587216,0.212565224175043
85.58,0,333.05958067164,0.000343082013360264,0.849828803552009,0.659377576825658,0.215907903242283
85.59,0,332.708026867539,0,0.848356613321486,0.656725523373119,0.216498697793507
85.6,0,332.359182714448,0,0.850704820551942,0.657911424933083,0.217570725042563
85.61,0,332.013071619113,0,0.852772911977043,0.656619365115492,0.215447730863223
85.62,0,331.669716088483,0.0031635482158626,0.849360716364048,0.656606058882701,0.214489046594943
85.63,0,331.329137722492,0,0.851344041386673,0.656392057280259,0.214925481458471
85.64,0,330.991357207251,0,0.848029080497799,0.655400737237347,0.21722614861779
85.65,0,330.656394308663,0,0.847543669521685,0.656686810303272,0.216567486349328
85.66,0,330.324267866464,0.000574184851027278,0.848176667985402,0.653829487631521,0.214140176640496
85.67,0,329.994995788692,0.000614058976953848,0.847266114314714,0.656209043320197,0.215530857704087
85.68,0,329.6685950466,0.00217445021666388,0.845806928715337,0.656846606947359,0.215373724297826
85.69,0,329.345081670005,0.000592174103412605,0.845766311767169,0.65574931187792,0.216013052367686
85.7,0,329.024470743089,0,0.844569481208135,0.657363087282111,0.214763186540869
85.71,0,328.706776400649,0.00118641333347777,0.843884333381238,0.656263531793229,0.2153494290341
85.72,0,328.392011824805,0.00100153006491662,0.843048952155536,0.65509192310623,0.21525137360228
85.73,0,328.080189242167,0.000688781234512818,0.844683791748481,0.658961514045649,0.213931884548676
85.74,0,327.771319921464,0.000176669812865314,0.842877130501207,0.653794483758369,0.2137514053231
85.75,0,327.465414171646,0.00112398316118073,0.844502075404283,0.656277923222258,0.215680060718617
85.76,0,327.162481340445,0.000339354435932148,0.842990097304467,0.65602296694697,0.215340373233547
85.77,0,326.862529813425,0,0.843123730725519,0.656771423633732,0.213857957993809
85.78,0,326.565567013485,0.000223258792071854,0.841296420877292,0.65712911195839,0.214533298712836
85.79,0,326.271599400863,0,0.842808628684837,0.654647651292825,0.212978924701796
85.8,0,325.980632473597,0.0011720076747849,0.842405622737232,0.657112420758355,0.215197519486723
85.81,0,325.692670768479,0,0.844832344094771,0.656815396169496,0.216092082351062
85.82,0,325.407717862488,0.000183052579237286,0.843236984899011,0.6588365010914,0.21182310556956
85.83,0,325.125776374697,0.00089505825034456,0.840469395341017,0.655625877238262,0.213386787499568
85.84,0,324.846847968668,0.000209744765182251,0.842310431967018,0.65436949734644,0.216342731602326
85.85,0,324.570933355326,0.000776310100361317,0.841423456494267,0.656253859185687,0.214039150152
85.86,0,324.298032296318,0.000268524566676313,0.840054858140187,0.656803995737447,0.2131875157442
85.87,0,324.028143607839,0,0.836551361749083,0.656430912619735,0.214476221242055
85.88,0,323.761265164955,0,0.838681121180098,0.657180126314548,0.215740576157347
85.89,0,323.497393906386,0,0.838700824313096,0.654722899636731,0.215105371388239
85.9,0,323.236525839774,0,0.838215318210392,0.656960733647848,0.21397781276781
85.91,0,322.978656047423,0.00264777905984973,0.839558275398271,0.653546745543472,0.214101138110467
85.92,0,322.723778692501,0,0.837883401892462,0.652396325998382,0.215678818436092
85.93,0,322.47188702572,0.000639146534119122,0.834870258782847,0.653664269624087,0.21624770640765
85.94,0,322.222973392473,0,0.835710904931108,0.649012667651939,0.215498862944927
85.95,0,321.977029240432,0,0.835883824666642,0.655973256682872,0.216439400259853
85.96,0,321.7340451276,0.000223107512013852,0.839141017550274,0.654514287426287,0.21564981016946
85.97,0,321.49401073082,0,0.837971220135811,0.653141757099728,0.215162327391595
85.98,0,321.256914854725,0.000604869947335713,0.83476879944036,0.655262306053841,0.216709530603119
85.99,0,321.022745441133,0,0.836704567993454,0.65613909767212,0.21374205739378
86,0,320.791489578875,0,0.835377069970752,0.652205643848303,0.215289848778814
86.01,0,320.563133514056,0,0.835162346393417,0.655475762212761,0.216640405361015
86.02,0,320.337662660741,0.000688812464311925,0.835294040922965,0.654263365421336,0.217763367000276
86.03,0,320.115061612059,0.00294882559562084,0.835747633614177,0.657192904742368,0.216453116787433
86.04,0,319.895314151713,0.00117737715747997,0.831898570471688,0.654288100562807,0.214192815091065
86.05,0,319.678403265904,0,0.832096104804185,0.655765165564307,0.214968947453198
86.06,0,319.464311155647,0.000403390561817444,0.832962392398869,0.652885108418409,0.215452447872418
86.07,0,319.253019249474,0.00155270056325767,0.833913992692857,0.654567782341537,0.214045557864466
86.08,0,319.044508216529,0.000277453543804694,0.832317244174664,0.652925034578472,0.213784948025517
86.09,0,318.838757980025,0,0.828716114502805,0.653703955499142,0.215301876196086
86.1,0,318.635747731077,0.0003869504022005,0.830153958337717,0.65430222492076,0.214842969775106
86.11,0,318.435455942892,0,0.831258105106276,0.65241020055789,0.213517084969438
86.12,0,318.237860385295,0.00332960052625518,0.831095996228312,0.653358115134742,0.215006644650997
86.13,0,318.042938139617,0,0.828365779333929,0.653242205635978,0.215914863869551
86.14,0,317.850665613893,0,0.827163412698951,0.652530505619059,0.215896214936819
86.15,0,317.661018558393,0.00208425477029747,0.82834364677437,0.651839713158428,0.211943084214531
86.16,0,317.473972081465,0,0.828027794695266,0.653320221503421,0.214425383170362
86.17,0,317.289500665675,0,0.828174021595508,0.652304974182853,0.216933025772314
86.18,0,317.107578184243,0.00095704453839681,0.829074067607367,0.655808809819201,0.214241477344582
86.19,0,316.928177917763,0,0.826698595349442,0.651803575905614,0.213221944483969
86.2,0,316.751272571189,0,0.829201277973225,0.652730156152272,0.217487984505849
86.21,0,316.576834291093,0,0.827049889972351,0.653246142051673,0.217034486698436
86.22,0,316.404834683167,0.00127346657493023,0.828045635215272,0.651672628590377,0.21752588074395
86.23,0,316.23524482997,0,0.82703886513557,0.651753787425378,0.216021648331456
86.24,0,316.0680353089,0.00150185186125349,0.826683025900049,0.6516864488473,0.214227253340939
86.25,0,315.903176210399,0.00301273693254058,0.826497027186694,0.648747344084454,0.21730278738997
86.26,0,315.740637156348,0,0.825616749933118,0.650853491345782,0.212829751437488
86.27,0,315.580387318682,1.47529463450295e-05,0.825396752796931,0.649352122814575,0.215364878259678
86.28,0,315.422395438169,0,0.82670767431739,0.653294099709619,0.213440508827739
86.29,0,315.266629843392,0,0.822788723090171,0.651882621556808,0.216223896065857
86.3,0,315.11305846987,0.00169319117131567,0.822926927958358,0.650767619581967,0.215904043940985
86.31,0,314.961648879351,0,0.824911507353889,0.652018376259637,0.215801641121639
86.32,0,314.812368279245,0.000748820769317182,0.827056213806763,0.651368164027519,0.215180012126233
86.33,0,314.665183542185,0.00119077113189851,0.823844919919993,0.651488142892719,0.214599311460891
86.34,0,314.520061225712,0,0.826022556331814,0.647262030214429,0.216692308343494
86.35,0,314.376967592072,0,0.822016530526922,0.650409132248333,0.215020414188721
86.36,0,314.23586862811,0,0.82305510612455,0.650930127179553,0.211794610076642
86.37,0,314.096730065253,0.000375671623891255,0.824426142120911,0.650173456961124,0.216529465637524
86.38,0,313.95951739957,0,0.823019214903874,0.651498168391213,0.215379785523531
86.39,0,313.8241959119,0,0.824345351028694,0.649979336885283,0.213190817969012
86.4,0,313.690730688034,0,0.824415227155444,0.650389215334076,0.215785988818037
86.41,0,313.559086638944,0,0.821012195657701,0.650431275108268,0.215972259686854
86.42,0,313.429228521043,0,0.819597208374184,0.648415376676534,0.213479477002447
86.43,0,313.301120956473,0.000162931317735896,0.82177584334456,0.647986701131476,0.217847008120246
86.44,0,313.174728453403,0.00110485876357711,0.822413346940246,0.65153490045604,0.216673086704227
86.45,0,313.050015426328,0.00104186912224856,0.822031992213367,0.648703640130117,0.216149358340034
86.46,0,312.926946216367,0.00230899213080136,0.821096065770446,0.650567625209804,0.215493434058342
86.47,0,312.805485111535,0.00194758002832095,0.819231621301101,0.64948218721728,0.213072560870998
86.48,0,312.685596366995,0,0.818736250105034,0.650552696666785,0.216139652233035
86.49,0,312.567244225263,0,0.818562157849239,0.648575159689217,0.216525769204463
86.5,0,312.450392936375,0,0.819820907093357,0.650288762567463,0.21360109571536
86.51,0,312.335006777988,0.000701233058059056,0.819423225108181,0.649962323132642,0.214721105201735
86.52,0,312.221050075419,0,0.820465643706935,0.649604431297807,0.215926013070427
86.53,0,312.108487221605,0.00141362180767643,0.820034412132948,0.64729905282518,0.216709483872086
86.54,0,311.997282696978,0.00174996597922518,0.822122943076846,0.649473899280341,0.214267883019503
86.55,0,311.887401089243,0,0.819217653446322,0.647296035820665,0.214473245968689
86.56,0,311.778807113057,0.00284251512344369,0.817382763438194,0.648875468984471,0.214930528927583
86.57,0,311.671465629585,0,0.815285486582266,0.64687413129013,0.214645230616328
86.58,0,311.565341665944,0,0.816511400015022,0.647512040040915,0.213717123466497
86.59,0,311.460400434516,0,0.817138663591071,0.646070811272778,0.215991333197525
86.6,0,311.356607352109,0.00120510589287116,0.816068927188939,0.648254030575265,0.215923142759501
86.61,0,311.253928058992,0,0.817748604571607,0.649415482588289,0.2150211331881
86.62,0,311.152328437757,0,0.814285712999275,0.646104895450546,0.217801291206954
86.63,0,311.051774632025,0.000429528787019149,0.817431025419198,0.648417560148398,0.213284940693878
86.64,0,310.952233064983,0,0.815661594139111,0.647542635420251,0.214892354276206
86.65,0,310.85367045774,0,0.818505518606955,0.647536519202878,0.211711524455087
86.66,0,310.756053847494,0,0.815579379678044,0.645738717401076,0.215465357184294
86.67,0,310.659350605515,0,0.815214426267857,0.645004354617823,0.21789828760774
86.68,0,310.563528454916,0,0.81525352699711,0.645950140980249,0.215414139577195
86.69,0,310.468555488228,0.00109288655229499,0.815354002760511,0.648147633519082,0.215215968500796
86.7,0,310.374400184754,0,0.814043936540457,0.646784863817977,0.216144977591252
86.71,0,310.281031427702,0.00133885269526084,0.81803177640689,0.644325552515621,0.21595977516653
86.72,0,310.1884185211,0.000971531062417939,0.812687985644459,0.646236296984907,0.213188461497694
86.73,0,310.096531206464,0,0.812604216029836,0.64567980856734,0.216670799807929
86.74,0,310.005339679241,0,0.815196376620549,0.646345647968617,0.215648371933127
86.75,0,309.914814604996,0,0.812981455254736,0.647765046162443,0.214692462629853
86.76,0,309.824927135352,0.00219418511879079,0.811236301461166,0.646568350877171,0.211825154251017
86.77,0,309.735648923677,0,0.813488669700129,0.645576020178332,0.214986972268858
86.78,0,309.646952140502,0.00123704555156632,0.812037236997162,0.642557888730722,0.215161674959781
86.79,0,309.558809488678,0.00271730699931239,0.81455361890023,0.64636435967217,0.212152564464364
86.8,0,309.471194218255,0.00108237833157632,0.813636344432157,0.643858113356838,0.214857663805615
86.81,0,309.384080141088,0.00117597198812143,0.813793671528155,0.643949575141724,0.213401458877309
86.82,0,309.29744164516,0.00052835370501914,0.812119721419137,0.645157670238476,0.217326626733928
86.83,0,309.211253708613,0.00202656692150773,0.811841216017925,0.645568558719441,0.214446055355974
86.84,0,309.125491913494,0.00219491869375325,0.810849346922951,0.642600953268786,0.215117323058504
86.85,0,309.040132459206,0,0.811893623017434,0.64475868378409,0.214090915955895
86.86,0,308.955152175645,0,0.81365393437216,0.647523705380748,0.213888273226446
86.87,0,308.870528536053,0.00133294076918745,0.81116022782814,0.644232286328998,0.214627254943612
86.88,0,308.786239669545,0,0.81020419877189,0.64395003651539,0.214965916179671
86.89,0,308.702264373333,0,0.811472155559779,0.644860376383241,0.214488382610036
86.9,0,308.618582124633,0,0.811534672293566,0.644066775614797,0.215746753501511
86.91,0,308.535173092249,0.000184835438190599,0.812269728758686,0.643833956478324,0.217243285041252
86.92,0,308.452018147833,0.000386955391748034,0.812104947890024,0.643498440106397,0.215894792340188
86.93,0,308.369098876826,0.00123023310155922,0.810295659117375,0.645222867035647,0.214201564237896
86.94,0,308.28639758906,0.000315559033773309,0.810529483344259,0.644935631575021,0.214342409465433
86.95,0,308.203897329032,0,0.810531250505707,0.646913045213367,0.216344706219982
86.96,0,308.121581885838,0,0.809422337938548,0.641905687584903,0.215123966836937
86.97,0,308.039435802774,0.000968659504890221,0.809288197861732,0.64455006418728,0.217116838702549
86.98,0,307.957444386588,0.000791072103507377,0.806582952082164,0.646696694680614,0.212906899146603
86.99,0,307.87559371639,0.000342494113052171,0.808320025329961,0.644301961599966,0.2151764198703
87,0,307.793870652218,0.00163054323278506,0.81105669340067,0.641042242082709,0.215437805660649
87.01,0,307.712262843246,0.000158242884984861,0.808766898192298,0.641862794841006,0.214590769165209
87.02,0,307.630758735649,0,0.809951576207697,0.644709664810537,0.216615483691053
87.03,0,307.549347580105,0,0.807535733216095,0.642834552890707,0.216767810239087
87.04,0,307.468019438944,0.00174426051183367,0.808408980829306,0.643247724943856,0.214444994515324
87.05,0,307.386765192937,0,0.807665094524987,0.644521131171606,0.215960437983763
87.06,0,307.305576547724,0,0.810691644953791,0.643222024946837,0.214802779610873
87.07,0,307.224446039875,0.00168350851190936,0.808345685931548,0.64225281364624,0.215828562013668
87.08,0,307.143367042591,0,0.80642277678108,0.643046142849168,0.215419405341964
87.09,0,307.062333771033,0,0.809157806785567,0.643945032773281,0.212987572618576
87.1,0,306.981341287283,0,0.80663036248166,0.644085262766439,0.213113974480394
87.11,0,306.900385504937,0,0.807662121941893,0.644601237092972,0.216438534009721
87.12,0,306.819463193321,0,0.807450679828437,0.641900473869689,0.214001312034481
87.13,0,306.738571981333,0,0.809219537008961,0.641414276405473,0.212842691692594
87.14,0,306.657710360914,0,0.805718620096137,0.64446730975382,0.213565152737387
87.15,0,306.576877690138,0,0.808765347513664,0.642934685268731,0.213606477225514
87.16,0,306.496074195922,0.000235441952685457,0.803906343244992,0.643968230326861,0.214808547833626
87.17,0,306.415300976359,0.000621801037621694,0.80918743761999,0.64089953641227,0.212893338821681
87.18,0,306.334560002671,0.000996884513103411,0.808874619267164,0.642594832845614,0.216499578555863
87.19,0,306.253854120774,6.03934418623865e-05,0.806121354799881,0.643330898140651,0.215515186025168
87.2,0,306.173187052469,0.00107377100068586,0.807996275332048,0.644694179981072,0.213950922735813
87.21,0,306.092563396233,0.000482276491796435,0.808421956450372,0.646835609395764,0.217851695668877
87.22,0,306.011988627646,0.000342030326328151,0.807167825571943,0.642468425102895,0.216250795438791
87.23,0,305.931469099407,0.000658257261970445,0.808129922675224,0.646737171604146,0.214722326751507
87.24,0,305.851012040987,0,0.803982195725187,0.641602899518184,0.213343704413908
87.25,0,305.770625557874,0.000990598357854087,0.808697989213674,0.643489006968554,0.212740356830945
87.26,0,305.690318630442,0,0.803219003429851,0.641714221571138,0.217156128032376
87.27,0,305.610101112422,0,0.808004648212346,0.645109789877302,0.214963773992193
87.28,0,305.529983728992,0,0.807471412606688,0.644681351463555,0.214336111680666
87.29,0,305.449978074467,0,0.807324953359119,0.643383302575741,0.214915530466923
87.3,0,305.370096609603,0,0.806895678818623,0.64171074113643,0.215088049544358
87.31,0,305.290352658512,0.00250243459530336,0.807160919293331,0.644180240828593,0.212871571278878
87.32,0,305.210760405178,0,0.807393270003544,0.646054147954263,0.217780289760271
87.33,0,305.131334889589,0.000248676308762718,0.807670980850555,0.645411590554577,0.214501604019096
87.34,0,305.052092003471,0,0.804850386528463,0.644556510417214,0.214189913679394
87.35,0,304.973048485635,0.00208309024192225,0.80617957142868,0.645785645549302,0.215481538141332
87.36,0,304.894221916926,0,0.807243009329925,0.645024716774885,0.213210093254306
87.37,0,304.815630714786,0,0.805542648318385,0.643304538677225,0.213536225279478
87.38,0,304.737294127424,0,0.805710629382178,0.643475154238093,0.218264314466399
87.39,0,304.659232227588,0.00146887754293594,0.80610569024758,0.645010226784629,0.213245122452351
87.4,0,304.581465905959,0.00110910297462386,0.806251208395045,0.642487252976906,0.215549284403541
87.41,0,304.504016864141,0,0.805575131774414,0.643521507854808,0.214697784424896
87.42,0,304.426907607272,0.000969999402405885,0.807306095673266,0.644875246272324,0.217066801987092
87.43,0,304.350161436235,0,0.805655121436084,0.64370334344768,0.215801243479689
87.44,0,304.273802439495,0.00155473979438576,0.808672994533464,0.643694310212486,0.213364136668197
87.45,0,304.197855484534,0.00037936134104603,0.81037516110275,0.644092001585573,0.214487145161735
87.46,0,304.122346208907,0.00321254796941503,0.804637421265592,0.645690474509116,0.213325072485803
87.47,0,304.047301010915,0.00242420673360247,0.805112978912518,0.645331642162833,0.212942554610222
87.48,0,303.97274703989,0.00189805959967163,0.807262912544166,0.645465364223133,0.214520375715246
87.49,0,303.898712186097,0.0014255980744899,0.804310592329358,0.646198001044939,0.215666420531282
87.5,0,303.82522507026,0.0034748910818781,0.807941213852758,0.645501521877584,0.214741924674044
87.51,0,303.752315032704,0.00217539862054723,0.807913396789335,0.64442557995303,0.217868378809271
87.52,0,303.680012122121,0,0.806562052898481,0.645994396528794,0.213254340851321
87.53,0,303.608347083964,0,0.807544354824597,0.64407064893136,0.215623133113775
87.54,0,303.537351348464,0.000727820036489434,0.805817268330085,0.646104543437419,0.216227915458028
87.55,0,303.467057018279,0.00102974668525115,0.806572722098312,0.64632836792492,0.213186704087702
87.56,0,303.397496855771,0.00115085048383567,0.805538317849611,0.644106937705497,0.214339324397475
87.57,0,303.328704269922,0,0.80659189363698,0.645656068531808,0.216880267144576
87.58,0,303.260713302884,0,0.804701490819529,0.644299430535263,0.215885827964606
87.59,0,303.193558616171,0,0.808538166388765,0.6445836232753,0.211632352626064
87.6,0,303.127275476495,0.000557019575788993,0.807585788466954,0.644529141396976,0.214812740437862
87.61,0,303.061899741245,0.00137026718734268,0.807318801477759,0.644047598705703,0.216230230047842
87.62,0,302.997467843618,0.00247831980015337,0.806504303766445,0.647029830724662,0.213834285700159
87.63,0,302.93401677741,0,0.806375009454719,0.644961786066119,0.21570248176141
87.64,0,302.871584081455,0,0.808793629341416,0.645840408002084,0.213365512316959
87.65,0,302.810207823735,0.000359415522109866,0.806442056119471,0.647110946118631,0.213750242097851
87.66,0,302.74992658515,0,0.807415312868689,0.646873839747789,0.213779346459774
87.67,0,302.690779442964,0,0.808475898525592,0.645592518587643,0.216820140816613
87.68,0,302.632805953924,0.00188289297320958,0.808350768885596,0.647081211604946,0.213263104666387
87.69,0,302.576046137065,0,0.807661352743329,0.647765385134681,0.215469409301394
87.7,0,302.520540456192,0.000808818126381685,0.804935308935286,0.649614840929499,0.213109619137034
87.71,0,302.466329802063,0,0.80793843167895,0.647605311731331,0.216286623736953
87.72,0,302.413455474269,0.00106003452582215,0.809025665537854,0.647086283604405,0.217190125602308
87.73,0,302.361959162809,0,0.808593537041735,0.647194718420057,0.216455900625056
87.74,0,302.311882929384,0,0.8083038257833,0.649936454421047,0.214492796820333
87.75,0,302.263269188404,0.000970779118501285,0.805418806564693,0.647219610960504,0.217331830124232
87.76,0,302.21616068772,0,0.805904153600802,0.647686340105737,0.215422148879492
87.77,0,302.170600489079,0.00115226431593479,0.807792091058978,0.648594867837485,0.214605085149909
87.78,0,302.126631948326,0.00017697181584676,0.806997246799046,0.648914884399108,0.214956520559385
87.79,0,302.084298695345,0,0.806819542147335,0.649400787505904,0.216980640955086
87.8,0,302.043644613752,0,0.81043355849628,0.646750355646812,0.215282521025263
87.81,0,302.004713820352,0,0.808901362750883,0.649181370593743,0.215480005798887
87.82,0,301.967550644361,0,0.807356125279192,0.646684020803573,0.21423058742352
87.83,0,301.932199606408,0.000391593436627694,0.806618955046381,0.646684266815342,0.21373164951327
87.84,0,301.898705397323,0.000750762580537692,0.808206248229986,0.64978417469063,0.21535730759167
87.85,0,301.867112856717,0,0.809267629840733,0.647949769845691,0.214483227446885
87.86,0,301.837466951369,0.00112623934800983,0.805600430024269,0.648597169711465,0.214446245322257
87.87,0,301.809812753427,0.000576283778993567,0.806812562505658,0.650037406897182,0.211750974845628
87.88,0,301.784195418434,0,0.80805140852119,0.648322302483163,0.216405974884339
87.89,0,301.760660163183,0.000328594070792099,0.809316313438916,0.647334358707509,0.213696945350569
87.9,0,301.739252243419,0.00125750975661654,0.80999318119123,0.651520335944676,0.211852756396324
87.91,0,301.7200169314,0,0.80819198613405,0.649416092979992,0.214127268005401
87.92,0,301.702999493315,0,0.808604613034411,0.650763101738246,0.215375051275348
87.93,0,301.688245166587,0.00187655173680459,0.807251095394286,0.648707363394532,0.216816355159738
87.94,0,301.675799137058,0.00121567210062237,0.809377732285,0.650183158099635,0.21508649432424
87.95,0,301.665706516077,0.000748293448569512,0.809333925221815,0.650472342213557,0.215372167182149
87.96,0,301.658012317499,0.00182490928822604,0.807887611933913,0.651793180769583,0.216294870226819
87.97,0,301.652761434605,0,0.80873508617707,0.650733537751521,0.214615218742135
87.98,0,301.64999861696,0.00112533489207826,0.812993352108033,0.650684385782268,0.214505385958671
87.99,0,301.649768447221,0.000861332234648964,0.809198097421094,0.65189981132475,0.21673980033395
88,0,301.652115317897,0,0.811011718812211,0.650171579688332,0.214516270393734
88.01,0,301.657083408097,0,0.811467804271592,0.649636210686451,0.215514740092374
88.02,0,301.66471666025,0.00103295810781946,0.810685885021256,0.65095557067611,0.214628655065206
88.03,0,301.675058756832,0,0.807104045645277,0.651428572450788,0.213121950030204
88.04,0,301.68815309711,0.000805606327944087,0.810794757368299,0.652757943801324,0.214259152461597
88.05,0,301.704042773904,0,0.809796584650938,0.652276818076836,0.214852626839657
88.06,0,301.722770550395,0.000518399491019389,0.809558487957798,0.652583942357954,0.212419760095673
88.07,0,301.744378836986,5.34941643953366e-05,0.811729303430131,0.652592465629303,0.216395826853344
88.08,0,301.768909668232,0.0018962979880644,0.810418905362356,0.649996058232825,0.215133405157127
88.09,0,301.796404679852,0.000247069435706598,0.811699473388527,0.653011679241687,0.214762956372261
88.1,0,301.826905085839,0.000462228293595134,0.81233689849189,0.651558901581278,0.213367049603305
88.11,0,301.860451655675,0,0.810367904344231,0.651950837398352,0.216445456186645
88.12,0,301.89708469168,0,0.811018512913721,0.653023404821066,0.213332843952007
88.13,0,301.936844006496,0.000132512291593746,0.8121528649561,0.651511418520869,0.216014967177236
88.14,0,301.979768900725,0.000238194889573733,0.809324602379914,0.652788964601674,0.216696892684629
88.15,0,302.025898140735,0,0.812579403702922,0.652396674985771,0.215084853645373
88.16,0,302.075269936652,0,0.810093817139388,0.655292182342012,0.215012446422712
88.17,0,302.12792192055,0.000540585353223072,0.810933588707517,0.650859009687127,0.213119072817974
88.18,0,302.183891124849,0.00157140795117223,0.812336083809876,0.653819082200407,0.211875413731975
88.19,0,302.243213960943,0,0.812977922941475,0.651945736014759,0.214544106373234
88.2,0,302.305926198072,0.000118199972722732,0.813099994063803,0.65484305765247,0.215044111228608
88.21,0,302.372062942442,0.00241991504568374,0.813397268312349,0.652023081158414,0.21468263950453
88.22,0,302.441658616624,0,0.814436658224385,0.652126453614416,0.215627015902483
88.23,0,302.514746939229,0,0.81112809371653,0.649394818983397,0.212455720324249
88.24,0,302.591360904889,0,0.815205003731055,0.653988103594785,0.215687794554557
88.25,0,302.671532764544,0.00107504766393403,0.813843593459813,0.654294195261944,0.213177332359447
88.26,0,302.75529400606,0,0.813405547486693,0.654374742983928,0.213405759713342
88.27,0,302.842675335184,0,0.816777557433947,0.653248178278985,0.213161162890338
88.28,0,302.933706656854,0,0.812329642515193,0.653202588430608,0.215564725756968
88.29,0,303.028417056878,0.00140162463192163,0.813415878303799,0.652727994321754,0.216437164091814
88.3,0,303.126834783986,0,0.811516855730644,0.654781226112697,0.215283443678224
88.31,0,303.228987232282,0.0012248042749642,0.81596876571,0.653880186488011,0.214469957936411
88.32,0,303.334900924101,0,0.819586966072576,0.654827262416197,0.213110133730181
88.33,0,303.444601493279,0.000594006508728374,0.8138435543245,0.654099532214883,0.214657661321901
88.34,0,303.558113668857,0.000728088128079626,0.81595257643639,0.653848633551481,0.216062509371761
88.35,0,303.675461259226,9.02700493836122e-05,0.816505579260689,0.655913005822348,0.215242719584441
88.36,0,303.796667136727,0,0.816095508718559,0.654574530115254,0.212718871022248
88.37,0,303.921753222713,0.0016132610547673,0.81439499425877,0.651344192396448,0.216394416207837
88.38,0,304.050740473087,0,0.816251572777039,0.655054987960624,0.215979127915378
88.39,0,304.183648864327,0,0.818475160559709,0.653599133989503,0.214536749772039
88.4,0,304.320497380007,0,0.816410311033515,0.654504452452385,0.216112823920221
88.41,0,304.461303997823,0.00169528731802611,0.819813090525184,0.6540662420366,0.21515385641826
88.42,0,304.606085677134,0.000488882813763624,0.819327524041456,0.657788408661134,0.213767175940088
88.43,0,304.754858347029,0,0.820835407115002,0.654125235881305,0.213736738750695
88.44,0,304.907636894924,0.000283125408635919,0.820337535057753,0.652624537551791,0.213693900542395
88.45,0,305.064435155702,5.45242944666678e-05,0.818040726430157,0.653781725778754,0.214459007372892
88.46,0,305.225265901399,0,0.819711677484648,0.654476701440759,0.217155997985319
88.47,0,305.390140831447,0,0.817535310907157,0.655046656055067,0.213087082050657
88.48,0,305.55907056348,0.00258781822355871,0.819385272417078,0.65341884578388,0.215896974054164
88.49,0,305.732064624705,0,0.818803384507837,0.653476237025262,0.217989342060484
88.5,0,305.909131443854,0,0.81873692670017,0.653644300620025,0.216583154519035
88.51,0,306.090278343706,0.00403550068851576,0.821419933344034,0.655554415329459,0.214241053532469
88.52,0,306.275511534199,0.0011798530903745,0.820133520331723,0.656021002626171,0.213458845144303
88.53,0,306.464836106133,0,0.8187544207379,0.655826489139897,0.213538621117276
88.54,0,306.658256025458,0.00194852628079178,0.817081536993512,0.658338476154231,0.214147520493845
88.55,0,306.855774128163,0,0.821564986125535,0.654243394212685,0.215870083390649
88.56,0,307.057392115765,0.00139251649820407,0.818249273148324,0.654617508297152,0.218884897858652
88.57,0,307.263110551386,0.00102176705034477,0.820625125173198,0.654593182037849,0.214738431544369
88.58,0,307.472928856449,0.000598784080603982,0.819510476599394,0.657335359130058,0.214423466226564
88.59,0,307.686845307968,0.000527274530093022,0.822647173676326,0.654567231892619,0.214800138271792
88.6,0,307.904857036439,0,0.821839931340858,0.654413796755737,0.215334733683348
88.61,0,308.126960024345,0.00210222885148407,0.822085767683096,0.659247015418991,0.213855395577977
88.62,0,308.353149105253,0.000424044823358878,0.824413313134956,0.650631834793031,0.21615220367097
88.63,0,308.583417963524,0.000975984943988937,0.82184663792598,0.657855721127731,0.215668346698227
88.64,0,308.817759134617,0.000255270360732866,0.822146618151068,0.656121066663812,0.213871918636918
88.65,0,309.056164005997,0,0.826248906960722,0.655401647019821,0.21557390750813
88.66,0,309.298622818635,0,0.823700649306471,0.656808373242617,0.211635995042002
88.67,0,309.545124669108,0.00113742456009785,0.822538072211716,0.657405339648092,0.214921139772035
88.68,0,309.795657512284,0,0.822897248901588,0.656734043691849,0.215085911372351
88.69,0,310.050208164595,0,0.825755404251445,0.65682377225544,0.213996659269154
88.7,0,310.308762307896,0,0.823559638651566,0.657904723996558,0.21739255044149
88.71,0,310.571304493895,0,0.824474788291079,0.658136216584671,0.214945993451402
88.72,0,310.837818149156,0.000526773790864318,0.824382207241222,0.656303722672401,0.214807835257301
88.73,0,311.108285580677,0.000342634864616782,0.82664004986531,0.658217856425152,0.216716566258288
88.74,0,311.38268798201,0,0.826067117706806,0.656668406875236,0.216016834813656
88.75,0,311.661005439955,0,0.826382165606451,0.658465407616926,0.216437613448836
88.76,0,311.943216941781,0.000368171924793267,0.827922579443268,0.65703268049208,0.215122943309401
88.77,0,312.229300382999,0,0.826731090878574,0.657480089338456,0.21369968579721
88.78,0,312.51923257566,0,0.826548774060316,0.65700989383625,0.212618674865986
88.79,0,312.812989257172,0.000178537684305546,0.828588198082243,0.657101128292772,0.215484352612759
88.8,0,313.110545099638,0.00115709015532553,0.827592542563933,0.656198253671864,0.21272458449556
88.81,0,313.411873719696,0,0.829062640132498,0.656285388114214,0.215220254660016
88.82,0,313.716947688847,0.000832777840963125,0.828892138284455,0.656535610053837,0.213444180224321
88.83,0,314.025738544281,0.00170360736022734,0.828410792292011,0.657903820133538,0.216736605368456
88.84,0,314.338216800168,0,0.83248768157827,0.656522624353968,0.215372631864035
88.85,0,314.65435195942,0,0.827034639358251,0.656235719313088,0.212931322894309
88.86,0,314.974112525907,0.000870632483089351,0.827281843677899,0.65676629756134,0.215662593976489
88.87,0,315.297466017113,0.000607218240272964,0.831683991302145,0.657676452122017,0.214670579227884
88.88,0,315.62437897723,0.000864820477911406,0.831877309708596,0.654420114256721,0.212996946401341
88.89,0,315.954816990671,0.0015882135766611,0.829650612163333,0.656710327893171,0.21376290326163
88.9,0,316.28874469599,0,0.830735141713896,0.655687100866886,0.213469718775688
88.91,0,316.626125800207,0.00160836912430809,0.834861791403124,0.655015341542774,0.215446747796892
88.92,0,316.966923093513,0,0.83140482960346,0.654890856157974,0.211354584111212
88.93,0,317.311098464353,0,0.834606525026492,0.656793023606895,0.215698478151953
88.94,0,317.658612914866,0,0.831519415924178,0.656311595963464,0.216256544545608
88.95,0,318.009426576683,0,0.831089734572485,0.657183881872225,0.216808003042501
88.96,0,318.363498727056,0,0.831699823483678,0.654640828661606,0.216456981540366
88.97,0,318.720787805309,0.000439757640396144,0.83236895226062,0.657481367228739,0.213613433089543
88.98,0,319.081251429608,0.00227705484984752,0.834559464211342,0.655809928313192,0.213897820474268
88.99,0,319.444846414024,0.00133164966671005,0.835552500460912,0.655339326896236,0.213357239481423
89,0,319.811528785893,0.00147961257001736,0.837076422512838,0.654240816855306,0.215365583985813
89.01,0,320.181253803426,0.000651269358638157,0.834778688664486,0.655619859242854,0.214772970982349
89.02,0,320.553975973608,0.00148111192911184,0.834912728820526,0.655867856469167,0.214426283513633
89.03,0,320.92964907033,0,0.835333277721941,0.654517756855901,0.213771449247421
89.04,0,321.30822615275,0,0.83419207087334,0.656603693376925,0.21407765615926
89.05,0,321.68965958389,0.00126131101205726,0.835684261589105,0.655859987196678,0.211672309470246
89.06,0,322.073901049434,0,0.836650793487505,0.656260287958273,0.217511291976795
89.07,0,322.460901576722,0.0035568276155849,0.83761100580549,0.655786759639352,0.217073638080445
89.08,0,322.850611553932,0,0.837348232218724,0.654658476993801,0.213292990533824
89.09,0,323.242980749427,0.000274814758063696,0.837293887465497,0.657501603817179,0.215953477637618
89.1,0,323.637958331267,0.000801105091314857,0.839909459433997,0.655244883413653,0.213349533016348
89.11,0,324.035492886859,0,0.838748512304658,0.656277998041347,0.216343278556877
89.12,0,324.435532442751,2.3872427554875e-05,0.839746328828758,0.655219989616445,0.216793555097773
89.13,0,324.838024484536,0,0.837619651668734,0.655813560675189,0.213946257660848
89.14,0,325.242915976871,0.000121021048932079,0.839248915066667,0.654009805632637,0.215055268993
89.15,0,325.650153383594,0,0.839451870919622,0.654662862733631,0.215037035892545
89.16,0,326.059682687922,0.00194416548026896,0.841685307197479,0.656137976296758,0.213939518131904
89.17,0,326.471449412726,0.000699964953163553,0.841544879347968,0.654613626479972,0.213682126775863
89.18,0,326.885398640865,0.00175095233986159,0.842902226135848,0.653576446912926,0.213923471105364
89.19,0,327.301475035573,0,0.840084703721792,0.653001709385795,0.214858779055187
89.2,0,327.719622860884,0,0.842529506162003,0.653495937557883,0.212620367983392
89.21,0,328.139786002085,0,0.840450775375662,0.654560993927426,0.216679821724976
89.22,0,328.561907986184,0,0.841602829280288,0.653637196637787,0.213934564471593
89.23,0,328.985932002394,0.00128468307646695,0.841981993046415,0.656420033642914,0.215987588622791
89.24,0,329.411800922597,0,0.844151086994549,0.652359763341881,0.215121388973994
89.25,0,329.839457321811,0.000485850598059486,0.843592490854471,0.654936747340773,0.214607785850182
89.26,0,330.268843498622,0,0.844224900302329,0.655300219377042,0.214481755016556
89.27,0,330.699901495585,0.003551174222352,0.845823362154401,0.653188430089611,0.215057739087412
89.28,0,331.132573119583,0.00292143269106357,0.845588353925609,0.651760060722936,0.214847730757312
89.29,0,331.56679996213,0.00101787713946266,0.845250750678703,0.65492995382443,0.215642838438117
89.3,0,332.002523419615,0,0.846916965257015,0.653861995769106,0.214966129005212
89.31,0,332.439684713474,0.00144510484964584,0.845743628153323,0.652708813284776,0.216291084747576
89.32,0,332.878224910281,0,0.84724671726108,0.653831391172282,0.213038054682755
89.33,0,333.318084941751,0,0.848977869646043,0.65471849227415,0.215005539929747
89.34,0,333.759205624648,3.23854092221027e-05,0.847517700848373,0.651492393702468,0.216191999880482
89.35,0,334.201527680588,0,0.849144004913163,0.653120138055556,0.213358897813174
89.36,0,334.644991755727,0.000907761069552361,0.849513044990485,0.652612148803304,0.214521801645757
89.37,0,335.089538440334,0,0.848705267140231,0.65078119243187,0.213913181091406
89.38,0,335.535108288231,0,0.847780039274785,0.653857914316063,0.214940368176843
89.39,0,335.981641836104,0,0.847963904987384,0.652126870695474,0.216639599348834
89.4,0,336.429079622669,0.000504645343222503,0.85143788435906,0.65108178966475,0.215872709332272
89.41,0,336.877362207691,0.00100787607002659,0.852718336294368,0.650538378677565,0.214661812173671
89.42,0,337.326430190852,3.18483924469485e-05,0.853159028302449,0.652090143084071,0.213390883275532
89.43,0,337.776224230453,0.00329302813945413,0.850981598880282,0.650163958413019,0.21550667621553
89.44,0,338.226685061951,0,0.850462573780153,0.652745370200855,0.214253846903351
89.45,0,338.67775351633,0.00216724152539178,0.850513465603053,0.65388142494279,0.215172309781865
89.46,0,339.129370538285,0.00240218396246906,0.854400116502439,0.653485965057169,0.216875283258705
89.47,0,339.581477204228,0.00420425343391151,0.851880600634051,0.651605834320348,0.213063324550664
89.48,0,340.034014740109,0.000703811368210324,0.85086693881702,0.650679991174705,0.213245820881018
89.49,0,340.486924539031,0,0.853143455330957,0.652213841347724,0.215332645236872
89.5,0,340.940148178689,0.00136993576032395,0.855280989969712,0.65082028679303,0.215941322155941
89.51,0,341.393627438582,0.00220225059082496,0.855330245157727,0.649088330462866,0.214810461327399
89.52,0,341.847304317039,0.000770816814100527,0.856027414174926,0.651123952066843,0.2153790347958
89.53,0,342.301121048024,0,0.854404846651539,0.649283745525126,0.217173618649114
89.54,0,342.755020117728,0.00237745749537865,0.854389287170417,0.648645708382606,0.211824958402843
89.55,0,343.208944280941,0,0.856858203419559,0.652167286396885,0.214948475970836
89.56,0,343.662836577213,0,0.857508650527122,0.649517681065705,0.211921134376741
89.57,0,344.116640346774,0,0.855667463849913,0.648592243932019,0.214004347334429
89.58,0,344.570299246237,0,0.857276005818732,0.647478476608507,0.21558948840328
89.59,0,345.023757264071,0.00215114554423677,0.857787861170476,0.650271658353787,0.215730706297062
89.6,0,345.476958735827,0,0.856291149831169,0.647726345781951,0.216599498163011
89.61,0,345.929848359145,0,0.856043578593887,0.650309189629961,0.215547465803911
89.62,0,346.382371208511,0,0.861808727628041,0.648994182991975,0.213983493970373
89.63,0,346.834472749772,0.00447474167865396,0.859986968946875,0.648080259607493,0.215271063585726
89.64,0,347.286098854414,0,0.858848719621386,0.648353203568894,0.217291623451356
89.65,0,347.737195813591,0.000422917204091751,0.85863838604602,0.647209682936108,0.216053210663982
89.66,0,348.187710351903,0,0.860824073474341,0.64906186121494,0.213905687722577
89.67,0,348.637589640935,0,0.859077057828934,0.647927595209992,0.214328619568787
89.68,0,349.086781312532,0.00107097431892517,0.86136838757491,0.648707651376053,0.215844600967246
89.69,0,349.53523347183,0.00123780330492939,0.861905375472834,0.646822307585087,0.214769444397867
89.7,0,349.982894710038,0,0.861967308103459,0.649740778936104,0.21366117559667
89.71,0,350.429714116948,0,0.859305625934981,0.645654206142078,0.213518850774145
89.72,0,350.875641293207,0,0.862587762704046,0.647950827330477,0.215733552521944
89.73,0,351.320626362326,0.000425499337005771,0.862057749478391,0.646150050569077,0.214002535404834
89.74,0,351.764619982424,0,0.862768961443839,0.647266147134818,0.213241876529239
89.75,0,352.207573357722,0.00143102826368144,0.866327538428878,0.648003768001018,0.21450863422824
89.76,0,352.649438249778,0,0.863223362532119,0.647979664319226,0.218108532587443
89.77,0,353.090166988451,0,0.865136158428291,0.648857789357818,0.214334012317933
89.78,0,353.529712482621,0,0.865847643120961,0.646965115536743,0.214089005828411
89.79,0,353.968028230634,0,0.86449718382275,0.647116534319713,0.214672003439513
89.8,0,354.40506833049,0,0.867153275707595,0.648147767714531,0.215885649412992
89.81,0,354.840787489777,0.00288461232649879,0.866453473163377,0.647619222515604,0.21113874772543
89.82,0,355.275141035328,0,0.866672956547774,0.646903326471167,0.214723244184901
89.83,0,355.708084922633,0,0.866436749721943,0.644195933237134,0.215728104928945
89.84,0,356.139575744975,0.00162881477366765,0.867629230054095,0.648585155355634,0.215116967271102
89.85,0,356.569570742317,0.00121843871435201,0.869851906989264,0.645730812334551,0.214178654170056
89.86,0,356.998027809913,0,0.872465270704931,0.645136219106114,0.2147600908499
89.87,0,357.424905506672,0,0.869700496078576,0.648408378791227,0.21261857197312
89.88,0,357.850163063251,0,0.870323315538095,0.647028454604304,0.213992058531897
89.89,0,358.27376038989,0.000250089578038045,0.87271863145698,0.645856635260449,0.215229456742319
89.9,0,358.695658083987,0.00103704788336152,0.870038605780872,0.646424425519069,0.215405212815945
89.91,0,359.11581743741,0,0.869726476309539,0.646228217929857,0.213593006112669
89.92,0,359.534200443557,0,0.871592824793367,0.644977103723968,0.214469939583149
89.93,0,359.950769804144,0.000988807655216451,0.873866534403732,0.643287109375219,0.214728402462322
89.94,0,360.365488935743,0,0.869643757378909,0.64676571495156,0.214269978014027
89.95,0,360.778321976063,0,0.872871617830715,0.645489525841813,0.214313532498596
89.96,0,361.189233789965,9.94140970492378e-05,0.875106264944379,0.646719195862869,0.21326594300433
89.97,0,361.598189975227,0,0.873191088816605,0.643515922977104,0.214109467930198
89.98,0,362.005156868053,0.00212070765394286,0.872613620782286,0.643227260600827,0.21677011820573
89.99,0,362.410101548318,0.000306004640353304,0.87484425979872,0.646377750228209,0.216829926558201
90,0.2,362.812991844567,0,0.87674269078577,0.645018452109895,0.213913757159015
90.01,0.2,363.213796338757,0,0.877497237062417,0.644329103768191,0.213916826510766
90.02,0.2,363.612484370741,0.00176582502877895,0.877262467196454,0.644328373985264,0.215908644631547
90.03,0.2,364.009026042508,0.0014838777130377,0.876625442375556,0.642969631134397,0.216191997970071
90.04,0.2,364.403392222163,0.00265438523196772,0.874539923474412,0.646186692781743,0.214651371392832
90.05,0.2,364.795554547656,0.0013905310481856,0.876745915918934,0.645249185147644,0.21560425091656
90.06,0.2,365.185485430273,0,0.878364204198789,0.646544738286636,0.212554048440997
90.07,0.2,365.57315805786,0,0.878455039477939,0.644448513744692,0.215180448828346
90.08,0.2,365.958546397808,0,0.877434023956639,0.645227961873443,0.214879312809306
90.09,0.2,366.341625199795,0.00044629048301199,0.880987631045578,0.641209713821102,0.213302940048409
90.1,0.2,366.722369998272,0.0011373595663426,0.882649652470823,0.643688681939668,0.214104275428927
90.11,0.2,367.100757114706,0.00023127095171456,0.880403989777213,0.647092694793312,0.216220836462477
90.12,0.2,367.476763659585,0.000340097379576678,0.879790405044476,0.644593967796245,0.214841401321844
90.13,0.2,367.850367534166,0,0.882526645189703,0.644237278273421,0.214839064072467
90.14,0.2,368.221547431997,0,0.882597364350742,0.641973438764029,0.216331559760289
90.15,0.2,368.590282840183,0.00117495384038634,0.879789506674381,0.646372142348298,0.215168629452225
90.16,0.2,368.956554040418,0,0.882909358698982,0.647824482601634,0.214757803728359
90.17,0.2,369.320342109776,0.000609538694496215,0.884381903286086,0.643799470092052,0.214869622803219
90.18,0.2,369.681628921265,0.000319946059365081,0.885061263101681,0.643465532273273,0.213639027610105
90.19,0.2,370.040397144139,0.00047265772671857,0.881752870377821,0.646399837452804,0.214770099581476
90.2,0.2,370.396630243979,0.00151153467524149,0.882885825358112,0.64195370642192,0.215120061671683
90.21,0.2,370.750312482535,0.00131335999078452,0.884870881396101,0.64472160757043,0.217169694777626
90.22,0.2,371.10142891733,0,0.88723759789264,0.641954142775428,0.214491691670094
90.23,0.2,371.449965401044,0.000702860739848797,0.885798858810519,0.644605917995541,0.211774382132803
90.24,0.2,371.795908580645,0.00278936849319014,0.884810986828164,0.644885837021217,0.211743721599554
90.25,0.2,372.139245896311,0.00212167016957569,0.886108903845616,0.642524624352003,0.214585479050051
90.26,0.2,372.479965580106,0.000754117551677779,0.886331739328814,0.643282381212612,0.215209007815419
90.27,0.2,372.81805665443,0,0.886242058826274,0.644073951279095,0.215545853805446
90.28,0.2,373.153508930251,0,0.886521997067047,0.645355326815103,0.215530883873804
90.29,0.2,373.486313005095,0,0.888417834582492,0.643626850050743,0.214607296059097
90.3,0.2,373.816460260822,0,0.887590703946075,0.642989744106514,0.215051005582094
90.31,0.2,374.143942861178,0,0.888037881503351,0.645220147466129,0.213497967068989
90.32,0.2,374.468753749111,0.00119792128580919,0.889590150224225,0.642967736418452,0.215714014355155
90.33,0.2,374.79088664388,0,0.890957814532205,0.643657450160986,0.214729191438744
90.34,0.2,375.110336037937,0,0.892210422828319,0.643746316908546,0.215696388645734
90.35,0.2,375.42709719359,0,0.887737325804012,0.643480857980707,0.215624538402174
90.36,0.2,375.741166139441,0.000572069356675168,0.889647529667879,0.642993486837905,0.215780191361462
90.37,0.2,376.052539666625,0,0.889784532866313,0.647245795614116,0.216870194715971
90.38,0.2,376.36121532481,0,0.88811959116631,0.641813129377378,0.217073521401319
90.39,0.2,376.667191418003,0,0.890124972840615,0.64336233368901,0.21433777509543
90.4,0.2,376.970467000128,0,0.89307394997146,0.645602123199943,0.213520587217748
90.41,0.2,377.271041870402,0,0.896122332646806,0.640503580801055,0.214184947424032
90.42,0.2,377.568916568497,0.000259299652198824,0.892556130624459,0.645006202265489,0.218455322611192
90.43,0.2,377.86409236949,0,0.893077810705675,0.642485519041053,0.214485418571128
90.44,0.2,378.156571278613,0.00135929493833098,0.894700111354029,0.642424217245388,0.21586611411908
90.45,0.2,378.446356025785,0.000584922538794193,0.895233459665886,0.643700176542393,0.215366072390594
90.46,0.2,378.733450059955,0.000221017536594545,0.893780979588442,0.645250807860564,0.216376626460521
90.47,0.2,379.017857543225,0,0.893382787061525,0.64530252259706,0.21838614356687
90.48,0.2,379.299583344784,0,0.898488478917471,0.643320755421183,0.216661713818856
90.49,0.2,379.578633034636,0,0.898415523681676,0.645005203279544,0.213665020124223
90.5,0.2,379.855012877131,0,0.892630523531755,0.644082670941085,0.216289298618998
90.51,0.2,380.128729824294,0.000313999935577019,0.898385395987072,0.646428418526365,0.215241631310625
90.52,0.2,380.399791508968,0.00097091166499804,0.898668216643248,0.643881451311069,0.214994832744077
90.53,0.2,380.668206237757,0,0.897697933436516,0.643215396788763,0.213142700503899
90.54,0.2,380.933982983774,0,0.898665337526139,0.6444916438489,0.214910007307573
90.55,0.2,381.197131379206,0,0.898910817972797,0.646874679481004,0.215475286563645
90.56,0.2,381.457661707687,0,0.900834369222237,0.643819523138076,0.211969205901608
90.57,0.2,381.715584896482,0,0.899413193146366,0.643682452856696,0.214866251537686
90.58,0.2,381.970912508488,6.68252979396435e-05,0.900402630764707,0.642682016372126,0.214295791882105
90.59,0.2,382.223656734054,0.0012751172514805,0.897677924805541,0.64237889352325,0.211452208167874
90.6,0.2,382.473830382616,0.000351278839828361,0.899827458803882,0.645493145310537,0.217319605540782
90.61,0.2,382.721446874155,0.00026732432990825,0.897980653358371,0.643883236694081,0.212488770505115
90.62,0.2,382.966520230478,0.00132984853264866,0.900140356160672,0.644262624222961,0.217551233302136
90.63,0.2,383.209065066322,0.00209751614003299,0.898534312955218,0.64332756125978,0.215191275008607
90.64,0.2,383.449096580288,0,0.900561277490033,0.644485580405867,0.215041336436655
90.65,0.2,383.6866305456,0,0.89974452758268,0.644181749954721,0.215284478203157
90.66,0.2,383.9216833007,0.00105250203820202,0.900993858717506,0.642273133113341,0.21361653968282
90.67,0.2,384.154271739675,0,0.903211246635945,0.644577948813073,0.214424149182212
90.68,0.2,384.384413302513,0,0.903664447237204,0.644810471107406,0.21234624907738
90.69,0.2,384.612125965211,0,0.903240069546444,0.646264545538257,0.215201602087116
90.7,0.2,384.837428229714,0.000373595009671929,0.904839828936341,0.640610013019563,0.216192615864137
90.71,0.2,385.060339113695,0.000853601506826528,0.905100710498539,0.645082915429226,0.213930663477452
90.72,0.2,385.280878140191,0,0.904301980812223,0.647522970393375,0.215831061942943
90.73,0.2,385.499065327075,0.00214897245511819,0.905089441994166,0.646295987440002,0.218421035205065
90.74,0.2,385.71492117639,0,0.904617104960231,0.648256907412917,0.216411444214031
90.75,0.2,385.928466663527,0.00223103876458288,0.908769658178452,0.645596179068443,0.215838993345906
90.76,0.2,386.139723226268,0,0.905717317855903,0.647237475014338,0.213481241839765
90.77,0.2,386.348712753678,0.00122814475116998,0.906640893629444,0.647088197601153,0.214840932583684
90.78,0.2,386.555457574872,0.00125824974355429,0.904268183836529,0.646491947363894,0.214423452501256
90.79,0.2,386.759980447631,0.00131101948032296,0.9057827807053,0.645027860144129,0.217085874518067
90.8,0.2,386.962304546902,0,0.909623579805181,0.646815366940595,0.214095722216774
90.81,0.2,387.162453453157,0.00100087308900441,0.908173292952842,0.648333187874661,0.215664582962769
90.82,0.2,387.36045114063,0.000663968791601893,0.908227189249547,0.647454531875794,0.217373799650037
90.83,0.2,387.556321965434,0,0.908966362329889,0.646155524856026,0.214348671719909
90.84,0.2,387.750090653557,0,0.912279984717914,0.648088338121649,0.21532907519753
90.85,0.2,387.941782288734,0,0.910557763333037,0.647441668212652,0.216096392855569
90.86,0.2,388.131422300222,0.000624934145936011,0.912038553573918,0.647921307543946,0.216578659791292
90.87,0.2,388.31903645045,0.001004495263145,0.910934871664667,0.650100476182523,0.215514052341632
90.88,0.2,388.504650822574,0.000481765241944997,0.90947386611304,0.645515359796473,0.215279486939524
90.89,0.2,388.688291807922,0,0.909849221869711,0.647060960325427,0.212995346377612
90.9,0.2,388.869986093345,0,0.913774341944382,0.649770659227744,0.213040871138695
90.91,0.2,389.049760648475,0.000445099968826007,0.912005106395789,0.646882055944734,0.21326531746319
90.92,0.2,389.227642712884,0,0.913089300322984,0.646807113169149,0.214711237333846
90.93,0.2,389.403659783162,0.00150316770685646,0.912641698050825,0.645538355086583,0.213396554307076
90.94,0.2,389.577839599912,0,0.916683062152014,0.646031489427854,0.216195620587958
90.95,0.2,389.750210134661,0,0.913245619813566,0.648260453099607,0.215870011502166
90.96,0.2,389.9207995767,0,0.913207334919208,0.647535751495966,0.215579755775342
90.97,0.2,390.089636319851,0,0.913587427236821,0.647212568576563,0.214020389224007
90.98,0.2,390.256748949164,0,0.915332216518286,0.649194021991477,0.212940588674576
90.99,0.2,390.422166227557,0,0.915776963014314,0.646965737732059,0.214091962183158
91,0.2,390.585917082394,0,0.913100219128113,0.648635421503927,0.215068507195178
91.01,0.2,390.748030592011,0.00165263046788612,0.917743839651012,0.646137724200317,0.215494073880853
91.02,0.2,390.908535972183,0.00226766316910064,0.918071776576066,0.649201537118553,0.216179404876362
91.03,0.2,391.067462562562,0,0.917895279174892,0.650212929279896,0.215683215166111
91.04,0.2,391.224839813063,0.000273280990060684,0.915767896276712,0.648159233231471,0.218052084709474
91.05,0.2,391.380697270212,0,0.916224618836914,0.648147452167911,0.216601225984243
91.06,0.2,391.535064563472,0,0.914410686737483,0.647728481647716,0.213742313968431
91.07,0.2,391.687971391537,0,0.914729687251444,0.648780232738358,0.213700921424268
91.08,0.2,391.839447508599,0,0.917789761256164,0.650184970168219,0.211845930814743
91.09,0.2,391.989522710609,0,0.918759355864583,0.649341636134986,0.214945760737082
91.1,0.2,392.138226821518,0,0.918648412457063,0.650849283817221,0.214211594773723
91.11,0.2,392.285589679509,0.000645799476310785,0.918751542513356,0.648929797385743,0.214456224578342
91.12,0.2,392.431641123238,0,0.919969510168163,0.651294666345901,0.214680667257528
91.13,0.2,392.576410978059,0.0017109108549237,0.919259591778054,0.650800365110548,0.214477171704219
91.14,0.2,392.719929042282,0.00139981136129231,0.922025354210888,0.650495751868898,0.215439160766331
91.15,0.2,392.862225073414,0.000558162988668715,0.920956497468955,0.650539365753803,0.213504571151127
91.16,0.2,393.003328774444,0,0.920618255858208,0.653620019920517,0.216967787282411
91.17,0.2,393.143269780141,0.00111256668214248,0.921393874154426,0.651610926605445,0.213644023192925
91.18,0.2,393.282077643374,0,0.920856478626325,0.651855024643111,0.211993777879034
91.19,0.2,393.419781821477,0.000539798817893585,0.922282837091169,0.654770084063749,0.213016649704146
91.2,0.2,393.556411662648,0.000437348514676421,0.921022315667241,0.649206015429138,0.217551006861923
91.21,0.2,393.691996392393,0.000566343087199222,0.92230739432764,0.65100525270694,0.21650086650924
91.22,0.2,393.826565100016,0,0.923606157802091,0.650944018107141,0.214218160596949
91.23,0.2,393.960146725173,0.00146853791956284,0.923520499007752,0.650907078443865,0.216316565329864
91.24,0.2,394.092770044476,0,0.920990919473102,0.65048153573665,0.214875902973341
91.25,0.2,394.224463658173,0.000199850088402012,0.924798846223421,0.652603373396161,0.215250635086302
91.26,0.2,394.355255976891,0.00152553317995785,0.922862541994445,0.653453523978553,0.215364038479131
91.27,0.2,394.485175208462,0,0.923477909863864,0.652559054678775,0.21392979703578
91.28,0.2,394.614249344826,0.000475971167298108,0.925057643193134,0.651400524666365,0.211927167867076
91.29,0.2,394.742506149028,0.00141150111818097,0.923972648892644,0.65366939125774,0.215183408183225
91.3,0.2,394.869973142302,0,0.923663824188914,0.650792480593175,0.216123351888194
91.31,0.2,394.996677591259,0.000462949494736298,0.925434820837454,0.653708939502598,0.214077233174808
91.32,0.2,395.122646495173,0.00091538680146441,0.925133065826678,0.653064080249825,0.213808006247187
91.33,0.2,395.247906573385,0.000683360967625282,0.924029649936221,0.653770979708521,0.214629788218707
91.34,0.2,395.372484252814,0,0.927867250554932,0.652077337415879,0.214935479914774
91.35,0.2,395.496405655593,9.64006281436218e-05,0.928164869220041,0.651718432630561,0.21500680296098
91.36,0.2,395.619696586831,0,0.927593634069671,0.652766850009061,0.218389121866677
91.37,0.2,395.742382522503,0.000354719718666655,0.927874001143103,0.649175320720385,0.215464206933746
91.38,0.2,395.86448859748,0,0.929121235584978,0.65287918979439,0.217582068713143
91.39,0.2,395.986039593701,0.000279638935462843,0.929482204558374,0.653133302335918,0.215614000993192
91.4,0.2,396.107059928488,0,0.928928690345025,0.65313205824552,0.21314958018616
91.41,0.2,396.227573643019,0.000576670512040471,0.928514289382811,0.655110347892708,0.215605452532142
91.42,0.2,396.347604390954,0,0.928643337098952,0.653371939452094,0.210987960231145
91.43,0.2,396.46717542723,0.00243491582905784,0.928766920110244,0.654480176291146,0.216069461830287
91.44,0.2,396.586309597018,0,0.928743215427394,0.654555400042378,0.214991835892501
91.45,0.2,396.705029324855,0.00133770641011536,0.92878688385268,0.654382062801004,0.216007285438399
91.46,0.2,396.823356603956,0.00113027309569205,0.929464684990943,0.656793508470334,0.217138600255027
91.47,0.2,396.941312985706,0.000175993485475627,0.928983626667746,0.65190066664415,0.215600858580635
91.48,0.2,397.058919569347,0.00351042587448588,0.9302757583336,0.653607766544724,0.217906122941659
91.49,0.2,397.176196991845,0,0.927361876152397,0.655046882855868,0.214120351148278
91.5,0.2,397.293165417968,0.000275641023344471,0.930493737478866,0.656298474634764,0.217030257219124
91.51,0.2,397.409844530557,0,0.93140840383546,0.652411664646989,0.215058677418656
91.52,0.2,397.526253521012,0.000755897278217098,0.93202083451455,0.650027397729325,0.215124191821857
91.53,0.2,397.642411079979,0,0.932452853778294,0.655885655826367,0.215517991900487
91.54,0.2,397.758335388266,0,0.931566514306567,0.653368372307042,0.216950886243301
91.55,0.2,397.874044107964,0.00138905628429792,0.93116292938332,0.657932711983363,0.215576249443098
91.56,0.2,397.989554373806,0.00124328469710467,0.933356831659548,0.656714912227306,0.214503580041088
91.57,0.2,398.104882784747,0,0.934702692009502,0.65437432685649,0.216131288819137
91.58,0.2,398.220045395779,0.00105234637956111,0.931385707687134,0.654653207621483,0.213970308696897
91.59,0.2,398.335057709981,0,0.932315976627892,0.654640395742391,0.215752758227836
91.6,0.2,398.449934670811,0,0.933790132728283,0.655123460492488,0.214157175668395
91.61,0.2,398.564690654645,0,0.936269412973754,0.656020682909774,0.213458419925741
91.62,0.2,398.679339463556,4.44202619494845e-05,0.931527486878718,0.655152904377213,0.214388106478283
91.63,0.2,398.793894318349,0.00117228312272147,0.933186438219088,0.659119644080967,0.214872668580565
91.64,0.2,398.908367851856,0.00210145275181015,0.934323662753441,0.656417790880544,0.216816149045114
91.65,0.2,399.022772102477,0.00186656791893889,0.936907886816783,0.654456256602834,0.214089865525084
91.66,0.2,399.137118507989,0,0.93306746314069,0.65430519527369,0.214217146310458
91.67,0.2,399.251417899625,0,0.932576535089107,0.657307403430865,0.216208468116737
91.68,0.2,399.365680496403,7.82733535572088e-05,0.934652525468166,0.654709866742382,0.215573692848401
91.69,0.2,399.479915899744,0.000710799538012334,0.935064219550289,0.656691557554115,0.216934168946728
91.7,0.2,399.594133088349,0,0.933509224348678,0.654383736106756,0.211677543662983
91.71,0.2,399.708340413353,0,0.933853854731545,0.654667473522236,0.214765602187143
91.72,0.2,399.822545593762,0.000753457422844113,0.935962456270504,0.655910677700706,0.217053786383446
91.73,0.2,399.936755712164,0,0.93612427890229,0.656343518231222,0.215935764426949
91.74,0.2,400.050977210718,0.00178925841868926,0.936074635577194,0.656366889708544,0.213832746292785
91.75,0.2,400.165215887437,0.000738144665474334,0.936542585018287,0.657071423683969,0.217240992660721
91.76,0.2,400.279476892742,0.000341457689980638,0.936205024358803,0.657328246706081,0.215990237521554
91.77,0.2,400.393764726315,0,0.93375413216934,0.656258230432284,0.214320032991548
91.78,0.2,400.508083234231,0.00167740774218898,0.936844909548777,0.655492977208897,0.214898414496577
91.79,0.2,400.622435606387,0.0010947281972752,0.936058063846201,0.657291177683928,0.21602015613537
91.8,0.2,400.736824374208,0,0.939085660176598,0.65749972932113,0.214060354857549
91.81,0.2,400.851251408661,0,0.936207042972009,0.65862260413225,0.217463815128125
91.82,0.2,400.965717918551,0.000768175992885421,0.936205096666501,0.655509020123173,0.216184072479317
91.83,0.2,401.080224449109,0,0.940085584900664,0.653116520965703,0.215931588706015
91.84,0.2,401.194770880877,0,0.938000232158132,0.655222044843789,0.214271128344049
91.85,0.2,401.309356428887,0,0.935669191604918,0.65797905376684,0.210711377625136
91.86,0.2,401.423979642129,0,0.938361037538959,0.655720333101905,0.213713641847003
91.87,0.2,401.538638403318,0,0.939222557831497,0.655014058425133,0.216052025605621
91.88,0.2,401.653329928951,0,0.936556581884181,0.657962784846934,0.215670528822623
91.89,0.2,401.768050769663,2.783093505005e-05,0.940916294652716,0.656686431931527,0.215910597257578
91.9,0.2,401.882796810863,0.00050295153488271,0.940397618293378,0.65501199424026,0.214593905523442
91.91,0.2,401.997563273679,0,0.93892540822472,0.653512842820929,0.215612206103779
91.92,0.2,402.112344716183,0,0.937946501957694,0.657073719617701,0.215050899201095
91.93,0.2,402.227135034911,0,0.938936636543698,0.654811737004926,0.216513282379859
91.94,0.2,402.34192746667,0.00147028286359112,0.938493304182492,0.654976094372459,0.217427949070125
91.95,0.2,402.45671459064,0,0.938462453909205,0.655666113641466,0.214613579359328
91.96,0.2,402.571488330752,7.11099808670565e-05,0.940745209673842,0.657862422666045,0.212869434987067
91.97,0.2,402.686239958359,0.00163584262476365,0.93903832615593,0.656076882382785,0.213398915832124
91.98,0.2,402.800960095196,0.00151939023234342,0.939431145556818,0.6542056247922,0.215665536336228
91.99,0.2,402.915638716606,0.000616979683240047,0.939458587267758,0.655837926836714,0.214075249538762
92,0.2,403.030265155062,0.000301379910486694,0.940105877775649,0.656888695353785,0.21426065730722
92.01,0.2,403.144828103957,0,0.939826494063419,0.659152615098889,0.214124630955805
92.02,0.2,403.259315621678,0,0.938268996769505,0.654906824550985,0.215139309630615
92.03,0.2,403.373715135942,0,0.940508838440875,0.654984201758331,0.214203107524295
92.04,0.2,403.488013448417,0,0.941229700093743,0.656013579453907,0.215546638356963
92.05,0.2,403.602196739597,0.00165159592495727,0.938569249117929,0.65516830348764,0.215626300431923
92.06,0.2,403.716250573953,0.000523198682841321,0.941823552264431,0.654268613294861,0.214627984360506
92.07,0.2,403.830159905342,0,0.940674100826768,0.657210889809894,0.216915765960407
92.08,0.2,403.943909082675,0,0.942441190394379,0.655694235857912,0.216193898296714
92.09,0.2,404.057481855846,0,0.942201159149995,0.657335770807253,0.214937428894252
92.1,0.2,404.170861381905,0,0.941514454041909,0.654705825848729,0.215640199343332
92.11,0.2,404.284030231489,0,0.941597303726401,0.654712547546146,0.213860148477016
92.12,0.2,404.396970395498,0.000633386556550455,0.942507008373291,0.656008005911424,0.213080619911618
92.13,0.2,404.50966329201,0.00297429735736045,0.942163528565442,0.65481565877023,0.214528817642624
92.14,0.2,404.622089773434,0,0.94270545761637,0.655076701858899,0.217122616055819
92.15,0.2,404.734230133907,0,0.94245988959828,0.65681468370943,0.214705474044192
92.16,0.2,404.846064116907,0.000263064841482597,0.942803897388549,0.655623558188786,0.215423856754849
92.17,0.2,404.95757092311,0,0.940630373690381,0.657410517151459,0.214267925512343
92.18,0.2,405.068729218454,0,0.942500134908434,0.653233187520343,0.21497296691143
92.19,0.2,405.179517142434,0.000619595157476334,0.943581078031079,0.655270260520957,0.213637174901832
92.2,0.2,405.289912316604,0,0.941101948387618,0.655369644673225,0.216042353373927
92.21,0.2,405.399891853289,0,0.942966036468527,0.656307001576132,0.215910402987585
92.22,0.2,405.50943236451,0.00342699198563453,0.941296309154331,0.653580972894957,0.215737207594059
92.23,0.2,405.618509971099,0,0.942537671849381,0.65362045752106,0.216345541536419
92.24,0.2,405.727100312018,0.000843430547366643,0.942858636531164,0.656673471115455,0.215169571164436
92.25,0.2,405.835178553868,0,0.945387812889675,0.653277074936033,0.214879651278054
92.26,0.2,405.942719400581,0.000853459153408837,0.942847056172,0.65408967723896,0.214551164998381
92.27,0.2,406.0496971033,0.000557880138058474,0.941945173638197,0.655171197139956,0.214876636926918
92.28,0.2,406.156085470433,0,0.944513116696967,0.654316067236583,0.21791199056701
92.29,0.2,406.261857877876,0,0.943298200649574,0.652359445865309,0.215764496596066
92.3,0.2,406.366987279412,2.68199715086343e-05,0.944398325663166,0.655423671311846,0.216169665460097
92.31,0.2,406.471446217261,0,0.944610416791453,0.655580117101124,0.214515892951903
92.32,0.2,406.575206832795,0.000699395407728091,0.94321425634246,0.65578231918448,0.215041390799213
92.33,0.2,406.678240877407,0.000694649267653542,0.943501148438344,0.654027344531221,0.217604133444857
92.34,0.2,406.780519723514,0.000169218346868366,0.943737798618485,0.654829712393075,0.215870546055877
92.35,0.2,406.882014375719,4.78591119799025e-05,0.94365181094125,0.653493342852067,0.215376112692071
92.36,0.2,406.982695482095,0.000676254783492955,0.94520666510487,0.655127507972559,0.216660909125523
92.37,0.2,407.082533345609,0,0.94307225076347,0.652359055312244,0.214521272791095
92.38,0.2,407.181497935668,0,0.944295295148071,0.656157923547219,0.212230495069292
92.39,0.2,407.279558899788,0,0.9418706192216,0.654097959678853,0.214125286760808
92.4,0.2,407.376685575375,0,0.944539760459849,0.652018478686601,0.215558914698523
92.41,0.2,407.472847001621,0.000812677262822099,0.943713487373634,0.650104549211874,0.217120466757121
92.42,0.2,407.568011931503,0.00053997022170564,0.944172187160466,0.652806531676419,0.214622426838923
92.43,0.2,407.662148843876,0,0.943482054724732,0.652196949398014,0.214816939613989
92.44,0.2,407.755225955671,0.000371926671310215,0.943965765016791,0.653603227425465,0.215519444861941
92.45,0.2,407.847211234175,0,0.943806659624359,0.65426075595313,0.214305641884448
92.46,0.2,407.938072409393,0,0.944420701029699,0.652416652016479,0.216225350748517
92.47,0.2,408.027776986494,0.000392665305902858,0.942729842293954,0.651103075658125,0.215115241502006
92.48,0.2,408.116292258328,0,0.943323760700517,0.653256159577594,0.214754681726116
92.49,0.2,408.203585318007,0,0.94220050971666,0.651345024672221,0.214686793043974
92.5,0.2,408.289623071559,0,0.945246497548004,0.651104409894106,0.213112157200915
92.51,0.2,408.374372250624,0,0.944371828104909,0.649488593599954,0.215839019920968
92.52,0.2,408.457799425217,0.000870500570010545,0.943007144854397,0.65314089818526,0.213813761509044
92.53,0.2,408.539871016529,0,0.941380396452493,0.648298652127845,0.216941958780039
92.54,0.2,408.620553309776,0,0.942441928533187,0.652809015337307,0.213792608508298
92.55,0.2,408.699812467077,0,0.942194295174651,0.652898386560562,0.214637075543526
92.56,0.2,408.777614540374,0,0.944773730441178,0.650269991843116,0.213027216108744
92.57,0.2,408.853925484368,0.00183003614060499,0.945748252699454,0.653404163342251,0.218465173416461
92.58,0.2,408.928711169487,0.00229387847889555,0.945508339679123,0.653405229726305,0.215387516903619
92.59,0.2,409.001937394863,0,0.942472287093954,0.652608806371596,0.214615571209715
92.6,0.2,409.073569901322,0.000510028370756451,0.94232860649153,0.648844237964713,0.216293903620165
92.61,0.2,409.143574384389,0,0.941845798414813,0.648425021847533,0.214398240067628
92.62,0.2,409.211916507281,0,0.945800254771926,0.65422029944635,0.216124213252111
92.63,0.2,409.278561913913,0.00347841143186696,0.94421000936362,0.650950356923763,0.214585530616431
92.64,0.2,409.343476241883,0,0.941817625456921,0.650522964579587,0.214087304683802
92.65,0.2,409.406625135454,0.000627758720831927,0.94468026766108,0.650441529498739,0.216585980646454
92.66,0.2,409.467974258518,0.000603838102639557,0.943280852457685,0.649756351513863,0.212998805678693
92.67,0.2,409.527489307531,0,0.944457357901436,0.648696187234127,0.213674003078334
92.68,0.2,409.585136024437,0.0017569712186405,0.945479317440855,0.649811452896861,0.214272357823171
92.69,0.2,409.640880209547,0.00161039248926214,0.943460836372389,0.646742838190563,0.217110012074708
92.7,0.2,409.694687734392,0.000809149065235289,0.943857725689814,0.648794433842779,0.216157819625241
92.71,0.2,409.746524554536,0,0.943305419951602,0.648939835714148,0.213893603423442
92.72,0.2,409.796356722343,0,0.944233502480255,0.650583019180721,0.217184981488596
92.73,0.2,409.844150399699,0,0.940221468429387,0.647414703315342,0.214067478070516
92.74,0.2,409.889871870683,0.000737223510427536,0.943114813958455,0.649862522104215,0.215210862694293
92.75,0.2,409.93348755418,0.000883742318519524,0.944204589660154,0.649153897059811,0.216375248178502
92.76,0.2,409.974964016435,0.000292971314645559,0.943322914999743,0.650040443040504,0.214342859210401
92.77,0.2,410.014267983544,0.00193992862474111,0.94177475786151,0.646910967356859,0.21481686761164
92.78,0.2,410.051366353881,0.00122904344860564,0.943328085591621,0.649164360419097,0.213410269127041
92.79,0.2,410.086226210443,0.00188687298553169,0.942264354496639,0.649626121604614,0.214679043082178
92.8,0.2,410.118814833132,0,0.93965281049039,0.64933948362215,0.214106683782175
92.81,0.2,410.149099710954,0,0.942177714178805,0.647856213538585,0.216533745073999
92.82,0.2,410.177048554129,0,0.941225124149009,0.64777720261926,0.213116566414998
92.83,0.2,410.202629306125,0,0.942639735031537,0.64822728718931,0.215810803283402
92.84,0.2,410.225810155595,0,0.938599506790527,0.648426561167356,0.214362960129439
92.85,0.2,410.246559548226,0.000552461308654954,0.94196442348064,0.647840692533151,0.218202819257797
92.86,0.2,410.264846198486,0,0.943141291056921,0.646947616548941,0.215211829860907
92.87,0.2,410.28063910128,0,0.942403202354268,0.648515965151587,0.213315021607772
92.88,0.2,410.293907543492,0,0.943210851719093,0.64629094794505,0.215317068273698
92.89,0.2,410.304621115429,0,0.940683278301874,0.646202855792619,0.215523931811741
92.9,0.2,410.312749722153,0,0.943791613149171,0.647548285743606,0.215393996953791
92.91,0.2,410.318263594703,0.000376271190281914,0.940901597344457,0.64666007082756,0.213408946137866
92.92,0.2,410.321133301194,0.000942281699670299,0.941654578430907,0.647724681014616,0.214564172040104
92.93,0.2,410.321329757811,0,0.938815891373082,0.647819198901057,0.214544978377922
92.94,0.2,410.318824239668,0,0.939625835129256,0.646325311164979,0.21617682590341
92.95,0.2,410.313588391553,0.00157798929305387,0.940632092546134,0.649141071925413,0.214006989656877
92.96,0.2,410.305594238542,0.000447626219969896,0.941420679460718,0.645901471585282,0.213442442944671
92.97,0.2,410.294814196485,0,0.939786132820952,0.647271246993519,0.214519355786017
92.98,0.2,410.28122108236,0.00156460216812835,0.941419550893216,0.64648502855774,0.216410863398047
92.99,0.2,410.264788124492,0,0.938898777738254,0.644832675257245,0.213302875207826
93,0.2,410.245488972636,0.000374990199480679,0.940610273197533,0.646129323978668,0.214611198431049
93.01,0.2,410.223297707923,0,0.942126633150172,0.64523494808489,0.214037611988037
93.02,0.2,410.198188852657,0.000281079567378127,0.940905547051477,0.648053292742915,0.214628802465152
93.03,0.2,410.170137379978,0,0.93995432601623,0.643373010353816,0.21601483222493
93.04,0.2,410.139118723369,0,0.937159246910737,0.6468671026023,0.216314787029521
93.05,0.2,410.105108786025,0.000987959778144264,0.93851091846647,0.646011895842698,0.217822891231102
93.06,0.2,410.068083950061,0,0.939122912793447,0.64408807407305,0.213504021330318
93.07,0.2,410.028021085577,0.00092956628366778,0.938564686741531,0.645896309198403,0.214200878592208
93.08,0.2,409.984897559558,0.00101459506813321,0.937834135013061,0.643346900429638,0.216176024196393
93.09,0.2,409.938691244632,0.00196494725157498,0.94118708506889,0.647730637851941,0.212843799818559
93.1,0.2,409.889380527652,0,0.939683216929043,0.644878625426295,0.214922815666242
93.11,0.2,409.836944318135,0,0.939413590282731,0.645261994844191,0.216500263683362
93.12,0.2,409.781362056524,0,0.937173598475722,0.644678955070327,0.216889543838649
93.13,0.2,409.722613722297,0.00178224033990541,0.938029429187315,0.646112980028736,0.21712158795046
93.14,0.2,409.660679841906,0,0.940837333206636,0.642642000992915,0.215722890436049
93.15,0.2,409.595541496547,0.00162169332764131,0.938786475535808,0.64444248965555,0.214462912603649
93.16,0.2,409.527180329768,0.000223274537128198,0.93831111744732,0.642419279988098,0.212710348568798
93.17,0.2,409.455578554895,0,0.93652096823596,0.642338711499664,0.215373582000077
93.18,0.2,409.3807189623,0.0022552277945069,0.933881402703327,0.643932296695986,0.214961238444269
93.19,0.2,409.302584926487,0,0.937496564422237,0.64691294572418,0.213425463856396
93.2,0.2,409.221160413002,0,0.938197716045048,0.64455756504149,0.215823647131749
93.21,0.2,409.136429985175,0.00101599684298033,0.936864126824908,0.642570493362454,0.216645769733571
93.22,0.2,409.048378810674,0,0.939227332566734,0.642195936317936,0.214741905565496
93.23,0.2,408.956992667891,0.00182327696126344,0.936820675472167,0.644236672670225,0.21330199467174
93.24,0.2,408.862257952141,0.000722143307273511,0.935773311816919,0.642897913955951,0.216306425726827
93.25,0.2,408.764161681677,0,0.937163238587911,0.643095947503971,0.215417558598884
93.26,0.2,408.662691503537,0,0.93508660694659,0.644539825944286,0.21488211328775
93.27,0.2,408.557835699185,7.02437281865339e-05,0.934568864998389,0.643271257676346,0.214781785587944
93.28,0.2,408.449583189991,0,0.936521373781267,0.644110884674714,0.21485372023985
93.29,0.2,408.337923542505,0,0.936418898146485,0.645230999611713,0.217133295227546
93.3,0.2,408.222846973561,0.00172656347009228,0.936023029368491,0.641544233630124,0.215927955390782
93.31,0.2,408.104344355179,0,0.932778252350018,0.646400272007378,0.213694851993563
93.32,0.2,407.982407219289,0,0.936058234140972,0.643999570280015,0.215312376132015
93.33,0.2,407.857027762258,0.00102144649335432,0.936761973397559,0.644931970982512,0.214828546019965
93.34,0.2,407.728198849231,0.000537407614866618,0.935533362956137,0.64586849598965,0.218574360381611
93.35,0.2,407.59591401828,0,0.935574443402271,0.641098135651417,0.213544446197917
93.36,0.2,407.460167484355,0.00058086780893983,0.934943725354631,0.643043938031668,0.214581038165608
93.37,0.2,407.320954143053,0.000107871913513409,0.93275211822375,0.644838603198206,0.212704979876838
93.38,0.2,407.178269574182,0.00140188815885061,0.935473572163796,0.644625645043378,0.2176109174494
93.39,0.2,407.032110045136,0.000632457489035278,0.931675126195332,0.644980096995739,0.216029406661767
93.4,0.2,406.882472514075,0,0.931221934347809,0.642985640587044,0.21439408291623
93.41,0.2,406.729354632906,0,0.932838994791346,0.642005616430614,0.215499064191702
93.42,0.2,406.572754750068,0,0.931495860850697,0.643069137152584,0.218880746536728
93.43,0.2,406.412671913124,0.00165278394246793,0.929127799944686,0.644320363654746,0.215382233126605
93.44,0.2,406.249105871149,0.000565017220234023,0.932256984929494,0.641857362236506,0.211732054708349
93.45,0.2,406.082057076923,0,0.933543223609066,0.646163052427434,0.214632360035789
93.46,0.2,405.911526688921,0,0.932833481561573,0.643970124424419,0.214607024998739
93.47,0.2,405.737516573112,0.000428118263213654,0.930072119215298,0.643463719876427,0.212031960246694
93.48,0.2,405.560029304544,0,0.932181882052652,0.645534353644123,0.215968196865887
93.49,0.2,405.379068168745,0,0.930481808503036,0.643027101172037,0.21681914132485
93.5,0.2,405.194637162907,0.00154447790427887,0.929153557271033,0.644077380914993,0.216760697963129
93.51,0.2,405.00674099688,0,0.9290886510134,0.643999892626128,0.21670044575879
93.52,0.2,404.815385093959,0.000519113699663969,0.930098946717788,0.643652247211161,0.214684442045279
93.53,0.2,404.620575591465,0.000213598982070759,0.930199351465699,0.64319063437016,0.214433927130594
93.54,0.2,404.422319341134,0,0.930198381219375,0.643516990400635,0.216407693088751
93.55,0.2,404.220623909292,0,0.927059592891641,0.643972940518381,0.21577595922318
93.56,0.2,404.015497576832,0.000564649096480203,0.927614797707267,0.644545837363509,0.214186606011182
93.57,0.2,403.806949338984,0,0.927322986519496,0.645949774386293,0.21451595423565
93.58,0.2,403.594988904889,0.00170734125520588,0.928458799021565,0.644786964638189,0.217965791323235
93.59,0.2,403.379626696953,0,0.928175373005517,0.643836415588883,0.217361902875903
93.6,0.2,403.160873850017,0.000743979181378703,0.926196187776343,0.646025205474974,0.215172998828338
93.61,0.2,402.938742210304,0.00107108842223924,0.927968958471453,0.643191341778478,0.214372782590395
93.62,0.2,402.713244334169,0,0.929359934182241,0.64178020562409,0.217775303144572
93.63,0.2,402.484393486648,0.000689752307032868,0.92849820743316,0.645149613031421,0.216394174252185
93.64,0.2,402.252203639793,0.00013038935933827,0.927954218523939,0.640908783594194,0.215340047376052
93.65,0.2,402.016689470805,0,0.926790257791834,0.644691817006637,0.215115789738608
93.66,0.2,401.777866359967,0,0.926625579114005,0.645721312650386,0.215996405930712
93.67,0.2,401.535750388359,0.000521059524295329,0.926608339686552,0.644359513474917,0.217247010356679
93.68,0.2,401.290358335384,0.00188502631907498,0.923679946323331,0.64588989380479,0.218945057776778
93.69,0.2,401.041707676072,0,0.928037470608379,0.644520151106991,0.216885237025169
93.7,0.2,400.78981657819,0.000119942363380298,0.924606038792771,0.645928097032221,0.212101316240611
93.71,0.2,400.534703899139,0.00137346482286811,0.923551779104701,0.643498750310725,0.21488101994021
93.72,0.2,400.276389182653,0,0.925518458820829,0.645610702162698,0.214983090831018
93.73,0.2,400.014892655282,0.000308399857740106,0.925342512934934,0.645224986673864,0.214859235774824
93.74,0.2,399.75023522268,0.0016001308490046,0.924160689462332,0.646001200129902,0.215616114663258
93.75,0.2,399.482438465684,0,0.923152490908341,0.643479829622216,0.216807526554784
93.76,0.2,399.211524636185,0.00244750658631841,0.922805489925464,0.643868344145895,0.214225936005443
93.77,0.2,398.937516652797,0,0.924175387665863,0.643957064755127,0.214293157335248
93.78,0.2,398.660438096322,0.00147607852556236,0.923663851611907,0.643581415942124,0.215687699603317
93.79,0.2,398.380313205008,0,0.923751051238939,0.646249988625149,0.215358551917189
93.8,0.2,398.097166869609,0,0.920191242941703,0.646081995828003,0.213991548290549
93.81,0.2,397.811024628229,0,0.925148271163715,0.644806319206804,0.214348462355801
93.82,0.2,397.521912660977,0,0.923398324079788,0.645705947077471,0.214625123518421
93.83,0.2,397.22985778441,0,0.921007837481107,0.644878399538804,0.215166803229581
93.84,0.2,396.934887445774,0.00102954874926089,0.922250941448455,0.646801542202512,0.215270710852958
93.85,0.2,396.637029717048,0.000364689782758558,0.918720135025147,0.646107139976792,0.215568836026455
93.86,0.2,396.336313288782,0.00120133288591124,0.920823316531324,0.645313304102621,0.214955702175369
93.87,0.2,396.032767463733,0,0.918861015628711,0.647243374715014,0.215711267438622
93.88,0.2,395.726422150305,0.000170610220707383,0.922191843834158,0.644317082910593,0.214785531624831
93.89,0.2,395.417307855788,0,0.919157359061953,0.644989328591104,0.213926610120401
93.9,0.2,395.105455679391,0.000914805980659993,0.91749273921521,0.647067464847702,0.215698547334004
93.91,0.2,394.790897305089,0,0.920937098315962,0.646407079452204,0.215085932726747
93.92,0.2,394.473664994261,0,0.916092125993606,0.646077228767328,0.214142851368985
93.93,0.2,394.15379157814,0,0.919531641152394,0.644397074984494,0.215630192740044
93.94,0.2,393.831310450057,0.00167525333618132,0.919458281149811,0.643634272442634,0.212590695580732
93.95,0.2,393.506255557501,0,0.919003847090019,0.645733544139313,0.216620555543711
93.96,0.2,393.178661393976,0.00109063565364015,0.916921621344705,0.644903644322627,0.214581484642342
93.97,0.2,392.848562990673,0,0.918001287713374,0.643040263407847,0.215424127325738
93.98,0.2,392.51599590794,0.000404018854872058,0.913172109445389,0.646704379649534,0.214958641270983
93.99,0.2,392.180996226572,0.000479240015933503,0.915014193811633,0.646480745794701,0.216027614279172
94,0.2,391.843600538903,0,0.916817775364307,0.645959414051404,0.216966596367419
94.01,0.2,391.503845939712,0,0.915013926386937,0.648826820049591,0.21509289452075
94.02,0.2,391.161770016947,0.000480110031187339,0.91681568029364,0.648161862375371,0.218227433166266
94.03,0.2,390.817410842253,0,0.914843663882032,0.645595212978798,0.216695132791679
94.04,0.2,390.470806961326,0,0.91312586911193,0.645916880526249,0.21382598999689
94.05,0.2,390.121997384077,0,0.914132772007559,0.649499272381143,0.214638680781183
94.06,0.2,389.771021574618,0,0.914071984513829,0.647710407901948,0.215823850299101
94.07,0.2,389.417919441071,0.000551501910453065,0.911860785552631,0.646461559280931,0.216057534915367
94.08,0.2,389.062731325193,0,0.913674140951865,0.644975728344516,0.216284134081965
94.09,0.2,388.705497991825,0,0.911070012907131,0.646186697484768,0.212670241476141
94.1,0.2,388.346260618177,0,0.912365591140599,0.648728245422614,0.216210907934455
94.11,0.2,387.985060782928,0,0.912219057627546,0.647987469250889,0.214208979010117
94.12,0.2,387.621940455163,0.000249106954844376,0.910353106128249,0.64631518792341,0.213641751389581
94.13,0.2,387.256941983141,0,0.909891185029259,0.650030387714921,0.215850916157237
94.14,0.2,386.890108082891,0,0.912451549230006,0.651372731488586,0.215170135903497
94.15,0.2,386.521481826658,0,0.910625488389182,0.650194710099759,0.214635078415146
94.16,0.2,386.151106631172,0,0.908709439292974,0.648548255851306,0.215322071051511
94.17,0.2,385.779026245763,0.00210951173982904,0.910829501623118,0.649259371584719,0.216203212708563
94.18,0.2,385.40528474033,0.000239564299564353,0.909168452005318,0.644788280566513,0.21607911004651
94.19,0.2,385.029926493141,0,0.907289652175461,0.648955092819634,0.213965731511177
94.2,0.2,384.652996178487,0,0.907853918135223,0.649825541851063,0.21222762832782
94.21,0.2,384.274538754195,0,0.908238240512502,0.650441042573998,0.213558894044403
94.22,0.2,383.894599448985,0,0.908449199923237,0.649891728821927,0.217688728524996
94.23,0.2,383.513223749689,6.19844251992653e-05,0.908514968421542,0.648449059443409,0.215653277228874
94.24,0.2,383.130457388333,0.000707353434190725,0.905929223586956,0.649833638262262,0.215998967759267
94.25,0.2,382.746346329079,0,0.905760314789928,0.649766027974011,0.213314743936989
94.26,0.2,382.360936755031,0.00170384285694279,0.905940264870769,0.650679231774946,0.213212610343666
94.27,0.2,381.974275054925,0,0.906531771300416,0.651017408976226,0.215179154250165
94.28,0.2,381.586407809673,0,0.905988246445639,0.650407610302878,0.213037882066692
94.29,0.2,381.197381778802,0.00106366427323503,0.904499952676131,0.649215778273763,0.212446679043802
94.3,0.2,380.807243886762,0.000581548922994315,0.905679605693036,0.650689986969109,0.214783631221781
94.31,0.2,380.416041209128,0,0.907143386982899,0.649126933600684,0.215485195015581
94.32,0.2,380.023820958682,0,0.904068425825695,0.653219790358532,0.217058726043026
94.33,0.2,379.630630471398,0.000176080501097556,0.905485380943941,0.649569700277659,0.214384355253501
94.34,0.2,379.236517192309,0,0.902770612751724,0.650571348016836,0.21649035071642
94.35,0.2,378.841528661294,0.00192627227242197,0.902577585752762,0.653858211513449,0.214112363740611
94.36,0.2,378.445712498754,0.000835254574361369,0.902093084504545,0.648828606465692,0.21469789965741
94.37,0.2,378.049116391205,0,0.899510033438014,0.649604403328385,0.21513107589798
94.38,0.2,377.651788076789,0,0.900049468641593,0.651320844223236,0.214008320557154
94.39,0.2,377.253775330691,0,0.899705288735991,0.650553047285358,0.215068079740456
94.4,0.2,376.855125950497,0.000228177252426712,0.899412952472391,0.651852616734687,0.215122744619867
94.41,0.2,376.455887741466,0,0.900234931064849,0.652554806118667,0.214125266225463
94.42,0.2,376.056108501742,0,0.896481100896076,0.651548277238521,0.212052752608562
94.43,0.2,375.655836007508,0.00186101894265602,0.899264259597037,0.650263937535462,0.215743055091689
94.44,0.2,375.255117998074,0.00117993228443919,0.89796794569874,0.653432308078661,0.214333863505293
94.45,0.2,374.854002160923,0.00243802115325785,0.896816594094907,0.65119022247911,0.214088673432662
94.46,0.2,374.452536116707,0.00166158443197248,0.89691249483917,0.651283211662783,0.214029172785526
94.47,0.2,374.050767404207,0.00349333183476115,0.896829536557715,0.65170589093915,0.214492330002961
94.48,0.2,373.64874346525,0,0.89791076940628,0.653280683799362,0.21396584112634
94.49,0.2,373.246511629611,0.00110712879446546,0.898019825965887,0.652188226535311,0.216045460452078
94.5,0.2,372.844119099877,0,0.894181818403548,0.654911239653547,0.215157544860072
94.51,0.2,372.441612936306,0.00112329245487462,0.895632801008428,0.651376484052306,0.216043923342905
94.52,0.2,372.039040041668,0.00062520634637835,0.896168002464838,0.656201350857602,0.211902644469254
94.53,0.2,371.636447146085,0,0.896128771198696,0.652535536026116,0.21316722600073
94.54,0.2,371.23388079187,0.00086985508613511,0.895160026690969,0.651220518416448,0.214637675481595
94.55,0.2,370.831387318377,0.000117153214939304,0.892784368207561,0.650923129842185,0.216365604367013
94.56,0.2,370.429012846858,0.00255197436011708,0.895005825479998,0.655050141721342,0.214517481297784
94.57,0.2,370.02680326535,0.000198481988092703,0.894143983372193,0.654825962245991,0.214969436390393
94.58,0.2,369.624804213586,0,0.894957004961633,0.655223799693418,0.213883749032779
94.59,0.2,369.22306106793,0,0.895100691859354,0.652829555605162,0.212798455912832
94.6,0.2,368.82161892637,0.00215741152909331,0.891298162802693,0.653937810650187,0.214622175796292
94.61,0.2,368.420522593547,0.0016255387841514,0.891758957506315,0.655138530612375,0.215422911592944
94.62,0.2,368.019816565837,0.000743516712005286,0.892966634245435,0.653615614366868,0.217727694294439
94.63,0.2,367.6195450165,0,0.89104147823055,0.654605912281701,0.212613665898495
94.64,0.2,367.219751780898,0,0.892727133355865,0.654379839134462,0.215419997279858
94.65,0.2,366.820480341783,0,0.890047715030074,0.656903858161294,0.216949479139067
94.66,0.2,366.421773814668,0,0.88894786580384,0.654920704781933,0.214811394581955
94.67,0.2,366.023674933293,0,0.890415485481756,0.653821604638267,0.213558372232471
94.68,0.2,365.626226035185,0,0.89017535506804,0.65276042795509,0.215799789346408
94.69,0.2,365.22946904732,0.000115554845072001,0.888272262317299,0.653537214928022,0.214080896367163
94.7,0.2,364.833445471898,0.00184847156360056,0.888340511466741,0.655489809911564,0.21459487406129
94.71,0.2,364.438196372243,0.00127297381930547,0.889234561892134,0.654715383022438,0.212948195261095
94.72,0.2,364.043762358817,0,0.886639943138232,0.654831371234253,0.21472309858353
94.73,0.2,363.65018357538,0.00195353452771829,0.883474546556053,0.655941672083899,0.212685258946986
94.74,0.2,363.257499685288,4.15815700196065e-05,0.886634907649514,0.656000479263553,0.213772592266777
94.75,0.2,362.865749857929,0,0.882455865391653,0.654362135172017,0.216916101652101
94.76,0.2,362.474972755339,0,0.884777779649217,0.653758508353981,0.215553588582605
94.77,0.2,362.085206518955,0.00199283911331163,0.881582202168535,0.657389542556004,0.214976559575109
94.78,0.2,361.696488756557,0,0.884495989610339,0.656855514056932,0.219105786460107
94.79,0.2,361.308856529387,0,0.884559471757314,0.658521150204759,0.217009140750145
94.8,0.2,360.922346339444,0.000322743629540176,0.885895018339467,0.657336719544282,0.215610520870809
94.81,0.2,360.536994116986,0.00228183572063466,0.882999967118761,0.65544705371772,0.21546551714566
94.82,0.2,360.152835208224,0,0.883261697761638,0.65288748087685,0.216665949986966
94.83,0.2,359.769904363229,0.000297702589969066,0.883251400017235,0.657884333666389,0.214930188092684
94.84,0.2,359.388235724052,0.000853020751123171,0.881586762521536,0.655334808057406,0.214183150341463
94.85,0.2,359.007862813071,0.00109294255681819,0.881130499489293,0.655794817004946,0.212054032951929
94.86,0.2,358.628818521566,0.000965707132610759,0.880143861386998,0.65603999771276,0.214159851553466
94.87,0.2,358.251135098532,0,0.878800019520556,0.656900718618707,0.21492939983662
94.88,0.2,357.874844139739,0,0.88063907930146,0.655835851754053,0.214874045408942
94.89,0.2,357.499976577036,0,0.879056738062293,0.657988881347582,0.21350330832538
94.9,0.2,357.12656266793,0,0.877032116157943,0.658102388689239,0.216196257026506
94.91,0.2,356.754631985413,0,0.879577661207911,0.656995460523706,0.21660519812251
94.92,0.2,356.384213408073,0,0.878114339972433,0.654817201910368,0.216445803999141
94.93,0.2,356.01533511048,0,0.879335017638469,0.655730767739871,0.215846141326048
94.94,0.2,355.648024553863,0.0020748549979086,0.877509470770218,0.65616617860746,0.214316420367708
94.95,0.2,355.282308477067,0,0.876332773664363,0.655904628181348,0.217148736589893
94.96,0.2,354.918212887825,0.0018077181095833,0.877760721802604,0.657878509199984,0.216909945355557
94.97,0.2,354.555763054326,0.000130000626870262,0.874547833157067,0.656542045736653,0.214704105247957
94.98,0.2,354.194983497091,0,0.875538036687141,0.659062745682254,0.213315430174144
94.99,0.2,353.835897981177,0,0.876925612441783,0.655694925250373,0.215045898660946
95,0,353.47852950869,0.000233859581259743,0.875873702836855,0.657513939604964,0.215472100540568
95.01,0,353.12290031164,0,0.873955810919075,0.656150223850291,0.213673385367581
95.02,0,352.769031845123,0.00113994310302451,0.875926273315642,0.657544954661293,0.213552187712779
95.03,0,352.416944780839,0.000525624884375748,0.875714479700181,0.655682243479217,0.215243469762742
95.04,0,352.066659000963,0,0.874233442905921,0.655784094956078,0.214479413570524
95.05,0,351.718193592362,0,0.872003273062232,0.656943246170578,0.215967193401931
95.06,0,351.371566841158,0,0.874469028314028,0.659511126375961,0.216562967505964
95.07,0,351.026796227665,0,0.871962984216578,0.658667360123187,0.216465832792816
95.08,0,350.68389842168,0,0.87013750612131,0.655973577892972,0.215203695479202
95.09,0,350.342889278136,0.000392806465713423,0.871670346344297,0.652915994784818,0.216701870849652
95.1,0,350.00378383314,0,0.87059977302851,0.657739684548411,0.214228451085993
95.11,0,349.666596300377,0,0.871215518716927,0.653830858740521,0.213776543879272
95.12,0,349.33134006789,0,0.870019328139928,0.657497839410836,0.213465246877714
95.13,0,348.998027695252,0,0.869138302518711,0.656626756203221,0.213496941518872
95.14,0,348.666670911112,0.00114335483088375,0.8691517160415,0.655776898468911,0.215991192665191
95.15,0,348.337280611139,0,0.869856585180048,0.657096168868072,0.211491980962932
95.16,0,348.009866856344,0.0029387457910351,0.867706272395694,0.657197364112703,0.216872933091431
95.17,0,347.684438871808,0.00092361580647633,0.86629436588228,0.657170417030333,0.214974989587693
95.18,0,347.361005045796,0,0.869261924793694,0.655009620914794,0.212995257498329
95.19,0,347.039572929268,0,0.867658376755034,0.656956079686816,0.216259508012199
95.2,0,346.720149235794,0,0.867201865805879,0.65662497974032,0.215144662502549
95.21,0,346.402739841861,0.000868948705676759,0.865723254684833,0.656881368783514,0.215928765157251
95.22,0,346.08734978759,0.00258612106431332,0.865934049525267,0.65609788458653,0.212337385762014
95.23,0,345.773983277841,0,0.866697656406988,0.65568053204882,0.21525135012992
95.24,0,345.462643683738,0,0.866906143619257,0.65661446887439,0.215527795423963
95.25,0,345.153333544574,0,0.864680226701809,0.656017874011174,0.213764980089825
95.26,0,344.846054570146,0,0.864072073864182,0.657823093751673,0.214423041960321
95.27,0,344.540807643463,0,0.861087634164315,0.658492116892732,0.21712285259246
95.28,0,344.23759282388,0,0.863436675462703,0.657765988855737,0.214289825284317
95.29,0,343.936409350617,0.00100467676600265,0.859386775360245,0.654484379710731,0.215948909939666
95.3,0,343.637255646687,0,0.859591181160679,0.655321641327331,0.214418870248459
95.31,0,343.340129323217,8.62417747888764e-05,0.861744489056381,0.654450948190131,0.216708226619164
95.32,0,343.04502718417,0.000795345949133921,0.860615178719862,0.654450346642939,0.215407036903004
95.33,0,342.751945231464,0.00120607779592937,0.858535439331056,0.655722543706622,0.213720153609682
95.34,0,342.460878670473,0,0.860751335048892,0.654870563176578,0.214281840719827
95.35,0,342.171821915936,0,0.857900829593954,0.655512118892717,0.216047918157316
95.36,0,341.884768598243,0.000547359275302331,0.858592542141168,0.653583536373802,0.215656803954335
95.37,0,341.599711570103,0.000260105020738262,0.860145647943833,0.653972555304154,0.216072918392551
95.38,0,341.31664291361,0,0.861110828725155,0.652833297516708,0.213320542332649
95.39,0,341.035553947672,0,0.857480232888344,0.655080512599851,0.215357490900654
95.4,0,340.756435235824,0,0.856976026924438,0.65631156320789,0.216160961400027
95.41,0,340.47927659441,0.00187872437053173,0.859062933516832,0.655329228720438,0.214106366078106
95.42,0,340.204067101134,0,0.857859676699302,0.655630690996094,0.215804616055792
95.43,0,339.930795103973,0,0.854749320628496,0.654673376117081,0.214760894555868
95.44,0,339.659448230447,0.00323738515965683,0.853874235715789,0.655730068289267,0.213121741220553
95.45,0,339.39001339725,0,0.85623563810742,0.654538104811619,0.214262465529615
95.46,0,339.122476820218,0,0.85566703340073,0.655350510067187,0.214987702349758
95.47,0,338.856824024653,0.00252768284468119,0.855367787524173,0.654944905442154,0.213075899684109
95.48,0,338.593039855976,0,0.854928126131378,0.655446923524605,0.218126474611961
95.49,0,338.33110849072,0.000666660248000766,0.854741253464972,0.652801897243071,0.217081606663443
95.5,0,338.071013447841,0,0.855543358468747,0.656239426718493,0.215078681213196
95.51,0,337.812737600362,0,0.855266275971879,0.651908756176944,0.214623494469378
95.52,0,337.556263187318,0,0.853693100658298,0.655287591639904,0.214715315653192
95.53,0,337.301571826016,0.000684022226850323,0.851330311207704,0.652816208584388,0.212181885391821
95.54,0,337.048644524602,0.00125372568653384,0.852852002164371,0.651598691430651,0.213346088877801
95.55,0,336.797461694909,0.0017280668294715,0.851534724403769,0.653429410548862,0.215864586071803
95.56,0,336.548003165606,0,0.851187913853874,0.654524860162336,0.214397864369346
95.57,0,336.300248195622,0.00250177903609674,0.850548659447462,0.652529531231191,0.214989318653657
95.58,0,336.054175487842,0.000420351236217299,0.850322947938123,0.654196503579638,0.213539599765073
95.59,0,335.809763203072,0,0.851164321109419,0.655114953053631,0.211882929970279
95.6,0,335.566988974264,0,0.849351271365018,0.653513126037646,0.215587565470306
95.61,0,335.325829920987,0.0011964414283095,0.847649702265836,0.652644616972995,0.215417308588653
95.62,0,335.086262664148,0,0.848809549640721,0.653652546700897,0.213749701212036
95.63,0,334.848263340942,0,0.846579001499624,0.652878347168934,0.211305705026805
95.64,0,334.611807620035,0.00150856770505523,0.84724283948673,0.652185107499744,0.213887154584002
95.65,0,334.376870716962,0,0.847708805705675,0.651081644531844,0.215786786710217
95.66,0,334.143427409741,0,0.84541142487221,0.65149330613982,0.214108488172008
95.67,0,333.911452054683,0.00330336229908734,0.846546467435758,0.654252012336841,0.212907516723514
95.68,0,333.680918602408,0.000846752868221277,0.847817364651024,0.652762089901369,0.215617402181069
95.69,0,333.451800614032,0.00119325820365819,0.847331658822297,0.653291195072522,0.216422455078291
95.7,0,333.224071277549,0.00021042714008536,0.846441551060308,0.652382800597538,0.215626445705018
95.71,0,332.997703424369,0,0.845729554923169,0.650666420593502,0.214082433805066
95.72,0,332.772669546021,0,0.843195476028785,0.650477699960538,0.21437586566368
95.73,0,332.548941811013,0.000264622745047043,0.842576345762176,0.651866017889358,0.214756472619112
95.74,0,332.326492081828,0.00235914188314827,0.843473536243904,0.652027557051071,0.213490518028599
95.75,0,332.105291932064,0.000790987824294482,0.845356151553563,0.652271412857621,0.216372645304197
95.76,0,331.885312663687,0,0.842997310318247,0.652732720703914,0.215250080841876
95.77,0,331.666525324418,0,0.844580589339782,0.651934807005941,0.213197691047635
95.78,0,331.448900725215,0,0.843510645320654,0.651042325252546,0.215435063666235
95.79,0,331.232409457868,0.00169867673066252,0.841667393996759,0.651577269491285,0.213426693003407
95.8,0,331.017021912668,0,0.840305780850483,0.650098808998882,0.215366563678717
95.81,0,330.80270829618,0.000207713830378031,0.841003071188725,0.650664580686737,0.215494234102267
95.82,0,330.589438649077,0.00262751418365996,0.842420799774148,0.651027886606893,0.213959315876725
95.83,0,330.377182864039,0,0.84037641083013,0.649161879369468,0.215234983545762
95.84,0,330.165910703719,0.000282433842219821,0.842855017980159,0.650181472810628,0.217438419923055
95.85,0,329.955591818746,0,0.838501730020405,0.651004737810063,0.215882977194299
95.86,0,329.746195765779,0.000609868455264217,0.840685443856801,0.649780788865258,0.216393872822956
95.87,0,329.537692025581,0,0.838393334553645,0.652062160697755,0.213822248389961
95.88,0,329.330050021129,0,0.837969372468051,0.650751136999746,0.214474939425177
95.89,0,329.123239135728,0,0.839699695701811,0.649168064887392,0.213262792057497
95.9,0,328.917228731137,0,0.83799814820175,0.648874959405534,0.214787008702053
95.91,0,328.711988165693,0.00212745229113371,0.83672708478662,0.647889674508238,0.214548623374432
95.92,0,328.507486812423,0,0.837759612283406,0.647273749549018,0.213871170204094
95.93,0,328.303694077143,0.000819779058949255,0.839237237729119,0.650609558064588,0.215329551582848
95.94,0,328.100579416524,0.000839579479914572,0.834771384929152,0.648536722468782,0.215480982522506
95.95,0,327.898112356128,0,0.837243698725284,0.646563031569769,0.216618503818937
95.96,0,327.696262508406,0,0.836279444207365,0.647490824684929,0.212913129005683
95.97,0,327.494999590641,0.00044670344932346,0.835222957317753,0.650101041519174,0.217116192200772
95.98,0,327.294293442836,0.000702625918464219,0.836142342662436,0.645933010709047,0.214362823443403
95.99,0,327.094114045538,0.00219993603312765,0.835530919109374,0.648819561653841,0.214164971322785
96,0,326.894431537588,1.98633864292112e-05,0.834629599559756,0.646280623643283,0.213854627305063
96.01,0,326.695216233799,0.00102206024372578,0.834097200976513,0.647325293402421,0.217432524066649
96.02,0,326.496438642533,0.000110229862039273,0.832691277754533,0.647154313839213,0.21630925753062
96.03,0,326.298069483201,0,0.83326235871208,0.645901931148181,0.217030508780797
96.04,0,326.10007970365,0.000344977161739737,0.832999710067636,0.645845415318245,0.215129348436686
96.05,0,325.90244049745,0.00287815762138285,0.833893854774719,0.648186213764089,0.215877199390282
96.06,0,325.705123321056,0,0.833392897887476,0.646406189293663,0.213824938883847
96.07,0,325.508099910866,0.00129491785618562,0.830716228466658,0.648146892298871,0.216671661051037
96.08,0,325.311342300132,0.000373064665910178,0.832010297228521,0.64762170881225,0.209850963592414
96.09,0,325.114822835751,0.000362859867364013,0.830595215407103,0.645399122253029,0.214874449897338
96.1,0,324.918514194907,0,0.831871395095708,0.647518259686346,0.214642197220158
96.11,0,324.722389401573,0.000352690458161525,0.831886364358776,0.647220701682322,0.218739812715917
96.12,0,324.52642184285,0.00195686482514953,0.830034998240077,0.645935895226743,0.214489547800107
96.13,0,324.330585285156,0,0.832130876191674,0.647527199396871,0.213880603314934
96.14,0,324.134853890248,0,0.829996117907928,0.647164807382147,0.215532486158923
96.15,0,323.939202231067,0,0.830049482141,0.646023674147803,0.212634493660056
96.16,0,323.743605307415,0,0.830232187947298,0.642588171342013,0.215569407388696
96.17,0,323.548038561445,0.0010907091664572,0.829221309184486,0.646145385343435,0.217067602566221
96.18,0,323.35247789296,0,0.825566862247532,0.647028546540485,0.214640668415205
96.19,0,323.156899674529,0.00237422599263679,0.828996836267492,0.644840389691552,0.216732925345703
96.2,0,322.961280766391,0,0.82891816794045,0.646004527730296,0.215988037777854
96.21,0,322.76559853117,0,0.826345663658817,0.644094221277748,0.215774577474085
96.22,0,322.569830848371,0,0.827479149789804,0.64658062633685,0.218163959654074
96.23,0,322.373956128664,0,0.828404501200588,0.646231856152941,0.217997270923198
96.24,0,322.177953327953,0,0.825879969146291,0.646990039961321,0.21686743277146
96.25,0,321.981801961222,0.000170795587055229,0.829342558639386,0.645051390606491,0.215044105544988
96.26,0,321.785482116148,0.00247040603458455,0.825565054782505,0.644823516137073,0.215335908008957
96.27,0,321.588974466487,0.00229630634058904,0.827460617204581,0.644864629225449,0.217157584547531
96.28,0,321.39226028522,0,0.824337479767087,0.646588108792657,0.214428097457473
96.29,0,321.195321457461,0.0015707354625041,0.82631047012527,0.646260126422842,0.215424494762922
96.3,0,320.998140493116,0.00280956842590205,0.823233943283353,0.646346236435772,0.214098196311884
96.31,0,320.800700539294,0.00356370527012458,0.823754934176701,0.646023568449653,0.214537026410639
96.32,0,320.602985392468,0,0.823305678274221,0.642976705953194,0.216181384136369
96.33,0,320.40497951037,0.00123543403746685,0.82365551491771,0.64386553738874,0.213584916035833
96.34,0,320.206668023633,0.00110164489073772,0.824616609809643,0.642860743275906,0.215771173800222
96.35,0,320.008036747163,0,0.824801196600908,0.643742136952378,0.214301512594855
96.36,0,319.809072191242,0,0.820613870104175,0.64457856972384,0.215574607309413
96.37,0,319.609761572361,0,0.821727314268322,0.641709756102752,0.21326340527454
96.38,0,319.410092823775,0.000594366687404899,0.819377928937215,0.645577460894728,0.213139432006486
96.39,0,319.210054605775,0.000371135096443784,0.822683105560784,0.644979579692893,0.214019185580341
96.4,0,319.009636315685,0.00198444446226657,0.822523359747426,0.644321273416666,0.213686300892815
96.41,0,318.808828097562,0.00176392987568882,0.822854581531198,0.640273057589576,0.215036991695953
96.42,0,318.607620851612,0.000301282808730314,0.821044715206348,0.645040156726599,0.212648376820417
96.43,0,318.406006243317,0,0.82097944620913,0.641206474548254,0.215638764220493
96.44,0,318.203976712254,0.000352648360320778,0.823092170190727,0.643850152635562,0.215399863899658
96.45,0,318.001525480625,0.000916844785912719,0.821726113693378,0.641849152323707,0.213331193840643
96.46,0,317.798646561477,0,0.817655188797323,0.645953702993974,0.217278469963526
96.47,0,317.595334766624,0,0.818065455680585,0.64095959823145,0.212977888385603
96.48,0,317.391585714255,0.00146006000176552,0.817905003189494,0.643171904598774,0.214318286210493
96.49,0,317.18739583623,0,0.820103093361473,0.64218893479727,0.215654100086553
96.5,0,316.982762385067,0.00088299161788723,0.818496331764123,0.644335954056055,0.214429328687137
96.51,0,316.777683440606,0,0.819365076292322,0.642751847054096,0.211342843015301
96.52,0,316.572157916357,0,0.818396853525605,0.642904637378323,0.214626439940174
96.53,0,316.366185565526,0.000828953770291971,0.820547881695536,0.644049251528984,0.212879421033922
96.54,0,316.159766986713,0,0.81892959672322,0.643103953595675,0.214485609508173
96.55,0,315.952903629284,0,0.817375418350201,0.641929846101872,0.214732123559806
96.56,0,315.745597798412,0.00115416236486359,0.818485945440461,0.643146715904148,0.213594702060582
96.57,0,315.537852659786,0.00108886769882598,0.816220421724467,0.645397130259283,0.215978173845836
96.58,0,315.329672243987,0,0.818393710030778,0.643654711597446,0.214807083727999
96.59,0,315.12106145052,0.000238339825041921,0.818980149514565,0.643763062420866,0.212933732336781
96.6,0,314.912026051511,0.000738428327320937,0.817966196132827,0.641274499594193,0.214756476388663
96.61,0,314.702572695062,0,0.815781523061351,0.644668856918566,0.211734074732854
96.62,0,314.492708908256,0.00144812356984103,0.820400047462371,0.645766330411196,0.217932355532739
96.63,0,314.282443099821,0.00132090517241505,0.816222059391576,0.643428079123719,0.218300036121119
96.64,0,314.071784562441,0,0.813629521189259,0.642360538720585,0.213294003440482
96.65,0,313.860743474717,0.00432019154795269,0.81580385559998,0.642443797700131,0.213897766217536
96.66,0,313.649330902772,0.00202004112858674,0.815809699194728,0.643177903260939,0.216076371991639
96.67,0,313.437558801503,0.00135363489049361,0.815356534195821,0.642206695057331,0.21422931245033
96.68,0,313.225440015472,0.00162425391934463,0.815291808635931,0.644722066753813,0.217483573683311
96.69,0,313.012988279443,0,0.811395011538694,0.644999148522148,0.214756918974667
96.7,0,312.800218218548,0,0.814214032668331,0.644617996721936,0.213780716521779
96.71,0,312.587145348093,0,0.812085634335535,0.645084880718008,0.215249731053268
96.72,0,312.373786073002,0.00169787919362798,0.816595617214006,0.643470318546463,0.214177181541462
96.73,0,312.160157686889,0,0.81315542712911,0.644277750611698,0.215642109001796
96.74,0,311.946278370756,0.000642566974685437,0.814652310010964,0.642996129994983,0.216662405461856
96.75,0,311.732167191328,0.000515157384633241,0.810746250480239,0.645797288581067,0.214376618780279
96.76,0,311.51784409901,0.000860334403301835,0.814082797109955,0.643210729441102,0.216609110101998
96.77,0,311.303329925469,0.00122901797280935,0.812504877264446,0.643216689288389,0.214316308601649
96.78,0,311.088646380835,0,0.815114889530378,0.641538030240084,0.218050143673127
96.79,0,310.873816050535,0.00118443146692606,0.813086576347293,0.644840157653134,0.214650487046205
96.8,0,310.658862391736,0.00270499233655593,0.814110045911946,0.643781608088559,0.214525920596007
96.81,0,310.443809729407,0,0.810997786711462,0.646029556454307,0.214179317815953
96.82,0,310.228683252009,0,0.810005779775735,0.644458570406401,0.212916911452573
96.83,0,310.013509006784,0.00128882534450976,0.81298833196897,0.644372560940661,0.213961119643122
96.84,0,309.798313894673,0,0.814418626988674,0.644966628112534,0.214208335060705
96.85,0,309.583125664835,0.00050894826803896,0.812566869232999,0.642611626123301,0.218189142717466
96.86,0,309.367972908792,0,0.812748800356827,0.641873208138432,0.217088680774152
96.87,0,309.152885054165,0,0.811789003674677,0.644583753865812,0.214664575706962
96.88,0,308.93789235804,0.000184176933184037,0.812807282249679,0.645538204396183,0.215278859625676
96.89,0,308.723025899929,0,0.810778815347521,0.644961690817728,0.216327347704075
96.9,0,308.508317574345,0.00073964252007583,0.811480211389504,0.644075222940145,0.214651149437369
96.91,0,308.29380008298,0,0.813944193886586,0.643772422507146,0.21652642586344
96.92,0,308.079506926493,0.00015959400521562,0.809702987908318,0.646479987857634,0.215909397741026
96.93,0,307.865472395903,0.000914880176275674,0.81138612365695,0.644798713496312,0.215591823526382
96.94,0,307.651731563588,0,0.809019224304696,0.646036760321444,0.214178631616334
96.95,0,307.438320273883,0.00112936680489209,0.809273835175912,0.647603053806682,0.214476066032618
96.96,0,307.225275133295,0.00049635241827728,0.809154975206431,0.645115997843589,0.214826838211463
96.97,0,307.012633500311,0.0018545554883366,0.810311387542214,0.644116805236286,0.217288862003092
96.98,0,306.800433474815,0.00147339407071398,0.809085772514355,0.645105729727315,0.216863527747358
96.99,0,306.588713887114,0.000140899052597918,0.810116327977241,0.645014264324014,0.214396126553277
97,0,306.377514286564,0.000103073006667278,0.811063547610234,0.644231113476057,0.21438965739335
97.01,0,306.166874929803,0.00119476217486971,0.808897734963233,0.646082544569231,0.214449885158809
97.02,0,305.956836768593,0.00144509257901773,0.808987045195772,0.646978021460203,0.215976866756099
97.03,0,305.747441437267,0,0.810036724787585,0.645871428975933,0.214751502423754
97.04,0,305.538731239785,0.000916986266149146,0.807643150340905,0.644486946834818,0.215684631872083
97.05,0,305.3307491364,0,0.81000756718953,0.643760911294635,0.215562785481362
97.06,0,305.123538729929,0.000781861564026865,0.810574869798917,0.645677662061273,0.215530985298777
97.07,0,304.917144251652,0.00107326897685245,0.81237989896366,0.647269078816239,0.214354478136771
97.08,0,304.711610546805,0,0.807725740051328,0.645031923019057,0.214102170933356
97.09,0,304.5069830597,0,0.808159638522824,0.646991910934814,0.217124157770877
97.1,0,304.303307818466,0,0.808243762970352,0.647701500110191,0.213680758020746
97.11,0,304.100631419404,0.00232950748334711,0.80597910363662,0.647643095907737,0.213443945842586
97.12,0,303.899001010962,0.00253150757558147,0.807880081424394,0.645515565293266,0.216662244526243
97.13,0,303.69846427735,0.00138404156319364,0.808831004896946,0.646380211478122,0.214590133144475
97.14,0,303.499069421766,0,0.808041588453816,0.646697404526992,0.215122401018727
97.15,0,303.300865149272,0,0.809518381657927,0.648294755451585,0.214207125118342
97.16,0,303.103900649289,0.0014307732059783,0.80355023194801,0.646362133954676,0.214653598273121
97.17,0,302.908225577743,0,0.807025676711484,0.648320440985162,0.214923293835051
97.18,0,302.713890038853,0.000673377961770376,0.805990916715466,0.64468872891133,0.213689556721683
97.19,0,302.520944566563,0.000669426681810906,0.80637993782395,0.646178662761527,0.21535953555839
97.2,0,302.329440105629,0,0.811814230564756,0.645914079462829,0.215897231533772
97.21,0,302.139427992366,0.00107185425173609,0.808839690691736,0.648726248237838,0.215027874386586
97.22,0,301.950959935054,0.00127705147266547,0.807766007300177,0.649303629654073,0.215282860961531
97.23,0,301.764087994015,0,0.808147893158954,0.646996137973978,0.214173884088673
97.24,0,301.578864561363,0,0.806600517887927,0.648391107354358,0.216108217424394
97.25,0,301.395342340436,0.00103119720848933,0.806375815557049,0.647700101982985,0.217811234589467
97.26,0,301.213574324911,0.00125631949531456,0.807370449579302,0.650180025911643,0.21478005985892
97.27,0,301.033613777618,0,0.807174113638637,0.650106517175918,0.217325887420049
97.28,0,300.855514209051,0.000369606102837502,0.804812548369754,0.644709381801522,0.215022180647745
97.29,0,300.679329355589,0,0.808249204568558,0.649973716057856,0.214518305936114
97.3,0,300.505113157432,0,0.805069513890287,0.650828985537904,0.212125819518877
97.31,0,300.33291973626,0.00115723268733034,0.805907935183487,0.651972595897476,0.214223835654383
97.32,0,300.162803372625,0.000739209095230483,0.80848614435675,0.648564366616845,0.213907352847524
97.33,0,299.994818483092,0,0.807875402270414,0.649084025603989,0.218127994617423
97.34,0,299.829019597111,0.00173498196012198,0.807023654214845,0.647299840165079,0.21288754431003
97.35,0,299.665461333674,0,0.808226676145298,0.647662316985865,0.214166408236527
97.36,0,299.504198377719,0.00223744945739405,0.806620107430438,0.649895611046105,0.214879543392711
97.37,0,299.345285456331,0.000109534617724012,0.806895633417891,0.650140924575316,0.214133000144725
97.38,0,299.188777314722,2.30479506674194e-05,0.807021539400676,0.65136772671538,0.215091082191344
97.39,0,299.034728692017,0.00149859217805409,0.808334345305498,0.65100056661176,0.21726459881741
97.4,0,298.883194296852,0.00162039558392494,0.806224032910135,0.646780014545138,0.214857874339295
97.41,0,298.734228782799,0.000646179897789528,0.809691115080651,0.650331247496978,0.216614449928304
97.42,0,298.587886723619,0.00107613140089254,0.80483428697786,0.651930023750884,0.215403202425902
97.43,0,298.444222588371,0,0.803127185007082,0.649055146216768,0.216417099594069
97.44,0,298.303290716378,0,0.805185443898371,0.652289557470882,0.212135954503126
97.45,0,298.165145292067,0.00128198343670972,0.80612488580579,0.65130798180841,0.214439233398962
97.46,0,298.029840319697,0,0.803738376098546,0.65107402307226,0.216809132610945
97.47,0,297.897429597989,0,0.807282573538984,0.651746519542501,0.216694541948965
97.48,0,297.76796669466,7.52892611855111e-05,0.807907316520877,0.652858149546399,0.215383773133975
97.49,0,297.641504920905,0.00228224196310681,0.806909181303468,0.651313150381167,0.215057180225243
97.5,0,297.518097305802,0,0.807133691985719,0.652655992631047,0.217381514980923
97.51,0,297.397796570684,0,0.806135684583237,0.65175960907236,0.21530704099967
97.52,0,297.280655103489,0.0010716848785194,0.809314501680187,0.651586223829149,0.212603448084489
97.53,0,297.166724933086,0.00290583521707083,0.803896002883158,0.652822500727511,0.216953780244399
97.54,0,297.056057703612,0.000896037560183309,0.807446306342947,0.651219909439173,0.217454902153792
97.55,0,296.948704648829,0,0.804167135932421,0.653873247120647,0.214842223626854
97.56,0,296.844716566515,0.000163053473624467,0.804203485761159,0.653604714620314,0.214997861901235
97.57,0,296.744143792906,0.000643236440310045,0.806736148739463,0.652079242842074,0.2152874588195
97.58,0,296.647036177204,0.00148147966334513,0.806052786975785,0.65392104905544,0.215957752186649
97.59,0,296.55344305618,0,0.803968765225615,0.65317677166621,0.216229731566716
97.6,0,296.463413228866,0.00148458831579117,0.80393618893282,0.652404039458841,0.214293719447917
97.61,0,296.376994931373,0.000634097796712039,0.804857173489847,0.654063274146073,0.216722853698121
97.62,0,296.294235811846,0,0.804983045538031,0.650537678977773,0.217448318901012
97.63,0,296.21518290557,0,0.808352375570317,0.652694866708087,0.214830748810674
97.64,0,296.139882610244,0.00225017871004027,0.806523859426297,0.653198665087253,0.214900504844024
97.65,0,296.068380661449,0,0.805744879841723,0.653715196133305,0.213208913515922
97.66,0,296.000722108321,0.00107200913349921,0.807726413948361,0.652914710818693,0.213291896170123
97.67,0,295.93695128944,0,0.80845452815652,0.653839214282588,0.217283079562674
97.68,0,295.877111808971,0.000628138021518342,0.807876866702477,0.654422491867214,0.214644892683154
97.69,0,295.821246513056,0.000586130151495115,0.80660970428351,0.655194226225658,0.214617068871332
97.7,0,295.769397466483,0,0.806733321386123,0.654085248074558,0.21685771357224
97.71,0,295.721605929654,0,0.805303073937984,0.655867590119823,0.216638826711823
97.72,0,295.677912335861,0.000155169836245806,0.80577989822083,0.653207527232455,0.213593234058821
97.73,0,295.638356268887,0,0.805325578337602,0.657547383019785,0.217151431620354
97.74,0,295.602976440962,0.000207756473736853,0.805777088513758,0.654788534384568,0.212043458659976
97.75,0,295.571810671076,0,0.804566705442548,0.655387835410696,0.214382157208127
97.76,0,295.544895863674,0.000165391000729906,0.807256631124042,0.651794166536666,0.215791776973846
97.77,0,295.522267987751,0,0.809072549060812,0.656353675951836,0.218189536906292
97.78,0,295.503962056359,0,0.80610814316837,0.655874318920613,0.215097590995949
97.79,0,295.490012106542,0.00259900832071767,0.808517844932709,0.654384068193773,0.212859280815739
97.8,0,295.480451179726,0,0.806933659942007,0.654707492237404,0.214754277019283
97.81,0,295.475311302566,0,0.808445538710507,0.654976941433502,0.216530976791616
97.82,0,295.474623468268,0,0.808399607991915,0.65651177132806,0.212522080934212
97.83,0,295.478417618417,0,0.808275737062865,0.651480254349675,0.213334544165431
97.84,0,295.486722625303,0,0.807636668147394,0.655512037854962,0.216835200997745
97.85,0,295.499566274775,0,0.806609564774987,0.655605183210667,0.216413431548452
97.86,0,295.516975249634,0.00178637024453732,0.808059973645752,0.655637537136349,0.215406441572321
97.87,0,295.538975113574,0.000503133002012723,0.807524941912541,0.652472403439223,0.211026281679775
97.88,0,295.565590295695,0.000855709016741692,0.810977343061817,0.653977483868371,0.215699598732002
97.89,0,295.596844075588,0.000886380257758419,0.808720231993008,0.656448577400565,0.213616714817678
97.9,0,295.632758569012,0,0.80846721693956,0.658172044160017,0.21665712369943
97.91,0,295.673354714181,0,0.809406837626959,0.655874073045598,0.214768165992282
97.92,0,295.718652258653,0.000120566216438708,0.807955279413298,0.656402244212041,0.21640226452843
97.93,0,295.768669746855,0.000216319622536465,0.807255997963855,0.656671511352593,0.215230769465833
97.94,0,295.823424508242,0.00147224914519662,0.807492013006808,0.654753434807325,0.212314104092911
97.95,0,295.882932646097,0,0.808893788675649,0.656244240137553,0.216506473462341
97.96,0,295.947209026991,0.000356585230992999,0.809315406474038,0.656546111349187,0.213984374958
97.97,0,296.016267270907,0.00119029114417871,0.809197496705446,0.655362449830086,0.216354630741392
97.98,0,296.090119742034,0,0.809603270059938,0.656032507369986,0.210412543761183
97.99,0,296.168777540239,0,0.809706058661801,0.656712931551961,0.21577424764848
98,0,296.252250493233,0.0031093825280999,0.808411970983459,0.657028877587538,0.214740888579164
98.01,0,296.340547149421,2.05948000258316e-05,0.807619670631028,0.657769487797592,0.21554826596458
98.02,0,296.433674771453,0,0.810034752759356,0.656570620102747,0.217053905770593
98.03,0,296.531639330487,0,0.80975105748819,0.654480129732326,0.214819104535259
98.04,0,296.634445501142,0,0.811120589851248,0.654945051837287,0.216687201757632
98.05,0,296.74209665718,0,0.809727105646628,0.655059329631088,0.216281367278015
98.06,0,296.85459486789,0.000450740925638768,0.811438008441149,0.655820408657479,0.215330104331673
98.07,0,296.971940895195,0.000465877704082718,0.810797614907879,0.65748591697483,0.214664080467868
98.08,0,297.094134191473,0,0.810201367600427,0.656667393359685,0.21495799508144
98.09,0,297.221172898101,0,0.812275866294174,0.655902016447226,0.214878341663836
98.1,0,297.353053844709,0.000400928855771803,0.810430098789399,0.655772741177417,0.213191365021245
98.11,0,297.489772549166,0,0.811068162641716,0.657574758138367,0.214328655512049
98.12,0,297.631323218269,0.00366396651239059,0.80922007506668,0.657068733502344,0.214983719210182
98.13,0,297.777698749157,0.000380404573590388,0.814738682762527,0.655873338106711,0.215127027653663
98.14,0,297.928890731437,0,0.810520588089939,0.655229853522331,0.214970110851972
98.15,0,298.084889450008,0.000640683772704374,0.811616127360411,0.655622883983834,0.214857747915661
98.16,0,298.245683888609,0,0.814153708254649,0.659181922154475,0.217895318169643
98.17,0,298.411261734054,0,0.812550535548781,0.657546778880916,0.215674618947765
98.18,0,298.581609381166,0,0.811864009837418,0.654980161845908,0.215327461021036
98.19,0,298.756711938402,0,0.813649382633375,0.658898711159582,0.215946472832262
98.2,0,298.936553234167,0,0.812961563418082,0.655650114483121,0.213643999178223
98.21,0,299.12111582379,0,0.813216673043863,0.657187824539627,0.214825244288761
98.22,0,299.310380997183,0.00364163139546259,0.812242361915195,0.655000345060898,0.212495987177698
98.23,0,299.504328787156,0,0.813760017668516,0.656054614069841,0.215741385032813
98.24,0,299.702937978376,0.000730190115612954,0.814932254396138,0.656631599332687,0.21722695840309
98.25,0,299.906186116984,0,0.81642680070278,0.655053348372643,0.21499662508184
98.26,0,300.114049520824,0.00150820129555638,0.812273164527367,0.657610217763051,0.214063538646372
98.27,0,300.326503290315,0.000240961058869558,0.812473824723105,0.65507325897781,0.211866611307549
98.28,0,300.543521319917,0.000369847830864385,0.814469766667534,0.655428214997234,0.213538429493296
98.29,0,300.765076310205,0,0.812582956207638,0.656670054404529,0.216562984299424
98.3,0,300.991139780529,0,0.815010163090539,0.653271180697643,0.215240906336412
98.31,0,301.221682082249,0,0.812165853941163,0.655038716224618,0.213669840591333
98.32,0,301.456672412532,0,0.81575586656181,0.656854890379442,0.214396092745943
98.33,0,301.6960788287,0.00214987507365401,0.814856298254254,0.65699790187705,0.216105324631923
98.34,0,301.939868263109,0.00102674821823874,0.812765109147384,0.65742740713675,0.214744923785411
98.35,0,302.188006538557,0,0.816034715458129,0.657168747453148,0.213115305112328
98.36,0,302.440458384196,0.000412404376200581,0.813467279105546,0.655619761947193,0.214792709349054
98.37,0,302.697187451937,0,0.816135476646623,0.655977860250879,0.215031701893624
98.38,0,302.958156333333,0,0.818143289587324,0.657357671280562,0.214701750719949
98.39,0,303.223326576928,0,0.81682995076258,0.655830435131179,0.212020005068559
98.4,0,303.49265870605,0,0.819005296760587,0.657581610906084,0.21515447140127
98.41,0,303.766112237043,0.000298267772922679,0.81834633691482,0.653658951948796,0.216527521858884
98.42,0,304.043645697908,0.00125419443446077,0.818950647856504,0.656999070301819,0.213015302536303
98.43,0,304.325216647349,0,0.815727494976173,0.65598366387221,0.216754200285034
98.44,0,304.610781694205,0.00159349423475492,0.820024717235416,0.657095809698861,0.21450115482453
98.45,0,304.90029651725,0,0.817757341061793,0.657034288225671,0.214862158961541
98.46,0,305.19371588534,0.000781148081432332,0.818419730814905,0.654860866453987,0.215840642984439
98.47,0,305.490993677905,0,0.82074259495265,0.65497149318108,0.21667260664023
98.48,0,305.792082905756,0.00147456423987777,0.818481009480847,0.654532202702279,0.214078808121097
98.49,0,306.096935732194,0,0.819516551532359,0.6541410128227,0.215372462928063
98.5,0,306.405503494405,0.000790819309452585,0.819464484937009,0.659364585484679,0.214839967285841
98.51,0,306.717736725133,0,0.818775387524928,0.652588632488158,0.212083356045862
98.52,0,307.033585174596,0.00139806990542069,0.820840568473517,0.654607432356553,0.214297849804711
98.53,0,307.352997832646,0,0.818657336416398,0.655560563594343,0.215858766651022
98.54,0,307.67592295115,0.000551292581323669,0.821473197071266,0.657096713649912,0.213946971008076
98.55,0,308.00230806657,0.00195222747606293,0.822285785804003,0.655659709295333,0.216810979810861
98.56,0,308.332100022744,0,0.818471877378837,0.652700460729121,0.215356729696449
98.57,0,308.665244993819,0.00124463927892107,0.822372392773384,0.654883866247367,0.216622123687935
98.58,0,309.001688507362,0.00092518272026982,0.82114954149428,0.655200941910438,0.215565963522617
98.59,0,309.341375467603,0.000529395488712098,0.821320301542667,0.653274807380088,0.216123617995346
98.6,0,309.684250178794,0.00157974398241114,0.823393643094808,0.653112434094448,0.213581083347211
98.61,0,310.030256368694,0.00177547248259611,0.821481642890123,0.656744685457519,0.214844342790753
98.62,0,310.37933721214,0,0.821877207899627,0.654475966534715,0.216103690960136
98.63,0,310.731435354693,0.00189379998189083,0.825229009557675,0.653084517453532,0.215832913241418
98.64,0,311.08649293636,0.00249918586921846,0.825294593996339,0.652791925159986,0.214783517337762
98.65,0,311.444451615356,0,0.822940740670321,0.651830452725987,0.214973005628396
98.66,0,311.805252591904,0,0.823456137960497,0.655310663659193,0.214920642242365
98.67,0,312.168836632062,0.00123505737179716,0.822941513335453,0.653312065119633,0.216157984946445
98.68,0,312.535144091548,0,0.823016323644795,0.6529967898369,0.214028774390379
98.69,0,312.904114939566,0.00083140883014767,0.825176316978942,0.653900046526597,0.212667868131463
98.7,0,313.275688782615,0.00121687749848208,0.825027540493471,0.654444922277369,0.216079264617847
98.71,0,313.649804888253,0.000276679949893366,0.823830939672739,0.651328266739108,0.214917882205446
98.72,0,314.026402208829,0,0.826694257272438,0.650558423853473,0.214195674872931
98.73,0,314.405419405155,0,0.825888494359634,0.653433763418854,0.214626536470392
98.74,0,314.786794870101,0.00118594206681734,0.825899310421014,0.651683769113803,0.212790608537517
98.75,0,315.170466752115,0.000590511188909774,0.825391499881864,0.650821886674413,0.213949020998069
98.76,0,315.556372978649,0,0.826808212691574,0.651401270834787,0.214660506414822
98.77,0,315.944451279478,3.76433994655306e-05,0.827194475068557,0.652578088722608,0.215510814919855
98.78,0,316.334639209907,0.000557097718797981,0.828245901969399,0.651912134505279,0.215273511876593
98.79,0,316.72687417385,0,0.82681302301851,0.652325600268697,0.216090691091872
98.8,0,317.121093446774,0.000548208778707709,0.828282206093339,0.650930068999059,0.215773368850224
98.81,0,317.517234198496,0.00133908135558128,0.827564790238447,0.653026704114706,0.214353662453972
98.82,0,317.915233515824,0,0.831376991079363,0.651144372142592,0.214052830138841
98.83,0,318.315028425034,0.00130395952047081,0.830406228197534,0.651364926024775,0.216712890882251
98.84,0,318.716555914177,0,0.828552695517837,0.651704743296822,0.213539614409024
98.85,0,319.119752955192,0,0.831399894477062,0.652376808540778,0.213539138839273
98.86,0,319.524556525839,0.00241115023083325,0.829214213919429,0.650453818932775,0.214208737974133
98.87,0,319.930903631433,0,0.831536218269519,0.651973507331028,0.215587872176034
98.88,0,320.338731326359,0.00111995022278285,0.828702250860002,0.649479202662995,0.216791040896628
98.89,0,320.747976735391,0.000497335886302445,0.82928690319554,0.652777047199709,0.215189281731782
98.9,0,321.158577074772,0,0.829062181206691,0.650366727332829,0.214800692684986
98.91,0,321.570469673079,0.00264105841655634,0.832120427330899,0.652412387200413,0.214732343022206
98.92,0,321.983591991848,0.00117721193807155,0.831427203424516,0.650272826681961,0.216078063412266
98.93,0,322.397881645959,0,0.828945399652269,0.650341607546785,0.214505953296273
98.94,0,322.813276423775,0,0.831119029499804,0.649064638022447,0.215668011095082
98.95,0,323.229714307028,0,0.830419815808674,0.650690124821521,0.214366872257484
98.96,0,323.647133490449,0,0.832362039573504,0.651254454749227,0.212603563627964
98.97,0,324.065472401132,0.00162318340223247,0.830355413033596,0.649073459376899,0.216367785136095
98.98,0,324.48466971764,0,0.833981949333795,0.650974534193444,0.215818126996124
98.99,0,324.904664388824,0.00294494017331007,0.835154237388792,0.651332165314074,0.215411622614288
99,0,325.325395652381,0.00205612210131705,0.835974775887123,0.648666205500606,0.213638405020272
99.01,0,325.746803053123,0.00297096838175956,0.832678169517073,0.649994145429257,0.213961877348861
99.02,0,326.168826460964,0,0.836216271133953,0.650741694851497,0.216751695944135
99.03,0,326.591406088625,0.00113310410776723,0.833487646391465,0.649438410998265,0.216552766460489
99.04,0,327.01448250904,0.00102694196757236,0.838317917978152,0.647133283375142,0.213874390223113
99.05,0,327.437996672472,0,0.83355251749322,0.648245373090447,0.216448953395102
99.06,0,327.861889923338,0,0.835890413625692,0.646835120443049,0.214797409641754
99.07,0,328.286104016727,0,0.836909452628606,0.646531327388024,0.21322279285669
99.08,0,328.71058113462,0,0.836386826342227,0.651280124879122,0.211355570457332
99.09,0,329.13526390181,0,0.836688291108822,0.649565744194242,0.215085825155599
99.1,0,329.56009540151,0.00106890476688883,0.839121652083829,0.649034408090434,0.217505351904744
99.11,0,329.985019190659,0,0.83942631511171,0.645485841392621,0.216847102771175
99.12,0,330.409979314917,0.00324908696014941,0.837759857192731,0.646685025047187,0.215908187578252
99.13,0,330.834920323351,0.00231711833004829,0.839155618836313,0.645265251090018,0.215836743498383
99.14,0,331.259787282807,0,0.840297300962347,0.648393251245839,0.213811331477801
99.15,0,331.684525791973,0,0.839811469253279,0.650192148024386,0.213980697337951
99.16,0,332.109081995127,0,0.841490683073945,0.647134034782966,0.21468006659725
99.17,0,332.533402595572,0,0.839673325057064,0.647704100149221,0.214893043966794
99.18,0,332.957434868748,0,0.840608416866769,0.645244674690414,0.217621017321344
99.19,0,333.381126675045,0.000981132333102201,0.840050179502932,0.648665053194322,0.214472838329349
99.2,0,333.804426472287,0,0.840755500798496,0.642903922711868,0.213709532354484
99.21,0,334.227283327902,0,0.842655729350814,0.644957692916444,0.215231181261494
99.22,0,334.649646930781,0.0016182227571336,0.843912592792762,0.64445125928013,0.214155521786974
99.23,0,335.071467602819,0,0.844380063049374,0.646186722754891,0.216385588054848
99.24,0,335.492696310136,0,0.844248706054735,0.644668500908319,0.214714567094515
99.25,0,335.91328467399,0.00102237866969076,0.844630482002992,0.647011157779428,0.21522197394743
99.26,0,336.333184981371,0,0.842713968225025,0.647534310333502,0.215113956098591
99.27,0,336.752350195275,0,0.843870437464753,0.646582362418492,0.215200993772573
99.28,0,337.170733964676,0.00122749205759681,0.844054369955125,0.648230210516575,0.212384065317549
99.29,0,337.588290634173,0,0.845748426775603,0.645180518624101,0.215150374294862
99.3,0,338.004975253329,0,0.844677354937129,0.64538590826205,0.215050687476109
99.31,0,338.420743585699,0.00231948905360417,0.843647161906597,0.644727578160106,0.214613860223457
99.32,0,338.835552117547,0,0.846314871365469,0.645104521513364,0.212806521145576
99.33,0,339.249358066244,0,0.84612679600353,0.645188796031311,0.217824549000887
99.34,0,339.662119388374,0.00278711471821274,0.845091820227976,0.643445391324312,0.215319854593287
99.35,0,340.073794787512,0.000330781992159473,0.845798580845175,0.645012905580257,0.212209158558823
99.36,0,340.484343721709,0,0.847264076039617,0.644279484025875,0.215793971715406
99.37,0,340.893726410668,0,0.849976421054134,0.64202659736062,0.216776387037789
99.38,0,341.301903842604,0.00226121328973868,0.850042294293307,0.645726923123274,0.21360611765615
99.39,0,341.708837780825,0,0.848072293397803,0.645027334089916,0.217277688217056
99.4,0,342.114490769978,0,0.846532652187686,0.644669967880157,0.215702206600138
99.41,0,342.518826142027,0,0.853153490548948,0.644985594878554,0.214016779722598
99.42,0,342.921808021904,0,0.853022778957945,0.644458232463244,0.214577446265228
99.43,0,343.323401332881,0.00107207071217953,0.851558931471285,0.64473367995563,0.214124644293262
99.44,0,343.723571801633,0,0.852111895671315,0.644200374594668,0.213554263126733
99.45,0,344.122285963015,0,0.850820308483196,0.643705006858447,0.214042889090462
99.46,0,344.519511164535,0,0.850277118494422,0.643553357702932,0.2167225834809
99.47,0,344.915215570543,0.000254196883266853,0.853082669005402,0.643632402912575,0.214910161362641
99.48,0,345.309368166126,0.000861101348591438,0.852155705840175,0.646132118737493,0.216736472886992
99.49,0,345.701938760715,0,0.852712723904009,0.644884445688899,0.213124265003243
99.5,0,346.092897991396,0,0.851931766718254,0.643755010863385,0.215476807775063
99.51,0,346.482217325954,0.000264108986944861,0.853364997748925,0.64298632588062,0.214615886890805
99.52,0,346.869869065607,0.000509186008146935,0.85537448266588,0.644364230133888,0.215909173860942
99.53,0,347.255826347479,0,0.852714613229883,0.64492282529078,0.214312198657116
99.54,0,347.640063146777,0.00242009351213785,0.853277307148772,0.643515621899069,0.215619521779908
99.55,0,348.022554278697,0,0.857495328502527,0.643772908774384,0.215125984907922
99.56,0,348.403275400047,0.000589779964088018,0.857464352602738,0.642098002092523,0.215056772459208
99.57,0,348.782203010595,0.00192950001784674,0.856480558230751,0.64197501930409,0.215973665042671
99.58,0,349.15931445414,0,0.85830014913039,0.642954098712036,0.211401966975385
99.59,0,349.534587919316,0,0.858273947688985,0.643714760709401,0.217021893220938
99.6,0,349.908002440114,0,0.858516427975477,0.644250432358249,0.215535434048313
99.61,0,350.279537896144,0.00193114081384578,0.858357554452422,0.64193407274694,0.216641452499184
99.62,0,350.649175012624,0,0.85850769758005,0.642679879321937,0.215244075434158
99.63,0,351.016895360098,0,0.860519532638349,0.641584229229931,0.213883696855798
99.64,0,351.382681353902,0.00116254411269995,0.858813385038118,0.642826395499393,0.213990765775263
99.65,0,351.746516253351,0,0.860463767535247,0.644751735867278,0.214449195229239
99.66,0,352.108384160671,0.00266795255366104,0.861142857277572,0.644025640194896,0.215432209436475
99.67,0,352.468270019681,0.000167178456099581,0.860860136153908,0.639346771410249,0.2162972562946
99.68,0,352.826159614195,0.000898980150377942,0.858792847861554,0.642598097086123,0.218612755349488
99.69,0,353.182039566189,0,0.861380383976706,0.644538807601037,0.212110652808177
99.7,0,353.535897333696,0,0.86618427454031,0.644000347954481,0.215169118397658
99.71,0,353.887721208463,0.00215318431495908,0.862495344195553,0.641228437075074,0.216545209018514
99.72,0,354.23750031334,0,0.865683951648112,0.643347804551621,0.212839515573519
99.73,0,354.585224599437,0,0.865242505744446,0.643914212035792,0.21678072702374
99.74,0,354.930884843014,0.00156468429675717,0.865679024393857,0.644717661318818,0.214740140656617
99.75,0,355.274472642143,0.00135749494346658,0.859301874343925,0.639322400801276,0.217448941369557
99.76,0,355.61598041311,0,0.86486498141187,0.642577296800817,0.214859769856233
99.77,0,355.955401386585,0.000707625039098562,0.8662441479813,0.643920168331431,0.213787915814401
99.78,0,356.292729603541,0,0.865352072810602,0.642502374055201,0.216957568627117
99.79,0,356.627959910945,0.000533674454326052,0.868429259543448,0.643639148301246,0.215016089811184
99.8,0,356.9610879572,0,0.866255692878202,0.643868094339013,0.212304303614121
99.81,0,357.292110187359,0.000758207814517929,0.864400705324838,0.643325730363493,0.214615631416609
99.82,0,357.621023838102,0.000824190030293273,0.867426367985321,0.64403431569796,0.215252312403329
99.83,0,357.947826932477,0,0.869962192886923,0.641983850578023,0.215056840278465
99.84,0,358.272518274419,0,0.866579670999496,0.643044980659297,0.21449740918618
99.85,0,358.595097443035,0,0.869157556930394,0.643744324810428,0.216472412150949
99.86,0,358.915564786659,0,0.868377438985185,0.644123388360033,0.214995579804915
99.87,0,359.23392141669,0,0.870158111195704,0.643595544522552,0.214464651085942
99.88,0,359.550169201201,0,0.867862930980696,0.643560556023621,0.215858571960043
99.89,0,359.86431075833,0.00140223969695488,0.867973114987194,0.645266768893909,0.214743902874478
99.9,0,360.17634944945,0.000168741417800073,0.870973898520899,0.644650070415765,0.214197044831446
99.91,0,360.486289372124,0.000905978597544502,0.870670324852628,0.642685785085377,0.215566020296974
99.92,0,360.794135352842,0,0.87131412713279,0.643800004296083,0.215917527295503
99.93,0,361.099892939548,0,0.871704297709856,0.644202596031878,0.215435034028108
99.94,0,361.403568393955,0.00223125584472379,0.872426581942773,0.644523034421472,0.214887207196525
99.95,0,361.705168683652,0,0.871086896887654,0.643878488116565,0.21421216342454
99.96,0,362.004701473997,0,0.872080629449589,0.642417510350777,0.21553764689882
99.97,0,362.30217511982,0,0.874976321748379,0.643528388878679,0.213433126816052
99.98,0,362.597598656909,0,0.876462894859932,0.644505161383408,0.213145055126399
99.99,0,362.890981793305,0.000260688522312243,0.876504209147026,0.644442198600782,0.216843001396151
100,0.2,363.182334900395,0,0.872890639171201,0.645108362253478,0.212623396374958
100.01,0.2,363.471669003812,0.00167743262739829,0.875535225211975,0.645687396690155,0.216768767597628
100.02,0.2,363.758995774139,0.00193807878124506,0.87556263519134,0.645026554316269,0.217801099705029
100.03,0.2,364.044327517424,0.000159350652120818,0.873919039492479,0.642472316887965,0.213955706485757
100.04,0.2,364.32767716551,0.000780725406419567,0.875970161000651,0.64801973677992,0.214988542772798
100.05,0.2,364.609058266168,5.12092037147222e-05,0.877917298867448,0.644049452955186,0.215272984755703
100.06,0.2,364.888484973064,0,0.876427965147991,0.64451036137353,0.214851908807475
100.07,0.2,365.165972035529,0.00160276787371727,0.876982105601462,0.645529265687625,0.217616000427311
100.08,0.2,365.441534788161,0.00070363610098061,0.880735660161468,0.641470844711711,0.215853000252183
100.09,0.2,365.71518914025,0.00012439571335081,0.878131057260686,0.645260982383047,0.213483049062069
100.1,0.2,365.986951565023,0,0.880499332332094,0.644007476877941,0.213351975568401
100.11,0.2,366.256839088734,0.00111700917914592,0.879002145768994,0.645841030750415,0.214823589507122
100.12,0.2,366.524869279572,0.000960668342718862,0.87928401845128,0.647856301821874,0.212370773176414
100.13,0.2,366.791060236417,0.00144690016520414,0.880073476502804,0.644087753154009,0.213843282655383
100.14,0.2,367.055430577424,0,0.879126438643219,0.644218196614422,0.213119171424409
100.15,0.2,367.317999428461,0,0.880567047901241,0.645933187394069,0.215894276719097
100.16,0.2,367.578786411383,0,0.884867481338935,0.64712643345793,0.21555472058532
100.17,0.2,367.837811632159,0,0.881711353131169,0.643186979193942,0.213732446318318
100.18,0.2,368.095095668848,0.000662522372342419,0.88189985689189,0.645789614585546,0.215026271089348
100.19,0.2,368.350659559434,0.000960574077281809,0.882122958867165,0.645205247245496,0.21559931404446
100.2,0.2,368.604524789515,0.00241462208664911,0.884866878264934,0.647055394786189,0.215051590237824
100.21,0.2,368.856713279854,0.00199391366001481,0.884242053754106,0.646593865503722,0.213824316001656
100.22,0.2,369.107247373802,0,0.886451403087334,0.646180451423791,0.216083403047924
100.23,0.2,369.356149824579,0,0.883651453892928,0.646144905173687,0.214933150645224
100.24,0.2,369.603443782436,0,0.883237200093965,0.648881596938659,0.217469327222848
100.25,0.2,369.849152781691,0,0.885529799722049,0.645589814377208,0.217703836674842
100.26,0.2,370.093300727642,0,0.884610951321755,0.648549261991047,0.215540782584515
100.27,0.2,370.335911883369,0.000829519806474787,0.886706826803837,0.644862290121267,0.212501376530533
100.28,0.2,370.577010856417,0,0.886907716190172,0.647488878525631,0.217454504622942
100.29,0.2,370.816622585381,0.00156644755536394,0.886613163716801,0.644919356221786,0.215383147714502
100.3,0.2,371.05477232637,0.000843252005139201,0.890894671890943,0.645653385183218,0.214858726528727
100.31,0.2,371.291485639395,0.00211302265863,0.886708961850324,0.64576978722064,0.215716321094548
100.32,0.2,371.526788374634,0.00102537599648826,0.88902564929632,0.649006444297678,0.213303777244885
100.33,0.2,371.760706658626,0.00118092047418421,0.88805869505482,0.64885291371299,0.215913414566977
100.34,0.2,371.993266880371,0,0.889876304065054,0.646909067941377,0.215489760613503
100.35,0.2,372.224495677342,0,0.889217609725082,0.646567878671108,0.215614809251963
100.36,0.2,372.454419921426,0.000409013306084885,0.890277328388643,0.647098728304264,0.217514269338358
100.37,0.2,372.683066704789,0.0025334607418754,0.892018656888718,0.647459458884324,0.213511806722387
100.38,0.2,372.910463325669,0.000814080059976223,0.888952064479096,0.649003092899414,0.216418287258101
100.39,0.2,373.136637274108,0,0.892548947018145,0.648589632460159,0.213447214622569
100.4,0.2,373.361616217622,0,0.891889642924651,0.648894555840694,0.213243831487663
100.41,0.2,373.585427986815,0.000354468214432674,0.892817552441439,0.647666631872431,0.214632181026746
100.42,0.2,373.808100560949,0.000217060599992384,0.890496860758567,0.647228586325043,0.216745446563684
100.43,0.2,374.02966205346,0,0.894234922360389,0.649797318075297,0.213988480702725
100.44,0.2,374.250140697443,0,0.89601378726404,0.649188334410035,0.213264872036758
100.45,0.2,374.469564831092,0.00161801337382954,0.897156547600849,0.646346403229514,0.217810224950425
100.46,0.2,374.68796288312,0,0.895711997165072,0.646764539698432,0.216531828473332
100.47,0.2,374.905363358149,0.000657676850569635,0.895304732247836,0.648254941988752,0.213554864627262
100.48,0.2,375.121794822077,0,0.897018277664384,0.647334283259568,0.215146927702013
100.49,0.2,375.337285887444,0.00115707949898784,0.897809810028262,0.651373090162225,0.21670508182134
100.5,0.2,375.551865198771,0,0.897838320773511,0.650916907575901,0.213810285735082
100.51,0.2,375.765561417913,0,0.895498900369228,0.650204515091929,0.214662475916812
100.52,0.2,375.9784032094,0.00242397138863576,0.895452820322937,0.64987233209115,0.215182281327524
100.53,0.2,376.190419225798,0.000317496365779109,0.89912715103679,0.648568546445439,0.215412981335796
100.54,0.2,376.401638093072,0,0.898799819063012,0.649459856258186,0.216694460430369
100.55,0.2,376.612088395975,0,0.897432012282152,0.651374695999763,0.216117926631712
100.56,0.2,376.821798663464,0.00252976313916683,0.897038209799835,0.650413974572582,0.219467725473541
100.57,0.2,377.030797354132,0,0.898187656678812,0.652187408165643,0.216389253007902
100.58,0.2,377.239112841694,0.000284078244435089,0.89702334206377,0.650784476703443,0.214918809675712
100.59,0.2,377.446773400505,0.00155115755233911,0.901039124970515,0.651201527460363,0.215139609791979
100.6,0.2,377.653807191121,0.00169008397968412,0.901589341718037,0.650647313297528,0.214956223259578
100.61,0.2,377.860242245927,0.000873555586736667,0.901157071309017,0.650632578071645,0.216981436237531
100.62,0.2,378.066106454809,0,0.903708924652151,0.647212116386899,0.215427603016156
100.63,0.2,378.271427550901,0,0.901789001239257,0.650358024976063,0.216154496301546
100.64,0.2,378.476233096403,0.000212573817029416,0.900084670480749,0.652386870140689,0.217298314737564
100.65,0.2,378.680550468465,0,0.90287928700627,0.652584712596932,0.218327735204806
100.66,0.2,378.884406845166,0.00155874453074642,0.902902450252123,0.650508576637155,0.212976057810287
100.67,0.2,379.087829191578,0.000570407814899048,0.902266559952971,0.654325319723456,0.215450402540485
100.68,0.2,379.290844245916,0.000699405501615083,0.904266868995048,0.653326707558807,0.216619842421991
100.69,0.2,379.493478505802,0,0.902018900076501,0.651452788004484,0.216723841041651
100.7,0.2,379.695758214626,0.00235277961056261,0.904140035951842,0.650456315341563,0.213143429851126
100.71,0.2,379.897709348021,0.00187288608086328,0.905576334757503,0.648504012525265,0.213741855279412
100.72,0.2,380.099357600457,0,0.905886037237738,0.649808953243301,0.215529621662583
100.73,0.2,380.300728371957,0.00268178970439641,0.904379381739011,0.653990104883581,0.21609884188807
100.74,0.2,380.501846754947,0,0.905927791031139,0.650290829615361,0.21522208342494
100.75,0.2,380.702737521237,0,0.905115276627802,0.654254610798614,0.216038406252857
100.76,0.2,380.903425109142,0.00060735353347811,0.906599140308383,0.650563506551365,0.214951827184962
100.77,0.2,381.103933610759,0,0.906924854540648,0.650999731124908,0.214328643190591
100.78,0.2,381.304286759387,0,0.907371402795415,0.65384891875628,0.211503997185168
100.79,0.2,381.504507917107,0,0.90587708653507,0.655710837863954,0.218034585311093
100.8,0.2,381.704620062536,0,0.907475742445943,0.652197361256779,0.216574551338788
100.81,0.2,381.904645778736,0,0.909516693314566,0.652164687862816,0.215815124214876
100.82,0.2,382.104607241307,0.000762026897249576,0.909131936440697,0.653971361185195,0.215630467473622
100.83,0.2,382.304526206663,0,0.908136172485558,0.65659180008412,0.215674127862408
100.84,0.2,382.504424000486,0,0.908498132132383,0.655982138159154,0.215664605308039
100.85,0.2,382.704321506379,0.0016968070620335,0.912132473770071,0.655701134665793,0.215337275371983
100.86,0.2,382.904239154709,0.000622112087759301,0.911697655178042,0.654481380869751,0.213964636849794
100.87,0.2,383.104196911662,0,0.91098258637276,0.653588210518192,0.213222020457365
100.88,0.2,383.304214268492,0.00163160405289897,0.910228857074027,0.656271063982064,0.215633800720008
100.89,0.2,383.504310230995,0,0.912257221551147,0.65555903817367,0.215914090079361
100.9,0.2,383.704503309189,0.00199902590404267,0.911960337558324,0.652693684295538,0.2145785390742
100.91,0.2,383.904811507228,0,0.914088123063774,0.65399903673289,0.211950778634615
100.92,0.2,384.105252313528,0.000255307448826826,0.914117480390371,0.651885645181737,0.215138613650718
100.93,0.2,384.30584269114,0,0.914551346926098,0.654741148657748,0.214479197251776
100.94,0.2,384.506599068348,9.95201828650814e-05,0.91362330310236,0.655945814798499,0.214180462486108
100.95,0.2,384.707537329511,0.000475891503404006,0.915654051370937,0.653976132332824,0.215013154605975
100.96,0.2,384.908672806151,0.00119840617712263,0.91346176482609,0.656820286094349,0.215598185843441
100.97,0.2,385.11002026829,0,0.915231252750858,0.654407147416598,0.214928099035053
100.98,0.2,385.311593916037,0,0.91622896122536,0.653930451379392,0.216486477141977
100.99,0.2,385.513407371437,0,0.916571219210346,0.655256064522187,0.217345460329837
101,0.2,385.715473670578,0.00286740129511955,0.914881721446467,0.65654960763726,0.214437507259764
101.01,0.2,385.917805255961,0.000742863728689375,0.915859087280552,0.65590043855844,0.215028855251348
101.02,0.2,386.120413969145,0.000200695254267284,0.917157221764084,0.654453954812056,0.214445236473721
101.03,0.2,386.323311043655,0,0.916688214920967,0.654277700596798,0.213950112749645
101.04,0.2,386.526507098176,0,0.916326702337931,0.656876082293424,0.214113391118373
101.05,0.2,386.730012130011,0,0.917700395258951,0.657831149294718,0.215568130302856
101.06,0.2,386.933835508839,0.00240864580108117,0.919437299999363,0.658194627981447,0.214151182936216
101.07,0.2,387.137985970738,0.000716074914264515,0.917478352635331,0.657263127930773,0.21571478283123
101.08,0.2,387.342471612509,0,0.916946261731987,0.654045156815104,0.216347430517929
101.09,0.2,387.547299886285,0.000620422619289703,0.918272416125168,0.657187158388207,0.214699465879841
101.1,0.2,387.752477594431,0,0.919520087372374,0.656936821142677,0.21337960048745
101.11,0.2,387.958010884737,0.000246547027952019,0.917796282502946,0.657347073096098,0.215627854924547
101.12,0.2,388.163905245916,0.00101682011612691,0.920443505220159,0.655694411977451,0.216956448543328
101.13,0.2,388.370165503389,0.000212868030057173,0.919832224565009,0.65674512719673,0.216913893483081
101.14,0.2,388.57679581538,0,0.922473839968549,0.656299136733261,0.213220347024896
101.15,0.2,388.783799669304,0.00192037949569359,0.920832295822466,0.656271341026415,0.213727300376435
101.16,0.2,388.991179878467,0.00137585163748948,0.920099336971927,0.656142212287283,0.216702062951653
101.17,0.2,389.198938579068,0,0.919853922932611,0.655886170457817,0.216781040907046
101.18,0.2,389.407077227502,0.000735965091185321,0.922483052837259,0.656803230687337,0.212026627098986
101.19,0.2,389.615596597974,0.000116755967013549,0.923557379812432,0.657244670582651,0.213366646309273
101.2,0.2,389.824496780424,0.000123955514628376,0.921549186814661,0.657040585365509,0.214243919391515
101.21,0.2,390.033777178753,0.00131435192240329,0.92312238291651,0.655254672757571,0.215545096782312
101.22,0.2,390.243436509362,0,0.925516848724995,0.654672115832707,0.213420332759934
101.23,0.2,390.453472799999,0.00169632248334215,0.92294404970732,0.656590137700721,0.213948910916111
101.24,0.2,390.663883388918,0,0.922342844457513,0.656992564210836,0.216584385560741
101.25,0.2,390.874664924339,0.00057865413785726,0.925180636330313,0.656624807405419,0.212774182258143
101.26,0.2,391.085813364228,0.000496054818252612,0.923500814528134,0.656507015136121,0.214829272656032
101.27,0.2,391.297323976377,0.00107748807721682,0.922763031699078,0.657143123959522,0.215555105442897
101.28,0.2,391.509191338794,0.00123461741791441,0.92468731143739,0.658129062939166,0.216902273678514
101.29,0.2,391.721409340401,0,0.924882280924243,0.65433559755606,0.214894250758187
101.3,0.2,391.933971182039,0,0.925627719379634,0.655121647045859,0.214647215208992
101.31,0.2,392.146869377779,0,0.927832827823927,0.656650709529101,0.216121923257898
101.32,0.2,392.36009575653,0,0.923739923888716,0.654323281540876,0.216889627762657
101.33,0.2,392.573641463959,0,0.926217195682451,0.657529664204841,0.213249193460788
101.34,0.2,392.787496964708,2.23661449842295e-05,0.925185197955658,0.658977672772409,0.213602363463798
101.35,0.2,393.001652044908,0.00018846340141942,0.923712112298947,0.654829562649594,0.214353669142938
101.36,0.2,393.216095814993,0.00166049646660996,0.926128937099132,0.654340849315439,0.214890557511756
101.37,0.2,393.430816712811,9.70913216675386e-05,0.927732654643671,0.654471518385732,0.21475443386765
101.38,0.2,393.645802507023,0,0.927742982491406,0.656027624766743,0.215209891675866
101.39,0.2,393.8610403008,0.00257596210874077,0.930494509120069,0.657414475285614,0.214841301516429
101.4,0.2,394.076516535801,0.000893914934950299,0.927357097645546,0.657255984459375,0.215163562364718
101.41,0.2,394.292216996443,0,0.929308367105123,0.655159077175894,0.21786068544524
101.42,0.2,394.508126814449,0.00178650117708745,0.928190644680964,0.653696564950664,0.214944703879381
101.43,0.2,394.724230473681,0,0.92778572578959,0.656178777437582,0.216092466880336
101.44,0.2,394.940511815246,0.00171170983776551,0.92959914823451,0.657526055698709,0.214544632958211
101.45,0.2,395.156954042876,0.00141240070474178,0.930220757295999,0.658106066028768,0.216256759767007
101.46,0.2,395.373539728584,0.000796255207374065,0.92970118988754,0.653550700245017,0.216969188041341
101.47,0.2,395.590250818578,0.000544067456249851,0.928744188869194,0.653284931045136,0.215541524211007
101.48,0.2,395.807068639446,0,0.932843946227335,0.658318791525626,0.214550987848644
101.49,0.2,396.023973904599,0,0.932497443102794,0.656158743970805,0.213789951526809
101.5,0.2,396.240946720965,0,0.932830807873565,0.651577121813157,0.212581167625601
101.51,0.2,396.457966595946,0.00124837193779683,0.929433154450484,0.657609484774742,0.216537771539083
101.52,0.2,396.675012444609,0.000845694153153172,0.930816521450326,0.656956555061221,0.215110690847687
101.53,0.2,396.892062597132,0,0.931552627509411,0.656713057702052,0.212859295048137
101.54,0.2,397.109094806485,0,0.9309742095251,0.656119324397524,0.21636965099155
101.55,0.2,397.326086256344,0,0.931805727874099,0.656670995837674,0.215174674012705
101.56,0.2,397.543013569246,0,0.934794358289983,0.654644374671418,0.214574145602866
101.57,0.2,397.759852814952,0.0019363352134499,0.932416297146906,0.655674041951757,0.21625741928828
101.58,0.2,397.976579519051,0.00070090816645843,0.933739928168297,0.656560957338791,0.214993564880247
101.59,0.2,398.193168671769,0,0.934874374770695,0.656249910458862,0.217067498630518
101.6,0.2,398.409594736991,0,0.932397259512004,0.655219468324751,0.213893633550063
101.61,0.2,398.625831661496,0.000858732867697825,0.932878893576137,0.656777923858094,0.213743642750827
101.62,0.2,398.84185288439,0.000260818802754369,0.931554702002233,0.654330577713733,0.215757975245852
101.63,0.2,399.057631346735,0.000596866778147878,0.93518630343533,0.65388835970559,0.216696408389749
101.64,0.2,399.273139501375,0.000631475834616501,0.932372248046992,0.65442787096105,0.215251247142114
101.65,0.2,399.488349322943,0.00073577340659532,0.936163283625561,0.655134244807045,0.215732487015571
101.66,0.2,399.703232318052,0,0.934383059258401,0.65362451424936,0.213821676529729
101.67,0.2,399.917759535669,0.000403442500384508,0.937813172048151,0.651980895897386,0.213306220009624
101.68,0.2,400.131901577652,0.00126836859841724,0.935620271431807,0.653452690823703,0.215668642176839
101.69,0.2,400.345628609451,0,0.932430453551106,0.655552515580108,0.214413708902939
101.7,0.2,400.558910370981,0,0.935120736762645,0.655030277169925,0.213701061592239
101.71,0.2,400.771716187643,0.00117089747260762,0.934465549210106,0.652310616022638,0.216361226943199
101.72,0.2,400.984014981489,0.00131755324200786,0.938275439055574,0.653867362689476,0.215097282899317
101.73,0.2,401.195775282545,0,0.935986291121036,0.653759974634191,0.215962528829332
101.74,0.2,401.406965240261,0,0.934077914528565,0.653653538791314,0.215137514251491
101.75,0.2,401.617552635099,0,0.93579317792305,0.65326693447589,0.215864848573112
101.76,0.2,401.82750489025,0.00127471994209165,0.93887491232703,0.654397638491371,0.214238033002098
101.77,0.2,402.036789083472,0.00154717779638726,0.936342954492891,0.652873597460324,0.215180852533729
101.78,0.2,402.24537195904,0.000180329036389348,0.938773311626867,0.654112578153218,0.214969777665716
101.79,0.2,402.453219939818,0,0.937844703703421,0.653725291861934,0.216294405159658
101.8,0.2,402.660299139423,0,0.937620272352431,0.651752858898705,0.214281217226934
101.81,0.2,402.866575374504,0,0.937475388148555,0.654359000570948,0.213771122363282
101.82,0.2,403.0720141771,0.00103176693419644,0.935314925839607,0.653697787735518,0.215522978837991
101.83,0.2,403.276580807098,0,0.939003315721379,0.656634047292079,0.216433101015219
101.84,0.2,403.480240264775,3.50014853399562e-05,0.937975438804172,0.649253272817384,0.215927035697033
101.85,0.2,403.682957303406,0,0.935839550833412,0.651607039156378,0.215315153673195
101.86,0.2,403.884696441958,0.000639916181511929,0.935689609096089,0.653971231240519,0.215034980259288
101.87,0.2,404.085421977848,0.00166282002524493,0.939156725698931,0.655349209597435,0.215280688363284
101.88,0.2,404.285097999752,0,0.937686177872266,0.654137671605295,0.213209532195922
101.89,0.2,404.483688400485,0.00144431593108225,0.93921299550443,0.652756668757417,0.212946266052235
101.9,0.2,404.681156889926,0.00247143014590615,0.938249363659707,0.65047583681942,0.216434560705419
101.91,0.2,404.877467007981,0,0.940253712902931,0.653608556692709,0.215900021072793
101.92,0.2,405.072582137601,0,0.935908713338073,0.653055594077686,0.213183089504453
101.93,0.2,405.266465517821,0,0.939621556769161,0.651649611705067,0.215903195171442
101.94,0.2,405.459080256839,0.000408351216412886,0.937503697240632,0.651368247959071,0.214919309314993
101.95,0.2,405.650389345111,0,0.937984379172177,0.649965779531123,0.214505579847293
101.96,0.2,405.840355668471,0,0.939250480814901,0.651163788650135,0.213722748132549
101.97,0.2,406.028942021267,0,0.938356703548349,0.64963191393293,0.215758480182946
101.98,0.2,406.216111119498,0.0015823179654011,0.939011808287726,0.652562625359803,0.216154820768543
101.99,0.2,406.401825613963,0.000482812250285519,0.941010939491282,0.652075403167561,0.213759027507535
102,0.2,406.586048103406,0,0.940361231928983,0.651085851750697,0.213594370738978
102.01,0.2,406.768741147656,0,0.940012888104579,0.649715114433843,0.212323814068271
102.02,0.2,406.949867280758,0.0029629013438205,0.941514313118323,0.649428167708904,0.215747174574409
102.03,0.2,407.129389024085,0.0020334485695831,0.941039580585815,0.650888673538346,0.215056928002163
102.04,0.2,407.307268899434,0.0014701165017013,0.941208863952335,0.650311478493097,0.213269869213311
102.05,0.2,407.483469442096,0,0.943008494184427,0.652262457962486,0.215750364283907
102.06,0.2,407.657953213901,0.00128461567166905,0.939023670890832,0.651611993138896,0.214258929548388
102.07,0.2,407.830682816216,0.000155866423456299,0.940392062991939,0.649536740860239,0.215259812830901
102.08,0.2,408.001620902924,0.00232166888626458,0.940717592777206,0.648974262115789,0.215134945767937
102.09,0.2,408.170730193347,0.000603758715485275,0.943143068224669,0.648343488126992,0.217072803480995
102.1,0.2,408.337973485126,0.000345309630634787,0.93935995572333,0.649918308645097,0.218286108376694
102.11,0.2,408.503313667049,0,0.940247333770775,0.65186732225823,0.214797880820659
102.12,0.2,408.66671373183,0,0.944940711364899,0.65092487190592,0.216601341307529
102.13,0.2,408.828136788817,0.00266909678066239,0.942337896778445,0.651921688286327,0.215439883876976
102.14,0.2,408.987546076651,0,0.941479751641458,0.650108386520435,0.214986384005372
102.15,0.2,409.144904975842,0.00243704589073003,0.942798413913539,0.650886200711928,0.213380754645591
102.16,0.2,409.300177021286,0.0017756955161879,0.942800791668899,0.647981132194333,0.214919422062516
102.17,0.2,409.453325914703,0.000480366438651931,0.942827451520657,0.649965263666812,0.212880218798809
102.18,0.2,409.604315536994,0,0.943276420231904,0.650525859121827,0.214390580935907
102.19,0.2,409.753109960516,0.00164505293114078,0.941823202476312,0.651046973768299,0.214279313787418
102.2,0.2,409.899673461276,0,0.940532538127202,0.649286110367981,0.21393166104206
102.21,0.2,410.043970531028,0,0.94126758700351,0.650909830516353,0.212821916772579
102.22,0.2,410.185965889277,0.00100491652150336,0.945151736777424,0.649322385777816,0.212575913256807
102.23,0.2,410.325624495197,0,0.941387207132824,0.646734866794791,0.218651690080978
102.24,0.2,410.462911559434,0.00027747146248603,0.940514444314117,0.648416874296969,0.213653300461857
102.25,0.2,410.597792555816,0.00262671432493812,0.942341716624084,0.646233106068976,0.215195662450134
102.26,0.2,410.730233232953,0.00141505043243418,0.94482916300018,0.649421806740173,0.214932264587698
102.27,0.2,410.860199625726,0,0.943275160943793,0.646965321120465,0.210477818196563
102.28,0.2,410.98765806667,0.000991121602111162,0.941270383490595,0.647133711968878,0.213211597058162
102.29,0.2,411.112575197228,0.00166967490442315,0.939871520530902,0.648780055773289,0.215768950563128
102.3,0.2,411.234917978903,0.000339709333768481,0.94460812148674,0.646600925003733,0.21342211182396
102.31,0.2,411.354653704276,0.000228542518487892,0.942760025180006,0.647495742309826,0.216911728118661
102.32,0.2,411.471750007904,0,0.942111772323409,0.647893022069177,0.21649201778452
102.33,0.2,411.58617487709,0.000460804413298557,0.94164352756634,0.645670307617168,0.216738978905821
102.34,0.2,411.69789666253,0,0.94115628981329,0.648331143972697,0.216204159815524
102.35,0.2,411.806884088815,0.00330217888623799,0.94411401840688,0.646599531368097,0.211556212412902
102.36,0.2,411.913106264809,0.00302019099828124,0.944859613698647,0.645236459282761,0.214722545458269
102.37,0.2,412.016532693886,0.000277092526023354,0.943939794926959,0.646880358693785,0.213220290269357
102.38,0.2,412.117133284025,0.000385985670322203,0.943764153128713,0.644731323134841,0.212689251433888
102.39,0.2,412.214878357771,0,0.943581426579365,0.646957470372764,0.215755168289796
102.4,0.2,412.30973866204,0.000122933509814808,0.942615650888745,0.645767088150103,0.217241855504269
102.41,0.2,412.401685377788,0.000339369324475718,0.940757891508511,0.644722603869191,0.212083421241024
102.42,0.2,412.490690129526,0,0.943608267847179,0.645890793826188,0.216196856834641
102.43,0.2,412.576724994684,0,0.94206272544559,0.646845294900637,0.213115861049166
102.44,0.2,412.659762512828,0,0.94540102560093,0.647169846515003,0.216701516991927
102.45,0.2,412.739775694716,0.00214685996720789,0.944701796940832,0.64713717213974,0.216594101152971
102.46,0.2,412.816738031198,0.00111075434977942,0.944900954224749,0.645595868685478,0.21476129737656
102.47,0.2,412.890623501962,0,0.943111665402745,0.645307373619337,0.212395935255952
102.48,0.2,412.961406584115,0.000187643325844274,0.943199311949307,0.641774576901488,0.212930671408543
102.49,0.2,413.029062260608,0,0.944320745757804,0.645698902696667,0.211061904407321
102.5,0.2,413.093566028485,0,0.942956828205493,0.643118574870941,0.213869822364413
102.51,0.2,413.154893906986,0.00258371281873439,0.944041361019423,0.644026375581162,0.216475162687103
102.52,0.2,413.213022445463,0,0.946154236845956,0.645249320343288,0.215303572220428
102.53,0.2,413.26792873114,0,0.943932279407716,0.645796763789963,0.213799569992901
102.54,0.2,413.319590396701,0.0013683864420069,0.94396672388282,0.644872502743492,0.213746078483544
102.55,0.2,413.367985627703,0.000903969347564921,0.943455678567339,0.642526183640108,0.214179145051021
102.56,0.2,413.413093169819,0,0.942440775442827,0.645359795007835,0.215485035100242
102.57,0.2,413.454892335907,0.00133133415675882,0.943675112089429,0.643546125383323,0.214683926551648
102.58,0.2,413.493363012901,0.0012254595482346,0.942464766007412,0.645411237787293,0.215229120489046
102.59,0.2,413.52848566853,0.000164719299228435,0.94222260036534,0.646880660153425,0.216533418138877
102.6,0.2,413.560241357853,0,0.941964337897209,0.646069506988241,0.213257628561304
102.61,0.2,413.588611729619,0.00120850060623421,0.942450225871468,0.642419614093493,0.214788453033962
102.62,0.2,413.613579032448,0.00286829389161064,0.941392239089482,0.644784088473568,0.213728794158277
102.63,0.2,413.635126120826,0.000883179209010525,0.941799960145608,0.642514770435392,0.215303693209113
102.64,0.2,413.653236460919,0,0.942184623644807,0.645378424766719,0.213247497643943
102.65,0.2,413.667894136207,0.00515719803481156,0.939702392049655,0.642816166116793,0.215587177263978
102.66,0.2,413.679083852933,0,0.943949755392301,0.642807368027247,0.215579957325183
102.67,0.2,413.686790945359,0,0.941393273471635,0.644202129914648,0.213850219812388
102.68,0.2,413.691001380849,0.000868842270011006,0.94250258669205,0.6430754345667,0.215396353919773
102.69,0.2,413.691701764751,0.00192549940570862,0.944981398625279,0.64303963160042,0.211995889355857
102.7,0.2,413.688879345102,0,0.944876606451812,0.644980946877086,0.213549251484701
102.71,0.2,413.682522017141,0,0.945769230948345,0.643340101983454,0.216236714853314
102.72,0.2,413.672618327629,0.000908447753865451,0.942902548275382,0.641790274898831,0.214798005601244
102.73,0.2,413.659157478981,0,0.942851629630755,0.642793239145072,0.214279148324647
102.74,0.2,413.642129333213,0.000530785883247651,0.942615597248063,0.644971593586501,0.214384411741455
102.75,0.2,413.621524415685,0,0.941750197277243,0.643108918888179,0.217859070254777
102.76,0.2,413.597333918666,0.00133688893143593,0.941819741074119,0.64337570394664,0.213479211550912
102.77,0.2,413.569549704696,0,0.941922165760186,0.645472101571086,0.215740394571103
102.78,0.2,413.538164309755,0,0.943897719328773,0.642884781041164,0.215042736496185
102.79,0.2,413.50317094625,0.0010196482685721,0.942843415413206,0.642728458255963,0.216542172318789
102.8,0.2,413.46456350579,0.00244675982370578,0.941601151617661,0.64215554934981,0.213797174375972
102.81,0.2,413.422336561781,0,0.943469786566301,0.640931427507422,0.215426557511064
102.82,0.2,413.376485371815,0,0.942170990631658,0.64219288786775,0.213799104821046
102.83,0.2,413.327005879874,0,0.942153666938976,0.642578935295949,0.213984293556922
102.84,0.2,413.273894718328,0,0.943492160400283,0.642818017389123,0.215744865688138
102.85,0.2,413.217149209739,0,0.941166701956698,0.645233484832995,0.216229166168885
102.86,0.2,413.156767368475,0.00145816857434623,0.940972922358681,0.647409792853202,0.215271288250661
102.87,0.2,413.092747902119,0,0.943590921652778,0.642828170335661,0.214160628102441
102.88,0.2,413.025090212681,0.00091563659669405,0.938976924826163,0.645697391141677,0.215279629418012
102.89,0.2,412.953794397616,0,0.943161437450812,0.643522526534796,0.215731364760615
102.9,0.2,412.878861250647,0.000271125128437853,0.944634743380762,0.643077070608616,0.214136830788366
102.91,0.2,412.800292262378,0.000232256144967479,0.938210763088302,0.643722515532411,0.214048509237648
102.92,0.2,412.71808962072,0.00287990842911673,0.943933390190712,0.642534029489508,0.213479388445951
102.93,0.2,412.632256211113,0,0.941601781434768,0.645052742584406,0.215398193783552
102.94,0.2,412.542795616556,0.000683211256473888,0.941893214478836,0.641707590262438,0.214485715529288
102.95,0.2,412.449712117424,0,0.942941334027423,0.642033410476823,0.216040078733878
102.96,0.2,412.353010691103,0.000748571160715466,0.941918060206481,0.645293240621122,0.217064270465398
102.97,0.2,412.252697011415,0,0.942281728849114,0.644962984026381,0.21608862620962
102.98,0.2,412.148777447847,0,0.9398589945875,0.647405057896894,0.214525205571585
102.99,0.2,412.041259064584,0,0.937916178033416,0.645967591316867,0.215031413943951
103,0.2,411.930149619338,0,0.943653599920115,0.644654497955016,0.21560327140658
103.01,0.2,411.815457561979,0.00213091481445488,0.940793708592826,0.6449553224158,0.217736971877949
103.02,0.2,411.697192032974,0,0.940062227450735,0.640254021940426,0.217120781623901
103.03,0.2,411.575362861614,6.73574591108668e-05,0.942731714392981,0.64528933523826,0.215091867499802
103.04,0.2,411.449980564059,0,0.941012384546425,0.643559994543876,0.21457306343082
103.05,0.2,411.321056341167,0.00371477573479555,0.939972101698208,0.643760329586567,0.215181260200888
103.06,0.2,411.188602076139,2.66200568188369e-05,0.937526634068688,0.644995961234553,0.216016657838855
103.07,0.2,411.052630331957,0,0.941553678885925,0.641797982754548,0.212519832315815
103.08,0.2,410.913154348627,0.00239055056575499,0.938452085956593,0.643178187646015,0.214085758455077
103.09,0.2,410.770188040226,0.000265761635646481,0.936138380345679,0.644722214400114,0.213128089913487
103.1,0.2,410.623745991747,0,0.940744159336781,0.643383034108394,0.216328478135597
103.11,0.2,410.473843455752,0.000833792625960026,0.940162998914579,0.645306756203408,0.217571287946477
103.12,0.2,410.320496348825,0.000802974006657749,0.939333780048185,0.645366227874859,0.215368896854115
103.13,0.2,410.163721247827,0,0.938342855190625,0.642904016172102,0.213873273008511
103.14,0.2,410.003535385961,0.00225074243847342,0.938311277382425,0.644604974563166,0.210985957616845
103.15,0.2,409.839956648635,0.00225860635795265,0.938917203857669,0.645253653659473,0.214486537048823
103.16,0.2,409.673003569132,0.000460879933346528,0.937645869902396,0.642905996241278,0.212165330048431
103.17,0.2,409.502695324087,0,0.937661614255675,0.64502868735962,0.213656551273336
103.18,0.2,409.329051728767,0,0.936348280065253,0.646049465556112,0.215758329426152
103.19,0.2,409.152093232162,0.000396404973347569,0.937388746030841,0.644775385432492,0.214743626245258
103.2,0.2,408.971840911874,0.000773588653086483,0.934672408635658,0.64455229676791,0.215630126630056
103.21,0.2,408.788316468825,0,0.938798656055929,0.645003550738551,0.213235951113663
103.22,0.2,408.601542221765,0,0.93597019359258,0.645693508357652,0.214109891990539
103.23,0.2,408.41154110159,0.00118507942202377,0.938168632369368,0.642448804978137,0.21684521170127
103.24,0.2,408.218336645475,0.00106779381664592,0.936343944199131,0.644736295020589,0.213975454939009
103.25,0.2,408.021952990811,0,0.936231497260054,0.645775852089786,0.216140689478759
103.26,0.2,407.822414868957,0.00102627080350101,0.934895528493682,0.644927491159028,0.216876685707923
103.27,0.2,407.619747598803,0.00145307409306731,0.935356130083938,0.645892734039433,0.215365948774963
103.28,0.2,407.413977080144,0,0.936246870987805,0.644851504996111,0.213655174565395
103.29,0.2,407.205129786876,0.000295869834236634,0.935641785061002,0.644220784625147,0.216196903528148
103.3,0.2,406.993232759994,0.000318161440780394,0.936169824533694,0.643326145711556,0.216082279016041
103.31,0.2,406.778313600419,0.000175683047244779,0.936052386482365,0.646156335342823,0.217081117670993
103.32,0.2,406.560400461632,0.00145553173760613,0.937468804097723,0.646841634501478,0.217220190973309
103.33,0.2,406.339522042134,0.00059079732721196,0.935423175930343,0.645912731522148,0.217426075984356
103.34,0.2,406.115707577719,0.000363534148536877,0.932140237168311,0.64744406587056,0.216121470485544
103.35,0.2,405.888986833572,0.00069445816615508,0.934885793128301,0.64615393187,0.213235358609892
103.36,0.2,405.659390096191,0.00342263082490311,0.936216947811891,0.644293459957158,0.216339474796582
103.37,0.2,405.42694816512,0.000416996420578006,0.934770389605856,0.646651198177004,0.214201502649354
103.38,0.2,405.191692344523,0.000472759236831857,0.933339601145303,0.647424029009888,0.214340772074723
103.39,0.2,404.953654434575,0,0.933721678902183,0.649149093357909,0.215087706770388
103.4,0.2,404.712866722679,0,0.932707536065648,0.646066481877272,0.216325905997878
103.41,0.2,404.46936197452,0.000923934339576846,0.933377353972381,0.647065351963399,0.214181753915485
103.42,0.2,404.223173424938,0,0.929768822786329,0.646652557567876,0.215651432054559
103.43,0.2,403.974334768649,0,0.933858682954164,0.647980181238502,0.214096006131782
103.44,0.2,403.722880150783,0.00036495008699657,0.931164811312418,0.647139537502434,0.214100942760964
103.45,0.2,403.468844157272,0,0.931585919204156,0.647308221262823,0.21453018513357
103.46,0.2,403.212261805068,0.00109286218051991,0.935106175649429,0.646373334244251,0.214651759481159
103.47,0.2,402.953168532202,0.000301155297312353,0.931381840409212,0.646702601207714,0.21565773132472
103.48,0.2,402.691600187687,0,0.934027901163543,0.648808106147873,0.218066030802496
103.49,0.2,402.427593021264,0,0.930784953103823,0.648216402608008,0.215680132122146
103.5,0.2,402.16118367299,0,0.931508351742433,0.647986222580225,0.214576587530121
103.51,0.2,401.892409162678,0,0.932139025424124,0.649527838605601,0.21550957445308
103.52,0.2,401.621306879191,0,0.930167847065936,0.64818972126201,0.214051340515473
103.53,0.2,401.347914569576,0.00130923485074953,0.928716110533784,0.649057513424677,0.214789606579742
103.54,0.2,401.072270328068,0.000697357502344823,0.927991414999032,0.648114897799416,0.215035345890365
103.55,0.2,400.794412584943,0,0.927168659649899,0.647501606857066,0.213972329679736
103.56,0.2,400.514380095227,0,0.928603624421652,0.648363412876076,0.214356863207359
103.57,0.2,400.232211927283,0,0.929049098881297,0.645249068416224,0.216219286450792
103.58,0.2,399.947947451247,0.000188984676713846,0.931056669970946,0.648414569259339,0.217161405858724
103.59,0.2,399.66162632734,0.000683258482762609,0.926452551691539,0.648434421650093,0.215134480459077
103.6,0.2,399.373288494051,0,0.928077734028369,0.652884767267389,0.215977709582041
103.61,0.2,399.082974156193,0,0.928637588343921,0.651338620994816,0.2134144480299
103.62,0.2,398.790723772836,0,0.929963463909663,0.649632066252917,0.217316468253544
103.63,0.2,398.496578045119,0.00256023893354268,0.924475553362021,0.650682114654603,0.21406057938949
103.64,0.2,398.200577903946,0.00144080599470609,0.925714540867403,0.650708381186887,0.215484331667862
103.65,0.2,397.90276449757,0,0.926041189327639,0.64970478560227,0.213374344188301
103.66,0.2,397.603179179067,0,0.926023178267914,0.650704831322024,0.216634052416534
103.67,0.2,397.301863493697,0.00116048354783936,0.926725867160671,0.648203701761446,0.214920744742028
103.68,0.2,396.998859166174,0.00272745364386312,0.926663626774872,0.648929834334933,0.213772008341234
103.69,0.2,396.694208087824,0,0.925226632878354,0.651085897463146,0.215313298579352
103.7,0.2,396.387952303652,0.00147257076534311,0.925352425656709,0.650178417376283,0.216415659983528
103.71,0.2,396.080133999322,0,0.924160158312736,0.649421497440462,0.214113520989809
103.72,0.2,395.77079548804,0.00184835911775184,0.92527147215815,0.649451766247398,0.216506477463716
103.73,0.2,395.459979197357,0,0.92470665268191,0.649478388442429,0.217032539733362
103.74,0.2,395.147727655894,0,0.92675437154314,0.650143009568081,0.213695534534707
103.75,0.2,394.834083479987,0,0.922309725074364,0.650118376063335,0.214730388159359
103.76,0.2,394.519089360258,0,0.92345599586003,0.651203945492671,0.216087976099357
103.77,0.2,394.202788048128,7.78991915126216e-05,0.923893182404441,0.649694076276041,0.21568577097692
103.78,0.2,393.885222342253,0.000528189629704853,0.924034878256394,0.651145714933149,0.215073710448078
103.79,0.2,393.566435074916,0.00110764122048117,0.921578702218246,0.650419123805577,0.216218386052216
103.8,0.2,393.24646909835,0,0.919073890473355,0.650563054371842,0.212443540284465
103.81,0.2,392.925367271022,0.00116060200969499,0.919495467539482,0.650225516950693,0.218317475449138
103.82,0.2,392.60317244387,0.000191703425023688,0.920704734656696,0.654760160981468,0.21462381660772
103.83,0.2,392.279927446495,0,0.921638284722526,0.653500749832259,0.215717064194322
103.84,0.2,391.955675073321,0.000391870709838368,0.922819300230529,0.652274606920089,0.213610445511723
103.85,0.2,391.630458069727,0.000105049705719041,0.921373052609866,0.652783085779129,0.215679909311017
103.86,0.2,391.304319118149,0.000941411076476423,0.920542859600865,0.652570300242532,0.214417951788987
103.87,0.2,390.977300824164,0,0.919281510782121,0.653015345940569,0.212632394487993
103.88,0.2,390.64944570256,0.0011337940758116,0.91822310449188,0.654033264232614,0.215067503104246
103.89,0.2,390.320796163393,0,0.920737711436947,0.652279593841066,0.217564212248305
103.9,0.2,389.991394498046,0.000970938124676229,0.920315456295925,0.654196078839087,0.215320874956657
103.91,0.2,389.66128286528,0.000335000569594547,0.918370817675647,0.652133669350708,0.214766048193385
103.92,0.2,389.330503277297,0.00344444163657381,0.915248446731008,0.651183012257335,0.215693807441202
103.93,0.2,388.999097585817,0.00262478075301241,0.918204207288845,0.655402943440579,0.212972775558933
103.94,0.2,388.667107468168,0,0.920420556243884,0.654330575598939,0.215847944532891
103.95,0.2,388.334574413397,0.000607648573621554,0.921503503728927,0.654226792031298,0.211444902089855
103.96,0.2,388.001539708422,0.000338432443003114,0.916199318281129,0.65417754777377,0.21626753631982
103.97,0.2,387.668044424206,0,0.91984069858286,0.65367260731966,0.213268062102573
103.98,0.2,387.334129401976,0,0.916784372258897,0.650642238065474,0.217696408946906
103.99,0.2,386.999835239492,0,0.913805277740878,0.653216294418089,0.215971826607587
104,0.2,386.665202277367,0.000470178848979854,0.913609335773587,0.653887267377384,0.21455479683084
104.01,0.2,386.33027058544,0.00312834317533143,0.919068265992886,0.653693583744298,0.213460481579225
104.02,0.2,385.995079949223,0,0.911741410669359,0.655749734810585,0.216331140385893
104.03,0.2,385.65966985641,0.00209847988014982,0.915164756741656,0.654731095303214,0.214988975025354
104.04,0.2,385.324079483472,0.0011084505456242,0.911722388606066,0.652072591958823,0.215880957779855
104.05,0.2,384.988347682327,0,0.912791845275743,0.653070357193274,0.21468687144143
104.06,0.2,384.652512967104,0,0.914545938612961,0.652330792240403,0.212397078847842
104.07,0.2,384.316613501002,0.00191437352007176,0.912237741803576,0.656237770403127,0.216149060870676
104.08,0.2,383.980687083248,0.00133007611717438,0.914069457059012,0.654373594892132,0.21506011074575
104.09,0.2,383.644771136167,0.000983343905865263,0.911555576136302,0.655663579741351,0.214737548930058
104.1,0.2,383.308902692365,0.00113388096446139,0.912262361928196,0.656624797954128,0.217352334630588
104.11,0.2,382.973118382035,0.00260982638042031,0.912733417984525,0.655011656176284,0.215709397083564
104.12,0.2,382.637454420384,0,0.91156376915676,0.654748537733771,0.218759018581033
104.13,0.2,382.301946595201,0,0.909326512038915,0.654464702160734,0.216293842776622
104.14,0.2,381.966630254558,0,0.909572364897478,0.653954776643293,0.214493078097136
104.15,0.2,381.631540294668,0,0.909068159437812,0.657656876312893,0.212909487745953
104.16,0.2,381.296711147878,0,0.909750551353409,0.655488262157597,0.216202612574372
104.17,0.2,380.962176770841,0,0.911426774990574,0.655593943511251,0.214567764909423
104.18,0.2,380.627970632835,0,0.909333391452552,0.656139516659127,0.217937767850099
104.19,0.2,380.29412570427,0.00360654795746874,0.908340871577139,0.654875734447136,0.215201409461781
104.2,0.2,379.960674445358,0,0.905284572936739,0.655621306283552,0.215860960922115
104.21,0.2,379.627648794976,0,0.908671732635227,0.656074227488023,0.214710866540407
104.22,0.2,379.295080159719,0.00316124948620302,0.909390151999407,0.657202375407445,0.218644134682745
104.23,0.2,378.962999403141,0.00168274061437087,0.905681822500987,0.655193104136241,0.214961092229079
104.24,0.2,378.63143683521,0,0.90655109613621,0.653392907597278,0.216395321948234
104.25,0.2,378.300422201963,0.000235030779620774,0.905304647757659,0.655078671274921,0.215394256851243
104.26,0.2,377.969984675377,0.00183714854864135,0.903655707611358,0.653235873241278,0.214917113083157
104.27,0.2,377.640152843464,0.000646210126365316,0.906595708336702,0.658123470389377,0.215482613144951
104.28,0.2,377.310954700588,0,0.904131206417774,0.655529869282954,0.211317199267518
104.29,0.2,376.982417638013,0.000143770079431593,0.903111034068467,0.654839903750685,0.214216535265701
104.3,0.2,376.654568434697,0,0.901298816385386,0.655964925514552,0.217873361571351
104.31,0.2,376.327433248314,0,0.90434172210783,0.65820545938759,0.216904403633601
104.32,0.2,376.001037606543,0,0.902498883196742,0.655373388580662,0.214886977310657
104.33,0.2,375.675406398597,0.000737380748953937,0.899828833988564,0.655904034944684,0.215281430848916
104.34,0.2,375.350563867018,0,0.901933616240695,0.656511674305371,0.214177577104332
104.35,0.2,375.026533599734,0.001664969868773,0.902092451765276,0.657916970833777,0.212876584352248
104.36,0.2,374.70333852239,0.000867703800575019,0.901206327321037,0.655372521344001,0.217689586511777
104.37,0.2,374.381000890945,0,0.900721579674876,0.656023590715684,0.213800363755354
104.38,0.2,374.059542284563,0,0.900542339748533,0.656867874432874,0.215516851141627
104.39,0.2,373.738983598773,0.00102687805096693,0.900017063433867,0.658732148665332,0.218031404404929
104.4,0.2,373.419345038929,0.00173449446580448,0.902391404298995,0.658560608764224,0.215225515034943
104.41,0.2,373.100646113959,0,0.899537312626314,0.65525815116977,0.218296309394402
104.42,0.2,372.782905630412,0,0.897574368225469,0.656610693823294,0.214573449249849
104.43,0.2,372.466141686809,0,0.896839793895866,0.657822383155222,0.217663374335718
104.44,0.2,372.150371668297,0,0.898442194253659,0.655253858803516,0.215139955973694
104.45,0.2,371.835612241617,0,0.896232338315629,0.656445678612118,0.214555462998081
104.46,0.2,371.521879350384,0.00309531037385067,0.898141744841512,0.657652790470017,0.215977747757363
104.47,0.2,371.209188210683,0,0.900298390902785,0.655722140886304,0.21534635420228
104.48,0.2,370.897553306986,0.00125588426417234,0.89941778165538,0.659961638609088,0.2151866707483
104.49,0.2,370.586988388399,0,0.895522640194508,0.655699644156854,0.214915688551844
104.5,0.2,370.277506465226,0,0.898931075234807,0.655981815762765,0.21587711597059
104.51,0.2,369.96911980587,0,0.89663362962382,0.659423717787396,0.21362816440365
104.52,0.2,369.661839934068,0.000326757160743362,0.895893568612638,0.655347453865864,0.215819665279062
104.53,0.2,369.355677626452,0,0.897415976541133,0.656350667040803,0.215575462748382
104.54,0.2,369.05064291046,0.00204304495949633,0.890198826721987,0.654810526913703,0.215079696782686
104.55,0.2,368.746745062578,0,0.893838809923085,0.656236921700996,0.214089579889076
104.56,0.2,368.443992606924,0,0.893000866435919,0.654746042460349,0.213926301295012
104.57,0.2,368.142393314183,0.000775821492747692,0.893249346964252,0.658601423250058,0.214420314802625
104.58,0.2,367.841954200879,0.00129772232068363,0.894338720606416,0.658845830775584,0.216528309952398
104.59,0.2,367.542681528991,0.000115932017136952,0.891887945663137,0.657418298783255,0.216175394084125
104.6,0.2,367.244580805933,0,0.892786068407865,0.654114188567758,0.215014239282569
104.61,0.2,366.947656784862,0.00141687218304842,0.888773580916546,0.656150985630541,0.216250818752259
104.62,0.2,366.651913465346,0,0.891595126114015,0.655752255002909,0.212982193172655
104.63,0.2,366.357354094384,0,0.890731115487923,0.655066131485918,0.21436622917662
104.64,0.2,366.06398116777,0.00051428351949739,0.8887734170042,0.656922444563789,0.21687258761867
104.65,0.2,365.771796431808,0.00342006625274734,0.889857514905056,0.658237973935457,0.213260002189127
104.66,0.2,365.480800885382,0,0.891082773948333,0.654696111766514,0.213900713084359
104.67,0.2,365.190994782371,0.00308913754248209,0.887914941950892,0.658182905976123,0.214287858938013
104.68,0.2,364.902377634416,0,0.889539735857344,0.656095934192824,0.217147940674123
104.69,0.2,364.614948214033,0,0.888725981133982,0.656679163034651,0.213672180368494
104.7,0.2,364.32870455808,0,0.887954751204617,0.654667497475718,0.216341377808295
104.71,0.2,364.043643971562,0.00101330612522785,0.888167095657158,0.655293379285955,0.214100210900283
104.72,0.2,363.759763031788,0,0.887608793594384,0.655913867703788,0.213824534898834
104.73,0.2,363.477057592867,0.000753453322995635,0.88662165855661,0.659122649826447,0.216344313067915
104.74,0.2,363.195522790553,0,0.88606100184308,0.655857623371302,0.215424570622089
104.75,0.2,362.915153047423,0,0.885129010650691,0.657703884267603,0.21359452582255
104.76,0.2,362.635942078393,0,0.882139709798496,0.656717214865573,0.213013198599041
104.77,0.2,362.35788289658,0,0.885759470501401,0.655903140564386,0.215437823596893
104.78,0.2,362.080967819479,0,0.883393966136879,0.657083733769248,0.214548337889589
104.79,0.2,361.80518847549,0.0012692814759985,0.883678375222225,0.655336106633648,0.215886857937391
104.8,0.2,361.530535810758,0.000693159917928981,0.883281878482689,0.655718917180397,0.213461309594574
104.81,0.2,361.25700009634,0,0.88029568572695,0.656976683096135,0.214602397863955
104.82,0.2,360.984570935701,0,0.883415062819911,0.657391488039021,0.216050178841421
104.83,0.2,360.713237272519,0.000781921880944877,0.881934558595247,0.65520087699691,0.215985437863231
104.84,0.2,360.442987398803,0,0.880228631793933,0.652799489584047,0.21360971916633
104.85,0.2,360.173808963329,0,0.880763347378629,0.654807102339623,0.214845365298497
104.86,0.2,359.905688980371,0.000262335830365984,0.881366005505278,0.653326076801991,0.214798995279069
104.87,0.2,359.638613838746,0,0.8816535458362,0.653664324166105,0.213002809116009
104.88,0.2,359.372569311145,0,0.880228177394318,0.652647754938321,0.215081024188412
104.89,0.2,359.10754056376,0,0.879409836384092,0.654616377106832,0.21589007096177
104.9,0.2,358.843512166205,0,0.879073662608127,0.653544061643864,0.215596109273055
104.91,0.2,358.58046810171,0,0.878325426039889,0.655189277327029,0.213806050064765
104.92,0.2,358.3183917776,0,0.877121073508056,0.653986169067644,0.215015088110641
104.93,0.2,358.057266036047,0,0.877496260940365,0.652676579929481,0.217964531761034
104.94,0.2,357.797073165085,0.00119416988583154,0.87720607437403,0.653149028868892,0.214228344332386
104.95,0.2,357.53779490989,0.0016874723209279,0.876809908150388,0.654477681029813,0.214508574514438
104.96,0.2,357.279412484315,0,0.877546243305095,0.655056158678958,0.213151371528907
104.97,0.2,357.021906582683,0.00132811960008768,0.878390208964021,0.650902574107797,0.21270937675237
104.98,0.2,356.765257391811,0,0.876057083231757,0.651706396954843,0.213225593928718
104.99,0.2,356.509444603288,0.00202964503976248,0.876838753090123,0.650335077565896,0.213907939274906
105,0,356.254447425976,0.00236591944666504,0.873213369647268,0.653685794032429,0.21513215143295
105.01,0,356.000244598742,0,0.873884451076054,0.651656497435385,0.218844011934448
105.02,0,355.746814403412,0,0.872530174024757,0.652755924969645,0.214831819236149
105.03,0,355.494134677934,0.00108652293927843,0.874879324527193,0.652622791951574,0.216558274423956
105.04,0,355.242182829756,0.000976412567245228,0.872929870741551,0.654132890751496,0.213064314580425
105.05,0,354.990935849398,0,0.874148930169591,0.652442167149261,0.21393729802456
105.06,0,354.740370324229,0,0.871821698753203,0.653974654259475,0.214452640583856
105.07,0,354.490462452419,0,0.872644398310098,0.652571935952064,0.214149338136084
105.08,0,354.241188057083,0,0.871295433820231,0.651744272066567,0.214123188507667
105.09,0,353.992522600595,0,0.868891133879641,0.650401369344517,0.217318872895283
105.1,0,353.744441199072,0,0.870472323820697,0.650256852701342,0.212909044071128
105.11,0,353.496918637016,0,0.870733155248443,0.650681258850659,0.214055115678897
105.12,0,353.249929382113,0,0.870810971245777,0.652236326475774,0.216622173387388
105.13,0,353.003447600178,0,0.868022503415975,0.650538128822377,0.211922472774176
105.14,0,352.757447170238,0,0.868521410411105,0.650156848202997,0.214798467004072
105.15,0,352.511901699752,0,0.866090612751714,0.650164635599732,0.214356480887561
105.16,0,352.266784539955,0.000505777565885288,0.868015673508437,0.650271389319055,0.215706351928432
105.17,0,352.022068801314,0,0.868571494083977,0.652131924624197,0.217011679671175
105.18,0,351.777727369113,0,0.866537439178856,0.650176468101381,0.214659087860515
105.19,0,351.533732919122,0.000927573039854492,0.867184543665762,0.650504157485976,0.212506844389607
105.2,0,351.290057933377,0.000470942454658601,0.864602739405976,0.649194426381727,0.215902706334004
105.21,0,351.046674716051,0,0.865868328337788,0.648727273961281,0.213782034888991
105.22,0,350.803555409394,0.000122305467784474,0.866568929754987,0.651484862831174,0.216107548029387
105.23,0,350.56067200977,0.000749311402020963,0.865568359037184,0.652389227325324,0.215019282376723
105.24,0,350.317996383744,0,0.864904911368622,0.651367929378008,0.213779156681636
105.25,0,350.075500284244,0.00171916710113701,0.864435008717414,0.652028387094273,0.217765703704846
105.26,0,349.833155366771,0,0.865033605241027,0.650624136353219,0.216682836887889
105.27,0,349.590933205662,0,0.863277093540482,0.650623732738359,0.215659683536388
105.28,0,349.348805310391,0.000701427195567875,0.861846967986686,0.648873012016564,0.214915408135646
105.29,0,349.106743141902,0,0.863042144693617,0.650014113158568,0.214729129627001
105.3,0,348.864718128976,0.000149713736782873,0.862764175903541,0.647480108203625,0.21322195607929
105.31,0,348.622701684612,0,0.862104605356703,0.648163899031419,0.215306968498566
105.32,0,348.380665222424,5.44030590841861e-05,0.86139756919962,0.648271952747012,0.216177342049135
105.33,0,348.138580173048,0.00343381662493239,0.861620627323077,0.647484873251946,0.213639318752788
105.34,0,347.896418000542,0,0.857934771828108,0.648044933887085,0.214962640800168
105.35,0,347.654150218787,0.00147637026463985,0.8592899953814,0.650451441911253,0.214832920668521
105.36,0,347.41174840787,0,0.859676099007095,0.647252628413828,0.213603948535382
105.37,0,347.169184230449,0,0.85705543123384,0.646842553330054,0.215486218272664
105.38,0,346.926429448095,0.00172573105028202,0.859509647580212,0.647095429661192,0.216124152155301
105.39,0,346.683455937591,0.000384950619918684,0.857006297159092,0.647446422471121,0.214070761185778
105.4,0,346.440235707211,0.00120154620759093,0.857824376632974,0.648627575081975,0.213920475131607
105.41,0,346.196740912933,0.000306154661318096,0.858282117991534,0.647562017896796,0.214532324630039
105.42,0,345.952943874616,0,0.856916394512583,0.650198318248702,0.21500768394384
105.43,0,345.708817092114,0.00172139144179646,0.857157723515648,0.648104584983173,0.21624322567793
105.44,0,345.464333261325,0.000410936904317291,0.853615298033472,0.648268327727056,0.212898383241791
105.45,0,345.219465290177,0.0028502632926509,0.856707896118984,0.646108643268982,0.215828745716106
105.46,0,344.974186314529,0.000178392103250103,0.854183125338958,0.649140627641436,0.214918050404215
105.47,0,344.728469714004,0.00128366719736162,0.857020845144022,0.642459253760121,0.216673383044892
105.48,0,344.482289127722,0.000776622819602129,0.852111625069612,0.646305684838361,0.214783995964891
105.49,0,344.235618469951,0.00116477065395089,0.85582714963961,0.648731500432075,0.21836707150364
105.5,0,343.988431945657,0,0.857206320039141,0.647327896947718,0.215580090508618
105.51,0,343.740704065948,0.000242955292371473,0.850539012440878,0.646612669597634,0.215494655562226
105.52,0,343.492409663414,0,0.853102352103977,0.64552881087507,0.214873488276769
105.53,0,343.243523907346,0,0.850791801720033,0.646278031700496,0.216300014323125
105.54,0,342.994022318849,0,0.853478203022592,0.647103433343107,0.217118083049821
105.55,0,342.743880785817,0,0.851004816610035,0.648148910821948,0.216930472984052
105.56,0,342.493075577784,0.000459544822201204,0.853904709606173,0.645486040676909,0.214324072243876
105.57,0,342.241583360646,0,0.851801290461577,0.645804847923174,0.215428226755487
105.58,0,341.989381211235,3.01183776523237e-05,0.848875594823453,0.645948034017108,0.215543865641251
105.59,0,341.736446631756,0,0.851633712203478,0.646228486049056,0.217499518061423
105.6,0,341.482757564075,0.00164551759137162,0.849398487505293,0.64531769874718,0.215851406726403
105.61,0,341.228292403848,0.00205650157973679,0.851184587835703,0.643579350604105,0.214297216789093
105.62,0,340.973030014498,0,0.850560396113975,0.645199519744351,0.214037227115766
105.63,0,340.716949741031,0.000472648546542014,0.849358287141332,0.647933328410191,0.214931886255796
105.64,0,340.460031423681,0,0.847788127112432,0.646537381021015,0.21405201693347
105.65,0,340.202255411388,0,0.848693595556437,0.644543172519533,0.212767637537612
105.66,0,339.9436025751,0.00164513392563209,0.849557494472873,0.643543684576528,0.2146124072259
105.67,0,339.684054320893,0.000673602821128135,0.846977382365332,0.643328992481947,0.215007272620096
105.68,0,339.423592602913,0.00100326249348596,0.845730375122256,0.645523588626865,0.215362420359407
105.69,0,339.162199936132,0,0.847965263047061,0.645201314462847,0.215365112198078
105.7,0,338.899859408902,0,0.846387687713737,0.644435001223661,0.217072717419652
105.71,0,338.63655469533,0.00180511514622901,0.844836220766661,0.64257927013876,0.214689225931818
105.72,0,338.372270067443,0.000132973773123692,0.842993725769919,0.64741806840413,0.214006703390211
105.73,0,338.106990407155,0,0.846610624418009,0.643046632384522,0.214103853710945
105.74,0,337.840701218026,0.00123508804570856,0.841837019047231,0.643713961926548,0.215761975539325
105.75,0,337.57338863682,0.000854397415267375,0.845451570249605,0.647265620945544,0.215466166557617
105.76,0,337.305039444834,0.000805493186923224,0.841963508112525,0.645070464965224,0.214988475452459
105.77,0,337.03564107903,0,0.840611872465299,0.64535456900595,0.215509577467008
105.78,0,336.765181642927,0,0.843247047314031,0.645523342226463,0.216035727840762
105.79,0,336.493649917294,0.00175280388314585,0.842709052017121,0.643830798284973,0.212518835968858
105.8,0,336.221035370593,0.00100652594557972,0.842143113583904,0.642982611625545,0.213155225509151
105.81,0,335.947328169206,0.00145169371322378,0.841708782074941,0.646313676263097,0.214939814113273
105.82,0,335.672519187431,0.000437210362235421,0.842018201695388,0.642912245091393,0.215077204885582
105.83,0,335.396600017231,0.00073148919435768,0.840757449569182,0.642243000426656,0.217579203291279
105.84,0,335.119562977758,0,0.840724048674291,0.6438052262333,0.213437017683808
105.85,0,334.841401124623,0.00174424497797062,0.839590699638298,0.642253994816993,0.214704390413201
105.86,0,334.562108258933,0,0.839020090529051,0.645497031569879,0.213451866944237
105.87,0,334.28167893607,0.000979670470501817,0.838299437796791,0.645602901073057,0.216615105761211
105.88,0,334.000108474227,0.0022556241448524,0.837973022359533,0.64492119453816,0.214167913744736
105.89,0,333.717392962684,0,0.838516384779872,0.641264957508003,0.216546784082444
105.9,0,333.433529269838,0.000694042918408313,0.838590672485746,0.642861426608971,0.214915543894529
105.91,0,333.148515050963,0.00257337510663665,0.837099511167169,0.642621281866923,0.21301747384754
105.92,0,332.862348755716,0.000742614198818838,0.837497375133407,0.643989654608585,0.213352010920962
105.93,0,332.575029635375,0.00072320643356378,0.835448039602193,0.645542923370486,0.214150405243137
105.94,0,332.286557749815,0,0.835817065658746,0.642272933856702,0.214824748461777
105.95,0,331.996933974206,0,0.835179273536149,0.644170406653904,0.212933866463088
105.96,0,331.706160005448,0.000491100940799911,0.83435651190386,0.64533308833751,0.215260758012403
105.97,0,331.414238368325,0.00134923423365382,0.837239844211439,0.64168044956944,0.216598426413551
105.98,0,331.121172421386,0,0.835152627872231,0.643785946504265,0.215231658801674
105.99,0,330.826966362541,7.40148732507786e-05,0.834796684513775,0.644056723224987,0.217549446089185
106,0,330.531625234384,0,0.833577887642273,0.644900316500189,0.215955252830169
106.01,0,330.235154929219,0.0012811494802402,0.835542032316351,0.643063790172533,0.215153927636258
106.02,0,329.937562193809,0.00256808466016058,0.834914897312428,0.644701995682528,0.215504068697499
106.03,0,329.638854633826,0.00125042411611355,0.834867161592234,0.642756648672588,0.215363631165193
106.04,0,329.339040718024,0.00115248932693268,0.832534098513778,0.642511833474054,0.215406168695372
106.05,0,329.038129782097,0,0.832844827795854,0.644144429946585,0.216747741026451
106.06,0,328.736132032255,0.000817130725925263,0.830116784967487,0.645270783068263,0.214156694442217
106.07,0,328.433058548499,0,0.835033606184151,0.644519896600128,0.214622882840335
106.08,0,328.128921287587,0,0.832121817394697,0.643722360008569,0.213990962008555
106.09,0,327.823733085701,0,0.833611283116676,0.642813632708701,0.213876510711312
106.1,0,327.517507660809,0,0.830409058911871,0.644846629761461,0.213281179815378
106.11,0,327.210259614715,0.000705151150249374,0.828302805103151,0.643886102297931,0.214157070115771
106.12,0,326.902004434794,0.000166875103658939,0.8315481935842,0.64460389677446,0.215498870345601
106.13,0,326.592758495428,0.000733742848875366,0.830387616474219,0.644154263562674,0.215906738708771
106.14,0,326.282539059103,0.000402483928542879,0.829406251284412,0.643523341017711,0.213522811728734
106.15,0,325.971364277216,0.00242412116181585,0.827901948459796,0.643440092229407,0.216216889859112
106.16,0,325.659253190535,0,0.829395615378728,0.641771609160653,0.214726864504515
106.17,0,325.346225729351,0,0.827821618435294,0.643855350258715,0.216179755530311
106.18,0,325.032302713306,0,0.826719143543721,0.64065973763762,0.21334219826522
106.19,0,324.717505850884,0,0.827237038502181,0.645374343693561,0.214156039812815
106.2,0,324.401857738579,0,0.82884688090256,0.642352064310226,0.214212453022872
106.21,0,324.085381859736,0.000244676862473438,0.827589588767828,0.643939243244863,0.217120150137758
106.22,0,323.768102583044,0.00182942891635319,0.827050398867561,0.644908448389566,0.214501950069163
106.23,0,323.450045160707,0,0.828141739091907,0.643161273414634,0.212574241266391
106.24,0,323.13123572627,0.000805452639440187,0.826678027923718,0.644322405488312,0.21284718827248
106.25,0,322.811701292102,6.85158305223487e-05,0.826775764745325,0.647246620253634,0.21427080980477
106.26,0,322.491469746542,0.00100581633749205,0.826344164228234,0.644637960520579,0.212909449344544
106.27,0,322.170569850702,0.000855288820312323,0.825893824002382,0.645077161432091,0.21336577258448
106.28,0,321.84903123491,0,0.827773488660943,0.644350600910077,0.216054276506
106.29,0,321.526884394823,0,0.823846120340105,0.646266420472362,0.216940485554515
106.3,0,321.204160687172,0,0.825152469972064,0.645328212894192,0.216110025159829
106.31,0,320.880892325166,0,0.824297093655143,0.647119545999333,0.217261275229683
106.32,0,320.557112373536,0.00372873531157047,0.82506772837031,0.643807115076875,0.216915753095927
106.33,0,320.232854743221,0,0.824870403846084,0.644052350757983,0.217682732818628
106.34,0,319.908154185699,0,0.826542761753223,0.644340522379721,0.216646122920189
106.35,0,319.583046286957,0.000998956412565177,0.822687688596407,0.643960461826506,0.213961334278477
106.36,0,319.257567461097,0.000847024390606145,0.825368774124474,0.64536357163865,0.214073127889972
106.37,0,318.931754943577,0.00167078143298382,0.821889569689174,0.643927274515965,0.215173217516495
106.38,0,318.605646784094,0,0.823912492133198,0.644119482086345,0.211899913309093
106.39,0,318.279281839088,0.000434876053736389,0.822642358645391,0.645018798257669,0.214100534886244
106.4,0,317.952699763889,0,0.822048510549204,0.645237419308442,0.215903867649526
106.41,0,317.625941004489,0.000518117200196778,0.821922792391387,0.642705217890722,0.216345113813934
106.42,0,317.299046788937,0,0.82220082150457,0.64600814744249,0.215093896890823
106.43,0,316.972059118374,0.00012946751430237,0.818981781889233,0.644226071233049,0.215173186610858
106.44,0,316.645020757683,0.0031633693263209,0.822128858721993,0.647520404003963,0.216461332554662
106.45,0,316.31797522577,0.000416437952599632,0.821473013797052,0.645950896213736,0.212269080660125
106.46,0,315.990966785467,0.000101704876172835,0.819995216407628,0.642972861897015,0.215121110926984
106.47,0,315.66404043306,0.00194758101055667,0.820005615909734,0.643111416621316,0.215150957770236
106.48,0,315.337241887435,0,0.820511468011204,0.645845082522435,0.214949912737314
106.49,0,315.010617578852,0.00245340425441685,0.818537604250928,0.64675950785492,0.214531179361264
106.5,0,314.684214637337,0,0.818644319342431,0.646951457642929,0.21593818965902
106.51,0,314.358080880697,0,0.818257953103156,0.646377347930056,0.215789053300598
106.52,0,314.032264802148,0.00236938449650983,0.81853956056508,0.648069785794106,0.215168243007165
106.53,0,313.70681555758,0,0.816413620906398,0.644661610577521,0.215896984751155
106.54,0,313.381782952421,0.000457511712457334,0.820322752418764,0.64474799535017,0.213036005765026
106.55,0,313.057217428145,0,0.820779534657239,0.644356706083723,0.214056326338067
106.56,0,312.733170048379,0,0.817594893241631,0.645885753392708,0.215172631550782
106.57,0,312.409692484651,0,0.816294193201375,0.647129732437246,0.216084467238524
106.58,0,312.086837001747,0,0.814885417286872,0.647745767205593,0.213583403988923
106.59,0,311.764656442701,0.000473520586916462,0.815176912371412,0.649020039202202,0.213811232375042
106.6,0,311.443204213403,0,0.817395148555473,0.646013285978539,0.21068104680447
106.61,0,311.122534266836,0,0.817479518771727,0.645286470344216,0.215627870735977
106.62,0,310.80270108694,1.84265246984728e-05,0.817503430024063,0.646778168540462,0.215777723969752
106.63,0,310.483759672109,0.000447113506526034,0.81551146189653,0.647616669457775,0.216632575824158
106.64,0,310.165765518314,0,0.819094331269723,0.647550275139504,0.215533681876137
106.65,0,309.84877460186,0,0.818903483047194,0.647264075732121,0.215537824686688
106.66,0,309.532843361787,0,0.816594339988843,0.649037187729902,0.218701160936019
106.67,0,309.2180286819,0.00116093053602787,0.81837023965858,0.648923180458804,0.214335115895632
106.68,0,308.904387872446,0,0.816024408830041,0.646846431687665,0.214041819310182
106.69,0,308.591978651441,0.00110858723680689,0.814500001014931,0.650822592773008,0.21486459816118
106.7,0,308.280859125631,0,0.813678857044054,0.648709768265884,0.214002310925269
106.71,0,307.971087771126,0.000590105926935813,0.813159033571646,0.649256590212018,0.215903415015136
106.72,0,307.662723413679,0.000883134001959385,0.815873895359343,0.648676454826068,0.215038958131247
106.73,0,307.355825208622,0,0.812088412719819,0.649245170330606,0.211832556005798
106.74,0,307.050452620482,0,0.814695845221519,0.647993491653812,0.213571035251678
106.75,0,306.746665402261,0.00141643834112483,0.811695021522888,0.648442127938596,0.215470791539916
106.76,0,306.444523574387,0.00286764812424587,0.813658587799578,0.649071387586564,0.216202336473585
106.77,0,306.144087403362,0,0.811775460429169,0.65143294897447,0.214043358612161
106.78,0,305.845417380085,0,0.812596276791307,0.649714341740452,0.216119182547546
106.79,0,305.548574197879,0,0.812481326970543,0.647338485233671,0.214946393234375
106.8,0,305.253618730215,0,0.815870416174644,0.649798990015308,0.213754766325399
106.81,0,304.960612008151,0,0.813732367577754,0.650495371954452,0.214383764513641
106.82,0,304.669615197478,0.00227137099405397,0.815003599698069,0.649334756381403,0.217997117138302
106.83,0,304.380689575603,0.000802200578628588,0.810390894814267,0.649342013673716,0.21176754755321
106.84,0,304.093896508152,0.000986572704307619,0.81229101781197,0.64948590803256,0.215301194894438
106.85,0,303.809297425331,0,0.815162667453626,0.649366367523913,0.214752732762051
106.86,0,303.526953798015,0.000423033581169531,0.81195914267138,0.649188752335584,0.216680674909448
106.87,0,303.246927113619,0,0.814253949260338,0.648848465014623,0.214465313431085
106.88,0,302.969278851727,0.000919125150537393,0.811386235466886,0.648650083462682,0.215718908176497
106.89,0,302.694070459502,0,0.811321722933703,0.65119727578008,0.215992854130984
106.9,0,302.421363326887,0,0.810809935300054,0.652302161215239,0.213617362034458
106.91,0,302.151218761613,0.000632711115752595,0.811946835831065,0.652535796463548,0.212982735211604
106.92,0,301.883697964008,0,0.811113897368463,0.649359422992453,0.2163178954032
106.93,0,301.618862001643,0.00189436974950084,0.811094994641042,0.651589778079797,0.214664616995791
106.94,0,301.356771783808,0.000848746114129543,0.811146058993814,0.650766140412547,0.217254138151623
106.95,0,301.097488035832,0.00117048044599806,0.809766117879988,0.651266829309786,0.213437521706377
106.96,0,300.841071273282,0,0.810569959645437,0.65224332171367,0.215208228519038
106.97,0,300.587581776016,0.00155830374031996,0.810858300655566,0.651825193582454,0.215847037226083
106.98,0,300.337079562138,0.0014476664308402,0.810150960466218,0.649023576201118,0.216508440091299
106.99,0,300.089624361858,0,0.808789899189922,0.65349717767711,0.216610126652975
107,0,299.845275591253,0,0.811891204501589,0.651066311908247,0.215774570132316
107.01,0,299.60409232598,0,0.808710352146541,0.652240475279658,0.219179093742319
107.02,0,299.366133274922,0,0.811025933992909,0.653068367860345,0.215104794063321
107.03,0,299.131456753801,0,0.80954927666064,0.651284165382843,0.216584283009506
107.04,0,298.90012065877,0,0.810102785735542,0.651798484628026,0.215757591643038
107.05,0,298.672182439995,0,0.808702607778984,0.655334859485693,0.214337789170297
107.06,0,298.44769907525,0.00160464458846257,0.810321581125158,0.651655935923627,0.215350053911523
107.07,0,298.226727043542,0,0.808057304756754,0.653943654975505,0.215405151192318
107.08,0,298.009322298774,0.000404348809860752,0.80851254345769,0.653564211039873,0.215517018818937
107.09,0,297.795540243469,0,0.810136713821525,0.6539976937116,0.215953052167787
107.1,0,297.58543570258,0.000980572795303146,0.810485437923414,0.653555027983213,0.213777418364632
107.11,0,297.379062897388,0.00143609497622131,0.807753499632123,0.652655644435178,0.214883827860583
107.12,0,297.176475419518,0.000291164118875255,0.807956020534578,0.654633351936896,0.215503387231888
107.13,0,296.977726205086,0.00124164191472671,0.804318608226207,0.655225254862982,0.212981641987868
107.14,0,296.782867508995,0.000541224252530717,0.808792652055359,0.654065814236271,0.21305398383517
107.15,0,296.591950879403,0,0.806838232394827,0.65126619828701,0.215127027599196
107.16,0,296.405027132379,0.000975640809824216,0.808891605442788,0.6557411405637,0.216836247692147
107.17,0,296.222146326757,0.00121959973324958,0.809014957674659,0.654305128218794,0.214839157486268
107.18,0,296.043357739224,0.000701667622240188,0.805584726295506,0.652983602443606,0.213222098511344
107.19,0,295.868709839652,0,0.807148784196305,0.655290180499867,0.21402491363216
107.2,0,295.698250266682,0.000320061275093445,0.809699536234881,0.655481926015495,0.214192722350072
107.21,0,295.532025803603,0,0.807159278148909,0.656644355243685,0.214523933921031
107.22,0,295.370082354525,0,0.808956091629051,0.654903510959573,0.214398350056872
107.23,0,295.212464920868,0.000493463221798645,0.808090781059352,0.656813734344257,0.214589378734481
107.24,0,295.059217578202,0.000638654335617701,0.807268752993142,0.654853314027368,0.212484837638554
107.25,0,294.910383453432,0,0.807327760800701,0.655190361553424,0.215754662559901
107.26,0,294.766004702365,9.55167719630812e-05,0.806701174817368,0.654132937359184,0.213581080069272
107.27,0,294.626122487675,0.000468114548409617,0.807249991942045,0.655279125084354,0.21325869370315
107.28,0,294.490776957271,0,0.806584627534139,0.655760611963436,0.21728679058168
107.29,0,294.360007223115,0,0.806041431802113,0.653586698329352,0.215788473141871
107.3,0,294.233851340471,0.00230110825920524,0.807632124910231,0.656322156360529,0.213951162790395
107.31,0,294.112346287631,0.000483319533366019,0.804526347825568,0.655882354594347,0.215187144006178
107.32,0,293.995527946134,0.0012209236782526,0.80542812733543,0.655322609493631,0.214609533143867
107.33,0,293.883431081474,0,0.807920306380108,0.654013399987999,0.213718089498076
107.34,0,293.776089324335,0,0.803810804116813,0.656940889504316,0.217157952320371
107.35,0,293.673535152371,0,0.80658964479972,0.65463268751301,0.215909172708911
107.36,0,293.575799872523,3.50119327039357e-05,0.804730666489491,0.65616806502489,0.213883337604467
107.37,0,293.482913603921,0,0.806608695910914,0.653804849385863,0.215416954457146
107.38,0,293.394905261363,0,0.806271645706165,0.657373023560632,0.215683687748505
107.39,0,293.311802539398,0,0.806523231646747,0.656172504668873,0.2147324434177
107.4,0,293.23363189702,0.00107787306092564,0.806811986204568,0.654735187887432,0.214427913013498
107.41,0,293.160418542998,2.55796243522756e-05,0.807565664601145,0.656413467580549,0.216672437970605
107.42,0,293.092186421842,0,0.80661097918267,0.655140071063528,0.218774948247991
107.43,0,293.028958200433,0.00145994686688963,0.80660838444734,0.65783580921909,0.216601257843139
107.44,0,292.970755255312,0.00102115950495084,0.809357320857549,0.657305716542061,0.215176215367135
107.45,0,292.917597660664,0.00283434114435882,0.805127089463763,0.654505434686887,0.216959520889655
107.46,0,292.869504176977,0,0.80663475713545,0.655356256861659,0.213437357563478
107.47,0,292.826492240421,0,0.804521819855981,0.658193809623917,0.216467867280446
107.48,0,292.788577952929,0,0.808179606049831,0.654779555856084,0.213172639725017
107.49,0,292.755776073009,0,0.80821276834832,0.65711572203172,0.215957200658992
107.5,0,292.728100007278,0.000384119022558219,0.806903316675763,0.655410237439144,0.216257129593447
107.51,0,292.705561802747,0,0.803107211045217,0.65808853608955,0.215136863585103
107.52,0,292.688172139845,0,0.805813431691127,0.656878894615011,0.213037125033913
107.53,0,292.675940326202,0.000851350804570318,0.806189739900462,0.655561906314379,0.216143848697579
107.54,0,292.66887429119,0,0.805607368993464,0.655537269632775,0.216421987067632
107.55,0,292.666980581229,0,0.807492170078484,0.658351031732401,0.217185669246456
107.56,0,292.670264355864,0,0.806650117036307,0.657294988187293,0.212718769596386
107.57,0,292.678729384615,0,0.807761691549735,0.656501047300076,0.215828662963906
107.58,0,292.692378044601,0.000103574525826108,0.804972747347683,0.657176724335118,0.216943511386316
107.59,0,292.711211318949,0,0.806994191657398,0.654835565614453,0.215892700314956
107.6,0,292.735228795976,0.000218611099023155,0.807651489215527,0.654518939568013,0.21655385530275
107.61,0,292.764428669154,0,0.808763434210164,0.658721523641412,0.215899291393327
107.62,0,292.79880773786,0,0.805754628999786,0.655357016703141,0.217186213789332
107.63,0,292.838361408894,0.00150347294743291,0.808529556905456,0.657305754755187,0.215258109829877
107.64,0,292.883083698792,0.00259474650725205,0.806468445117383,0.656295444797817,0.218876186958106
107.65,0,292.932967236894,0,0.804802087662038,0.655487429218863,0.213620732013513
107.66,0,292.988003269203,0,0.806902079278565,0.655376771561762,0.216468498542272
107.67,0,293.048181662998,0,0.804654329814152,0.656645838128717,0.21365711530002
107.68,0,293.113490912216,0,0.806404133668478,0.656555783614432,0.214007940687336
107.69,0,293.183918143593,0,0.807694197233798,0.656214527357874,0.214958686039411
107.7,0,293.259449123554,0.000869200899965058,0.806909012894819,0.657987203433098,0.213435852782706
107.71,0,293.340068265843,0,0.807512292875109,0.65919404827339,0.216028256718198
107.72,0,293.425758639901,0.00275091239592895,0.807688298119111,0.656983306413567,0.214522193065042
107.73,0,293.516501979959,0,0.807085489921077,0.655144713290631,0.212443514278887
107.74,0,293.61227869486,0,0.80605628329446,0.656183348567633,0.215242635058526
107.75,0,293.713067878583,0,0.805932078607166,0.656707050292069,0.215457485719711
107.76,0,293.818847321471,0.00111980335173093,0.807788015973721,0.656926993029671,0.213547125186433
107.77,0,293.929593522146,5.06272712900229e-05,0.807108735684959,0.65581757379444,0.212748015755373
107.78,0,294.045281700097,0.00140192265607081,0.806798459129643,0.655941726459511,0.213933383565817
107.79,0,294.165885808934,0,0.808773456329861,0.657047466904642,0.214762598576421
107.8,0,294.291378550294,0,0.80648529700319,0.653439765035554,0.214821481849487
107.81,0,294.421731388383,0.00194284574118488,0.807739981600442,0.656032404724576,0.214712564384755
107.82,0,294.556914565142,0.00339398429890318,0.8092844358753,0.658788892367121,0.214594786178517
107.83,0,294.696897116023,0.00159147864321665,0.809735833179599,0.657549827811405,0.213934911106604
107.84,0,294.84164688636,0.00195628932120493,0.80775956857282,0.653111048209848,0.214372583413721
107.85,0,294.991130548319,0,0.807730575921906,0.655298278587268,0.215171422033131
107.86,0,295.145313618411,0.00188884555756557,0.808844465179853,0.658258712924685,0.213790341823314
107.87,0,295.304160475552,0,0.808357364450203,0.657781826503369,0.216010554202982
107.88,0,295.467634379657,0.000605155469978976,0.808054243643413,0.655394343948259,0.216994003954301
107.89,0,295.635697490744,0,0.808600569443088,0.65339873761758,0.216888136025063
107.9,0,295.80831088854,0.000374579572758265,0.808656328139448,0.655960793431233,0.212192495632715
107.91,0,295.985434592561,0,0.807677617637567,0.653240456307274,0.215016604336805
107.92,0,296.167027582658,0,0.810315356218657,0.654093215198222,0.214913170236926
107.93,0,296.353047820008,0,0.808817223674493,0.656791824194771,0.216029609236165
107.94,0,296.543452268526,0,0.806844775362784,0.656249334214323,0.2134013309141
107.95,0,296.73819691669,0.000185284012425247,0.810036742731228,0.656408114783301,0.213187533943646
107.96,0,296.937236799752,0.00288314841659297,0.809131935874419,0.654144613599378,0.214231208114473
107.97,0,297.140526022321,0.000820671787838746,0.809456500892626,0.657032799787759,0.21365768440983
107.98,0,297.348017781297,0,0.81106397164847,0.65352109588854,0.215316950458254
107.99,0,297.55966438914,0,0.807480714089336,0.655073297269706,0.214814448436952
108,0,297.77541729745,0,0.810964526660909,0.657243102890335,0.214822868874093
108.01,0,297.99522712085,0,0.807419532621964,0.653790876534148,0.214750944513136
108.02,0,298.219043661136,0,0.811132576044497,0.652614740515726,0.215451632351193
108.03,0,298.446815931693,0.000969502166614866,0.80844789571156,0.654782288677596,0.216590666508926
108.04,0,298.678492182143,0.000828602784263821,0.812065887627454,0.655335252243396,0.215988952260822
108.05,0,298.914019923223,0,0.810135972725257,0.654795753794289,0.213795036736258
108.06,0,299.15334595186,0,0.808395922121023,0.654889586806706,0.215868062891738
108.07,0,299.396416376424,0.000847089071542044,0.809203526890986,0.651060848344954,0.214464783389874
108.08,0,299.643176642159,0,0.812097622126815,0.65156153657261,0.214933936391226
108.09,0,299.893571556749,0.000871347521202018,0.813727687986847,0.654708082045426,0.216130780380728
108.1,0,300.147545316022,0,0.810607330254983,0.651682256774559,0.213880690743066
108.11,0,300.405041529759,0.00114957890774568,0.810204833675074,0.653192901632547,0.216232249233134
108.12,0,300.666003247603,0,0.809997863934546,0.653907975515777,0.2156773716592
108.13,0,300.930372985037,0.000456477932760355,0.812566048980001,0.654468173295341,0.21301697089106
108.14,0,301.19809274943,0.000250456634734888,0.812390482308716,0.651866471753294,0.216914147333817
108.15,0,301.469104066116,0.00272292216573947,0.813462743801113,0.654696598835816,0.215154894741431
108.16,0,301.74334800451,0,0.811478335486099,0.65311395461005,0.214230361395731
108.17,0,302.020765204223,0.000646084096930908,0.811600501764548,0.652340346348782,0.215939238873763
108.18,0,302.301295901177,0,0.812909050629218,0.652642281032942,0.215488770461017
108.19,0,302.584879953698,0,0.812801919076163,0.654612178866712,0.215925331079218
108.2,0,302.871456868567,0.00186925804927419,0.813426942707067,0.654087296205967,0.213569419942289
108.21,0,303.160965827024,0.000817608115887882,0.813477297240509,0.649925797525667,0.218637453339102
108.22,0,303.453345710702,0.00225267433610342,0.81322050935964,0.653876204909127,0.217007381100096
108.23,0,303.748535127483,0.00131576221753032,0.815585558823331,0.654012637876572,0.213883616243746
108.24,0,304.046472437251,3.36355205112512e-05,0.813544028297679,0.65070601274176,0.214254805952282
108.25,0,304.347095777543,0,0.811375041052649,0.653283469593093,0.21700396922849
108.26,0,304.650343089079,0,0.813933700208548,0.652206648414131,0.215891939473427
108.27,0,304.956152141149,0.00251663948382126,0.814444220411756,0.651956311478339,0.214489747473659
108.28,0,305.264460556861,0,0.814858919166321,0.65143799473828,0.214232070581462
108.29,0,305.575205838222,0,0.815308934237732,0.651452839703307,0.217663882826626
108.3,0,305.88832539105,0,0.815252881280263,0.651353474366992,0.21360029920244
108.31,0,306.203756549711,0,0.815368168426397,0.650790897641887,0.213220115862741
108.32,0,306.521436601644,0.00064920500813101,0.81572183111848,0.649855019652307,0.214468237511405
108.33,0,306.841302811703,0.000909853758445337,0.815147260655303,0.649035986875953,0.21503863856411
108.34,0,307.163292446265,0,0.814355026528358,0.648055327965808,0.215375092225659
108.35,0,307.487342797129,0.00194392997579241,0.814675020426518,0.651375736047997,0.213162743797284
108.36,0,307.813391205167,0,0.816451808885947,0.651114841642773,0.217276418317723
108.37,0,308.141375083748,0.000794882217571648,0.815759191274554,0.649384683146235,0.213624505768079
108.38,0,308.471231941892,0,0.814944354919685,0.650116431548058,0.215459100431492
108.39,0,308.802899407179,0,0.819361963245698,0.651281301072598,0.216185236805788
108.4,0,309.136315248383,0.000669211154878284,0.819611832498124,0.650610553280094,0.214511961976617
108.41,0,309.471417397827,0,0.813888721313423,0.649264940498248,0.215125585647207
108.42,0,309.808143973464,0.00122549643521454,0.816333522327783,0.650307333019412,0.216422990867934
108.43,0,310.146433300661,0,0.817794165433668,0.649057432333224,0.215547631103583
108.44,0,310.486223933689,0.00178135280973658,0.817154167204427,0.651993306447854,0.213244623967842
108.45,0,310.827454676911,0.000875250491279763,0.81682084236552,0.648900862877208,0.215376140913076
108.46,0,311.170064605659,0.000854997732875351,0.821632115807559,0.650532140109774,0.213241893435377
108.47,0,311.513993086798,0,0.81783442378823,0.648034342813898,0.215336804840784
108.48,0,311.859179798977,0.00212030337572521,0.821186431145441,0.648184074801187,0.213583598416094
108.49,0,312.205564752543,0.000763188256167666,0.816079837012732,0.649062693725122,0.213585756149631
108.5,0,312.553088309138,0.00113788920153089,0.819242104110567,0.649237629245339,0.21480992680326
108.51,0,312.901691200957,0.000395190162074995,0.819612606062897,0.650656972158708,0.215349363845101
108.52,0,313.25131454967,0,0.818847194369168,0.649187010088382,0.214901983707207
108.53,0,313.601899885007,0,0.818837376269285,0.64716685177075,0.214295146491514
108.54,0,313.953389162994,0,0.819839705867221,0.648573615410732,0.217554061129415
108.55,0,314.305724783841,0,0.821055298640775,0.647385778615886,0.213852917951157
108.56,0,314.658849609488,0,0.820032706677711,0.648988838837676,0.216341528447878
108.57,0,315.012706980789,0,0.821655471441887,0.647060487106801,0.212864839358987
108.58,0,315.367240734346,0,0.821423609516492,0.64571598140393,0.215065040423793
108.59,0,315.722395218986,0,0.822608245071465,0.64798085961995,0.215116910182103
108.6,0,316.078115311876,0,0.823205852953308,0.645490451767492,0.213015128018072
108.61,0,316.434346434279,0.000370807043198041,0.822346838276789,0.6475394226195,0.214170337080882
108.62,0,316.791034566948,0.000669547305475669,0.821067699031509,0.643644621432271,0.215863509175875
108.63,0,317.148126265156,0.00203528009869432,0.821926037964028,0.646040959620495,0.21465133275471
108.64,0,317.505568673364,0,0.82182756392216,0.647322141488478,0.215721055996606
108.65,0,317.863309539517,0,0.823217989803253,0.647818291374379,0.214479510030059
108.66,0,318.22129722898,0,0.824547569107719,0.646025285648322,0.217692322907321
108.67,0,318.57948073811,0.000536782247608798,0.822726845018006,0.64794933771197,0.211559830228835
108.68,0,318.937809707452,0.00237377098462223,0.823033383891014,0.64651882039072,0.214486131195216
108.69,0,319.296234434574,0,0.822965454413254,0.645134854208737,0.217481467265026
108.7,0,319.654705886537,0.00114866558084857,0.823748452963475,0.647728940835469,0.217156652794154
108.71,0,320.01317571199,0,0.825899190512423,0.646616475123664,0.212753235442689
108.72,0,320.37159625291,0.00142046491270092,0.828006230223107,0.647278517451204,0.217719136960826
108.73,0,320.729920555968,0,0.825677348500553,0.645724188171607,0.211970270124356
108.74,0,321.088102383526,0.000593570698574656,0.827910623427386,0.647676437540663,0.214972343239928
108.75,0,321.446096224282,0.00283082377152859,0.826603248984416,0.646368477447655,0.213996746760887
108.76,0,321.803857303539,0.000266522640274225,0.826843567580397,0.645075819394154,0.214175070381213
108.77,0,322.161341593114,0,0.827859501275749,0.646268336680534,0.212674361477422
108.78,0,322.518505820891,0,0.826130844345027,0.644706332076048,0.214670677495851
108.79,0,322.875307480002,0,0.828183641376002,0.646306990638603,0.217557192420515
108.8,0,323.231704837656,0.000568070583180667,0.830036170849268,0.645274117235896,0.214256229798365
108.81,0,323.587656943611,0,0.828404644331748,0.645328695894256,0.212215757469379
108.82,0,323.943123638279,0,0.828852001049087,0.644693913866487,0.214939834177211
108.83,0,324.298065560484,0.000970425206010855,0.828614075344423,0.645470432582983,0.217951323104963
108.84,0,324.652444154866,0,0.829463113208533,0.645329864419052,0.215172137853178
108.85,0,325.006221678922,0.00101255249477513,0.830375527646071,0.645451864016563,0.216391649289132
108.86,0,325.359361209709,0.00192372894039588,0.829424806834125,0.644063843091885,0.212881840063073
108.87,0,325.711826650189,0.00204145406919047,0.831314149849261,0.645611322747003,0.215648002464054
108.88,0,326.063582735229,0.000789014188969738,0.830175712784876,0.643708421180035,0.214501195165379
108.89,0,326.414595037254,0.00142118580597584,0.833186475558187,0.644842519883135,0.213207652455314
108.9,0,326.764829971559,3.48494505119864e-05,0.831246328876353,0.644110501817825,0.214382342434203
108.91,0,327.114254801271,0,0.833060787851838,0.645546916424066,0.215190496281366
108.92,0,327.462837641982,0.000448218831599694,0.833926480720464,0.645331033687601,0.213763778507155
108.93,0,327.810547466035,0,0.834264404327122,0.642856033846235,0.21392164822437
108.94,0,328.157354106473,0.000986351928964364,0.832336617506678,0.645626379406171,0.215422876271334
108.95,0,328.503228260662,0.00122553268192068,0.833231187778683,0.644028370167738,0.215512337222746
108.96,0,328.848141493572,0,0.832845169392556,0.645098367361994,0.214550588249058
108.97,0,329.192066240731,0,0.836939713262007,0.643540971556534,0.213726205552039
108.98,0,329.534975810856,0.000931425408720798,0.828995770495507,0.642274914670429,0.214813547816409
108.99,0,329.876844388149,0.000108709262479148,0.834300026752725,0.642468659734833,0.215729064615183
109,0,330.217647034272,0.00103805817231544,0.835375368185401,0.642983931222676,0.215632556186988
109.01,0,330.557359690004,0.000391678917192167,0.835582436524865,0.643748814931526,0.213985906939389
109.02,0,330.895959176573,0,0.833204650147479,0.645161516263565,0.215907877842206
109.03,0,331.233423196673,0,0.834703596343551,0.644605250115001,0.212309689887433
109.04,0,331.569730335164,0,0.838142567295609,0.642622588111621,0.214852846528857
109.05,0,331.904860059458,0,0.834472305035665,0.644000892012133,0.215597718385575
109.06,0,332.238792719597,0.00236118381651571,0.836250611377984,0.644752888718516,0.213721272856834
109.07,0,332.571509548018,0.00137154435781666,0.837158542708317,0.643946026993381,0.212818258662075
109.08,0,332.902992659012,0.0022877473574485,0.839825382727294,0.642470318853923,0.213428276253671
109.09,0,333.233225047884,0,0.837810089048421,0.642571910131482,0.214289222781714
109.1,0,333.562190589799,0,0.838006064812977,0.644252673383294,0.214582473264425
109.11,0,333.889874038337,0.0012970713917172,0.837627593505,0.642977482336224,0.214026287431211
109.12,0,334.21626102375,0.00131710943039529,0.842739266938287,0.645962271358864,0.215992481938313
109.13,0,334.541338050918,0,0.839722194122792,0.641642371141512,0.215138725411186
109.14,0,334.86509249701,0.00170119724524605,0.841235086631544,0.643584278020757,0.215680984645191
109.15,0,335.187512608867,0.00085629393302395,0.837683018294505,0.644048512297426,0.217734770917954
109.16,0,335.508587500074,0.002486888190159,0.83958269936157,0.64580869393259,0.214262492517018
109.17,0,335.828307147772,0,0.839577297317328,0.641726322238484,0.215002643371772
109.18,0,336.146662389155,0,0.84325968744791,0.644539410809158,0.215102120023545
109.19,0,336.463644917713,0.00139213927838766,0.840498638499061,0.642081893713095,0.215806243221202
109.2,0,336.779247279176,0.000853140148512727,0.843386427529778,0.641714202192869,0.216106860429654
109.21,0,337.093462867188,0,0.843229573306056,0.642138879712325,0.213089057879637
109.22,0,337.406285918706,0.000577576320893277,0.841270403355797,0.643533366617798,0.215459099613379
109.23,0,337.717711509118,0.00263171125988559,0.843530253038523,0.643929465661753,0.213875922846052
109.24,0,338.027735547105,0.000383955821875286,0.845907374200538,0.641907195761902,0.216863401063643
109.25,0,338.336354769215,0.0018523035848989,0.843717616551867,0.646729621832347,0.21505269743696
109.26,0,338.643566734194,0.000443561363021792,0.843807806821146,0.643796062345759,0.216211154590956
109.27,0,338.949369817027,0.00219434624005274,0.843535501018986,0.646729956946979,0.216941105091701
109.28,0,339.253763202741,0.000248584892325013,0.842837614654181,0.643312008472661,0.217054189486705
109.29,0,339.556746879933,0,0.846852691272324,0.64604161872096,0.217888777329447
109.3,0,339.858321634052,0,0.845406379922148,0.644754940958862,0.216131251987471
109.31,0,340.158489040421,0,0.843610738680269,0.6417474096347,0.213384303316924
109.32,0,340.457251457007,0,0.845684478689664,0.643853155315584,0.214990952981275
109.33,0,340.754612016945,0.000445048033850267,0.84930058970754,0.641520841114898,0.213291383679973
109.34,0,341.050574620816,0.00126257145208345,0.847746495600797,0.645094708419681,0.2138643654463
109.35,0,341.345143928674,0.00207966503234082,0.850660549951558,0.643694361797565,0.213698098280716
109.36,0,341.638325351841,0,0.850161031115813,0.642444638842289,0.215852284318812
109.37,0,341.930125044458,0,0.848112967103047,0.645441539864965,0.214253292721554
109.38,0,342.220549894798,0.00210824409169548,0.847776909883663,0.643799354647191,0.214534095240422
109.39,0,342.509607516353,0,0.8489300755773,0.642509963693878,0.21763820648498
109.4,0,342.797306238679,0,0.850327325828761,0.644415037149223,0.214934651585957
109.41,0,343.083655098024,0,0.85004864940998,0.644466850954127,0.215554276448074
109.42,0,343.368663827726,0.000625227808564601,0.850290321331356,0.644787755264516,0.215495160991731
109.43,0,343.652342848388,0.000985625752616423,0.848928814999215,0.645560669768347,0.216384872312965
109.44,0,343.934703257832,0,0.852391288384429,0.645079184816985,0.211831317524892
109.45,0,344.215756820846,0.00054613038014721,0.849100254493934,0.64383939323484,0.212237649584028
109.46,0,344.495515958703,0.000465292899079649,0.852657122652595,0.644309481387223,0.21715413180527
109.47,0,344.773993738482,0.00360674044561461,0.854090552734789,0.643876256541302,0.213586599770907
109.48,0,345.051203862179,0,0.850463304839425,0.643328715734977,0.216722746707887
109.49,0,345.327160655607,0.000692240022517801,0.851217977778138,0.644782300436765,0.216252252188141
109.5,0,345.601879057105,2.03820642732392e-05,0.852984141633453,0.645048650564721,0.212484599496495
109.51,0,345.87537460604,0.00156135854852796,0.852291901009807,0.647889706144639,0.214855930210352
109.52,0,346.147663431123,0.00226063033549413,0.853063329675259,0.644611541850116,0.213531529698076
109.53,0,346.418762238532,0.000648215793387747,0.856190736604714,0.64278799787121,0.215607123990984
109.54,0,346.688688299842,0.00343513512454678,0.856216316220501,0.645995445976015,0.217736356508488
109.55,0,346.957459439777,0,0.854556698613489,0.643789976772391,0.217562544687598
109.56,0,347.225094023783,0,0.856624913150997,0.646039817689015,0.214143668319968
109.57,0,347.491610945416,0,0.855201346787644,0.643721802367648,0.213975838589102
109.58,0,347.757029613571,0.00189874421760761,0.857359072087716,0.6473309457478,0.21587684007921
109.59,0,348.021369939522,0,0.855735671463485,0.648808569562637,0.214865444459704
109.6,0,348.284652323822,0.000550630235139163,0.856003150232926,0.645821844383204,0.217109756912926
109.61,0,348.546897643015,0,0.860080030907662,0.645306829657458,0.21630064667255
109.62,0,348.808127236217,0,0.858154276988929,0.646750667511665,0.215016478018327
109.63,0,349.068362891519,0,0.859462068316066,0.646725095061402,0.21671597535609
109.64,0,349.327626832261,0,0.860772788033327,0.64391856293395,0.213583498135933
109.65,0,349.58594170315,0.000210460688396834,0.860372385393418,0.646688133604902,0.2147642559978
109.66,0,349.84333055624,0.000260949144950757,0.85954471504494,0.647078991729941,0.21597660787125
109.67,0,350.099816836783,0.000891895203171919,0.857053995381669,0.646452051291733,0.213089532841866
109.68,0,350.355424368932,0,0.859570582087382,0.646684054836253,0.216739059777602
109.69,0,350.610177341335,0,0.861662367796796,0.647892941159025,0.214841340925042
109.7,0,350.864100292601,0.000138395431645439,0.863100095616267,0.64344062297517,0.214175634543078
109.71,0,351.117218096637,0.00330036817959955,0.861141958544408,0.645965991119348,0.217962560252441
109.72,0,351.369555947891,0,0.863770925371522,0.64769901871337,0.217011799754132
109.73,0,351.621139346474,0.000844577704848947,0.863675261280437,0.645386666871166,0.215049093394898
109.74,0,351.871994083182,0.000960190622359057,0.865543752185686,0.647974890663465,0.215695752364361
109.75,0,352.122146224425,0,0.866850173097737,0.648494915241003,0.214259089977394
109.76,0,352.371622097056,0.00106444551311619,0.864230522685478,0.645312885484975,0.21788885965175
109.77,0,352.620448273113,0,0.86429793708611,0.645935224691729,0.214051948137099
109.78,0,352.86865155449,0.000507181029214574,0.865436833587596,0.64764639225384,0.214716875042013
109.79,0,353.116258957514,0.000892245235518708,0.865198024797461,0.647795831373578,0.215139790635895
109.8,0,353.363297697461,0,0.8659337324225,0.645971268370171,0.214170453468869
109.81,0,353.609795173008,0.000591468606095659,0.868288636946304,0.648911655001762,0.216143433629233
109.82,0,353.855778950615,0,0.867328890753966,0.649663167680536,0.215133757224291
109.83,0,354.101276748859,0.000970747851606432,0.867237419366292,0.647865661684039,0.213363212668236
109.84,0,354.346316422722,0,0.869109304226583,0.651487233077192,0.215740244640228
109.85,0,354.590925947825,0.00144302736953224,0.8699740953982,0.650690498649682,0.214912788912345
109.86,0,354.835133404635,0.00129861114296351,0.86957428845214,0.647548134499529,0.213697699846532
109.87,0,355.078966962634,0,0.870172929689963,0.647879525150318,0.214148038079937
109.88,0,355.322454864467,4.43778645122169e-05,0.871305683709289,0.649640115557721,0.216576376215269
109.89,0,355.565625410071,0,0.870042069278849,0.646094592880366,0.21520543747314
109.9,0,355.808506940781,0.000340845503773657,0.871876626330379,0.651096599451533,0.21507463838863
109.91,0,356.051127823443,0,0.870490813374233,0.649065622744919,0.215372660816475
109.92,0,356.293516434519,0,0.869764352197135,0.648424293788964,0.21570587118017
109.93,0,356.535701144194,0,0.871628569541941,0.649953329744238,0.213806621078941
109.94,0,356.777710300503,0,0.871916292690895,0.648934080991396,0.213924631634762
109.95,0,357.019572213472,0.00118905362625571,0.873684501248392,0.649227760959427,0.216619097326707
109.96,0,357.261315139278,0.000882545626838672,0.87508176993232,0.65060219821116,0.213345118916004
109.97,0,357.502967264455,0.00170299293077494,0.875041888321557,0.65001560216206,0.213395569352811
109.98,0,357.744556690122,0,0.874875420664069,0.648995275029442,0.21434911896276
109.99,0,357.986111416263,0,0.874891664960844,0.649699705526934,0.214002702613076
110,0.2,358.227659326059,0.00105301370057413,0.87392459300107,0.648289656090877,0.21411781814809
110.01,0.2,358.469228170276,0.00118405146640106,0.875841361534316,0.650924188883023,0.212494133124329
110.02,0.2,358.710845551706,0,0.875270675602312,0.654666461780784,0.214566444277484
110.03,0.2,358.952538909706,0.000301653471042361,0.872091505382394,0.650222565562643,0.212642691101071
110.04,0.2,359.194335504784,0,0.875613506337747,0.648717675770125,0.213305706093759
110.05,0.2,359.436262403287,0.00112018861935379,0.87532786939144,0.651257613603685,0.213034074346625
110.06,0.2,359.678346462177,0,0.877071785415358,0.650646399988763,0.215636941694853
110.07,0.2,359.920614313902,4.70802881484041e-05,0.877723383147731,0.652428228847784,0.214848582333948
110.08,0.2,360.163092351371,0,0.87699069803865,0.651618978060558,0.215327116157723
110.09,0.2,360.405806713042,0.00204699856625761,0.878716104265478,0.648267730788006,0.216632970872908
110.1,0.2,360.64878326813,0,0.880704495653655,0.652321485712492,0.214441196619589
110.11,0.2,360.892047601931,0,0.878705782971662,0.64903368339853,0.215137399680011
110.12,0.2,361.135625001288,0,0.880325908253143,0.654767777290373,0.215297242232579
110.13,0.2,361.379540440186,0,0.880649394186942,0.650057180145469,0.216719097422947
110.14,0.2,361.623818565495,0,0.883277477491923,0.652571856724793,0.215452957509502
110.15,0.2,361.868483682863,0.00091931245420303,0.879491361000247,0.654999471963503,0.213748493268406
110.16,0.2,362.113559742769,0,0.88172442672295,0.654481083861765,0.21540375769807
110.17,0.2,362.359070326735,0,0.881648504552402,0.653513227266155,0.213357540174687
110.18,0.2,362.605038633712,0.0020047139240452,0.883907034689769,0.649771689304022,0.214664765389448
110.19,0.2,362.851487466643,0.000917296511791462,0.883288529962097,0.652657284446317,0.215645717935395
110.2,0.2,363.098439219209,0,0.885210296312368,0.653228481820066,0.215421438300005
110.21,0.2,363.345915862759,0.00109197795248723,0.884025979258111,0.654881983941573,0.216503129735224
110.22,0.2,363.593938933446,0.00210569529969483,0.881595897909229,0.653463238604691,0.213160706608228
110.23,0.2,363.842529519555,0.00108462666546219,0.886082064541636,0.653305592741908,0.216187340704941
110.24,0.2,364.091708249043,0.0011915555285931,0.884441701724737,0.652035908140247,0.215769186939571
110.25,0.2,364.341495277295,0,0.884189173727601,0.653706391669798,0.216041872152094
110.26,0.2,364.591910275098,0,0.889297317163027,0.653401205610694,0.216092969368779
110.27,0.2,364.842972416833,0,0.886419141565063,0.65345566235709,0.214848112413341
110.28,0.2,365.094700368915,0,0.886888180415498,0.655450216360304,0.214088478970257
110.29,0.2,365.347112278453,0,0.886831907627209,0.653320456547093,0.215292771118945
110.3,0.2,365.600225762162,0.000477434512454947,0.886293701782021,0.653911639249212,0.214632459299325
110.31,0.2,365.854057895517,0,0.888169571144551,0.655822483077301,0.212524471152011
110.32,0.2,366.108625202168,0.000177929774311079,0.888232749512951,0.652695596209733,0.214546476981781
110.33,0.2,366.363943643603,0,0.887994998294132,0.654255726593759,0.213013296396221
110.34,0.2,366.620028609082,0,0.890226635703179,0.655907830120827,0.211724383955188
110.35,0.2,366.876894905835,0,0.890514084361669,0.649939151722071,0.214219776831928
110.36,0.2,367.134556749533,0.000152386164397684,0.890934269797611,0.65363945452396,0.215749931231584
110.37,0.2,367.393027755038,0,0.888769921448294,0.654700520369267,0.213559808888151
110.38,0.2,367.652320927433,0,0.891456954937476,0.653086787296196,0.214686812332772
110.39,0.2,367.912448653339,0,0.891795971707875,0.654910257001594,0.215138136802876
110.4,0.2,368.17342269252,0.000267769778437641,0.89474729724332,0.656132179559614,0.212683731094759
110.41,0.2,368.435254169789,0,0.892268403535587,0.654803740177108,0.213807802282566
110.42,0.2,368.697953567203,0,0.892598313294299,0.653918036454938,0.213356391259673
110.43,0.2,368.961530716564,0.00249199928012948,0.893445867684048,0.654883642890433,0.213027912720261
110.44,0.2,369.225994792227,0.00148940280004116,0.892532529105916,0.651927420893738,0.214363508897551
110.45,0.2,369.491354304214,0.00136390248096979,0.89089630141737,0.655939514918599,0.212533732943414
110.46,0.2,369.75761709164,0.00103387303281543,0.894954446224419,0.656130640398646,0.217042175162097
110.47,0.2,370.024790316453,0,0.89801776073326,0.657401527578961,0.214720368559062
110.48,0.2,370.292880457496,0.00129942821075641,0.894661820705011,0.656314624513773,0.216489681987281
110.49,0.2,370.561893304881,0,0.895464449994862,0.657271777550848,0.215410473277437
110.5,0.2,370.831833954696,0.000920405174805249,0.89749465934538,0.65466278288764,0.21489798753954
110.51,0.2,371.102706804025,0.00300890848145928,0.897151895799932,0.655496661269302,0.214050096253532
110.52,0.2,371.374515546307,0,0.894757210095886,0.658054979781421,0.215368119858546
110.53,0.2,371.647263167012,0.000485390218669843,0.894327004648739,0.656398254494367,0.213665373939467
110.54,0.2,371.920951939659,0.00079109103979406,0.895031766671889,0.656509617492186,0.214635443239297
110.55,0.2,372.195583422154,0,0.897231817607422,0.654991122429993,0.217092669250061
110.56,0.2,372.471158453476,0.00082776814435269,0.898546204651511,0.657980399533473,0.215455986205009
110.57,0.2,372.74767715068,0.00147053783565695,0.898582107168346,0.654637009395463,0.215104983610186
110.58,0.2,373.025138906251,0,0.899569639094861,0.655215867315983,0.214465415798032
110.59,0.2,373.303542385784,0.00280302080111892,0.902077325621542,0.655963605338745,0.2144643246566
110.6,0.2,373.582885526003,0.000616960780108822,0.898532313296386,0.657729430270623,0.217040465918303
110.61,0.2,373.863165533121,8.01446351098782e-05,0.902206339057897,0.658029176978576,0.215206593326383
110.62,0.2,374.144378881534,0.000533106048407386,0.899583353288535,0.654915567777541,0.215003184426547
110.63,0.2,374.426521312843,0.000446760747718682,0.899826516123119,0.656533480835018,0.215611896596527
110.64,0.2,374.709587835236,0.000893451400432949,0.902139355491049,0.658568917172666,0.21432683604455
110.65,0.2,374.993572723178,0,0.901923805152116,0.6572835941857,0.214611405108677
110.66,0.2,375.278469517455,0,0.902145996660735,0.658497861047665,0.213712928814622
110.67,0.2,375.564271025551,0.000320700182402665,0.902132366911615,0.656640279181032,0.215195000360521
110.68,0.2,375.850969322349,0.000311760671386263,0.904136639011151,0.65811374166733,0.214018553427387
110.69,0.2,376.138555751178,0.000605273970065929,0.905643888695114,0.657886541576244,0.212251490689875
110.7,0.2,376.427020925178,0,0.906567242304237,0.653850174485797,0.212607528874222
110.71,0.2,376.716354729,0.000179757552555031,0.903490421343562,0.655769817028509,0.215188609904459
110.72,0.2,377.00654632084,0,0.9045204302902,0.656768025519691,0.21668298881301
110.73,0.2,377.297584134788,0,0.905960511278908,0.654742679681474,0.216547748415246
110.74,0.2,377.589455883503,0,0.903804821280754,0.653642019800204,0.215702154291403
110.75,0.2,377.882148561216,0,0.906053275192057,0.656815281148476,0.214663198602299
110.76,0.2,378.175648447045,0.00052625275990089,0.907856705698636,0.657896491988745,0.211811486081132
110.77,0.2,378.469941108627,0,0.906647264461327,0.657213136095966,0.213508660990151
110.78,0.2,378.765011406065,0.00221670953253071,0.908034418890752,0.657595052667576,0.213796421604987
110.79,0.2,379.060843496186,0,0.907811538540758,0.653431929644055,0.215575879512554
110.8,0.2,379.357420837101,0,0.908404971102305,0.654175156094391,0.216152166304402
110.81,0.2,379.654726193072,0.00179848666223365,0.909869896739433,0.657767443200731,0.216595838191915
110.82,0.2,379.952741639682,0,0.908383377153738,0.656763561145512,0.216872310842241
110.83,0.2,380.251448569298,0.00160076139562428,0.907662135328262,0.657547217579672,0.216982758868536
110.84,0.2,380.550827696826,0.00110003811901857,0.908346236090592,0.65827623417442,0.213435630870846
110.85,0.2,380.850859065758,0.00028390422808246,0.909847636859316,0.658327326797361,0.213861586815731
110.86,0.2,381.151522054496,0,0.913452073181645,0.65561915581398,0.216205934679302
110.87,0.2,381.452795382976,0.000123564992407904,0.909551852957231,0.655836930511574,0.213162336385774
110.88,0.2,381.754657119541,0,0.915160971395266,0.659235351266974,0.213904633259665
110.89,0.2,382.057084688105,0,0.911022042667382,0.656103495126026,0.219376622427197
110.9,0.2,382.360054875582,0.00147641755917076,0.91068208242494,0.656018317785633,0.214478576402937
110.91,0.2,382.66354383957,0.00160978023201103,0.912289787627897,0.655424303526502,0.214737335544412
110.92,0.2,382.967527116302,0,0.911517371177962,0.654120213146633,0.214522936866563
110.93,0.2,383.271979628837,0.000161917215589703,0.914656359888192,0.656523834285078,0.215933406782417
110.94,0.2,383.576875695517,0.000867096756765621,0.912186959522017,0.653895264440615,0.215210548050793
110.95,0.2,383.882189038649,0,0.913424877167905,0.654564662710377,0.214592552864385
110.96,0.2,384.187892793436,0.000722226857859156,0.914056149625526,0.656573801330836,0.212659495390612
110.97,0.2,384.493959517132,0.000933528166133289,0.911983026873501,0.655931778851008,0.219514875287414
110.98,0.2,384.800361198434,0,0.912885238865519,0.656104587296554,0.21635390626946
110.99,0.2,385.107069267085,0,0.91557752826157,0.655011013292816,0.215280724634378
111,0.2,385.414054603697,0.00229121554351307,0.916287642331108,0.653962132640956,0.212305231075703
111.01,0.2,385.721287549789,0,0.917709831215857,0.657030836926047,0.215851984361662
111.02,0.2,386.028737918019,0,0.914261970874304,0.65489519024782,0.216624969606346
111.03,0.2,386.336375002624,0.000507177999719842,0.917844120700287,0.655670120121996,0.215524853062498
111.04,0.2,386.644167590049,0.00103930442916597,0.915845353086225,0.653278102602241,0.218254201020911
111.05,0.2,386.952083969766,0.000152966291237542,0.918631383376485,0.654789729350797,0.215051974970551
111.06,0.2,387.260091945269,0.000376087419707868,0.919197481723708,0.656669372740382,0.213911711991278
111.07,0.2,387.56815884525,0.000578247535100782,0.916625804437983,0.653363789627624,0.218051400956475
111.08,0.2,387.87625153494,0,0.916875186906736,0.655039367038627,0.214642498972898
111.09,0.2,388.184336427622,0.000684857919594913,0.917784893864714,0.656638048347615,0.214411442257101
111.1,0.2,388.492379496284,0,0.917415341689128,0.655954219659569,0.215553526994899
111.11,0.2,388.800346285446,0,0.919973571723729,0.653886602009566,0.216104004621901
111.12,0.2,389.108201923113,0.00135068817454257,0.919668901686606,0.655063798632133,0.214364038423189
111.13,0.2,389.415911132881,0,0.921327040596702,0.654882627932593,0.211786992147367
111.14,0.2,389.723438246168,0.000979347405297757,0.919528140240743,0.656573523145731,0.212854377208896
111.15,0.2,390.030747214572,0.00286024298535113,0.920398424709462,0.654337357083445,0.215463005296154
111.16,0.2,390.337801622358,0,0.920528761840994,0.657136400914175,0.214900038636012
111.17,0.2,390.644564699054,0.000635805841074656,0.919739265114793,0.652832535972404,0.215893227068648
111.18,0.2,390.950999332153,0.00186056238842467,0.921877458920781,0.652525527479902,0.213905827610116
111.19,0.2,391.257068079926,0,0.920640868675674,0.653354445978623,0.215745116923092
111.2,0.2,391.562733184329,0,0.921750809624433,0.654512726034913,0.215274889255402
111.21,0.2,391.867956583994,0,0.922924119814725,0.653213737331262,0.213562065382469
111.22,0.2,392.172699927314,0,0.922850620088093,0.655446612068626,0.217551688673869
111.23,0.2,392.476924585607,0,0.922211196623608,0.653334610487872,0.216114100384121
111.24,0.2,392.780591666343,0,0.923247041374387,0.652824888526185,0.214249426993962
111.25,0.2,393.08366202645,0,0.921679569280905,0.654234062360514,0.214974231463067
111.26,0.2,393.38609628567,0.000200553198211523,0.922874581098012,0.652990392586523,0.215574692914026
111.27,0.2,393.687854839985,0,0.9239794932223,0.654470444415303,0.217936677024883
111.28,0.2,393.988897875076,0,0.925421177110779,0.652821193970693,0.218235932426178
111.29,0.2,394.289185379839,0.0016508590602069,0.925150999695109,0.649974288795361,0.21464273648808
111.3,0.2,394.588677159929,0,0.923073137810152,0.652906247590493,0.216247884371977
111.31,0.2,394.887332851348,0.00120658818480584,0.924095331714469,0.651984354666193,0.214388985387995
111.32,0.2,395.185111934048,0.00155325985317214,0.926102451429771,0.651505653853743,0.213446430156279
111.33,0.2,395.481973745565,0,0.925901202746028,0.6506657881243,0.212012531246935
111.34,0.2,395.777877494662,0,0.926358666882996,0.652546731322084,0.215972660889792
111.35,0.2,396.072782274988,0.000275539719770733,0.926060022660814,0.653645536011201,0.213951666147767
111.36,0.2,396.366647078738,0.000448266136541548,0.926761056771049,0.65171624827439,0.217661190826416
111.37,0.2,396.659430810317,0,0.925818387175517,0.652494569988769,0.215389048139582
111.38,0.2,396.951092299993,0.00186989544118631,0.927336668438297,0.651111193646128,0.215505334323215
111.39,0.2,397.241590317547,0.00135131364992047,0.927795094069393,0.652369080154798,0.215308173313486
111.4,0.2,397.530883585901,0.00141356759645627,0.929962669488138,0.652443382462075,0.213934278151532
111.41,0.2,397.818930794728,0,0.927819329547308,0.651844530347239,0.21722727608373
111.42,0.2,398.105690614039,0.000283349200037526,0.927421831495045,0.652548785931586,0.214518742107002
111.43,0.2,398.391121707732,0,0.928304150786217,0.65199050819447,0.213922317738718
111.44,0.2,398.675182747116,0.000985649158789447,0.928130353054898,0.649380253198094,0.216615523262488
111.45,0.2,398.957832424389,0,0.931169012518778,0.647788318165715,0.215522950671085
111.46,0.2,399.239029466072,0,0.92997266944543,0.65053654737123,0.214135394198774
111.47,0.2,399.518732646393,0,0.929566294671764,0.649349797124525,0.215232119663438
111.48,0.2,399.796900800621,0,0.929577172270125,0.65100720956129,0.213638198981495
111.49,0.2,400.073492838341,0.000615350360065627,0.931774071836104,0.649553758758006,0.215806305739215
111.5,0.2,400.348467756662,0,0.927159305546986,0.649978300734259,0.21446524277767
111.51,0.2,400.621784653369,0.00116069446715547,0.93393638790556,0.64910430195359,0.216793868760915
111.52,0.2,400.893402739989,0.00408544633239198,0.930925924933516,0.651387616432508,0.213575357925759
111.53,0.2,401.163281354796,0.00416087898304957,0.931741800894672,0.649941636416971,0.216852220477737
111.54,0.2,401.431379975732,0,0.93077024026406,0.649882579786909,0.214030637930597
111.55,0.2,401.697658233244,0,0.930163534468963,0.648976904035274,0.214012925174789
111.56,0.2,401.962075923036,0,0.930979241254901,0.649551501603775,0.214455482964113
111.57,0.2,402.22459301873,0,0.930604103567537,0.648421128204847,0.214127470830166
111.58,0.2,402.485169684432,0.000223697531702388,0.933478615872304,0.64890989326023,0.215288712074117
111.59,0.2,402.743766287207,0,0.931327628463331,0.649368081558909,0.214154966216048
111.6,0.2,403.00034340944,0,0.933754178883082,0.647018516778215,0.21590878771725
111.61,0.2,403.254861861106,0,0.932868731420087,0.648961713920612,0.215203183631938
111.62,0.2,403.507282691924,0.00169397237609197,0.93456511879424,0.649333354765309,0.214154204636472
111.63,0.2,403.757567203399,0,0.933868973493288,0.649173393980594,0.217254508844808
111.64,0.2,404.005676960758,0.00017322140569312,0.933600569539096,0.648357933056314,0.212746583587769
111.65,0.2,404.251573804757,0,0.934154928991581,0.648375505015086,0.212835074383454
111.66,0.2,404.495219863378,0,0.935823924191708,0.647457379415487,0.215609745031516
111.67,0.2,404.736577563394,0.000151491105209402,0.933640906168217,0.647465430326077,0.214679906912984
111.68,0.2,404.975609641812,0,0.935658967234174,0.646289966074413,0.21471241345143
111.69,0.2,405.212279157186,0.00189682124815658,0.935173259221405,0.648687553165211,0.214111518319649
111.7,0.2,405.446549500798,0.00149368899816474,0.934117391006822,0.646033345067366,0.214233681246815
111.71,0.2,405.678384407703,0.00154391187102296,0.934663966458267,0.647279598931521,0.214331499611633
111.72,0.2,405.907747967638,0.000979245626948886,0.936069247760541,0.649179186243496,0.21708340928569
111.73,0.2,406.134604635792,0.000634119983747436,0.934713475419263,0.645962193576319,0.21626568664276
111.74,0.2,406.358919243427,0.00200825408817239,0.935964823166291,0.646232297653121,0.215414828637271
111.75,0.2,406.580657008368,0.0022804718993171,0.935713472649323,0.649523360129284,0.213893213870842
111.76,0.2,406.79978354533,0,0.936126581782265,0.645883937813098,0.21623476134487
111.77,0.2,407.016264876106,0,0.934294574115902,0.647017141993147,0.215606346929327
111.78,0.2,407.230067439605,0.00107716379583314,0.938467239179496,0.64444493651257,0.215512508440813
111.79,0.2,407.441158101723,0.000301640668135627,0.938575162990784,0.646989415191828,0.214744503115005
111.8,0.2,407.649504165075,0.00141374168953291,0.938321783400498,0.646007630936803,0.216019913996149
111.81,0.2,407.85507337856,0.00115617233142857,0.941024250019408,0.64603248966497,0.213366551868102
111.82,0.2,408.057833946767,0,0.936691181760873,0.645082356757271,0.214636692389771
111.83,0.2,408.257754539223,0,0.937524925784332,0.647942262246392,0.214335618202892
111.84,0.2,408.454804299472,0,0.937249288597074,0.646652870793136,0.212630040687169
111.85,0.2,408.648952853997,0,0.940064869387645,0.644603434141563,0.214261169694644
111.86,0.2,408.840170320968,0,0.937066753851992,0.646619984711297,0.212578083844244
111.87,0.2,409.028427318827,0.000391715592808837,0.938464900784125,0.648209072939342,0.213428118632773
111.88,0.2,409.213694974698,0,0.93791078953233,0.64416021069889,0.21381969180946
111.89,0.2,409.395944932633,0,0.939388354474799,0.645967843673425,0.217591974240116
111.9,0.2,409.575149361674,0.001174626803321,0.941480446044931,0.64653848277353,0.215783933742089
111.91,0.2,409.751280963754,0.00279193043698144,0.938852630938358,0.645783670484892,0.214967038556753
111.92,0.2,409.92431298141,0.000765719955441862,0.937582214189174,0.642975568800398,0.213569885995884
111.93,0.2,410.094219205331,0.000768044953990008,0.93887965279676,0.645288301939395,0.216347627045056
111.94,0.2,410.260973981716,0,0.938135975131603,0.645198948845465,0.213957609995353
111.95,0.2,410.424552219462,0.000759427881384234,0.938011146825925,0.647365036061738,0.213201529436003
111.96,0.2,410.584929397166,0,0.942102480493323,0.645319374793642,0.214525716618559
111.97,0.2,410.742081569947,0.00130610386153205,0.938255843273961,0.645081169862185,0.216308120340101
111.98,0.2,410.895985376087,0.000679308299210336,0.940406621992203,0.645518316070357,0.213997394632166
111.99,0.2,411.046618043483,6.11778006366402e-05,0.936277547591881,0.645470291543893,0.214590117114578
112,0.2,411.193957395922,0,0.938967378709576,0.646259339572475,0.214185903265959
112.01,0.2,411.337981859165,0.00115408741785309,0.940157880838066,0.644459857710642,0.214471536226542
112.02,0.2,411.478670466842,0.00112381617814966,0.939221224150691,0.644026042763945,0.214741455986158
112.03,0.2,411.616002866169,0,0.942313856133896,0.645301030886174,0.216255504675195
112.04,0.2,411.749959323465,0,0.941659265002209,0.643345495872408,0.215794964733389
112.05,0.2,411.880520729491,0,0.941547204130381,0.642629984681848,0.216160402779169
112.06,0.2,412.007668604589,0.000322964821255617,0.940851275969108,0.640307879392068,0.213774979505887
112.07,0.2,412.13138510364,0.00120151967315286,0.940836636280625,0.643473901529674,0.21705333747666
112.08,0.2,412.251653020823,0.00371247756420805,0.94329903920415,0.645207327200374,0.217653750601674
112.09,0.2,412.368455794187,0,0.940724891039727,0.645203855661911,0.216702920908326
112.1,0.2,412.48177751003,0.00174590850989421,0.942292119915531,0.64159435190155,0.215939708382283
112.11,0.2,412.591602907082,0.000867193988564267,0.940758207027407,0.642793831785928,0.215106304086567
112.12,0.2,412.697917380496,0.00112544439716141,0.942351301520213,0.647160213268913,0.21613868203685
112.13,0.2,412.800706985652,0,0.943683805184513,0.643199991962112,0.217462676061027
112.14,0.2,412.899958441751,0,0.946676730775934,0.64263321572652,0.215435156590245
112.15,0.2,412.99565913523,0.00110914190495299,0.943576775639917,0.643414677760769,0.214575123255672
112.16,0.2,413.087797122972,3.79153871403853e-05,0.943452667496203,0.642959538471405,0.212027220725825
112.17,0.2,413.176361135324,0,0.944014831456313,0.642089750374433,0.2159596052752
112.18,0.2,413.261340578918,0,0.941109832697704,0.645330120240743,0.214241288808282
112.19,0.2,413.342725539297,0.00332218808281562,0.943563874077009,0.64433821417365,0.214780574369416
112.2,0.2,413.420506783339,0.00067382700331211,0.94154161101759,0.642376544440138,0.216544106489334
112.21,0.2,413.494675761494,0,0.943265532017889,0.64238677561158,0.216267878102235
112.22,0.2,413.565224609815,0,0.946917085211998,0.644134941112658,0.213821022765897
112.23,0.2,413.632146151794,0.000730738115352481,0.945626208149311,0.643478350118765,0.214293376213195
112.24,0.2,413.695433900001,0,0.942103977739857,0.642657960999511,0.212269121721509
112.25,0.2,413.755082057528,0.000250242069534455,0.944658708163098,0.643241124008975,0.215558105609144
112.26,0.2,413.811085519232,0.000205048656690381,0.943880719617223,0.642658008195011,0.213085813029782
112.27,0.2,413.863439872776,0,0.942699142413429,0.645234977235781,0.214482792434856
112.28,0.2,413.912141399484,0,0.942996136416803,0.644166552552372,0.21570716428211
112.29,0.2,413.957187074983,0.00169499347634456,0.94362475923781,0.643707459581164,0.219991077551249
112.3,0.2,413.99857456966,0,0.94229125734499,0.64254243304526,0.216776720420856
112.31,0.2,414.036302248913,0,0.943432665946588,0.641810419170073,0.215160619912829
112.32,0.2,414.070369173205,0.000396660263066676,0.940668739503578,0.641663929121889,0.216328314993691
112.33,0.2,414.100775097924,0.0012413258579064,0.944149256474129,0.643147260451355,0.214828395603202
112.34,0.2,414.12752047304,0.00133096550302777,0.943163991198717,0.646068541999921,0.215455285601685
112.35,0.2,414.150606442566,0.000360394242969224,0.943217600991279,0.643988439540258,0.214306407799475
112.36,0.2,414.170034843824,0,0.942443744367678,0.645272760564984,0.21586639762759
112.37,0.2,414.185808206507,0.0009912946004965,0.942442770586052,0.642739825105366,0.218534282756178
112.38,0.2,414.197929751551,0,0.940931434349151,0.644137060569294,0.214763449031092
112.39,0.2,414.206403389805,0,0.943037692641081,0.642040607379043,0.214838978765546
112.4,0.2,414.211233720506,0,0.943494947600003,0.6442049044031,0.215887259501009
112.41,0.2,414.212426029552,0.00193862545878112,0.943148817728112,0.644741325011957,0.213222099412851
112.42,0.2,414.209986287592,0,0.941722425852238,0.643082855103784,0.216477036546312
112.43,0.2,414.203921147902,0,0.944566188791421,0.643933950711218,0.216079338919216
112.44,0.2,414.194237944078,0.000309348734110347,0.945358841023458,0.64437283335516,0.217058266491049
112.45,0.2,414.180944687529,0.000125295834763789,0.94124757309073,0.641582946762609,0.218008167358629
112.46,0.2,414.164050064776,0.000885034752978481,0.944379641619266,0.646603130344876,0.217139327737861
112.47,0.2,414.143563434556,0.00144990333680049,0.942790973872022,0.645488023299762,0.215645305719062
112.48,0.2,414.119494824729,0,0.944972706234148,0.645160815841131,0.214266000442344
112.49,0.2,414.091854928996,0.000699953542209299,0.944132714360913,0.642572098880137,0.216440598056693
112.5,0.2,414.060655103422,0.000173785935023674,0.944695825530298,0.644460243478665,0.213348268745185
112.51,0.2,414.025907362764,0.00115325002066501,0.941685870336171,0.643668287091742,0.213817168162366
112.52,0.2,413.987624376608,0.000662852580540362,0.94327197991333,0.641954026517215,0.21440150990753
112.53,0.2,413.945819465317,0.00325993300353197,0.945036143295682,0.645787902673451,0.213733495956432
112.54,0.2,413.900506595787,0.00165814426125445,0.942729265761021,0.642984819366026,0.214043561949414
112.55,0.2,413.851700377008,0.000385116271610422,0.945288638359345,0.643867978936201,0.214371750272513
112.56,0.2,413.799416055442,0.000979491864693583,0.943722036596562,0.646129371539229,0.212769565812963
112.57,0.2,413.743669510206,0.00166109511624325,0.943039672385057,0.643550380736828,0.215249210387423
112.58,0.2,413.684477248077,0,0.942153538065793,0.643275316549897,0.214616112003097
112.59,0.2,413.621856398294,0,0.943957342996711,0.643024226718658,0.21210358404822
112.6,0.2,413.55582470719,0,0.941921331271327,0.646371515190099,0.213197792823127
112.61,0.2,413.486400532624,0.000284483961818323,0.942626476736312,0.645797393723085,0.213456179718887
112.62,0.2,413.41360283824,0,0.944166849468957,0.644991995570891,0.2120809734495
112.63,0.2,413.337451187536,0,0.944958407759051,0.644175707459253,0.214913688565417
112.64,0.2,413.257965737749,0,0.943523225335114,0.644855018537095,0.214239074358503
112.65,0.2,413.175167233563,0.000472411336119894,0.945180459775305,0.647594471851973,0.213322301452975
112.66,0.2,413.089077000633,5.37349739745525e-05,0.9436971987831,0.645718993854803,0.21549352580885
112.67,0.2,412.999716938931,0.00187257786685264,0.941409797408538,0.647273676059381,0.214551390163651
112.68,0.2,412.907109515912,0,0.941160378621688,0.645083973635863,0.216119651310813
112.69,0.2,412.811277759503,0.00143004622307729,0.942040635997561,0.646301997914931,0.214522214917216
112.7,0.2,412.712245250918,0.000233633655148648,0.943551605362631,0.645398029660918,0.214755380993324
112.71,0.2,412.610036117295,0,0.94269661355759,0.645848702108831,0.21542957136573
112.72,0.2,412.504675024166,0.000626057801098622,0.941029686693635,0.645454365430208,0.21417783762696
112.73,0.2,412.39618716774,0,0.945722991526154,0.645022279787302,0.21380193616556
112.74,0.2,412.28459826704,0.000662677072266877,0.943332569095264,0.644441047853699,0.214159169300559
112.75,0.2,412.169934555844,0.00105123506636483,0.942230156032666,0.647008335055506,0.215920028940916
112.76,0.2,412.052222774478,0.00126170535446635,0.943309937632429,0.645732378936172,0.213238983524557
112.77,0.2,411.931490161433,0,0.945400884210134,0.648437761518688,0.216065229996285
112.78,0.2,411.807764444823,0.00128182574684254,0.944710073969407,0.643526311456793,0.21447034112791
112.79,0.2,411.681073833677,0.000983010187376064,0.942992507247956,0.645489813462929,0.217581675772643
112.8,0.2,411.551447009067,0,0.942349578280448,0.646700597338184,0.216508345571129
112.81,0.2,411.418913115089,0.00182409514937162,0.944050646724897,0.64631685083449,0.213538139375385
112.82,0.2,411.283501749669,0.000236269525714851,0.941580451996287,0.646649581017266,0.214626913911661
112.83,0.2,411.145242955232,0,0.94304375796288,0.647521370795138,0.21525929670397
112.84,0.2,411.004167209202,0.000792716359622368,0.944516424387457,0.646317313481649,0.213193276672644
112.85,0.2,410.860305414358,0.000984215664392023,0.942343358150689,0.64762219539062,0.216992275065909
112.86,0.2,410.713688889044,0.00146000735620952,0.943697275563522,0.646757120130464,0.214378366916965
112.87,0.2,410.564349357225,0,0.942692114483548,0.647097927569663,0.21471208523339
112.88,0.2,410.412318938398,0,0.939441638418229,0.648111869812168,0.213603806403623
112.89,0.2,410.25763013737,0,0.939888717593663,0.64749622380715,0.21588964071006
112.9,0.2,410.100315833881,0.000445312224861804,0.941568658227221,0.646579455892007,0.215521445446485
112.91,0.2,409.940409272101,0.0014847325763764,0.942679115328309,0.646792589184722,0.214001232448581
112.92,0.2,409.77794404999,0,0.943049530731883,0.648256568808272,0.215803294959308
112.93,0.2,409.612954108514,0,0.939920542680058,0.647934242183693,0.212626355544652
112.94,0.2,409.445473720749,0,0.943295374495519,0.648168155506075,0.214433003851776
112.95,0.2,409.275537480839,0.00190292663931534,0.941194981067283,0.64872557069007,0.213871921189836
112.96,0.2,409.103180292843,0,0.940702536103342,0.64945821301533,0.216991922288157
112.97,0.2,408.928437359452,0,0.939884087899078,0.647928501351777,0.21548808409186
112.98,0.2,408.751344170591,0,0.940778624867872,0.648400228683843,0.217294887455131
112.99,0.2,408.5719364919,0.000856750032018759,0.93835053370027,0.648449128772422,0.213958710764034
113,0.2,408.390250353108,0.00199218975776083,0.940496583803319,0.648573130891857,0.217143511718565
113.01,0.2,408.20632203629,0,0.940131126653378,0.648378898056207,0.213783423877536
113.02,0.2,408.020188064026,0,0.940225865291781,0.647748011429795,0.214811977353824
113.03,0.2,407.831885187444,0,0.94175940687292,0.649695482460799,0.216511381203023
113.04,0.2,407.641450374174,0.0001691120138909,0.940227576137228,0.647238493664619,0.212723990937222
113.05,0.2,407.448920796202,0,0.938862321585955,0.648532536301153,0.216072009333934
113.06,0.2,407.254333817621,0.00244735960816709,0.939787881385715,0.64888396430108,0.215083995541306
113.07,0.2,407.057726982309,0,0.938932442682816,0.649066409993823,0.214161184816642
113.08,0.2,406.859138001506,0.000661556182436792,0.939335754559836,0.647708508819367,0.216326794615595
113.09,0.2,406.658604741313,0,0.939507286220848,0.651761881767857,0.214958242792889
113.1,0.2,406.456165210116,0,0.938450267018299,0.649505068532936,0.215172828857187
113.11,0.2,406.251857545929,0.00162401893086964,0.939337161859932,0.649450945999303,0.214741302424876
113.12,0.2,406.045720003668,0,0.939372002406915,0.650304466035159,0.218137843123323
113.13,0.2,405.837790942359,0.000767162373251207,0.936386692150476,0.653825697965314,0.216756372139357
113.14,0.2,405.628108812279,0,0.93815892694554,0.649752241398972,0.214269111090282
113.15,0.2,405.416712142044,0.00103195334806301,0.936740911274907,0.650111657785755,0.214101061550979
113.16,0.2,405.203639525635,0.000701934306681679,0.936220189276725,0.653014714720027,0.214396506119132
113.17,0.2,404.988929609378,0.00246274278186529,0.937606516635591,0.651589455451743,0.214641726357801
113.18,0.2,404.772621078877,0.000337298815442038,0.939094501565493,0.651554461526998,0.215241656486893
113.19,0.2,404.554752645903,0.000500337360581301,0.937336076879198,0.650726163457043,0.214527439269682
113.2,0.2,404.335363035247,0,0.936390656854271,0.649004521177026,0.217185858719038
113.21,0.2,404.114490971539,0,0.938180842125116,0.653630680272969,0.212406064545718
113.22,0.2,403.892175166044,0.000210617921219174,0.938505916826302,0.651699288510498,0.216174039269825
113.23,0.2,403.668454303423,0,0.936578144877294,0.652360992674889,0.214940063785073
113.24,0.2,403.443367028487,0.00110349264059979,0.934407587191832,0.653015628623714,0.213032680713586
113.25,0.2,403.216951932931,0.0020479505731134,0.935859175951135,0.65214833594356,0.219524009110839
113.26,0.2,402.989247542056,0,0.935454219182678,0.6525895022309,0.215536765480733
113.27,0.2,402.760292301495,0.00184758632546101,0.934774671451451,0.652053205520023,0.217637918717897
113.28,0.2,402.530124563932,0,0.938106918154222,0.653994052734383,0.215096763490855
113.29,0.2,402.298782575829,0.000283719736169409,0.933369954323031,0.65191821752449,0.217704548477521
113.3,0.2,402.066304464167,0.00100618546700114,0.937670566375917,0.650888627444891,0.214894213319372
113.31,0.2,401.832728223197,0,0.934669558134552,0.651932040725355,0.21359127524063
113.32,0.2,401.598091701217,8.70648612478669e-05,0.936745774632073,0.651477585699812,0.214832341181547
113.33,0.2,401.362432587374,0,0.93331056956685,0.65284122015493,0.215532169516083
113.34,0.2,401.125788398497,0.000376159996294941,0.933392267301201,0.653160726048456,0.215721568957786
113.35,0.2,400.888196465965,0,0.935468721886962,0.653222187892944,0.2140862346832
113.36,0.2,400.649693922626,0,0.932338298103261,0.653357062211839,0.213217598533331
113.37,0.2,400.410317689749,0.000168078372960341,0.932577255273138,0.653668390426215,0.216253275257124
113.38,0.2,400.170104464049,0,0.936479585959574,0.654340454843696,0.213802474365238
113.39,0.2,399.929090704746,0.0012258687589565,0.931979406749736,0.650886667470762,0.21360100836166
113.4,0.2,399.687312620718,0,0.932248209048972,0.654536895707632,0.215171790537366
113.41,0.2,399.444806157694,0,0.93314158932476,0.654586856224147,0.214801203849864
113.42,0.2,399.201606985545,0,0.93209689813811,0.65217480947277,0.215054393967806
113.43,0.2,398.957750485648,0,0.932593982412593,0.655662204566734,0.214067850525684
113.44,0.2,398.71327173833,0.000279444821343596,0.930639312619158,0.652311995936625,0.215127647579448
113.45,0.2,398.468205510419,0,0.932365839861456,0.651928720056889,0.213397178264149
113.46,0.2,398.22258624288,0.000986552338070043,0.929276986904824,0.652295132365974,0.214422751725555
113.47,0.2,397.976448038562,0,0.929198144813822,0.65553686344763,0.214057374880581
113.48,0.2,397.729824650053,0,0.9328765149925,0.653973045006372,0.21571428422122
113.49,0.2,397.482749467646,0,0.933243644048302,0.654069158997507,0.213529362926204
113.5,0.2,397.235255507437,8.83139810901176e-05,0.93133983144304,0.656616137129252,0.215597950827895
113.51,0.2,396.987375399533,0.000454442116698282,0.932900068419789,0.652094804560001,0.216178188590697
113.52,0.2,396.739141376408,0,0.930921035592487,0.657438281645526,0.217771012278369
113.53,0.2,396.490585261386,0,0.929563411684935,0.654196338504059,0.21845902552006
113.54,0.2,396.241738457275,0.000581780145654089,0.930914993172745,0.6523849728782,0.214611020454512
113.55,0.2,395.992631935148,0,0.928851588136112,0.656255579874826,0.213326668641149
113.56,0.2,395.743296223269,0,0.928428510185562,0.660339956934214,0.211189046992485
113.57,0.2,395.493761396199,0.00255868304641092,0.928500832210393,0.654849608601832,0.2165352095149
113.58,0.2,395.244057064053,0,0.930363836444499,0.654907896458831,0.215087515077136
113.59,0.2,394.994212361929,0.000125163570053229,0.92672286180483,0.654020664599563,0.212719362741061
113.6,0.2,394.744255939522,0.0013139192271759,0.92688644996922,0.65684109969112,0.216210633089002
113.61,0.2,394.494215950915,0,0.92723716099609,0.651656718673118,0.215783062378746
113.62,0.2,394.244120044554,0.00131984398536741,0.927932927942432,0.654671853427477,0.213985805171587
113.63,0.2,393.99399535343,0,0.930222465252958,0.656232590807447,0.213586397560014
113.64,0.2,393.743868485439,0,0.925433239827634,0.654992408603955,0.214404846638797
113.65,0.2,393.493765513964,0,0.926000949862303,0.65580902756533,0.216678514976046
113.66,0.2,393.243711968657,0.000322439890775517,0.925686326420992,0.655380848315482,0.213005513033281
113.67,0.2,392.993732826432,0.00142631174750665,0.926057731711107,0.654725469647324,0.213150793135309
113.68,0.2,392.743852502686,0.000295264576967359,0.926368020148124,0.657142539693362,0.214877089401556
113.69,0.2,392.494094842737,0,0.927095260475557,0.656329035141111,0.215360554731866
113.7,0.2,392.244483113486,0.00015167646326535,0.924702158028814,0.654637199980937,0.214283533565038
113.71,0.2,391.995039995329,0,0.923236036555952,0.655224860440566,0.215235516493566
113.72,0.2,391.745787574289,0.000918262455729996,0.922395050372975,0.654391442477949,0.215428550702957
113.73,0.2,391.496747334398,0.00106652166908168,0.923204651233275,0.656608307844932,0.214197621307983
113.74,0.2,391.247940150329,0,0.920883528283752,0.652851945308187,0.21630884608838
113.75,0.2,390.999386280274,0.00143023131372233,0.924248693674827,0.657603244682369,0.216040536030717
113.76,0.2,390.751105359079,0,0.924647845128356,0.655065980274145,0.216779857269621
113.77,0.2,390.503116391642,0,0.925857978290746,0.655033475042606,0.215259643587232
113.78,0.2,390.25543774657,0,0.920642592327834,0.655117527044359,0.214308882090736
113.79,0.2,390.008087150107,0,0.922308213381413,0.655297499772607,0.21348942730951
113.8,0.2,389.761081680331,0,0.920346857913697,0.657582225379914,0.216063437919883
113.81,0.2,389.514437761632,0,0.925442453093214,0.659125645653761,0.21378711290377
113.82,0.2,389.268171159456,0.00039198970452994,0.922012848444427,0.658000365360123,0.213304504289254
113.83,0.2,389.022296975349,0,0.919989860845386,0.657241472226491,0.216253338451365
113.84,0.2,388.776829642265,0,0.923034818959686,0.655987787923643,0.215285608849764
113.85,0.2,388.531782920185,0,0.918733219269307,0.655703851249432,0.215805408872714
113.86,0.2,388.28716989201,0.000149986587833377,0.91885489092901,0.657242933861014,0.216762092636694
113.87,0.2,388.043002959754,0,0.918678096744398,0.656813488703705,0.217183218390912
113.88,0.2,387.799293841037,0.000969757319686255,0.919208845399189,0.657302380642846,0.216720960889754
113.89,0.2,387.556053565871,0,0.919839032127359,0.654575678144439,0.216153464869399
113.9,0.2,387.313292473755,0.00148503688647905,0.91734487694585,0.656047980856488,0.217803440804048
113.91,0.2,387.071020211068,0.000511759880191419,0.919788740413277,0.655839139875659,0.216868381076867
113.92,0.2,386.829245728768,0.00157872142815529,0.919394089248168,0.657121238964123,0.213485483822333
113.93,0.2,386.587977280405,0.000494334322803388,0.917196942605334,0.654683777436168,0.215473429703296
113.94,0.2,386.347222420435,0,0.918185592421205,0.655754885221935,0.214729696069609
113.95,0.2,386.106988002853,0.00217506257446659,0.918537273525185,0.65401222668481,0.213896174571371
113.96,0.2,385.867280180132,0.000820520100175756,0.917941441177333,0.655210220301446,0.212369174906844
113.97,0.2,385.62810440248,0,0.91583381995707,0.658029469096121,0.214896007775725
113.98,0.2,385.38946541741,0,0.91830372781387,0.656775335911298,0.215003991046745
113.99,0.2,385.151367269622,4.78380707455826e-05,0.91845377157489,0.658331554878652,0.216573986594816
114,0.2,384.913813301212,3.45657598868085e-06,0.914059500485903,0.655904551372902,0.21388511749555
114.01,0.2,384.676806152182,0.00223210197013116,0.913921433796359,0.653376373485452,0.215127280160671
114.02,0.2,384.440347761283,0.000783364666084493,0.915034120167605,0.657370717213952,0.213236882532113
114.03,0.2,384.204439367159,0.000985930488982167,0.91375958392167,0.654550551244054,0.214189558454887
114.04,0.2,383.969081509827,0.000131542745228206,0.9161694184152,0.656137996476378,0.215264321739061
114.05,0.2,383.734274032457,0.00158421165905584,0.91236436354085,0.658716732392696,0.215368533576805
114.06,0.2,383.500016083474,0,0.912213773873565,0.655083022082326,0.214685236520114
114.07,0.2,383.266306118983,0.000525266765183855,0.910904767957454,0.653669491158176,0.215015441228934
114.08,0.2,383.033141905498,0,0.912040724646439,0.658315814060149,0.212146393556699
114.09,0.2,382.800520522994,0,0.910821822765436,0.65423435189645,0.21759927313203
114.1,0.2,382.56843836827,0,0.91122285080069,0.65736698113829,0.215223192925043
114.11,0.2,382.33689115862,0.00234813151707808,0.911936887274563,0.658390265615765,0.21506481454733
114.12,0.2,382.105873935817,0.00055322622622977,0.911556886045655,0.656372140954882,0.215851047759062
114.13,0.2,381.875381070413,0,0.910253784228952,0.658487951229834,0.21346950980639
114.14,0.2,381.645406266331,0,0.90821940789824,0.654697466694184,0.214633183002476
114.15,0.2,381.415942565779,0,0.907479096345405,0.657718514132639,0.215179211708373
114.16,0.2,381.186982354452,0.00142090843780749,0.907099241606167,0.656576509234765,0.21072987001282
114.17,0.2,380.958517367048,0,0.911921962605106,0.656735216460203,0.211876286886741
114.18,0.2,380.730538693072,0,0.909021678972092,0.655540026776379,0.21623752491034
114.19,0.2,380.503036782941,0.00044596119974307,0.907866677067317,0.657345957201757,0.21444244798929
114.2,0.2,380.276001454382,0,0.910055067416387,0.656354127109756,0.213686635994274
114.21,0.2,380.049421899116,0,0.905819990917859,0.65492243006687,0.212025712138653
114.22,0.2,379.823286689834,0.00186551227449724,0.90883265125157,0.655588608426031,0.215542253425579
114.23,0.2,379.597583787454,0.00138312668905654,0.906484386340761,0.653046738743082,0.21424340821292
114.24,0.2,379.372300548658,0,0.908022996537906,0.656086775495794,0.216140779888269
114.25,0.2,379.147423733708,0,0.903718267832491,0.653455649568244,0.214104979287288
114.26,0.2,378.922939514528,0,0.904573469311768,0.652958171216762,0.215309925224728
114.27,0.2,378.698833483067,0,0.909172589009261,0.655842959972353,0.213175281904246
114.28,0.2,378.475090659918,0,0.906538467592627,0.65267195409195,0.214271779917082
114.29,0.2,378.2516955032,0,0.904475833712615,0.657652438101831,0.216795321647909
114.3,0.2,378.028631917699,0,0.904874572091368,0.652000608010369,0.217408207558757
114.31,0.2,377.805883264262,0,0.904222046960146,0.658510187621348,0.213981036936149
114.32,0.2,377.583432369433,0,0.901836042267633,0.65691273326783,0.214618085841243
114.33,0.2,377.361261535342,0.00154725876261948,0.903237728447825,0.654168173553665,0.215585359181953
114.34,0.2,377.139352549823,0,0.902449366619104,0.655149971439631,0.211407462679783
114.35,0.2,376.917686696776,0,0.901992756757594,0.652718128469955,0.21504218824519
114.36,0.2,376.696244766749,0,0.902249576246316,0.652140794161014,0.215315931360178
114.37,0.2,376.475007067748,0.00121450505261948,0.902956427564603,0.654786155107834,0.215809229675219
114.38,0.2,376.25395343627,0,0.899940945974463,0.6554679515953,0.214560122718335
114.39,0.2,376.033063248541,0,0.899242960806046,0.655478725751282,0.213677241457051
114.4,0.2,375.812315431968,0,0.898053240412238,0.651836748422269,0.21397076668623
114.41,0.2,375.591688476796,0,0.901883619215847,0.652181899077566,0.214987773854895
114.42,0.2,375.371160447955,0,0.900904358436856,0.657237050153241,0.212848741086638
114.43,0.2,375.150708997106,0,0.896856195393435,0.652925632126559,0.214971724356634
114.44,0.2,374.930311374874,0,0.9010146020275,0.655155548828043,0.213084673713755
114.45,0.2,374.709944443254,0,0.898806029582621,0.652096142268509,0.214805430114593
114.46,0.2,374.489584688198,0.000867236666404422,0.898177634924601,0.654582719705668,0.213469649418206
114.47,0.2,374.269208232374,6.35085529695094e-05,0.895965591745265,0.652617901448073,0.2142849677768
114.48,0.2,374.048790848077,0.00110145663470457,0.893087677670254,0.655549953766819,0.21412031234542
114.49,0.2,373.828307970313,0.000221179283627624,0.895897161713838,0.650756326484128,0.212864322230477
114.5,0.2,373.607734710022,0.000610934899093435,0.896942944687341,0.651552994580986,0.214819014776444
114.51,0.2,373.387045867449,0.00204623364397961,0.899552482617965,0.649704275677348,0.214502705940241
114.52,0.2,373.166215945663,0,0.895790125420378,0.652383812871871,0.215521204915692
114.53,0.2,372.945219164197,0,0.895099510250594,0.65257642927313,0.215026020481749
114.54,0.2,372.724029472825,0,0.896858981847551,0.65446229021433,0.214880050842522
114.55,0.2,372.502620565457,0,0.893333636759018,0.652287869845517,0.216747734942214
114.56,0.2,372.280965894143,0.000694735738222921,0.893858118949875,0.650356459226497,0.217587749848632
114.57,0.2,372.059038683201,0,0.893974335116814,0.65290775256718,0.214499400055491
114.58,0.2,371.836811943435,0,0.89271665959948,0.649472355738257,0.214531609945937
114.59,0.2,371.614258486452,0,0.889851819593797,0.650979634487946,0.215402956691319
114.6,0.2,371.391350939075,0.000266240503336808,0.890258154304381,0.651075152742333,0.215641737247623
114.61,0.2,371.168061757836,0,0.890781659442714,0.650590545563746,0.213979523570395
114.62,0.2,370.944363243548,0,0.89000181355327,0.650162857391931,0.213664842999861
114.63,0.2,370.720227555951,0.00155310247549255,0.892734944083515,0.651609701921507,0.214697287706703
114.64,0.2,370.495626728424,0,0.888502793017058,0.649261378597068,0.216183424136237
114.65,0.2,370.270532682753,0,0.889401210184898,0.651613744142199,0.216402777080214
114.66,0.2,370.044917243961,0,0.889044290377739,0.649175405338938,0.213693975917581
114.67,0.2,369.818752155178,0.00231067479883375,0.89072644618619,0.649716102796351,0.212104986935296
114.68,0.2,369.592009092559,0.00170662342354223,0.885571523116768,0.650582603935474,0.216574569276231
114.69,0.2,369.364659680233,0,0.888149475754838,0.648934457464081,0.213367380257838
114.7,0.2,369.136675505286,0,0.88679990009885,0.647914172837748,0.217623993864458
114.71,0.2,368.908028132766,0.00101866610026065,0.888804861060759,0.649225201400618,0.215561341539887
114.72,0.2,368.678689120711,0.000499977102725346,0.887963097118682,0.648496556895772,0.214704075375829
114.73,0.2,368.448630035176,0,0.887344046134186,0.648441184993825,0.215193683319532
114.74,0.2,368.217822465288,0,0.887000684731929,0.64810526047988,0.213633591686823
114.75,0.2,367.986238038281,0.00185361360503418,0.886752464633533,0.64987372377421,0.214997839706083
114.76,0.2,367.75384843454,0,0.886933315547523,0.648632431872956,0.21646670976572
114.77,0.2,367.520625402631,0.00097954853333102,0.883331640184802,0.649613452622753,0.213641232011147
114.78,0.2,367.286540774306,0,0.88277824232065,0.64914683792413,0.21629208660809
114.79,0.2,367.051566479506,0.000196861405635615,0.885447435097847,0.648074028071969,0.21695331914821
114.8,0.2,366.815674561318,0.00124668638550549,0.883681197872775,0.648090752169138,0.214980298700606
114.81,0.2,366.578837190908,0.000749873371767131,0.883207583824341,0.650596740661194,0.217622881765741
114.82,0.2,366.341026682418,0.000819407118400018,0.883279146486885,0.646373758061057,0.215394678161177
114.83,0.2,366.102215507817,0,0.882556548608795,0.647817679468307,0.214030549021492
114.84,0.2,365.862376311701,0,0.881216645228936,0.648541262348492,0.213955470357674
114.85,0.2,365.621481926049,0,0.884947897656406,0.649811465822096,0.215887287708074
114.86,0.2,365.379505384907,0.00209364762139851,0.883237858223566,0.646561481550888,0.215816213573687
114.87,0.2,365.136419939023,0.000707721326264447,0.880676747486482,0.645659172444312,0.21569515197099
114.88,0.2,364.892199070403,0,0.878903135663359,0.649833381966918,0.215326813065111
114.89,0.2,364.646816506799,0,0.878426836566085,0.645656012804065,0.214594272810322
114.9,0.2,364.400246236115,0,0.879927951346345,0.648544211767813,0.213252294495393
114.91,0.2,364.152462520735,0,0.876932428353017,0.647139128079297,0.215689980083711
114.92,0.2,363.90343991176,0.000276206790037499,0.87735295481659,0.646208393958021,0.215246556639917
114.93,0.2,363.653153263154,0,0.877105461759134,0.645751580075012,0.214785872858384
114.94,0.2,363.401577745794,0,0.878768404505758,0.648509456623184,0.214845868382457
114.95,0.2,363.148688861416,0.000211736522409287,0.876834232255929,0.644944105550189,0.214257176938308
114.96,0.2,362.894462456463,0.000466018837987793,0.878016916279479,0.646592057687025,0.215616503910054
114.97,0.2,362.638874735812,0.00171690760773837,0.875550702416466,0.645846320328687,0.214446455860436
114.98,0.2,362.3819022764,0.00208969513277411,0.873573756920987,0.64573564406248,0.214420353652955
114.99,0.2,362.12352204072,0,0.877187787819495,0.647601426039107,0.217596557344224
115,0,361.863711390203,0,0.875765545555909,0.646667607790117,0.212762341377427
115.01,0,361.602448098469,0,0.87774212120419,0.64487491825692,0.214619043758561
115.02,0,361.339710364455,0.00204330054287184,0.874943288579696,0.645474598280182,0.213595662792028
115.03,0,361.075476825397,0,0.873333008950354,0.647922438584587,0.215948471096608
115.04,0,360.809726569689,0,0.874056851515856,0.644473651800312,0.214252183433127
115.05,0,360.542439149586,0,0.873325454195905,0.647245281101847,0.215516564781664
115.06,0,360.273594593775,0,0.872196142229962,0.64308606844665,0.212159588871861
115.07,0,360.003173419787,0.00042685855684894,0.870980395832046,0.642881483350375,0.215229801988391
115.08,0,359.731156646264,0.000226832038432903,0.871885142756783,0.644061517328788,0.214661795010813
115.09,0,359.457525805065,0,0.868529310874573,0.644658519783291,0.213126019287735
115.1,0,359.182262953218,0.00145968020159946,0.870299511009658,0.645474049787831,0.217940732857036
115.11,0,358.905350684707,0.000260844887892731,0.872952681358572,0.64639845319169,0.215698052281319
115.12,0,358.626772142092,0.000434227539695381,0.870194218992871,0.644194559302771,0.215041718156921
115.13,0,358.346511027963,0,0.868992587782926,0.64697624422922,0.216212433100605
115.14,0,358.064551616222,0,0.868219951178623,0.643730768630376,0.215100457209566
115.15,0,357.780878763186,0,0.869026178389568,0.645871873993595,0.212899998744205
115.16,0,357.495477918522,0.00119085516680777,0.865605702973631,0.640855456749864,0.216060502161363
115.17,0,357.208335135985,0,0.866603818287214,0.645326906906471,0.214525112380339
115.18,0,356.919437083989,0,0.866488920090717,0.643391689683845,0.214697152078164
115.19,0,356.628771055983,0,0.865977763841122,0.645576237959265,0.21456478544935
115.2,0,356.336324980632,0,0.866764939831803,0.643660410470617,0.213626248333304
115.21,0,356.042087431821,0,0.865504865916455,0.64498267022885,0.217076319278438
115.22,0,355.746047638451,0.00114571051444936,0.862895197858429,0.646511549525699,0.213833618852191
115.23,0,355.44819549404,0.000470930667382262,0.865399746815124,0.645079935346053,0.214520633282559
115.24,0,355.148521566132,0,0.865305491850251,0.644745349426741,0.216643038883296
115.25,0,354.84701710549,0,0.866320973417999,0.642176682076587,0.216779488059583
115.26,0,354.543674055098,0,0.865108138371057,0.643808558824502,0.215298539940902
115.27,0,354.238485058942,0,0.86418641979129,0.643022621808189,0.213696091933851
115.28,0,353.931443470592,0,0.861008100321432,0.641747122233098,0.215578097594931
115.29,0,353.622543361564,0,0.86568679646733,0.641123475215255,0.215367128612919
115.3,0,353.311779529475,0,0.858756731625727,0.644503476276249,0.213862095212471
115.31,0,352.999147505967,0,0.86281279907862,0.643810449533157,0.216072301720912
115.32,0,352.684643564432,0.000769091314114945,0.8635741424047,0.644277441144896,0.215103472880864
115.33,0,352.368264727494,0,0.861104087323204,0.64407758281614,0.217128686583568
115.34,0,352.050008774286,0,0.860068930030298,0.643881983847489,0.214104798441328
115.35,0,351.729874247485,0.000666401835144435,0.859785457069768,0.645716661109699,0.214736875630743
115.36,0,351.40786046013,0,0.860695513102471,0.644233114649863,0.214517342506473
115.37,0,351.083967502203,0.00445042162811889,0.857900627264235,0.645054261559413,0.214283057707381
115.38,0,350.758196246984,0,0.857790606577184,0.645689975304137,0.211118342467165
115.39,0,350.430548357166,0.00443969052920099,0.859566357618966,0.645380886137063,0.215366944705936
115.4,0,350.101026290732,0.000807487535440203,0.857453564103468,0.644341107917129,0.213968449555766
115.41,0,349.769633306602,9.9185923743604e-05,0.859790266472924,0.644957921132289,0.21359255527068
115.42,0,349.436373470028,0.0021036409210745,0.857436560266313,0.642973640740765,0.213977068312379
115.43,0,349.101251657757,0.000676285654964776,0.856587798991306,0.643252843060742,0.214080250995309
115.44,0,348.764273562941,0.00214360790484207,0.854659738707543,0.644634728603303,0.214203645373016
115.45,0,348.425445699804,0.000338390148724369,0.859157962473654,0.642933558214066,0.216232626628139
115.46,0,348.084775408061,0.000940952710099735,0.852244078770338,0.642981540722287,0.215861397384114
115.47,0,347.742270857085,0,0.855445113183103,0.644363286882949,0.214995742365029
115.48,0,347.397941049822,0.000450368306908292,0.85309703348242,0.644640257151066,0.214846090592027
115.49,0,347.051795826449,0.00272120859878064,0.851446523625947,0.643041913823057,0.213011510945161
115.5,0,346.70384586778,0,0.855566724608247,0.64236704250917,0.218477969026687
115.51,0,346.35410269841,0.00176912208340133,0.854541030616767,0.644120958897002,0.215763914721334
115.52,0,346.002578689599,0,0.854844626245346,0.64347524348449,0.218140896406846
115.53,0,345.649287061898,0.00250806110684471,0.854646310653517,0.643518810058376,0.214015503406144
115.54,0,345.294241887505,0,0.851737919890313,0.644459322646464,0.213625189089144
115.55,0,344.93745809236,0,0.853337063144901,0.64171028124649,0.215194824468719
115.56,0,344.578951457962,0.000496927061431999,0.853348510065356,0.641933656265308,0.214891421840542
115.57,0,344.218738622936,0.000548357766808109,0.850567723999036,0.640929960236378,0.216200899941521
115.58,0,343.856837084307,0,0.849692923488672,0.644487273154854,0.214931132822667
115.59,0,343.49326519851,0.0014791901084933,0.85256584119158,0.643946133036361,0.214729267929585
115.6,0,343.128042182131,0,0.849541668400529,0.642003106221541,0.215609921934
115.61,0,342.761188112356,0.000745184247947291,0.850290258208129,0.644489199484352,0.214689470633789
115.62,0,342.392723927151,0,0.848531166779324,0.642947488233942,0.214568870831998
115.63,0,342.022671425161,0.00324544491057793,0.848130745751806,0.645872004201458,0.213893119434891
115.64,0,341.651053265319,0,0.84875024642253,0.645072727218441,0.215893500536227
115.65,0,341.277892966176,0.00056679852963943,0.849089586510782,0.644242832749901,0.215736328667383
115.66,0,340.903214904946,0.00295347901024414,0.847854617323992,0.645665782647128,0.214352007272391
115.67,0,340.527044316254,0,0.847127257302888,0.643662793504355,0.214911039183047
115.68,0,340.149407290604,0,0.847013870093041,0.643976151585127,0.214232172891343
115.69,0,339.770330772545,0.00112946790076197,0.84597907308795,0.644255771042532,0.215202492692027
115.7,0,339.389842558551,0.00262401656166486,0.845880670918541,0.644772335265816,0.217219813206648
115.71,0,339.007971294599,0.000176532076586376,0.84311993177442,0.644670947067133,0.214631291170125
115.72,0,338.624746473454,0.00126391667882501,0.845022017961339,0.646809811623456,0.216893600607264
115.73,0,338.240198431651,0.00158399296016487,0.845439780575713,0.643700384374981,0.21558689582673
115.74,0,337.854358346178,0,0.843431842704792,0.64221283126762,0.214835763873566
115.75,0,337.467258230852,0,0.845030338605835,0.642703354103566,0.215627717304861
115.76,0,337.078930932398,0.000896637754052845,0.841489099700295,0.64416565993014,0.216845322620324
115.77,0,336.689410126213,0,0.841995949763832,0.645528936214785,0.213936934334628
115.78,0,336.298730311823,0,0.8440665004524,0.644283753641086,0.215112603305974
115.79,0,335.906926808037,0,0.843660250802926,0.644157676411839,0.215900797087719
115.8,0,335.514035747784,0.000174346607349848,0.840369874017078,0.647593792893794,0.214835318887968
115.81,0,335.120094072629,0,0.8412853701678,0.64577780117911,0.2148797489086
115.82,0,334.725139526991,0.000589220769576616,0.839728643327988,0.645932312666533,0.214097433725287
115.83,0,334.329210652034,0,0.840028627979594,0.643810714610955,0.216069263612487
115.84,0,333.932346779236,0,0.8398213601958,0.644324575508769,0.212534595904339
115.85,0,333.534588023647,0,0.840580530126932,0.645010760546561,0.215946886653332
115.86,0,333.135975276826,0.00140407918551012,0.840627032026844,0.643458903858389,0.215573903324252
115.87,0,332.736550199442,0,0.839146417748015,0.644872183088,0.21394410665294
115.88,0,332.336355213573,6.53464730716384e-05,0.841008126496919,0.64540013621169,0.215318065435514
115.89,0,331.935433494659,0,0.839238256062469,0.646109636981821,0.211597718127272
115.9,0,331.533828963143,0.00307161672009031,0.836376112231138,0.646769543702079,0.216013637597876
115.91,0,331.131586275774,0.00244516586108086,0.836649925363684,0.646030728648181,0.215451023195954
115.92,0,330.728750816591,0,0.839695161437612,0.643974945480639,0.216405123018033
115.93,0,330.325368687569,0,0.839414953151324,0.647748406416282,0.215459855096662
115.94,0,329.921486698939,0.00137682951462745,0.836039081627875,0.644773469975781,0.21403794114891
115.95,0,329.517152359169,0,0.836189519933211,0.647103588971523,0.215190795041503
115.96,0,329.112413864629,0.000929573475805046,0.836097293648905,0.646908050812062,0.214281075638001
115.97,0,328.707320088902,0,0.837733697243209,0.647929087470092,0.215027657694975
115.98,0,328.301920571778,0,0.833605455105726,0.647841997475224,0.215183711380199
115.99,0,327.896265507902,0,0.835289970225525,0.646281397841273,0.214485779925076
116,0,327.490405735092,0,0.830573128513403,0.64745696283284,0.21319665439643
116.01,0,327.084392722324,0.000385888814992199,0.830930309790082,0.64794611648717,0.213779799490969
116.02,0,326.678278557381,0,0.83309402657896,0.645481836385107,0.21388659508639
116.03,0,326.272115934158,0.000533214129141419,0.83460603392924,0.647830146175179,0.212758594031639
116.04,0,325.865958139649,0.0016938846376254,0.834158048938072,0.644370669926983,0.215543993775246
116.05,0,325.45985904058,0.000796581958579013,0.831812399332835,0.648117244015336,0.217619311887835
116.06,0,325.05387306972,0,0.834276976563166,0.651537415129087,0.216104544121005
116.07,0,324.648055211856,0,0.833200412448844,0.648983667301192,0.217531195554639
116.08,0,324.242460989428,0,0.833218694938026,0.648942146131204,0.21650975115304
116.09,0,323.837146447839,0.000282392304622414,0.834223227624521,0.646868635228658,0.212556865967901
116.1,0,323.432168140429,0,0.830198292811359,0.646737381994259,0.213584561399637
116.11,0,323.027583113121,0,0.831389379685609,0.650649705368681,0.214524673894148
116.12,0,322.623448888734,0.000805359665168998,0.831140655847042,0.648038442163559,0.212874824306508
116.13,0,322.219823450978,0.0016992235062334,0.828252153162552,0.648626321141305,0.215566351942566
116.14,0,321.816765228105,0.00071476630864913,0.834067539712913,0.65009628693118,0.214718637473538
116.15,0,321.414333076259,0,0.8296871972304,0.646730256567053,0.214971237303813
116.16,0,321.012586262489,0.000620562270925328,0.831114208577111,0.644554128090325,0.216848966552893
116.17,0,320.611584447443,0.000284726142858961,0.829409905134513,0.647517699052231,0.214450556445445
116.18,0,320.211387667756,0,0.82785475218067,0.649934904592389,0.213846664999462
116.19,0,319.812056318116,0.00166638290929925,0.828656530574151,0.647590048100245,0.214741933048928
116.2,0,319.413651133018,0.000474927156657215,0.826352180959038,0.649577379260367,0.215463052668228
116.21,0,319.01623316822,0.000917836500732089,0.827626453681668,0.649375665635849,0.2144908211245
116.22,0,318.619863781885,0.000610593673199595,0.824366712446662,0.65144233313383,0.213665344158996
116.23,0,318.22460461543,0,0.825509799902418,0.649487551873391,0.216033412540834
116.24,0,317.830517574078,0.000926774520572442,0.82788901040868,0.650830249131974,0.217073034664508
116.25,0,317.437664807122,0,0.826060037264994,0.650694144653866,0.213243644548062
116.26,0,317.046108687892,0,0.823429328097198,0.649373082974175,0.215834709405298
116.27,0,316.655911793456,0.000320937999501081,0.823504981453703,0.651513785269344,0.213609796499479
116.28,0,316.267136884035,0.000233428626896842,0.826487252308614,0.651618898840237,0.217196154969168
116.29,0,315.879846882147,0,0.824967596010762,0.650455937418692,0.217680406727267
116.3,0,315.494104851497,0,0.822455103761582,0.64968161021312,0.215480858842103
116.31,0,315.109973975595,0.000913747648310368,0.823312481262708,0.648808139520703,0.215404224557331
116.32,0,314.727517536132,0.000595934331700626,0.826863793780047,0.651189762188889,0.215234533610797
116.33,0,314.346798891111,0.000963028173962229,0.823640329572261,0.6522486635982,0.218318065821537
116.34,0,313.967881452735,0.000771849469468868,0.824514660996598,0.652466159864389,0.211974181445156
116.35,0,313.590828665069,0,0.82466914933386,0.650870449972927,0.212518755451186
116.36,0,313.215703981484,0,0.822629787205597,0.651280096577216,0.215581424352246
116.37,0,312.842570841872,0.00289822883428844,0.825181056959642,0.654251559593109,0.215445010738028
116.38,0,312.471492649679,0.000126818822637,0.822386357553649,0.653446302280838,0.215069744602313
116.39,0,312.102532748721,0,0.823524855433003,0.652053613286281,0.214496671307807
116.4,0,311.735754399824,0,0.822414869308149,0.650923853479167,0.216342405306344
116.41,0,311.371220757285,0.000990858923241051,0.825095603038461,0.652384541042581,0.212382083621624
116.42,0,311.008994845159,0,0.822960411476886,0.652652610665958,0.215171618112238
116.43,0,310.649139533403,0,0.820245587998457,0.655668845676266,0.216342223157264
116.44,0,310.291717513855,0.000726510587858333,0.818071660065529,0.652515231592927,0.215385383595744
116.45,0,309.936791276094,0,0.821833236768218,0.651955920438746,0.216553743740305
116.46,0,309.584423083165,0,0.820030039628211,0.652896529614922,0.214943219242842
116.47,0,309.234674947199,0.00195058627650395,0.818697656965673,0.653218147174385,0.215024636702635
116.48,0,308.887608604925,0.000696261399183907,0.818980812850689,0.652820260884701,0.215368860132141
116.49,0,308.5432854931,0.000606609881531045,0.82102000970974,0.654605398928984,0.215195561361186
116.5,0,308.201766723865,0.00216875329328211,0.821744745649273,0.655802254486841,0.215157821896467
116.51,0,307.863113060027,0.00239289965424978,0.818325628201851,0.652864019655263,0.215449809965194
116.52,0,307.52738489031,0,0.815910915047661,0.653616338012967,0.21480950313514
116.53,0,307.194642204554,0.000419185830434523,0.818388176557315,0.653565449424951,0.214535706292005
116.54,0,306.864944568901,0.000116631809963735,0.819018673882227,0.652239666567121,0.216062150731919
116.55,0,306.538351100979,0.00048438819286958,0.819548489114465,0.653818970158538,0.21503550090744
116.56,0,306.214920445077,0.00078105353244045,0.815256172191794,0.652662372105334,0.215512502562522
116.57,0,305.894710747363,0.00145478805364344,0.815978299709338,0.653460584364494,0.218032031931656
116.58,0,305.577779631123,0.0011360477357475,0.818234976564931,0.653962167539909,0.214245800986425
116.59,0,305.264184172062,0.00157416484144291,0.8172402478805,0.654027453652432,0.214504688366533
116.6,0,304.953980873671,0,0.816929046284715,0.653846163388748,0.216061859125621
116.61,0,304.64722564268,0,0.814354515122387,0.654892042329364,0.215270372980154
116.62,0,304.343973764608,0,0.815214247010317,0.653136612556155,0.214236297104331
116.63,0,304.044279879436,0,0.814062625507174,0.65464135729654,0.215063292438025
116.64,0,303.748197957407,0,0.81755060815695,0.653088456241996,0.214956268134207
116.65,0,303.455781274984,0,0.814884251305935,0.654483303950226,0.216697863391957
116.66,0,303.167082390968,0.000612810707810027,0.819454973354959,0.654485599741674,0.215275675365274
116.67,0,302.882153122801,0,0.815974322035799,0.656608747913353,0.21369336919245
116.68,0,302.601044523077,0.00174132183485762,0.81442304757541,0.656455125704126,0.216637761177747
116.69,0,302.323806856268,0,0.816816920618827,0.653381703217806,0.21519692531472
116.7,0,302.05048957568,0,0.815689137052415,0.655897251754037,0.213400758231152
116.71,0,301.781141300674,0,0.815004432302402,0.655194744567123,0.212980201066523
116.72,0,301.515809794147,0,0.813967046840524,0.657166114236682,0.215897517982811
116.73,0,301.254541940309,0.000513195357832983,0.814027081775584,0.657926798559042,0.217970114774879
116.74,0,300.997383722766,0.00137458572220221,0.81292123732124,0.655452845685046,0.21544349419327
116.75,0,300.74438020292,0.000995370927363419,0.812999363149671,0.655827280733435,0.21518254356895
116.76,0,300.495575498715,0.00059208016019715,0.812429234346599,0.657910623160023,0.215159881205569
116.77,0,300.251012763746,0.000130901397747023,0.812611447689013,0.655136155826681,0.216240377935204
116.78,0,300.010734166729,0.00111189658426488,0.808975827426068,0.654405304145626,0.215204286197518
116.79,0,299.774780871384,0,0.811748930293605,0.655747763815043,0.217336256337852
116.8,0,299.543193016714,0,0.812661838584305,0.656820784348122,0.212621226602775
116.81,0,299.31600969771,0,0.812603793139459,0.652338879406517,0.2125256427488
116.82,0,299.093268946515,0,0.812624497566545,0.655950479807509,0.215872881955773
116.83,0,298.87500771403,0,0.81231471005459,0.656063855971402,0.215430846637163
116.84,0,298.66126185201,0.00126554114160851,0.811103600073752,0.657047555504368,0.214078686320006
116.85,0,298.452066095647,0.00304112856220764,0.811737667865213,0.657075056450626,0.213479910977713
116.86,0,298.247454046664,0,0.812557997702109,0.655353886504234,0.214903640548887
116.87,0,298.047458156928,0.00129649795405815,0.812882149131155,0.655391354515461,0.214855754281481
116.88,0,297.852109712615,0.00100512060376319,0.81324221361969,0.658631798921684,0.215698058514421
116.89,0,297.66143881891,0,0.812137102263001,0.655693511481552,0.212610239477124
116.9,0,297.475474385296,0.00177023948815955,0.810542944639455,0.654628240538788,0.213869810979478
116.91,0,297.29424411141,0.00234082103432717,0.813408547899883,0.656924545059785,0.214818207677073
116.92,0,297.117774473505,0,0.812108630650531,0.657856830358714,0.215710270617142
116.93,0,296.946090711513,0,0.810338582880322,0.655934940666573,0.215063983574548
116.94,0,296.779216816741,0.000101572185240123,0.808691120954784,0.655933016755375,0.214870746611948
116.95,0,296.61717552019,0.000370162623459764,0.81108045014803,0.658119171088945,0.21607327323703
116.96,0,296.459988281528,0,0.807797719653204,0.654948369525857,0.214902891723753
116.97,0,296.307675278716,0,0.811977866002355,0.658712901235633,0.213288983051678
116.98,0,296.160255398304,0,0.808863836981462,0.656115650111959,0.215516555852565
116.99,0,296.017746226402,0,0.80979064590439,0.657759457883963,0.214584880272221
117,0,295.880164040342,0.000465672428656766,0.806677717260445,0.656619602758955,0.214925122900643
117.01,0,295.747523801033,0,0.808221019033621,0.65789341186916,0.2156397002039
117.02,0,295.619839146019,0,0.808309476297547,0.654430354693005,0.213532424495155
117.03,0,295.497122383255,0,0.809747568763046,0.655861144635882,0.214494458411707
117.04,0,295.379384485594,0,0.810024959982455,0.656089109701618,0.215938071172288
117.05,0,295.266635086004,0.000142541112306117,0.812123098122037,0.655735519597209,0.215000550962132
117.06,0,295.15888247351,0.00110523928480186,0.807617600761039,0.655770285235237,0.214125149503058
117.07,0,295.056133589881,0,0.809479793766545,0.656749035854293,0.215478928967689
117.08,0,294.958394027045,0.00117296093245975,0.808822138629476,0.657572604642718,0.216969507727991
117.09,0,294.865668025252,0.00113170288721106,0.805052661565107,0.654738826202667,0.213933506499717
117.1,0,294.777958471985,0.000752379287479887,0.808928169076909,0.654848015668357,0.21371321648177
117.11,0,294.695266901615,0.000873417219522109,0.808111450533962,0.654280347030349,0.215317100078548
117.12,0,294.617593495803,8.93164262176555e-05,0.80866344707626,0.658169798561725,0.214168242489712
117.13,0,294.544937084657,0,0.808566717923196,0.654630834019815,0.21660781341049
117.14,0,294.477295148633,0,0.808243015369971,0.657299074281858,0.215744844189467
117.15,0,294.414663821187,0.000743573292235738,0.809775314226815,0.659119212250814,0.212912032889555
117.16,0,294.357037892174,0.00185025670218141,0.807167518316715,0.655712323717899,0.21351428583974
117.17,0,294.304410811983,0.000758868216058394,0.80798968764853,0.656438273077,0.21356805747197
117.18,0,294.256774696429,0.00045992331014893,0.805571963614521,0.657879074120683,0.213475822106778
117.19,0,294.214120332364,0.000799211543856799,0.808208649227868,0.65743513687994,0.215073183128815
117.2,0,294.176437184036,0,0.809005489407463,0.655526344861079,0.21271456424778
117.21,0,294.143713400162,0.00132148115523319,0.806742793899188,0.655059097423692,0.215581101574992
117.22,0,294.115935821733,0.00360005222352986,0.807604601839716,0.655936123351023,0.21360483996044
117.23,0,294.093089990529,0.000917563276930355,0.805389612802117,0.659239886465787,0.211367991845082
117.24,0,294.075160158339,0,0.807842366183905,0.652619516356069,0.216087055834967
117.25,0,294.062129296883,0,0.806180952658548,0.654861383280511,0.215517130282449
117.26,0,294.053979108427,0.00167500865068592,0.804826482547015,0.656042107436039,0.213965788700522
117.27,0,294.050690037073,0.00155856392207266,0.807192374747999,0.657704245548072,0.21670569073466
117.28,0,294.052241280727,0.00190267063516405,0.805570673822842,0.656643043663559,0.214922064911044
117.29,0,294.058610803719,0.00120602065216821,0.806776081679843,0.656101548724268,0.216328497523985
117.3,0,294.069775350087,0.000723816200583966,0.809649069895133,0.656378655602064,0.216239756661178
117.31,0,294.08571045748,0.00125198161621535,0.804493536062347,0.653634576804478,0.215471646997233
117.32,0,294.106390471706,0.00029780187929476,0.807410049506782,0.658033063329988,0.216316425620286
117.33,0,294.131788561878,0,0.806454392572664,0.652177197348832,0.215247556651198
117.34,0,294.161876736166,0,0.805358106000087,0.655154924304407,0.214934175589726
117.35,0,294.196625858135,0,0.807336290740992,0.656552441861704,0.212680957875915
117.36,0,294.236005663655,0.00132307022535432,0.808134338039026,0.654497894207263,0.215501582192027
117.37,0,294.279984778366,0,0.805905952403422,0.656381941456124,0.214438917932625
117.38,0,294.328530735683,0,0.806715061953929,0.655889335854217,0.216703017381569
117.39,0,294.381609995333,0,0.804863619833071,0.654567058722831,0.216998972938714
117.4,0,294.439187962399,0,0.806874448137374,0.653939906984565,0.216653347951024
117.41,0,294.501229006857,0,0.806976749997626,0.656435683448788,0.217334732727664
117.42,0,294.567696483591,0,0.805178627458498,0.655421837526881,0.215797717676948
117.43,0,294.638552752875,0.00127102585133028,0.806747445149738,0.653034966939263,0.215885757627856
117.44,0,294.713759201288,0.000654612685584713,0.806708433026301,0.653582147886073,0.216610747254436
117.45,0,294.793276263066,0.000860953956019553,0.807232761540174,0.652327374421048,0.213953970159961
117.46,0,294.877063441854,0.00055481390059554,0.806057087311757,0.653720113907881,0.215113458074288
117.47,0,294.965079332858,0.000813565325733518,0.807547634454554,0.652359678303849,0.212851454559272
117.48,0,295.057281645361,0.000712974087104644,0.807737932115254,0.655665848081097,0.214149927026807
117.49,0,295.153627225599,0,0.806413753722269,0.652589853787455,0.214482465983074
117.5,0,295.254072079977,0.00143980505990289,0.805791095204383,0.653363952159358,0.213585334306023
117.51,0,295.358571398597,0.00145711384164207,0.805053693618921,0.653461319546739,0.215158745979548
117.52,0,295.46707957909,0.0020266877082345,0.805946762084095,0.653274434644242,0.214457861754022
117.53,0,295.57955025073,0.00036718412029566,0.808991600627948,0.652236418119019,0.217368949769722
117.54,0,295.695936298812,0,0.804226438523071,0.654114396637836,0.215771819385312
117.55,0,295.816189889269,0,0.807491614129179,0.654367939205588,0.213194604356896
117.56,0,295.940262493531,0,0.807613458075685,0.653669811519948,0.21679698301323
117.57,0,296.06810491357,0.00111165682250144,0.805619968320849,0.654720505458332,0.215285900997237
117.58,0,296.199667307156,0,0.803722153312928,0.652497358752683,0.215580471012701
117.59,0,296.334899213276,0.000197326769657213,0.806203223463072,0.653077109132048,0.214721045682309
117.6,0,296.473749577702,0,0.806728256198543,0.652280680015358,0.21450290413411
117.61,0,296.616166778706,8.8133597209295e-05,0.806932523905303,0.652816700056217,0.213609779640068
117.62,0,296.762098652887,0,0.808754334586774,0.652685831579823,0.216057073486426
117.63,0,296.911492521096,0.000272336932307256,0.803703494009496,0.652703901462062,0.216560194126949
117.64,0,297.064295214452,0.00079327997783464,0.806204117199408,0.654284015197396,0.2150013099579
117.65,0,297.220453100417,0.00205979995590164,0.805573141007665,0.652291276265088,0.217456754207073
117.66,0,297.379912108922,0.000418638715586,0.806421353404842,0.653524409356559,0.213715992217505
117.67,0,297.542617758531,0.000482632383326488,0.806327140049531,0.653613063759935,0.214991031005081
117.68,0,297.708515182609,0,0.810803605816098,0.651248183884667,0.212759619721139
117.69,0,297.877549155501,0,0.809533703053581,0.653844604236337,0.216106166769279
117.7,0,298.04966411869,0,0.806735356314074,0.648190129886277,0.211484912781233
117.71,0,298.22480420692,0,0.808374564117608,0.65019792607035,0.215928324143597
117.72,0,298.402913274273,0,0.809172249942257,0.649480740254414,0.215172823581373
117.73,0,298.58393492019,0.000223931076736136,0.80450392495685,0.652322426781553,0.212005836331823
117.74,0,298.767812515403,0.00166707058340029,0.805317984314924,0.652307508240687,0.214635313083011
117.75,0,298.954489227785,0.000521288185044235,0.807295030469867,0.651234906802628,0.219034979690026
117.76,0,299.143908048089,0,0.804025945573013,0.652813053129328,0.214379496196686
117.77,0,299.336011815567,0,0.806400896721159,0.651568570029826,0.216465191548528
117.78,0,299.530743243462,0.000471194729305256,0.806659500304523,0.650875256718536,0.216176818254575
117.79,0,299.72804494434,0,0.806765676200885,0.648773935531965,0.21574471885724
117.8,0,299.927859455283,0,0.807227014871335,0.650866697805646,0.216332559959843
117.81,0,300.13012926289,0.000234387211627139,0.810428974776629,0.65249096169024,0.214885460637793
117.82,0,300.334796828112,0,0.808566179274174,0.649586270695108,0.214069077570015
117.83,0,300.54180461088,0,0.808309602721817,0.646552136830037,0.213657223253401
117.84,0,300.751095094531,0,0.809258422793196,0.649456911985423,0.215956554185771
117.85,0,300.962610810023,0,0.809057880863137,0.648404854973588,0.214829098765217
117.86,0,301.176294359909,0,0.809443216633487,0.651461004606844,0.215268232853138
117.87,0,301.392088442085,0,0.807206977528202,0.648751134545121,0.215374390630058
117.88,0,301.609935873288,6.10106612344299e-05,0.808209681795512,0.649959528020534,0.212958109011585
117.89,0,301.829779612333,0,0.810201967312366,0.648735905687963,0.215105538565551
117.9,0,302.051562783086,0.000756151036336969,0.809645932445613,0.647537374995981,0.214450571265452
117.91,0,302.275228697166,0,0.810775395350204,0.648336334452587,0.213137064322643
117.92,0,302.500720876358,0,0.810490976268778,0.647636410093787,0.214079473551592
117.93,0,302.727983074741,0,0.807496676772467,0.646961325881984,0.215421095516962
117.94,0,302.956959300512,0.00142793988682532,0.809294890370451,0.651077629511039,0.212362426114784
117.95,0,303.187593837509,0,0.809677956613466,0.648582066343894,0.215357282893682
117.96,0,303.419831266415,0,0.809436647342427,0.649939206630148,0.212532176402303
117.97,0,303.653616485653,0,0.808917720289803,0.649694747986784,0.216481790003175
117.98,0,303.888894731946,0.000119860828224483,0.810300761007142,0.646858027440689,0.217231092121016
117.99,0,304.125611600546,0.000871231110222448,0.80984300317702,0.647682462637681,0.215083992231876
118,0,304.363713065135,0.00267413932343953,0.807731562805679,0.646245210279452,0.215424082205509
118.01,0,304.603145497373,0.000659452023220632,0.811021683410409,0.645049059846314,0.213253005851173
118.02,0,304.843855686103,0,0.808533649142933,0.646195962906983,0.218429257088181
118.03,0,305.085790856209,0,0.811911085275298,0.646641293202571,0.214936592429188
118.04,0,305.328898687106,0,0.810020530436503,0.64695204471232,0.213366979870937
118.05,0,305.573127330883,0.00013902550936377,0.809023315164047,0.645628217617105,0.214193890682192
118.06,0,305.818425430073,0.000880801621527138,0.81065549037963,0.647696282665732,0.216420100974038
118.07,0,306.064742135055,0.00133839494703428,0.808279810708675,0.649321176353245,0.216361518915305
118.08,0,306.312027121092,0,0.810568155044749,0.646595308146385,0.214250479167255
118.09,0,306.560230604989,0,0.810649778703027,0.647436736192299,0.213131725525394
118.1,0,306.809303361375,0.00036105867144889,0.809898517350464,0.645575068434591,0.213871304758209
118.11,0,307.059196738609,0.000505808625215195,0.811955178178988,0.648326660223823,0.21666998885402
118.12,0,307.309862674303,0,0.810857346111673,0.647092916452072,0.216781588111541
118.13,0,307.561253710455,0,0.810566253083941,0.645264002994023,0.212647277592561
118.14,0,307.813323008213,0,0.812427609829924,0.647986379501313,0.21396722003221
118.15,0,308.066024362233,0.000405826247864723,0.811526893403809,0.646006413763338,0.214271632295326
118.16,0,308.31931221466,0,0.811114911980661,0.643972275646424,0.213045281460329
118.17,0,308.57314166872,9.55332488291473e-05,0.814475225702636,0.644175568286335,0.216788661441873
118.18,0,308.827468501914,0.00216433519532624,0.811424664218026,0.646842436969657,0.215002823066765
118.19,0,309.08224917883,0.000869291796876827,0.814344857531289,0.646220828983827,0.214380394538463
118.2,0,309.337440863555,0.00193526141839354,0.811359080135378,0.648571140612978,0.216312076471053
118.21,0,309.593001431701,0.00221173383045025,0.813846093755443,0.644949635907931,0.215413365936813
118.22,0,309.848889482032,0,0.814360128157827,0.64602052056479,0.216811121774555
118.23,0,310.105064347704,0,0.812980280583741,0.644560529644592,0.215765490465116
118.24,0,310.361486107109,0.00103546108559242,0.811594142415369,0.646271740715744,0.217976671740862
118.25,0,310.618115594328,0.0011550920702182,0.811527535297215,0.644634545485258,0.214764110042881
118.26,0,310.874914409191,0,0.816154945189942,0.647093663052971,0.214808234103716
118.27,0,311.131844926941,0,0.817245790065319,0.645306766968119,0.217129163993135
118.28,0,311.388870307514,0.00132269594139748,0.812572230925232,0.645042820226657,0.214466586973065
118.29,0,311.645954504426,0.00087439301516305,0.813628766101114,0.642729295520516,0.215071460542786
118.3,0,311.90306227326,0.000652591024838123,0.814607433914398,0.640237283961458,0.216912876809897
118.31,0,312.160159179784,0,0.813960707270677,0.644572708930434,0.214171639796045
118.32,0,312.417211607659,0,0.816601839270098,0.644042763231207,0.214846403749071
118.33,0,312.674186765775,0,0.815280524334695,0.64366463779844,0.21479821370214
118.34,0,312.931052695193,0,0.811224039945138,0.642970750397141,0.21485556409105
118.35,0,313.187778275709,0,0.814783459698342,0.642981164726233,0.218466859961037
118.36,0,313.444333232025,0,0.817247212935177,0.643503351351355,0.215568098847194
118.37,0,313.700688139548,0,0.816644496295962,0.643801102804106,0.215653380105745
118.38,0,313.956814429801,0,0.814806422067271,0.644864563203101,0.213324464468746
118.39,0,314.212684395461,0.000167882333970869,0.816271584520849,0.641929737449802,0.212568636313921
118.4,0,314.46827119501,0.000245920324758741,0.81607147282691,0.645642468747874,0.214102270571444
118.41,0,314.723548857024,0,0.817534189732564,0.644590471785114,0.215824966352141
118.42,0,314.978492284076,0,0.81622756227355,0.645359355059444,0.215349302048933
118.43,0,315.233077256272,0.000355203181569537,0.816641620431339,0.644935295250087,0.216301718839381
118.44,0,315.487280434412,0.00113190935570023,0.81617332208706,0.642945789045398,0.21413003342889
118.45,0,315.741079362793,0.000363469199529381,0.819363156030743,0.646080754529246,0.214626871701251
118.46,0,315.994452471631,0,0.82169644473902,0.643655778828454,0.215099592421865
118.47,0,316.247379079127,0,0.817994523825513,0.643714904291484,0.214755727474884
118.48,0,316.49983939317,0.000693973717479972,0.820292562079408,0.643097423736722,0.215540229263059
118.49,0,316.751814512676,0.000656985322241251,0.816709452198972,0.641559667492908,0.214946693102122
118.5,0,317.003286428568,0.000826470324692021,0.821477237725028,0.644789289192192,0.213440834362753
118.51,0,317.254238024402,0.0002305503846226,0.820125579809547,0.644668330660854,0.213839621814629
118.52,0,317.50465307664,0.00205993229001347,0.819764878866587,0.642732310095056,0.214412317292035
118.53,0,317.754516254561,0,0.819594149530064,0.643577024257008,0.212255032854533
118.54,0,318.003813119836,0.000414725434035718,0.821197059589757,0.645064168209279,0.21446087279112
118.55,0,318.252530125742,0.00121225991795213,0.820111856018982,0.643871544095562,0.216694768779245
118.56,0,318.500654616037,0.000552108141626266,0.822469557065205,0.643129801296607,0.212299496717545
118.57,0,318.748174823494,0.000343150439309044,0.822907521575113,0.641613465591356,0.214685346893802
118.58,0,318.995079868084,0.00106940449216217,0.820042863566218,0.64274769337075,0.217387083922726
118.59,0,319.241359754828,0.000175849308598117,0.821890543764654,0.642287777008931,0.212423595947845
118.6,0,319.487005371314,0,0.821941239714209,0.640802836288233,0.21615289516038
118.61,0,319.732008484869,0,0.823057211178116,0.642615716506649,0.216031692658735
118.62,0,319.976361739415,0.00061287731241036,0.820905529125658,0.645536443532771,0.213800222461226
118.63,0,320.220058651978,0,0.824013071414018,0.643515353964129,0.215341498958606
118.64,0,320.463093608887,0.000375259171545395,0.821613140386206,0.642108647122517,0.215276536436686
118.65,0,320.705461861636,0.000663261265633707,0.824386007100728,0.64399950981593,0.214120683053627
118.66,0,320.947159522427,0.00060494085940734,0.823900832287372,0.643419166571764,0.21418424317137
118.67,0,321.1881835594,0.000181948269216225,0.823369938205383,0.641943696629014,0.212162005920083
118.68,0,321.428531791538,0.00120538859512712,0.826120881827258,0.642797737222246,0.215833274673006
118.69,0,321.668202883261,0.000938627612356963,0.826091496515737,0.644009274994503,0.215806957465749
118.7,0,321.907196338712,0,0.82687163599945,0.643963669373218,0.216308747549644
118.71,0,322.145512495722,0,0.82755232327822,0.642301970228368,0.219449238796309
118.72,0,322.383152519486,0,0.82393421939977,0.643635963220152,0.210722739979226
118.73,0,322.620118395922,0.0031910835309788,0.82397830479527,0.642906818087065,0.213449895882697
118.74,0,322.856412924733,0.000507085841307458,0.825681382236373,0.642306295548241,0.2153160266043
118.75,0,323.092039712172,0.00215350779719845,0.827419540098865,0.645280282695877,0.213216637630219
118.76,0,323.327003163511,0,0.824439866293185,0.639552847386785,0.216361947869625
118.77,0,323.56130847522,0,0.827098913139907,0.644457243882287,0.215235113878874
118.78,0,323.794961626853,0.000405766736149804,0.829947295774774,0.642770099476986,0.213790793429243
118.79,0,324.027969372648,0.00104847221289624,0.826810275126817,0.64409817776994,0.214943814679537
118.8,0,324.260339232847,0,0.828431796402237,0.64362383515115,0.215440925931226
118.81,0,324.492079484728,0.00128970825272013,0.82609898846767,0.64686046931491,0.214011072734218
118.82,0,324.723199153374,0.000474863765179941,0.829280497410692,0.644940761258031,0.21497697562964
118.83,0,324.953708002151,0,0.829744357325303,0.644924272290247,0.213316458942542
118.84,0,325.183616522928,0,0.82942295728642,0.642760480145918,0.216205248905829
118.85,0,325.41293592602,0,0.828649204582321,0.645344808068904,0.212722058419455
118.86,0,325.641678129876,0.000306688256684487,0.829563516372604,0.645570257787701,0.210941469177943
118.87,0,325.8698557505,0,0.830072289540716,0.643384012421628,0.213313167805924
118.88,0,326.097482090614,0,0.830178946938482,0.642849275204617,0.213844978306776
118.89,0,326.324571128571,0.000634771489485935,0.832697483676625,0.644360424480628,0.216206144284948
118.9,0,326.551137507018,0.000403483401318524,0.831283991826692,0.640280848525899,0.217011671939545
118.91,0,326.777196521306,0.000353393528369845,0.832952694765151,0.644635511087399,0.215193391831512
118.92,0,327.002764107667,0.000592415274358591,0.832972159495403,0.643636494877467,0.213775538133022
118.93,0,327.22785683114,0.00285409066706528,0.835615864683223,0.645394147165472,0.215076006903552
118.94,0,327.452491873276,0.000856604210322423,0.832304436607942,0.644779669328994,0.211074998008122
118.95,0,327.676687019598,0.00101096554650942,0.833812812097658,0.645360087530632,0.215153924641957
118.96,0,327.900460646845,0,0.835512303983474,0.644637327462447,0.212984172742296
118.97,0,328.123831709982,0.000418944937091329,0.8367355341762,0.644220957298956,0.216577949677165
118.98,0,328.346819729006,0.0014874915514249,0.833724027627188,0.64631043325934,0.215371911108822
118.99,0,328.569444775521,0.000547735400190328,0.832321766803991,0.643530417067798,0.214530921496732
119,0,328.791727459113,0.00115914588266359,0.834842024907813,0.647472186359252,0.214781026137799
119.01,0,329.013688913522,0.000901057629804507,0.834590052847282,0.64642118908152,0.214572463959465
119.02,0,329.235350782599,0.00245753950379226,0.834846285745553,0.645550724576572,0.213318041785214
119.03,0,329.456735206082,0.00185454176837264,0.837371450848439,0.645633461485917,0.212697534088343
119.04,0,329.677864805172,0,0.835299117222049,0.64655737960778,0.213328985120132
119.05,0,329.898762667924,0.00129388541329154,0.834721950357482,0.647359011261304,0.213888744662924
119.06,0,330.119452334456,0,0.837761568790032,0.646539293594711,0.216206054850758
119.07,0,330.339957781979,0,0.837001667711167,0.648439427858143,0.21516532989673
119.08,0,330.56030340966,0.000392252658848171,0.838040235906144,0.647619036463824,0.214938372914942
119.09,0,330.780514023316,0.00142965880736065,0.837942219239965,0.644457120960058,0.213641283098325
119.1,0,331.000614819942,0.00162535564313247,0.839280405136985,0.647827412088021,0.215019312659935
119.11,0,331.220631372092,0,0.838249531087086,0.64742927124495,0.214161750115194
119.12,0,331.440589612103,0,0.837938101977971,0.646678988728644,0.215410039376046
119.13,0,331.660515816176,0,0.838465524483993,0.647580774296088,0.213925244707679
119.14,0,331.880436588323,0,0.841902397061149,0.648044863993474,0.215847842336857
119.15,0,332.100378844171,0,0.840698204083131,0.645827528455922,0.214012684347297
119.16,0,332.320369794644,0.0003814512433515,0.842108046948174,0.648431695522118,0.213021390399773
119.17,0,332.54043692953,0,0.842404578077277,0.646831272586232,0.215732205251689
119.18,0,332.760608000921,0.00106991428632479,0.843415961800467,0.645646207181882,0.215477219684768
119.19,0,332.980911006551,0,0.843378602217371,0.647142913939641,0.212620796792942
119.2,0,333.201374173034,0,0.841243817626718,0.647982269368568,0.215275741158921
119.21,0,333.422025938999,0,0.844737958721487,0.650785675954714,0.216404249776798
119.22,0,333.642894938139,0.000521437243153223,0.844746110042022,0.644541113623546,0.211781081460695
119.23,0,333.864009982177,0,0.843012027574666,0.646987027668238,0.213904142936818
119.24,0,334.085400043759,0.00111936126882164,0.843781368185988,0.649478877221082,0.216267469381931
119.25,0,334.307094239268,0,0.845912032204446,0.651423937360424,0.216688560467863
119.26,0,334.529121811584,0.00094638772182266,0.843346776987265,0.651274084016675,0.213171067484147
119.27,0,334.751512112787,0,0.842458801473029,0.649072225205005,0.215306805404861
119.28,0,334.974294586811,0.00189644446599428,0.846052008602036,0.651340751843182,0.215619035066179
119.29,0,335.197498752053,0.000509280474245371,0.845403446270244,0.647144754393171,0.215097330959655
119.3,0,335.42115418395,0.0011196230464577,0.845944455532855,0.649602892205749,0.213458417287892
119.31,0,335.645290497533,0.00183212283923199,0.845281288074261,0.64893409586826,0.216247758491431
119.32,0,335.869937329958,0,0.84731539017798,0.647289793259288,0.21568911601838
119.33,0,336.095124323021,0,0.847682929320516,0.651182496275916,0.213198916239061
119.34,0,336.320881105676,0,0.849412844825657,0.649329169899801,0.215985054558295
119.35,0,336.547237276554,0,0.848822405529384,0.649120979401504,0.215689644567223
119.36,0,336.774222386488,0.00100589675829892,0.846229979921973,0.651159936691793,0.215329133749307
119.37,0,337.001865921062,0.000691273105415779,0.848408258061306,0.651268556033616,0.216726372333895
119.38,0,337.230197283185,0,0.85107579257765,0.651558619878874,0.216920567372727
119.39,0,337.459245775694,0.000714784992299908,0.849524100583719,0.65005986219349,0.216708768976221
119.4,0,337.689040584008,0.000726241793066022,0.850366350746022,0.648247291094518,0.21619189095578
119.41,0,337.919610758823,0,0.850899170704605,0.651343479066345,0.212341951473919
119.42,0,338.150985198871,1.60550064004348e-05,0.852372102809927,0.65065189301885,0.215587314507803
119.43,0,338.383192633742,0,0.850910025823214,0.65024263618287,0.2154965754061
119.44,0,338.616261606777,0.000953573758760988,0.853294452955199,0.649473494045273,0.219094034627192
119.45,0,338.850220458052,0.000644057885390623,0.852825254658711,0.648249841385524,0.217113094908701
119.46,0,339.085097307437,0.00243932978745665,0.851856057696363,0.652790702783375,0.216190487234724
119.47,0,339.320920037767,0,0.851356409149404,0.64854987134486,0.216254484026595
119.48,0,339.557716278115,0,0.854569796913892,0.651006161813962,0.217052733008035
119.49,0,339.795513387169,0,0.852809361422245,0.651305971209431,0.212747309736305
119.5,0,340.034338436748,0.00052369086696075,0.852726584748764,0.651586442737422,0.215147351213061
119.51,0,340.274218195433,0.00264004376960884,0.853883723382575,0.649852635563756,0.216137388917611
119.52,0,340.515179112347,0.00193295716058853,0.852306710490452,0.652890512169243,0.214401613308931
119.53,0,340.757247301071,0.00113044541158102,0.854828279131553,0.651424544817368,0.213669314590059
119.54,0,341.000448523721,0,0.857973100462387,0.649428494232866,0.213936108281098
119.55,0,341.244808175189,0.000865717667882772,0.856788175046188,0.651216012404064,0.21683314637111
119.56,0,341.490351267545,0,0.858048470100258,0.651668325161875,0.215813885248231
119.57,0,341.737102414624,0,0.853411557143325,0.654675236832141,0.216210501270808
119.58,0,341.985085816794,0,0.859764849202254,0.651774245040004,0.213565769167905
119.59,0,342.234325245924,0,0.856368597523478,0.653169551375848,0.215138465318569
119.6,0,342.484844030541,0,0.858357727606546,0.653977488819102,0.215423870774433
119.61,0,342.736665041209,4.63269423737378e-05,0.860286126026671,0.653942286049077,0.2139524308065
119.62,0,342.989810676112,0,0.85782084456596,0.654800439188379,0.216620254856432
119.63,0,343.244302846868,0.00197313080366435,0.856694236653557,0.652743628870437,0.217165400352964
119.64,0,343.500162964573,0.00180854573864996,0.861059192977438,0.653847022935332,0.219169171843815
119.65,0,343.757411926077,0,0.8588954129757,0.652142623209285,0.215420026525866
119.66,0,344.016070100509,0,0.859727584688257,0.654900060664714,0.215148910669015
119.67,0,344.276157316058,0.00205302218469965,0.863180999471717,0.651670312269053,0.214743030143269
119.68,0,344.537692847003,0,0.859445628245302,0.654039744188228,0.215679981231519
119.69,0,344.800695401015,0.000551386543963153,0.862874380137116,0.653310106593886,0.214548427573345
119.7,0,345.065183106731,0,0.860805956217147,0.654794635317166,0.213699833665771
119.71,0,345.331173501604,0,0.85948131066556,0.653657187796322,0.21594914627779
119.72,0,345.59868352004,0.000671201545565255,0.864366070056794,0.655070190782173,0.216913746727887
119.73,0,345.867729481823,0.000137773801700444,0.866933746533727,0.656155828860699,0.215654584113165
119.74,0,346.138327080841,0,0.864849877537907,0.657320814612773,0.212932669160022
119.75,0,346.41049137411,0.000854583171306445,0.863653534509591,0.65406974660915,0.212616422100009
119.76,0,346.684236771108,0.000958353369871447,0.864600086506591,0.653794857254058,0.213582883177181
119.77,0,346.959577023428,0.000861977249425892,0.866658927288248,0.652176538414375,0.214504705266045
119.78,0,347.236525214745,0.000584245373069006,0.864448133160696,0.656005709984523,0.214594557107236
119.79,0,347.515093751101,0.000615316390056561,0.865357015056802,0.65442160099113,0.213106087304125
119.8,0,347.795294351537,0,0.865512274796138,0.655616081364411,0.212843129973051
119.81,0,348.077138039041,0,0.866444229688509,0.655574135996106,0.214957225676944
119.82,0,348.360635131845,0,0.869192014938221,0.654360623540667,0.215208833154541
119.83,0,348.645795235059,0,0.868214943288017,0.655388691363073,0.216738803392644
119.84,0,348.932627232657,0,0.868804826207103,0.655926740272286,0.213880738128915
119.85,0,349.221139279808,0.00265980206868357,0.872404794642048,0.654348682058263,0.215517986324008
119.86,0,349.51133879557,0,0.867239420780263,0.653672890458914,0.21705695805266
119.87,0,349.803232455931,0,0.871626229991911,0.655182898135755,0.214460853057104
119.88,0,350.096826187219,0.00283135005733588,0.872156739201062,0.656504815452278,0.215218385939782
119.89,0,350.392125159876,0,0.868900353997393,0.65283053617756,0.215235488367809
119.9,0,350.689133782591,0.00122630594794207,0.871787970797977,0.654667367757498,0.213625096674185
119.91,0,350.987855696815,0,0.871692336657721,0.655747249933133,0.215505169250011
119.92,0,351.288293771637,0.000649843869075334,0.873589284223689,0.655822899229421,0.214108093944211
119.93,0,351.590450099038,0.0011722292720244,0.873259231468042,0.654279934584742,0.216747417807395
119.94,0,351.894325989521,0.000378853885206158,0.871881867496424,0.653127121189435,0.216096080900984
119.95,0,352.199921968122,0,0.874821032280987,0.658426814929578,0.214676236048443
119.96,0,352.507237770788,0,0.873393758352231,0.655581443330999,0.214026015751637
119.97,0,352.816272341149,0,0.873590739465071,0.654721195887486,0.215512440595733
119.98,0,353.127023827659,0,0.872391725048584,0.657627992542575,0.214579333064982
119.99,0,353.439489581126,0,0.874096574727875,0.657625939659046,0.217942776991661
120,0.2,353.75366615262,0,0.877410002957392,0.655874006025886,0.212449653339623
120.01,0.2,354.069549291766,0.00145228522493223,0.875650502267173,0.65620574342351,0.216694784449673
120.02,0.2,354.38713394541,0.000394636204749084,0.875214016880473,0.653482657521667,0.21309427423725
120.03,0.2,354.706414256682,0,0.875722186143936,0.655204185575817,0.212649606901341
120.04,0.2,355.02738356442,0,0.875562148776464,0.652998473740776,0.217447909830954
120.05,0.2,355.350034402992,0.000491262822661545,0.876490739965449,0.656723185853758,0.213929199577381
120.06,0.2,355.674358502487,0.000515775388266001,0.878160355021382,0.65672500317782,0.217136733163971
120.07,0.2,356.000346789284,0.000256509546603854,0.875992166177827,0.659268804201573,0.215975647738341
120.08,0.2,356.327989387001,0.000962076600889151,0.878698457069015,0.655698221888339,0.214476428231373
120.09,0.2,356.657275617818,0,0.880573246953465,0.657305412973911,0.214208919595882
120.1,0.2,356.988194004166,0.000397321054423477,0.877000046600903,0.656609192469302,0.217209541624391
120.11,0.2,357.320732270793,0.00152771997362877,0.879307488288767,0.656078597889511,0.214080491567781
120.12,0.2,357.654877347197,0.00159655331350736,0.879335412258743,0.653807811333025,0.215102556935061
120.13,0.2,357.990615370419,0,0.88036690047084,0.655977719234776,0.212742004364156
120.14,0.2,358.327931688207,0.001762104332663,0.87937467221719,0.654294134999893,0.213259490300089
120.15,0.2,358.666810862527,0,0.881224049345184,0.653605276158854,0.218202153252007
120.16,0.2,359.007236673444,0,0.883900177598367,0.657488259850519,0.218573769000395
120.17,0.2,359.349192123342,0.00210727039029805,0.88359216231585,0.656368091340157,0.214076700590433
120.18,0.2,359.692659441503,0,0.882301251990052,0.657518826009768,0.216834977989277
120.19,0.2,360.037620089023,0.00163581840674747,0.881707949201099,0.656373851015129,0.211725724411663
120.2,0.2,360.384054764076,0.000576779473128651,0.882551359303097,0.65525957108831,0.215783912106541
120.21,0.2,360.731943407508,0.000825951595148708,0.886436890100566,0.654881429963683,0.213563099133206
120.22,0.2,361.081265208768,0.00151164837103078,0.884078353074723,0.658930890122861,0.213880727176008
120.23,0.2,361.431998612165,0.00121475892410435,0.884365049134493,0.654878554484813,0.214230057849008
120.24,0.2,361.784121323443,0,0.884712383052885,0.658651709858014,0.212688060622296
120.25,0.2,362.137610316681,0.00263217393637522,0.887831032248023,0.656134962395344,0.215163116512714
120.26,0.2,362.492441841506,0.00121104283564475,0.88804285131395,0.654781151978777,0.213762855304511
120.27,0.2,362.848591430605,0.00218989758224166,0.88704452733345,0.656434122863306,0.214514535535485
120.28,0.2,363.206033907544,0.000797518140856738,0.884567477486926,0.658202828214535,0.216545680106194
120.29,0.2,363.564743394888,0.00234448884574248,0.886102615922,0.655150249764667,0.216920882911234
120.3,0.2,363.924693322605,0.00167247538978951,0.887095945011221,0.658239403455412,0.213358001198583
120.31,0.2,364.285856436761,0.0025569452116394,0.887209251227771,0.65635755415406,0.214834760655132
120.32,0.2,364.648204808486,0.00215513044336386,0.888433042451425,0.657678487264753,0.214825336686374
120.33,0.2,365.011709843222,0,0.891362676904489,0.655852428835538,0.214817412986506
120.34,0.2,365.376342290234,0.00318162870674448,0.888541380504896,0.657692615614291,0.211540888037276
120.35,0.2,365.742072252381,0,0.892546902719601,0.654688953419846,0.21393109922756
120.36,0.2,366.108869196145,0.00212271891457735,0.891230450165889,0.654203988513669,0.215014563222564
120.37,0.2,366.476701961906,0.00215785308453118,0.891015326714611,0.658110659213419,0.213763191202751
120.38,0.2,366.845538774454,0,0.892547609064382,0.65594424217018,0.215560029177865
120.39,0.2,367.215347253749,0,0.893778688699801,0.657236055732689,0.216518375225463
120.4,0.2,367.586094425893,0,0.892518697219923,0.654015243225371,0.217178010799339
120.41,0.2,367.957746734336,0,0.891822187765727,0.656733384623178,0.215118758964825
120.42,0.2,368.330270051292,0.00274614539220495,0.89435956962494,0.655850175823462,0.215926240347057
120.43,0.2,368.703629689364,0.000162634198427301,0.893288651965136,0.653495371996476,0.215750447610171
120.44,0.2,369.077790413369,0,0.894395517294246,0.655936238993283,0.21493471319578
120.45,0.2,369.452716452363,0.000375864747413613,0.894757439150374,0.656991961421534,0.213796863543947
120.46,0.2,369.82837151184,0.00347854484283584,0.89458946919765,0.655717344303228,0.214545059178462
120.47,0.2,370.204718786129,0,0.892562130489548,0.656402853391826,0.215838673160711
120.48,0.2,370.581720970952,0,0.893339129872622,0.655692605527692,0.213200357368133
120.49,0.2,370.959340276152,0,0.896347472986151,0.65294594307797,0.212245173662322
120.5,0.2,371.337538438579,0,0.895187920474007,0.655956645028313,0.214110419017567
120.51,0.2,371.716276735136,0,0.896417525540535,0.653601880634347,0.214956753679274
120.52,0.2,372.095515995956,0.000857118397926108,0.898692614171645,0.65495437478758,0.217245179763357
120.53,0.2,372.475216617734,0,0.897067481450052,0.657493322795992,0.21467766850898
120.54,0.2,372.855338577174,0,0.896477562170854,0.65736909407503,0.219444926667147
120.55,0.2,373.235841444574,5.33305918614151e-05,0.898760332537345,0.654309918036184,0.215215258032779
120.56,0.2,373.616684397521,0,0.900158743343139,0.652524423510434,0.218000808884484
120.57,0.2,373.997826234696,0,0.90010752674789,0.654405845936549,0.215398167188513
120.58,0.2,374.379225389789,0.00179109072897434,0.901209791939013,0.657447714671842,0.213735446366907
120.59,0.2,374.7608399455,0.00123940264729796,0.900391620748361,0.652404418259582,0.215845543342814
120.6,0.2,375.142627647643,0,0.90213231348008,0.654616425974155,0.21536642324247
120.61,0.2,375.524545919317,0,0.900154926270639,0.654252322560202,0.213133592258247
120.62,0.2,375.906551875172,0.0019042744482317,0.901899623730631,0.653903954284472,0.215808253178771
120.63,0.2,376.288602335725,0.000441469596141898,0.901320714065402,0.656387093452805,0.215055937989832
120.64,0.2,376.670653841755,0.00141054021501004,0.901315147499526,0.6532492301468,0.216137401617526
120.65,0.2,377.052662668742,0.00119261009932493,0.902818453652436,0.651013477970292,0.21861095840325
120.66,0.2,377.434584841366,0,0.904105139480211,0.652386674818875,0.215548373611406
120.67,0.2,377.816376148041,0.0017126375021163,0.904408087594173,0.653335438768739,0.213996988917708
120.68,0.2,378.197992155489,0.00156271840426962,0.902219028551519,0.654539314248721,0.215381992447548
120.69,0.2,378.579388223347,0.000324057092540942,0.902229136281797,0.653410855132596,0.213749410038559
120.7,0.2,378.960519518792,0,0.906462182062923,0.652978888240246,0.214912933433537
120.71,0.2,379.341341031189,0,0.907073152673078,0.65356767220285,0.213696977347738
120.72,0.2,379.721807586751,0,0.903916107252459,0.653597776156887,0.215072141031095
120.73,0.2,380.101873863202,0,0.905938457369811,0.654319154694468,0.215673967541384
120.74,0.2,380.481494404441,0.00123503379861233,0.904631233478848,0.652948560598917,0.211492887782006
120.75,0.2,380.860623635199,0,0.904814433798298,0.652126567818685,0.215483892668311
120.76,0.2,381.239215875691,0.00258839260006317,0.906964690207915,0.654044427387079,0.212550654847368
120.77,0.2,381.617225356235,0.00276141574760254,0.905301080921869,0.655003967157364,0.213022815140376
120.78,0.2,381.99460623187,0.00271984385472512,0.906831264206654,0.654323739791597,0.216909050951356
120.79,0.2,382.371312596923,0,0.909131182604106,0.652834476156002,0.214393135174425
120.8,0.2,382.74729849956,0,0.910071794962943,0.651536323532083,0.213545019712923
120.81,0.2,383.122517956287,0,0.909608254913664,0.651719645024288,0.212624005114941
120.82,0.2,383.496924966413,0,0.909551421361075,0.652994912704871,0.214547115718621
120.83,0.2,383.870473526453,0.00344203636976782,0.911039773902926,0.652907223438458,0.216619364369055
120.84,0.2,384.243117644495,0,0.909364423155645,0.652902145597574,0.216020241852768
120.85,0.2,384.614811354485,0,0.909838993150427,0.648369991796706,0.213225033856693
120.86,0.2,384.985508730468,0,0.908737960219123,0.651264163534497,0.215394993399578
120.87,0.2,385.355163900745,0.000995800132655692,0.911901432331759,0.65250726729014,0.213870134861875
120.88,0.2,385.723731061964,0.00320581367137131,0.90933328379454,0.651754876619431,0.216302549119868
120.89,0.2,386.091164493132,0,0.910894966813155,0.651483028267712,0.215656872725859
120.9,0.2,386.45741856954,0.00102900793554629,0.910206186145058,0.652736518793385,0.21676087134002
120.91,0.2,386.822447776609,3.33747572360718e-05,0.913181131193003,0.649687871699776,0.216515692460943
120.92,0.2,387.186206723635,0.000999737025869196,0.91234624518163,0.65016267230965,0.21128460368989
120.93,0.2,387.548650157444,0.000541786740906408,0.912006674006668,0.650811643980806,0.214717389123063
120.94,0.2,387.909732975952,0,0.913237557301588,0.649002143620981,0.214092326281009
120.95,0.2,388.269410241612,0,0.916158750675261,0.651228041159755,0.216926249740382
120.96,0.2,388.627637194757,0.000631705388589101,0.914889987249119,0.651563448071526,0.214724710214643
120.97,0.2,388.984369266839,0,0.915747350632269,0.649707674306965,0.214744289459608
120.98,0.2,389.339562093544,0.00168791291898348,0.916615308360293,0.649115189255878,0.211406025574796
120.99,0.2,389.693171527793,0,0.914895862845099,0.650666353406245,0.215242424588611
121,0.2,390.045153652622,0,0.916613648367359,0.649273693133426,0.216274656056212
121.01,0.2,390.395464793938,0.00246233266862546,0.913691285524089,0.647641586289911,0.213322747722301
121.02,0.2,390.744061533138,0.000401592028871761,0.915394994403673,0.647845513626997,0.21631185881907
121.03,0.2,391.090900719613,0,0.91603642958622,0.650326603874096,0.21607176677112
121.04,0.2,391.435939483101,0.000626661000263328,0.914403690884543,0.64896254472713,0.215412302589121
121.05,0.2,391.779135245911,0.00400711563087449,0.917210795651714,0.647007525981298,0.216758217447907
121.06,0.2,392.120445735008,0.00171229169202289,0.917694375541861,0.646040891147994,0.213508575677869
121.07,0.2,392.459828993947,0,0.915170208283842,0.646382987166169,0.214672875051293
121.08,0.2,392.797243394669,0.000245537070488343,0.919105095548741,0.644994824451222,0.21341242965205
121.09,0.2,393.132647649146,0.00205815637413556,0.917826002249059,0.649199037626459,0.216879037988609
121.1,0.2,393.466000820872,0,0.918638204908467,0.649015558983292,0.214280722211278
121.11,0.2,393.797262336203,0,0.917970010481899,0.647816264843005,0.21587798490406
121.12,0.2,394.12639199554,0.00119972568426398,0.921029336818014,0.647748708827018,0.215644655461743
121.13,0.2,394.453349984357,0,0.917149960595454,0.646175717717438,0.217319019858935
121.14,0.2,394.778096884061,0.000755555795745949,0.921316379264508,0.647367103799557,0.216261827630699
121.15,0.2,395.100593682695,0,0.920119811639554,0.645196345544446,0.214821279558573
121.16,0.2,395.420801785479,0,0.921070969731088,0.647116609568232,0.214410251129239
121.17,0.2,395.738683025175,0,0.920726093246209,0.6489875746487,0.212685388291032
121.18,0.2,396.05419967229,0,0.916666008564865,0.647754711769499,0.216689208680816
121.19,0.2,396.367314445106,0.00036784524536735,0.920712575201602,0.646461886806938,0.216037100912828
121.2,0.2,396.67799051954,0.00122882423423458,0.921261210891501,0.647387125370503,0.215487451541268
121.21,0.2,396.986191538826,0.000423821062861465,0.921735443561113,0.645465427074147,0.214117999109273
121.22,0.2,397.291881623023,0,0.922291906279438,0.648631169848033,0.214262257416992
121.23,0.2,397.595025378348,9.15762340131801e-05,0.923944165268139,0.646168913009891,0.213906701891374
121.24,0.2,397.895587906324,0,0.923009390067664,0.648929781551602,0.215743911473373
121.25,0.2,398.193534812755,0,0.925587114699435,0.645741490625092,0.214838157054703
121.26,0.2,398.488832216512,0.000674875798070162,0.925092353574953,0.646221116082695,0.214056881567453
121.27,0.2,398.781446758141,0,0.924180080555454,0.645921027340871,0.213333195786023
121.28,0.2,399.071345608285,0,0.924259733706604,0.646018454144581,0.213433315348254
121.29,0.2,399.35849647592,0,0.927873205481761,0.645808523958633,0.214436056878153
121.3,0.2,399.6428676164,0,0.925468300186882,0.645398288523413,0.217741168189787
121.31,0.2,399.924427839326,0.000669880025527091,0.924864359809679,0.643568415891232,0.213037388312799
121.32,0.2,400.203146516209,0.00139142590824086,0.926390039297285,0.645815262057421,0.216778896133373
121.33,0.2,400.478993587959,0.000447983583350014,0.924933565239344,0.644866760587871,0.216570041702462
121.34,0.2,400.75193957217,0,0.924653743732119,0.64443277548667,0.216846099762362
121.35,0.2,401.021955570225,0,0.927118245759176,0.646096120575774,0.215120245756987
121.36,0.2,401.289013274194,0,0.926814324393231,0.646880428238736,0.215845301131904
121.37,0.2,401.553084973552,0.00100459030910245,0.926258557649487,0.647241565410917,0.217066561029356
121.38,0.2,401.814143561694,0,0.925300959249816,0.644538086391201,0.214977976987564
121.39,0.2,402.07216254226,0,0.927628796424227,0.645908895131832,0.216289985971575
121.4,0.2,402.327116035258,0,0.930305764069292,0.646215843993298,0.216494556243747
121.41,0.2,402.578978782993,0,0.930933104293927,0.645948352523246,0.213561380445857
121.42,0.2,402.827726155805,0,0.92651614023702,0.644970077196076,0.214059917219924
121.43,0.2,403.073334157598,0,0.929292732787138,0.645198648612174,0.214616211702898
121.44,0.2,403.31577943118,0,0.927166538186236,0.64517016310734,0.213204456327767
121.45,0.2,403.555039263398,7.48343485825215e-05,0.926143786063353,0.643742486080232,0.214013636079
121.46,0.2,403.791091590079,0.00166001893589681,0.929678813882807,0.644503695742746,0.215793581884596
121.47,0.2,404.023915000766,0.000580712852521777,0.930212076412482,0.64330968760345,0.215293776088002
121.48,0.2,404.253488743257,0,0.932368830083825,0.64589515435719,0.216571763660486
121.49,0.2,404.479792727946,0.00199798929284301,0.931627094873248,0.642752305968458,0.215930750287302
121.5,0.2,404.702807531953,0,0.92904046866695,0.641926691697884,0.215405495356258
121.51,0.2,404.922514403069,0.000312800172540045,0.930835274577595,0.642434223138336,0.215706570424782
121.52,0.2,405.138895263482,0,0.931335077459457,0.644513513965403,0.216242042093566
121.53,0.2,405.351932713316,4.62440926081117e-05,0.934274198760335,0.641021988635019,0.216019835909517
121.54,0.2,405.561610033959,0,0.931279038305296,0.642174850773415,0.214169065575715
121.55,0.2,405.767911191194,0.00174275447686286,0.931944175438807,0.644593991931593,0.213248065925726
121.56,0.2,405.970820838124,0.000812741737587992,0.930919417621006,0.642365322506136,0.214362552386192
121.57,0.2,406.170324317896,0,0.933798789064334,0.645366957054265,0.215120671333319
121.58,0.2,406.366407666227,0.00298406113611265,0.932251260900479,0.643035143419557,0.214160158368768
121.59,0.2,406.559057613719,0,0.932335271077593,0.643308889486596,0.215227788408957
121.6,0.2,406.74826158798,0,0.931593243582998,0.643261280728601,0.21377685929612
121.61,0.2,406.934007715536,0,0.933441263443809,0.643226606264718,0.213773196990668
121.62,0.2,407.116284823545,0.0018493403284441,0.934320148235822,0.644328789076252,0.214370410468741
121.63,0.2,407.295082441306,0,0.933960853944444,0.647565262224496,0.214788915493475
121.64,0.2,407.470390801564,0,0.932486142895917,0.645084974005297,0.2124611128148
121.65,0.2,407.642200841619,0.00105607252222296,0.932112796068841,0.640015529968835,0.213151641851245
121.66,0.2,407.810504204227,0,0.932936409793324,0.643249908567424,0.212809733151779
121.67,0.2,407.975293238299,0,0.93367026012181,0.642072588769615,0.21458988826072
121.68,0.2,408.1365609994,0,0.936896195908635,0.6438322955151,0.214743481500305
121.69,0.2,408.294301250047,0,0.933520824308601,0.644618352451499,0.215439599617327
121.7,0.2,408.448508459804,4.35648951789525e-05,0.936794303822305,0.643683722372029,0.216096013172442
121.71,0.2,408.599177805175,0,0.933290014116342,0.644105259389724,0.216939151001093
121.72,0.2,408.746305169298,0.000421127790761791,0.935864464823786,0.643634415598361,0.214625335437157
121.73,0.2,408.889887141432,0.000210015605344754,0.936150802669377,0.64497084720958,0.216200179221312
121.74,0.2,409.029921016258,0.000179035022684634,0.936748189673453,0.645446681605189,0.216616083705403
121.75,0.2,409.166404792959,0.000490972904095408,0.936143013067043,0.643476807441549,0.216340881988912
121.76,0.2,409.299337174119,0.000845026581627593,0.937326075718662,0.642907655271091,0.215246578357668
121.77,0.2,409.428717564412,0.000174372128718564,0.935076951057067,0.645826419784121,0.215274818414773
121.78,0.2,409.554546069095,0,0.938189347835725,0.645197243967702,0.212750965907021
121.79,0.2,409.676823492299,0,0.93711354518023,0.644539245898715,0.21532906659572
121.8,0.2,409.79555133513,0.000762208410569444,0.93556012549185,0.642794651428086,0.213756543239867
121.81,0.2,409.910731793561,0,0.938557283361699,0.646408768104257,0.215460397161232
121.82,0.2,410.022367756138,0.00102717467577091,0.936006908929832,0.64406751766669,0.215286453120381
121.83,0.2,410.130462801478,0.00190193620424319,0.937817659047677,0.642144681669455,0.214279657870181
121.84,0.2,410.235021195582,0.000984261710774002,0.937287898306066,0.643866698787275,0.213288873514166
121.85,0.2,410.336047888943,0.00083678000955176,0.937802011813805,0.645068233058588,0.218219572660261
121.86,0.2,410.433548513462,0.000745038724088602,0.937125064662381,0.642972083342918,0.214822636181767
121.87,0.2,410.527529379174,0.000893754344573534,0.939108137597901,0.643055547803259,0.216050936090105
121.88,0.2,410.617997470773,0.00157005727828585,0.938914383584833,0.643708021120869,0.214915434139045
121.89,0.2,410.70496044395,0.000920418759408045,0.938311087218342,0.64526977372034,0.214960324833585
121.9,0.2,410.788426621533,0,0.937495908687966,0.645481914547737,0.214445290460074
121.91,0.2,410.868404989439,0.00249334757799821,0.93756393452413,0.646131335698746,0.216375342932101
121.92,0.2,410.944905192437,0,0.937167062066326,0.644354233111156,0.217035256953983
121.93,0.2,411.017937529714,0.000405409437186226,0.937764797159053,0.643469823695307,0.214682929398455
121.94,0.2,411.087512950261,0.00175116136576472,0.941788864432966,0.644389488782051,0.213270803338815
121.95,0.2,411.153643048059,0,0.940649945477511,0.643978740325001,0.215309569570376
121.96,0.2,411.216340057091,0,0.938582713809235,0.644013309303848,0.215267502302925
121.97,0.2,411.275616846155,0,0.940031140580137,0.643186623962028,0.215605277422712
121.98,0.2,411.331486913502,0,0.938815982514934,0.643194622453799,0.214070063120041
121.99,0.2,411.383964381279,0.00195300164649794,0.941045773600589,0.643770874587656,0.21552659961396
122,0.2,411.433063989798,0,0.939094134747167,0.64325600606072,0.215510631976139
122.01,0.2,411.478801091618,0,0.940812351682752,0.645406955031437,0.21577783151209
122.02,0.2,411.521191645444,0,0.941840410004411,0.646382941429743,0.21472642255865
122.03,0.2,411.56025220985,0,0.939407000639544,0.642502944321082,0.216402673408911
122.04,0.2,411.595999936819,0.00123178061920662,0.939834199660226,0.643689958144165,0.214800568940429
122.05,0.2,411.628452565108,0,0.942259893123369,0.643366031873216,0.214384060008926
122.06,0.2,411.657628413439,0,0.94167793787987,0.644336965147877,0.213446648497294
122.07,0.2,411.683546373506,0.000166064584494159,0.942153349835038,0.646769531488351,0.214547231029135
122.08,0.2,411.706225902818,0,0.940949222383308,0.646356149850538,0.214413708349755
122.09,0.2,411.725687017362,0,0.939216499724382,0.64208361712091,0.216010931367814
122.1,0.2,411.741950284103,0,0.941637727886247,0.643712139120024,0.217732088565666
122.11,0.2,411.755036813305,0.00220241035551582,0.941449874460473,0.645639585115479,0.213878650301649
122.12,0.2,411.764968250696,0,0.941041410610057,0.644692607321253,0.214999055479898
122.13,0.2,411.771766769451,0.000853159290487992,0.942888264320516,0.650458589646218,0.215770337253253
122.14,0.2,411.775455062027,0.00240199955198141,0.94050147633036,0.645001164441581,0.217823205115808
122.15,0.2,411.776056331826,0,0.941870077145841,0.645544592901186,0.215401424625046
122.16,0.2,411.773594284694,0,0.943703038205264,0.645232511656114,0.214874785438271
122.17,0.2,411.768093120269,0,0.940495347884133,0.644419035405413,0.216145618052548
122.18,0.2,411.759577523165,0,0.94271761029648,0.645700640601996,0.214162076852103
122.19,0.2,411.748072654007,0.00299148560988328,0.944553226437862,0.644501095212811,0.215465375758656
122.2,0.2,411.7336041403,0.000769816858016049,0.9402143315359,0.648081059544912,0.21640847404416
122.21,0.2,411.716198067162,0.000176209155291387,0.941228096955934,0.643015116191872,0.214249671932358
122.22,0.2,411.695880967894,0,0.941524804379547,0.645366326394758,0.215221540682265
122.23,0.2,411.672679814414,0.000759021525808442,0.943656328296149,0.649215020122354,0.212981773844451
122.24,0.2,411.646622007531,0,0.943246701228011,0.645484125454476,0.215160150066797
122.25,0.2,411.617735367096,0,0.941083859237687,0.646467290723721,0.217547549772365
122.26,0.2,411.58604812199,0.00159104800650337,0.940185955597345,0.647083661840401,0.217050834778013
122.27,0.2,411.551588899992,0.0028707500396301,0.943403431208108,0.647420148687676,0.215675307815467
122.28,0.2,411.514386717502,0.00204555656164324,0.944226329875599,0.64834268531747,0.218111876189106
122.29,0.2,411.474470969129,0,0.944644746333908,0.648422157522329,0.214244473312962
122.3,0.2,411.431871417154,0,0.943493505198129,0.647291359403706,0.215423241775948
122.31,0.2,411.386618180861,0,0.946311684012148,0.649748796618956,0.216600592632557
122.32,0.2,411.338741725743,0,0.943530756900746,0.645439365962359,0.211435580424989
122.33,0.2,411.288272852584,0,0.944443235646035,0.649643450606395,0.216166357355292
122.34,0.2,411.235242686423,0,0.946386237017665,0.649855636278121,0.21482229262969
122.35,0.2,411.179682665401,0,0.943843329411171,0.649371393373761,0.215768519536247
122.36,0.2,411.121624529487,0,0.945128424104513,0.648115173546199,0.215345910966947
122.37,0.2,411.061100309105,0,0.94255474150273,0.650239745568567,0.21353056040521
122.38,0.2,410.99814231364,0,0.944357399388094,0.64762648168022,0.215759052203931
122.39,0.2,410.932783119845,0.00144729847312934,0.945966864396946,0.645548840249365,0.218091597842713
122.4,0.2,410.865055560148,0.000682073280881096,0.944163421327877,0.646652035609075,0.213719161691458
122.41,0.2,410.794992710855,0.00151120637402157,0.942881687485401,0.645811741768234,0.213589068632277
122.42,0.2,410.72262788026,0,0.9438103480155,0.647383866449154,0.215582721650012
122.43,0.2,410.647994596668,0.00257691486261462,0.943392804025894,0.649034549132988,0.215993300802445
122.44,0.2,410.571126596316,0,0.944004553117683,0.650159708989884,0.216458064536321
122.45,0.2,410.492057811225,0,0.943368364040349,0.648758226312442,0.217409122184343
122.46,0.2,410.41082235696,0.00021062211059682,0.942170721072941,0.650269235773768,0.214093457599315
122.47,0.2,410.327454520316,0.00251400289908271,0.943191989723346,0.649364477208193,0.216792123735896
122.48,0.2,410.241988746928,0.00232888555296908,0.941779210919232,0.647574813040521,0.214364421551743
122.49,0.2,410.154459628815,0,0.944041171253396,0.65021452201755,0.21657992101956
122.5,0.2,410.064901891853,0,0.943107731124915,0.649850567709647,0.212964283304417
122.51,0.2,409.973350383186,0.00118741088481656,0.943570214382866,0.649478339298846,0.215535913708247
122.52,0.2,409.879840058584,0.00443206508184353,0.941179358399242,0.650834046201079,0.213265602751331
122.53,0.2,409.784405969739,0.00117139087897489,0.944261294921976,0.651490995887314,0.214624865005821
122.54,0.2,409.687083251515,0,0.94381295442587,0.650585232358881,0.213306524502394
122.55,0.2,409.587907109154,0,0.943448765825765,0.648836527123387,0.216313177101846
122.56,0.2,409.486912805433,0,0.940696447426317,0.651274849795436,0.212783875027537
122.57,0.2,409.384135647792,0.000348770763324168,0.942440465663773,0.650886387514074,0.213785064199967
122.58,0.2,409.279610975425,0,0.942597444133152,0.649534538919718,0.214887190211814
122.59,0.2,409.173374146338,0,0.946410242961115,0.65155173273179,0.216073792496363
122.6,0.2,409.065460524392,0,0.944209656296033,0.649407087495471,0.213027360590537
122.61,0.2,408.955905466321,0.00087384681207976,0.941160692396003,0.652730127586844,0.217943204820844
122.62,0.2,408.844744308733,0,0.942109662671187,0.65249139058371,0.215641994507066
122.63,0.2,408.732012355104,4.57431484177647e-05,0.946211621324367,0.65396715897317,0.216392586975072
122.64,0.2,408.617744862769,0.000997712781904313,0.942400609704622,0.651138415889281,0.213031678207527
122.65,0.2,408.501977029904,0.00149959401990997,0.943416145957999,0.651168753437123,0.213889733772588
122.66,0.2,408.384743982521,0.000901290377798085,0.940064306273243,0.650703481591384,0.213274151773163
122.67,0.2,408.266080761465,0.000410618547232637,0.94152482817748,0.650942580966178,0.21730843247573
122.68,0.2,408.146022309428,0,0.941531415819286,0.652339728391424,0.214151039194151
122.69,0.2,408.024603457984,0.000172884042466608,0.942422437199798,0.651154641497403,0.216204195580705
122.7,0.2,407.901858914641,0,0.943857583572723,0.652035142181106,0.210906588772462
122.71,0.2,407.777823249928,0,0.943697157951776,0.650193786671904,0.216154677742723
122.72,0.2,407.652530884514,0,0.942731641904651,0.652877292073571,0.215905844817519
122.73,0.2,407.526016076365,0,0.943836678214384,0.654327342391716,0.214623018664774
122.74,0.2,407.398312907945,9.50606187492849e-06,0.942006930206541,0.651303516693924,0.216058411534462
122.75,0.2,407.269455273472,0,0.944013937955321,0.65387126431547,0.214807150980823
122.76,0.2,407.139476866216,0.000863344726471512,0.94231456211284,0.651215790514529,0.216556745346413
122.77,0.2,407.008411165872,0,0.943077721765379,0.652560012324518,0.216280512587059
122.78,0.2,406.876291425986,0.000713976098158398,0.944422111075338,0.651723145936363,0.214425969610271
122.79,0.2,406.743150661459,0,0.942464094793419,0.652942955451992,0.214804309032335
122.8,0.2,406.609021636125,0,0.942323015081254,0.652001991094402,0.21446471352633
122.81,0.2,406.473936850404,0.00295935843562882,0.941260013488544,0.65664799478548,0.215202515243498
122.82,0.2,406.337928529051,0,0.942214245890504,0.653183792718296,0.217199587618234
122.83,0.2,406.20102860899,0,0.941198963359282,0.653317135497496,0.213964422793856
122.84,0.2,406.063268727248,0.00237219274683335,0.942507167385035,0.654738401393827,0.216552656046511
122.85,0.2,405.92468020899,0.000869138890436367,0.943435856762708,0.652683388538724,0.217212784428557
122.86,0.2,405.785294055662,0,0.941255812278748,0.656148227838179,0.216525808174596
122.87,0.2,405.64514093325,0.000828178064671376,0.943363169089315,0.653615729487153,0.21667084349893
122.88,0.2,405.504251160649,0,0.942819963362062,0.657001716885409,0.215403184018118
122.89,0.2,405.36265469817,0.00105018923696203,0.939730295552875,0.655195714586119,0.216373064512672
122.9,0.2,405.220381136163,0,0.942545246766582,0.654652761086177,0.216657735538664
122.91,0.2,405.077459683778,0.00195215217374257,0.940163851119911,0.654827118240174,0.215773873208686
122.92,0.2,404.933919157872,0,0.943114807771036,0.653360545425611,0.213036015029542
122.93,0.2,404.789787972053,0.00121381786921615,0.94360789185978,0.653491912263782,0.217650897440594
122.94,0.2,404.645094125878,0,0.941363580599161,0.652328278909215,0.216335169402133
122.95,0.2,404.499865194206,0.00226020246007917,0.942343265554533,0.656054791343638,0.215300439505514
122.96,0.2,404.35412831671,0,0.938647518557417,0.654815015972598,0.212061820093234
122.97,0.2,404.207910187562,0.00143019726457241,0.938642922997942,0.656122496589978,0.213390507056151
122.98,0.2,404.061237045273,0.00171057233177223,0.943472569587921,0.656752229757723,0.216565870303732
122.99,0.2,403.91413466273,0.000845140995131854,0.942641213905896,0.656369355834689,0.213956519068926
123,0.2,403.766628337395,0.00160884909030345,0.939583274023858,0.657894686115333,0.215830383984683
123.01,0.2,403.618742881698,0.000336526183229906,0.942725561161836,0.65851396152502,0.215374754700507
123.02,0.2,403.470502613626,0,0.939021273605947,0.65279692602326,0.217455286938045
123.03,0.2,403.321931347493,0,0.939845130666752,0.655807004767267,0.216113335703839
123.04,0.2,403.173052384928,0.00267065755760813,0.941493418045402,0.655382013420897,0.214231311839265
123.05,0.2,403.023888506049,0,0.937018959187072,0.655219415369844,0.215602463528132
123.06,0.2,402.874461960865,0.0021969330639388,0.940021394381224,0.656442403146062,0.213613960561633
123.07,0.2,402.724794460875,0,0.939464860628744,0.656646392611596,0.215749553465901
123.08,0.2,402.574907170899,0,0.941715804773957,0.655250132889714,0.216182629564872
123.09,0.2,402.424820701125,0.00143793586211362,0.939620780749432,0.653889941615877,0.21379162465747
123.1,0.2,402.274555099381,0,0.937885259158436,0.654189527763417,0.21485854743852
123.11,0.2,402.124129843646,0.000586827791456796,0.941538928845186,0.65691810403045,0.215074435958281
123.12,0.2,401.973563834788,0.000835951618861,0.940072035467863,0.65405286676393,0.216052313670402
123.13,0.2,401.822875389546,0,0.937892348620639,0.656242017246956,0.215145095177322
123.14,0.2,401.672082233755,0.000380702730886067,0.939005967425729,0.656551811184362,0.214979533850907
123.15,0.2,401.521201495812,0,0.937463362621374,0.659266505298241,0.217471253334941
123.16,0.2,401.370249700406,0,0.939320849517433,0.654611437093405,0.2124899794599
123.17,0.2,401.219242762484,3.53910176331808e-05,0.936449199146195,0.653719587614622,0.215284260308948
123.18,0.2,401.068195981491,0,0.939688516074523,0.65714422177848,0.215069565186244
123.19,0.2,400.917124035857,0.000572035203548857,0.937597587807623,0.654737909431103,0.217832081801975
123.2,0.2,400.766040977761,0.00222274641849386,0.937783081172551,0.658623827310077,0.213696347859528
123.21,0.2,400.614960228149,0,0.938230463573774,0.656035641794315,0.213308002057659
123.22,0.2,400.463894572035,0,0.937189273928715,0.658076524742907,0.214406116523434
123.23,0.2,400.312856154061,0.00186839836559724,0.937446523322809,0.655662234992821,0.213115807044232
123.24,0.2,400.161856474345,0,0.938875856424484,0.65641566557357,0.212006332461193
123.25,0.2,400.0109063846,0,0.938122762061253,0.65588187969229,0.213228582508055
123.26,0.2,399.86001608453,0,0.935573732685648,0.657466367683104,0.214912100751761
123.27,0.2,399.70919511852,0.00223838418155248,0.935447046994289,0.654473515121379,0.216890116894234
123.28,0.2,399.558452372598,0.000797021865302557,0.934738639424338,0.653648154429428,0.215056151515455
123.29,0.2,399.407796071692,0,0.936707222874856,0.655646335513601,0.214296381433729
123.3,0.2,399.257233777171,0,0.937252253207618,0.657664091451926,0.215668202976112
123.31,0.2,399.106772384678,0,0.935817386146675,0.65711724469206,0.214770292416203
123.32,0.2,398.956418122253,0.00134807282426722,0.936594902736862,0.656474701854954,0.21714707744475
123.33,0.2,398.806176548749,0.000195062416075057,0.935250860734352,0.657150880751914,0.215247323598504
123.34,0.2,398.656052552545,0,0.934534717866273,0.653100975431581,0.216696953101873
123.35,0.2,398.506050350549,0.00204425349333686,0.935652811787052,0.657301636571499,0.213685022913384
123.36,0.2,398.3561734875,0,0.934324199241622,0.655752643945436,0.212304291282628
123.37,0.2,398.206424835566,0.000727122462926049,0.932891683729883,0.654956381326091,0.213718067655419
123.38,0.2,398.05680659424,0.000334183853161958,0.934429666290786,0.657345701487614,0.217112517192441
123.39,0.2,397.907320290531,0.000827268753736817,0.932369363042547,0.658206257021779,0.214466305491862
123.4,0.2,397.757966779455,0.00172997198081128,0.933018849472441,0.657124978523853,0.215067127442162
123.41,0.2,397.608746244825,0.00097437598007878,0.930093594509406,0.65559335551912,0.217369649166731
123.42,0.2,397.459658200333,0.00124174364928371,0.93235636279882,0.655732376662608,0.217070904221533
123.43,0.2,397.310701490938,0.00082092242458806,0.931957969727333,0.657778510619425,0.21695751212309
123.44,0.2,397.161874294544,0,0.930414108608573,0.655120935083498,0.213570708674903
123.45,0.2,397.013174123978,0,0.932006462865384,0.656272075425872,0.21511269703723
123.46,0.2,396.864597829261,0.000339292310233231,0.931075923633623,0.657113853313452,0.21656638962678
123.47,0.2,396.716141600181,0.00183085722531938,0.931645592377072,0.656113289255748,0.214761031305996
123.48,0.2,396.567800969148,0,0.931316183929937,0.655662263663278,0.214527978818932
123.49,0.2,396.419570814354,0,0.93218265845169,0.657073693305022,0.216158653849994
123.5,0.2,396.271445363217,0,0.930774572466092,0.652920013012212,0.217119883470845
123.51,0.2,396.123418196114,0.000342445737674283,0.927257116019201,0.656360245258135,0.215363768136634
123.52,0.2,395.975482250409,0.000221475552836489,0.930833634264608,0.656622769128571,0.213482024452665
123.53,0.2,395.82762982476,0,0.929397091976696,0.658035388970413,0.214105713977832
123.54,0.2,395.679852583716,0,0.928940970354344,0.6568157529424,0.213508219480242
123.55,0.2,395.532141562589,0.000849051163991405,0.929143999142475,0.655440795969983,0.216421395396789
123.56,0.2,395.384487172615,0,0.929884244210364,0.657330277349503,0.213044141072768
123.57,0.2,395.236879206386,0,0.926778806038652,0.657923617099486,0.214920840910337
123.58,0.2,395.089306843559,0.000965666893887444,0.930390758670662,0.652389993938058,0.212703843338897
123.59,0.2,394.941758656837,0,0.928822193320126,0.655050356617168,0.213330008596889
123.6,0.2,394.79422261822,0,0.929150089324136,0.657133913261711,0.215389564847404
123.61,0.2,394.646686105522,0.00165402540466527,0.927342277767573,0.651610193088794,0.213025747456783
123.62,0.2,394.499135909151,0.00117815737726873,0.925609247853304,0.653822409892766,0.217043930002295
123.63,0.2,394.351558239149,0,0.926022547760831,0.652654956850114,0.214082067305499
123.64,0.2,394.203938732491,4.91226013042817e-05,0.927552628902232,0.653304590785765,0.215992726309673
123.65,0.2,394.056262460629,0.00160658955458774,0.927215850019926,0.655417124684191,0.213743853467126
123.66,0.2,393.908513937303,0,0.924686291421864,0.654928565102418,0.216387613107624
123.67,0.2,393.760677126574,0,0.926403769289642,0.656240190320974,0.213998548081036
123.68,0.2,393.61273545112,0,0.922938250157976,0.653177222581096,0.216826625879456
123.69,0.2,393.464671800762,0.0031936726180228,0.925306620187336,0.653104779340098,0.215042185273259
123.7,0.2,393.316468541215,0,0.926709459019526,0.653635643167319,0.213977087920143
123.71,0.2,393.168107523089,0,0.92385861631528,0.653714275288278,0.215234591567065
123.72,0.2,393.019570091094,0,0.924250766297538,0.654206466572072,0.215271731792017
123.73,0.2,392.87083709348,0.000261105447967299,0.926054363775295,0.656468603815899,0.214635143860745
123.74,0.2,392.721888891691,0.0033976181711486,0.92561894786295,0.65335618379881,0.211997461848614
123.75,0.2,392.572705370227,0.00049689704832939,0.92505345884755,0.654858175754807,0.214134916784946
123.76,0.2,392.423265946716,0,0.921146016362617,0.654418131566275,0.217221923696628
123.77,0.2,392.273549582191,0.00340289997980399,0.924882667509542,0.653744048922102,0.212761775426833
123.78,0.2,392.123534791559,0,0.923373859890466,0.655369021465577,0.216587670265111
123.79,0.2,391.973199654268,0,0.922747084073168,0.653583905344627,0.215434836003654
123.8,0.2,391.822521825163,0.00252438103152654,0.92097594585513,0.655671301465005,0.215406170495989
123.81,0.2,391.671478545517,0,0.924193248304737,0.651524427249084,0.216284484320469
123.82,0.2,391.52004665425,0,0.92256098443294,0.653783805751169,0.215834964189592
123.83,0.2,391.368202599312,0.00202998192659267,0.920340043630578,0.652299417479309,0.21452475962084
123.84,0.2,391.21592244924,0.00150269085997443,0.919247655435904,0.651867862477919,0.216206018793529
123.85,0.2,391.063181904875,0.00157520270503172,0.917944858277579,0.652184157830007,0.214497561069004
123.86,0.2,390.909956311233,0,0.919085683529359,0.654916265845924,0.216661485288144
123.87,0.2,390.75622066953,0,0.919153055537219,0.653616795637191,0.21775913234244
123.88,0.2,390.601949649357,0,0.91847432438454,0.652267071127035,0.213453315897433
123.89,0.2,390.44711760099,0,0.915599107992155,0.654589059174882,0.215990283395681
123.9,0.2,390.291698567832,0,0.919171556263529,0.653242902096352,0.214294238923396
123.91,0.2,390.135666298999,0.000293422353070458,0.916358663042106,0.652066112581342,0.214538613545411
123.92,0.2,389.978994262015,0.000742708575323534,0.917640551586307,0.652272919467024,0.215392261010326
123.93,0.2,389.821655655634,0,0.916726486615459,0.65107851507974,0.215076318374544
123.94,0.2,389.663623422774,5.94843252080143e-05,0.91762081286697,0.652182139981194,0.216724470719193
123.95,0.2,389.504870263554,9.35196084037507e-05,0.920151401334658,0.653091299524633,0.21352694812449
123.96,0.2,389.345368648442,0.00176847888003505,0.915715357112157,0.650779158877545,0.214132586118669
123.97,0.2,389.185090831489,0.000311897461608199,0.918063047715209,0.651561840221443,0.214356891131082
123.98,0.2,389.024008863664,0.00204731247932072,0.914905639208871,0.651541484353854,0.216358094870782
123.99,0.2,388.862094606263,0,0.918225719747368,0.650364349236932,0.215567692685628
124,0.2,388.699319744412,0.00132409373892126,0.915316327577408,0.651065711076095,0.213688968888899
124.01,0.2,388.535655800627,0.00108464320454278,0.915158786738447,0.652451500458519,0.215175192901636
124.02,0.2,388.371074148462,0.000219413585601929,0.915613767598876,0.648951637439432,0.214493136800765
124.03,0.2,388.205546026196,0,0.912399656918423,0.652346157666386,0.214115842263401
124.04,0.2,388.039042550607,0,0.915760139484327,0.650493033174769,0.214605425018398
124.05,0.2,387.871534730767,0.00128024332824752,0.912754285752229,0.650019493042352,0.216431434516606
124.06,0.2,387.70299348191,0.00155680734865839,0.911215905363162,0.65348514596092,0.215460104280815
124.07,0.2,387.533389639323,0.00158684649696695,0.910917702397471,0.64979130274951,0.214557486128548
124.08,0.2,387.362693972281,0.00185737485333772,0.911405915338753,0.649087894844367,0.216496028298708
124.09,0.2,387.190877198008,0.00153465523953035,0.912015049723352,0.649774605878577,0.217628096216263
124.1,0.2,387.017909995669,0,0.912750315062398,0.649540022431434,0.213616872829125
124.11,0.2,386.843763020376,0.000599049144107625,0.910803436324307,0.650143501792777,0.215817118105232
124.12,0.2,386.668406917207,0.00245609645080107,0.912131557797338,0.648180741287756,0.215293346290922
124.13,0.2,386.49181233524,0.000715493841586115,0.911620763496292,0.648770535159618,0.21324470459749
124.14,0.2,386.313949941585,0.000117359994794371,0.909765730595701,0.647961434591684,0.217126883018644
124.15,0.2,386.134790435417,0,0.913517556545961,0.649605774181252,0.214073282478779
124.16,0.2,385.954304562004,0.000222565657837512,0.910658154128185,0.647505688959285,0.215924759154383
124.17,0.2,385.772463126719,0,0.907796180983301,0.64758166533122,0.2154801236253
124.18,0.2,385.589237009041,0.00133462495120086,0.908091926702544,0.649773962583205,0.217147999536466
124.19,0.2,385.404597176528,0.000272692341014215,0.908394554149561,0.652845474666547,0.215683462162915
124.2,0.2,385.21851469877,0.000221082668211866,0.90747925266735,0.647012138976992,0.214851507691075
124.21,0.2,385.030960761304,0,0.907888575412952,0.650367897205031,0.214170777633582
124.22,0.2,384.8419066795,0,0.906600762214997,0.648768762285178,0.212195447185832
124.23,0.2,384.651323912399,0.00108038138267882,0.907156434175681,0.649915443736873,0.215304460205967
124.24,0.2,384.459184076512,0,0.908562874526838,0.648625438700042,0.212573061947989
124.25,0.2,384.265458959564,0.00184652776780349,0.907814622223895,0.64918104848808,0.213570110596368
124.26,0.2,384.070120534183,0.000114542952429054,0.906179291776589,0.646003750874982,0.214044388165952
124.27,0.2,383.873140971536,0.00113165144798682,0.90560502328755,0.650174304949012,0.215603296346731
124.28,0.2,383.674492654892,0.00160453672360126,0.904777642168207,0.644223896211111,0.21578144436301
124.29,0.2,383.474148193128,0,0.901928125276243,0.645940857553997,0.215605378235198
124.3,0.2,383.272080434152,0.00063878448777199,0.903866454475161,0.648702052198888,0.214049403421848
124.31,0.2,383.068262478255,0.000641361524957006,0.902392853686982,0.645541353460791,0.213611406647367
124.32,0.2,382.862667691382,0.000470918438294398,0.901666998929036,0.646228008815558,0.213306068472671
124.33,0.2,382.655269718321,0,0.903853099205754,0.64872340057363,0.212203230815641
124.34,0.2,382.446042495794,0,0.904299821052786,0.64762933327438,0.217418228879285
124.35,0.2,382.234960265466,0.000321934679255633,0.899329922898142,0.644536007185376,0.214148006915796
124.36,0.2,382.021997586849,0,0.902658398812259,0.649870875386036,0.218560596553706
124.37,0.2,381.807129350112,0.00100272069665918,0.903110633937268,0.64814484619502,0.215441605369073
124.38,0.2,381.590330788783,0,0.901044241505735,0.643901048653254,0.214870575508838
124.39,0.2,381.371577492344,0.0014495226121667,0.901998861992749,0.646503092630365,0.214716067209468
124.4,0.2,381.150845418713,0,0.898651925458401,0.644584349795674,0.213803387815073
124.41,0.2,380.928110906612,0.00101030688381192,0.901546781327418,0.644284697630047,0.216569584350268
124.42,0.2,380.703350687823,0,0.898181555466875,0.645948525478323,0.214998349729543
124.43,0.2,380.476541899306,0,0.900130276689823,0.646989849275874,0.217806503796471
124.44,0.2,380.247662095208,0.000472654288712457,0.897439617605982,0.646324954767712,0.214919215247088
124.45,0.2,380.016689258737,0.0013454224831976,0.89577321098689,0.645909326157679,0.214099151009008
124.46,0.2,379.783601813897,0.00171774344322525,0.899247884238837,0.646090635211754,0.21599147959676
124.47,0.2,379.548378637107,0.00218337918536625,0.897693475560604,0.644658605986487,0.216220444161018
124.48,0.2,379.310999068655,0.00234889893294405,0.897502187991393,0.64504469836925,0.213817115211108
124.49,0.2,379.07144292404,0,0.895688187121569,0.644905477425162,0.216053295414379
124.5,0.2,378.829690505143,0.000966246569164864,0.898588233963992,0.645180860440827,0.216382634650672
124.51,0.2,378.585722611274,0,0.89695103228863,0.646075537143262,0.216228560066211
124.52,0.2,378.339520550054,0.000193489735490951,0.894065014101822,0.643859367179294,0.214946540069402
124.53,0.2,378.091066148143,0,0.893981982702132,0.644873812019295,0.213718235077683
124.54,0.2,377.840341761833,0.00223700620362295,0.894960436204105,0.647744564257273,0.214004077283077
124.55,0.2,377.587330287454,0.00128506709824437,0.892525187240559,0.646309483858323,0.213210474631768
124.56,0.2,377.332015171644,0,0.894342141523088,0.642756735635556,0.21433989609907
124.57,0.2,377.074380421439,0.000567190448135963,0.893205644527197,0.645017920378654,0.214291186634146
124.58,0.2,376.814410614211,0,0.891908951360636,0.645397846809936,0.21372396403829
124.59,0.2,376.552090907422,0.00106943683119413,0.893831925853388,0.642962291684825,0.216396797032229
124.6,0.2,376.287407048225,0,0.892955173417002,0.644836186456639,0.214257043445504
124.61,0.2,376.020345382876,0,0.88935086697152,0.644595427877718,0.213791206837795
124.62,0.2,375.750892865983,0.00254894786433003,0.892258848094594,0.644549748101712,0.216191215930531
124.63,0.2,375.479037069572,0,0.892016491892709,0.643805119556544,0.214105394914564
124.64,0.2,375.204766191972,0.00169428881843021,0.889461087625752,0.643737076057494,0.215850679376835
124.65,0.2,374.928069066521,0.000429649872471258,0.892358150269774,0.642974583732184,0.217111064211616
124.66,0.2,374.648935170088,0,0.889654120663662,0.643542276814,0.216017147515951
124.67,0.2,374.367354631406,0.00091715057299214,0.889681956141009,0.64419571962866,0.215285809505926
124.68,0.2,374.083318239223,0,0.888638223602307,0.64203033011375,0.215253748467372
124.69,0.2,373.796817450254,0.0012358250099538,0.888053104382802,0.642441075465266,0.213729742580201
124.7,0.2,373.507844396953,0.000400936833757107,0.886345998244738,0.641030514379544,0.215445417920714
124.71,0.2,373.216391895076,0.000560465452483374,0.887021215852129,0.646159459157678,0.215308994853353
124.72,0.2,372.922453451065,0.000445583857015555,0.888299936632073,0.64380251511941,0.217283999608674
124.73,0.2,372.626023269217,0,0.883800996327261,0.643724220201116,0.215288311959847
124.74,0.2,372.327096258671,0,0.884910249556515,0.642312983790812,0.216825608007785
124.75,0.2,372.025668040183,0.00100056884636934,0.884045783045769,0.643229864169589,0.215254753460674
124.76,0.2,371.721734952694,0,0.884568957738678,0.640437734292528,0.217972156240152
124.77,0.2,371.415294059711,0,0.88415602315671,0.642636238849455,0.214563912316279
124.78,0.2,371.106343155463,0,0.885067200180307,0.642427357375776,0.21562452736557
124.79,0.2,370.794880770856,0.00260630497450505,0.884336169261551,0.642457568396289,0.215907823909499
124.8,0.2,370.480906179228,0.00233804418552811,0.883257319244564,0.643616411965721,0.212103034550831
124.81,0.2,370.164419401873,0,0.884016250534898,0.641343499130506,0.213711650309091
124.82,0.2,369.845421213369,0.00131370502373892,0.882869434360212,0.642295728497427,0.216371089275105
124.83,0.2,369.523913146689,0,0.884091347007621,0.644662823684458,0.215609750071019
124.84,0.2,369.199897498085,0,0.880992543625075,0.644138929135807,0.213045115958602
124.85,0.2,368.873377331771,0,0.881665132246545,0.641308598079401,0.21260335299147
124.86,0.2,368.544356484375,0.000573158437059912,0.883172423684003,0.645266525248775,0.214041958850835
124.87,0.2,368.212839569176,0.000953315884557575,0.879253493514034,0.643608886701017,0.215886839008562
124.88,0.2,367.878831980116,0,0.878220323053463,0.646026813734194,0.21410022951237
124.89,0.2,367.542339895597,0,0.878864878118576,0.642898759825763,0.215906521850607
124.9,0.2,367.203370282038,0.00113874269768069,0.879617781298054,0.64505694717914,0.213693721740117
124.91,0.2,366.861930897224,0,0.879008158529505,0.642710367150194,0.214224097640776
124.92,0.2,366.518030293417,0.00136687060328778,0.877182435634197,0.645223439747795,0.216935051066411
124.93,0.2,366.171677820235,0.00115802259121366,0.877448362497918,0.641399029699207,0.214318139104663
124.94,0.2,365.822883627315,0.000396670273062676,0.876231583107482,0.643886309216782,0.216709914396537
124.95,0.2,365.471658666725,0,0.877274262194407,0.642151084406963,0.213767433851971
124.96,0.2,365.118014695166,0,0.877868980463748,0.642903914835383,0.215063180502814
124.97,0.2,364.761964275918,0.00112442283000672,0.875961860110308,0.644251539845727,0.211867061526063
124.98,0.2,364.403520780562,0,0.875716107957827,0.647581751140958,0.216209746013959
124.99,0.2,364.042698390469,0.00328941357052325,0.874068836338174,0.642107252170447,0.212009069318995
125,0,363.679512098039,0.00113420759954008,0.877544818306475,0.644123318805087,0.216733619948783
125.01,0,363.313977707708,0.00175554178749963,0.87537789301046,0.643611111266487,0.215159506934615
125.02,0,362.946111836718,0,0.874077762347193,0.644485902930217,0.213758649005839
125.03,0,362.575931915631,0.000441931736825368,0.873094005179531,0.64345906529726,0.214390639380812
125.04,0,362.203456188619,0,0.87557258189756,0.643283986366498,0.215670439898133
125.05,0,361.828703713493,0.0016494891757136,0.872334506721286,0.646323407511774,0.214644093774595
125.06,0,361.451694361496,0,0.871407552986658,0.642180955558034,0.216540103761294
125.07,0,361.072448816841,0.00133922223971997,0.869823913158911,0.646827669103746,0.216776292940467
125.08,0,360.690988576011,0.00108062720015272,0.872294898154161,0.644006630314148,0.214142997746056
125.09,0,360.3073359468,0,0.872740269305346,0.643486238444312,0.214592624920735
125.1,0,359.921514047109,0.0014934281059407,0.86987198156594,0.644286014102069,0.215061232657792
125.11,0,359.533546803488,0.00272738868222257,0.870422366723578,0.644234431148291,0.216835410138175
125.12,0,359.143458949421,0,0.869255295665043,0.645256868939013,0.216206895632243
125.13,0,358.751276023369,0,0.869221794570766,0.645845458467112,0.213845232957133
125.14,0,358.357024366542,0.000504380154074854,0.869313956940598,0.644732909760281,0.214996185750209
125.15,0,357.960731120422,0.00204307362237609,0.865564269609785,0.644099262644544,0.215089544020796
125.16,0,357.562424224032,0,0.867139499134506,0.644979429640614,0.21607030707204
125.17,0,357.162132410934,0.000126849625752259,0.86783002117601,0.645998106928447,0.21360935384961
125.18,0,356.759885205983,0,0.868403132721934,0.645413968557938,0.214233690764037
125.19,0,356.355712921805,0.00260005100631087,0.867948185669538,0.644882827546017,0.214855717842444
125.2,0,355.949646655018,0.000120907687054048,0.863639058526343,0.645422553477806,0.212710650416987
125.21,0,355.541718282193,0,0.865964413575663,0.642499777420516,0.212311417207072
125.22,0,355.131960455547,0,0.865110596574311,0.643660731863947,0.215530644648247
125.23,0,354.72040659837,0.00120206833824328,0.867353773367936,0.645345426488822,0.215504749529397
125.24,0,354.307090900185,0.00167391472864699,0.862955639862195,0.645735654791529,0.21524033462938
125.25,0,353.892048311644,0.000926870398218025,0.863900542530699,0.644963195985752,0.2130215451456
125.26,0,353.475314539149,0.000569231659674732,0.863561895111767,0.643826053562532,0.217464347944781
125.27,0,353.056926039209,0.000797114635340147,0.863872829335004,0.642957709251265,0.214395339960684
125.28,0,352.636920012528,0,0.863749246628201,0.646302239336427,0.214530545041818
125.29,0,352.215334397811,0,0.861730299412456,0.647583304412538,0.214569470293997
125.3,0,351.792207865314,0,0.862814520098031,0.644765381909311,0.216491849263719
125.31,0,351.367579810099,0,0.862120962466229,0.642288369669398,0.214432882256323
125.32,0,350.941490345041,0,0.860750494194551,0.645899239405388,0.215901524911265
125.33,0,350.513980293541,0.00244292133600544,0.857765173722292,0.645146991212262,0.215730935744504
125.34,0,350.085091181968,0,0.860593946733623,0.646170081874776,0.215421352256738
125.35,0,349.654865231828,0,0.857943301157251,0.6468506660014,0.213206860288702
125.36,0,349.223345351661,0.000142956935279707,0.860413671390154,0.645946595692616,0.216560863333894
125.37,0,348.790575128647,0.000183637598176898,0.859481670361942,0.645701701383156,0.212946560502319
125.38,0,348.356598819945,0,0.856982837934016,0.64801381277455,0.219094171783806
125.39,0,347.921461343754,0,0.861288261569693,0.644165681580273,0.215422258346688
125.4,0,347.485208270089,0.000247567162017163,0.85982428763742,0.647961661771063,0.215228057807683
125.41,0,347.047885811287,0.00105218802567503,0.855543448216853,0.646403312749157,0.217189940917374
125.42,0,346.60954081222,0.00044532836307754,0.856212419880624,0.646412755840317,0.214997229095498
125.43,0,346.170220740249,0,0.853092429454454,0.649036898975398,0.214037946611506
125.44,0,345.729973674882,0,0.857030185867894,0.645546402644708,0.214444411665476
125.45,0,345.288848297157,0,0.857630195937255,0.647095866469615,0.215756087003373
125.46,0,344.84689387875,0,0.854927705245933,0.646778245279162,0.215058593507307
125.47,0,344.404160270802,0.0015126595927648,0.856006452567628,0.64998480688904,0.216144572782018
125.48,0,343.960697892461,0.00156740151202545,0.853935964244683,0.646598591648672,0.215205400091595
125.49,0,343.516557719159,0,0.85382913137388,0.646908662091171,0.214888755547627
125.5,0,343.071791270598,7.38360903153583e-05,0.852519244729581,0.649018414500006,0.215161307506912
125.51,0,342.626450598464,0.00197853410921402,0.851847158324601,0.650511961031993,0.215013316763425
125.52,0,342.180588273869,0.00400966642772754,0.854135155060647,0.648952554058807,0.215602822510421
125.53,0,341.734257374503,0.00177055846853459,0.85370588776127,0.64967226561618,0.217365606296936
125.54,0,341.287511471533,0,0.853496687774363,0.64774303201463,0.216104964248472
125.55,0,340.840404616206,0.00186116226421189,0.853579024467665,0.647359973418567,0.21765387134206
125.56,0,340.392991326191,0,0.850351726080021,0.650240913037258,0.214841722236451
125.57,0,339.945326571652,0,0.853237903782082,0.648722972051258,0.212879535953113
125.58,0,339.497465761041,0.00167180633486701,0.850561577170365,0.64884001466692,0.214511700275711
125.59,0,339.049464726633,0,0.850404953232102,0.649064715038361,0.213906802976545
125.6,0,338.601379709787,0.00125419189117355,0.849050571654729,0.649474850375194,0.215050437577053
125.61,0,338.153267345948,0.000685670400399498,0.849073021392875,0.647769370387611,0.21789388670166
125.62,0,337.705184649378,0.00279032385770003,0.848786942984639,0.650850560696478,0.212092215610532
125.63,0,337.257188997641,0,0.847988062127458,0.64953338993095,0.215153551545089
125.64,0,336.809338115816,0.00192465988654277,0.851103499237773,0.647329902216077,0.215549990108773
125.65,0,336.361690060458,0,0.846709664208896,0.651660531195529,0.214670941543969
125.66,0,335.914303203318,0,0.847529852373884,0.650929894031565,0.215690105059866
125.67,0,335.467236214793,0.00046483388849177,0.847054706478317,0.651515337317459,0.216193332807946
125.68,0,335.020548047148,0.00181614408148783,0.843549134039752,0.649604733096805,0.21562729576732
125.69,0,334.574297917486,0.00014394133810211,0.844727633175821,0.651291788823806,0.214691826265678
125.7,0,334.128545290479,0,0.847483001767468,0.65183504536965,0.213092744194329
125.71,0,333.683349860865,0.00123324495241017,0.844426411531176,0.650775619135434,0.213889739493417
125.72,0,333.238771535712,0.000601461206020387,0.847485306818395,0.651849894767015,0.212861476508068
125.73,0,332.794870416456,0,0.845645507196814,0.650215788733024,0.216557979947354
125.74,0,332.351706780715,0,0.843986349070343,0.653961169488472,0.214212942883574
125.75,0,331.909341063882,0.00134066823119101,0.844662872942004,0.650795084432539,0.214020595525741
125.76,0,331.467833840505,0.000148100987912119,0.84463595144968,0.651462460331576,0.215019210959881
125.77,0,331.027245805467,0,0.845429410379823,0.651890002217077,0.215108771842802
125.78,0,330.587637754944,0.000614378736207412,0.842709013271043,0.652607164458041,0.216568860081243
125.79,0,330.149070567189,0.00145897569336845,0.843093152730997,0.652941155664236,0.213031023872551
125.8,0,329.7116051831,0.000853427702393917,0.840492787752185,0.651231926438391,0.214717068690195
125.81,0,329.275302586623,0.000276680102704071,0.840361856540301,0.650888775623625,0.213173372160423
125.82,0,328.840223784958,0.00222857666335499,0.841408656465656,0.651890556344464,0.213860881120132
125.83,0,328.406429788607,0.000430047891307017,0.843580551621601,0.651844135214461,0.214036795292752
125.84,0,327.973981591242,0,0.839360369290194,0.650673222480115,0.214390826303902
125.85,0,327.542940149427,0,0.838999849240114,0.653678291043817,0.217681290480598
125.86,0,327.113366362175,0,0.84036155120619,0.65382073037205,0.212660925445539
125.87,0,326.685321050374,0,0.835945105256701,0.653269257266476,0.21309457588534
125.88,0,326.258864936064,0,0.840896512130687,0.651572027465321,0.213850329305681
125.89,0,325.834058621597,0,0.83832126433534,0.651555224398761,0.215624763956142
125.9,0,325.410962568665,0.00150145105872454,0.835471461941641,0.653094362204148,0.213365215987067
125.91,0,324.98963707723,0.000580321851372167,0.836873458673282,0.652370482381245,0.214924905066354
125.92,0,324.57014226434,0,0.836471464626392,0.652025743010721,0.214510247728551
125.93,0,324.152538042859,0.000263068170066774,0.83611123856698,0.653123418075811,0.214175142537433
125.94,0,323.736884100113,0,0.833310902337953,0.654426370576134,0.212414825114674
125.95,0,323.323239876452,0.00104077084358297,0.836026732259818,0.652597043315157,0.212750697782385
125.96,0,322.911664543764,0,0.836230481006013,0.656333911218622,0.215360839811217
125.97,0,322.502216983922,0,0.835235734477063,0.652405218891548,0.216010514131262
125.98,0,322.094955767188,0,0.837014686166642,0.65434282809527,0.215306363871831
125.99,0,321.689939130598,0,0.837410090498745,0.653818222057053,0.213330416650105
126,0,321.287224956306,0.00131278215636049,0.833576757370742,0.654801109503786,0.216471845196571
126.01,0,320.886870749924,0.000276712548145427,0.836047008720881,0.65345820254417,0.21569394421644
126.02,0,320.488933618878,0.00039543772259012,0.833660117190512,0.654537693426976,0.215513993098609
126.03,0,320.093470250745,0.00121427893149943,0.833036427798535,0.656682000561786,0.213658364137043
126.04,0,319.700536891645,0,0.833733420060285,0.654482811471274,0.216708080280908
126.05,0,319.31018932465,0.000216562753800666,0.832697433455937,0.654013972263982,0.216783643382341
126.06,0,318.922482848247,0,0.834931593387566,0.654692510458449,0.21278913976476
126.07,0,318.537472254864,0,0.832448997979634,0.652920256145034,0.215631324277531
126.08,0,318.155211809465,0,0.829641975600041,0.652604445468123,0.214157376883927
126.09,0,317.775755228238,0,0.829691436370639,0.654939458002285,0.213733765590188
126.1,0,317.399155657372,0.000688256618197581,0.829672280387351,0.656369504239957,0.213935695364765
126.11,0,317.025465651958,0,0.829910277692323,0.655288699528017,0.214480646007348
126.12,0,316.654737155008,0,0.830740553075912,0.655840893029063,0.212830002680166
126.13,0,316.287021476615,0,0.832251087178001,0.657135530730935,0.215641842390078
126.14,0,315.922369273271,0,0.830203028630621,0.652282099005462,0.213338328842827
126.15,0,315.560830527341,0,0.831767168900991,0.6541945239314,0.215567774651772
126.16,0,315.202454526728,0.00141320988605001,0.829325946274028,0.656542640900003,0.213547222885859
126.17,0,314.84728984473,0,0.830006750767415,0.655139558759096,0.212883449558782
126.18,0,314.495384320097,0.0009679865185373,0.827104929707653,0.653525790214431,0.218809305215394
126.19,0,314.146785037325,0,0.827841095070894,0.657341914685353,0.215731025981866
126.2,0,313.801538307168,0,0.829518786610878,0.654338445827502,0.215207022668195
126.21,0,313.459689647424,0,0.823860942443781,0.65198728377953,0.218465168213208
126.22,0,313.121283763962,0,0.828327682093657,0.655487573227745,0.215498797622184
126.23,0,312.786364532044,0,0.826639941235905,0.656408433053522,0.214239990791131
126.24,0,312.454974977932,0,0.829447290082084,0.657227947618585,0.216709884977888
126.25,0,312.127157260808,0,0.823870000227197,0.654215776203848,0.215036163818346
126.26,0,311.802952655008,0,0.825256369055355,0.656723061270224,0.213614312752135
126.27,0,311.482401532597,0,0.82703705490608,0.656997136850738,0.215372083573212
126.28,0,311.165543346292,0,0.82530964168729,0.655765993864911,0.212168655148006
126.29,0,310.852416612747,0.00107042392345276,0.821630711723543,0.656604360174719,0.215867106035059
126.3,0,310.543058896211,0,0.823174583410115,0.656303563219369,0.215326286915704
126.31,0,310.237506792583,0.00212308724168904,0.823946356194358,0.657332742194881,0.217122674657783
126.32,0,309.935795913866,0,0.821569871950714,0.658264981163807,0.21575317645436
126.33,0,309.637960873038,0.000293018225038251,0.826880919300258,0.656397555168223,0.214593473938061
126.34,0,309.34403526935,0,0.824071105618494,0.656367925152096,0.214127695180815
126.35,0,309.054051674076,0.000750773632369184,0.823438993334334,0.657204248565875,0.215940885821708
126.36,0,308.768041616704,0.00134733063973227,0.828140467778996,0.65631488232134,0.216294520908679
126.37,0,308.486035571605,0.001064753953197,0.823497973333088,0.654038774871599,0.216275878720839
126.38,0,308.208062945178,0,0.820887975578983,0.657581220745739,0.219604406420863
126.39,0,307.934152063486,0,0.820857766950928,0.657527447709292,0.215656179518377
126.4,0,307.66433016039,0.000587744531759261,0.820680499114269,0.658861653540384,0.212577508732637
126.41,0,307.398623366205,0.000101057568844711,0.822008635362915,0.659135321279881,0.213349864295132
126.42,0,307.137056696874,0.000121323870031382,0.823996029157062,0.656371661117636,0.215567349279393
126.43,0,306.879654043678,0,0.82126533843465,0.656138373543998,0.217004126743326
126.44,0,306.626438163494,0.00135847495033167,0.818786056472717,0.65848734656165,0.216344734161566
126.45,0,306.377430669602,0.00298933988031648,0.820849785980669,0.653009213171768,0.212865660012401
126.46,0,306.13265202306,0.00155136354314975,0.820285518580509,0.654731888101476,0.215089122971268
126.47,0,305.892121524651,0.0013601335583089,0.819422946430469,0.655718769240296,0.2158485097498
126.48,0,305.655857307407,0,0.819440836055703,0.656081580100619,0.211530957987204
126.49,0,305.423876329729,0,0.819087909640709,0.658631231511754,0.213028878173255
126.5,0,305.196194369094,0.000158991796242686,0.817961952044063,0.655734768384535,0.215128831024465
126.51,0,304.972826016374,0,0.819946351680901,0.654870114233092,0.216620200885125
126.52,0,304.753784670762,0,0.818506905806053,0.656182474567808,0.216330730219187
126.53,0,304.539082535309,0.000807422378818222,0.818623824024308,0.656511921827713,0.214741643800828
126.54,0,304.328730613089,0.0012386156960891,0.818851275902881,0.65811481504757,0.21344156058651
126.55,0,304.122738703987,0.000626331895897088,0.817327286590803,0.655925591425638,0.214945976515484
126.56,0,303.921115402116,0,0.81905467672233,0.657014277880957,0.213282767689673
126.57,0,303.723868093871,0,0.821694867462284,0.656137498916969,0.215819569438492
126.58,0,303.531002956623,3.27825708177005e-06,0.819331216300656,0.657245995776623,0.213885310165751
126.59,0,303.342524958047,0.00241247431247415,0.817982535588581,0.653961419336655,0.216227016430992
126.6,0,303.158437856098,0.000513227599434315,0.815270735857108,0.656354812266709,0.214801254155641
126.61,0,302.978744199628,0,0.817086506011004,0.654714706420843,0.216488293974041
126.62,0,302.803445329652,0.0010124495062941,0.815558965897004,0.656710253590809,0.213169128509946
126.63,0,302.632541381258,0.00151877574290833,0.814807205926402,0.656008293092624,0.216491307458131
126.64,0,302.466031286161,0.000753784131914718,0.816513303403574,0.656898823819838,0.215863282390626
126.65,0,302.303912775903,0,0.81376856249736,0.653038435643729,0.213069672158524
126.66,0,302.146182385701,0,0.814454722444723,0.656232192325662,0.214339767586393
126.67,0,301.992835458932,0.000391514990227773,0.814951574302879,0.654583605099783,0.215044544325119
126.68,0,301.843866152257,0.00226430688099186,0.815636172082882,0.65600928623854,0.213970198504105
126.69,0,301.699267441385,0.000409867374176629,0.813292351008827,0.652189661321318,0.216904239532705
126.7,0,301.559031127468,0.00108135701350156,0.813840056807121,0.655360361559112,0.215635039106654
126.71,0,301.423147844126,0,0.815676771267267,0.655617346612229,0.218645863859669
126.72,0,301.291607065095,0.00170655186962534,0.812801144137788,0.656904169401928,0.215598370485567
126.73,0,301.16439711249,0.00183088669158477,0.815211479544604,0.654528129443127,0.215745929279913
126.74,0,301.041505165693,0.00160822908430274,0.811094654368392,0.656831728707612,0.214586854740842
126.75,0,300.92291727083,0.00332343907470975,0.813732285239841,0.657849426734385,0.215210785624192
126.76,0,300.808618350866,0,0.812058831823959,0.655701687215529,0.216837466607838
126.77,0,300.698592216276,0,0.813800809535801,0.654915053534548,0.213313851915976
126.78,0,300.592821576312,0,0.812480788405908,0.652825140905517,0.212650529070242
126.79,0,300.491288050841,0.00246282940736057,0.8122162719702,0.657231450964839,0.2137101611155
126.8,0,300.393972182749,0,0.812883148326994,0.654905567640827,0.214194770012905
126.81,0,300.300853450906,0,0.812096608724554,0.657768849333634,0.213668530670532
126.82,0,300.211910283677,0.000177922377192381,0.813173219057383,0.656528507489619,0.214542930280109
126.83,0,300.127120072969,0,0.811963909523004,0.654871096987645,0.214633987438709
126.84,0,300.046459188805,0,0.809683000888703,0.653407863817263,0.215460224599918
126.85,0,299.969902994418,0,0.810924920225903,0.655906317106824,0.214670199079416
126.86,0,299.897425861843,0.000597293067098645,0.811524450638531,0.652317167059532,0.215426857592585
126.87,0,299.829001188004,0.00184553048414943,0.811159471645312,0.65416847618653,0.215285509652166
126.88,0,299.764601411281,0,0.811589607294466,0.654132148870871,0.214736959857111
126.89,0,299.70419802854,0,0.812111407967762,0.652836191514839,0.217538340048833
126.9,0,299.647761612627,0,0.813216447340222,0.655176724866525,0.217094989789238
126.91,0,299.59526183029,0.00164829692469854,0.811332579328365,0.653021169388625,0.214414699253835
126.92,0,299.546667460535,0.000680118256225509,0.809436223142495,0.653762247689556,0.215821974894118
126.93,0,299.501946413399,0.00181193513854307,0.809812252842238,0.652471487684345,0.215789520155883
126.94,0,299.461065749113,0,0.811255279362605,0.652283478633025,0.215490948968692
126.95,0,299.423991697657,0.000325203660962916,0.810482613676048,0.652132628016666,0.21429528391447
126.96,0,299.390689678683,0,0.809838373542445,0.652468489359396,0.21413872215106
126.97,0,299.361124321793,0,0.808445240475265,0.650020787854911,0.215811423902592
126.98,0,299.335259487158,0.00365462932110659,0.808647419634936,0.653017395025272,0.21686934486137
126.99,0,299.31305828646,0.000376005987647666,0.810406273091043,0.653259674648877,0.215583356097239
127,0,299.294483104153,0,0.807397004982625,0.652884522647624,0.215007170866236
127.01,0,299.279495619003,0,0.811053952672786,0.653325845423133,0.213836959005233
127.02,0,299.268056825924,0,0.808988558251708,0.651519070171043,0.214101591503238
127.03,0,299.260127058069,0.000975739309682951,0.808744590528613,0.652415120389729,0.216639052081308
127.04,0,299.255666009167,0,0.808807674203601,0.65371174951573,0.216524334128287
127.05,0,299.254632756097,0.00100348958014156,0.807312524349661,0.651248193744312,0.216548861344217
127.06,0,299.256985781681,0,0.810266598766507,0.652633441798845,0.215631890411676
127.07,0,299.26268299767,0.00141541968327274,0.808320663343473,0.65089419932355,0.215963053232011
127.08,0,299.271681767925,0.00190067934332206,0.80933501670871,0.651439368439557,0.214588594232259
127.09,0,299.283938931757,0,0.807805483083267,0.651704604419836,0.214654860387177
127.1,0,299.29941082743,0.000238104985147054,0.805557483834131,0.652391463802052,0.212820705704375
127.11,0,299.3180533158,0.00269913494858828,0.808289413239224,0.652558176838607,0.215232939290335
127.12,0,299.339821804075,0.000895650826682915,0.80836273808169,0.65154673198689,0.213622468120723
127.13,0,299.364671269685,0,0.810111283598022,0.650660388139106,0.212117791581758
127.14,0,299.39255628424,0,0.807482783003091,0.650498320555192,0.217445232572775
127.15,0,299.423431037574,0.00177984693162395,0.807312204913192,0.652393387212502,0.216198559097662
127.16,0,299.45724936184,0,0.806889227469502,0.651798849783348,0.217320897963644
127.17,0,299.493964755662,0,0.811314372814112,0.651002394283149,0.214746789286447
127.18,0,299.533530408313,0.0020534868144202,0.807708089122874,0.65072743414228,0.214429288484115
127.19,0,299.575899223916,0,0.806146505974831,0.651433900688422,0.216023441956306
127.2,0,299.621023845642,0.00131774923589989,0.807680044685822,0.650438313516739,0.216581676963756
127.21,0,299.668856679905,0.000193413262898755,0.807221953186387,0.651106348458415,0.214408923613186
127.22,0,299.719349920526,0,0.805677226088854,0.651250779143517,0.214264880607525
127.23,0,299.772455572864,0,0.80937920081332,0.649458099646025,0.21528375064661
127.24,0,299.828125477892,0,0.805084814886112,0.65040054391854,0.216271800278277
127.25,0,299.886311336209,0,0.807425052778803,0.648107967251509,0.217665913858785
127.26,0,299.946964731972,0.00257434376633868,0.807342993748265,0.648169328927569,0.216137651961509
127.27,0,300.010037156741,0.00212758554064465,0.806223078211552,0.649343386183797,0.213937707525666
127.28,0,300.075480033218,0.000939216207862861,0.808032866427173,0.649996180757858,0.216778478941125
127.29,0,300.143244738865,0.00286614939692645,0.805720915499147,0.646500004612992,0.217413631692214
127.3,0,300.21328262941,0.000710904352315063,0.806204435304595,0.645601101420186,0.216915151762095
127.31,0,300.285545062195,0,0.806648895728255,0.649532479036364,0.213256638876412
127.32,0,300.359983419381,0,0.807790827591615,0.646903491106832,0.214852167014616
127.33,0,300.436549130998,0,0.80595976341879,0.647508844883948,0.214359792954834
127.34,0,300.515193697807,0,0.809439942245761,0.649305665165957,0.214674678395442
127.35,0,300.595868713993,0,0.806702277791308,0.647621625610396,0.213911974190794
127.36,0,300.678525889653,0.000719928375043265,0.808967889558362,0.650739623226684,0.214307923680572
127.37,0,300.763117073086,0.001852719356561,0.804415288575633,0.648244713309012,0.214056443316702
127.38,0,300.849594272869,0,0.805057851448639,0.648675900350424,0.214460237512676
127.39,0,300.937909679704,0,0.80677979128049,0.649319564316704,0.213101477393453
127.4,0,301.028015688046,0,0.804268239097862,0.647897643708304,0.214013635837577
127.41,0,301.119864917471,0,0.804376755945759,0.647565030832987,0.21455576555069
127.42,0,301.213410233811,0.000352638809955258,0.806950092808781,0.647296300989572,0.21551082152798
127.43,0,301.308604770023,0,0.805242598896898,0.647644874554311,0.215934647023908
127.44,0,301.405401946793,0.00136716363893446,0.807137389207983,0.648436724699494,0.21372373156294
127.45,0,301.503755492867,2.03794314577628e-05,0.808098833684536,0.64799007423302,0.21510104897725
127.46,0,301.6036194651,0.00112475168638622,0.807624065301958,0.647007938801154,0.216649890683722
127.47,0,301.704948268218,0,0.805987995068276,0.65036768935678,0.215173541285015
127.48,0,301.807696674287,0.00036362113117364,0.805264266110999,0.647035991326264,0.21798762169048
127.49,0,301.911819841876,0.000149060488767462,0.805553297505994,0.645465634119171,0.214081379243997
127.5,0,302.01727333491,0,0.804011264659362,0.647878941944458,0.215093709321596
127.51,0,302.124013141222,0.00247164431169936,0.805163002740046,0.647596661652395,0.213949049761302
127.52,0,302.23199569077,0.00194775245705146,0.803726642354768,0.646291484237324,0.214767411927886
127.53,0,302.341177873539,0,0.806040246113798,0.646836797957315,0.215450461884112
127.54,0,302.451517057104,0.00389442542938227,0.805959343701112,0.646101944564164,0.214923327795566
127.55,0,302.56297110387,0.00037934461081153,0.806747973331461,0.645588246048837,0.215579511204618
127.56,0,302.675498387961,0.00172724905573301,0.805699903516864,0.648436227143919,0.214992480590526
127.57,0,302.789057811766,0,0.806250899861693,0.646208915310702,0.214617128366287
127.58,0,302.903608822143,0.00425920561586483,0.806608359512276,0.646634613244521,0.212610104581561
127.59,0,303.019111426262,0,0.806752927565038,0.644127375814489,0.21667341365827
127.6,0,303.135526207095,0.000931693806658493,0.807940781145194,0.642509988871033,0.213551656931218
127.61,0,303.25281433855,0,0.806329635214572,0.644014629819889,0.215892039518201
127.62,0,303.370937600231,0.000136938418113508,0.805930172717636,0.645680378176179,0.215459178444629
127.63,0,303.489858391841,0,0.805644587120089,0.644880407834417,0.21460475971955
127.64,0,303.609539747211,0,0.804771751089773,0.643769344214092,0.215868377922259
127.65,0,303.729945347959,0,0.805322051074287,0.644928120893691,0.215109209240312
127.66,0,303.851039536768,0,0.805768829511742,0.6419064084237,0.216252436080635
127.67,0,303.972787330298,0,0.805947261632455,0.643335504695904,0.214191144751458
127.68,0,304.095154431705,0,0.805970874163748,0.645430822584963,0.214462149019238
127.69,0,304.21810724279,0.000949937612586917,0.807882069122752,0.64671379847204,0.211242884415594
127.7,0,304.341612875756,0.00126943763679761,0.807188705030542,0.643761958228761,0.215957837624864
127.71,0,304.46563916459,0.0023504115550767,0.808025337530282,0.646573926279427,0.216079721823954
127.72,0,304.590154676045,0,0.806853259203677,0.645893114846975,0.215794839676587
127.73,0,304.715128720248,0.00252430498734609,0.808887852851048,0.646310834627886,0.214814770276923
127.74,0,304.840531360911,0,0.807710615556254,0.642991174570582,0.215177821753262
127.75,0,304.966333425153,0,0.805834327252455,0.646501639093876,0.214783991302821
127.76,0,305.09250651293,0.00124609342840091,0.808994663584976,0.645343275186263,0.215756520801227
127.77,0,305.219023006081,0.00156611634186169,0.806506656871479,0.643174617845386,0.214848274829691
127.78,0,305.345856076969,0.000199678819221575,0.810306677901055,0.643536504815026,0.215734691507825
127.79,0,305.472979696739,0,0.807024671698216,0.64162590582828,0.215229491695365
127.8,0,305.60036864318,0.0026891382890211,0.80791858024681,0.644820476443586,0.214221694027784
127.81,0,305.727998508192,0.00137862167736654,0.80715197997274,0.646630503951894,0.214760743541061
127.82,0,305.855845704857,0.000719010869456632,0.806358521525362,0.644357276542315,0.215075542115425
127.83,0,305.983887474124,0.00296690343097336,0.808063581822807,0.642782751646596,0.215131290137614
127.84,0,306.112101891093,0.00241194955464574,0.803980114925836,0.643431655434557,0.214716940038381
127.85,0,306.240467870906,0.00404605788291634,0.809106468097416,0.643517661092362,0.214208794402525
127.86,0,306.368965174247,0.000949497083181084,0.808022504406962,0.644433443241289,0.216157241067694
127.87,0,306.497574412449,0,0.810839976323115,0.645693367059439,0.216431654893621
127.88,0,306.626277052205,0,0.807503038118586,0.642786791154854,0.213564340028812
127.89,0,306.755055419889,0,0.80761491295321,0.64549353465905,0.216751205691707
127.9,0,306.883892705487,0,0.80753867048607,0.643762878157106,0.212643126742207
127.91,0,307.012772966129,0,0.80981039276118,0.643494390044558,0.211994477699108
127.92,0,307.141681129243,0.00114162950135137,0.806391334410628,0.645476570006098,0.215125877658465
127.93,0,307.270602995308,0,0.805968189029175,0.644016306532551,0.214712594755886
127.94,0,307.399525240225,0.000246380723739906,0.807197546794069,0.643743168713358,0.212230308511946
127.95,0,307.528435417298,6.94304878852509e-05,0.809563237219195,0.645887421345371,0.215248695342474
127.96,0,307.657321958826,0,0.811879095191609,0.644161620554847,0.214055905873522
127.97,0,307.786174177315,0.000353412006998782,0.80987094798701,0.643273436977968,0.217963041033955
127.98,0,307.914982266299,0.00163661162079345,0.809344014909868,0.641783775463147,0.214973234838998
127.99,0,308.043737300782,0,0.807950654046716,0.642682018528349,0.214647793222066
128,0,308.172431237295,0.000779620206993208,0.811443318132871,0.642838278932784,0.216366458834548
128.01,0,308.301056913576,0,0.808247212849689,0.645421755821668,0.216608235367747
128.02,0,308.429608047863,0.000141833058528371,0.80820879982526,0.643912967993002,0.217220626736944
128.03,0,308.55807923782,0,0.810806479786545,0.644068090099296,0.214693069801903
128.04,0,308.686465959075,0,0.808289992190575,0.640344313923705,0.214547201144778
128.05,0,308.814764563391,0.000877686297969849,0.810533067638132,0.645851394986296,0.21477417972274
128.06,0,308.94297227646,0.00220324775346778,0.810410020726594,0.642169933266448,0.213807201196708
128.07,0,309.071087195325,0.000946900482712626,0.809665681542588,0.64357129608666,0.214749311744188
128.08,0,309.199108285435,0.000287116193997412,0.809614579002987,0.641435607326529,0.217555555641655
128.09,0,309.327035377326,0.00145493439486189,0.811569661410879,0.642009775702245,0.216385253388547
128.1,0,309.454869162947,0.0015393693232861,0.809274518986249,0.644804169528353,0.216970863115704
128.11,0,309.582611191601,0.00143232166543457,0.809910851238001,0.642918778629038,0.214264543679606
128.12,0,309.710263865547,0,0.81254924463659,0.641346445320518,0.215824380061409
128.13,0,309.837830435227,0,0.812148656110766,0.643424017978537,0.216511677956739
128.14,0,309.965314994134,0,0.811148481388214,0.641349603296177,0.21283971294174
128.15,0,310.092722473331,0.000349961360718073,0.812909504319932,0.642082714319492,0.218562544231635
128.16,0,310.220058635613,0.00279439742198458,0.812075775864967,0.644209292683438,0.212717338392285
128.17,0,310.347330069315,0,0.812079709725099,0.646230911399657,0.213875332830771
128.18,0,310.474544181766,0,0.810259249937363,0.642835524932638,0.21548925823673
128.19,0,310.601709192414,0.0010647530762873,0.811223533467149,0.642096535212384,0.212911619679683
128.2,0,310.728834125578,0.000111690711741614,0.813846061614589,0.643605816316354,0.218089632837287
128.21,0,310.855928802887,0,0.814160654152979,0.643759452753686,0.214055218660885
128.22,0,310.983003835355,0,0.808883463800915,0.644956979175134,0.215644473645208
128.23,0,311.110070615138,0.00101324085680673,0.815607609253333,0.643002760214936,0.213263581059496
128.24,0,311.237141306943,0.000207409509621134,0.814779073830652,0.643380785585326,0.213645200596613
128.25,0,311.364228839112,0,0.814402332586418,0.643023574716003,0.213040771790667
128.26,0,311.491346894381,0.000456804953010258,0.812334382265545,0.641477085043949,0.215765898139785
128.27,0,311.618509900303,0.00135785784546858,0.814194538637234,0.646007219445908,0.212712356187743
128.28,0,311.745733019359,0,0.815984944562895,0.642829133296083,0.217617883601848
128.29,0,311.873032138747,0,0.814036956692099,0.645239756701728,0.21338280019312
128.3,0,312.00042385985,0.00117954445052361,0.81252585913526,0.646008481742149,0.213973189989656
128.31,0,312.127925487399,0,0.814761360145072,0.644677063229311,0.215827291533522
128.32,0,312.255555018325,0,0.814838530663547,0.64419824944026,0.21633577317564
128.33,0,312.3833311303,0,0.815258942555769,0.64644497796173,0.215196176382974
128.34,0,312.511273169983,0,0.814909563513064,0.645405856989551,0.215396213505359
128.35,0,312.639401140967,0.000115675850251698,0.81610062195177,0.645007421030685,0.216776293633971
128.36,0,312.767735691429,0.00108364113241642,0.815508335705479,0.645598246891917,0.215381201391167
128.37,0,312.896298101491,0,0.816735261663493,0.643199974463864,0.21579164097584
128.38,0,313.025110270298,8.66735335068723e-05,0.817125197053635,0.644978015054047,0.214092695609964
128.39,0,313.154194702811,0,0.815276105092745,0.6418433407987,0.215319089933029
128.4,0,313.283574496321,0,0.818660182062116,0.645635224905903,0.21639202657301
128.41,0,313.413273326696,0.000419215254766462,0.819207577161377,0.648195911412315,0.216093775160628
128.42,0,313.543315434354,0,0.819462952981031,0.644243084775198,0.215889236080689
128.43,0,313.673725609979,0,0.818152967649829,0.642130263679413,0.214981881387884
128.44,0,313.804529179964,0.000466667892699383,0.815714814690132,0.647946919633591,0.212540658091384
128.45,0,313.935751991624,0,0.819544713899717,0.647148576336346,0.21349588382135
128.46,0,314.067420398133,0,0.817762460620684,0.648446302731864,0.215680077693763
128.47,0,314.199561243239,0,0.817610916585835,0.644732768560087,0.216954418509063
128.48,0,314.33220184573,0.00163644614045039,0.817318490418126,0.648571951418591,0.215802616708045
128.49,0,314.465369983669,0.00194016008802473,0.820813410872005,0.645008485010532,0.214665936599646
128.5,0,314.599093878406,0.000514694895109287,0.821777038437663,0.644990806464995,0.214805134718812
128.51,0,314.733402178362,0,0.817946880119086,0.646272659550819,0.216290333493166
128.52,0,314.868323942603,0.000413950803455293,0.821514860889979,0.647145814650123,0.213193979477152
128.53,0,315.003888624203,0.000908529789497985,0.819859709515408,0.646972052166871,0.214912327492355
128.54,0,315.140126053406,0.00192240648709722,0.819316422386599,0.647415055596384,0.213689837182791
128.55,0,315.277066420586,0,0.821035331996091,0.646931983972998,0.212516163764273
128.56,0,315.414740259021,0.00142226936573206,0.820916035115619,0.646109097417614,0.214921315834263
128.57,0,315.553178427484,0.00212229785863203,0.822650591207421,0.644883875653706,0.215599039729098
128.58,0,315.692412092655,0.00015901917325033,0.821440103653847,0.646848811604311,0.214722321425702
128.59,0,315.83247271136,0.00175184270038717,0.821245051727883,0.644637542924738,0.213558541503683
128.6,0,315.973392012659,0.000195034451296006,0.823215014892981,0.648672342450778,0.211563175918889
128.61,0,316.115201979762,0.000118636043041323,0.821726028569156,0.647366585814917,0.217317907820099
128.62,0,316.257934831809,0.000571063240531047,0.821326221053855,0.645976241139979,0.215317231246978
128.63,0,316.401623005504,0.00121739905576403,0.823069579222778,0.647162629411912,0.213181306432435
128.64,0,316.546299136619,0,0.824335229403819,0.649602171805561,0.216462604823715
128.65,0,316.691996041368,0.00011200440012847,0.821659400727339,0.647386532420424,0.214315410001695
128.66,0,316.838746697665,0.00123239931628806,0.822448533009988,0.648414989541121,0.214016476603918
128.67,0,316.986584226283,0,0.822374446965831,0.650991319895549,0.213586864200591
128.68,0,317.135541871887,0,0.822961670814754,0.647233924029508,0.216644920117029
128.69,0,317.285652984005,0.00298527397361117,0.824746075067853,0.648914335112598,0.213221105573204
128.7,0,317.436950997891,0.00066777012681398,0.826187913918866,0.648693400589279,0.216335856525269
128.71,0,317.589469415322,2.0317648324836e-05,0.826829648087382,0.648979638242342,0.215807681583523
128.72,0,317.743241785326,0.00172234530478186,0.824795897924096,0.650325222281213,0.215266881780012
128.73,0,317.898301684856,0,0.827729103043878,0.649246274585221,0.215438370466205
128.74,0,318.054682699406,0,0.825372283446746,0.648485093220735,0.21641452456656
128.75,0,318.212418403591,0.000777445988370634,0.827026016535257,0.649676742688563,0.216394165985011
128.76,0,318.371542341702,0,0.82798343272925,0.646501915532215,0.214030188142253
128.77,0,318.532088008228,0,0.826034729673844,0.648672281698502,0.215831495086887
128.78,0,318.694088828374,0.000364491356776056,0.827668211955012,0.649629023729387,0.216715167788473
128.79,0,318.85757813857,0,0.827414795254383,0.651254149392052,0.215842088749429
128.8,0,319.022589166995,0.00119805031052629,0.825627611538528,0.652368579633493,0.214436303632029
128.81,0,319.189155014104,0,0.827212083405279,0.649640935675775,0.215590266657908
128.82,0,319.357308633195,0.00328933417941826,0.827982453984085,0.653298750981464,0.214897014772689
128.83,0,319.527082811005,0,0.828727527687485,0.650867251629975,0.217234321261178
128.84,0,319.698510148345,0,0.828832234195473,0.650876502653423,0.216840248190718
128.85,0,319.871623040808,0.00153887731277021,0.829201614385296,0.649824781774821,0.216348826379503
128.86,0,320.046453659521,0.00118729464847036,0.82882338793255,0.650534065984777,0.214923783922137
128.87,0,320.223033931992,0.000311809522693602,0.832297466457562,0.652303625460262,0.216732910321119
128.88,0,320.401395523028,0,0.829399726236518,0.651000590414565,0.216356043613926
128.89,0,320.581569815758,0,0.829896363135589,0.65069004801025,0.213851037053334
128.9,0,320.763587892755,0.00202267928402805,0.831166293196821,0.650835621907015,0.214213848871526
128.91,0,320.94748051728,0,0.832805516654364,0.650697157713387,0.215069669213613
128.92,0,321.133278114646,0,0.831842537498299,0.651018504982643,0.216647667818911
128.93,0,321.321010753724,0.0014633164252565,0.833938211946236,0.65178093126421,0.215452244171046
128.94,0,321.510708128587,0.0034268627206889,0.834248873506008,0.652755900654504,0.213734673569773
128.95,0,321.702399540322,0.000539776381020542,0.829969634741003,0.652620144519361,0.214037815439249
128.96,0,321.896113878999,0,0.832537370235607,0.652737236167861,0.212997242304358
128.97,0,322.091879605815,0.000702743276271751,0.832753836955907,0.651695741960827,0.211877021528493
128.98,0,322.289724735437,0,0.836324292343147,0.652636130413076,0.216736634267871
128.99,0,322.489676818527,0.00278659768788626,0.833954298693082,0.653163007899993,0.212343412407965
129,0,322.69176292448,0,0.836099523808484,0.649593768855769,0.213649258981028
129.01,0,322.896009624377,0,0.832919562056034,0.652988404692338,0.215534466310878
129.02,0,323.102442974171,0,0.836349950331242,0.651678317823828,0.214136864684954
129.03,0,323.311088498088,0,0.837701989841325,0.651472629371414,0.213450500997528
129.04,0,323.5219711723,0.000805151184184999,0.83853645475329,0.655431128618332,0.216308608179749
129.05,0,323.735115408826,0.00174345972792943,0.833911250003384,0.651039610650051,0.216078154808088
129.06,0,323.950545039723,0,0.836142930956104,0.654802709619912,0.215581560926367
129.07,0,324.168283301522,0.000155325186334133,0.839675944166417,0.653034477977001,0.213362874691074
129.08,0,324.388352819972,0,0.836691194806109,0.654994704059293,0.215309522238908
129.09,0,324.610775595052,0.00143115155031903,0.836437153309083,0.65342257193465,0.213832442249912
129.1,0,324.835572986301,0,0.83629810956507,0.654551248228078,0.213361669474973
129.11,0,325.062765698445,0,0.837610819703908,0.65547019850311,0.211675341691281
129.12,0,325.292373767342,0.000842200183787896,0.837115296479172,0.652724332643633,0.217301018062689
129.13,0,325.524416546254,0,0.840785360980313,0.653383098951873,0.216627422883298
129.14,0,325.758912692452,0.00182789399189563,0.839977193112022,0.652863586491882,0.216160688175586
129.15,0,325.995880154156,0,0.839833171401162,0.653597358441395,0.213150982425855
129.16,0,326.235336157829,0,0.840635399491131,0.652768468821503,0.216202672605054
129.17,0,326.477297195829,0,0.839856243699937,0.652820921940243,0.216039564967113
129.18,0,326.721779014407,0,0.839870577943675,0.655056679406136,0.215048453686721
129.19,0,326.968796602096,0.00060655603565883,0.841062078020788,0.65562482281486,0.21521131448642
129.2,0,327.218364178466,0,0.840728115442702,0.654473413304549,0.21457013166532
129.21,0,327.470495183254,0,0.841861733741741,0.655442308270951,0.213128720481803
129.22,0,327.725202265897,0.00112866061972003,0.84498777164941,0.655795238155188,0.212106476145665
129.23,0,327.982497275452,0,0.845835137691057,0.654581823726516,0.21290936283358
129.24,0,328.242391250914,0.00138827337094811,0.842362548938488,0.655176281202806,0.217141121635791
129.25,0,328.504894411947,0,0.840465159806345,0.656368081937499,0.21481774579812
129.26,0,328.770016150019,0,0.84603223949014,0.658057958704493,0.214421470042777
129.27,0,329.037765019955,0,0.844779590551594,0.655010937354136,0.214620669058695
129.28,0,329.308148731912,0.000750756672075442,0.84602879413361,0.655419772212519,0.212386438950197
129.29,0,329.581174143772,4.23405041522678e-05,0.844492896518052,0.655862251808433,0.216611893712003
129.3,0,329.856847253974,0,0.843048960342912,0.655497969588814,0.213849743424776
129.31,0,330.135173194761,0,0.846778563358013,0.656996936792085,0.214206627985489
129.32,0,330.416156225883,0.000117978081300607,0.848037402493678,0.656911898922018,0.216394870662789
129.33,0,330.699799728722,0,0.846950653367106,0.655682704443144,0.214200830245566
129.34,0,330.986106200858,0,0.847160217571457,0.654172349458269,0.215399882653592
129.35,0,331.275077251092,0.00232776430078698,0.848562007164077,0.655954316310176,0.216968641205877
129.36,0,331.566713594897,0.000854597427150043,0.849252677562338,0.655346382668879,0.215368901082918
129.37,0,331.861015050329,0.0012118832187039,0.849912206542401,0.655380665267439,0.215000110651527
129.38,0,332.157980534375,0.000945458768677152,0.848937660220641,0.65298554723615,0.214616988921381
129.39,0,332.457608059763,0,0.848806397987243,0.654591484281861,0.215882050484517
129.4,0,332.759894732206,0,0.848744008152204,0.655960038441933,0.215174815898832
129.41,0,333.064836748115,0,0.851321907729347,0.656517462739455,0.21316306823476
129.42,0,333.372429392749,0,0.848765747683233,0.654056802212157,0.214484124027834
129.43,0,333.682667038813,0,0.852677883465705,0.655598420352494,0.214640540197465
129.44,0,333.995543145523,0,0.849435326936232,0.656475138085052,0.215695140880343
129.45,0,334.3110502581,0,0.849640880035563,0.658241409696645,0.211842380024908
129.46,0,334.629180007728,0.0015330564871789,0.852392218198708,0.654384140597083,0.212356454286478
129.47,0,334.949923111943,0,0.85185849714523,0.657168665500901,0.215191226526822
129.48,0,335.273269375483,0.000692242243948484,0.853255304747724,0.656640890238792,0.216246987668001
129.49,0,335.599207691565,0,0.852527732928497,0.656969982543735,0.214822747790146
129.5,0,335.927726043614,0.00220810093942944,0.85271720500833,0.654248993673043,0.213369167871798
129.51,0,336.258811507422,0.00130805350915714,0.853518333205874,0.656238757868636,0.216151944960012
129.52,0,336.592450253746,0,0.854025181069943,0.657000648619699,0.214095686372837
129.53,0,336.928627551329,0.00112101933757985,0.853964913851719,0.656683934551867,0.217343729388983
129.54,0,337.267327770363,0,0.85395951606888,0.655988624748904,0.21497606192423
129.55,0,337.608534386363,0.00294842191340831,0.858078591787633,0.658484130572325,0.216737327725471
129.56,0,337.952229984461,0.000590709004364453,0.854250767746965,0.657258693688671,0.214434146289982
129.57,0,338.298396264125,0.000400954942329621,0.856723000534359,0.656100835529253,0.214475735733974
129.58,0,338.647014044282,0,0.85576392963626,0.657804230494066,0.215304596072219
129.59,0,338.998063268842,0.000585137685585737,0.8576203173917,0.657026129447884,0.213057228306241
129.6,0,339.351523012632,0,0.857421764631025,0.654259683109505,0.217281825302543
129.61,0,339.707371487723,0,0.857081522054937,0.65762432568486,0.215754126346897
129.62,0,340.065586050139,0,0.857895770864806,0.659079316870147,0.214251406089289
129.63,0,340.42614320696,0.00161879571816279,0.858888913801148,0.654732398944352,0.214232719020638
129.64,0,340.789018623797,0,0.859099186426878,0.655138416825454,0.212985084337338
129.65,0,341.154187132636,0,0.862318382373558,0.656306292803183,0.214646234076364
129.66,0,341.521622740057,5.95282782428932e-06,0.861558218234752,0.655231639124707,0.215450646939841
129.67,0,341.891298635801,0.00184684993555881,0.858737588284399,0.654965941755758,0.217708104831254
129.68,0,342.26318720169,0.0011852487614575,0.861692279969613,0.653564871570672,0.216075287350483
129.69,0,342.637260020901,0,0.863245458333274,0.656857317437769,0.215632675261003
129.7,0,343.013487887566,0,0.862340189693675,0.655476270874615,0.215081567598961
129.71,0,343.391840816705,0.0021776080860085,0.863883927386361,0.655829657639596,0.217563335209001
129.72,0,343.772288054487,0.000845137992792193,0.860485671561635,0.657624555070639,0.214263571034599
129.73,0,344.154798088796,0.000388847921946086,0.863456377142464,0.656849093867232,0.2163765659123
129.74,0,344.539338660119,0.00130514128461632,0.862549075203506,0.657137269113331,0.217774006904939
129.75,0,344.925876772716,0.00116195925161605,0.864634034668462,0.656841143097451,0.216411705666842
129.76,0,345.314378706094,0,0.866855567755233,0.654413306131018,0.216128012162469
129.77,0,345.704810026762,0.00106340007765669,0.865310768160533,0.654733220547039,0.215078065661494
129.78,0,346.09713560025,0,0.862756548179681,0.655438547498932,0.21544868296776
129.79,0,346.491319603417,0.000374868128198802,0.866710791495503,0.656224733943347,0.21497943747963
129.8,0,346.887325536994,0.000155792154030521,0.863737603250226,0.656703518707736,0.214343838149909
129.81,0,347.28511623839,0.000679925039703785,0.866229947590529,0.65654692743422,0.21482202329118
129.82,0,347.684653894741,0,0.865599260253112,0.654886409029822,0.215831500621604
129.83,0,348.085900056185,0.000897219195038979,0.867029415953079,0.657425718078219,0.212733635055493
129.84,0,348.488815649359,0,0.868942868685101,0.654302672189876,0.214619726595023
129.85,0,348.89336099113,0,0.870031595809318,0.655202162456498,0.21472660639401
129.86,0,349.299495802508,0.000586763003083758,0.8710033265558,0.655982954927702,0.215090772849556
129.87,0,349.707179222778,0,0.869880424569999,0.656877880552741,0.21608381823423
129.88,0,350.116369823808,0.00106955435905511,0.870079774965732,0.655001419843333,0.216290890976039
129.89,0,350.527025624552,0,0.868521458039975,0.655843852933818,0.214694623173409
129.9,0,350.939104105708,0.00123269682895034,0.871851697922251,0.656602771708608,0.214346608498729
129.91,0,351.352562224557,0,0.871472077626786,0.656238889411562,0.213101302222416
129.92,0,351.767356429949,0.000178104262637235,0.872697063845973,0.654512959803417,0.215441596033232
129.93,0,352.18344267743,0,0.871125212529959,0.655207794270898,0.214816760244248
129.94,0,352.600776444525,0.00103799496072985,0.873803552486003,0.65639310270396,0.215428093211118
129.95,0,353.019312746127,0,0.871090539151149,0.654501214363779,0.214748493126924
129.96,0,353.43900615003,0,0.872198641445145,0.650741776482181,0.214968497206723
129.97,0,353.859810792552,0,0.87342121102992,0.654971408126225,0.213141154746067
129.98,0,354.281680394287,0,0.873424396395294,0.654008583056697,0.217751780963087
129.99,0,354.704568275932,0.00255760647600285,0.873864546390362,0.654852418680162,0.215991430949888
130,0.2,355.128427374207,0,0.8745528231655,0.653542522680079,0.21493200816798
130.01,0.2,355.553210257865,0.00149119700872419,0.874598034065968,0.652716227354293,0.216754737423828
130.02,0.2,355.978869143764,0,0.8769181233115,0.652318616571336,0.214214300265326
130.03,0.2,356.405355912993,0.000602343648839415,0.874504745761382,0.654572616695799,0.214542789019892
130.04,0.2,356.83262212708,0,0.877440547340889,0.654165447303623,0.215532018615967
130.05,0.2,357.260619044222,0.000461883328843887,0.8784765388789,0.654322940099286,0.214280436437741
130.06,0.2,357.689297635564,0.000261174758122356,0.880141493305374,0.651363308628654,0.214584493845055
130.07,0.2,358.118608601519,0.00153627204757778,0.876685321809447,0.654228846653132,0.2159330300682
130.08,0.2,358.548502388095,0,0.876617067412946,0.653339065461821,0.212554653074651
130.09,0.2,358.978929203254,0,0.878336985668348,0.653210731464079,0.212812381396534
130.1,0.2,359.409839033276,0.000344153829756888,0.878311450815139,0.653846622557708,0.214725887275069
130.11,0.2,359.841181659126,0.00063685668049879,0.87979840142904,0.655363216039554,0.213168162615754
130.12,0.2,360.272906672811,0.00158145476011688,0.877550106261912,0.652494133778037,0.214111604803271
130.13,0.2,360.704963493738,0.000240260542268333,0.879152620238638,0.654969214738093,0.216855962429562
130.14,0.2,361.137301385046,0,0.880880862152777,0.654185747423848,0.215126511142342
130.15,0.2,361.569869469907,0,0.882668994390515,0.652615654562045,0.215568641724194
130.16,0.2,362.002616747812,0.00140435404667045,0.880333072159058,0.653559475209148,0.215701776736765
130.17,0.2,362.435492110804,0.000937655749982277,0.883310990705419,0.654921628605113,0.213584967645516
130.18,0.2,362.868444359675,0,0.883650127967031,0.65160311305064,0.216731392908566
130.19,0.2,363.301422220109,0,0.884417201659511,0.652687827502996,0.215292761596458
130.2,0.2,363.734374358773,0,0.883428427185936,0.650773536131954,0.213080922301
130.21,0.2,364.167249399338,0.00140916918292599,0.884338702722991,0.650969804872982,0.21502201236603
130.22,0.2,364.599995938439,0,0.886033918596902,0.650043680910148,0.215331570947446
130.23,0.2,365.032562561557,0,0.884759031810513,0.652694372830651,0.217687030649996
130.24,0.2,365.464897858827,0.000272999048393228,0.885264746763789,0.647896025756481,0.215301811664174
130.25,0.2,365.896950440747,0,0.885309015528163,0.64947314265746,0.21476005387551
130.26,0.2,366.32866895382,0,0.88548625162795,0.652095359731261,0.212653390314738
130.27,0.2,366.760002096082,0,0.884976209644656,0.65025299440329,0.216247728144377
130.28,0.2,367.190898632528,0,0.884752000600509,0.651006641167289,0.217532639158328
130.29,0.2,367.621307410455,0.00224063213077919,0.887737285503591,0.6515977492182,0.215919922512495
130.3,0.2,368.05117737467,0.000205567059681336,0.890893282934348,0.651229336033238,0.216421006523839
130.31,0.2,368.480457582598,0.00233774969017672,0.888196796240429,0.649413323566191,0.214570496415293
130.32,0.2,368.909097219266,0,0.889198989352346,0.651815147878925,0.216609058426279
130.33,0.2,369.337045612167,0.00112308382947843,0.885581273834011,0.65383158185364,0.213729578598201
130.34,0.2,369.76425224599,0.000644766008597844,0.888100366136168,0.652290617336811,0.216600473634849
130.35,0.2,370.19066677723,0,0.890359969222382,0.650862256867015,0.213551736222976
130.36,0.2,370.61623904865,0.000214734080112317,0.888373346073689,0.650888593896768,0.216698919387907
130.37,0.2,371.040919103607,0,0.893077344923361,0.650717452384232,0.212519793628403
130.38,0.2,371.464657200245,0,0.891122714040899,0.649253642811902,0.215252892390837
130.39,0.2,371.887403825526,0,0.890917857169705,0.650199619995106,0.212623293831556
130.4,0.2,372.309109709118,0,0.891771298080152,0.649421882755837,0.215581332488635
130.41,0.2,372.729725837136,0,0.893700215788247,0.649960838611734,0.215014442694166
130.42,0.2,373.149203465715,0,0.890730699118947,0.649601119309216,0.21483464262646
130.43,0.2,373.567494134423,0.000517786610008892,0.891953108499304,0.650724280665612,0.215616208648821
130.44,0.2,373.984549679529,0.000537100683045231,0.891274119461969,0.648671454399621,0.212333654907262
130.45,0.2,374.400322247078,0.000947663805115133,0.892931485627365,0.64869206021903,0.215325846422768
130.46,0.2,374.814764305825,0,0.89642098687319,0.650911864744854,0.216270279627646
130.47,0.2,375.227828659969,0,0.894925244424367,0.648662707307241,0.21808348132307
130.48,0.2,375.639468461743,0,0.894117074833655,0.647913493897725,0.217773240143996
130.49,0.2,376.049637223809,0.00176967726983363,0.895828766488685,0.646730927848538,0.215281632914627
130.5,0.2,376.458288831467,0.000312291184140922,0.894187905003333,0.645799922850417,0.213926890278583
130.51,0.2,376.865377554714,0.00104226459327517,0.898067641459958,0.648850881545581,0.215120005571837
130.52,0.2,377.270858060086,0,0.894027245618198,0.644663981320524,0.217134784339515
130.53,0.2,377.674685422335,0.000137777599864029,0.897164979751699,0.649670694229617,0.214688045940185
130.54,0.2,378.076815135911,0,0.897214488756717,0.646788110295838,0.215453832605507
130.55,0.2,378.477203126259,0.000775956463307645,0.89787377612694,0.648263995339152,0.215208599367661
130.56,0.2,378.875805760917,0,0.899708777033334,0.645917211164411,0.21539346036982
130.57,0.2,379.272579860438,0.000244310110223698,0.89804705978609,0.648094999649046,0.214404139790277
130.58,0.2,379.667482709098,0.000693209752820152,0.900540937305371,0.646479086135062,0.214297100364326
130.59,0.2,380.060472065419,0,0.900801991977708,0.647174769329341,0.21555004654218
130.6,0.2,380.451506172492,0.00200849991275812,0.901366141479557,0.647159398111071,0.216437389258341
130.61,0.2,380.84054376811,0,0.901265989858793,0.647328378067006,0.212703375659727
130.62,0.2,381.227544094678,0.000522984896688897,0.90099604291986,0.648524656986882,0.214961839125694
130.63,0.2,381.612466908951,0,0.900125893431073,0.645042339367412,0.216183737414785
130.64,0.2,381.995272491548,0,0.899893375558585,0.646906760571559,0.216834548321608
130.65,0.2,382.375921656266,0,0.90446292627109,0.64383602740181,0.213591834737138
130.66,0.2,382.754375759203,0.000917484677789666,0.904763417114342,0.646992054175988,0.21266954501397
130.67,0.2,383.130596707655,0,0.906565387132746,0.646895745046058,0.21409758210182
130.68,0.2,383.504546968819,0.000297114092375983,0.903068858624694,0.645145139852391,0.215592117892109
130.69,0.2,383.876189578291,0,0.903927348396527,0.64658067244565,0.213560000814768
130.7,0.2,384.245488148342,0,0.9050556908024,0.644958319380304,0.216871920794744
130.71,0.2,384.612406876001,0,0.904719069298502,0.645935470873474,0.214259164794282
130.72,0.2,384.976910550912,0,0.90587487089143,0.645088051487576,0.212962316988332
130.73,0.2,385.338964563,0,0.905509408532873,0.646263254471855,0.21476281742292
130.74,0.2,385.698534909907,0.00127212947905722,0.908647005487799,0.64944594631715,0.216169529846141
130.75,0.2,386.055588204224,0,0.904072537522805,0.647356618758503,0.216534378665142
130.76,0.2,386.410091680519,8.20688150098818e-05,0.909731680449467,0.646037889204428,0.214260281989644
130.77,0.2,386.76201320214,0.00251760546080423,0.907781239747034,0.644053809496414,0.212997476174605
130.78,0.2,387.111321267805,0.000692521282273964,0.904831742720631,0.6457233350374,0.210997814262507
130.79,0.2,387.457985017998,0,0.907003514644848,0.647439777123614,0.215604020957382
130.8,0.2,387.801974241122,0.00170325361757011,0.909059109919574,0.643380861906971,0.216349838233664
130.81,0.2,388.143259379462,0.00147172064271983,0.908239247716543,0.643712604257244,0.214042915013229
130.82,0.2,388.481811534924,0.00235379040630646,0.909239755518204,0.644365322937914,0.215080562887603
130.83,0.2,388.817602474561,0.000581531650820772,0.911686581655755,0.643644415609323,0.215412555472125
130.84,0.2,389.15060463588,0.00165823344554019,0.909058012741638,0.64562625939548,0.215581265783396
130.85,0.2,389.480791131946,0.00135178043181974,0.907287183125387,0.64723368056305,0.215055272870905
130.86,0.2,389.80813575626,0.000383093018388676,0.91021597804248,0.645079704159984,0.216268498970942
130.87,0.2,390.132612987424,0.000161404772127567,0.908673584894797,0.647920344840928,0.214883303610842
130.88,0.2,390.454197993597,0.000321474662978037,0.912535886632934,0.644797905080753,0.214730043060822
130.89,0.2,390.772866636734,0,0.912132439931733,0.646290337389528,0.215935157660328
130.9,0.2,391.088595476603,0.00236302371946074,0.912701443988944,0.644911420191531,0.215586332392604
130.91,0.2,391.401361774597,0,0.911833749931488,0.643697233197741,0.21447186453586
130.92,0.2,391.711143497329,0,0.912469612213566,0.646749992866635,0.215128004466673
130.93,0.2,392.017919320002,0.00198016646607632,0.912329668772931,0.645344660540409,0.21552583327393
130.94,0.2,392.321668629586,0.00107452503043984,0.91358543877679,0.646202609751826,0.214642649401389
130.95,0.2,392.622371527756,6.38397478234179e-05,0.9118543332536,0.645681982541915,0.214413478354645
130.96,0.2,392.920008833636,0,0.912764164681788,0.643688305078419,0.213418935241329
130.97,0.2,393.214562086314,0,0.916114634341679,0.643605474451156,0.215316728135262
130.98,0.2,393.506013547156,0.00212123416441441,0.91397605100611,0.643796148453304,0.214834871884031
130.99,0.2,393.794346201899,0.00303490472301989,0.913575051907096,0.644024611963139,0.214739771010259
131,0.2,394.079543762528,0.000817028762366401,0.914986604037803,0.645286973209649,0.21703470202319
131.01,0.2,394.361590668951,0.00184397759677407,0.916410378908073,0.64559985148353,0.217017392652618
131.02,0.2,394.640472090453,0,0.913426915752831,0.642986734213476,0.212940718315205
131.03,0.2,394.916173926935,0,0.915536936242157,0.643100748861125,0.212877058236686
131.04,0.2,395.188682809952,0.00190979247142155,0.919657938262421,0.644683972863811,0.215688330532546
131.05,0.2,395.457986103534,0,0.915940556532341,0.642568705062751,0.215763214782973
131.06,0.2,395.724071904786,0.00231767696896348,0.915607813241599,0.644607927034785,0.212977633964503
131.07,0.2,395.986929044298,0.000980278569568413,0.917182003756674,0.64400406438887,0.214196606594954
131.08,0.2,396.246547086327,0.00232427358425883,0.917631688670877,0.644794977414596,0.214761962237678
131.09,0.2,396.502916328774,0,0.918805602794158,0.644649338836058,0.21351235686411
131.1,0.2,396.75602780296,0,0.919479724155118,0.647223882070022,0.21595379287657
131.11,0.2,397.005873273179,5.23891595884344e-05,0.920104908586349,0.642976664571337,0.216691119787456
131.12,0.2,397.252445236055,0,0.918620517640519,0.639588141244466,0.217006491024302
131.13,0.2,397.495736919684,0,0.918123910762285,0.642797539405171,0.212354727605453
131.14,0.2,397.735742282574,0,0.917397903838761,0.643600344910944,0.213788277461008
131.15,0.2,397.972456012367,0.00264945838340181,0.919569405795825,0.645051443349478,0.214815630532663
131.16,0.2,398.205873524377,0.00249574370820716,0.921898953906267,0.64287206871585,0.21604342507207
131.17,0.2,398.435990959897,0.000595278059769963,0.921939637488881,0.641029211391324,0.21482613954442
131.18,0.2,398.66280518432,0.000623381798153298,0.918878923887976,0.644192399693744,0.216963993216664
131.19,0.2,398.886313785044,0,0.922085300672085,0.643661352967646,0.215820787208071
131.2,0.2,399.106515069186,0.00070328090481585,0.92281880550534,0.642538838198923,0.216374777114722
131.21,0.2,399.32340806108,0.00304624856919354,0.923751560376158,0.645311870407759,0.214846106530935
131.22,0.2,399.536992499579,0,0.923497353629376,0.644740395883655,0.212656545556717
131.23,0.2,399.747268835161,0,0.924692332247962,0.640788815930636,0.215040970785253
131.24,0.2,399.954238226822,0,0.922212104995503,0.644170235324435,0.213174836133828
131.25,0.2,400.157902538784,0.00335575998479581,0.926612130425353,0.644200337271329,0.215822088261527
131.26,0.2,400.358264336991,0.000894441254742807,0.920637809373211,0.642645846803549,0.215311707495719
131.27,0.2,400.555326885419,0,0.922397201168602,0.643052851765455,0.213752395974212
131.28,0.2,400.749094142175,0.000489504346357814,0.92410998800293,0.642116536342227,0.21507848783497
131.29,0.2,400.939570755415,0.000955010671530398,0.922765557813902,0.64339794235254,0.21510084099486
131.3,0.2,401.126762059055,0.000549828859941386,0.924383656991459,0.643357055498383,0.217719694573488
131.31,0.2,401.310674068293,0,0.926029332557731,0.643608678446486,0.218552912828227
131.32,0.2,401.49131347494,0.00045573524363864,0.924291552395472,0.643964656748549,0.214950078542772
131.33,0.2,401.668687642548,0,0.92570264060894,0.648162828600284,0.21583841577365
131.34,0.2,401.842804601363,0,0.927457868808349,0.645210905729361,0.216163711767167
131.35,0.2,402.013673043074,0,0.926875065511855,0.645355824137619,0.215680052508362
131.36,0.2,402.181302315381,0,0.925897590451802,0.643159144243227,0.214597106319657
131.37,0.2,402.345702416366,0,0.926985079260671,0.642804874874989,0.215278343021848
131.38,0.2,402.506883988693,0,0.928786232590067,0.643763903484167,0.215761528640872
131.39,0.2,402.664858313607,0,0.924926261073903,0.644380760894526,0.213484078802499
131.4,0.2,402.819637304756,0.00143971469035652,0.927637600652075,0.643062518936124,0.212896590145165
131.41,0.2,402.971233501829,0,0.929557773945804,0.642860026894923,0.213953109805893
131.42,0.2,403.119660064013,0.000542981071639421,0.929101713567755,0.643585450131987,0.214517518795511
131.43,0.2,403.264930763268,0,0.930184832163546,0.64455619383732,0.214690160803137
131.44,0.2,403.407059977426,0.000336365854070645,0.928302767047653,0.644518733240042,0.21506735507422
131.45,0.2,403.54606268311,0.00186922257829723,0.928389557658836,0.643639024936363,0.21468773491655
131.46,0.2,403.681954448477,0.00142080330080303,0.930819244147137,0.642882598988035,0.215533846602639
131.47,0.2,403.814751425789,0.000385198698786533,0.929561054656487,0.643317060860669,0.212533423420833
131.48,0.2,403.944470343808,0.000616703626347118,0.929380281892899,0.646403318877815,0.214557697476525
131.49,0.2,404.071128500026,0,0.932859260719969,0.644173126084075,0.214567474394507
131.5,0.2,404.194743752716,0,0.931100633053275,0.646163353062054,0.213758966296115
131.51,0.2,404.315334512824,0,0.930208127012159,0.645596019381882,0.213608289654865
131.52,0.2,404.432919735688,0.00106823198821644,0.929187152650493,0.645485722450808,0.21678924563393
131.53,0.2,404.547518912601,0.000995576950253779,0.931243915430982,0.647464492360355,0.215681563999363
131.54,0.2,404.659152062199,0.00025566771659122,0.930405500659948,0.648270905785363,0.215372371324425
131.55,0.2,404.767839721706,0,0.931666200772346,0.645731293030774,0.213383445991976
131.56,0.2,404.873602938002,0,0.936125544538198,0.64603499663632,0.216442473753629
131.57,0.2,404.976463258548,0.000795778178158032,0.934529460394089,0.644921737733448,0.214678840682284
131.58,0.2,405.076442722151,0.000710140045122374,0.930534724377417,0.642780381357594,0.214938686879303
131.59,0.2,405.173563849575,0.00299866768076395,0.93362909865058,0.644939833664035,0.216291852801092
131.6,0.2,405.267849634007,0,0.932177222463598,0.645994697030323,0.214393974720691
131.61,0.2,405.35932353137,0.000258813902108887,0.933737690287175,0.645744385154743,0.216754041722998
131.62,0.2,405.448009450494,0.00123552188995017,0.93399592495214,0.648496571591876,0.216411594729853
131.63,0.2,405.533931743141,5.94283164831778e-05,0.934609551138374,0.645568356748572,0.217142793626216
131.64,0.2,405.617115193891,0.000474301406547377,0.933063945538227,0.64604945684792,0.214630270726453
131.65,0.2,405.69758500989,0,0.935439767602513,0.643588688626433,0.215096833969633
131.66,0.2,405.775366810455,0,0.935996723053667,0.646069471283774,0.212146695277322
131.67,0.2,405.850486616559,0.00144008953852839,0.936298692581297,0.647986155569803,0.216970588416889
131.68,0.2,405.922970840171,2.61702793750689e-05,0.93419260110877,0.646775675167859,0.217777842206015
131.69,0.2,405.99284627348,0,0.934758966775067,0.645235887108178,0.213409950777898
131.7,0.2,406.060140077981,0,0.933056077828094,0.647212099290394,0.216452073398644
131.71,0.2,406.124879773454,0.000583560154045508,0.934050037842026,0.646837028611287,0.211537074894501
131.72,0.2,406.187093226805,0,0.935032226685366,0.644910538685304,0.213992458820111
131.73,0.2,406.24680864081,0.00125663858371491,0.936633664734928,0.644482455489185,0.215726048318272
131.74,0.2,406.304054542727,0,0.937187071918258,0.64748444979307,0.214292073718259
131.75,0.2,406.358859772813,0.000690683539770608,0.939291482313055,0.646942115332027,0.216186111747037
131.76,0.2,406.41125347272,0.000167318637957354,0.934687732015466,0.64825894202904,0.215212601763242
131.77,0.2,406.461265073796,0.000774764869592291,0.936035433971404,0.64802224641303,0.212049824177089
131.78,0.2,406.508924285283,0,0.935978678595231,0.646239031242608,0.217781310351078
131.79,0.2,406.554261082412,0,0.941120594658119,0.648057318215519,0.215199790251356
131.8,0.2,406.597305694414,0,0.936433335115566,0.647136376685996,0.215187972842881
131.81,0.2,406.638088592428,0.00065846585545336,0.935186364827096,0.64907715587454,0.218686180711958
131.82,0.2,406.676640477332,0.00107537720158254,0.938505663466635,0.648734481053263,0.21672763277682
131.83,0.2,406.712992267483,0,0.937556655121969,0.648101150128903,0.214716289009875
131.84,0.2,406.747175086382,0,0.93867442535673,0.651114254307781,0.213640953088078
131.85,0.2,406.779220250259,0.0020396712043667,0.93749593149154,0.64820101624124,0.218595388317405
131.86,0.2,406.809159255589,0.00323650678172683,0.937696332131658,0.645704648962064,0.215909614762508
131.87,0.2,406.837023766534,0,0.937870444858044,0.648695087588197,0.213864801404499
131.88,0.2,406.862845602325,0,0.9387606326231,0.648390674753581,0.215318650575589
131.89,0.2,406.886656724585,0.000136148485665469,0.937928967420896,0.648436384876186,0.215698414082663
131.9,0.2,406.908489224584,0.000945373266926529,0.940251849339021,0.6487616617273,0.215027595018816
131.91,0.2,406.928375310456,4.80717856915262e-05,0.939375341101548,0.647722210289388,0.212164637542589
131.92,0.2,406.946347294357,0,0.938625384250864,0.649312120892474,0.214571381252368
131.93,0.2,406.962437579582,0.00187515080246581,0.941001059484639,0.650333891083938,0.213986707149717
131.94,0.2,406.976678647644,0,0.940686090524389,0.649942486134899,0.210904143291079
131.95,0.2,406.989103045313,0,0.93828323916688,0.651970985332256,0.217624304103926
131.96,0.2,406.999743371628,0,0.939434857008523,0.648867199385352,0.216978355883121
131.97,0.2,407.00863226488,0.00200315104052538,0.941121421762235,0.647812725745476,0.213357999454923
131.98,0.2,407.015802389569,0.00157175778496614,0.938678790216402,0.648145777784078,0.218343335489059
131.99,0.2,407.021286423352,0,0.941009122413676,0.648078971541049,0.213021287335312
132,0.2,407.025117043971,0.00243117159791216,0.94051981078631,0.650673111266871,0.216779733553468
132.01,0.2,407.027326916174,0,0.941182706405942,0.651245342833029,0.213620050074652
132.02,0.2,407.027948678631,0,0.939185407716522,0.652950339575951,0.214696894812346
132.03,0.2,407.027014930854,0,0.938614113836751,0.651247781169082,0.215931444772999
132.04,0.2,407.024558220123,0,0.939410233705849,0.651465781798035,0.213426705167272
132.05,0.2,407.020611028416,0,0.939428412012147,0.650990096709071,0.215702379906
132.06,0.2,407.015205759364,0.000784530644217687,0.940803707118318,0.653176643199187,0.216671720332705
132.07,0.2,407.008374725219,0,0.942900513175374,0.651625693880664,0.214776770078863
132.08,0.2,407.000150133851,0,0.941357124475473,0.652431981578026,0.213500058457636
132.09,0.2,406.990564075775,0,0.9398314792411,0.652837694935208,0.216403259473485
132.1,0.2,406.979648511214,0.000611228992288933,0.941982161000037,0.651755866084699,0.214556833209206
132.11,0.2,406.967435257199,0.0008787331434407,0.941183291996893,0.652046727306912,0.21490904820503
132.12,0.2,406.953955974718,0.00207555571530243,0.942206868871534,0.652511106925526,0.21452153933903
132.13,0.2,406.939242155919,0,0.941186826714829,0.651315142421526,0.213960171798932
132.14,0.2,406.92332511136,0,0.937046439789226,0.652042671726594,0.215043737693543
132.15,0.2,406.906235957329,0.00119934524500427,0.939851471853185,0.653386818815299,0.212279361627082
132.16,0.2,406.888005603224,3.8160407819294e-05,0.940376515320169,0.65116115547141,0.214613883002103
132.17,0.2,406.868664739009,0,0.943657178006551,0.652763833327025,0.214801278078873
132.18,0.2,406.848243822744,0,0.941581487114455,0.653143160261206,0.213572836795349
132.19,0.2,406.826773068201,0.00178676738920755,0.941388135939009,0.650566569760548,0.213723455983932
132.2,0.2,406.804282432558,8.75756758446703e-05,0.942478913854838,0.651016432159469,0.217127686410772
132.21,0.2,406.780801604199,0.000350644527979537,0.941218247495269,0.652436965377238,0.216548656286041
132.22,0.2,406.7563599906,0.00143210509409976,0.942406002559113,0.652899590439689,0.216755086822899
132.23,0.2,406.730986706324,0.00233604074479454,0.941571385378906,0.655389041537865,0.213009964635127
132.24,0.2,406.704710561123,0.000470095801236763,0.943357747578675,0.653850876104778,0.213304534950679
132.25,0.2,406.677560048156,0.00205744633929038,0.941928075458586,0.652696573295019,0.212661784299196
132.26,0.2,406.649563332317,0.00174912146102271,0.943399709138196,0.653425706839545,0.215371304817401
132.27,0.2,406.620748238701,0.000410833200992841,0.94008580065305,0.652076006191366,0.214540618604215
132.28,0.2,406.591142241186,0.000594930890458257,0.944867875326267,0.654817323883391,0.217294648958303
132.29,0.2,406.560772451156,0,0.944982784064783,0.654142581488638,0.217740154744542
132.3,0.2,406.529665606363,0,0.943966614403983,0.654498123961311,0.215587915569944
132.31,0.2,406.497848059935,0,0.944090621688677,0.653326993459492,0.214642083810262
132.32,0.2,406.465345769526,0,0.942428602956684,0.654930660401077,0.214499752067191
132.33,0.2,406.432184286631,0.000695944116837203,0.943716042507653,0.654421069871766,0.215616442865446
132.34,0.2,406.398388746053,0.00180476469125755,0.945548486970937,0.656253546947457,0.215642805795442
132.35,0.2,406.363983855542,0,0.943995319782525,0.653109124439958,0.216127090869802
132.36,0.2,406.328993885595,0,0.943870699719752,0.653918860492136,0.2177430086511
132.37,0.2,406.293442659435,0,0.942680582906842,0.655387689835576,0.216679085705201
132.38,0.2,406.257353543174,0,0.942563489952181,0.655058035309597,0.216474956837648
132.39,0.2,406.220749436149,0.00021173785638277,0.944367080804488,0.655288909187792,0.214773087980817
132.4,0.2,406.183652761458,0,0.94465808968616,0.65350869258652,0.215154890546366
132.41,0.2,406.146085456682,0,0.943843786723678,0.655666421574938,0.215612333734386
132.42,0.2,406.108068964807,0,0.943345007225271,0.657294120533433,0.215784677842925
132.43,0.2,406.06962422535,0,0.943049208363757,0.65308095594735,0.214856955821485
132.44,0.2,406.030771665691,0.00030395012592604,0.944941326092857,0.653675739412586,0.21429692604012
132.45,0.2,405.991531192613,0.00284792490635288,0.944655058958095,0.655581223097723,0.217198975734232
132.46,0.2,405.951922184065,0.00148243849513986,0.943708539296285,0.655538915390177,0.214110328198063
132.47,0.2,405.911963481134,0,0.942960328767092,0.656044410644811,0.214210134993497
132.48,0.2,405.871673380253,0,0.944115838163824,0.657267334331565,0.214596843237019
132.49,0.2,405.831069625623,0.000113749215028432,0.94560693622908,0.656296984346704,0.217432459445004
132.5,0.2,405.790169401878,0,0.944941666205689,0.655285647194352,0.214776528642361
132.51,0.2,405.748989326982,0,0.944723704695267,0.655988307018358,0.215117771183092
132.52,0.2,405.707545445359,0,0.94128643338127,0.657704068058,0.2169587724045
132.53,0.2,405.665853221274,0,0.945146392002734,0.654683858889427,0.210386570744021
132.54,0.2,405.623927532455,0,0.945444717182007,0.657136689336212,0.211978142723726
132.55,0.2,405.581782663964,0,0.945590993867391,0.654147567124226,0.216194188154489
132.56,0.2,405.539432302325,0.00210727928902642,0.942571806636845,0.654886813695867,0.214477719014719
132.57,0.2,405.496889529903,0,0.942110533155951,0.656665771259759,0.2152221597123
132.58,0.2,405.454166819542,1.80976949142625e-05,0.943073743075465,0.656685353743104,0.217257156880881
132.59,0.2,405.411276029468,0.000722924556586994,0.941990496561075,0.656105102947813,0.217371463631514
132.6,0.2,405.368228398452,0,0.9435473621111,0.656654005650867,0.215041710262397
132.61,0.2,405.325034541243,0.00186573090880545,0.941695513724455,0.655076703703411,0.21558272580267
132.62,0.2,405.281704444268,0,0.94509013906712,0.654147601618999,0.214738259092781
132.63,0.2,405.238247461604,0.00088152648920829,0.94388550920454,0.657154095377416,0.212234530205088
132.64,0.2,405.194672311227,0.00229552090296306,0.944518301925533,0.653582028303701,0.216798322322185
132.65,0.2,405.150987071529,0.00100063690943359,0.94365653492555,0.65811864079965,0.21372103547971
132.66,0.2,405.107199178124,0,0.944053737988956,0.657653299836109,0.21405830917398
132.67,0.2,405.063315420922,0,0.943122697423241,0.658130961408819,0.213126548168968
132.68,0.2,405.019341941493,0,0.942915768517185,0.655778870931395,0.216186006959993
132.69,0.2,404.97528423071,0,0.94509725498226,0.657805784793843,0.217808092188969
132.7,0.2,404.931147126674,0,0.943203122403231,0.65637118814046,0.212059463984083
132.71,0.2,404.886934812927,0.000586282974569147,0.943674963929333,0.655687886773728,0.213467527705944
132.72,0.2,404.842650816955,0.00133104249635065,0.944880368413997,0.657986956294365,0.216247723874071
132.73,0.2,404.798298008965,0.0014184079846886,0.943197305278527,0.654050384880105,0.21340321449957
132.74,0.2,404.753878600967,0.00211559946137496,0.945842045030808,0.657683307913075,0.214175820606406
132.75,0.2,404.709394146132,0.00238101823926622,0.94222856533115,0.654278051136166,0.216335233780885
132.76,0.2,404.664845538443,0,0.942344822399494,0.657800458549178,0.213568351948038
132.77,0.2,404.620233012635,5.21806997265089e-05,0.94446195969281,0.655322892073618,0.215694310586612
132.78,0.2,404.575556144426,0.000548679113403623,0.945131395595599,0.657390729393334,0.211984403105484
132.79,0.2,404.530813851034,0,0.942456618498083,0.655918681876536,0.215128448294793
132.8,0.2,404.486004391982,0,0.946386233268738,0.653693629527124,0.214785865446422
132.81,0.2,404.441125370201,0.00151425155687032,0.943779134806101,0.658263513789843,0.216466177973711
132.82,0.2,404.396173733408,0,0.942641075656188,0.657416223729928,0.215292226026944
132.83,0.2,404.351145775782,0,0.941878906609974,0.657749484615304,0.216709169721659
132.84,0.2,404.306037139921,0,0.942844991781327,0.657212634134342,0.213734595249012
132.85,0.2,404.260842819088,0,0.942353681407309,0.655076206276491,0.215753637800342
132.86,0.2,404.21555715974,0.00101171070982621,0.9411967810622,0.656002201058944,0.21538918093316
132.87,0.2,404.17017386434,0.000705411040126499,0.941247007545661,0.65494938781636,0.214193464524514
132.88,0.2,404.124685994456,0,0.939166971185558,0.656644798038586,0.215522970126331
132.89,0.2,404.07908597413,0,0.940340638161911,0.657524086676708,0.215067140077125
132.9,0.2,404.033365593541,0,0.940897816854678,0.65515886569815,0.214663964121361
132.91,0.2,403.987516012931,0.00021903260063409,0.942174021783345,0.656088965435262,0.215183218542248
132.92,0.2,403.941527766813,0.00119934237993725,0.944120989292974,0.657441066510662,0.211952191095199
132.93,0.2,403.895390768453,0,0.939044688370524,0.653136362377728,0.218268423057952
132.94,0.2,403.849094314616,0,0.944402811843535,0.654754692624672,0.216931167658504
132.95,0.2,403.802627090592,8.02661922917042e-05,0.940880921492708,0.657183070797442,0.212736560321662
132.96,0.2,403.755977175473,0.000676155705629768,0.942795674711404,0.656015213195109,0.21062410400397
132.97,0.2,403.709132047708,0,0.938716979610904,0.658021604747228,0.216362392064638
132.98,0.2,403.662078590903,0,0.941389124515143,0.654664795965779,0.215504100660095
132.99,0.2,403.614803099897,5.31697244821983e-05,0.938665322805763,0.655135592713944,0.213827184406779
133,0.2,403.567291287073,0,0.939997069549723,0.654233775218222,0.217131380549156
133.01,0.2,403.519528288934,0.00101389391885574,0.940035227400037,0.654857796993421,0.216035035786783
133.02,0.2,403.471498672922,0,0.940376340986032,0.655322105992213,0.215187762886565
133.03,0.2,403.423186444479,0.000186644028039202,0.939863900021235,0.655360044918522,0.214800828438455
133.04,0.2,403.374575054357,0,0.938482076961961,0.655284774877843,0.215465346651555
133.05,0.2,403.325647406155,0,0.940746250700121,0.654859381007122,0.214015151172846
133.06,0.2,403.276385864099,8.56516653140034e-05,0.939430648822555,0.654860590895164,0.215237920325563
133.07,0.2,403.226772261046,0.00394544404627982,0.940763107773598,0.653106110017265,0.213873392902833
133.08,0.2,403.176787906714,0,0.937791374662992,0.657140625313841,0.215799625535624
133.09,0.2,403.126413596143,0,0.93978722010962,0.654839829776998,0.212773336564471
133.1,0.2,403.075629618355,0,0.939189582864594,0.654623975762804,0.214554041296174
133.11,0.2,403.02441576525,0,0.941163690433118,0.653362306690117,0.215299294914017
133.12,0.2,402.972751340693,0,0.937575559943469,0.654882149761299,0.216531526399772
133.13,0.2,402.920615169817,0,0.940991878006531,0.655754916041444,0.214921616624044
133.14,0.2,402.867985608519,0.00106607388341428,0.938730878484759,0.652143093733812,0.213664791380613
133.15,0.2,402.814840553158,0.000809006160861281,0.9374941669763,0.65220209433684,0.215353255829172
133.16,0.2,402.76115745044,0,0.941664714465298,0.654878958399657,0.214250034808481
133.17,0.2,402.706913307492,0,0.937503717663484,0.65321400329345,0.215814020232576
133.18,0.2,402.652084702116,0,0.936636124201084,0.654772773030676,0.217816655385074
133.19,0.2,402.596647793217,0,0.934633277903356,0.655641873438131,0.219174104302766
133.2,0.2,402.540578331414,0,0.936295680331353,0.653955046177009,0.216108662525958
133.21,0.2,402.483851669805,0.000126066653983366,0.93757587231452,0.653749084332928,0.215470303123904
133.22,0.2,402.4264427749,0.00158968803267928,0.937659042166981,0.652717511665696,0.212918300079788
133.23,0.2,402.368326237714,0,0.93724123918558,0.653575323329778,0.213539759537717
133.24,0.2,402.309476285005,0,0.935091668610323,0.656294538418385,0.216812791884915
133.25,0.2,402.249866790665,0,0.936376018041315,0.65248246081571,0.21397183225655
133.26,0.2,402.189471287253,0.00193876625976541,0.933440901993987,0.654176174150985,0.215666063003694
133.27,0.2,402.128262977655,0.0030883566539451,0.938615505184156,0.65309098994508,0.214038499464786
133.28,0.2,402.06621474689,0,0.935591068522553,0.654735306619323,0.214964729510695
133.29,0.2,402.003299174031,0,0.936686674138073,0.650045196178324,0.213181649273525
133.3,0.2,401.939488544249,0.0019262313662116,0.935951631451389,0.654710483521311,0.214361694504759
133.31,0.2,401.874754860978,0.00109993755926318,0.935655615814877,0.655266260451443,0.215088757802391
133.32,0.2,401.809069858182,0,0.933959582182944,0.651003914758392,0.216492367048213
133.33,0.2,401.742405012735,0.00124325310456538,0.93243731029903,0.653825433063216,0.213720184845888
133.34,0.2,401.674731556895,0.000534526300698948,0.934218016848363,0.653060700973794,0.214911172654813
133.35,0.2,401.606020490875,0,0.935703943287833,0.654174271041555,0.213961621941007
133.36,0.2,401.536242595503,0.00151823650009072,0.932834539683651,0.652297960389403,0.212015694641584
133.37,0.2,401.465368444962,0,0.932620797399936,0.650750559935477,0.216070324125417
133.38,0.2,401.393368419616,0,0.935009145145509,0.65004023942472,0.214195745238647
133.39,0.2,401.320212718903,0.00130363052381464,0.933052769591889,0.651897221353388,0.214566792266153
133.4,0.2,401.245871374297,0,0.934644532915145,0.649796771258435,0.21512389446325
133.41,0.2,401.170314262332,0,0.933451686355531,0.649494342801557,0.217504175165365
133.42,0.2,401.093511117687,5.81158548075058e-05,0.931223309853117,0.65254164641779,0.213382804053257
133.43,0.2,401.015431546321,0,0.931623443205613,0.65143610475613,0.213961367178458
133.44,0.2,400.936045038649,0,0.93061555094663,0.649809908722269,0.213465109214699
133.45,0.2,400.855320982772,0.00104439092610529,0.931187305963869,0.650608020006415,0.213184682477576
133.46,0.2,400.773228677732,0.00194299129488639,0.930443215145022,0.650938447638668,0.212478552399934
133.47,0.2,400.689737346804,0.000985300050731477,0.932206598385459,0.650976117461881,0.214154887009009
133.48,0.2,400.604816150814,0,0.931658915254746,0.647223666306066,0.21354840162919
133.49,0.2,400.518434201477,0,0.930294884142992,0.650567305925152,0.2151260894792
133.5,0.2,400.430560574748,0,0.930883008625254,0.648015229412658,0.215216444773446
133.51,0.2,400.341164324196,0.00167598949189687,0.931068044181467,0.649467909250977,0.214714420785862
133.52,0.2,400.250214494366,0,0.93075257388098,0.648516713325253,0.214075300998109
133.53,0.2,400.157680134161,0.00121914211921836,0.929629555537598,0.646648325742122,0.215355975591358
133.54,0.2,400.063530310204,0.000289285336136731,0.928489896267365,0.653507839223911,0.219010785324488
133.55,0.2,399.967734120206,0,0.929448463801198,0.650585087583207,0.212617378460709
133.56,0.2,399.870260706311,0.00333237061621978,0.930581154675189,0.650923488437984,0.215417027272768
133.57,0.2,399.771079268425,0.000498541361561119,0.929327395433285,0.650407258004313,0.212047945352179
133.58,0.2,399.670159077529,0.00156358850070148,0.930681829157602,0.650495847451723,0.213254044108805
133.59,0.2,399.567469488955,0,0.928056389034373,0.65082896354889,0.216464629236159
133.6,0.2,399.462979955638,0.00166166502621922,0.927320978250311,0.649390489974809,0.215561397538102
133.61,0.2,399.356660041327,0,0.924928362359641,0.650438468157777,0.215044087143326
133.62,0.2,399.248479433761,0.000294336420128631,0.925934147894298,0.648763646646657,0.214320719314837
133.63,0.2,399.138407957794,0.000992666498731363,0.928664325553783,0.647001405023466,0.216445893531991
133.64,0.2,399.026415588474,0.000767700932968576,0.928040627358428,0.650503238864343,0.214544561962846
133.65,0.2,398.912472464067,0,0.925714331352802,0.649703031616301,0.215355132895197
133.66,0.2,398.796548899026,0.00099077201980007,0.925866783495311,0.646160577467561,0.215809578940792
133.67,0.2,398.678615396896,0,0.925332062887505,0.647553488353037,0.214188668828916
133.68,0.2,398.558642663151,0.000172470469206062,0.922854384125997,0.649101676359371,0.212722535582277
133.69,0.2,398.436601617967,0.000867479921273233,0.923151907802921,0.646022294403294,0.216396226326969
133.7,0.2,398.312463408914,0,0.92729141142459,0.648399163276469,0.21644758933587
133.71,0.2,398.186199423575,0,0.926449203053509,0.646818583145912,0.213059266584156
133.72,0.2,398.057781302082,0.000140918581296061,0.924102213416848,0.647453405588715,0.217723306275243
133.73,0.2,397.927180949571,0,0.923065771923672,0.650756195386572,0.215344102636789
133.74,0.2,397.794370548534,0,0.925617564169708,0.645211932648049,0.215902293721908
133.75,0.2,397.659322571097,0,0.923249332706296,0.647480144590105,0.215141349265052
133.76,0.2,397.522009791188,0.00029561658931186,0.922174050271462,0.647368864242569,0.214883704382453
133.77,0.2,397.382405296612,0.000233510736430693,0.923477103137947,0.64553678185803,0.214294469664401
133.78,0.2,397.240482501021,0.000506035439537871,0.923439596129475,0.648424643881449,0.215916163109846
133.79,0.2,397.096215155775,0,0.923910294478079,0.645942900139747,0.213730487820353
133.8,0.2,396.949577361699,0,0.920712828958117,0.645936292891991,0.215365101004203
133.81,0.2,396.800543580719,0.00120093013956379,0.920918383114026,0.647562747173724,0.214280001803272
133.82,0.2,396.649088647392,0.00138273442975715,0.923403952196705,0.646930191945905,0.215412806423689
133.83,0.2,396.495187780304,0.000173108076300948,0.918222537696424,0.644839453562119,0.213212265394576
133.84,0.2,396.33881659336,0.00128005684086785,0.921619001558659,0.645868397592641,0.215334777748097
133.85,0.2,396.179951106935,0.00184291062165794,0.920630895404539,0.645233284479865,0.213822682924717
133.86,0.2,396.018567758908,0,0.921010315548755,0.646663437248511,0.21307939316536
133.87,0.2,395.854643415553,0.00109132394832541,0.917717833889014,0.647147700557849,0.216060100497007
133.88,0.2,395.688155382311,0.000643230676418843,0.91890480312708,0.644872809665799,0.214158160424162
133.89,0.2,395.519081414411,0,0.919557751540834,0.644599123658333,0.217871459472269
133.9,0.2,395.347399727363,0.00298955504247375,0.918574485670318,0.64577352203093,0.214207511108906
133.91,0.2,395.173089007298,0.0019590540910961,0.919101632107292,0.643240476406154,0.214140710784171
133.92,0.2,394.996128421172,0,0.919781268428039,0.646016554878864,0.214976671559034
133.93,0.2,394.816497626828,0,0.916142856676656,0.646376578894256,0.215850577769378
133.94,0.2,394.634176782886,0,0.917129337322924,0.648060599482849,0.214523840061368
133.95,0.2,394.449146558512,0.00153598848141156,0.918352517161515,0.645674451167659,0.21649439702902
133.96,0.2,394.261388143004,0,0.916067686238111,0.642766601194235,0.216022807151148
133.97,0.2,394.070883255247,0,0.916200457657376,0.645956158337722,0.215216824967424
133.98,0.2,393.877614152986,0,0.914326570611854,0.644912250795858,0.213726324929309
133.99,0.2,393.681563641958,1.47771231592823e-05,0.915105013544221,0.646116094536113,0.21617358973599
134,0.2,393.482715084849,0,0.914368374681983,0.64206912994253,0.215706603227746
134.01,0.2,393.281052410088,6.08158293266379e-05,0.914076896429778,0.644343633991962,0.215474566317401
134.02,0.2,393.076560120479,9.06342278831325e-06,0.91604828623803,0.645200272603697,0.215342560206941
134.03,0.2,392.869223301662,0.00035488364680845,0.914418750954632,0.643775900483733,0.215047416506041
134.04,0.2,392.659027630396,0.000699852854504546,0.912918916025653,0.644447640401174,0.215253820918756
134.05,0.2,392.445959382679,0,0.914196187598973,0.647285327669473,0.212027223420512
134.06,0.2,392.230005441692,0,0.913466504648137,0.64303993406412,0.213598745543506
134.07,0.2,392.01115330556,0,0.914925254829698,0.642535974355322,0.215773849566187
134.08,0.2,391.789391094943,0,0.914097632845507,0.643159670379396,0.216701343747829
134.09,0.2,391.56470756044,0.00167982271810093,0.913346989315428,0.642388542436175,0.213403624665829
134.1,0.2,391.33709208982,0,0.910952256733502,0.643623298315905,0.215200879527219
134.11,0.2,391.106534715058,0,0.910192988109476,0.641956760964348,0.212855009162879
134.12,0.2,390.873026119205,0,0.914454587983547,0.646821009392728,0.215622574985443
134.13,0.2,390.636557643049,0,0.91483290004273,0.644046799741146,0.216677938070915
134.14,0.2,390.397121291605,0,0.911436390711908,0.6431451498197,0.216381333389508
134.15,0.2,390.154709740414,0,0.909670449797637,0.641396899760114,0.217799321009742
134.16,0.2,389.909316341642,2.55147113360114e-05,0.909692371777672,0.643706695018415,0.215458702678968
134.17,0.2,389.660935129999,0.00107884844325918,0.906961741185583,0.646556723520339,0.213330719880056
134.18,0.2,389.409560828455,0.000724270940739416,0.911334325517701,0.643274265464172,0.212802631584779
134.19,0.2,389.15518885377,0.000261551888748596,0.907426617694398,0.641901937035174,0.214710900251006
134.2,0.2,388.897815321819,0,0.908425822143989,0.64480339851312,0.215115805928826
134.21,0.2,388.637437052729,0,0.90963574335417,0.644937838011536,0.21431452922036
134.22,0.2,388.374051575813,0.00156955389643093,0.909691994013989,0.642282724821647,0.216375693000457
134.23,0.2,388.107657134299,0,0.906094739408054,0.642190474143835,0.214600648652951
134.24,0.2,387.838252689871,0.00142174448752886,0.905643630713323,0.641583674382054,0.216072696317328
134.25,0.2,387.565837926999,0,0.904067179113394,0.64411533525001,0.215319770895816
134.26,0.2,387.290413257063,0,0.905415629199198,0.645348471641761,0.218807451035704
134.27,0.2,387.011979822284,0,0.907398900369212,0.642134903080943,0.213146090641529
134.28,0.2,386.730539499443,0.000510611674125071,0.904303032103202,0.643809756917305,0.216496424002593
134.29,0.2,386.446094903388,0.000183644785090722,0.904363724215723,0.647067017883262,0.213638289541212
134.3,0.2,386.158649390347,0.00162504928280157,0.902158174098337,0.645395317749447,0.213722230070238
134.31,0.2,385.868207061019,0.00109652231635004,0.904857821700084,0.642394371751818,0.218596035809885
134.32,0.2,385.574772763469,0.00125288728751008,0.905581049788,0.642604317075981,0.216961467626846
134.33,0.2,385.278352095796,0,0.905309383673687,0.645099073049138,0.212642192836013
134.34,0.2,384.978951408612,0.00143899808342351,0.900379492601259,0.645157936804932,0.211645950989594
134.35,0.2,384.676577807283,0,0.903381551059967,0.643393032968605,0.212683862666382
134.36,0.2,384.371239153975,0,0.902577477400715,0.642725003617884,0.216428303365234
134.37,0.2,384.062944069486,0.000158295456695003,0.901661827537889,0.643541212704728,0.217084719352765
134.38,0.2,383.751701934848,0.0018135871721852,0.899327984538761,0.64279160981981,0.212958949919985
134.39,0.2,383.437522892729,0,0.900910790449914,0.64402258738577,0.215406700175263
134.4,0.2,383.120417848612,0,0.898638628370006,0.642621028698679,0.213886055252997
134.41,0.2,382.800398471752,0.000978620334990878,0.898976106144539,0.645913278586378,0.213142846963095
134.42,0.2,382.477477195923,0.00177168217569928,0.897515790727026,0.643962166380261,0.216240044556506
134.43,0.2,382.151667219945,0.000917981899373062,0.897875880157931,0.643926525288687,0.217064782668308
134.44,0.2,381.822982507978,0,0.899498777644656,0.641847292466676,0.215628612186968
134.45,0.2,381.491437789615,0,0.898844513700544,0.643005441248814,0.215209181810781
134.46,0.2,381.157048559738,0,0.897245160635495,0.643160355713434,0.216890272125165
134.47,0.2,380.819831078164,0.00243822783250394,0.896578334860424,0.644202139788802,0.214819069902711
134.48,0.2,380.47980236905,0.000830092829126305,0.895824022814551,0.643744170781751,0.216559180930632
134.49,0.2,380.136980220097,0,0.895495930118265,0.641775310486564,0.21588156924416
134.5,0.2,379.791383181514,0,0.895481390785133,0.642626227603951,0.215722716283965
134.51,0.2,379.44303056476,0,0.895184806846052,0.643488578873242,0.2163448538438
134.52,0.2,379.091942441064,0.000458930050059435,0.89619825416407,0.642788082205931,0.213349400212749
134.53,0.2,378.738139639713,0,0.893816392739262,0.640797809920267,0.215721642043006
134.54,0.2,378.381643746122,6.13590691535706e-06,0.893459709875144,0.646817514795575,0.213594476440121
134.55,0.2,378.02247709966,0,0.894512396282118,0.644652377373857,0.215398884831864
134.56,0.2,377.660662791273,0.000320398616774019,0.895366274504084,0.643928983356092,0.218035081701154
134.57,0.2,377.296224660846,0,0.894221368775116,0.642985413539144,0.214522930392272
134.58,0.2,376.929187294368,0,0.896374741458575,0.643679054214391,0.213702010076311
134.59,0.2,376.559576020843,0.000835689518858766,0.891822439524318,0.645257568073373,0.218648744236843
134.6,0.2,376.187416908982,0,0.889959447238277,0.643588415267722,0.212400517707136
134.61,0.2,375.812736763661,0.000962467098020012,0.89430382320201,0.646785556835968,0.213807551736542
134.62,0.2,375.43556312215,0.00112835166393728,0.890157961769243,0.644485534462135,0.216014427896506
134.63,0.2,375.055924250106,0,0.890645915046904,0.644389808224312,0.213635436587008
134.64,0.2,374.673849137332,0,0.8899723228432,0.644783541576464,0.215425539801579
134.65,0.2,374.289367493316,0,0.890921304148828,0.647787527606406,0.214661345333731
134.66,0.2,373.90250974252,0,0.889308818713757,0.646891509312078,0.215679786150773
134.67,0.2,373.513307019444,0,0.888594449741066,0.645509360425188,0.212611154696575
134.68,0.2,373.121791163459,0,0.889492894673097,0.645294602598965,0.214003043378136
134.69,0.2,372.727994713399,0.000726504539090523,0.889010129170448,0.643842477854718,0.215199194683978
134.7,0.2,372.331950901921,0,0.888372865374964,0.644752779422653,0.214015561351239
134.71,0.2,371.933693649631,0,0.882704507753825,0.645499006311023,0.212795541766819
134.72,0.2,371.533257558982,0,0.887865091562386,0.642746918855603,0.216573896333762
134.73,0.2,371.130677907915,0,0.887334854803351,0.646893700561633,0.213905070599876
134.74,0.2,370.725990643297,0,0.884266067566252,0.646296861189699,0.216058542622612
134.75,0.2,370.319232374093,0,0.884564243024204,0.646659707690943,0.215912608654826
134.76,0.2,369.910440364325,0.00130392651971073,0.886455883936012,0.648114968831065,0.213609495695787
134.77,0.2,369.499652525778,0,0.882848947538417,0.645124754688036,0.213991100997272
134.78,0.2,369.086907410491,0.000212697441034233,0.883010637570412,0.646491397429721,0.213591994056314
134.79,0.2,368.67224420299,0,0.883978888660046,0.646413363492109,0.213862479590345
134.8,0.2,368.255702712304,0,0.882997684974082,0.647084579886923,0.214788345466663
134.81,0.2,367.837323363736,0.0001651122769811,0.882006266075353,0.645711505944813,0.215303145188377
134.82,0.2,367.417147190406,0,0.880347451361763,0.646470356892582,0.214854981493075
134.83,0.2,366.995215824549,0,0.883432807562613,0.645970475002444,0.216863816526199
134.84,0.2,366.5715714886,0,0.881506193344909,0.648236194911561,0.213142413987133
134.85,0.2,366.146256986015,0,0.88197243599091,0.643727801780722,0.213373888267273
134.86,0.2,365.719315691884,0,0.882022571096499,0.649545664662471,0.21427171175782
134.87,0.2,365.290791543309,0,0.880674277909068,0.647867418550198,0.213511925992339
134.88,0.2,364.860729029529,0,0.880983567421595,0.647607309391978,0.215186165896035
134.89,0.2,364.429173181841,0.000103780520380637,0.87975928426519,0.646061793614108,0.214244664671271
134.9,0.2,363.996169563275,0.00189933236914018,0.879595102126049,0.645798991907929,0.216140122343925
134.91,0.2,363.56176425804,0,0.877326839882913,0.645229832988717,0.214297707511899
134.92,0.2,363.126003860743,0,0.879012789585622,0.644611426456865,0.213008866753909
134.93,0.2,362.688935465389,0.00400148045106152,0.877385774575313,0.646710586996856,0.214114824408514
134.94,0.2,362.250606654138,0,0.877254156857019,0.64759306516521,0.214359903061487
134.95,0.2,361.811065485843,0.00106423534699388,0.874276175887735,0.647499164614687,0.214868374401027
134.96,0.2,361.370360484378,0,0.876561513352597,0.646115776271997,0.214379738761515
134.97,0.2,360.928540626717,0,0.873356578693459,0.649255496493903,0.215060469501996
134.98,0.2,360.485655330815,0.000390992111563968,0.875329770198353,0.647527334904171,0.21456825072987
134.99,0.2,360.041754443252,0,0.877371250864826,0.649144874960668,0.214940828403334
135,0,359.596888226674,0.0021748417351971,0.874125781025136,0.650239777208381,0.216695308096717
135.01,0,359.151107347003,0.00108959597410856,0.87518971738684,0.650769130314302,0.215127622317816
135.02,0,358.704462860443,0.000612694251880862,0.872958383974238,0.645547549123163,0.213961675878647
135.03,0,358.257006200271,0,0.873126134226438,0.649325794132611,0.216044331425709
135.04,0,357.808789163414,0.00382683752859782,0.873857498886727,0.649542832864955,0.214917561505507
135.05,0,357.359863896818,0.000352345598619082,0.872386667818985,0.646907995040946,0.216624533158441
135.06,0,356.910282883626,0.000745602457719856,0.874086916224339,0.648754411411642,0.215045767054389
135.07,0,356.460098929122,0,0.872275541504838,0.650408508550847,0.214338575610597
135.08,0,356.009365146504,0.000595484146555561,0.873248120959625,0.649635772460601,0.217547745404968
135.09,0,355.558134942452,0,0.86992233019056,0.652144029567254,0.214682916373318
135.1,0,355.106462002483,0,0.870786103054724,0.6502368013329,0.214446006722639
135.11,0,354.654400276138,0,0.871373412506439,0.650692568527902,0.215393654561975
135.12,0,354.202003961968,0,0.868253867658324,0.647758596410639,0.216370545385796
135.13,0,353.749327492336,0.000874272864178086,0.869091992634906,0.648568029334099,0.215789368116102
135.14,0,353.296425518031,0.00129009004628159,0.867028434822222,0.653179589076921,0.216096025496909
135.15,0,352.843352892726,0,0.867923986291321,0.650561331427313,0.215120859555607
135.16,0,352.390164657225,0,0.868655196423292,0.650762267729901,0.216650755775973
135.17,0,351.936916023575,0.00229221241681632,0.86835219628938,0.651443446549653,0.214306307126221
135.18,0,351.483662358989,0.00120851743164976,0.866341070491125,0.65369261512001,0.213550343797272
135.19,0,351.030459169616,0.00141158774532375,0.865177430829293,0.649539951783552,0.214783239744472
135.2,0,350.577362084147,0,0.866418081375434,0.650135053079342,0.215738424991302
135.21,0,350.124426837272,0.000286693426567969,0.864755430361117,0.652302356591545,0.214697521329147
135.22,0,349.671709252998,0.000949793009040129,0.865527244313686,0.650869102612457,0.215520494552258
135.23,0,349.219265227792,0,0.864224377698527,0.652543731889419,0.214363613447771
135.24,0,348.767150713624,0,0.864718315277967,0.649999215203368,0.216952820508775
135.25,0,348.315421700851,1.74044952423385e-05,0.864075786901032,0.651703172537008,0.215003101567195
135.26,0,347.864134200984,0.00021047327857078,0.862516544531897,0.652235141055749,0.212036771525685
135.27,0,347.413344229323,0,0.862183108246697,0.651446216673443,0.213418579402262
135.28,0,346.96310778749,0.00137058592759689,0.861792640509757,0.650698854699941,0.216067551561387
135.29,0,346.513480845838,0.000293052409215512,0.860963124764685,0.650701101581912,0.211589103424062
135.3,0,346.06451932576,0,0.861804208128695,0.654631238393386,0.217871958928696
135.31,0,345.616279081908,0.00201888822882541,0.860561830065551,0.653965252566258,0.214664641081464
135.32,0,345.168815884302,0,0.85925034496034,0.650649475184847,0.214613597745225
135.33,0,344.722185400377,7.59173592141091e-05,0.860827093232132,0.652528325706563,0.216111184801614
135.34,0,344.27644317693,0,0.858255928025846,0.651346059259532,0.219941449430007
135.35,0,343.831644622014,0,0.859043446418686,0.653411932298872,0.213012900815054
135.36,0,343.387844986752,0,0.860868602360923,0.653415138420796,0.216268899487194
135.37,0,342.945099347114,0,0.86001883849323,0.655643690200107,0.213530061126862
135.38,0,342.503462585625,0.000774815963492144,0.857200758906821,0.655080841180727,0.215016484198546
135.39,0,342.062989373045,0.00131084625636707,0.858115890750686,0.655533823150484,0.215479206735919
135.4,0,341.623734150012,0,0.857500031615413,0.653066574957249,0.216063748102566
135.41,0,341.185751108661,0,0.859412932805519,0.65512522089475,0.21552051712931
135.42,0,340.749094174221,0,0.854331524006299,0.653617079070795,0.213883348200385
135.43,0,340.313816986619,0.000277705140419488,0.856921793417161,0.655186247340205,0.216540214616901
135.44,0,339.879972882059,6.14818363241296e-06,0.857025859211801,0.653261376375075,0.217110835918418
135.45,0,339.447614874633,0,0.855805015848169,0.655766701393632,0.216592540168768
135.46,0,339.016795637942,0,0.854865956497882,0.653954749430108,0.214558469559825
135.47,0,338.587567486744,0.00095783692086302,0.855663199046342,0.65606012519425,0.216142657741816
135.48,0,338.159982358631,0,0.853258875239772,0.65431549381032,0.211633492103432
135.49,0,337.734091795763,0.000751072264959414,0.851093561506468,0.655500217347507,0.214279194321096
135.5,0,337.30994692666,0.00250402848715242,0.854604493112549,0.655763149189482,0.213199722534469
135.51,0,336.887598448034,0,0.853819550618907,0.652750047811155,0.216402795068171
135.52,0,336.467096606729,0.000647275149237455,0.854344308235863,0.657881771089807,0.215301730167005
135.53,0,336.048491181721,0.00108235666703621,0.852324352326405,0.656465893268792,0.217300633328114
135.54,0,335.631831466221,0.00127898554692246,0.851728525708954,0.655961054331559,0.213847103477563
135.55,0,335.217166249882,0.00288156257097832,0.852277048085669,0.654937105437439,0.217208470424024
135.56,0,334.804543801124,0,0.852865612514109,0.655575625460212,0.214677715488855
135.57,0,334.394011849575,0,0.849418356949188,0.656647082998535,0.217951181797839
135.58,0,333.985617568652,0.00148305895812764,0.850891848589427,0.654848561371803,0.212702359364164
135.59,0,333.579407558298,0.000572339599270097,0.849531124099265,0.655710244234412,0.215371181237273
135.6,0,333.175427827849,0,0.848911684471637,0.655321067051143,0.213168677542488
135.61,0,332.773723779101,0,0.844469185458802,0.654499301223806,0.214104260440778
135.62,0,332.374340189523,0.00223998013500248,0.84934703187391,0.655443800066306,0.215937336669033
135.63,0,331.977321195685,0,0.85028957849819,0.656206437536453,0.212849257511689
135.64,0,331.582710276859,0,0.849616212947037,0.657153231211298,0.217516984731024
135.65,0,331.190550238858,0,0.847488606676743,0.6536948960712,0.214838935376591
135.66,0,330.800883198064,6.31969680119341e-05,0.84769646310262,0.657052435545581,0.215338135404233
135.67,0,330.413750565713,0,0.850247507170892,0.65395123604981,0.214817545419878
135.68,0,330.029193032412,0,0.846681566754643,0.654714480526137,0.215127732124253
135.69,0,329.647250552897,0.00050389223845461,0.844146652491728,0.656927201038289,0.214304012550907
135.7,0,329.267962331076,0,0.845862894882325,0.655660515560346,0.214095400917775
135.71,0,328.891366805326,0.00065040693366525,0.847388274263293,0.655764634952838,0.214861965064724
135.72,0,328.51750163409,0,0.843781635006567,0.655175167698344,0.214663875776192
135.73,0,328.14640368175,1.13737869082227e-06,0.846062954571315,0.657653933389608,0.216037556064624
135.74,0,327.778109004825,0,0.846379324083878,0.656046898688745,0.212265143831277
135.75,0,327.41265283847,0,0.845890873323791,0.655703821309665,0.216107011863271
135.76,0,327.050069583308,0.00138001562218877,0.841539310114454,0.65342473491215,0.215965200994733
135.77,0,326.690392792592,0,0.842534656658544,0.655933170521867,0.21543820943107
135.78,0,326.333655159719,0.00139354093057306,0.843796207002765,0.659096467209307,0.216443820946753
135.79,0,325.979888506093,0.00125510329040183,0.845152884029972,0.655448226886071,0.213985201629715
135.8,0,325.629123769355,0.000112711984619729,0.842020291768176,0.656112585587108,0.215723879185275
135.81,0,325.281390991997,0.00161701476246234,0.840073907219312,0.655803857165411,0.214631177516635
135.82,0,324.936719310339,0,0.841750881329806,0.659188098010451,0.2144479492104
135.83,0,324.595136943923,0,0.84185319880714,0.658897422398295,0.214493815412416
135.84,0,324.25667118529,0,0.839871580224247,0.657854195033019,0.21593901942327
135.85,0,323.921348390177,0.000726134097156888,0.839377001788359,0.656690407009441,0.213217605200773
135.86,0,323.589193968132,0.00104599461247666,0.838146880128672,0.656114243501475,0.215985265579685
135.87,0,323.260232373561,0,0.840990099739887,0.658103325752628,0.212401152850595
135.88,0,322.934487097194,0,0.835994966705247,0.657110664968013,0.213612683097554
135.89,0,322.611980658013,0.00194738754436762,0.838500690689132,0.656248222173193,0.213444231799479
135.9,0,322.292734595625,0.000448822714289828,0.837867540721978,0.654969441944207,0.214897451881928
135.91,0,321.976769463086,0,0.837572729285105,0.65821267474596,0.218085846157128
135.92,0,321.664104820197,0,0.835332079458483,0.655821375012931,0.214706147447609
135.93,0,321.354759227268,0.0014414010610032,0.837063471603307,0.655868209424817,0.216049570859938
135.94,0,321.048750239363,0,0.836186033206969,0.655547678413424,0.21252666682811
135.95,0,320.746094401023,0,0.83378746402724,0.65757919488082,0.214562756702574
135.96,0,320.446807241484,0,0.835921225341069,0.655077969119185,0.216096075862234
135.97,0,320.150903270385,0,0.835264053436373,0.656343128311485,0.213330700629909
135.98,0,319.858395973981,0.000956472997248105,0.836620959362684,0.657090785961074,0.213845390781706
135.99,0,319.569297811845,0,0.832759104014305,0.658119639728308,0.214160605422596
136,0,319.283620214106,0.000598769835151987,0.835200676636955,0.65745189131375,0.216185812120715
136.01,0,319.001373579167,0,0.833516244121568,0.657413687857158,0.21452467295537
136.02,0,318.722567271958,9.87953162922685e-05,0.835119743066731,0.655413737251054,0.213577312358209
136.03,0,318.447209622708,0.000546748568702148,0.834652699097808,0.656873293907397,0.215418545412996
136.04,0,318.175307926223,0,0.83159828357352,0.65397449128473,0.216364852085935
136.05,0,317.906868441702,0.00063041163087125,0.833918104474646,0.657848014767166,0.215232520849619
136.06,0,317.641896393075,0,0.833075013053145,0.654059371229537,0.215767686386413
136.07,0,317.380395969859,0.00088557500793571,0.832621794739932,0.658378464584678,0.212630724141964
136.08,0,317.122370328551,0.00218603681678932,0.830516063310673,0.656406497706546,0.212014067749281
136.09,0,316.867821594548,0.000114928850390425,0.831741221214223,0.655321783983836,0.21397071488648
136.1,0,316.616750864589,0.000314199090841376,0.829522277413243,0.655101834827949,0.213802064979454
136.11,0,316.36915820973,0.000826350835863675,0.829312578059233,0.655380022497978,0.215602184607428
136.12,0,316.125042678848,0,0.830056535016179,0.656502144143841,0.21667150556871
136.13,0,315.884402302668,0.000743825432308959,0.831707674980219,0.654573321451486,0.215933237157731
136.14,0,315.64723409831,0,0.828902812165854,0.655940646284446,0.214418108269707
136.15,0,315.413534074376,0.00096237460592781,0.831157411440941,0.655865814329092,0.21689158667043
136.16,0,315.183297236538,0,0.827522816765484,0.653117950124856,0.217829388210549
136.17,0,314.956517593649,0.00111160670478885,0.829386488856335,0.657737039526824,0.212771139526179
136.18,0,314.733188164384,0,0.829805227977306,0.658250459290108,0.21610823730939
136.19,0,314.513300984368,0,0.829025450183917,0.655230484003351,0.214999889315715
136.2,0,314.29684711383,0.00189009983720944,0.826454580803329,0.654662444487481,0.215280980599685
136.21,0,314.083816645747,0,0.827326620576892,0.654536168034618,0.215407281786916
136.22,0,313.874198714502,0,0.827025449917351,0.656460241607391,0.215803232984888
136.23,0,313.667981505011,0.00211749433396858,0.825735441447269,0.657598070471195,0.216082646640272
136.24,0,313.465152262361,0,0.824995869675464,0.654683426379283,0.216280859338735
136.25,0,313.265697301917,0,0.825217358127836,0.653497887109232,0.217594785734724
136.26,0,313.069602019904,0,0.826737806625298,0.656296415873871,0.214784246312447
136.27,0,312.876850904462,0,0.826562118513256,0.654240907100962,0.215558088310263
136.28,0,312.687427547158,0.00100967762119958,0.827217261396301,0.655998541197692,0.213759051662388
136.29,0,312.501314654957,0,0.825144455755626,0.652997840658978,0.215193252811631
136.3,0,312.318494062632,0,0.824255811384229,0.656267159413521,0.217165964946811
136.31,0,312.138946745622,0,0.823708152792963,0.653659006688553,0.217002522690348
136.32,0,311.962652833307,0,0.824386080945147,0.653542752404416,0.217832259392442
136.33,0,311.789591622718,0,0.823713671384439,0.654241413513383,0.217396179625794
136.34,0,311.619741592651,0.000863494464811172,0.821801952474301,0.652323161887806,0.217344365409293
136.35,0,311.453080418183,0,0.823518903837757,0.652459332137832,0.214004559846194
136.36,0,311.289584985587,0,0.823668866908587,0.654304399851246,0.212803278351796
136.37,0,311.129231407629,0.000174366767734777,0.82413676989907,0.650577756775296,0.215239139344213
136.38,0,310.971995039231,0.000985374088407416,0.824359996073849,0.652882361404737,0.21631996533662
136.39,0,310.817850493511,0.000774839148847709,0.821241639376881,0.654424289600364,0.215682906568402
136.4,0,310.666771658168,0,0.820808184871322,0.651551866205713,0.21571288828421
136.41,0,310.518731712202,0.000369733387417038,0.821451987418426,0.655854554568731,0.215078187809445
136.42,0,310.373703142982,0,0.823169076506716,0.652941331813226,0.215966121547667
136.43,0,310.231657763621,0.00203235906517424,0.824241180113828,0.653859311355732,0.214603966623993
136.44,0,310.092566730663,0.000541524207528863,0.821991178464469,0.655086967026844,0.217002356010053
136.45,0,309.95640056207,0.00118938340820448,0.820506650183565,0.651141615608031,0.215248345944902
136.46,0,309.823129155487,0.00019054015908599,0.81927702438833,0.652181192084901,0.21454735572738
136.47,0,309.692721806799,0.000487736981359723,0.820797924526405,0.652063194512543,0.214650497883495
136.48,0,309.565147228924,0,0.820374456240917,0.654289237496763,0.215553689198437
136.49,0,309.440373570877,0,0.819841102926153,0.651387232709411,0.214751020401363
136.5,0,309.318368437063,0.00130777355751662,0.820958202172762,0.652146160269419,0.215160672368274
136.51,0,309.199098906801,0.00217124650231478,0.816004447113304,0.653785233888682,0.213003675956485
136.52,0,309.082531554052,0,0.819958326688937,0.651460628627739,0.217595571196583
136.53,0,308.968632467361,0,0.820125489114151,0.651922100964419,0.212939296413981
136.54,0,308.857367269978,0.000626656264588444,0.817935167561728,0.652539376751085,0.213909999372414
136.55,0,308.748701140161,5.5103190664143e-05,0.817885717711881,0.65097219343473,0.213798781572566
136.56,0,308.64259883164,0.00132829505665833,0.817851298441649,0.649849948937394,0.21374301714103
136.57,0,308.539024694238,0,0.817804479016535,0.651769839557967,0.214508491762255
136.58,0,308.437942694622,0.00128784629995093,0.816571367437762,0.649591182945458,0.217042977223957
136.59,0,308.339316437194,0,0.817031335732898,0.648357280445988,0.21375115872588
136.6,0,308.243109185086,0.0017737165432979,0.818214313918318,0.649757866212918,0.213089767217761
136.61,0,308.149283881258,0,0.819040402482198,0.648783586672719,0.215590878569123
136.62,0,308.057803169697,0.00090035328437575,0.819821921041599,0.649203030085984,0.21418199133426
136.63,0,307.968629416678,0.00110662751412164,0.815024246288929,0.650889088830365,0.216637019270814
136.64,0,307.881724732105,0,0.814918085049678,0.650716215026378,0.214988556901788
136.65,0,307.797050990896,0,0.813659025445584,0.64792540672246,0.213375869039606
136.66,0,307.714569854415,0,0.817633761241662,0.6488548298045,0.216124482825716
136.67,0,307.634242791929,0,0.816035781417891,0.648045480124556,0.216722476248943
136.68,0,307.55603110209,0,0.815477593086575,0.646843861684588,0.214362396259178
136.69,0,307.479895934417,0.00116446951345893,0.815812972740073,0.65036261006043,0.215847207256769
136.7,0,307.405798310775,0,0.814611241695412,0.6476187833103,0.214943665531009
136.71,0,307.333699146839,0,0.814774586254812,0.647811432698392,0.214089400836523
136.72,0,307.263559273526,0,0.81397804937242,0.64845718738677,0.21491870480506
136.73,0,307.195339458394,0.00117008671639008,0.815033281194595,0.649050251060426,0.213837890787891
136.74,0,307.129000426983,0.00180237356953135,0.81463540531883,0.649355553095704,0.214636414696252
136.75,0,307.064502884105,0,0.814695622152317,0.647708690759089,0.213954739594709
136.76,0,307.001807535052,0.00135930527943165,0.815009632588422,0.649351738265369,0.216021599417873
136.77,0,306.940875106732,0.00186072023319242,0.812892440264973,0.65071407463794,0.213563387655859
136.78,0,306.881666368703,0,0.812535876096142,0.646900958604882,0.213239355500591
136.79,0,306.824142154112,0.000230747155022622,0.812465396852856,0.64811289579218,0.213081295248896
136.8,0,306.76826338052,0,0.813650194111754,0.648200693155741,0.214955085611874
136.81,0,306.713991070599,0.0018861795618486,0.815011331630617,0.647492108675063,0.216825745937012
136.82,0,306.661286372707,0.0014949010578766,0.811346089914251,0.648871207573532,0.21469699161413
136.83,0,306.61011058131,0.00127275482059028,0.812717549530895,0.647760673014942,0.216941565539704
136.84,0,306.560425157268,0.000667008413526433,0.812548505902378,0.650002513505751,0.212976799286575
136.85,0,306.512191747948,0.0013456061804841,0.811188833642508,0.647415279793387,0.21447287572917
136.86,0,306.465372207173,0,0.812927886718887,0.64889370938115,0.21326097274106
136.87,0,306.419928615,0,0.812849152240325,0.64962542976961,0.215967810667791
136.88,0,306.375823297303,0.00322556402126182,0.811362948537821,0.647823718029765,0.214594271162499
136.89,0,306.333018845173,0,0.811598810063352,0.648588051380801,0.21369857617547
136.9,0,306.291478134105,0.00237560537873168,0.813225874074975,0.647787840684542,0.216185344588098
136.91,0,306.251164342983,0.00114833448104982,0.8110446649081,0.645640756604425,0.214624957482736
136.92,0,306.212040972851,0.000292893314895889,0.809705556318372,0.644980199976257,0.216231285152778
136.93,0,306.174071865446,0.000968439728645285,0.809860152204269,0.648884949412258,0.214424935131927
136.94,0,306.137221221519,0,0.809497424188179,0.645899203396516,0.212335246767338
136.95,0,306.101453618899,0.00073778835306452,0.806905509098693,0.644042872974999,0.215104653047576
136.96,0,306.066734030322,0,0.810316632826019,0.646808782677454,0.215263936618561
136.97,0,306.033027841007,0,0.812413376162172,0.649039779437591,0.216108341513769
136.98,0,306.000300865969,0,0.810560154831214,0.647086244054193,0.214445942544162
136.99,0,305.968519367076,0.00181149190291738,0.810654158698701,0.647908713890181,0.21130790030317
137,0,305.937650069824,0.000389143432613087,0.807803253828452,0.644481578298433,0.21672333360141
137.01,0,305.907660179846,0.0008281524924543,0.807361580561237,0.645239226837283,0.212894612475618
137.02,0,305.87851739913,0.000637479819347959,0.809155894957861,0.64435771097462,0.213972384110507
137.03,0,305.850189941961,0.00387395395081009,0.809208745581595,0.644749445385739,0.21470477313257
137.04,0,305.822646550558,7.15324411589774e-05,0.80814556441452,0.642484098863001,0.21484961056271
137.05,0,305.795856510418,0,0.809925680415463,0.643676728376064,0.215811780151456
137.06,0,305.769789665362,0,0.810079797013685,0.646826435161543,0.213838523766083
137.07,0,305.744416432267,0.000124354180429733,0.809181482056809,0.644721827093687,0.214109377165137
137.08,0,305.719707815489,0,0.809067893313587,0.645850030452718,0.211964281086192
137.09,0,305.695635420969,0,0.810265035398065,0.646077179446229,0.214412034218913
137.1,0,305.672171470017,0.00119289074101092,0.809399800236213,0.644715856462238,0.216792073286476
137.11,0,305.649288812774,0.000787425508257127,0.810733910536269,0.646812736511939,0.216210583490538
137.12,0,305.626960941348,0,0.808505532684961,0.645593428999579,0.215892135609081
137.13,0,305.605162002605,0.00040782581627129,0.806672776843793,0.643550732799408,0.216674882464234
137.14,0,305.583866810643,0.000660472871611299,0.806918771967868,0.647667044479637,0.214842515687176
137.15,0,305.56305085891,0,0.807643778734001,0.642091589875999,0.214731325770027
137.16,0,305.542690331991,0.0044620280032927,0.807025827569454,0.644153313524803,0.214834048685394
137.17,0,305.522762117039,0.000955363183102992,0.806841168064148,0.645116838115273,0.214578652997636
137.18,0,305.503243814869,0,0.806339073040359,0.64336655607418,0.214956340277384
137.19,0,305.484113750689,0,0.806925417315151,0.643479168525655,0.215126831883289
137.2,0,305.465350984485,5.50542521391613e-05,0.810135028813074,0.643595333389495,0.21403413427229
137.21,0,305.446935321042,0,0.808868148840836,0.645908287314346,0.216316601107422
137.22,0,305.428847319615,0,0.807542650756056,0.642235613936026,0.215441351306522
137.23,0,305.411068303226,0.0019607319180045,0.809734468221197,0.642925182378601,0.216068049710812
137.24,0,305.393580367606,0.000573291012990335,0.805794867340898,0.641789942409211,0.215102329954933
137.25,0,305.376366389769,0,0.803573628791552,0.644584061440816,0.216188021262053
137.26,0,305.359410036213,0.00188207215677966,0.807282928940428,0.64462109315092,0.212435489479836
137.27,0,305.342695770755,0.000343575191196952,0.805022136179049,0.645544883458778,0.214120061890781
137.28,0,305.326208861997,0,0.806477210745579,0.645371328504014,0.212274486096461
137.29,0,305.309935390409,0.000839855932080105,0.808762535556369,0.64719883270903,0.214397153793939
137.3,0,305.293862255042,0.00279843686890607,0.809720773505205,0.644404168434042,0.216488145339172
137.31,0,305.277977179869,0.000466388947931569,0.806640620546278,0.642935586522597,0.212392825569709
137.32,0,305.262268719734,0.00132618243116107,0.806600269713332,0.64443568605343,0.215824847986045
137.33,0,305.246726265936,0.00244782281909976,0.808061478933946,0.642409300321147,0.214249654962336
137.34,0,305.231340051423,0,0.806874692599,0.642699481757844,0.214625849357785
137.35,0,305.216101155607,0,0.80742921489691,0.644827149242896,0.215000327252987
137.36,0,305.20100150879,0.000595959347277975,0.805977520773874,0.642991904689847,0.216864621052645
137.37,0,305.186033896219,0.00076402881498174,0.804561575128193,0.646581419285454,0.215106292039944
137.38,0,305.17119196174,0,0.80455346639539,0.644056769018097,0.217025363397258
137.39,0,305.156470211077,0.00249055484860495,0.804108058561358,0.642635710661789,0.211939385969929
137.4,0,305.141864014718,0.00111104276344314,0.805723945237223,0.642140904515602,0.214349623618161
137.41,0,305.127369610416,0.00113284412595998,0.806414513379139,0.641437725057742,0.214377175402285
137.42,0,305.112984105305,0,0.807103248122363,0.640976051214467,0.214268059892747
137.43,0,305.09870547762,0,0.806793983043444,0.642111553486495,0.215698606649166
137.44,0,305.08453257803,0,0.806016527348682,0.643917159373339,0.216568967065504
137.45,0,305.07046513059,0,0.80642193892356,0.645038061611806,0.212158281494174
137.46,0,305.056503733291,0,0.807060278878693,0.64387170595194,0.214176118149818
137.47,0,305.042649858224,0,0.804402466781934,0.642588389643661,0.216075915514591
137.48,0,305.028905851358,0,0.803091232797985,0.645033754572138,0.215188259758341
137.49,0,305.015274931924,0,0.806555285332539,0.643658410402732,0.215170213333819
137.5,0,305.001761191407,0,0.806987793437768,0.642226196455868,0.211182921022334
137.51,0,304.988369592149,0.000315024828379211,0.806893406060161,0.64340551351956,0.213362174119054
137.52,0,304.975105965566,0,0.806190045830521,0.646561196229414,0.214607734135348
137.53,0,304.961977009964,0,0.805635146188856,0.644151165075238,0.215023116169868
137.54,0,304.948990287977,0,0.806065907192583,0.643861096243098,0.215042411824642
137.55,0,304.936154223611,0,0.807858393684179,0.644732293569108,0.213610464721744
137.56,0,304.923478098895,0,0.808737482978576,0.64406214424698,0.213090043875527
137.57,0,304.910972050145,0,0.806242289338108,0.644339775737474,0.216519476971495
137.58,0,304.898647063849,0,0.805722376922788,0.643869471245466,0.215386844449726
137.59,0,304.886514972148,0,0.804418841564621,0.642508499617474,0.214236776180278
137.6,0,304.874588447944,0,0.808000881798384,0.641811041642239,0.2158211562039
137.61,0,304.862880999617,0,0.80409195694461,0.641650670743264,0.216525883516565
137.62,0,304.851406965358,0,0.804318105331658,0.642665284512553,0.21585352360498
137.63,0,304.840181507112,0.000513721956232957,0.809434529387374,0.646460353571544,0.215968933013543
137.64,0,304.829220604152,0,0.807144247600731,0.645678063204051,0.215450054043733
137.65,0,304.818541046253,0.000961285958761757,0.805860565991661,0.643789326104105,0.21515692235126
137.66,0,304.808160426505,0,0.807634224780476,0.644866698365235,0.217541441408375
137.67,0,304.798097133727,0,0.807654403573306,0.645443301051394,0.214405802342747
137.68,0,304.788370344522,8.97166597093054e-05,0.804947096408232,0.644535397549825,0.214859598439973
137.69,0,304.779000014942,0.00318078421497971,0.804119624639508,0.644472843830822,0.213318783464421
137.7,0,304.770006871787,0,0.806946831091103,0.643420574615028,0.213351106061095
137.71,0,304.761412403526,4.03902812074608e-05,0.804696857763376,0.644302043949242,0.217277946396307
137.72,0,304.753238850853,0.000344971496193953,0.809983453975785,0.643399640401413,0.216991364211564
137.73,0,304.74550919687,0.000758567030578869,0.806593289442557,0.645989421547079,0.21314040439714
137.74,0,304.738247156905,0,0.808419414783986,0.642595241519268,0.211588104498242
137.75,0,304.731477167965,0,0.806940748137106,0.640992029761319,0.215669003876331
137.76,0,304.725224377833,0,0.808330559890696,0.643232817499908,0.215544522185293
137.77,0,304.719514633796,0,0.806575941329297,0.644884283510053,0.216487546765531
137.78,0,304.714374471025,0,0.810361195561925,0.646148264908024,0.214667293219968
137.79,0,304.709831100599,0,0.807446485049528,0.645023333951438,0.214584040450269
137.8,0,304.705912397177,0.000325598838626498,0.806503032334312,0.645772074026098,0.213780588185846
137.81,0,304.702646886325,0.00112249003730483,0.805636886039858,0.649038718173995,0.217069597762747
137.82,0,304.700063731495,0,0.805593954131746,0.643430347396599,0.214654084667533
137.83,0,304.698192720671,0.00218854625630064,0.80825922422451,0.646346554831991,0.21382098438936
137.84,0,304.697064252668,0,0.807479292964543,0.642934514195438,0.216489483216883
137.85,0,304.696709323106,0,0.807738727115199,0.646649052663221,0.215119155578672
137.86,0,304.697159510052,0.000526257264830225,0.808546699617427,0.644065048479321,0.215067990433884
137.87,0,304.698446959335,0.0017835510586645,0.809653497028527,0.645085715620467,0.216609889582501
137.88,0,304.700604369543,0.000599097810275625,0.812001058494868,0.646956545210201,0.214638426912219
137.89,0,304.703664976702,0.00107308932683114,0.806200860919622,0.649650354277606,0.215919514710218
137.9,0,304.707662538645,0,0.811099096377794,0.645715131456475,0.215547379069844
137.91,0,304.712631319072,0.000631708484973558,0.81040224787991,0.64734161640966,0.216433415748412
137.92,0,304.718606071309,0.00141122666464404,0.809415505988269,0.645280727398499,0.217451926371711
137.93,0,304.725622021773,0.000621521848454713,0.810674759900634,0.646806704398609,0.215765354294646
137.94,0,304.733714853141,0,0.808657663033559,0.644798282656921,0.215290235830101
137.95,0,304.742920687238,0,0.806643442280306,0.648878573607852,0.21581312055387
137.96,0,304.753276067647,0,0.808798878981682,0.647105961533821,0.21640680462316
137.97,0,304.764817942035,0.000162773896576989,0.808877252098904,0.647912221282621,0.21572721921156
137.98,0,304.777583644227,0.00182545777204984,0.81198132216516,0.644658429751897,0.21381271104374
137.99,0,304.791610876008,0,0.809545961517752,0.646472192488429,0.215152084690873
138,0,304.806937688672,0,0.806852288585223,0.649871738995609,0.217482354358757
138.01,0,304.823602464331,0.000651017734706054,0.811400192415881,0.645005778142058,0.216088515207114
138.02,0,304.841643896975,0,0.809426758737516,0.646055730526401,0.214043787327941
138.03,0,304.861100973308,0.00101723369851252,0.810459031544447,0.649629360448794,0.21174922088557
138.04,0,304.88201295335,0,0.812092373003469,0.646976695836526,0.213561521729532
138.05,0,304.904419350827,0,0.811388768331421,0.649210663771439,0.21447608480566
138.06,0,304.928359913351,0.000611576802179794,0.811752313014544,0.650115160888656,0.215409773316264
138.07,0,304.9538746024,0.00208075485643357,0.811717504310318,0.646450507634467,0.213316208166293
138.08,0,304.981003573099,0.00120000451164678,0.810246844959769,0.646770583818346,0.217019378327167
138.09,0,305.009787153827,0,0.812794886884372,0.648692220798761,0.212576102848279
138.1,0,305.040265825638,0,0.810617313199539,0.648846236045764,0.216008473600829
138.11,0,305.072480201524,0.000243061656536822,0.810650921166323,0.646298796219661,0.212962538972695
138.12,0,305.106471005517,0.00307739956585236,0.813327398520105,0.648830861450146,0.216553246531414
138.13,0,305.142279051646,0.000560118859562833,0.812696882903083,0.647398767076482,0.214027314014902
138.14,0,305.179945222753,0.000397939602031145,0.81003508324552,0.64832256476026,0.218278686228698
138.15,0,305.219510449183,0,0.810353638707011,0.64866300068715,0.213256650654706
138.16,0,305.261015687363,0,0.814794394506517,0.649621387526822,0.215749580223121
138.17,0,305.304501898257,3.70558487451943e-06,0.810267823308653,0.649864292445013,0.214184799034359
138.18,0,305.350010025744,0,0.814966118382375,0.650302489633762,0.214846720343687
138.19,0,305.397580974897,0,0.810392574301078,0.651864110142762,0.214897927742869
138.2,0,305.447255590192,0,0.811736499900415,0.648517357617139,0.215227239744144
138.21,0,305.499074633647,6.5429676318169e-05,0.811481594844094,0.648373030800755,0.215842451325837
138.22,0,305.553078762923,0,0.814424236347603,0.651343435610089,0.213055802224728
138.23,0,305.609308509362,0,0.81364551561203,0.650321036372129,0.218153042481629
138.24,0,305.667804256019,0.000599287846167289,0.81076503139867,0.65253290225691,0.214992825381852
138.25,0,305.728606215653,0,0.812905721946759,0.651148266264082,0.214011351872079
138.26,0,305.791754408732,0.000470479988892691,0.812506280350861,0.647988312812085,0.214570125854208
138.27,0,305.857288641431,0,0.814704710077907,0.64988637575003,0.216866768584608
138.28,0,305.925248483654,0,0.818257146978081,0.64966355803481,0.21538153218063
138.29,0,305.995673247084,0.000220680354251361,0.815652429804562,0.651741307639577,0.213438780587754
138.3,0,306.068601963281,0,0.817993046643563,0.652569532017626,0.213941740295557
138.31,0,306.144073361825,0,0.812619470518221,0.652793075886684,0.213355162555276
138.32,0,306.222125848541,0.00250340646089243,0.813908123305015,0.650852431871432,0.213197153638032
138.33,0,306.302797483796,0.00133583515505418,0.814171969436967,0.653156137666149,0.214168301840477
138.34,0,306.386125960887,0,0.815821152017172,0.649773305174939,0.213568020436094
138.35,0,306.472148584547,0.00328002390502872,0.818133100818711,0.649566526462241,0.216278223646952
138.36,0,306.560902249563,0.00119952882480127,0.814512007287549,0.651382844039527,0.215398972545447
138.37,0,306.652423419519,0,0.815568584016212,0.651009758101073,0.213592423068076
138.38,0,306.746748105705,0,0.818803263592747,0.65104515822661,0.216889987611766
138.39,0,306.843911846162,0.00171168478819118,0.814656641015266,0.651558701526069,0.21527090702163
138.4,0,306.943949684915,0.00130505311875122,0.816024251869963,0.651086547738346,0.214844062306899
138.41,0,307.046896151382,0.00124105150112636,0.815376037540843,0.651741604356702,0.213255647935795
138.42,0,307.152785239981,0.000967768551800376,0.819272102289868,0.652320188909946,0.214300526943571
138.43,0,307.261650389951,0,0.817341110693545,0.653221276910472,0.213774829473441
138.44,0,307.373524465396,0.000863257792538049,0.81834043425043,0.654068468551482,0.216945957241314
138.45,0,307.488439735558,0.000172910620181219,0.81709033444836,0.652337605096703,0.213739028993375
138.46,0,307.606427855351,0.00206147007428482,0.8180842670927,0.652087344288751,0.213554015178302
138.47,0,307.727519846145,0.00362278342971479,0.818339674325515,0.656036499683407,0.216273077117042
138.48,0,307.851746076832,0,0.820610866867018,0.653315865180013,0.213455259498164
138.49,0,307.979136245176,0.00267261176827766,0.81924313546466,0.655405710636049,0.21411924654075
138.5,0,308.10971935946,0.000179857891130646,0.821296480490417,0.65247661355639,0.213171748850487
138.51,0,308.243523720446,0,0.820592237168245,0.653605501602799,0.215211427081251
138.52,0,308.380576903663,0.00158149739098419,0.820320319390684,0.65535606975784,0.215606064845135
138.53,0,308.520905742016,0,0.819929395735955,0.655519639037258,0.213412309134412
138.54,0,308.66453630876,0.000473555082181088,0.817882602943851,0.652904334583501,0.214979035515266
138.55,0,308.81149390082,0.00343425373282536,0.820169348508486,0.654315449245067,0.2149181250801
138.56,0,308.961803022477,0.00173494668262433,0.822179148483045,0.653745226414444,0.21613496702779
138.57,0,309.115487369453,0,0.820550454304972,0.652149934310317,0.215222420975178
138.58,0,309.272569813364,0.00114108929391009,0.822117633204452,0.653188813094819,0.212670164993016
138.59,0,309.433072386589,0,0.821326043072779,0.654863402139408,0.214038226458358
138.6,0,309.59701626755,0,0.821291668216513,0.655567002899522,0.215327293009785
138.61,0,309.764421766409,0,0.820152918553318,0.654239560718245,0.215802309460855
138.62,0,309.935308311194,0,0.822020598698637,0.656041295994495,0.217833626623926
138.63,0,310.10969443438,0.00104232725507413,0.825196697933948,0.65498343252663,0.21655804950563
138.64,0,310.287597759906,0.0016554584288571,0.823464699558227,0.655369942368348,0.212830384083831
138.65,0,310.469034990647,0.0013145820006384,0.821702578570278,0.655284237456999,0.213871198457862
138.66,0,310.654021896376,0.00199274944602723,0.822371382147017,0.652428383318226,0.215319141674255
138.67,0,310.842573302173,0.000767326898866254,0.82403148356448,0.656605619241156,0.212673036375025
138.68,0,311.034703077335,0.000145049764440119,0.822652126271988,0.653363918084603,0.212620159234589
138.69,0,311.230424124769,0.00221807003987256,0.823430246063105,0.654117918535299,0.213234567408234
138.7,0,311.429748370884,0.000456781376896227,0.822573548081734,0.652934863355648,0.214249317853073
138.71,0,311.632686755981,0.00144917374225226,0.825943885664059,0.654363327827329,0.216757032911556
138.72,0,311.83924922516,0,0.823944727414246,0.654415353856295,0.216020105626205
138.73,0,312.049444719742,0,0.827268807954757,0.653073465622761,0.214660695444675
138.74,0,312.263281169195,0,0.823623278657227,0.652685122752131,0.216574322345993
138.75,0,312.480765483612,0.00081478929123891,0.825665375381496,0.653366874222117,0.214574405675471
138.76,0,312.701903546694,0.000214158059810793,0.829069926703764,0.655777016259545,0.216873524210683
138.77,0,312.926700209283,0.000218156180063112,0.825963913368736,0.65636247837125,0.218146375717833
138.78,0,313.155159283422,0.00105812276801509,0.826459450299792,0.654999831833031,0.215974328857245
138.79,0,313.387283536961,0,0.827573765765167,0.654742373462416,0.214197676268035
138.8,0,313.623074688702,0.00242491765512136,0.825562796146533,0.657341852160862,0.214999816182267
138.81,0,313.862533404096,0,0.829835767782101,0.655800223623353,0.215466509584363
138.82,0,314.105659291475,0,0.828309752700844,0.657540019189574,0.216905567941702
138.83,0,314.352450898847,0,0.827157328788487,0.655658137559277,0.217440362039813
138.84,0,314.602905711222,0.000409072839092452,0.829236048704084,0.653939900466812,0.211676340838527
138.85,0,314.857020148511,0,0.82971931552325,0.657514644207549,0.214707385822239
138.86,0,315.114789563954,0.00175404505053204,0.830078356691734,0.653772790264373,0.213974023599217
138.87,0,315.376208243103,0.00226425744332979,0.830046179068269,0.655050044641361,0.214626433439992
138.88,0,315.641269403361,0,0.828469123617218,0.656000917443592,0.213575751550029
138.89,0,315.909965194058,5.26369727993038e-06,0.831603078123888,0.656385610515004,0.216482060843959
138.9,0,316.182286697079,0,0.829790075756749,0.654571469981088,0.216090536886399
138.91,0,316.458223928028,0.000435390318580485,0.831461074958488,0.657977722256106,0.215575121527686
138.92,0,316.737765837943,0,0.832012071072095,0.657123742680815,0.216176876686176
138.93,0,317.020900315533,0.00221296256748374,0.834527917966165,0.657045651017666,0.217024642802867
138.94,0,317.307614189965,0.000574183477858221,0.830448378402206,0.655160812316432,0.217749922579483
138.95,0,317.597893234172,0.00323493808953115,0.834053213955192,0.661542798868068,0.216412489286983
138.96,0,317.891722168681,0.000237928660814423,0.832878145485971,0.655130804711702,0.216048777970433
138.97,0,318.189084665981,0.00312750662658995,0.832613145650389,0.654863454475321,0.213197938953155
138.98,0,318.489963355382,0,0.834783552963616,0.654427827837102,0.214764299966064
138.99,0,318.794339828409,0,0.835224023600777,0.658634644285784,0.213451467059278
139,0,319.102194644676,0.000960530594178456,0.832212274414323,0.655390992474545,0.215539826174011
139.01,0,319.413507338284,0,0.836836436377622,0.653017027689176,0.212959894866274
139.02,0,319.728256424687,0.00157674715287126,0.834725029492863,0.658073445762674,0.216116647617674
139.03,0,320.04641940806,6.19434235162644e-05,0.834988236836817,0.656919834372073,0.218546431501715
139.04,0,320.367972789136,0.000371164723330104,0.838555033424756,0.657367652028445,0.213892335340883
139.05,0,320.692892073519,0.00095528730438857,0.838570216387715,0.655077084272481,0.215804857935454
139.06,0,321.021151780448,0,0.837520602425467,0.655143554653417,0.218064626887134
139.07,0,321.352725452036,0,0.834772931154548,0.656609036457058,0.215118421416336
139.08,0,321.687585662933,0.000172214509790512,0.838094899596884,0.658323614101454,0.214514283407572
139.09,0,322.025704030434,0.000916482601490634,0.837571839562145,0.656787381934873,0.21492601467539
139.1,0,322.367051225027,0,0.835700901545542,0.655877408696572,0.216332073486526
139.11,0,322.711596981338,0.000354440448781395,0.837916303980295,0.657085784390347,0.214568597261361
139.12,0,323.059310109508,0,0.841609903064266,0.656036528600523,0.213872032297195
139.13,0,323.410158506952,0,0.838270056297233,0.654305563054437,0.214260650388453
139.14,0,323.76410917052,0,0.839946875044537,0.654860379599951,0.215968434050253
139.15,0,324.12112820903,0,0.838331762711296,0.656663947225133,0.213906025539302
139.16,0,324.481180856182,0.000839408822591201,0.841319526790051,0.654338922488661,0.214864270435012
139.17,0,324.844231483818,0,0.840264336140385,0.657276558043754,0.216293500019682
139.18,0,325.210243615541,0,0.842212928685387,0.654212249591059,0.215501315267977
139.19,0,325.579179940669,0,0.842981964843784,0.655274195344259,0.213442749367251
139.2,0,325.951002328517,0.000377322607618264,0.842218196052722,0.657488990197328,0.215442115715646
139.21,0,326.325671842993,0,0.843005874098927,0.656459076562078,0.216014752844875
139.22,0,326.703148757509,0,0.842690337586135,0.657228511170879,0.214562525340174
139.23,0,327.083392570176,0,0.841971387886147,0.657330227513356,0.21362753219177
139.24,0,327.466362019286,0,0.84455482092917,0.656642167887256,0.215381581392458
139.25,0,327.852015099068,0,0.843448313564776,0.655785753693814,0.213761741936444
139.26,0,328.240309075709,0,0.844518204917998,0.655522264423715,0.214257285049523
139.27,0,328.631200503616,0.000584429646619985,0.842564507394942,0.657517915686146,0.213482347236164
139.28,0,329.024645241919,0.000364097903094824,0.843150773014739,0.655910476248559,0.214453533249922
139.29,0,329.42059847121,0.000163032100637367,0.843998795934263,0.654819584987844,0.214333043441732
139.3,0,329.819014710488,0.000102304255712996,0.845920135692989,0.657605358615402,0.218693912589653
139.31,0,330.219847834305,0.00033031591035931,0.847725302193776,0.657359089574426,0.213416628541891
139.32,0,330.623051090127,0,0.848312385026337,0.655567658146284,0.212241094768639
139.33,0,331.028577115847,0,0.845482958238335,0.65557335902676,0.215337504215625
139.34,0,331.436377957495,0.00210650095223507,0.846244154113414,0.650641798433307,0.212724225019362
139.35,0,331.846405087088,0,0.84767253439909,0.654663735692641,0.212568073982864
139.36,0,332.25860942065,0,0.844794633449557,0.655653567705912,0.217082555150008
139.37,0,332.672941336342,0,0.847442773708695,0.655531874864918,0.212521849360186
139.38,0,333.089350692747,0.00167271221951961,0.850116200180465,0.653664088757669,0.214799809529128
139.39,0,333.507786847252,0.00190472106774362,0.848931715035433,0.654270186012609,0.217670219219767
139.4,0,333.928198674542,0,0.850006274803909,0.655574786399285,0.215155605910494
139.41,0,334.350534585188,0.000105833489350124,0.849390548183151,0.652100660424822,0.215735643753821
139.42,0,334.774742544324,0.00155222335562951,0.850399895006032,0.650556519170778,0.216299441078872
139.43,0,335.200770090382,0,0.850259708937642,0.656589537848312,0.215907003995698
139.44,0,335.628564353913,7.97598290075432e-05,0.852510054882704,0.652910209684045,0.214533019676155
139.45,0,336.058072076446,0,0.850527820512376,0.654419888487763,0.216493804661595
139.46,0,336.489239629388,0.000810626543311185,0.850254643726665,0.651481605349626,0.215101939661295
139.47,0,336.922013032974,0.000874467125760848,0.852146687408015,0.654445025707689,0.215756550370836
139.48,0,337.356337975225,0.000174253322719746,0.85434224954763,0.653955430748034,0.21665402926639
139.49,0,337.79215983093,0,0.854323297801363,0.653465218696821,0.216136900469161
139.5,0,338.229423680623,0,0.850942507440667,0.653537533400197,0.214715779414698
139.51,0,338.668074329572,0.000906621693938133,0.85016709312043,0.653148410079752,0.214588106741125
139.52,0,339.108056326742,0.00251840173219947,0.854489396268187,0.654404385690873,0.215082870449308
139.53,0,339.549313983736,0,0.854403666087596,0.655071523213112,0.212035039437344
139.54,0,339.991791393716,0,0.854741524798623,0.652714296130345,0.215544873079648
139.55,0,340.435432450277,0,0.85690026614786,0.653249245271228,0.217013031224242
139.56,0,340.880180866271,0,0.85591976753645,0.652583481720142,0.213069263446674
139.57,0,341.32598019259,0.000526613445148767,0.855734077395041,0.651917859936965,0.214139279609054
139.58,0,341.772773836871,0,0.857490349449437,0.652486611529942,0.21425536576839
139.59,0,342.22050508213,0,0.856388569141752,0.655458172588586,0.213759045039634
139.6,0,342.669117105339,0,0.857678114459453,0.651247705834599,0.214984671585847
139.61,0,343.118552995889,0,0.858845408037179,0.651461433388076,0.217154155006421
139.62,0,343.568755773976,0,0.861152992363055,0.653951979440714,0.213856617650722
139.63,0,344.019668408888,0,0.86049670673052,0.652353468414336,0.215061059696124
139.64,0,344.471233837187,0.000630411288576319,0.861085708857123,0.653130979352488,0.213974962494125
139.65,0,344.923394980758,0,0.860202412746445,0.654168877891399,0.216949630114944
139.66,0,345.376094764774,0,0.861884633459371,0.652849528673385,0.215522354387036
139.67,0,345.829276135503,0,0.862583713648512,0.649632209212505,0.213907065202157
139.68,0,346.282882077999,0,0.860806923288216,0.650963392967867,0.215448740291927
139.69,0,346.736855633663,0,0.864128193177556,0.653305928931033,0.213619846313867
139.7,0,347.19113991764,0,0.863845511646295,0.649326811286752,0.21559623192593
139.71,0,347.645678136088,0.000105234714498257,0.861304931777491,0.649354351463423,0.216869737091876
139.72,0,348.100413603284,0.000231868783374759,0.861900153972496,0.648101509939244,0.213579995012573
139.73,0,348.555289758577,0,0.865733011835417,0.651132840723359,0.214294757803068
139.74,0,349.01025018317,0,0.862904186880681,0.65086631201403,0.217408141247498
139.75,0,349.46523861674,0,0.863115392585775,0.652696649948487,0.213444422624081
139.76,0,349.920198973891,0.00187485764889637,0.867671663993793,0.649778034793511,0.212573213665841
139.77,0,350.37507536042,0.0018907266381726,0.865043179187076,0.64933152498119,0.215578369158179
139.78,0,350.829812089401,0,0.86878943856703,0.649703461728959,0.212843485944276
139.79,0,351.284353697106,0,0.865307099648518,0.651924573641598,0.215116939229127
139.8,0,351.738644958709,0,0.864153034696435,0.647510377792222,0.211707015007622
139.81,0,352.19263090381,0.00268230948301889,0.863748300982147,0.6500497877808,0.214268690143455
139.82,0,352.646256831778,0,0.866508521696341,0.649921944526581,0.214861714009193
139.83,0,353.099468326867,0,0.868056313656223,0.650177022135993,0.213053053958364
139.84,0,353.552211273154,0.000871605042186069,0.864454826110666,0.648788324291957,0.213709974242798
139.85,0,354.004431869257,0,0.870323312609201,0.649806483459307,0.216843815162939
139.86,0,354.456076642859,0.00137069964509375,0.869399407708562,0.64539398965386,0.213774663317771
139.87,0,354.907092464999,0,0.872804724132312,0.650042004075201,0.217302185473904
139.88,0,355.357426564183,0.000634924795775029,0.869989881190333,0.649657211596178,0.215855037159823
139.89,0,355.807026540247,0.00112253680645516,0.869157509924881,0.647252760584836,0.215046342893141
139.9,0,356.255840378019,0.000140488546102464,0.871897379316995,0.648768794147672,0.214557515957469
139.91,0,356.70381646076,0.000882044751907414,0.871164348014899,0.648175143435625,0.215485230695935
139.92,0,357.15090358338,0,0.871866807551573,0.648111427402257,0.213861773362
139.93,0,357.59705096543,0.0022334322634372,0.872083109235106,0.648838032346515,0.216066300905105
139.94,0,358.042208263866,0,0.872224321784682,0.645259953717097,0.215841841646567
139.95,0,358.486325585599,0,0.8734823315899,0.649770401308894,0.215532540964767
139.96,0,358.929353499786,0,0.873687097335758,0.652591413212442,0.213252144076586
139.97,0,359.371243049931,0,0.875221175652054,0.65117734332608,0.215643995035405
139.98,0,359.811945765717,0,0.873323253062889,0.647321822487879,0.214731628511352
139.99,0,360.25141367463,0,0.876142415432948,0.647156775372059,0.214074877565557
140,0.2,360.689599313329,0,0.875047486817668,0.648713441093388,0.215474565097615
140.01,0.2,361.126455738801,0.00113845378497963,0.876238071839835,0.646587061924428,0.216017731975501
140.02,0.2,361.561936539266,0,0.875048367985194,0.647190893621688,0.2160650004355
140.03,0.2,361.995995844839,0.000485315635616692,0.875914585369981,0.64533589976168,0.212223529795451
140.04,0.2,362.42858833798,0.00139762023879762,0.874113286282579,0.647892235356958,0.212750081669027
140.05,0.2,362.85966926367,0,0.880487178975535,0.646714041719011,0.213332092313908
140.06,0.2,363.289194439376,0.00010888264120586,0.875815454260608,0.647148729748267,0.214498337211527
140.07,0.2,363.717120264764,0,0.875303425983936,0.646467049132041,0.215290059359235
140.08,0.2,364.143403731171,0,0.880795832169958,0.647348334659381,0.213399478637158
140.09,0.2,364.568002430835,0.00133373625810208,0.876989755699513,0.645527943499778,0.21387461839548
140.1,0.2,364.990874565894,0,0.878562524922582,0.646413140683946,0.214567918638263
140.11,0.2,365.411978957129,0.000826857221280483,0.880839348207591,0.645752133864831,0.215106572091893
140.12,0.2,365.831275052477,0,0.878394301787739,0.64759365201161,0.212954663568623
140.13,0.2,366.248722935291,0,0.879767952833875,0.645097780004058,0.212781113582531
140.14,0.2,366.664283332373,0,0.880194320976031,0.646598626612665,0.214546601360036
140.15,0.2,367.077917621746,0.00337034402867162,0.879627496472517,0.647141024346561,0.214814532723748
140.16,0.2,367.489587840202,0.000940202256559569,0.883126770287068,0.644947129956008,0.21466856534183
140.17,0.2,367.899256690594,0.00069934424113394,0.880948920626065,0.64646360745778,0.212041466100178
140.18,0.2,368.306887548892,0.000143854741025301,0.883250522237017,0.646973752446548,0.217146687419337
140.19,0.2,368.712444471002,0,0.882922120447929,0.644349577462088,0.215837783839843
140.2,0.2,369.11589219933,0.000505011593985003,0.884054268275027,0.647049452292156,0.216519531466722
140.21,0.2,369.517196169118,0,0.884549540247222,0.647282308532716,0.215417249167182
140.22,0.2,369.916322514531,0.000527158119634097,0.88613550264095,0.646562708984036,0.215261598433562
140.23,0.2,370.313238074506,0.000549037219232426,0.882836477632167,0.645041561876303,0.215699137830102
140.24,0.2,370.707910398362,0,0.88690124482296,0.64469442760958,0.215850189340229
140.25,0.2,371.100307751158,0.000331224097605694,0.883525556255319,0.643993645970925,0.215024156624106
140.26,0.2,371.490399118833,0.000651530579619759,0.886132216855735,0.643875679298075,0.214698303435538
140.27,0.2,371.878154213088,0.000537228998467943,0.889680708366933,0.643488044178357,0.21646841412788
140.28,0.2,372.263543476032,0,0.887107030699095,0.645007233258098,0.214583209732406
140.29,0.2,372.646538084597,0,0.886931114602563,0.644135469577559,0.218079946720046
140.3,0.2,373.027109954715,0.000621616694176984,0.890457719871546,0.644836855166792,0.214602364344697
140.31,0.2,373.405231745238,0,0.88798953263825,0.646946729803752,0.217711158744944
140.32,0.2,373.780876861657,0.0026711150739556,0.887940694192184,0.643170177546004,0.215301171552074
140.33,0.2,374.154019459544,0,0.891671352969845,0.641360545204655,0.212482749085871
140.34,0.2,374.524634447794,0,0.889229550123106,0.645956390748878,0.214881490313108
140.35,0.2,374.892697491605,0.00084594796098428,0.888846864679957,0.646891318922832,0.214786491414443
140.36,0.2,375.258185015244,0.000369259758458834,0.891225687238639,0.643203379480634,0.216514305731195
140.37,0.2,375.62107420456,0,0.888208865676053,0.643601443743148,0.214823993979525
140.38,0.2,375.981343009282,0.00255940404505892,0.891722524101567,0.647781442322221,0.213115084771866
140.39,0.2,376.338970145075,4.87587998368618e-05,0.887553075336706,0.644549262850446,0.213494510439616
140.4,0.2,376.693935095358,0.00146893812083343,0.89265114285421,0.642455812838801,0.212318104853523
140.41,0.2,377.046218112911,0,0.891806580123254,0.644334408735827,0.213822288103895
140.42,0.2,377.395800221229,0,0.892131202277943,0.643946252357401,0.214605889311117
140.43,0.2,377.74266321566,0,0.893600569357075,0.644173742956171,0.216114378231798
140.44,0.2,378.086789664312,0,0.894477414499023,0.642895878476004,0.214596841841123
140.45,0.2,378.428162908734,0,0.89328023876521,0.645677985945144,0.215140512282357
140.46,0.2,378.766767064356,0,0.895766442942517,0.641896243322309,0.216153167788648
140.47,0.2,379.102587020727,0,0.895330391542016,0.642481723642766,0.21379661237324
140.48,0.2,379.435608441507,0.000721233855617037,0.897262939499137,0.645069866664318,0.212279063621943
140.49,0.2,379.76581776424,0.000108707427144477,0.895153143808532,0.641598475661695,0.21499586227336
140.5,0.2,380.093202199907,0.000516656588525552,0.897603851361887,0.643030804986322,0.212813201123114
140.51,0.2,380.417749732253,0.00164618791655175,0.896150521286813,0.642671552040892,0.214002868085249
140.52,0.2,380.739449116893,0.00125337823187667,0.897529597959193,0.64472649720002,0.214661962930459
140.53,0.2,381.058289880193,0,0.896803154080709,0.644654598168963,0.216895038753602
140.54,0.2,381.374262317939,0.00249746282949206,0.897695722043347,0.644451324831665,0.214306840996256
140.55,0.2,381.687357493777,0.000951697963573009,0.898814153825816,0.6423981234711,0.21538951935997
140.56,0.2,381.997567237439,0,0.899925835513931,0.64456787913447,0.214543430236186
140.57,0.2,382.304884142756,0,0.901676065758712,0.644158815782003,0.214828427293511
140.58,0.2,382.609301565445,0.000693960439028431,0.90136148206691,0.641524764938256,0.216109462433345
140.59,0.2,382.910813620686,0,0.90060310439199,0.643065124390951,0.214863380188547
140.6,0.2,383.209415180488,0.000557164550671995,0.898525149184501,0.64174348277011,0.214701273051092
140.61,0.2,383.505101870834,0,0.899957767544732,0.64060903628988,0.213317366595667
140.62,0.2,383.797870068614,0,0.902025250303902,0.641968272971044,0.215388780566607
140.63,0.2,384.087716898359,0.00200845658161848,0.902569600538184,0.642103920721546,0.217431771875345
140.64,0.2,384.374640228744,0.000892476379759385,0.902849156549542,0.645082552767899,0.213850495866397
140.65,0.2,384.658638668899,0.00240867139397668,0.901427135062586,0.642859250384691,0.215095335793384
140.66,0.2,384.939711564506,0.00229815524337739,0.902993028009033,0.64378543394959,0.213209068222619
140.67,0.2,385.217858993687,0,0.904358640939009,0.644125908137442,0.218102663758832
140.68,0.2,385.493081762687,0.00145233269560297,0.905319882285663,0.643826408452825,0.214167175157367
140.69,0.2,385.765381401355,0,0.900536522222581,0.645556492993793,0.21357675274729
140.7,0.2,386.03476015842,0.000691776846120945,0.905085948214548,0.645754490839531,0.214761014813586
140.71,0.2,386.301220996563,0.00169737903204532,0.905718657232837,0.642698321528047,0.215150737955076
140.72,0.2,386.564767587291,0.000394634131565585,0.904651254357671,0.643764304249889,0.216395091785612
140.73,0.2,386.825404305607,0,0.903720094034821,0.645471040953417,0.215365049780162
140.74,0.2,387.083136224492,0,0.906062174345516,0.641881693471594,0.212998029679494
140.75,0.2,387.33796910917,0.000880453871516203,0.904864292839076,0.64183554542705,0.216545270229566
140.76,0.2,387.589909411203,0,0.907953665415097,0.645640362916857,0.216627205970674
140.77,0.2,387.83896426237,1.33404866390353e-05,0.905149999755784,0.643797848157326,0.215264345585373
140.78,0.2,388.085141468363,0,0.906126453805873,0.645091773420619,0.214488312681645
140.79,0.2,388.328449502294,0,0.907706587808432,0.643689956178155,0.213008239624629
140.8,0.2,388.568897498006,0.000710810284661057,0.90547027183993,0.64486382258995,0.21475478208883
140.81,0.2,388.806495243195,0,0.912645609838144,0.642113450950545,0.214760710319906
140.82,0.2,389.041253172356,0,0.908143579659753,0.644324607240386,0.216171700554917
140.83,0.2,389.273182359529,0.00308491987261219,0.909755375724539,0.644540219430476,0.214697093363985
140.84,0.2,389.502294510871,0.000436993387784865,0.905720734784697,0.644966260074803,0.213110712505673
140.85,0.2,389.728601957046,0.000297463702473389,0.911040054135227,0.644311355092148,0.215965385069489
140.86,0.2,389.95211764543,0.000462164468272718,0.912162894513053,0.645349235831908,0.21442531209577
140.87,0.2,390.172855132141,0.00132128498897604,0.910849028350426,0.643596581452631,0.211727725211278
140.88,0.2,390.390828573891,0,0.911770339993205,0.644137984705218,0.214730817802392
140.89,0.2,390.606052719671,0.0018853768326383,0.911177099756075,0.645335528819062,0.213528512602311
140.9,0.2,390.818542902241,0,0.913443138007847,0.644413249158663,0.215619311189416
140.91,0.2,391.028315029484,0.00185711553938444,0.91180784826315,0.646162708120257,0.216409002726294
140.92,0.2,391.235385575555,0,0.91282552575939,0.648363047416136,0.215361715583901
140.93,0.2,391.43977157189,0,0.912256590411104,0.645769475043328,0.2169462762724
140.94,0.2,391.641490598036,7.04168588824327e-05,0.910200289752892,0.642809180614262,0.215784327837637
140.95,0.2,391.840560772324,0.00244209737731563,0.914627237609173,0.644326605520004,0.213406139416304
140.96,0.2,392.037000742378,0,0.912290091061322,0.645245948378754,0.216020328499171
140.97,0.2,392.23082967547,0,0.915457272485175,0.645947397345003,0.213891999042522
140.98,0.2,392.422067248718,0.00012247068284019,0.913727821761806,0.644728673122468,0.214866925305725
140.99,0.2,392.610733639126,9.45386460741655e-05,0.913546408815871,0.646714744118769,0.213538427357106
141,0.2,392.796849513482,0,0.915755154788033,0.645976702187121,0.213820468470161
141.01,0.2,392.980436018095,0.00071268149242093,0.916177714451044,0.644697180600813,0.213616780021737
141.02,0.2,393.161514768399,0.000467177628423496,0.918289749516104,0.646842689212104,0.215483978362397
141.03,0.2,393.340107838401,0.00087037185174001,0.914853879023918,0.643603353504886,0.21392954293623
141.04,0.2,393.516237750002,0,0.918160477671581,0.646593578621328,0.217498130772099
141.05,0.2,393.689927462166,0.000791750696401139,0.915579661265598,0.64734713751557,0.214256164025757
141.06,0.2,393.86120035996,0,0.916354806581998,0.646034025356092,0.217157607872086
141.07,0.2,394.030080243463,0,0.919912955873068,0.647496912093295,0.213530220043886
141.08,0.2,394.196591316544,0.00267729510548135,0.91831731725209,0.646595744799901,0.214814544963405
141.09,0.2,394.360758175508,0,0.920656691539829,0.647129197992874,0.214915612224866
141.1,0.2,394.522605797626,0.00169607306781042,0.921557733874445,0.645841202506724,0.214192966491154
141.11,0.2,394.682159529541,0,0.921299029551704,0.644761884711278,0.216568363263649
141.12,0.2,394.839445075552,0,0.919895712930284,0.647080968888889,0.217644924804277
141.13,0.2,394.994488485793,0.0015556898393978,0.923493503547657,0.646929246967946,0.213262211067077
141.14,0.2,395.147316144292,0.00130623213229781,0.921838204962208,0.647200681149532,0.218441553128803
141.15,0.2,395.297954756924,0,0.921445283776782,0.646482695287685,0.215703349855803
141.16,0.2,395.446431339266,0,0.920230236649142,0.645736810733569,0.214178261105266
141.17,0.2,395.592773204343,0,0.919448379233988,0.645931928828378,0.21505589324964
141.18,0.2,395.737007950278,0,0.924166162782547,0.647718421361385,0.216133707570725
141.19,0.2,395.879163447852,0.00189990487183293,0.922580632830869,0.646735543666155,0.215632024482854
141.2,0.2,396.019267827972,0.000879614548060098,0.922149681507137,0.646458988140915,0.215009511016237
141.21,0.2,396.157349469047,0,0.921133404781526,0.645665603710111,0.215441901754778
141.22,0.2,396.293436984294,0,0.921831699760152,0.64986600249116,0.215070290784355
141.23,0.2,396.427559208949,0,0.924757228521826,0.648918144924424,0.214554008926284
141.24,0.2,396.559745187415,0.000791009897510784,0.922574882830519,0.647597727132941,0.215731915363213
141.25,0.2,396.690024160333,0.00116805491735095,0.924955042736454,0.648202187078675,0.214318117175007
141.26,0.2,396.818425551594,0.00267748287381446,0.921361547313106,0.647876383048706,0.216124100771566
141.27,0.2,396.944978955271,0.000476065598045788,0.925014428946248,0.650138061412424,0.216433867180064
141.28,0.2,397.069714122516,0.0015845446475585,0.922680726282291,0.649173913335156,0.214364949549998
141.29,0.2,397.192660948378,0,0.923944018635572,0.648606462372818,0.215685476262676
141.3,0.2,397.313849458591,0.00126515880457292,0.926809054968639,0.64931134437294,0.213573821557161
141.31,0.2,397.433309796304,0.000419696373124963,0.925081371851235,0.648114870473325,0.213080210063333
141.32,0.2,397.551072208776,0.0018466222470185,0.924291822047332,0.650062281269866,0.212840892567843
141.33,0.2,397.667167034027,0.00016190040903879,0.92514217534541,0.654123988683949,0.216406177506268
141.34,0.2,397.781624687463,0.00103531429509267,0.925908870955191,0.650516525865793,0.213984843171818
141.35,0.2,397.894475648474,0,0.925135047998613,0.649155759294802,0.213124717188625
141.36,0.2,398.005750447001,0.00059172690078618,0.9260438735584,0.648850354178687,0.213609935483679
141.37,0.2,398.115479650091,0.000401144072826084,0.927417543209138,0.648423447640033,0.214391537362464
141.38,0.2,398.223693848436,0,0.927936725157436,0.649267702817033,0.215767222648303
141.39,0.2,398.330423642905,0,0.927176497039227,0.651347275632958,0.215488007720045
141.4,0.2,398.435699631068,0,0.928287859408784,0.648820794117293,0.215568728575597
141.41,0.2,398.539552393725,0.00118005788006421,0.927500068793068,0.652011062787448,0.214767496653309
141.42,0.2,398.642012481436,0.00144677851078919,0.929970931358345,0.651224485021908,0.216800299895525
141.43,0.2,398.743110401067,0.00124942711894803,0.928085630829072,0.651969364249134,0.215783566218471
141.44,0.2,398.842876602345,0.000515986827382466,0.928356684176785,0.649131944899962,0.216512759796429
141.45,0.2,398.941341464443,0,0.929915966255225,0.652874579170367,0.215962284894089
141.46,0.2,399.03853528258,0.0011209115077894,0.929841333294938,0.65135839509133,0.21690084395084
141.47,0.2,399.134488254662,0.000548176683821694,0.930300785258447,0.649767077181039,0.214622929993736
141.48,0.2,399.22923046795,0.00200502662223348,0.928951846466562,0.651940611776525,0.215658050084185
141.49,0.2,399.322791885778,0,0.928285560540721,0.652101245374593,0.21580966780403
141.5,0.2,399.41520233431,0,0.930462677634015,0.651416772111622,0.216939560409306
141.51,0.2,399.506491489355,7.7324767167128e-05,0.931639967792259,0.651824692818174,0.21604938598992
141.52,0.2,399.596688863234,0,0.931642381235493,0.648187642015936,0.215932877240317
141.53,0.2,399.685823791712,0.00122138286217476,0.930579519847482,0.647636104712209,0.215700925451517
141.54,0.2,399.773925420998,0.00276146207684489,0.93239432664671,0.651456217252135,0.214264977817228
141.55,0.2,399.861022694818,0.000468598918939842,0.931793261520591,0.655328194856193,0.212788034699837
141.56,0.2,399.947144341564,0.000350910005515071,0.93271806388012,0.654568538045004,0.215352769184082
141.57,0.2,400.032318861529,0.000404880481575163,0.931737170229354,0.654077243965533,0.214062557892868
141.58,0.2,400.116574514228,0.000393549101086302,0.933081208691636,0.651379059866847,0.214049422784796
141.59,0.2,400.199939305821,0,0.931992779159427,0.650474716830065,0.215630181628045
141.6,0.2,400.282440976626,0.00139772366786296,0.932885975269558,0.652160272073791,0.215791743186863
141.61,0.2,400.364106988742,0,0.934201169421208,0.65378054526328,0.215548571170175
141.62,0.2,400.444964513784,0,0.931293146161325,0.655011330403843,0.212855180621717
141.63,0.2,400.525040420728,0,0.934809292875982,0.651908547050881,0.215147273509133
141.64,0.2,400.604361263886,0.000172458369214794,0.932875009553474,0.650655556644482,0.216703002060023
141.65,0.2,400.682953270995,0.000988706159822867,0.93292891939191,0.654575773564927,0.215808034991853
141.66,0.2,400.760842331452,0,0.932669554732435,0.653779795761365,0.216104353946733
141.67,0.2,400.838053984674,0.000155604610304005,0.934426755049529,0.65438482022771,0.218344223401486
141.68,0.2,400.914613408602,0.00244097808332779,0.933919223140273,0.652856871421615,0.212558664615327
141.69,0.2,400.990545408362,0.000287642367005888,0.93182115808304,0.654102220820749,0.215749139447277
141.7,0.2,401.065874405067,0.00138740212658726,0.933976262379404,0.652944008319503,0.214897261608484
141.71,0.2,401.140624424777,0.000391591700091995,0.935236258435188,0.655599591766228,0.215638655781773
141.72,0.2,401.214819087633,0.000940024617047292,0.936859360449665,0.65558090862981,0.212340949088541
141.73,0.2,401.288481597144,0.00146694933568505,0.935737139654698,0.655525400396593,0.21506979096232
141.74,0.2,401.361634729656,0.00120894414707499,0.934331682131777,0.653664588080403,0.214708566052513
141.75,0.2,401.434300823996,0,0.936868540333139,0.656442909516495,0.215888421784131
141.76,0.2,401.506501771298,0,0.937405301256714,0.656520314102334,0.218467125304773
141.77,0.2,401.578259005013,0.00200789472808078,0.93780942326515,0.653479074989205,0.212170403307221
141.78,0.2,401.649593491117,0.00262005543258278,0.935789622261438,0.655651932848525,0.216328301404392
141.79,0.2,401.720525718512,0.00165179260817163,0.937389393264673,0.655763666007141,0.216574926716576
141.8,0.2,401.791075689627,1.53109829726462e-05,0.936467857373274,0.655977775164726,0.217759858193126
141.81,0.2,401.861262911224,0,0.937145763346704,0.657648372821448,0.214119669781702
141.82,0.2,401.93110638542,0,0.935989932591031,0.65375403894628,0.214998187915213
141.83,0.2,402.000624600914,0.000626283494710182,0.938325961114129,0.652914419940869,0.216386243690014
141.84,0.2,402.069835524442,0,0.937806722788276,0.654447861983264,0.215543987411304
141.85,0.2,402.138756592444,0.00132507548048855,0.93933758504289,0.653716214909646,0.216458174841255
141.86,0.2,402.207404702971,0.00215280258088796,0.938317504412988,0.654613319934294,0.213100375719105
141.87,0.2,402.275796207808,0.00141666909622257,0.937289771102465,0.657016068566771,0.214423450569366
141.88,0.2,402.343946904843,0,0.938044876528222,0.653845592046267,0.216650586583148
141.89,0.2,402.41187203067,0.000873934096148725,0.939433162687158,0.654623774460162,0.213775659760826
141.9,0.2,402.47958625343,0.00235536708102696,0.936683147206752,0.656017483528591,0.214421726909489
141.91,0.2,402.547103665905,0.00111424665603852,0.939346172438692,0.655384143062837,0.217852433398899
141.92,0.2,402.614437778859,0,0.939669011485831,0.657708622996381,0.214460448096569
141.93,0.2,402.68160151462,0,0.93747473160929,0.658446619314374,0.215512902524312
141.94,0.2,402.748607200939,0,0.940225158765904,0.656316040891137,0.212387109771006
141.95,0.2,402.815466565083,0,0.939627982180214,0.65863003199174,0.214649874671855
141.96,0.2,402.882190728211,0,0.939843883315576,0.656220065181283,0.213323401524469
141.97,0.2,402.948790199995,0.00117759171624962,0.937136896050826,0.655984503304097,0.217078252783852
141.98,0.2,403.015274873527,0,0.939825960365954,0.656512927134312,0.217071693126122
141.99,0.2,403.081654020474,0.000720747394959717,0.938887948862212,0.65549373630672,0.213827614280181
142,0.2,403.147936286526,0.00214991360799379,0.940210308656333,0.659034414874624,0.213425532392318
142.01,0.2,403.2141296871,0,0.939740839037721,0.656328342746108,0.217273592394582
142.02,0.2,403.280241603333,0,0.941847994344435,0.656061030962204,0.214488373885315
142.03,0.2,403.346278778344,0.00124112797987724,0.941794879231714,0.656845172984919,0.214741289472973
142.04,0.2,403.412247313783,0,0.941035286598133,0.656187901772291,0.215429582682079
142.05,0.2,403.478152666655,0.000958347522070523,0.940012748357041,0.65601153431028,0.217382109109494
142.06,0.2,403.543999646433,0.000442581460072156,0.939336825520996,0.656393953871336,0.215648314361823
142.07,0.2,403.60979241245,0,0.942712917918183,0.654797643101691,0.2165685926516
142.08,0.2,403.675534471582,0,0.94063206811569,0.653993507752459,0.214454981308701
142.09,0.2,403.741228676213,0.000547141634987399,0.940032971738517,0.65531925584825,0.215927376272074
142.1,0.2,403.806877222492,0,0.942651575992287,0.655625198164673,0.215827442884219
142.11,0.2,403.872481648873,0.00100547951485179,0.940964941600839,0.656451513370162,0.214469220305607
142.12,0.2,403.938042834953,0.000320094220684687,0.941330463993053,0.658110344364925,0.215956682417468
142.13,0.2,404.003561000589,0,0.940129772985467,0.65828338208,0.214818282863903
142.14,0.2,404.069035705315,0.00161699677356719,0.941216008821794,0.655600694116126,0.214660104527792
142.15,0.2,404.134465848037,0.000532167501702893,0.941890153571459,0.657556163846,0.215030232917533
142.16,0.2,404.199849667035,0.00022738346647965,0.943350792514713,0.656312171153908,0.215939480875764
142.17,0.2,404.26518474024,0.00145658771774205,0.943413314869132,0.657886035065838,0.214030330777465
142.18,0.2,404.330467985806,0.00177880217915927,0.943462826624192,0.656495041757892,0.216236267709912
142.19,0.2,404.395695662972,0.00192441537704763,0.94336716500062,0.656735581998908,0.211642515506792
142.2,0.2,404.460863373217,0.00179017657227475,0.941005493440425,0.654012434740734,0.214080994737298
142.21,0.2,404.525966061689,0.00200895888227838,0.939744247932693,0.65805498799263,0.215944767550688
142.22,0.2,404.590998018941,0.00447498038330032,0.941557933052207,0.656771709009439,0.216309331473696
142.23,0.2,404.655952882932,0,0.941713249894821,0.654979971896829,0.215137603502031
142.24,0.2,404.72082364133,0,0.94522234954989,0.657477952685005,0.215099534960635
142.25,0.2,404.785602634091,0,0.941901852935654,0.655929090255096,0.214066182726029
142.26,0.2,404.850281556316,0.00103958230309752,0.946106536475855,0.657273481725779,0.21657449291793
142.27,0.2,404.914851461396,0,0.94375322103546,0.656410502385309,0.212603665179368
142.28,0.2,404.979302764433,0,0.9457011433353,0.658743189690856,0.213532331122384
142.29,0.2,405.043625245934,0.000731753405056513,0.94197767526302,0.656791806731523,0.213947734101297
142.3,0.2,405.107808055784,0,0.943678906718181,0.655129747433064,0.215098119838816
142.31,0.2,405.171839717488,0.00137543510763351,0.944380010943044,0.656233897655752,0.215504426010281
142.32,0.2,405.235708132689,0,0.942948441293128,0.65718479289136,0.214942015057602
142.33,0.2,405.299400585941,0.000291026228129828,0.942917557458525,0.656667346657071,0.215737203355688
142.34,0.2,405.362903749762,0,0.943008453794655,0.656641259794471,0.215319194320581
142.35,0.2,405.426203689938,0.000438018133516503,0.946507011413895,0.656158183481309,0.21486554211291
142.36,0.2,405.489285871091,0.00159827831162538,0.941748930657878,0.65594751471948,0.213814009698263
142.37,0.2,405.552135162503,0.00023693811399331,0.943989073717572,0.657276284801487,0.215369294053397
142.38,0.2,405.614735844188,0,0.942349820694407,0.654080090112885,0.214934409599897
142.39,0.2,405.677071613226,0.00129044902305923,0.942584524961905,0.655794547017735,0.212911445512236
142.4,0.2,405.739125590328,0.000808224240409612,0.94355653096994,0.656282418344803,0.21562151911053
142.41,0.2,405.800880326656,0,0.943882111240882,0.654821602477595,0.213871155343104
142.42,0.2,405.862317810877,0.000251854448424748,0.944530545728736,0.656290933139835,0.215439591902585
142.43,0.2,405.923419476451,0,0.943226517089474,0.654249972693111,0.21648608930191
142.44,0.2,405.98416620916,0,0.942574515323764,0.656740265889842,0.21581471939175
142.45,0.2,406.044538354852,0.000814784416551862,0.944442071666458,0.656019887941642,0.215094587360032
142.46,0.2,406.10451572742,0.00254806793739934,0.943666976683889,0.654108325780761,0.214187430488145
142.47,0.2,406.164077616997,0,0.94480864303322,0.655624390126484,0.214789872860558
142.48,0.2,406.223202798363,0,0.943486057412974,0.655183666305941,0.215126547601288
142.49,0.2,406.281869539572,0.00171440901117814,0.94395810660115,0.656999372647497,0.215717836676296
142.5,0.2,406.340055610778,0,0.945407767686992,0.653479384969277,0.213252732535134
142.51,0.2,406.397738293268,0,0.945246148263204,0.653559027822395,0.214905311853599
142.52,0.2,406.454894388694,0.00271465078814314,0.943411284272724,0.651896344489329,0.215874938452307
142.53,0.2,406.511500228495,0,0.943569395478477,0.654495949783717,0.215578757994349
142.54,0.2,406.567531683513,0,0.942117268064387,0.657200621293048,0.212249579603555
142.55,0.2,406.622964173787,0,0.943241636556115,0.655830573959178,0.214858714396437
142.56,0.2,406.677772678534,0.00189625505118038,0.941530946206193,0.655381457430501,0.216747066421694
142.57,0.2,406.731931746298,0,0.941212318001732,0.655366603433291,0.213157992504451
142.58,0.2,406.785415505275,0,0.942510814500775,0.654949878694135,0.214048975547287
142.59,0.2,406.838197673796,0,0.946670058932195,0.653440482761034,0.214803021643403
142.6,0.2,406.890251570977,0.000331704662354214,0.94033278908267,0.655681030318824,0.21367438326868
142.61,0.2,406.941550127522,0,0.947205609703049,0.654925003038891,0.212500991406479
142.62,0.2,406.992065896668,0.000265178912301646,0.945661998312026,0.654163871563778,0.217208274074409
142.63,0.2,407.04177106529,0.000789621965306407,0.943270549955237,0.653697004311582,0.217160257548672
142.64,0.2,407.090637465131,9.18808378585437e-05,0.944471117188938,0.652671830782763,0.2135651064908
142.65,0.2,407.138636584178,0,0.945160387913759,0.653021831952719,0.211498650740569
142.66,0.2,407.185739578155,0,0.943217200818721,0.656253364985219,0.214299912773427
142.67,0.2,407.231917282155,0.000163539301027152,0.944797047947444,0.65265675368638,0.214359222253539
142.68,0.2,407.277140222378,0,0.942193830377797,0.65194193442222,0.214573956196284
142.69,0.2,407.321378627989,0.00150643443539135,0.943973555881356,0.654837723631071,0.216647888143461
142.7,0.2,407.364602443085,0,0.943371748688759,0.652841505406712,0.215577991335407
142.71,0.2,407.406781338761,0,0.944490772573671,0.653959188898567,0.215836248125854
142.72,0.2,407.447884725278,0.000856414936740455,0.94409297770861,0.652522298728014,0.215671125669586
142.73,0.2,407.487881764323,0,0.941682205888347,0.653849131763025,0.215732049020456
142.74,0.2,407.526741381353,0,0.941740121920454,0.652466429150091,0.2144686595117
142.75,0.2,407.564432278023,0,0.944648927696624,0.65137868292072,0.212805752517634
142.76,0.2,407.600922944698,0,0.942115241830671,0.652402795229861,0.216029396550013
142.77,0.2,407.636181673023,0,0.945717255725916,0.653097010315757,0.215923673912689
142.78,0.2,407.670176568569,0,0.943186281911251,0.656325158653616,0.215594605294901
142.79,0.2,407.702875563541,5.58002249536904e-05,0.943684632466959,0.6530739192262,0.2140524163542
142.8,0.2,407.734246429535,0,0.94271119854743,0.652809503258491,0.216706640380619
142.81,0.2,407.764256790352,0,0.942814628727321,0.651153883016809,0.216898260498754
142.82,0.2,407.792874134856,0,0.942649077712018,0.651049231926256,0.218179312977961
142.83,0.2,407.820065829874,0.000483363311711221,0.941522780495927,0.652944262900354,0.214176259704811
142.84,0.2,407.845799133126,0,0.942607844713372,0.650742467076654,0.214193985191346
142.85,0.2,407.870041206193,0.00129559558979768,0.942557632956039,0.650532902326655,0.217410068512384
142.86,0.2,407.892759127508,0.000473507124591442,0.942121253080448,0.651187398169563,0.215464574043776
142.87,0.2,407.913919905364,0.00128505299925881,0.940830556884946,0.653242039716154,0.214346532596674
142.88,0.2,407.933490490942,0,0.940861746326018,0.64962981916352,0.211956906162703
142.89,0.2,407.95143779135,0,0.940537356229388,0.649055284620461,0.214543371840835
142.9,0.2,407.967728682662,0.00364127226035885,0.941037463863447,0.650544528030397,0.216041248215802
142.91,0.2,407.982330022967,0.00198942054381568,0.938960639353709,0.649100947453481,0.213357641002703
142.92,0.2,407.995208665408,0.000442320331003015,0.942979639789954,0.648786249867544,0.215207539397626
142.93,0.2,408.006331471211,0,0.943021567558781,0.650384087305065,0.217501018842663
142.94,0.2,408.015665322712,0,0.942288136576257,0.648771467039051,0.214992087262107
142.95,0.2,408.02317713635,0.000183796261868031,0.941379042048104,0.649172603725597,0.2170046698301
142.96,0.2,408.028833875652,0,0.938642423208942,0.648897373559894,0.212973894140374
142.97,0.2,408.032602564185,0.000122364304833011,0.939839841507195,0.648606371496505,0.213364851691329
142.98,0.2,408.034450298476,0,0.940620259211399,0.647463317860987,0.213327959615775
142.99,0.2,408.0343442609,0,0.939620199536915,0.647225870954957,0.214857247014625
143,0.2,408.032251732526,0.000858204400470962,0.93966334945623,0.64921792627259,0.213748494756187
143.01,0.2,408.028140105917,0,0.940643037069645,0.650485523386326,0.211370236847432
143.02,0.2,408.021976897887,0.00214099746105898,0.941125179901626,0.647605432922121,0.214063476661067
143.03,0.2,408.013729762202,0.00176388640729824,0.940087256460081,0.647039313845177,0.217513624396394
143.04,0.2,408.003366502222,0.00248197631610918,0.937960501030421,0.64871472438194,0.213552117648146
143.05,0.2,407.990855083488,0.00255935754566749,0.938818688279084,0.649812876012723,0.214351147908318
143.06,0.2,407.976163646242,0.0015947391358369,0.939592553085271,0.646346717005065,0.216095509808886
143.07,0.2,407.959260517875,0,0.938921041579421,0.648588513438777,0.215255418402511
143.08,0.2,407.94011422531,0,0.94165881439887,0.648706667305209,0.216674907088495
143.09,0.2,407.9186935073,0,0.938580796834905,0.64764452916133,0.213931432476747
143.1,0.2,407.894967326657,0,0.938239038630943,0.648498664658269,0.215437877451771
143.11,0.2,407.868904882387,0,0.938135619186096,0.651855603188778,0.212363658857277
143.12,0.2,407.840475621742,0.0017751312905581,0.938097516297232,0.649773128290932,0.214335100100911
143.13,0.2,407.809649252189,0,0.937093550811618,0.645725808341743,0.212976938109651
143.14,0.2,407.776395753268,0,0.939178706246637,0.647801651385949,0.217614258246002
143.15,0.2,407.740685388372,0,0.936555898167848,0.647662238995194,0.214479725961011
143.16,0.2,407.70248871641,0,0.940021482246114,0.647248905232108,0.213301758979077
143.17,0.2,407.661776603379,0,0.936017241274,0.647186527274317,0.21365674847714
143.18,0.2,407.618520233819,0.00149354944604171,0.939415887293092,0.645947801950629,0.215150366428988
143.19,0.2,407.572691122164,0.00127268647166678,0.940300580843464,0.649286595813858,0.21492422652504
143.2,0.2,407.524261123975,0.000123640326523689,0.938241894476658,0.645609876466403,0.215870185850386
143.21,0.2,407.473202447063,0.000403432511451117,0.937490456690235,0.646869733092401,0.218699082637475
143.22,0.2,407.419487662488,0,0.933361493426807,0.646978908844614,0.21670610878045
143.23,0.2,407.363089715433,0.000192861261822793,0.937603093134098,0.647282289393377,0.213831553013506
143.24,0.2,407.303981935963,0.000414345638237997,0.935433458648907,0.6476178817352,0.214977799691811
143.25,0.2,407.242138049648,0,0.937498789228385,0.644611552135022,0.216084614859429
143.26,0.2,407.177532188058,6.87627351655844e-05,0.936234679385481,0.647640715152857,0.21537544038584
143.27,0.2,407.110138899123,0.000239973232541419,0.936765181228008,0.645749328133116,0.215239004016693
143.28,0.2,407.039933157367,0.000377242154949554,0.933204972522715,0.644995810061176,0.214704866328422
143.29,0.2,406.966890373988,0.000574555175959553,0.934939188665573,0.645316011110218,0.21482019099933
143.3,0.2,406.890986406813,0,0.933681561470719,0.647494495696648,0.212133119779198
143.31,0.2,406.812197570102,0,0.932473005099504,0.645302810656924,0.217477339018514
143.32,0.2,406.730500644207,0,0.932959160558251,0.644883373524986,0.216201202094392
143.33,0.2,406.645872885086,0.00197608033389838,0.932422317778858,0.644575619969999,0.213381785880024
143.34,0.2,406.55829203367,0,0.934549189555821,0.644718256596534,0.21820104703057
143.35,0.2,406.467736325069,0.00117146544273924,0.934622057962603,0.646049020942969,0.214510050914899
143.36,0.2,406.374184497634,0,0.933742843780305,0.64421626656913,0.214590227088467
143.37,0.2,406.277615801862,0,0.933708931054063,0.644673587193121,0.213461251218588
143.38,0.2,406.178010009133,0.000894223190417074,0.932564307967788,0.644618641699912,0.215184823067699
143.39,0.2,406.075347420302,0,0.932733929516774,0.645370845503349,0.213877371856004
143.4,0.2,405.969608874117,0,0.934233031050886,0.645582798618144,0.215510809806877
143.41,0.2,405.860775755482,0.00172548871131805,0.930948690718647,0.646778091042636,0.216802739415597
143.42,0.2,405.74883000355,0.000503473170025556,0.931322042632872,0.643849467692743,0.215485829901968
143.43,0.2,405.63375411965,0.00047864376999357,0.935717491240089,0.643355587261442,0.216392161154525
143.44,0.2,405.515531175045,0.000675905610468846,0.930990362370633,0.644326094849382,0.217064162159829
143.45,0.2,405.394144818521,0.000707585712045834,0.933273577672956,0.643255727325351,0.212698180934442
143.46,0.2,405.269579283806,0.000671278348541776,0.931298127217871,0.646362850736374,0.215488431003082
143.47,0.2,405.141819396806,0,0.93304239162923,0.643624894806841,0.21719168914126
143.48,0.2,405.01085058268,0.00131300857178226,0.930922898387621,0.641960585122687,0.214856083466018
143.49,0.2,404.876658872725,0,0.932549438372256,0.644546077148807,0.213618131988359
143.5,0.2,404.739230911097,0,0.92988369811956,0.644301372032662,0.215033634413084
143.51,0.2,404.598553961335,0,0.930421842864463,0.644575675263624,0.214601253766947
143.52,0.2,404.454615912725,0.000882106223020393,0.931552020317835,0.644530523463681,0.212740444278345
143.53,0.2,404.307405286463,0,0.929422396768373,0.643260664459457,0.214885087347173
143.54,0.2,404.156911241649,0.00176403130824783,0.929704125347117,0.644866289681213,0.215856577110101
143.55,0.2,404.003123581087,0,0.931226900031574,0.643715152692256,0.214585774749318
143.56,0.2,403.846032756908,7.81387044388287e-05,0.92719517714849,0.64420242025375,0.212337337685984
143.57,0.2,403.685629875996,0,0.929248482785578,0.645612348996781,0.213042155074005
143.58,0.2,403.521906705234,0.00151952854799257,0.927826126515525,0.646137088215861,0.217358161438581
143.59,0.2,403.354855676562,0.000411243330510203,0.927113525208224,0.645320226960853,0.214500546688766
143.6,0.2,403.184469891834,0,0.927384899431566,0.643377169612766,0.213870652209121
143.61,0.2,403.010743127502,0.000567360959600689,0.927054168146434,0.643431686115953,0.214596849287033
143.62,0.2,402.833669839086,0.00111850296807239,0.926504937260536,0.644268078407889,0.214229729534343
143.63,0.2,402.653245165472,0,0.926925444616616,0.641658871736802,0.21679678866996
143.64,0.2,402.469464933001,0,0.928331094902516,0.641786167837377,0.214709024309724
143.65,0.2,402.282325659371,0,0.927026886969123,0.645295996463834,0.214430100212166
143.66,0.2,402.09182455734,0.00177922486228224,0.927179073264043,0.641118412315578,0.215246169836008
143.67,0.2,401.897959538232,4.70067925068436e-05,0.926878630428005,0.643257337641282,0.217072838968659
143.68,0.2,401.700729215254,0,0.928473587013234,0.645564494859281,0.216540543124245
143.69,0.2,401.500132906599,0.00237734597683371,0.925790115536865,0.640316259708901,0.215452530618023
143.7,0.2,401.296170638362,0.0015199540487769,0.925226787732814,0.642532426412727,0.214186695478865
143.71,0.2,401.088843147257,0,0.923028724444854,0.640673913740438,0.215134282723793
143.72,0.2,400.878151883124,0,0.928128829052818,0.645925119208702,0.21599744946333
143.73,0.2,400.664099011245,0.00138918120380715,0.923936338498759,0.643225279652016,0.215021166603329
143.74,0.2,400.446687414452,0,0.923836208281338,0.644641495009364,0.213572105392697
143.75,0.2,400.225920695036,0,0.922766280762621,0.642889817025718,0.21496576005539
143.76,0.2,400.001803176451,0,0.922611580988063,0.645404841705475,0.215134037237638
143.77,0.2,399.774339904812,0,0.922977843843665,0.644471768958382,0.215085722904627
143.78,0.2,399.543536650198,0.00151842086832091,0.922092413537545,0.643610184463985,0.212371091927999
143.79,0.2,399.309399907739,0,0.922687802079807,0.644222364394314,0.216676987666775
143.8,0.2,399.071936898501,0.00123912687030308,0.924237257546032,0.64351244528787,0.213726133065377
143.81,0.2,398.831155570178,0.000944802501459645,0.926540385779103,0.644435344800336,0.214620850318568
143.82,0.2,398.58706459755,0.00266271163442371,0.919352702443848,0.643590860630472,0.216621270015307
143.83,0.2,398.339673382765,0,0.918025081546447,0.645016710864891,0.215315825400573
143.84,0.2,398.088992055393,0,0.92028886279344,0.642271080078114,0.215337934638425
143.85,0.2,397.835031472278,0.000164540815268015,0.920169692996591,0.643804960756662,0.218602827795925
143.86,0.2,397.577803217187,0.00209316831753978,0.920149529825537,0.643738239586329,0.213077451157862
143.87,0.2,397.317319600246,0.000673199836228248,0.918947418376528,0.643204912946336,0.213770490593082
143.88,0.2,397.053593657165,3.86790151931535e-05,0.922832818183227,0.642968521575825,0.21713017304336
143.89,0.2,396.786639148255,0.00166009468252055,0.919239952882986,0.644535360123421,0.217906713402575
143.9,0.2,396.516470557245,0,0.917884950864607,0.643832517383158,0.21435408529848
143.91,0.2,396.243103089874,0.000765674598530608,0.918638356985486,0.645906089668733,0.216181060294224
143.92,0.2,395.966552672282,0.000167735883946246,0.915102392350403,0.643341230803471,0.215524322218494
143.93,0.2,395.686835949192,0.00175589404730747,0.917434687232635,0.64460366070349,0.212835776049859
143.94,0.2,395.403970281875,0,0.917741344920719,0.643964681049684,0.216429138478203
143.95,0.2,395.117973745906,0.000200021118649899,0.921527461627133,0.645213639639199,0.21347148333272
143.96,0.2,394.828865128719,0,0.916191118243212,0.642636531879983,0.215035276815371
143.97,0.2,394.536663926934,0.000318823809423021,0.916379374664833,0.644986855132642,0.215650718232482
143.98,0.2,394.241390343484,0,0.917106177260243,0.643588478978798,0.215083908199217
143.99,0.2,393.94306528453,0.000832662709870102,0.918491424393113,0.644457011219784,0.216526332941039
144,0.2,393.641710356162,0,0.915586735207947,0.643775378600352,0.216676531860416
144.01,0.2,393.337347860886,0.00232601260717888,0.915347832198104,0.64500145538488,0.21338354916495
144.02,0.2,393.030000793905,0.00223648421732207,0.912598515433138,0.643359868522547,0.21546541857947
144.03,0.2,392.719692839187,0,0.913154138511846,0.643242557858791,0.217005270268431
144.04,0.2,392.406448365317,0.00131494864584429,0.913478016043419,0.647142501493106,0.216336216698623
144.05,0.2,392.090292421141,0,0.913829758670397,0.645313619531584,0.213054337113686
144.06,0.2,391.771250731204,0.00170838075004294,0.913288706535874,0.645439565871756,0.216168262278317
144.07,0.2,391.449349690962,8.46959602120936e-05,0.91452778482251,0.645483443179295,0.216088343797326
144.08,0.2,391.124616361797,0.000947089963374714,0.913313594374543,0.646139284400378,0.215123771072467
144.09,0.2,390.797078465815,4.19666720811921e-05,0.911979403668474,0.644162628847234,0.214934130320792
144.1,0.2,390.466764380434,0,0.913996372542245,0.644921512163834,0.21361448267625
144.11,0.2,390.133703132757,0,0.912359862707739,0.6449093565364,0.214054805843283
144.12,0.2,389.797924393746,0,0.90951346383447,0.643966499015039,0.21696463172884
144.13,0.2,389.459458472171,0,0.910241439827127,0.646000520817826,0.216001267453606
144.14,0.2,389.118336308361,0,0.90902997945702,0.64445768851867,0.212609822015397
144.15,0.2,388.774589467743,0.00142779409580449,0.90878238570427,0.64673707594265,0.217872600111873
144.16,0.2,388.428250134166,6.36055190558679e-05,0.909856995953753,0.645336336052116,0.213434740184528
144.17,0.2,388.079351103023,5.99343885998887e-05,0.910738252329509,0.643280639185096,0.21549829479147
144.18,0.2,387.727925774168,0,0.909166953760117,0.646794247609909,0.215913757640977
144.19,0.2,387.374008144613,0.0006569636797252,0.906108250133514,0.644371819627658,0.21583381124968
144.2,0.2,387.017632801031,0.00173766724532634,0.906919925693328,0.646900093185169,0.213293786934505
144.21,0.2,386.658834912048,0.000308963362481279,0.905192005492978,0.647845369735626,0.213590789358883
144.22,0.2,386.297650220329,0.00174618444265042,0.906809773329863,0.646773205105971,0.216679558046893
144.23,0.2,385.934115034457,0,0.907406103598923,0.646369054346564,0.215886837530986
144.24,0.2,385.568266220616,0,0.904519257688541,0.647161705579431,0.215916905091129
144.25,0.2,385.200141194064,0,0.907548913326547,0.646241555167443,0.2126395575344
144.26,0.2,384.829777910406,0,0.906023221646214,0.647438873000467,0.216284807299266
144.27,0.2,384.457214856665,0,0.907555135533999,0.645370219606063,0.215581583241758
144.28,0.2,384.082491042157,0,0.904501412346771,0.647775602849774,0.214601330404538
144.29,0.2,383.705645989161,0.00222949417122466,0.904508023115498,0.647178092300421,0.21215434890107
144.3,0.2,383.326719723392,0,0.903311231661661,0.646991187474662,0.215320643922865
144.31,0.2,382.945752764292,0,0.902818679997973,0.645195421914657,0.213224039362429
144.32,0.2,382.562786115094,0,0.902403881111834,0.649181635035932,0.213968769261333
144.33,0.2,382.177861252728,0.00172082505621036,0.900405157500613,0.647601270892809,0.214015675060921
144.34,0.2,381.791020117512,0.00225592255752451,0.90328635334293,0.648257487954962,0.21471030868845
144.35,0.2,381.402305102657,0,0.90322662347374,0.649369367578634,0.213569371370858
144.36,0.2,381.011759043583,0.000503229336033161,0.901354514417101,0.645586340711413,0.214239983886491
144.37,0.2,380.619425207056,0.000474424874991429,0.899642395275041,0.647989641843648,0.214976246054169
144.38,0.2,380.225347280122,0,0.900687506133935,0.648452120922993,0.216186568262429
144.39,0.2,379.829569358867,0.00029399828453948,0.900933505203212,0.649956903030077,0.213756468543336
144.4,0.2,379.432135937004,0.000531797633576327,0.900369798196077,0.650995326289998,0.213022159861482
144.41,0.2,379.033091894256,0,0.899476819241272,0.64947918205307,0.217041581166801
144.42,0.2,378.632482484585,0,0.901476266804253,0.647992674332372,0.213811106797922
144.43,0.2,378.230353324232,0,0.899386108052188,0.649108796342312,0.214255865276733
144.44,0.2,377.826750379582,0.000276405727249833,0.896593124986755,0.649526029919246,0.213260273522416
144.45,0.2,377.421719954866,0,0.898019330045473,0.648521378532637,0.214375349802238
144.46,0.2,377.015308679694,0,0.897807967130823,0.651249759601899,0.216092817523236
144.47,0.2,376.607563496407,0.0013771659616773,0.898145049719213,0.649492705639313,0.215314931938805
144.48,0.2,376.198531647285,0.000541986489908198,0.897489609813617,0.652039849330119,0.21366289527318
144.49,0.2,375.788260661584,0.00131554604596147,0.896120842198867,0.649948269885825,0.211360924694377
144.5,0.2,375.376798342414,0.00281315970235238,0.895424830181639,0.650839713968878,0.213752757389566
144.51,0.2,374.964192753466,0,0.898931655535605,0.64974864417508,0.216102236649452
144.52,0.2,374.550492205582,0,0.896866890924275,0.646847052702533,0.214178456228389
144.53,0.2,374.13574524319,0.000164141077215456,0.893779666012302,0.651678036021088,0.214309283317077
144.54,0.2,373.720000630568,0,0.894634881580861,0.64952958827537,0.215796952127428
144.55,0.2,373.303307337992,0.000428753342108701,0.894417737956203,0.652509313838785,0.212227555883692
144.56,0.2,372.885714527732,0,0.892148334375392,0.650620635554361,0.21689805581049
144.57,0.2,372.467271539916,0,0.894622191572374,0.65249523225984,0.216513093798683
144.58,0.2,372.048027878258,0,0.894073416404011,0.651211094831846,0.214871857914434
144.59,0.2,371.628033195672,0.000555063654348526,0.891407070509903,0.650835947869128,0.217241241285458
144.6,0.2,371.207337279744,0.000195847939758849,0.891047498612604,0.649130411472477,0.214940212356902
144.61,0.2,370.785990038102,0.00143047665690557,0.893594123375892,0.653733951240604,0.215006420153193
144.62,0.2,370.364041483663,0,0.891973960474385,0.653073582638068,0.21638895372281
144.63,0.2,369.941541719763,0.0018763120790629,0.891796859244251,0.652506306359682,0.216824995533896
144.64,0.2,369.5185409252,0,0.891858226295898,0.64939801342278,0.213953664880667
144.65,0.2,369.095089339151,0.000542075380740652,0.892397398463265,0.651469942497805,0.215254872844947
144.66,0.2,368.671237246015,0.000576844826879581,0.89173808160677,0.652597894775477,0.215825359247199
144.67,0.2,368.247034960145,0,0.890232511916062,0.650015694012146,0.217823596813115
144.68,0.2,367.822532810511,0.00161488173089712,0.890006836486095,0.649662642988829,0.214285101043222
144.69,0.2,367.397781125259,0,0.887639030832988,0.653759189522506,0.215734413659443
144.7,0.2,366.97283021622,0.00148249083405124,0.889974773775311,0.650823421665488,0.213672580398709
144.71,0.2,366.547730363323,0,0.88930667089887,0.65563827984981,0.214030230757159
144.72,0.2,366.12253179896,0.00068904813660637,0.890366164633044,0.651970157057492,0.215530619659834
144.73,0.2,365.697284692278,0,0.886520546334866,0.65220595148063,0.216954672851995
144.74,0.2,365.272039133424,0.000125558640640638,0.885806631185788,0.653115292574407,0.217558226050284
144.75,0.2,364.846845117742,0,0.886523675439372,0.651026761013069,0.217002745124677
144.76,0.2,364.421752529921,0,0.886450930552334,0.654010466748292,0.213437011421584
144.77,0.2,363.996811128109,0,0.883555252066757,0.650559628101826,0.213864183764273
144.78,0.2,363.572070528005,0,0.886761410835238,0.652498029358854,0.216512316330125
144.79,0.2,363.147580186909,0,0.886014325547696,0.652895196875154,0.214594912991399
144.8,0.2,362.72338938777,0,0.883490078083793,0.654956368725004,0.211742424549324
144.81,0.2,362.299547223221,0,0.880186319198573,0.651404169828578,0.216447466542209
144.82,0.2,361.876102579599,3.20370782223189e-05,0.883758022730363,0.651922197689538,0.213011744782114
144.83,0.2,361.453104120979,0,0.880697390044217,0.65423284146281,0.215898871202217
144.84,0.2,361.030600273214,0.000383196522517557,0.881260609585445,0.652993641581122,0.215285400294347
144.85,0.2,360.608639207984,0.00132356600073413,0.880047881132612,0.652890977128409,0.212176097853435
144.86,0.2,360.187268826883,0.00130308623623179,0.881029902005353,0.656247357698319,0.214573215717453
144.87,0.2,359.766536745521,0.00139135600723392,0.88154553295236,0.654313058391202,0.216485398087514
144.88,0.2,359.346490277677,0,0.879569539933195,0.653371659088669,0.216144666214337
144.89,0.2,358.927176419483,0,0.878840096724664,0.656720931187921,0.215765319702473
144.9,0.2,358.508641833682,0,0.879010122494859,0.652543747862762,0.214004982728992
144.91,0.2,358.09093283392,0.00180957169761122,0.878840528787413,0.655344855128655,0.213522716294943
144.92,0.2,357.674095369126,0.00106571852964413,0.877715245632773,0.653281599427611,0.215012178897702
144.93,0.2,357.258175007965,0,0.875661067889897,0.654723514929401,0.217516904807251
144.94,0.2,356.843216923366,0.000272147069707762,0.876680237509338,0.657012081618135,0.214713198373784
144.95,0.2,356.429265877144,0,0.876466807603769,0.655905141096341,0.217219948849057
144.96,0.2,356.016366204733,0.00163826667451169,0.876805137480916,0.656348163735245,0.215563764506978
144.97,0.2,355.60456180001,0,0.875085554871239,0.653505490424929,0.213566550161781
144.98,0.2,355.193896100242,0,0.874992972098014,0.65614905951242,0.213318893840089
144.99,0.2,354.784412071162,0,0.875964522755961,0.655839318670464,0.216252020594833
145,0,354.376152192168,0,0.874917450353256,0.654351058674447,0.215301966837663
145.01,0,353.969158441666,0,0.87542952037,0.652480335028074,0.216656126895772
145.02,0,353.563472282557,0,0.873639107340517,0.656507624338373,0.215471637308696
145.03,0,353.159134647894,0,0.874046114506794,0.653292176282937,0.214874009481598
145.04,0,352.75618592668,0,0.871376996564169,0.656254903783301,0.215280567991479
145.05,0,352.354665949865,0.000936077946528482,0.872473690576645,0.6573801596291,0.215454617473084
145.06,0,351.954613976508,0.000938438236218519,0.871005722291492,0.65530765853967,0.21440256736618
145.07,0,351.556068680131,0.000389701365388041,0.872010424509032,0.658480240803734,0.21518235829137
145.08,0,351.15906813527,0.000793075075530696,0.873725599971108,0.654065028009999,0.213472320342366
145.09,0,350.763649804248,0,0.870923778271698,0.655620567179382,0.214168168673717
145.1,0,350.36985052413,0,0.870955521457205,0.658868501342881,0.214801899250177
145.11,0,349.977706493933,0.000372596202253172,0.87004288805921,0.654820170107041,0.217168568881404
145.12,0,349.587253262053,0,0.871010382604707,0.656119433659112,0.214269029974177
145.13,0,349.198525713923,0,0.870614078856627,0.655329572055969,0.216475468710497
145.14,0,348.811558059933,0,0.869365223474435,0.656721847179094,0.213240436297042
145.15,0,348.426383823595,0,0.867421530771798,0.654585852202883,0.215710330567738
145.16,0,348.043035829977,0,0.870111592881954,0.657725025940899,0.215625526478116
145.17,0,347.661546194396,0,0.867466863191186,0.654234988054918,0.217165075983255
145.18,0,347.281946311409,0.000950413166223854,0.869650874181814,0.656997826764673,0.218719714489414
145.19,0,346.904266844071,0.00142367367153285,0.867531164081416,0.65479306604945,0.215540814516004
145.2,0,346.528537713495,0,0.865933124770234,0.65657885191301,0.215170169972192
145.21,0,346.154788088716,0,0.865869728382605,0.658275300225313,0.214679755576105
145.22,0,345.783046376857,0,0.863595342782762,0.6575321137927,0.214469401836829
145.23,0,345.413340213614,0.000620362542215387,0.864045946307501,0.654158825992923,0.215940309710169
145.24,0,345.045696454061,0.000280110223173863,0.867686393854128,0.656859866057254,0.21333290370752
145.25,0,344.680141163794,0,0.863813416876949,0.659808511324812,0.217169784538351
145.26,0,344.316699610392,0.00120751938459539,0.863746077227917,0.656709484402538,0.215154144630666
145.27,0,343.955396255243,0,0.860313643941797,0.657705724203593,0.218604531765324
145.28,0,343.596254745705,0.000781191633174549,0.863264437829837,0.65657488802231,0.212961099060416
145.29,0,343.239297907626,0.000425260439956851,0.864536461501029,0.657174117679999,0.213565742752875
145.3,0,342.884547738225,0,0.863759450210185,0.655034699544413,0.213678997227612
145.31,0,342.53202539935,0,0.862171153406071,0.656778892694166,0.213263713426579
145.32,0,342.18175121109,0,0.860159460821102,0.656097612655263,0.21446169526108
145.33,0,341.83374464578,0,0.860137090844331,0.655183610274091,0.213838924968465
145.34,0,341.488024322396,0,0.861030898582745,0.654978491896323,0.213698693993756
145.35,0,341.144608001315,0.00142665494229252,0.858981171996829,0.65593116941096,0.216093038294241
145.36,0,340.803512579492,0.000397375814172865,0.859696164687663,0.657718384712515,0.216981371686707
145.37,0,340.464754086025,0.00019617625590191,0.859465798195505,0.657875382420068,0.218904828687527
145.38,0,340.128347678125,0,0.858026739528679,0.656321745684553,0.216754089128936
145.39,0,339.794307637487,0,0.858488070959243,0.657315551644582,0.215845155098018
145.4,0,339.462647367086,0,0.860315288443846,0.656559636920881,0.215715469509227
145.41,0,339.133379388366,0.00147375093685737,0.855716883953218,0.656422953999857,0.215735404425927
145.42,0,338.806515338866,0.000516640668379776,0.856721938385978,0.656461286712904,0.214494854813304
145.43,0,338.482065970258,0.00231345333452355,0.857381537992081,0.655974204145259,0.21552017582123
145.44,0,338.160041146804,0,0.856402485132726,0.656339889630659,0.213107236871042
145.45,0,337.840449844246,0,0.854464801393608,0.653981483252036,0.214327584563098
145.46,0,337.523300149122,0,0.854247949607264,0.65612812077723,0.216671462512578
145.47,0,337.20859925851,0.00102250636667626,0.857299082835733,0.655204840671935,0.215862421333087
145.48,0,336.896353480201,0,0.854756826115935,0.655476664212671,0.215267882927083
145.49,0,336.586568233315,0,0.851466953399664,0.653598168571821,0.218029883834017
145.5,0,336.279248049338,0.00151556019513421,0.854995026831234,0.655637399233208,0.216805139104198
145.51,0,335.9743965736,0,0.850450944565638,0.657440811625816,0.214567549038098
145.52,0,335.672016567186,0,0.854260325217523,0.655624109152509,0.211908350928998
145.53,0,335.372109909293,0,0.852006364538892,0.655499047502886,0.217197408698285
145.54,0,335.074677599996,0.000177613789635269,0.85254336138657,0.655589014454562,0.213911965929045
145.55,0,334.779719763475,0.00110697436934587,0.852672232611759,0.654097315977463,0.213247977427772
145.56,0,334.487235651668,0.00239383539231268,0.848426801838767,0.656379423271875,0.215499163084192
145.57,0,334.197223648342,0.000167249713950794,0.850520996437193,0.656161554477185,0.213042591813497
145.58,0,333.909681273618,0,0.850157205730424,0.657276524479644,0.21403649734996
145.59,0,333.62460518891,0.00112087177433426,0.848415631401543,0.654580886573959,0.214429016765201
145.6,0,333.341991202296,0,0.851191385840198,0.654388374132957,0.2160467210151
145.61,0,333.061834274315,0,0.850052478610008,0.656221243400783,0.213757703629567
145.62,0,332.784128524187,0,0.848225307224289,0.655885976893122,0.215554937912438
145.63,0,332.508867236449,0.00186491201887242,0.847780105086764,0.656276276071277,0.215149534100671
145.64,0,332.236042868014,0.00138352939533138,0.846766502566821,0.654039644336958,0.215933479223851
145.65,0,331.965647055637,0.0010147050660382,0.84760434779102,0.652868564443693,0.210962968417958
145.66,0,331.697670623797,0.000697892334947179,0.845340111396688,0.657127427320783,0.214820496307416
145.67,0,331.432103592972,0.00149203940953664,0.846664207836415,0.655414407427714,0.215259268068717
145.68,0,331.168935188336,0.00325199234566999,0.845743929511119,0.654616493343662,0.216909336474764
145.69,0,330.908153848829,0,0.845309795629307,0.653681213661472,0.215365580586916
145.7,0,330.649747236636,0.000226753248417425,0.844021337040786,0.655706420303216,0.213356619622263
145.71,0,330.393702247046,0,0.843045505121543,0.654016870070811,0.215843283969994
145.72,0,330.140005018691,0,0.847349790269153,0.65453892530396,0.214639564772424
145.73,0,329.888640944161,0.00160272365246333,0.843731215481481,0.654296253066269,0.216125261601691
145.74,0,329.639594680994,0.000556070278534064,0.847903104765966,0.655577986187765,0.21703890575105
145.75,0,329.392850163023,0.00124334493170367,0.84539444277319,0.653142100344665,0.214907942282554
145.76,0,329.148390612081,0.00102897218206714,0.845165010140435,0.653299997627907,0.216163004616726
145.77,0,328.90619855006,0,0.840997569524774,0.654484471093007,0.213526173307896
145.78,0,328.666255811317,0.00115638264083174,0.842532518148535,0.653856625241499,0.213197829365474
145.79,0,328.428543555401,0,0.840147505466342,0.651861739247652,0.214417059385052
145.8,0,328.193042280131,0,0.842639369467308,0.653825276030345,0.21583435875465
145.81,0,327.959731834979,0.00248883488806063,0.842674292822738,0.655381320006553,0.215676034214757
145.82,0,327.728591434781,0.000826124600558525,0.841061123252914,0.654482191326921,0.216436584867167
145.83,0,327.499599673739,0,0.839865106737715,0.652819616427275,0.216034969571796
145.84,0,327.272734539741,0.000164527341939606,0.838908351470972,0.653043206971548,0.216551540793683
145.85,0,327.047973428954,0,0.837992432844502,0.652699827500702,0.215337067130344
145.86,0,326.825293160712,0.00153694841680879,0.837684249408266,0.653079592306838,0.21448346588028
145.87,0,326.604669992668,0,0.840350360771742,0.653098962315113,0.217690801359985
145.88,0,326.386079636222,0,0.839391495893877,0.653980022602133,0.214956354736127
145.89,0,326.169497272196,0,0.840958828392785,0.652388229337863,0.215057699796921
145.9,0,325.954897566764,0,0.838399121699355,0.6514394906008,0.21635654618421
145.91,0,325.742254687614,0,0.838466114530159,0.652335768077701,0.213556406391482
145.92,0,325.531542320343,0.00281410245042258,0.837017527549428,0.65227168699849,0.216355549361074
145.93,0,325.322733685081,0.00327392867133914,0.838506394280964,0.651044426438862,0.214418485615229
145.94,0,325.115801553308,0.00118071176265694,0.839046466260036,0.652844331799694,0.214560672987053
145.95,0,324.910718264891,0,0.83719396246612,0.651824217036435,0.215036107004514
145.96,0,324.707455745302,0,0.836424642680216,0.654305691293143,0.212115636369082
145.97,0,324.505985523026,0.000298852205289292,0.833918936478788,0.650588715858303,0.214910152333933
145.98,0,324.30627874714,1.76236516124203e-05,0.837777560355783,0.652230192869298,0.217032474502797
145.99,0,324.108306205049,0,0.8338010877041,0.653613690307038,0.213778747520136
146,0,323.912038340399,0.000672150139917083,0.834387290519076,0.651231557218637,0.216802525072466
146.01,0,323.717445271104,0.0018588413338159,0.834839174676337,0.65319145658771,0.213737178813962
146.02,0,323.52449680753,0,0.834458523254913,0.650334791751471,0.215109606945714
146.03,0,323.333162470802,0.000751036383143142,0.832106721344549,0.651400234564117,0.216893410408
146.04,0,323.143411511217,0.000562446631180751,0.833713520204913,0.650777603034533,0.215161475218169
146.05,0,322.955212926771,0.00208878432452656,0.834247315487673,0.652487668642857,0.214975099321513
146.06,0,322.768535481786,0,0.829914484700518,0.650649723477541,0.214923891560255
146.07,0,322.58334772561,0,0.831188999903466,0.650742114291363,0.217042290762484
146.08,0,322.399618011414,0,0.832895763683002,0.64752808968431,0.213295977888598
146.09,0,322.217314515035,0.000923326491695841,0.831533407768021,0.649700284925756,0.215721524505693
146.1,0,322.036405253899,0.000259444188632582,0.830266310180768,0.649978595157256,0.214939370418234
146.11,0,321.856858105971,0.00032450914801618,0.833241341368597,0.649878882676785,0.217119363607756
146.12,0,321.678640828766,0,0.832004358266483,0.650210269075882,0.216950441399728
146.13,0,321.501721078372,0,0.833651512105743,0.650876241228538,0.212408513518504
146.14,0,321.326066428501,0.0012323478137129,0.830154824646885,0.648898009651484,0.21303445105002
146.15,0,321.151644389556,0,0.827691184114723,0.648225316483364,0.2159576094156
146.16,0,320.97842242769,0.000168817895509427,0.828323011402322,0.650250191936199,0.216737299258232
146.17,0,320.806367983866,0,0.82952946180008,0.648833348193011,0.215234267242402
146.18,0,320.635448492896,0.000743627235914282,0.828804239515956,0.647285454451872,0.215901222999307
146.19,0,320.46563140246,0,0.828710951891181,0.647770543223605,0.214096431831305
146.2,0,320.296884192085,0.000179658640756297,0.825823993453109,0.645944241735965,0.21644228244866
146.21,0,320.129174392091,0,0.827249209995183,0.648230957184637,0.217116766790725
146.22,0,319.962469602472,0.0019223514122211,0.827520375584631,0.651219254896942,0.214158503748046
146.23,0,319.796737511732,0,0.828421885849843,0.646081435807202,0.214749219162531
146.24,0,319.631945915644,0,0.825304420953606,0.648245614901871,0.215031192248906
146.25,0,319.468062735936,0,0.827486189244842,0.647053964486824,0.215239515183812
146.26,0,319.30505603889,0,0.827363833031036,0.645529230250791,0.216046233371765
146.27,0,319.142894053851,0,0.826071389792118,0.647315487111933,0.211680554785016
146.28,0,318.981545191638,0.00152456013343397,0.825439962785604,0.645883210217094,0.214976247347311
146.29,0,318.820978062836,0.00199576944706199,0.826112973619894,0.646566720614096,0.217916877326015
146.3,0,318.661161495988,0.00208836151772384,0.823265163609835,0.64502577509306,0.214410641850683
146.31,0,318.502064555649,0,0.821634039313736,0.644089727698152,0.214261496272983
146.32,0,318.34365656032,0,0.825218737818078,0.64444310340703,0.21543706559114
146.33,0,318.185907100231,0.000150521472358482,0.823927956204511,0.646523649860694,0.214515326022445
146.34,0,318.028786054995,0.000421217313838923,0.823684185375593,0.646366776504106,0.216648862038149
146.35,0,317.872263611099,0,0.822828833294106,0.646327806875138,0.214227038613796
146.36,0,317.71631027923,0,0.824504421560519,0.648499782178166,0.215124060000866
146.37,0,317.560896911456,0.00117539615341404,0.82295995110432,0.646398160578462,0.216676733154832
146.38,0,317.405994718208,0.000748849372037434,0.821458560160697,0.649432412745443,0.217268114334949
146.39,0,317.251575285104,0,0.821580982339005,0.645121540417262,0.216058427819619
146.4,0,317.097610589575,0,0.820573632149814,0.64678210238138,0.215692592756807
146.41,0,316.944073017306,0,0.821262249150022,0.644457177238761,0.213807585400591
146.42,0,316.790935378472,0.00223970032211887,0.820170329603549,0.646118331616522,0.213621053905075
146.43,0,316.63817092378,0,0.82318311796051,0.644899799751015,0.214351447998705
146.44,0,316.485753360289,0.000514740515367253,0.822258869954328,0.646363218913264,0.213247087363933
146.45,0,316.333656867028,0,0.82214911699606,0.646823021725875,0.21685433244202
146.46,0,316.181856110382,0,0.821128923500667,0.644706889593329,0.214250302765766
146.47,0,316.030326259258,0.000981619090219474,0.819285240272088,0.643584024777737,0.217094609788925
146.48,0,315.879043000014,0,0.817541096945957,0.644586106803717,0.216673550797472
146.49,0,315.727982551157,0.0017293178631532,0.817925206796437,0.644473292184412,0.21743310744086
146.5,0,315.577121677795,0,0.817698745799573,0.641966072207091,0.216643791859955
146.51,0,315.426437705844,0,0.818740664647864,0.644317616968674,0.216203188954762
146.52,0,315.275908535981,0.000643923403035969,0.818313387180742,0.644754418992961,0.214032914692857
146.53,0,315.12551265734,0.00105504415002354,0.81813295666967,0.644587551129268,0.212417420492166
146.54,0,314.975229160956,0.000692170993576347,0.815603722522331,0.644986822587801,0.214539786051172
146.55,0,314.825037752924,0,0.820665017382053,0.643253391299432,0.215814783616486
146.56,0,314.674918767313,0.00213601197004149,0.819150316395596,0.641999203266639,0.216832746837809
146.57,0,314.524853178783,0.000513801964520007,0.818784954077919,0.644804481305074,0.215698242492739
146.58,0,314.37482261494,0,0.815716389671295,0.6448231648231,0.214976220001751
146.59,0,314.224809368396,0.00185920988039975,0.819794746892708,0.644546724747484,0.213860148473193
146.6,0,314.074796408555,0,0.816406455180635,0.64371325721468,0.214123314554382
146.61,0,313.924767393097,0.000444576266274237,0.816528275725113,0.644167255516718,0.216411397348843
146.62,0,313.774706679178,0,0.814948905799255,0.644391430240776,0.215974424580725
146.63,0,313.624599334325,0.000356770085398529,0.817274313980733,0.647081061011777,0.214465753486893
146.64,0,313.474431147031,3.29728089675577e-05,0.812721386537105,0.644642678179417,0.214860822066362
146.65,0,313.324188637054,0.000577152821061918,0.812872929029689,0.644335800653461,0.212504850003421
146.66,0,313.17385906539,0,0.815899760876265,0.643697427094865,0.214213346904371
146.67,0,313.023430443958,0,0.817862867916813,0.642418057161795,0.211494450368769
146.68,0,312.872891544949,0.000268444417226062,0.814185308703644,0.644719899489854,0.214578068772446
146.69,0,312.722231909867,0,0.811903497465591,0.643867539114878,0.217759189392417
146.7,0,312.571441858255,0,0.816075837187668,0.646049080687862,0.216079306261977
146.71,0,312.420512496085,0,0.814542008226137,0.642955361227123,0.215882369224855
146.72,0,312.269435723827,0.000932457618197559,0.811801963903483,0.643315716577745,0.214473105759819
146.73,0,312.118204244193,0,0.81481214122722,0.644205628624935,0.214073081747209
146.74,0,311.966811569539,0,0.81485209871938,0.644808650961396,0.216263204224075
146.75,0,311.815252028944,0.000239663441079245,0.814569556549234,0.646280528237887,0.215539787885214
146.76,0,311.66352077494,0,0.812536685293898,0.643833298169784,0.215934137284327
146.77,0,311.511613789907,0,0.813757056663095,0.643755010599365,0.217526006183614
146.78,0,311.359527892129,0,0.813001538839402,0.645353663930748,0.213781847962145
146.79,0,311.207260741496,0.000195645253904634,0.812113562634468,0.643391730929668,0.215406073345631
146.8,0,311.054810844869,0,0.811728587976432,0.644857920199878,0.217006249810939
146.81,0,310.902177561084,0,0.813194177933462,0.644383589663048,0.214654530731233
146.82,0,310.749361105617,0.00173699856862509,0.811755671320737,0.644143909944085,0.215593884376143
146.83,0,310.596362554879,0,0.811327186716018,0.644353385937437,0.215304275658548
146.84,0,310.443183850171,0,0.812149089435899,0.643817064325387,0.21756838187291
146.85,0,310.289827801267,0,0.814598196446183,0.643279221414694,0.214656812083465
146.86,0,310.136298089642,0,0.811827069498716,0.641162426629643,0.215607767008212
146.87,0,309.982599271345,0.00143440488720868,0.808404694739772,0.643509804492056,0.216168513973813
146.88,0,309.828736779489,0,0.810591564521761,0.642430123590159,0.213475323730196
146.89,0,309.674716926391,0,0.812879991298357,0.647326751402096,0.215914258952274
146.9,0,309.520546905339,0.000226405798747509,0.812033109659929,0.645967372882002,0.214212917511198
146.91,0,309.366234791985,0,0.810012699267558,0.643999608322631,0.213828372353879
146.92,0,309.211789545368,0,0.81132886625529,0.641492998405179,0.216641502339049
146.93,0,309.057221008572,0.00185354173155953,0.810362827462194,0.644405879912607,0.214410832885368
146.94,0,308.902539908992,0.000332233278430782,0.808180744038778,0.641968288553865,0.213243775140643
146.95,0,308.747757858236,0,0.809683796835651,0.644116976894256,0.215462037022638
146.96,0,308.592887351651,0,0.809835109136023,0.644533583091512,0.211407400336239
146.97,0,308.437941767454,0.00143321162954069,0.808164938768496,0.641320322680301,0.214883858280106
146.98,0,308.282935365498,0,0.810028806339144,0.646797403522111,0.21371051122545
146.99,0,308.127883285645,0,0.812009428077853,0.643956340597369,0.213785784184969
147,0,307.972801545763,0,0.807698145852603,0.643678897343007,0.214472364612571
147.01,0,307.817707039331,0.00091359557684249,0.809885280686228,0.645922255201498,0.214373122113048
147.02,0,307.66261753266,0,0.807556464427298,0.645112748211102,0.215569373980934
147.03,0,307.507551661729,0,0.807821850620386,0.642724409050667,0.213544058846496
147.04,0,307.352528928629,0,0.807064331850606,0.642590638282958,0.215785797970069
147.05,0,307.197569697621,0.000825047709010357,0.808203503374072,0.645520154544371,0.215769576975113
147.06,0,307.042695190802,0.000235115227762947,0.809302454080962,0.644646534246266,0.212920420886234
147.07,0,306.887927483375,0,0.808802138639248,0.645768411625357,0.214624133950478
147.08,0,306.733289498537,0.00298664790468435,0.810937597243302,0.643342849733659,0.214354376016038
147.09,0,306.578805001969,0.000665737681594174,0.807150991407492,0.645501520755672,0.21388525130555
147.1,0,306.424498595929,0,0.807860036286241,0.643338502312604,0.216151978922661
147.11,0,306.270395712957,0.000682022845285916,0.809170397717023,0.643181866209584,0.216422195635711
147.12,0,306.116522609187,0.00307425166068758,0.809544444424233,0.646541866414395,0.21486165275617
147.13,0,305.962906357257,0.00154246501670772,0.807807504670786,0.644043615628466,0.216039324378081
147.14,0,305.80957483883,0.000810780913912137,0.807521654343499,0.645464784998685,0.215330746015348
147.15,0,305.656556736722,0.00046268306861822,0.805975759220839,0.64422519411564,0.215580290282337
147.16,0,305.503881526628,0.000529051934085945,0.804944351173821,0.643862999717289,0.214198362477664
147.17,0,305.351579468462,0,0.806441037460645,0.643677670249411,0.213273010053355
147.18,0,305.199681597296,0.00269851345558556,0.805953668455128,0.644116165582548,0.215063657481024
147.19,0,305.048219713906,0,0.807641537658007,0.645849387131656,0.214023254771239
147.2,0,304.89722637493,0.00163718727868196,0.807600811396872,0.645484326877876,0.216941956513355
147.21,0,304.746734882624,0,0.807495089852033,0.644936430262429,0.215948184409885
147.22,0,304.596779274234,0.00258485146848611,0.807317146215609,0.64466702788397,0.218582818015855
147.23,0,304.447394310967,0.000351044443110178,0.810289849803292,0.64404440780604,0.215274432443466
147.24,0,304.298615466589,0.000547288168225887,0.808726948626995,0.644481026615116,0.214124440679021
147.25,0,304.150478915611,0,0.807811967793741,0.642743435218674,0.215441609692838
147.26,0,304.003021521108,0.00158376103246257,0.80598073886604,0.644513315314311,0.213164042752512
147.27,0,303.856280822136,0,0.807180581832844,0.64481768609725,0.214756650193026
147.28,0,303.710295020777,0,0.80862873953091,0.647348032183781,0.212597981530014
147.29,0,303.565102968793,0,0.807185191080484,0.645532408184191,0.215132830688982
147.3,0,303.420744153902,0,0.808057586876632,0.646295937960143,0.21390475816859
147.31,0,303.277258685679,0,0.805697452339335,0.64619433311407,0.216702307289172
147.32,0,303.134687281077,0,0.806599951441546,0.646073885026462,0.213719366669313
147.33,0,302.993071249572,0.00166577346789851,0.809669404587312,0.646476675600365,0.216829406606
147.34,0,302.852452477951,0,0.809557588123238,0.646240644766342,0.213952098759838
147.35,0,302.712873414714,0,0.806231075190021,0.646847449958315,0.213498129026824
147.36,0,302.574377054129,0.000236202552748688,0.805849243875092,0.647104050034692,0.216129535722088
147.37,0,302.437006919918,0.000209971232354706,0.80363266706929,0.648339327316111,0.21596274524225
147.38,0,302.300807048584,0,0.806866829043218,0.647527961846469,0.213470638493695
147.39,0,302.165821972395,0,0.807785258108303,0.645218838365556,0.217082632887591
147.4,0,302.032096702011,0.0013761125411615,0.806570029560981,0.646115920116352,0.215604117218077
147.41,0,301.899676708773,0.00138359414195462,0.80682587326667,0.644896869447634,0.2149765392717
147.42,0,301.768607906644,0.00073433624111628,0.809544388310446,0.646652962517469,0.216800991403603
147.43,0,301.638936633833,0.00350945336356555,0.804525716277466,0.64665381506847,0.214088472123089
147.44,0,301.510709634069,0.000995278910608382,0.806892788603938,0.644748985002773,0.212872124500359
147.45,0,301.383974037566,0.00121092211517744,0.806488154108359,0.647598972545995,0.215362463565993
147.46,0,301.258777341673,0,0.807188119000805,0.647020893617554,0.21388466995865
147.47,0,301.135167391197,0.00146536074909996,0.809356372046799,0.646567598604549,0.212945633755437
147.48,0,301.013192358437,0.000522606606688708,0.807419541934055,0.647008401302638,0.21276170255448
147.49,0,300.892900722913,0,0.805625073622693,0.647438784110353,0.21290036068015
147.5,0,300.774341250805,0,0.806977552524295,0.649737056328497,0.216400978297514
147.51,0,300.657562974106,0,0.807744311404303,0.649558466270984,0.213623287983781
147.52,0,300.542615169502,0,0.806704995435753,0.651135463405753,0.214893789131582
147.53,0,300.429547336983,0,0.807223874591965,0.650418423086954,0.21594410157239
147.54,0,300.318409178192,0,0.806887306803982,0.648974786657397,0.212749472502723
147.55,0,300.209250574521,0.000992709022096397,0.806009318070211,0.645837838293824,0.215957365679341
147.56,0,300.102121564973,0.00241490116450453,0.807195812682861,0.649505355718532,0.215057643191738
147.57,0,299.997072323778,0,0.808664035557387,0.647336591520872,0.21535615169412
147.58,0,299.89415313779,0,0.80543174710958,0.650190599667726,0.214483123396926
147.59,0,299.793414383675,0,0.806205068797779,0.647693452827418,0.215475889090673
147.6,0,299.694906504882,0,0.805815126381821,0.649333738110669,0.218257223596147
147.61,0,299.598679988434,0.00112132901606976,0.806824370029185,0.64926313499726,0.214760410974838
147.62,0,299.504785341524,0.000632117761704939,0.805880605123381,0.650047634220206,0.214388411737794
147.63,0,299.413273067944,0.00172963882638928,0.805115102387375,0.650123645583159,0.215768843742138
147.64,0,299.324193644351,0.00058697335146585,0.807828506402178,0.650812833222425,0.216717053875927
147.65,0,299.237597496386,0,0.803414503447295,0.650125891920683,0.211617012133866
147.66,0,299.15353497465,0,0.805373062737564,0.653537419535247,0.218905178580017
147.67,0,299.072056330559,0,0.806933940061067,0.65073638030063,0.216613191887987
147.68,0,298.993211692086,0.00132986087561453,0.808829352919101,0.650245071456598,0.213766072409178
147.69,0,298.917051039397,0,0.806917489075229,0.648602899442964,0.21556589385686
147.7,0,298.843624180405,0,0.806423189551455,0.648087736740679,0.214232680467101
147.71,0,298.772980726251,0,0.80628426630224,0.647895390703997,0.213034727459892
147.72,0,298.705170066715,0.000759324707230915,0.805517952215216,0.653200866293566,0.212662100418389
147.73,0,298.640241345595,0.000223280048680355,0.808867834793914,0.650186282461326,0.210054988686993
147.74,0,298.578243436039,0,0.808520306071132,0.650262841388861,0.216340658688604
147.75,0,298.519224915866,0.000202747370003592,0.80408874052162,0.650741231218577,0.21532831980014
147.76,0,298.463234042884,0,0.808109428224277,0.652385400239321,0.213775424643443
147.77,0,298.410318730215,0,0.806119844752053,0.64921739699679,0.214980398012999
147.78,0,298.360526521648,0.00205900728550891,0.806605109132216,0.64960032910552,0.21349737460181
147.79,0,298.313904567031,0,0.808391048145189,0.65179075785956,0.215513733153807
147.8,0,298.270499597724,0,0.809073115275189,0.652578296316744,0.21336887724114
147.81,0,298.230357902117,0.00205220596079344,0.809825667398574,0.651931456179226,0.214577353871249
147.82,0,298.19352530124,0,0.80930364987168,0.653961106195445,0.215180064258503
147.83,0,298.160047124476,0.00101862696770454,0.809747286977454,0.650658429251457,0.214692535140685
147.84,0,298.129968185391,0,0.807724880130161,0.654179923111857,0.216994664225301
147.85,0,298.103332757701,0,0.807116396302375,0.652670361164505,0.21502186972098
147.86,0,298.080184551389,0,0.808193092881476,0.652455852007698,0.215312894472122
147.87,0,298.06056668899,0,0.807231239224933,0.655518318551211,0.215311136638784
147.88,0,298.04452168206,0.00260670654750138,0.807184401768895,0.654082776366061,0.211088745993627
147.89,0,298.032091407843,0,0.808037875671498,0.654316463487793,0.216910786341681
147.9,0,298.023317086157,0,0.809653099777371,0.652325634030312,0.215495260245071
147.91,0,298.018239256512,0,0.809109566674501,0.651562519949397,0.213974295860108
147.92,0,298.016897755476,0,0.810250802995099,0.653208933760777,0.214077053483852
147.93,0,298.019331694305,0,0.808789113895038,0.650839075477751,0.215949485052943
147.94,0,298.025579436855,0.0004004003344562,0.810103213187795,0.653191649964491,0.216412847658072
147.95,0,298.035678577799,0,0.809334179902639,0.653926309887711,0.214110877070682
147.96,0,298.049665921141,0.000807724871209655,0.80837142588407,0.653002739310756,0.214808729358185
147.97,0,298.067577459079,0,0.810060025488498,0.654708929359176,0.212159742919061
147.98,0,298.089448351197,0.00146600196712838,0.810975776164487,0.653064657706603,0.214126079896711
147.99,0,298.115312904029,0,0.811014704073923,0.653739262447247,0.215433341470508
148,0,298.145204550994,0.000291277173974984,0.809468353572099,0.655182044486376,0.214142223385216
148.01,0,298.179155832724,0,0.811659230747025,0.654093743268826,0.213923160778965
148.02,0,298.217198377798,0,0.809954780544008,0.653189954200206,0.213275721088852
148.03,0,298.259362883904,0,0.812596275274922,0.653361335406868,0.215477970942361
148.04,0,298.305679099423,0.000732498201368263,0.809523100104525,0.656061239210921,0.2140711123268
148.05,0,298.356175805482,0,0.812642327508114,0.65472949197624,0.215934083062656
148.06,0,298.410880798455,0.000185583710789257,0.809515048917147,0.653314339293074,0.215967722644599
148.07,0,298.469820872955,0.000946092396410083,0.809842257542217,0.655692889193406,0.214011282376472
148.08,0,298.533021805306,0.000110056530636962,0.8096437813321,0.655476833235191,0.211758581778331
148.09,0,298.600508337531,0.00173751784067507,0.81057821570054,0.655605128471331,0.215110860663001
148.1,0,298.672304161847,0,0.812282767043218,0.655689217719763,0.213272094475478
148.11,0,298.748431905698,0.000729749656632575,0.810338290386249,0.653923957015316,0.214978712741218
148.12,0,298.828913117324,0,0.809807915308661,0.654145846938312,0.216386265736415
148.13,0,298.91376825188,0,0.809620504469047,0.653439377127128,0.215799701586762
148.14,0,299.00301665813,0,0.808857385671638,0.656660562413466,0.214499277054663
148.15,0,299.096676565697,0,0.812206121422188,0.657270148605122,0.216386746902987
148.16,0,299.194765072918,0.00286831274253527,0.810579805631258,0.655864242335435,0.214738526713707
148.17,0,299.297298135271,0.000776444853286935,0.81261644129287,0.65399455165096,0.212138303542018
148.18,0,299.404290554422,0,0.810942186897596,0.654160047215804,0.214450800876527
148.19,0,299.515755967872,0.000401240475616727,0.816436503125427,0.655030952304067,0.214501221332972
148.2,0,299.631706839226,0.00196440679163989,0.811031476452795,0.65681519691063,0.215031506769279
148.21,0,299.752154449091,0,0.814845758291781,0.656592219725709,0.213295323509698
148.22,0,299.877108886601,0.00167539793281605,0.814342973700501,0.653438067503829,0.216585073650425
148.23,0,300.006579041583,0.00234548314220484,0.81472541558881,0.656359390881659,0.213128144535411
148.24,0,300.140572597377,0,0.814122708592531,0.657629064368159,0.216797420336504
148.25,0,300.279096024283,0.00145379050360885,0.813282056222719,0.6550727159949,0.215190971984963
148.26,0,300.422154573694,0,0.814464597198724,0.65212097636934,0.216152485540801
148.27,0,300.569752272856,0,0.81283639486563,0.654533971872889,0.215180652997725
148.28,0,300.721891920311,0,0.815535695770239,0.656176758653031,0.212910081381664
148.29,0,300.878575081995,0.000904322923758038,0.814579022035017,0.657080100533295,0.216541836188117
148.3,0,301.039802088006,0,0.813748461792919,0.656791503641457,0.215208596869475
148.31,0,301.205572030031,0,0.81443666404154,0.657793355147613,0.215546776725959
148.32,0,301.375882759458,7.26204537820878e-05,0.815890158119048,0.655326417504146,0.214635624164013
148.33,0,301.550730886135,6.74699526178023e-05,0.814836457636672,0.657800753072612,0.214954124822342
148.34,0,301.730111777821,0,0.816879274620724,0.655940902469352,0.212829948671541
148.35,0,301.914019560281,0.00186727433811087,0.816957704776088,0.655243879092706,0.218367124392065
148.36,0,302.102447118068,4.76012461051929e-05,0.817389552088773,0.656025257455825,0.213973945271115
148.37,0,302.29538609595,0,0.818332713252115,0.654615863606583,0.214213437347415
148.38,0,302.49282690101,0.00075096340287921,0.813943605315742,0.658015472029238,0.215565082804538
148.39,0,302.694758705402,0.00323579645204703,0.816575950386317,0.660277544408486,0.216643859999633
148.4,0,302.901169449747,0,0.817460146840144,0.655645280615853,0.214593230737027
148.41,0,303.112045847201,0.00175539099272708,0.819905322213027,0.654131751674853,0.213502561641578
148.42,0,303.327373388146,0.00132315349079452,0.81834504130969,0.655954474107324,0.215718132806216
148.43,0,303.547136345526,0,0.819402802888679,0.654732370656756,0.214391255615982
148.44,0,303.771317780816,0,0.813825408252209,0.657633436420267,0.216782737525356
148.45,0,303.99989955062,0,0.815653872685784,0.655148894593429,0.217231728853826
148.46,0,304.232862313869,0,0.820840249470089,0.659285586772102,0.213339574487355
148.47,0,304.470185539655,0,0.818523274631102,0.656667957941876,0.216264709338303
148.48,0,304.711847515641,0,0.820101909539346,0.655935775920598,0.215423934334815
148.49,0,304.957825357081,0,0.818133681017037,0.656264452442851,0.213920934071695
148.5,0,305.208095016414,0,0.817275645155098,0.654821939322768,0.21513806737974
148.51,0,305.462631293436,0.00147504869113119,0.817601591150759,0.655426913037936,0.213868068576354
148.52,0,305.721407846036,0,0.820664212386389,0.652736299855874,0.214531337102027
148.53,0,305.98439720148,0,0.819642602945253,0.655973294770479,0.214689406789148
148.54,0,306.25157076824,0,0.820494528775706,0.655860995002571,0.213469940044391
148.55,0,306.52289884836,0.00153206569052753,0.821447111365622,0.65639017071202,0.214680850787038
148.56,0,306.798350650326,0,0.81964410163624,0.656351650260784,0.216685244460051
148.57,0,307.077894302459,0.000592221835596379,0.819565387129408,0.657608549939786,0.21492987441067
148.58,0,307.361496866794,0.00138600087638079,0.822993579641963,0.656743834560282,0.216594094792174
148.59,0,307.649124353438,0.000768928554550524,0.822206515294936,0.656395042055571,0.212893803738421
148.6,0,307.940741735408,0.000557061533361335,0.821011862097281,0.657173716371199,0.214181748235368
148.61,0,308.236312963919,0.00205450862649479,0.82289811955644,0.653748410756824,0.217372575081433
148.62,0,308.535800984102,0.00124357585672259,0.820788608824818,0.657356235956122,0.214421306081465
148.63,0,308.839167751179,0.003516011355725,0.821936691356874,0.657312165940922,0.21201170565752
148.64,0,309.146374247027,0,0.822517639998369,0.656573876880793,0.214924372846953
148.65,0,309.457380497153,0,0.824580282062834,0.656741284778196,0.216583120564143
148.66,0,309.772145588054,0,0.822135971553504,0.656455144275823,0.213343603298484
148.67,0,310.090627684958,0.00103607275715885,0.821561321820512,0.655414549923104,0.21453721260828
148.68,0,310.412784049901,0.00405536957318091,0.824358360437464,0.656551348507162,0.215608728026277
148.69,0,310.738571060175,0,0.82431029846024,0.654130036095785,0.216911770645156
148.7,0,311.067944227082,0,0.824754451978303,0.656349559094818,0.216891286343592
148.71,0,311.400858215009,0,0.827166982536826,0.654509145088225,0.213814828530277
148.72,0,311.737266860809,0.000586838298848327,0.825615141374483,0.656630037532699,0.215568126771599
148.73,0,312.077123193454,0,0.829213592217797,0.655492062177356,0.212292013982482
148.74,0,312.420379453968,0.000580608707658194,0.82805306799818,0.654023338246641,0.216195341176353
148.75,0,312.766987115603,0,0.825774222047571,0.655007397307823,0.214136414045254
148.76,0,313.116896904267,0.0017788171189355,0.827782336321329,0.65513321450918,0.214898963916851
148.77,0,313.470058819166,0,0.825784877490905,0.65461290358692,0.215285390825148
148.78,0,313.826422153663,5.33902570835146e-05,0.826212110864613,0.657111481076863,0.217177345472983
148.79,0,314.185935516326,0,0.827772369417484,0.654351729009357,0.213523087927194
148.8,0,314.54854685217,0.00195944226471144,0.827512748656113,0.654051276663151,0.215693153095352
148.81,0,314.914203464038,0,0.829271979823538,0.654073351558193,0.214136743904934
148.82,0,315.282852034171,0.000364958295835272,0.828238370623254,0.654316402388581,0.214631139860388
148.83,0,315.654438645885,0.00308284147919516,0.830056252929082,0.65404710650831,0.215823205749702
148.84,0,316.028908805382,0,0.830478698429764,0.654387653528514,0.217314187697519
148.85,0,316.406207463677,0,0.831267710856704,0.65320254954934,0.215969522334377
148.86,0,316.786279038614,0,0.829541240281802,0.654888277348555,0.216699846479178
148.87,0,317.169067436959,0.00154442155853194,0.83048230407305,0.652750992971929,0.215471310938886
148.88,0,317.554516076575,0.00156612000231757,0.831995370035247,0.655079886193885,0.216180477213698
148.89,0,317.942567908647,0.000935445616805948,0.83381312571102,0.654726064824773,0.215586180072636
148.9,0,318.333165439939,0.00081200475253524,0.831629409413123,0.652585704611902,0.214005217625214
148.91,0,318.726250755101,0,0.83107111704324,0.654458379215677,0.215060137857684
148.92,0,319.121765538976,0.000935611887531545,0.830111053157625,0.6534184148978,0.213302737634152
148.93,0,319.519651098919,0,0.834277443547108,0.652805827656791,0.21666623810351
148.94,0,319.919848387111,0,0.830941162746362,0.655757224298314,0.21340489378542
148.95,0,320.322298022849,0,0.83332400156854,0.650861537527386,0.215054920647072
148.96,0,320.726940314804,0,0.834216100859763,0.655388482735601,0.215328134871668
148.97,0,321.133715283251,0,0.830117092813989,0.653645820628345,0.215569968966166
148.98,0,321.542562682225,0.00133025099063537,0.836576690114602,0.652415905710121,0.215129605428859
148.99,0,321.953422021627,0.000744738469635466,0.834215800886435,0.65230284933413,0.216501457575524
149,0,322.366232589253,0.000178319689163341,0.835439931789996,0.653016699008657,0.217938058672939
149.01,0,322.780933472736,0,0.83377930827556,0.653040080584967,0.212743758790143
149.02,0,323.197463581401,0,0.835703415444752,0.653651072812458,0.216427213562499
149.03,0,323.615761667996,0.00128985305074982,0.834288797450066,0.65010643636486,0.216264410868167
149.04,0,324.035766350337,0.000798765358055021,0.83621497492549,0.65128728994242,0.214422241009447
149.05,0,324.457416132808,0.00246949533596089,0.836602485233756,0.652739852651582,0.216088921210998
149.06,0,324.880649427735,0,0.836848420969917,0.651836721597464,0.21513122346716
149.07,0,325.305404576628,0,0.837350225364791,0.652432467502008,0.2152929254034
149.08,0,325.731619871263,0.000722518261648501,0.837416267528388,0.652817580814839,0.213584271030547
149.09,0,326.159233574607,0.00246097913689614,0.837687896561075,0.649469727379644,0.212459809970944
149.1,0,326.588183941593,9.44247781778007e-06,0.838419776992739,0.650019835425362,0.214940909516848
149.11,0,327.018409239707,0.00049075904532095,0.838309100778919,0.650931200109948,0.216288965886726
149.12,0,327.449847769396,0.00056858262158703,0.838758035801685,0.652415176074113,0.214180245036285
149.13,0,327.882437884307,0.001504351438851,0.839347403712772,0.651070052759135,0.215020921380822
149.14,0,328.316118011313,0,0.837823058778131,0.651487372359032,0.214848786796017
149.15,0,328.750826670348,0,0.840359504273605,0.649871089980946,0.21267751194244
149.16,0,329.186502494038,0.000827298687591425,0.8418194119789,0.65161337019144,0.214887294754302
149.17,0,329.623084247122,0.00153595692655347,0.842102270418271,0.651126214966115,0.212886151263638
149.18,0,330.060510845644,0.00138761187591196,0.842375972047295,0.650570090472516,0.21677335510256
149.19,0,330.498721375944,0.000287449368517739,0.841710149046935,0.652624486854888,0.214576074648112
149.2,0,330.937655113399,0.00205974990071844,0.843202421970721,0.651532281741313,0.21592871957368
149.21,0,331.377251540944,0.00165104617900278,0.840919982338572,0.651549672553947,0.21515607717686
149.22,0,331.81745036736,0.00256417411377087,0.844153899353921,0.649814702321575,0.213197637113038
149.23,0,332.258191545304,0.00192654947235738,0.838158323264133,0.649287918794473,0.215722415356236
149.24,0,332.699415289116,0.000520504757840193,0.843095607505689,0.651313417773963,0.214806449394214
149.25,0,333.141062092352,0,0.84455441317053,0.64757537950155,0.214554926385197
149.26,0,333.583072745088,0,0.844315768193689,0.649948581900169,0.215236668692998
149.27,0,334.025388350948,0.000949523756015728,0.84772286168304,0.648540574254839,0.215777296590552
149.28,0,334.467950343884,0,0.845225707984861,0.649617193573062,0.217061129778207
149.29,0,334.910700504684,0.00040049875435264,0.846935002616856,0.648349859535682,0.215612998777318
149.3,0,335.35358097723,0.00181644653867687,0.846157151306234,0.648797468570428,0.216743837148295
149.31,0,335.796534284457,0.000136606401277462,0.845988317630244,0.652403499169586,0.215030539250453
149.32,0,336.239503344082,0,0.846837489616773,0.647907405473187,0.215732441943922
149.33,0,336.682431484025,0.000150120072072721,0.846935192035732,0.649663386790915,0.214237590936479
149.34,0,337.125262457566,0,0.847146833453147,0.646622290698449,0.215577738337301
149.35,0,337.567940458237,0.000853638666137408,0.848948089289566,0.649487697541288,0.213253941975489
149.36,0,338.010410134413,4.51572550979199e-05,0.850760567407302,0.647353594416179,0.214262921285048
149.37,0,338.452616603638,0,0.846648922283752,0.649316583880491,0.215291091183894
149.38,0,338.89450546666,0.00319087135163716,0.848412290643582,0.646948670258325,0.215411568248835
149.39,0,339.336022821194,0.00173313829800047,0.850314701823455,0.648780047009075,0.21512778123712
149.4,0,339.777115275379,0,0.849997710750556,0.647331067298015,0.216823060798844
149.41,0,340.217729960974,0,0.852086258593821,0.646745153091439,0.215426813491574
149.42,0,340.657814546253,0.000664449315092424,0.850310866208823,0.648969183804671,0.215280694397883
149.43,0,341.097317248603,0,0.850440772908428,0.64765240778236,0.216286119661137
149.44,0,341.536186846866,0.00249822213988937,0.851838883790479,0.646943766410602,0.216326357737182
149.45,0,341.974372693356,0,0.850932410354953,0.646435411431087,0.214043399327892
149.46,0,342.411824725606,0,0.855586876232876,0.648564723783093,0.215704439721269
149.47,0,342.848493477826,0.000792049323476204,0.850732276164943,0.645069394024723,0.216953837479721
149.48,0,343.28433009207,0,0.852598866144123,0.643154733003972,0.217484657413484
149.49,0,343.719286329102,0.000548553093236122,0.852814484876226,0.648094569326058,0.215025889152951
149.5,0,344.153314578987,0.0031133521193552,0.854658508048128,0.646228445364149,0.216855150724051
149.51,0,344.586367871387,0.00074618674152299,0.853087554282911,0.64718103385264,0.216396985727888
149.52,0,345.01839988557,0.0011959464371788,0.853524879414184,0.64412423412158,0.2124357946465
149.53,0,345.449364960116,0.000743929847864306,0.854007766071752,0.647322302488945,0.215179687110413
149.54,0,345.879218102358,0.002841165657099,0.85728651402243,0.646693968936417,0.216862868422077
149.55,0,346.307914997519,0,0.858489026784367,0.644400019185324,0.215342801335514
149.56,0,346.735412017555,0.00244463141181008,0.853742518092319,0.64753553160547,0.212433087596247
149.57,0,347.16166622973,0,0.858125773038543,0.647671514000971,0.21503003211796
149.58,0,347.586635404891,0,0.858014077792728,0.648322003871222,0.216064527869313
149.59,0,348.010278025454,0.000567934405943091,0.856985974980024,0.645666490631654,0.214549045122559
149.6,0,348.432553293116,0.00146148280112797,0.85675061107108,0.645404778409634,0.216440303464457
149.61,0,348.85342113628,0.000454295848952349,0.858204154844129,0.645385563410317,0.213039320048042
149.62,0,349.272842217179,0.000565708491013563,0.860626826960633,0.644874897844249,0.212795066082042
149.63,0,349.690777938746,0,0.857781247552199,0.648570454531809,0.218255594055831
149.64,0,350.107190451179,0,0.8585795998135,0.649388735263006,0.216366948353408
149.65,0,350.522042658231,0.00136270775382537,0.857858015861259,0.645057732906592,0.218447621751404
149.66,0,350.935298223228,0.000874681575436665,0.863033890129121,0.645097432795554,0.214914839263555
149.67,0,351.346921574799,0,0.861001204643321,0.644197862164469,0.214160018823031
149.68,0,351.756877912324,0,0.860932745497951,0.645405707428073,0.213717454294361
149.69,0,352.165133211124,0.000598960993818918,0.859222037718235,0.646458477246688,0.213818738436768
149.7,0,352.571654227356,0.00108994252427276,0.864013592735571,0.645958185159185,0.217103339663439
149.71,0,352.976408502636,0.0013722806158471,0.862819090925767,0.644030770426608,0.216584362493745
149.72,0,353.379364368402,0.0010643851888384,0.862790947485181,0.647545219954227,0.21548784960266
149.73,0,353.780490949988,0.000271745488005843,0.863993357818094,0.645426180747175,0.212822428712047
149.74,0,354.179758170443,0.000167978116041183,0.864458598680739,0.644776086203334,0.216679319867913
149.75,0,354.577136754058,0.000503654453619053,0.863591906648447,0.647827166917847,0.213834701910347
149.76,0,354.972598229651,0.000771237295862347,0.864579294391692,0.645503612946632,0.214558983810398
149.77,0,355.36611493357,0,0.866599727769665,0.645405462152361,0.212455243617645
149.78,0,355.757660012417,0.00367110934018621,0.86647580812616,0.646770122083965,0.214046268315755
149.79,0,356.147207425545,0.000696885040503111,0.866329408799241,0.640854459898798,0.214872877295668
149.8,0,356.534731947247,0,0.868054267071213,0.641913276320547,0.215708900048871
149.81,0,356.920209168716,0,0.865776054175824,0.64272804521817,0.214350381431735
149.82,0,357.303615499728,0,0.866179754535192,0.645042850852558,0.215145800386467
149.83,0,357.684928170072,0.000591751953302151,0.86941059794656,0.645203311544318,0.216032083724995
149.84,0,358.064125230712,0,0.86834616212753,0.644874279688723,0.214102477014792
149.85,0,358.44118555471,0.00216120710499055,0.86907109347502,0.640455898088101,0.217109076930085
149.86,0,358.816088837874,0,0.868270209950804,0.643876796520808,0.215415088139442
149.87,0,359.188815599164,0,0.867300856829976,0.645847266035458,0.21383312016057
149.88,0,359.559347180841,0.00063600994747837,0.868809538652678,0.643853286719966,0.213763801867938
149.89,0,359.927665748368,0.00168558084083707,0.868825821881199,0.64328453402252,0.21596388460306
149.9,0,360.293754290051,0.000587425091879604,0.871497733687529,0.643639635698182,0.216040044976117
149.91,0,360.657596616447,0.00111560333694092,0.870886938507937,0.644314439016611,0.212882777649576
149.92,0,361.019177359513,0,0.870291941338451,0.644476674226577,0.216673936667146
149.93,0,361.378481971506,0,0.870162926544702,0.643327602878043,0.21692927450581
149.94,0,361.735496723655,0.00123464767867145,0.873978467920557,0.643772627818441,0.21527963521508
149.95,0,362.090208704572,0.00137104106449602,0.873064466333129,0.643955268774537,0.216200077051022
149.96,0,362.442605818431,0.00101823426234061,0.874261625751888,0.642103285511273,0.219080817865632
149.97,0,362.792676782907,0,0.874051842090144,0.643105082153849,0.214676091372103
149.98,0,363.140411126868,0.00037788751127462,0.873443655300684,0.644752733717879,0.217114425423321
149.99,0,363.485799187845,0.000356566191009527,0.872493423136868,0.647026841215771,0.215293033980825
150,0.2,363.828832109241,0.00144003375754504,0.874981137101949,0.642891177537798,0.214080182741668
150.01,0.2,364.169501837339,0.000244671983830758,0.876710819165592,0.642127783047413,0.216474674305931
150.02,0.2,364.507801118044,0,0.877612606118815,0.642469891818098,0.216493753114124
150.03,0.2,364.843723493414,0.00103103166573052,0.876776509756862,0.645219594968086,0.213233754047894
150.04,0.2,365.177263297958,0.00123729177965558,0.87953577049419,0.643831048880904,0.21658479389573
150.05,0.2,365.5084156547,0,0.874605485997327,0.645113573012822,0.214722493509199
150.06,0.2,365.837176471013,0.000266268200147844,0.875168806740693,0.645031303266351,0.212904574176362
150.07,0.2,366.163542434245,0.00133865774147625,0.876534532863591,0.645000971635577,0.214769972468898
150.08,0.2,366.487511007098,3.54455606990098e-05,0.877781120316076,0.644395386908123,0.21455196035186
150.09,0.2,366.809080422801,0.000831634283952494,0.878234635091937,0.644144626819248,0.214493027873504
150.1,0.2,367.128249680056,0,0.879306048750981,0.642733410356551,0.215837489457071
150.11,0.2,367.445018537768,0,0.882711462631172,0.643945581097016,0.214606346041835
150.12,0.2,367.759387509547,0,0.883170468185653,0.642417814199823,0.215017083941783
150.13,0.2,368.071357858014,0.00216043432403881,0.879739672878695,0.647209989808583,0.214696960094304
150.14,0.2,368.380931588874,0.000234840450890234,0.879361133880003,0.64605155676007,0.214535235327376
150.15,0.2,368.688111444777,0.000572821270953328,0.87917558283381,0.642651743122554,0.21483966198293
150.16,0.2,368.992900898991,0.000668175897628328,0.880455751826925,0.643271731610514,0.214570503626338
150.17,0.2,369.295304148834,0.00186807231976824,0.882721238992727,0.644912741037028,0.21720203041601
150.18,0.2,369.59532610892,0.00141067001574466,0.884861802535526,0.644002962345779,0.21544948274002
150.19,0.2,369.892972404194,8.8186602094478e-05,0.882611384113636,0.645138899106845,0.216457632852886
150.2,0.2,370.188249362763,0.000668838806888369,0.884799296397542,0.644836798535989,0.213966209882481
150.21,0.2,370.481164008518,0.00197136950298303,0.884822823105983,0.644807863694924,0.215451787536431
150.22,0.2,370.771724053574,0,0.883089202041249,0.643572185929036,0.212897660492474
150.23,0.2,371.059937890489,0,0.8839380916818,0.641066912694467,0.215314812045516
150.24,0.2,371.345814584308,0.0011898246455077,0.886196004139627,0.64316649149286,0.217313604558504
150.25,0.2,371.629363864397,0,0.888541327405352,0.643795646764846,0.215037983813415
150.26,0.2,371.910596116094,0.000797782527280273,0.887694665191882,0.644050734615896,0.215618394854837
150.27,0.2,372.18952237217,0,0.885954897097699,0.643597325211482,0.214523462588187
150.28,0.2,372.466154304089,0.00124031326607777,0.889736018863074,0.644205543186187,0.212377885974246
150.29,0.2,372.740504213109,5.67106528062795e-06,0.885831440923574,0.643291649163431,0.214374196502835
150.3,0.2,373.012585021167,0.000848428286420481,0.888825705499652,0.64571477991865,0.218387339485786
150.31,0.2,373.282410261611,0.00120184930393485,0.888941663619052,0.644467248053185,0.213932427005553
150.32,0.2,373.549994069731,0.000531363287587179,0.890353235132014,0.64810823513171,0.216225226764447
150.33,0.2,373.815351173134,0.000542375870267209,0.889545536626179,0.645161343254249,0.212210772553673
150.34,0.2,374.078496881924,0,0.891356096675253,0.644657190405691,0.214578543032528
150.35,0.2,374.339447078725,6.06564449272807e-05,0.889060574263447,0.644565969889621,0.21254858150549
150.36,0.2,374.598218208532,0.000733891896329965,0.886620391491657,0.646690926452689,0.21419212177875
150.37,0.2,374.854827268385,0,0.893689411084981,0.646635767951856,0.21482225796071
150.38,0.2,375.1092917969,0.00117548629774656,0.891214909889495,0.644958085017539,0.214492505986092
150.39,0.2,375.361629863609,0,0.890291634738945,0.645839955648434,0.213397992875077
150.4,0.2,375.611860058174,0.00177204318349966,0.891868145219676,0.64247619041662,0.215237464471513
150.41,0.2,375.860001479414,0,0.895327637206716,0.645472327778843,0.214642626996851
150.42,0.2,376.106073724206,0.00164380763321901,0.892636189733313,0.644105513316026,0.214407238021072
150.43,0.2,376.350096876213,0,0.894605977673152,0.643931143252866,0.21545831020391
150.44,0.2,376.592091494481,0.00102703731842129,0.895052078911065,0.643677511682927,0.213250815187764
150.45,0.2,376.832078601882,0.000892962993887063,0.896020722214846,0.646187644123078,0.216077867950739
150.46,0.2,377.07007967342,0.0013503500506087,0.896516741932794,0.646352622229394,0.217191757940964
150.47,0.2,377.306116624399,0.00138635511417409,0.896551514748556,0.644436614322498,0.215625923946884
150.48,0.2,377.540211798452,0.000722480814322986,0.894945635872622,0.644846028655857,0.214694657739257
150.49,0.2,377.772387955444,0,0.895261896891806,0.644288901804441,0.215934564968654
150.5,0.2,378.002668259242,0,0.893513454193801,0.645625700154279,0.214852555170017
150.51,0.2,378.231076265362,0.000973719500624036,0.897478079532334,0.647271389247181,0.216921168032495
150.52,0.2,378.457635908496,0.00191650927182637,0.896930335528463,0.645516128287797,0.215373354733814
150.53,0.2,378.682371489916,0,0.896097318831316,0.646622534875611,0.21267843035324
150.54,0.2,378.905307664769,0.00127751947031149,0.898875003890012,0.647769944127542,0.215872367596882
150.55,0.2,379.126469429262,0.000343461767192296,0.900048519757756,0.648520601820614,0.215567075731047
150.56,0.2,379.345882107728,0.00136597409366545,0.898903265135095,0.647944732824512,0.216261943110122
150.57,0.2,379.56357133961,0,0.89659779026877,0.647121714188257,0.214056687812332
150.58,0.2,379.779563066326,0,0.902266125320743,0.649439658013843,0.215542160416244
150.59,0.2,379.993883518046,0.000614131925506979,0.90098233770275,0.649463078087591,0.213498064044773
150.6,0.2,380.206559200381,0,0.899883613502645,0.648329862906737,0.21478056108821
150.61,0.2,380.417616880984,0,0.899557001495402,0.651663021894155,0.216636381939255
150.62,0.2,380.627083576054,0,0.903222034153579,0.647032467277716,0.215820132099793
150.63,0.2,380.834986536788,0,0.900830537151544,0.647662847343347,0.215218519353445
150.64,0.2,381.041353235733,0.00147194325804939,0.899852015025679,0.649659067871989,0.2128893661135
150.65,0.2,381.246211353076,0,0.900327929349977,0.648477572431122,0.215358794536377
150.66,0.2,381.449588762878,0,0.903879704059363,0.648663976154511,0.21478023458092
150.67,0.2,381.651513519231,0,0.903671227738333,0.647745904493404,0.214846363994672
150.68,0.2,381.852013842367,0.000194794212919804,0.901108547950006,0.649636203001583,0.214520833360459
150.69,0.2,382.051118104715,0.0012923653282172,0.904721526117862,0.648661660584309,0.214542568781687
150.7,0.2,382.248854816906,0.000547649972796908,0.903760108303173,0.649560604877065,0.215350991085292
150.71,0.2,382.445252613737,0.00133886559574535,0.90382395974866,0.650229779400788,0.218894594131531
150.72,0.2,382.640340240101,0.000876175654394022,0.903603879735592,0.64945313513804,0.215183183862556
150.73,0.2,382.834146536875,0.00158764897583833,0.904187473787317,0.647565854856913,0.215174217345248
150.74,0.2,383.026700426789,0,0.906054537594037,0.649623301332647,0.215792310075679
150.75,0.2,383.218030900266,0,0.906997528147357,0.650117108522165,0.215015813704425
150.76,0.2,383.408167001242,0,0.906367451469678,0.650581047479342,0.212648574659753
150.77,0.2,383.597137812985,0,0.906022974848631,0.65006877253358,0.215333636984129
150.78,0.2,383.784972443882,0.00144252201611094,0.906234627083713,0.64933749502704,0.214780619241475
150.79,0.2,383.971700013254,0.000599655792384589,0.907818150221968,0.651117745722977,0.213202188191967
150.8,0.2,384.157349637146,0,0.910047805605675,0.649011377918605,0.216046608759268
150.81,0.2,384.341950414138,0.00125716925253119,0.907741843007344,0.6502611596871,0.218114188040248
150.82,0.2,384.525531411169,0.000362140483714727,0.909315128425898,0.651628926392018,0.213775429269831
150.83,0.2,384.708121649378,0,0.907581624935314,0.652257021946344,0.214921758480661
150.84,0.2,384.88975008996,0.00210022305807816,0.907711179415073,0.650170232667923,0.214041399325174
150.85,0.2,385.070445620068,0.000630107301647353,0.911071136832162,0.649929067121198,0.216787059505552
150.86,0.2,385.250237038735,0,0.911472204090264,0.650988698443832,0.214724391830789
150.87,0.2,385.42915304284,0.00174155467253135,0.911407233077023,0.651998260430711,0.212596621203705
150.88,0.2,385.607222213126,0.00163562942426937,0.910707187684408,0.65076969322676,0.217357048051452
150.89,0.2,385.78447300026,0.000348457682302466,0.911476573074039,0.651882097041376,0.216144923389978
150.9,0.2,385.960933710956,0,0.91400162767252,0.653860782439326,0.21623029998845
150.91,0.2,386.136632494156,0.0022933049950476,0.912303356280192,0.649918689433704,0.214520265127511
150.92,0.2,386.311597327287,0.000338261272394666,0.913593955387229,0.65055177470417,0.214026734192982
150.93,0.2,386.485856002576,0,0.912542895096237,0.64962696905565,0.217674074427906
150.94,0.2,386.659436113467,0,0.913704728909279,0.652229161308368,0.214313864110642
150.95,0.2,386.8323650411,0,0.914121552742451,0.652524375943716,0.215953904546226
150.96,0.2,387.004669940895,0.000324551154769934,0.915316817827217,0.653796600649634,0.215615569067946
150.97,0.2,387.176377729229,0,0.913168132599105,0.652652926725936,0.214963092879001
150.98,0.2,387.347515070214,0,0.911488747011103,0.649593058364511,0.21813483620658
150.99,0.2,387.518108362581,0.0023044815137787,0.912923734934457,0.652316178214307,0.214004967523292
151,0.2,387.688183726681,0,0.917162035583346,0.650579731340035,0.214945933141623
151.01,0.2,387.857766991604,0,0.918775142731311,0.653084794834976,0.214673829478978
151.02,0.2,388.02688368242,0,0.916956913243501,0.652897226110766,0.214059596814429
151.03,0.2,388.195559007551,0,0.916602998347924,0.652940655877126,0.214850563107699
151.04,0.2,388.363817846283,0,0.918094151585761,0.653435758093459,0.213598080073881
151.05,0.2,388.531684736414,0.00239588490438964,0.917860256022475,0.65342655563013,0.21637066857195
151.06,0.2,388.699183862048,0.000263388407811248,0.916164218981351,0.651902289847834,0.21518305907115
151.07,0.2,388.866339041548,0.000378969718038179,0.918925311149886,0.655333392539902,0.215209256013551
151.08,0.2,389.033173715644,0,0.918539443437435,0.653676355146749,0.213483349637816
151.09,0.2,389.199710935694,0.000904950861855774,0.917835462036745,0.651383491917455,0.215521195147654
151.1,0.2,389.365973352131,0,0.916751295075819,0.654655655298474,0.215778449436753
151.11,0.2,389.531983203072,0.000704263016539535,0.92007033562461,0.651761598383256,0.213870887918913
151.12,0.2,389.697762303107,0.000669827776969683,0.919516198619205,0.653735404102597,0.214609520382087
151.13,0.2,389.863332032276,4.13393087787784e-05,0.920141543165583,0.65469345031025,0.21565696912312
151.14,0.2,390.028713325234,0,0.919479115935041,0.653574177433837,0.215831351011381
151.15,0.2,390.193926660602,0.000421408528978621,0.922030324359032,0.654418112100933,0.214572111843585
151.16,0.2,390.358992050538,0,0.919280785080757,0.655062644928684,0.215085611772553
151.17,0.2,390.523929030486,0,0.920596207855028,0.653507315679752,0.216123489695956
151.18,0.2,390.688756649153,0,0.919405099493535,0.653370198924127,0.213912216080703
151.19,0.2,390.853493458693,0,0.920243340565157,0.654332856474985,0.21351589652585
151.2,0.2,391.018157505109,0,0.920576155348247,0.655245597985383,0.211475973077684
151.21,0.2,391.182766318876,0.00241117229661562,0.92065462750703,0.653761429754663,0.215071907271451
151.22,0.2,391.347336905798,0.000873139132396374,0.921065252059781,0.655054447300953,0.214431616522193
151.23,0.2,391.511885738092,0.000869460568167636,0.920746753341854,0.653903203184162,0.216021431444428
151.24,0.2,391.676428745703,0.00239255352364781,0.923688116533758,0.654305957237375,0.214037393529213
151.25,0.2,391.84098130787,0.000477309219786659,0.925465586808054,0.653030787658789,0.215801779506128
151.26,0.2,392.005558244928,0.000175100611940344,0.922898786639524,0.65444587402502,0.215514533063371
151.27,0.2,392.170173810362,0.00195746107691207,0.926365431353699,0.656249282840803,0.212607981852887
151.28,0.2,392.334841683108,0,0.92422265424569,0.658891060276782,0.213534384614416
151.29,0.2,392.499574960114,0,0.924057232852885,0.656096404245957,0.216736105945272
151.3,0.2,392.664386149161,0,0.926008381968831,0.654911391332655,0.216265145169817
151.31,0.2,392.829287161938,0,0.924613775201077,0.65619789140584,0.215781712997713
151.32,0.2,392.994289307395,0,0.924704512020387,0.655521861886737,0.214834206297446
151.33,0.2,393.159403285353,0.00249958058970426,0.923934104693431,0.655791756074686,0.216017597259896
151.34,0.2,393.324639180395,0.00242671545062132,0.924909947337578,0.656107899998039,0.213681992188148
151.35,0.2,393.490006456024,0,0.927675745283244,0.65698070081701,0.217178164723091
151.36,0.2,393.655513949107,0.000657040184929159,0.926348431183222,0.656572221964701,0.216533719125608
151.37,0.2,393.821169864592,0,0.927014931962734,0.655964741547671,0.214595713731237
151.38,0.2,393.986981770508,0.00105990686196528,0.929215662565198,0.653332044917067,0.215123102484633
151.39,0.2,394.152956593258,0.000690463385272696,0.926371217464557,0.656626149298314,0.215454582479316
151.4,0.2,394.319100613185,0.000778028151870882,0.92826809576925,0.657452742895392,0.216649624067763
151.41,0.2,394.485419460442,0.000151948665194445,0.929207256100189,0.655478955836137,0.213565503995514
151.42,0.2,394.65191811114,0,0.92640042376465,0.657849592914582,0.215185312680864
151.43,0.2,394.818600883798,0,0.928245353234161,0.655783611396766,0.216396803859171
151.44,0.2,394.985471436082,0,0.928405084762988,0.65553628150658,0.216092699902428
151.45,0.2,395.152532761843,0,0.928896265708182,0.657703330410945,0.215030064281915
151.46,0.2,395.319787188443,0,0.927993256639371,0.654051132274566,0.213409439742293
151.47,0.2,395.487236374392,0,0.930827764188485,0.655901889784007,0.215169283318447
151.48,0.2,395.654881307274,0.000326418714019081,0.929698949704856,0.658413118511232,0.216791500425415
151.49,0.2,395.822722301976,0,0.930083866156329,0.654986098305486,0.212718716098164
151.5,0.2,395.990758999213,0,0.931938268886984,0.656781121041299,0.21576533050843
151.51,0.2,396.158990364362,0,0.926057487149172,0.655602067908255,0.217876319212641
151.52,0.2,396.327414686586,0,0.930597047963008,0.656992961849107,0.214800518039895
151.53,0.2,396.496029578265,0,0.928289663679546,0.657321207604672,0.215351259165373
151.54,0.2,396.664831974726,0,0.931968804194411,0.654710120902676,0.215924466154503
151.55,0.2,396.833818134279,0,0.930892466607608,0.65562590768834,0.213997763477967
151.56,0.2,397.002983638536,0.00275446014343455,0.929920600342637,0.657121264830863,0.217059371222588
151.57,0.2,397.172323393051,1.19745209646522e-05,0.9342036372715,0.656306319413412,0.215217128617877
151.58,0.2,397.341831628247,0,0.932464808666403,0.656143449488807,0.216646717281705
151.59,0.2,397.511501900637,0.00217939712835914,0.930997781932103,0.655149205547939,0.216216487854756
151.6,0.2,397.681327094351,0.00143849545828547,0.931879683218706,0.6539543444798,0.215898969775918
151.61,0.2,397.851299422955,0,0.931339005935564,0.656390166394024,0.213140502209811
151.62,0.2,398.021410431562,0.00268583168857137,0.934662288824187,0.658063787821253,0.214941297238607
151.63,0.2,398.191650999236,0.000852691772850593,0.935346483469587,0.6566735705688,0.214763472728615
151.64,0.2,398.362011341693,0.000218852685513158,0.929671204494953,0.658001254155946,0.215450615832947
151.65,0.2,398.532481014279,0,0.931930034813075,0.656219454797432,0.217445732075921
151.66,0.2,398.703048915249,0,0.935347172645852,0.656869938602824,0.215480290780903
151.67,0.2,398.873703289322,0.00141118872040234,0.935867304415479,0.658757019700592,0.215178322621873
151.68,0.2,399.044431731518,0.00156628423843469,0.933855662076847,0.658429930262855,0.214842038100608
151.69,0.2,399.215221191283,0.000646373316510795,0.935408379672507,0.656817759222194,0.214904654775947
151.7,0.2,399.386057976888,0,0.934988506020162,0.656170760531398,0.213631549524887
151.71,0.2,399.556927760096,0,0.934992634229251,0.655762940148816,0.215092206394108
151.72,0.2,399.727815581113,0,0.934333727240273,0.655716934448829,0.210802623562328
151.73,0.2,399.898705853802,0.000614721939625795,0.937067318960148,0.6564808615422,0.215190091968109
151.74,0.2,400.069582371164,0,0.93597015731503,0.655426287616837,0.2153171379286
151.75,0.2,400.240428311079,0,0.939063957151297,0.65848157733291,0.217866889629346
151.76,0.2,400.411226242314,0,0.93502831500456,0.657011237149759,0.216533616639593
151.77,0.2,400.581958130782,0,0.939365506631209,0.656891609601712,0.214688630404777
151.78,0.2,400.752605346052,0.00075087454779374,0.933578892693587,0.657311938199606,0.215407211253718
151.79,0.2,400.923148668112,0.000781488311551393,0.939996163306957,0.654259020914168,0.21304957146618
151.8,0.2,401.093568294376,0.000836250721987086,0.937260834515444,0.655391396078875,0.213038343759522
151.81,0.2,401.263843846931,0,0.938483092534768,0.656244061084705,0.214233912309016
151.82,0.2,401.433954380022,0.00222555682620073,0.938095613905429,0.655565254827437,0.215323137845983
151.83,0.2,401.603878387767,0.000119817485602407,0.937468461715422,0.655471192285624,0.21720487218751
151.84,0.2,401.773593812107,0.00140575468424126,0.939416572869321,0.654928612108322,0.213431161413428
151.85,0.2,401.943078050978,0,0.939364852323751,0.657523834035495,0.218302218145594
151.86,0.2,402.112307966696,0,0.937212267435785,0.655213117269177,0.215419879666452
151.87,0.2,402.281259894569,0,0.939347141893397,0.655704617325302,0.216402501359154
151.88,0.2,402.449909651715,0.000535975682529044,0.939472603420803,0.65645704237662,0.217018844773064
151.89,0.2,402.618232546081,0,0.937148453389122,0.655679714868797,0.213931028045983
151.9,0.2,402.786203385672,0.00350828611807668,0.93830824810758,0.657191276903787,0.214959843888161
151.91,0.2,402.953796487975,0.000567355022578965,0.937594650791223,0.657881564245952,0.215591701859739
151.92,0.2,403.120985689569,0,0.937785947225619,0.655888591529675,0.212397363489454
151.93,0.2,403.287744355932,0,0.939784606243806,0.65577293710905,0.215291250281873
151.94,0.2,403.454045391418,0,0.939870838863605,0.658115510270792,0.217079777208636
151.95,0.2,403.619861249424,2.44299598909323e-05,0.938591130912243,0.656449795087335,0.214141295433862
151.96,0.2,403.785163942717,0,0.938565341715572,0.655120613682719,0.21239829556934
151.97,0.2,403.949925053938,0,0.940178925936967,0.652925680060376,0.217182109435023
151.98,0.2,404.11411574626,0,0.937532976634963,0.653927728789244,0.214807083424583
151.99,0.2,404.277706774207,7.69231030124248e-05,0.9412055675053,0.65381097045864,0.215969896746228
152,0.2,404.44066849462,0.0011562977716117,0.940480301245936,0.654235116448165,0.214193027152526
152.01,0.2,404.602970877776,0.0017837039415629,0.938080094365571,0.657253381198794,0.216696220142387
152.02,0.2,404.764583518638,0.00163757232556869,0.943468128827604,0.654520109794289,0.212851065062632
152.03,0.2,404.925475648248,0.00100995742457781,0.94072037219136,0.656598824716877,0.215618612145073
152.04,0.2,405.085616145248,0,0.941495685239927,0.655447005508685,0.214435531214666
152.05,0.2,405.244973547522,0,0.93992729683263,0.654880134768821,0.213415612896234
152.06,0.2,405.403516063961,0.00144723436354197,0.94004003058909,0.653530681800056,0.212904574694878
152.07,0.2,405.561211586339,0.00181451551228841,0.941905028610585,0.653335546392522,0.213113211036273
152.08,0.2,405.718027701304,0,0.940121876889422,0.651952556667516,0.213392339344599
152.09,0.2,405.873931702459,0.00114039831308581,0.94070142447244,0.651733910046446,0.214343781996911
152.1,0.2,406.028890602555,0.00211287474679867,0.944309900405316,0.654582306095955,0.213631151679031
152.11,0.2,406.182871145765,0.000395561197519783,0.941232832573169,0.652991397203827,0.217944068306903
152.12,0.2,406.33583982005,0,0.940706404887656,0.652073742742359,0.215951412427741
152.13,0.2,406.487762869609,0,0.943508017866504,0.653668931036169,0.216371395333096
152.14,0.2,406.638606307395,0,0.939725113636267,0.652548639324986,0.216691673081559
152.15,0.2,406.788335927713,0,0.942118219722088,0.651995626008543,0.216290893409753
152.16,0.2,406.936917318877,0.000673028847324794,0.942407207342977,0.65240125622077,0.215922999587724
152.17,0.2,407.08431587593,0,0.940912337929937,0.652741036572904,0.217228324426298
152.18,0.2,407.230496813413,0,0.94399391035456,0.651956982771965,0.216755389034724
152.19,0.2,407.375425178189,0.00117575573794268,0.941504659374423,0.653232691741051,0.213703588881512
152.2,0.2,407.519065862315,0.00188540682383146,0.943671565353445,0.653230035791458,0.214803505609796
152.21,0.2,407.661383615939,0,0.945179704006566,0.653163453713567,0.215048128618542
152.22,0.2,407.802343060248,0,0.944013234155262,0.649872429620557,0.21332311940041
152.23,0.2,407.941908700432,0,0.94690488502181,0.648827395126759,0.215819515295826
152.24,0.2,408.080044938676,0.00113879115792301,0.940999005414079,0.653141035240354,0.214387595547422
152.25,0.2,408.216716087172,0,0.941200342815341,0.652238388644711,0.215687670132316
152.26,0.2,408.351886381145,0.000177367090177872,0.942635702052116,0.653253641496817,0.214189808547103
152.27,0.2,408.485519991885,0,0.943261987138931,0.650299388490019,0.216579825278675
152.28,0.2,408.617581039783,0.00184547217287925,0.943516123858674,0.651473581937001,0.214058373448544
152.29,0.2,408.748033607369,0.0017533314014631,0.941666715148511,0.651680791285072,0.217227711219089
152.3,0.2,408.876841752341,0,0.943831487289475,0.648486630385866,0.217323364833662
152.31,0.2,409.003969520586,0,0.943234878377896,0.651789553961005,0.213702337158123
152.32,0.2,409.129380959184,0.000129634769367116,0.94504063369151,0.650573966369549,0.213438767702634
152.33,0.2,409.253040129392,0,0.941760986554866,0.64821641620173,0.215954170378293
152.34,0.2,409.374911119604,0,0.944507163503464,0.650893094513791,0.215768023217204
152.35,0.2,409.494958058287,0,0.944636703681345,0.646430612633101,0.215002011036499
152.36,0.2,409.613145126871,0.000235651504679199,0.94218766240263,0.649391432906411,0.213390321456526
152.37,0.2,409.729436572615,0,0.94132019583326,0.650252531885882,0.215099804121285
152.38,0.2,409.843796721424,0,0.942513413026573,0.650264081501071,0.213308498372509
152.39,0.2,409.95618999062,0.00131666069916919,0.944139426376607,0.648647918923573,0.216676043805445
152.4,0.2,410.066580901662,0.00294853000444338,0.94392288574796,0.649846616030224,0.214052209220666
152.41,0.2,410.174934092813,0.00246876347545697,0.941907660517366,0.648137980678515,0.214058041262627
152.42,0.2,410.281214331751,0.000859213045865861,0.943638850555354,0.651256149650102,0.215292756928774
152.43,0.2,410.385386528108,0,0.941563278120203,0.649713713805821,0.215853136160114
152.44,0.2,410.48741574595,0.000263287207257936,0.945742124928425,0.649548860086585,0.214490248731753
152.45,0.2,410.587267216188,0,0.942309715303969,0.646860801769512,0.21501873836986
152.46,0.2,410.684906348907,0.00055263043144667,0.942637339455793,0.64977921449318,0.215097997838485
152.47,0.2,410.780298745622,0,0.942023686569959,0.647192264562074,0.21612232389674
152.48,0.2,410.87341021145,0.000367905852638156,0.944974945758631,0.649438907961544,0.214999040075022
152.49,0.2,410.964206767201,0,0.943914700986618,0.645457973475873,0.214575048828688
152.5,0.2,411.052654661371,0.00197646404312225,0.945183063955284,0.648019063603969,0.216268402209479
152.51,0.2,411.138720382055,0,0.945384636858746,0.648544626261632,0.215326124352971
152.52,0.2,411.222370668752,0,0.945593979994908,0.648325091686519,0.215890102391371
152.53,0.2,411.303572524078,0,0.943759944613021,0.651421788964342,0.214786129810347
152.54,0.2,411.382293225378,0.000416438624581985,0.942350598910244,0.645749488169677,0.217727290368796
152.55,0.2,411.458500336222,0.000791850593242114,0.942991914090599,0.647846632559557,0.21374276214644
152.56,0.2,411.532161717809,0,0.945179839640549,0.644769212644117,0.213845578631116
152.57,0.2,411.603245540242,2.69330109043386e-05,0.943374713764639,0.646299157629163,0.214872017028262
152.58,0.2,411.671720293698,0,0.943313130200948,0.647102997611812,0.215058054982137
152.59,0.2,411.737554799484,0.0017716840899396,0.942118115459199,0.645234194579187,0.214663363641714
152.6,0.2,411.800718220959,0,0.94498833885462,0.647245588842865,0.214522274642925
152.61,0.2,411.861180074344,0.00342382739939,0.941439045361294,0.648740053188077,0.215040283505216
152.62,0.2,411.918910239403,0,0.942724810980804,0.646284767074845,0.213695772873809
152.63,0.2,411.973878969994,0.00038416987517893,0.945733931269822,0.646452210753607,0.215075482947927
152.64,0.2,412.026056904492,0,0.943799985906663,0.647913105657095,0.2131257841664
152.65,0.2,412.07541507607,0,0.943771792509721,0.647848410314341,0.214912882666323
152.66,0.2,412.121924922855,0,0.941529068721955,0.644191546039255,0.215413181909174
152.67,0.2,412.165558297936,0.000998164405587568,0.944440096002994,0.643624351604806,0.213705177819153
152.68,0.2,412.206287479237,0,0.945228472278037,0.64672517813481,0.212332560859408
152.69,0.2,412.244085179243,0.0039517416590507,0.943814343322009,0.644960198563742,0.214902705474663
152.7,0.2,412.278924554582,0,0.942475764622016,0.64504429261433,0.212515719977571
152.71,0.2,412.310779215457,0.00219053154742934,0.941486317811175,0.645132762209029,0.215728137090113
152.72,0.2,412.339623234934,0,0.94494591425426,0.643260151644464,0.215824976495599
152.73,0.2,412.36543115807,0,0.941474971830065,0.647778552516301,0.216028554029338
152.74,0.2,412.388178010896,0.000878290816823589,0.944435047116946,0.644906624782481,0.214937662048978
152.75,0.2,412.407839309232,0.000196418857788884,0.942732199571485,0.645383109259838,0.215386543906583
152.76,0.2,412.42439106736,0.00042573219896026,0.941854511570466,0.646804132651531,0.215706459670706
152.77,0.2,412.437809806522,5.81213553710136e-05,0.942514639413123,0.64573327915812,0.213247152999846
152.78,0.2,412.448072563271,0.000762741152283137,0.943929379628559,0.644426661037444,0.214516698999215
152.79,0.2,412.455156897643,0,0.944616882084365,0.64729423341631,0.216650486112728
152.8,0.2,412.45904090118,0,0.942454997491087,0.643857275840472,0.211606644327549
152.81,0.2,412.459703204778,0.00089876970922717,0.941538507457038,0.642487519847182,0.214361691742214
152.82,0.2,412.457122986365,0,0.944003763518105,0.64521451498815,0.213799885759854
152.83,0.2,412.451279978417,0.000815927508040487,0.942685422711905,0.642975085423608,0.215021597052803
152.84,0.2,412.4421544753,0,0.941238821447361,0.644478472109711,0.214955493354674
152.85,0.2,412.429727340434,0,0.94469643246719,0.642313152561446,0.21611512128142
152.86,0.2,412.413980013292,0,0.941528519203962,0.64697028533552,0.217253381270591
152.87,0.2,412.394894516218,0.000642541132599537,0.943211219807437,0.645214422821076,0.215516539657663
152.88,0.2,412.372453461074,0,0.943120034737336,0.643871364232362,0.213725190830746
152.89,0.2,412.346640055698,0,0.942383780236209,0.644506046325329,0.21577522812439
152.9,0.2,412.317438110201,0,0.941661349995599,0.648307393372409,0.213928296146825
152.91,0.2,412.284832043065,0,0.94057336805969,0.645332666345317,0.217088743883412
152.92,0.2,412.248806887075,0,0.941787487623932,0.643800072891134,0.214551155678348
152.93,0.2,412.209348295057,0,0.938832656228748,0.644917482468465,0.212936719485617
152.94,0.2,412.166442545444,0.00128019035502169,0.942474026238095,0.64535784461304,0.213437949427312
152.95,0.2,412.120076547645,0.00248436349045589,0.94107469331208,0.645660711806143,0.21472996662591
152.96,0.2,412.07023784724,0,0.942440926131648,0.643733174798704,0.214797705246624
152.97,0.2,412.016914630981,0,0.94086150994606,0.643471227766433,0.214985267116345
152.98,0.2,411.960095731613,0,0.939827035846136,0.648435994010939,0.216187149584646
152.99,0.2,411.899770632495,0,0.940170023971047,0.643307712284736,0.215608880007802
153,0.2,411.835929472048,0.000993990486563834,0.940026778198564,0.645051841044811,0.21590728952951
153.01,0.2,411.768563048001,0,0.939760616274643,0.645259844291097,0.215779329829815
153.02,0.2,411.697662821448,0,0.940711794383936,0.644276993073794,0.213917389876415
153.03,0.2,411.62322092072,0,0.939439011278882,0.643764061603231,0.214737040618104
153.04,0.2,411.54523014506,0,0.9413736281148,0.642867291425656,0.215237848166703
153.05,0.2,411.463683968105,0,0.940288123181489,0.643882247510915,0.215020519772513
153.06,0.2,411.37857654118,0,0.938496152414753,0.644729767998962,0.216976162271228
153.07,0.2,411.289902696388,0.00300077758586771,0.937743737317937,0.64536538475922,0.216996942414532
153.08,0.2,411.197657949516,0,0.940263803536387,0.642512782638067,0.214028678321121
153.09,0.2,411.101838502742,0,0.937782285777129,0.641758199973028,0.215308780854468
153.1,0.2,411.002441247143,0.000872245552583584,0.940707775981717,0.642765029919551,0.211938360029748
153.11,0.2,410.899463765009,0,0.937367417023624,0.645551577151094,0.214799603758115
153.12,0.2,410.792904331967,0,0.937050477863898,0.643688519460534,0.215262547127672
153.13,0.2,410.682761918894,0,0.937513755176986,0.644986033892035,0.213006559221931
153.14,0.2,410.569036193644,0,0.937533189571565,0.646708094762844,0.213497368714479
153.15,0.2,410.451727522575,0.000727569861271709,0.937311676437023,0.644025444711215,0.216372729061432
153.16,0.2,410.330836971874,0,0.937506192761542,0.644277718851542,0.214141972417439
153.17,0.2,410.206366308682,0,0.937138193326107,0.642229735818548,0.213752878139846
153.18,0.2,410.078318002031,0.000471900716987433,0.936139592191185,0.643553039670128,0.215603009654051
153.19,0.2,409.946695223564,0,0.934792458814728,0.642352349729908,0.213129800260735
153.2,0.2,409.811501848074,0,0.936003104541465,0.642401116308391,0.216000745109574
153.21,0.2,409.672742453828,0.00114929327761051,0.935670608527249,0.642308063954593,0.21345272883935
153.22,0.2,409.530422322702,0,0.93740127245656,0.643297327403597,0.214965127889675
153.23,0.2,409.384547440105,0,0.935528504432049,0.643071851645621,0.216653235403393
153.24,0.2,409.235124494712,0.000830766171605542,0.935588419286356,0.64434589907604,0.21410966377855
153.25,0.2,409.082160877993,0.00297877330438113,0.934226786614243,0.641476882085344,0.212124236851967
153.26,0.2,408.925664683538,0.00309251850866241,0.93566903351713,0.643158980803947,0.217292160225225
153.27,0.2,408.765644706184,0.000978133137997743,0.934288453123088,0.644428955502181,0.215468715954065
153.28,0.2,408.602110440942,0,0.936672886621834,0.64516946295364,0.214943934699276
153.29,0.2,408.435072081721,0.000206203569297732,0.934103943574207,0.645752797725762,0.212458131170938
153.3,0.2,408.264540519849,0.000273581818327592,0.934909432220995,0.64564434524908,0.214002309845828
153.31,0.2,408.090527342397,0.00106783206594918,0.937182153366217,0.643133509741594,0.216846272143611
153.32,0.2,407.913044830301,0,0.935375257064959,0.643419300185251,0.214498649492969
153.33,0.2,407.732105956277,0,0.933227881297063,0.64438667676541,0.214412254601886
153.34,0.2,407.547724382545,0.00110714942013583,0.936233590627686,0.64747167482315,0.213019137814888
153.35,0.2,407.359914458342,0.00175172236471239,0.934748131618135,0.643599562557091,0.214831015431543
153.36,0.2,407.168691217242,0.00271195075227476,0.932522824284388,0.644008788211056,0.215588478197746
153.37,0.2,406.974070374269,0,0.934714488789857,0.64431167654224,0.215297250099688
153.38,0.2,406.776068322813,0,0.933827456518339,0.644025751639786,0.213626588322492
153.39,0.2,406.574702131347,0,0.933699565231936,0.643776015453925,0.215084857567197
153.4,0.2,406.369989539939,0.000948159918485331,0.93244635043304,0.644158623366178,0.216146269419715
153.41,0.2,406.161948956566,0.00168233999647873,0.933502671348238,0.645542825561286,0.215732499176715
153.42,0.2,405.950599453231,0.000836882165955,0.931895106479125,0.642384486185061,0.21369285933298
153.43,0.2,405.735960761879,0.00117701290018724,0.934019503471494,0.641753717895582,0.214591131932209
153.44,0.2,405.51805327011,0,0.931861286053169,0.645623408944805,0.214641440052483
153.45,0.2,405.296898016701,0,0.933062879217594,0.645502266435281,0.214408359550039
153.46,0.2,405.072516686925,0,0.932430840055863,0.645034136684449,0.21468495453236
153.47,0.2,404.84493160767,0.000279247879499197,0.933419511808233,0.645167749958428,0.216830310453299
153.48,0.2,404.614165742367,1.79745741029657e-05,0.931081218530973,0.644572373762832,0.214758944535841
153.49,0.2,404.380242685714,0,0.930302181128159,0.644170566402229,0.213861941675076
153.5,0.2,404.143186658212,0,0.929476629097899,0.643157976063379,0.214523187343279
153.51,0.2,403.9030225005,0.000614964135656055,0.932185668358895,0.643685688936851,0.213910307998051
153.52,0.2,403.659775667488,0.000422021280263065,0.928382980083754,0.645654612468093,0.213684522177389
153.53,0.2,403.413472222319,0,0.930287217281037,0.643726189967557,0.217523143833061
153.54,0.2,403.164138830105,0.00187366521790851,0.928710947655439,0.645467079150142,0.214939383095035
153.55,0.2,402.911802751495,0,0.929459712990384,0.645154882224527,0.214504308251925
153.56,0.2,402.656491836046,0.00103000429784223,0.929257463452667,0.645936266915785,0.215903509206777
153.57,0.2,402.398234515389,0.00046931402406993,0.927428743603683,0.644747194543374,0.218570382655914
153.58,0.2,402.137059796223,0.00279715934487783,0.929251492210911,0.646550001738525,0.217580785287323
153.59,0.2,401.872997253108,0,0.929113925556132,0.645748822007997,0.214508362209586
153.6,0.2,401.606077021073,0,0.926959760292313,0.647142214388854,0.213431466098459
153.61,0.2,401.336329788032,0.000553564619019425,0.928450336100621,0.646208457932351,0.21397648184379
153.62,0.2,401.063786787027,0.000283411944210585,0.927454982714963,0.646187862424361,0.213230582905683
153.63,0.2,400.788479788262,0,0.92830428391985,0.643875321162198,0.216269914828599
153.64,0.2,400.51044109098,0,0.926282504407796,0.646514880256842,0.214047726462914
153.65,0.2,400.229703515134,0.000829305912734363,0.926627703540458,0.64736544593445,0.213496511074195
153.66,0.2,399.946300392891,0,0.924844090305997,0.647256594419729,0.214631421028069
153.67,0.2,399.660265559945,0,0.927258017453852,0.644718121653942,0.213064840801397
153.68,0.2,399.371633346665,0,0.928690171356835,0.647407700596869,0.214799635904577
153.69,0.2,399.080438569046,0.00023118937629163,0.925687553056539,0.645162924659025,0.213600577188055
153.7,0.2,398.786716519499,0.00100279509266613,0.927133818198344,0.648483906381981,0.215108646648344
153.71,0.2,398.490502957466,0,0.926837712674862,0.645722299268811,0.213048758589534
153.72,0.2,398.191834099849,0,0.92506446610428,0.645745237840007,0.212509279262116
153.73,0.2,397.890746611283,0,0.923290523191165,0.645424450606589,0.217441706484314
153.74,0.2,397.58727759423,0,0.923367472744734,0.647677759665439,0.215526501213221
153.75,0.2,397.281464578912,0,0.925024851678541,0.647658226770888,0.213614712556997
153.76,0.2,396.973345513067,0,0.922727353004442,0.647897235510828,0.21610836737365
153.77,0.2,396.662958751555,0.00133248533636854,0.920395449720438,0.647500744827557,0.216181993266504
153.78,0.2,396.350343045796,0,0.925485975745781,0.645470646013172,0.216068549634704
153.79,0.2,396.035537533042,7.53862723136788e-05,0.920319809855653,0.647461202916278,0.217202759720798
153.8,0.2,395.718581725501,0.000885216394625436,0.923633303370894,0.648847822238766,0.216872515001467
153.81,0.2,395.399515499306,0,0.922042306422856,0.648253672795942,0.215678516157319
153.82,0.2,395.07837908332,0,0.919746261748769,0.647996752139301,0.214880462737038
153.83,0.2,394.755213047799,0.000212850235788213,0.921540138002507,0.648906940763362,0.215393140144681
153.84,0.2,394.430058292912,0.00268221825480106,0.919012804949648,0.649262434657907,0.214300366094264
153.85,0.2,394.102956037099,0.00223907524142559,0.919300608133541,0.649025159820409,0.213526012999137
153.86,0.2,393.773947805304,0,0.922540558759487,0.650342875428492,0.215561353926553
153.87,0.2,393.443075417054,0,0.919164283144917,0.64740689982757,0.217590518262498
153.88,0.2,393.110380974413,0.00106660817436598,0.920656152305644,0.65004069377673,0.216727774918036
153.89,0.2,392.775906849783,0,0.920242620461314,0.649310901262288,0.214921276028584
153.9,0.2,392.439695673604,0.00074934107248851,0.918241546847969,0.647589648661383,0.215491902523875
153.91,0.2,392.101790321886,0,0.920290919977563,0.64907913141237,0.211441918840231
153.92,0.2,391.762233903653,1.39899233564404e-05,0.916241494074553,0.649378022513514,0.215061761489863
153.93,0.2,391.421069748242,0.00145186354462714,0.917092939135601,0.651403690757891,0.215721856634056
153.94,0.2,391.078341392488,0.000856349763231562,0.915383671134012,0.65051197303195,0.216487652898874
153.95,0.2,390.734092567801,0,0.916443044493273,0.650392759174079,0.213050723142469
153.96,0.2,390.388367187121,0.000246237423357549,0.920127135179468,0.649868894912999,0.215805651651805
153.97,0.2,390.041209331776,0.000675433535771085,0.912974231138281,0.651541435989972,0.214878138764809
153.98,0.2,389.692663238221,0.000211956348766851,0.917590573911085,0.649961192934299,0.215321447927125
153.99,0.2,389.342773284689,0,0.914642576283817,0.652353512056375,0.216368687603118
154,0.2,388.991583977747,0,0.912454810903827,0.651229693780388,0.214557656024405
154.01,0.2,388.639139938741,0,0.91387315866251,0.652589185259241,0.215852912084329
154.02,0.2,388.285485890173,0,0.914294706181507,0.650672839018774,0.214502226921224
154.03,0.2,387.930666641985,0.000356873487376672,0.915476866330223,0.652509455546079,0.215065246445456
154.04,0.2,387.574727077755,0,0.9136576055888,0.65139092473973,0.215394047310218
154.05,0.2,387.217712140832,0.00289773755027561,0.911624143622137,0.650316668442055,0.217259812847832
154.06,0.2,386.859666820393,0,0.913813614739974,0.647657761429379,0.215581651051469
154.07,0.2,386.500636137424,0.00199056483416145,0.915129410513182,0.651217431844224,0.216553930610808
154.08,0.2,386.140665130656,0.00199293850135053,0.91199421246125,0.649308489536397,0.214841504364957
154.09,0.2,385.77979884243,0.00022188171336123,0.912281760305177,0.652735825819942,0.215493001556795
154.1,0.2,385.418082304514,0.000936949511659872,0.911985930747598,0.652378903714424,0.213092309393948
154.11,0.2,385.055560523871,0,0.911317554304388,0.65178826560683,0.21619624589245
154.12,0.2,384.69227846839,0.000506930895269677,0.911465285474514,0.651366612328908,0.217611194410725
154.13,0.2,384.32828105257,0.000488164239566981,0.912940617083867,0.652083116703432,0.213525743996326
154.14,0.2,383.963613123173,0,0.908859364402567,0.649022518030333,0.212482407688532
154.15,0.2,383.598319444865,0,0.911522128671541,0.652447316122777,0.218601081571018
154.16,0.2,383.232444685808,0,0.908286756014875,0.654925445559119,0.213896016691238
154.17,0.2,382.866033403261,0,0.911342617432404,0.652399244194354,0.216942728958929
154.18,0.2,382.499130029158,0,0.909271390213883,0.653301016321101,0.213840296656426
154.19,0.2,382.131778855681,0,0.908341871436567,0.650547520893825,0.214931311736269
154.2,0.2,381.764024020833,0,0.908410377050202,0.654757624924815,0.2128027594681
154.21,0.2,381.395909494028,0.00168849130264033,0.907461548938152,0.653116384113335,0.215257974816602
154.22,0.2,381.027479061675,0.00161770537588186,0.906870510432306,0.653333040476697,0.215871284354203
154.23,0.2,380.658776312798,0,0.908202133581538,0.654940026098437,0.211232910334664
154.24,0.2,380.289844624666,0,0.906140721344584,0.65207915963818,0.214279824486131
154.25,0.2,379.920727148465,0.000173209435216777,0.907091573633383,0.653295092943805,0.212756794049653
154.26,0.2,379.551466794999,0.00149924151393672,0.90719238528762,0.653952207326851,0.213651571147495
154.27,0.2,379.18210622043,0.000372131580061022,0.90671993677591,0.654318974297303,0.2176020455848
154.28,0.2,378.812687812086,0.00285968099848774,0.906271493687778,0.652548882633052,0.214086101051784
154.29,0.2,378.443253674296,0,0.905025963558208,0.653611333657288,0.217075785332437
154.3,0.2,378.073845614311,0.000187252789149781,0.903078322334606,0.653715407657172,0.215034933202727
154.31,0.2,377.704505128282,0,0.905237022940702,0.655097073158876,0.214464033503856
154.32,0.2,377.335273387313,0,0.906509400108926,0.655522814616888,0.214995596329772
154.33,0.2,376.966191223597,0,0.902295863400236,0.653725024877337,0.215211983979054
154.34,0.2,376.597299116643,0.000240649537715381,0.902826154218766,0.65437195839855,0.216301259772507
154.35,0.2,376.22863717959,0,0.903952528775857,0.655522870289794,0.213901418493746
154.36,0.2,375.860245145625,0,0.901733684420615,0.65610928320822,0.215069224658957
154.37,0.2,375.492162354522,0,0.902418213105749,0.654930366590008,0.213919384431204
154.38,0.2,375.124427739266,0.0011899863146342,0.900595751759383,0.656399923939128,0.215508956908059
154.39,0.2,374.75707981283,0.00223004851384061,0.901585581093084,0.655664500076143,0.215039696419359
154.4,0.2,374.390156655063,0,0.899346643951854,0.654090247639889,0.212761508240424
154.41,0.2,374.023695899715,0.000443305626301513,0.901586635799923,0.656383200429269,0.21532066833538
154.42,0.2,373.657734721602,0.00161653062340794,0.898053731169294,0.65749440144115,0.215814493756994
154.43,0.2,373.292309823934,0.00403994946527802,0.898974084463413,0.654582091251326,0.215833711875519
154.44,0.2,372.927457425771,1.28126665892576e-05,0.898609686590524,0.656012918918811,0.215337939674038
154.45,0.2,372.563213249672,0.000634249907654511,0.897408075140852,0.654607301404033,0.211842268620871
154.46,0.2,372.19961250949,0.00151347045989098,0.8974233534385,0.656942404363665,0.215294775569447
154.47,0.2,371.836689898354,0,0.896304306325148,0.658217726789145,0.216990041309622
154.48,0.2,371.474479576825,0,0.896091338120609,0.655560090852109,0.213949037532815
154.49,0.2,371.113015161253,0,0.897892760490277,0.654668040557967,0.213113214290096
154.5,0.2,370.752329712324,0.000409138097109901,0.895473119074704,0.653765840699686,0.21558338142903
154.51,0.2,370.392455723798,0.0037915741435179,0.895380805727395,0.654471803870204,0.212640081558282
154.52,0.2,370.033425111479,0,0.895962506222153,0.654973314249197,0.214099630398182
154.53,0.2,369.675269202382,0,0.895376313065923,0.654921133460332,0.213801051582283
154.54,0.2,369.31801872413,0.000702911812397523,0.894748941609717,0.657847006421428,0.216740929919174
154.55,0.2,368.961703794573,0,0.892559636122156,0.654143906962179,0.215162430697558
154.56,0.2,368.606353911657,0.000238554823799161,0.897897833483737,0.657080584175642,0.215991298576102
154.57,0.2,368.251997943513,0.00182841043720091,0.894094951822301,0.657775908918906,0.216850587971251
154.58,0.2,367.898664118812,0,0.891844203667233,0.657424442590052,0.21535052606194
154.59,0.2,367.54638001736,0.000395589791786233,0.894157142247254,0.656146670103059,0.212958294215434
154.6,0.2,367.195172560963,0.0021287947362163,0.895275685361135,0.658625237463001,0.216053005270746
154.61,0.2,366.845068004544,0,0.891646938325637,0.655187838856326,0.214507847321497
154.62,0.2,366.496091927555,0.00084246753104235,0.89136597603438,0.657102098905588,0.214506038836352
154.63,0.2,366.148269225633,0,0.890381819234689,0.656485936566868,0.21525063485791
154.64,0.2,365.801624102566,0,0.889351376944928,0.657703404079284,0.215778795070899
154.65,0.2,365.456180062539,0.000333531342820564,0.891604453846018,0.654737613738989,0.216447399693199
154.66,0.2,365.111959902663,0.000748048780880915,0.890331696742649,0.656821635921451,0.214678738712428
154.67,0.2,364.768985705817,0,0.888300125384942,0.657326461982977,0.216208992215235
154.68,0.2,364.427278833789,0,0.88570433815051,0.655941261179153,0.214874725130602
154.69,0.2,364.086859920717,0,0.887813515472754,0.658963089544752,0.213762869560534
154.7,0.2,363.747748866857,0.00138493830412569,0.888914007292923,0.656111365392532,0.215818049951384
154.71,0.2,363.409964832663,0.00183632502099686,0.886427989231182,0.654776702192421,0.213589302249221
154.72,0.2,363.073526233181,0,0.885421707486947,0.65618040211541,0.216552317365883
154.73,0.2,362.738450732785,0,0.886463448070301,0.65655887387825,0.216000796650851
154.74,0.2,362.404755240236,5.70161847971421e-05,0.885297184581193,0.657924234434238,0.215452264882326
154.75,0.2,362.072455904073,0,0.883524954308269,0.657110782868251,0.213780885695458
154.76,0.2,361.741568108347,0.000718386238965394,0.886637291017931,0.660518396149257,0.215577729452392
154.77,0.2,361.412106468696,0.00231254026137263,0.885580843573029,0.656968151422422,0.216011874789119
154.78,0.2,361.08408482877,0.000741750091716415,0.884588492797466,0.657894844867521,0.217124622229041
154.79,0.2,360.75751625699,0,0.884817143101719,0.655187748453375,0.217009137010569
154.8,0.2,360.43241304368,0,0.882959076812807,0.654286851708652,0.214849553915637
154.81,0.2,360.108786698537,0,0.882571405723328,0.654233357531584,0.215440531035805
154.82,0.2,359.786647948466,0.000639043423413381,0.882619560578278,0.657788636308158,0.213828981208793
154.83,0.2,359.466006735769,0.0010502765894135,0.88411500150455,0.655844418794169,0.216037081239472
154.84,0.2,359.14687221671,0,0.881263063567835,0.65813904001163,0.214374923503998
154.85,0.2,358.829252760416,0,0.881032001851709,0.659016503882442,0.212144063947414
154.86,0.2,358.513155948175,9.45292249350827e-05,0.878420804750198,0.656108099198771,0.215667318206557
154.87,0.2,358.198588573083,0,0.881284368325664,0.658045463982875,0.214889516289823
154.88,0.2,357.885556640059,0,0.877824929476649,0.656501530677834,0.217040818755687
154.89,0.2,357.574065366239,0,0.881180516210868,0.656408136191684,0.216045931945632
154.9,0.2,357.264119181732,0.00235625268784812,0.879566461091305,0.656245203707241,0.215982767799252
154.91,0.2,356.955721730751,0.000647992202023857,0.877489654224572,0.654193870097673,0.215238269706503
154.92,0.2,356.648875873111,0.000751628342798832,0.878600464529471,0.658427787960127,0.213171219211302
154.93,0.2,356.343583686109,0,0.879795580358182,0.657977035508053,0.213900041552956
154.94,0.2,356.03984646676,0.00147426191068134,0.877659097324671,0.6561307820382,0.214474756730935
154.95,0.2,355.737664734416,0.00157593121660147,0.877423081097118,0.651946658454403,0.215459312886009
154.96,0.2,355.437038233758,7.42547031937299e-05,0.874724535298112,0.655768664567871,0.21611802306134
154.97,0.2,355.137965938141,0.00212043345407363,0.877033029622575,0.655194410349092,0.213883877787933
154.98,0.2,354.840446053327,0.0011270154506003,0.878082158693975,0.652350691443169,0.217679922640421
154.99,0.2,354.544476021576,0.00061464382445394,0.874841179473563,0.656073499709559,0.214237045863532
155,0,354.250052526106,0,0.873901814862157,0.657250416618545,0.212397199081003
155.01,0,353.957171495913,0.0022221568703889,0.875831134191794,0.655829916725852,0.214908297491419
155.02,0,353.665828110963,0,0.873894920524695,0.652231028535703,0.211822673507276
155.03,0,353.376016807736,0,0.873792360165201,0.654777294811292,0.216156822664391
155.04,0,353.087731285135,0,0.870671059153545,0.65591379917609,0.214722312124163
155.05,0,352.800964510739,0,0.872243497411895,0.65547632396962,0.213767580613618
155.06,0,352.515708727432,0,0.873802546623587,0.65609021485718,0.216451311721882
155.07,0,352.231955460349,0.000232534375079636,0.872591264968373,0.654715593153248,0.215997264701534
155.08,0,351.9496955242,0,0.87117115286895,0.654383459751723,0.214338424441911
155.09,0,351.668919030925,0.00107211870985242,0.87202088056724,0.656155798625465,0.215702707360709
155.1,0,351.389615397674,0,0.870220037852414,0.654129449415234,0.214437208789303
155.11,0,351.111773355154,0,0.866255673850178,0.653296863389631,0.214401719332013
155.12,0,350.835380956276,0.00115427286246287,0.869088891931153,0.653250175046281,0.215489111484594
155.13,0,350.560425585155,0,0.868549758489476,0.65705097450819,0.215763117199844
155.14,0,350.286893966411,0,0.867817716913936,0.654498681397354,0.214224003189752
155.15,0,350.01477217481,4.62159531490323e-05,0.869860285135972,0.653651647792222,0.214676527654502
155.16,0,349.744045645197,0.00133593792048345,0.86995373523277,0.652795317806614,0.217471682381942
155.17,0,349.47469918276,0,0.867139911510973,0.65540230723268,0.216257181193872
155.18,0,349.206716973574,0,0.86681326705685,0.654644203801506,0.212877851139654
155.19,0,348.940082595464,0,0.867556839972162,0.655760427249239,0.212095226014487
155.2,0,348.674779029146,0.00099352575704013,0.866411310676491,0.653710794168662,0.213739936306228
155.21,0,348.410788669664,0,0.865440739270056,0.655531661624772,0.215294261599931
155.22,0,348.148093338101,0,0.865342084940515,0.654073057366908,0.215532522906974
155.23,0,347.88667429357,0,0.864430682512903,0.651375521518706,0.213265821235402
155.24,0,347.626512245472,0.00265653844795149,0.867150022316891,0.652238831382316,0.212422466025576
155.25,0,347.367587366018,0.000692930197640163,0.865350366653144,0.653801672869021,0.214406646469794
155.26,0,347.109879303008,0,0.862920344593137,0.652553231362766,0.216288848567211
155.27,0,346.853367192852,0,0.863121525906786,0.650992530076258,0.213999738709393
155.28,0,346.598029673849,0.0019162239273708,0.862433933493497,0.651944421991375,0.213722770026773
155.29,0,346.343844899685,0,0.860686940790981,0.653076574674549,0.213895258015053
155.3,0,346.090790553177,0.0023287362789848,0.859946808954733,0.650994538747044,0.217915712812073
155.31,0,345.83884386023,0.000523309118183262,0.863292416754291,0.653210309504311,0.216641695299805
155.32,0,345.587981604007,6.18445864695602e-05,0.860631182540118,0.651157404599189,0.212261506150881
155.33,0,345.338180139319,0,0.860656314529742,0.652385145933929,0.214981806363695
155.34,0,345.089415407204,0,0.859180487361388,0.649514490104788,0.214262738954118
155.35,0,344.84166294971,0,0.860318318435517,0.652087430709423,0.217702488484203
155.36,0,344.594897924853,0.00112169542623564,0.86013724551264,0.651481089984748,0.216589817898345
155.37,0,344.349095121768,0,0.85934339987834,0.650402347871398,0.215698645490009
155.38,0,344.104228976018,0,0.856681184144377,0.650100609289992,0.215246782096895
155.39,0,343.860273585079,0.00106336518645843,0.858846140769391,0.650359972262897,0.215433417578763
155.4,0,343.617202723971,0.000922818114319599,0.857624746710604,0.650674358570943,0.216228545691427
155.41,0,343.374989861049,0.000292464300272755,0.858694374096962,0.650919264661194,0.21367533376043
155.42,0,343.133608173919,0,0.859950792045837,0.651526534884484,0.214371501477842
155.43,0,342.893030565507,0,0.856998976237213,0.652189182776005,0.215996635265361
155.44,0,342.65322968024,0.000781554631498842,0.855990320325542,0.649129165135111,0.21620586442073
155.45,0,342.414177920345,0,0.856137443615811,0.64979393559001,0.214080510891157
155.46,0,342.175847462273,0,0.85551919457013,0.64981960311058,0.216935864948771
155.47,0,341.938210273202,0,0.856158454055905,0.650505827207006,0.216289731702054
155.48,0,341.701238127658,0.00239106386605032,0.855377489534038,0.651420704890001,0.216797348578971
155.49,0,341.464902624206,0,0.853267450571454,0.650141902360276,0.213930190345897
155.5,0,341.229175202232,0.000316858741041056,0.852682246618081,0.651443481142539,0.21332741414442
155.51,0,340.994027158786,0,0.853350610362756,0.647970275566017,0.217861587047823
155.52,0,340.759429665499,0,0.852685530467984,0.65080015798005,0.21389711550958
155.53,0,340.525353785551,0,0.852377596099516,0.649609439691392,0.215907226866786
155.54,0,340.291770490686,0,0.854662896826607,0.650528305135633,0.216179416173398
155.55,0,340.058650678272,0,0.849303424195266,0.651354342096998,0.216002483509863
155.56,0,339.825965188395,0.0015716701896515,0.849428506203856,0.646897981766701,0.212676109288081
155.57,0,339.593684820972,0.00210795564586766,0.849052097822321,0.64939622151093,0.216350100400516
155.58,0,339.361780352887,0,0.852905949385926,0.650230725055988,0.215542385533976
155.59,0,339.130222555147,0.000800494628879906,0.848528220495983,0.649024285548229,0.214500030036205
155.6,0,338.898982210023,0.000937001277455608,0.850360446188493,0.648316082141468,0.21393015214091
155.61,0,338.668030128201,0.0022867178052789,0.848089588916258,0.649076009920756,0.210054300173785
155.62,0,338.437337165921,0.00329706377648171,0.847400090931933,0.651618646762395,0.214559792558727
155.63,0,338.206874242091,0.00136004495791467,0.849371440453008,0.649070864426756,0.216222109332325
155.64,0,337.976612355383,0,0.850575450027431,0.650081788997288,0.214887846944221
155.65,0,337.746522601297,0,0.84771898378458,0.648812100312114,0.214142377533415
155.66,0,337.516576189176,0.0014917302257428,0.848156265518561,0.647422568144981,0.214151679006533
155.67,0,337.28674445919,0,0.846846420942522,0.649894935242357,0.215771819131994
155.68,0,337.056998899256,0.000883692094126882,0.846092653115811,0.647570135898233,0.215419972227126
155.69,0,336.827311161901,0,0.846355782201776,0.650078127684323,0.214314409053655
155.7,0,336.597653081063,0,0.845775188615506,0.646571481891491,0.214033260640391
155.71,0,336.367996688814,0.00139007735287787,0.845304319996428,0.648147806808735,0.216510825453462
155.72,0,336.13831423201,0,0.844920588629539,0.647943846737055,0.215371195114135
155.73,0,335.908578188844,0.000831283424750849,0.844880049816015,0.649866919201578,0.21461416708487
155.74,0,335.678761285325,0.00036044536158456,0.843477975070546,0.648209640808433,0.215075045308696
155.75,0,335.448836511643,0,0.84448038762382,0.646425337091763,0.214970454430656
155.76,0,335.21877713844,0.000210179509439273,0.843020599172465,0.645200960519011,0.215457155719616
155.77,0,334.98855673296,0.000302089130085957,0.842078941057317,0.649121054159097,0.214907936604215
155.78,0,334.758149175104,0,0.840383957192948,0.647115383807286,0.215996840631139
155.79,0,334.527528673334,0,0.840386766653063,0.647591434236368,0.217251592389472
155.8,0,334.296669780474,0.000595984293790651,0.843656235660383,0.646913976637387,0.216575965440448
155.81,0,334.065547409372,0.00258830426370521,0.840824385017079,0.64567641133677,0.214418000192931
155.82,0,333.834136848412,0,0.841620016187262,0.645217203171893,0.211435283133339
155.83,0,333.602413776896,0.000974675428707429,0.84064291096745,0.645260394924511,0.216924016939936
155.84,0,333.370354280271,0.000342569932847601,0.839611905773493,0.645019287415611,0.214749483154526
155.85,0,333.137934865202,0,0.837017138661083,0.647221375349263,0.213321735731681
155.86,0,332.905132474481,0.00139696676293537,0.83934536385949,0.647111387748027,0.214990061147799
155.87,0,332.671924501783,0.000372327164306058,0.837392123257731,0.648153402435405,0.215334719022175
155.88,0,332.438288806234,0,0.841471997059406,0.647664776181571,0.213139242818003
155.89,0,332.204203726823,0,0.838138568232734,0.644352604281872,0.215995250328768
155.9,0,331.969648096627,0,0.839609389611957,0.64396645081332,0.214077675176463
155.91,0,331.734601256845,0.00379488178577343,0.836894400646666,0.646033552983145,0.215279393320345
155.92,0,331.499043070654,0.000189616273872539,0.837296802749975,0.646143579296046,0.215042850031121
155.93,0,331.262953936867,0,0.838432485787342,0.647121325331415,0.214643128086062
155.94,0,331.026314803396,0.000752930228470052,0.838320871633644,0.6466015465629,0.216748012385451
155.95,0,330.789107180505,0.000908810487688096,0.837674626934882,0.645144906898955,0.212752998786489
155.96,0,330.551313153873,0,0.836726014708482,0.643106591721546,0.216233850790635
155.97,0,330.312915397423,0,0.836165391771013,0.64855140073171,0.21580630955172
155.98,0,330.073897185963,0,0.833563751063702,0.645772155251602,0.21669146554803
155.99,0,329.834242407588,0.000957442224947668,0.833026587293413,0.647704202520634,0.21415520501324
156,0,329.593935575871,0,0.832970629956741,0.642887124055164,0.214763397846118
156.01,0,329.352961841821,0,0.835275654533622,0.645072991484627,0.214048741900385
156.02,0,329.111307005614,0,0.833353118884988,0.645393475709075,0.214601891923943
156.03,0,328.868957528094,0.00153563933353872,0.834813841890763,0.646267980848761,0.217068285802466
156.04,0,328.625900542028,0,0.833745644743109,0.643499231600365,0.211573444501504
156.05,0,328.382123863126,0.000311192426488186,0.832204780033508,0.643243971765535,0.214375611403946
156.06,0,328.137616000819,0,0.829660634649033,0.643226557869513,0.216966494215532
156.07,0,327.892366168778,0.000978987698715785,0.829421902501391,0.643533350519585,0.216096570364182
156.08,0,327.646364295193,0,0.831635126529661,0.644665950913843,0.213893013083679
156.09,0,327.399601032794,0.000215452831159482,0.832203119546556,0.644494841866193,0.215372172157964
156.1,0,327.152067768611,0.00166669779958811,0.828955052374377,0.644693852783731,0.215403591741893
156.11,0,326.903756633475,0.000988719137320851,0.830295612830287,0.644616019653644,0.21544626167196
156.12,0,326.654660511253,0.00139659343936949,0.832002320450592,0.644477552187847,0.215674673127644
156.13,0,326.404773047821,0.000976393095937661,0.830379750039548,0.644186411153399,0.215344309976312
156.14,0,326.154088659758,0.000414217317573476,0.829287469024788,0.643083078883661,0.217690707973835
156.15,0,325.902602542774,0.00137231826657301,0.828349359567741,0.645942080365229,0.21641959871463
156.16,0,325.650310679856,0.00265965098597881,0.827053456566085,0.646648892978068,0.216083579663957
156.17,0,325.397209849135,0,0.829619848520933,0.643481079024106,0.213615450790682
156.18,0,325.143297631478,0.00166397555368832,0.826271392010297,0.646204585562114,0.214630398088263
156.19,0,324.888572417784,0.00224199625654501,0.827497110702764,0.642633450139712,0.215416931014953
156.2,0,324.633033415996,0.00111251138634661,0.827591807067731,0.643103630071768,0.211124435927157
156.21,0,324.376680657827,0,0.826071019980632,0.643472843639059,0.214256769611414
156.22,0,324.119515005188,0,0.827344465630302,0.643284675243762,0.217571498235831
156.23,0,323.861538156316,0,0.829683608588972,0.644772915347109,0.216376070329858
156.24,0,323.602752651608,0,0.825714812211785,0.64422921721219,0.21518979283214
156.25,0,323.343161879159,0,0.824751551941481,0.642953210646417,0.21715502790907
156.26,0,323.08277007998,0,0.824797801065745,0.644069907531543,0.213357055182114
156.27,0,322.821582352923,0,0.826974402805024,0.64569905336726,0.214601964499658
156.28,0,322.559604659291,0.00180843419255451,0.825705809020287,0.641937745570374,0.217373710700882
156.29,0,322.296843827138,0,0.82611557440701,0.645296911301117,0.21433034157654
156.3,0,322.033307555248,4.50419542130776e-05,0.827203516377012,0.641600477551219,0.213899416407923
156.31,0,321.769004416812,0.000358947830314664,0.823789470191726,0.639762451137491,0.21452789179615
156.32,0,321.503943862765,0,0.823475701002517,0.643741598000185,0.21593592508483
156.33,0,321.238136224816,0.00125593023578569,0.822739565762836,0.643373534880861,0.211823444474453
156.34,0,320.971592718154,0.000195242097627971,0.823978495547463,0.643349792162598,0.217257098707328
156.35,0,320.704325443816,0.00178078916784109,0.826622791503316,0.643128910228039,0.214833018513573
156.36,0,320.436347390734,0,0.823159478557324,0.645035776210204,0.214780738954387
156.37,0,320.167672437451,0,0.822375914165307,0.639932717761069,0.216715418499081
156.38,0,319.898315353499,0,0.824721387748074,0.642181205545674,0.212593427812256
156.39,0,319.628291800441,0.00160137073638502,0.820453698503845,0.6435249012692,0.217163565911131
156.4,0,319.357618332583,0.00202367117142408,0.822304818921821,0.64330061386705,0.215349745706446
156.41,0,319.086312397329,0.00156181070830907,0.824721364101668,0.646754547364594,0.215873992565861
156.42,0,318.814392335208,0,0.819280354440632,0.645535791051974,0.213989432949139
156.43,0,318.541877379549,0,0.821453749142722,0.643094655987032,0.211047492822128
156.44,0,318.268787655809,0,0.821284457315861,0.644935682778112,0.213674744114622
156.45,0,317.995144180548,0.000372260736663353,0.821223729650022,0.644296138379955,0.215452825719661
156.46,0,317.720968860065,0,0.817804282123713,0.644746658169015,0.214601057608574
156.47,0,317.446284488658,0.00143558354153777,0.819427841701402,0.642007374674172,0.213677647857917
156.48,0,317.171114746548,0,0.820844058188531,0.641198626627793,0.212005436351661
156.49,0,316.895484197439,0,0.818376984889148,0.642678802417268,0.214691262679592
156.5,0,316.619418285711,0.000863208108587616,0.819010999264079,0.643332200906555,0.215210085498668
156.51,0,316.342943333256,0,0.819348976203316,0.644359550956622,0.212694227119992
156.52,0,316.066086535952,0,0.821879150502629,0.644466214298081,0.216174794164782
156.53,0,315.788875959769,0.000406594959263626,0.816455113267044,0.643909311710518,0.21371178219825
156.54,0,315.511340536499,0.00206972697157792,0.819637629530953,0.644623360241303,0.213278430746848
156.55,0,315.233510059134,0,0.819326761740029,0.646185392939872,0.214765959118815
156.56,0,314.955415176852,0,0.818121324964579,0.641747853684389,0.218078903232511
156.57,0,314.677087389648,0.000152739558519333,0.818079042984758,0.6463891912704,0.216651827201763
156.58,0,314.39855904257,0.000943916667941962,0.819563563554855,0.642976798264102,0.213981746743442
156.59,0,314.119863319604,0,0.818841369854359,0.645757500895319,0.216385235519065
156.6,0,313.841034237153,0,0.81628231484591,0.644835818093488,0.214224846643053
156.61,0,313.562106637155,0,0.817283524191861,0.646623201519879,0.215825125059815
156.62,0,313.283116179819,0.00159749532800038,0.816430592074227,0.646365589614044,0.213026194126219
156.63,0,313.004099335966,0.00102256313394888,0.817592658772787,0.644618952874672,0.212676945861611
156.64,0,312.725093379,0,0.815360069800584,0.642505542789548,0.2176775615359
156.65,0,312.446136376489,0.000174982396572495,0.815445103546801,0.646875557063284,0.216138477229791
156.66,0,312.167267181356,3.48461719395433e-05,0.814700026842563,0.644419672147701,0.217788021764026
156.67,0,311.888525422688,7.60979235778898e-05,0.817017943284553,0.643444607762787,0.214995014037989
156.68,0,311.609951496163,0,0.814568220733326,0.645436274914879,0.214317420645423
156.69,0,311.33158655407,0,0.814417546486273,0.647145891343303,0.215136498312493
156.7,0,311.053472494964,0,0.814497061509807,0.644385770782653,0.215815355315755
156.71,0,310.775651952913,0,0.815795983571023,0.646149525545065,0.215561307140023
156.72,0,310.498168286364,0.00242859484159947,0.814858792259031,0.64845258851252,0.216446537368368
156.73,0,310.221065566615,0,0.815932831377915,0.647371012113096,0.217196550751507
156.74,0,309.944388565896,0.0014393478986464,0.814683215003041,0.646202170550096,0.215358562652979
156.75,0,309.668182745073,0.000365460646219497,0.81355442365812,0.64922142155183,0.216568135440067
156.76,0,309.392494240937,0,0.812019952080079,0.644243775463492,0.217105603416624
156.77,0,309.117369853128,0,0.810760224234556,0.645896652245226,0.216450467063617
156.78,0,308.842857030656,0,0.814517063371689,0.64792521913119,0.215771673078906
156.79,0,308.569003858039,0.000547237593944046,0.813686389632865,0.647297689672095,0.21715809752737
156.8,0,308.295859041047,0,0.811476674270321,0.646074056677684,0.215798240038683
156.81,0,308.023471892076,0.00139061284583912,0.811527835379378,0.642991715053193,0.216283429675198
156.82,0,307.751892315114,0.000427230623290134,0.811899973654487,0.644777573601343,0.213801936577027
156.83,0,307.481170790343,0,0.813356898064013,0.645710963623235,0.21570104238159
156.84,0,307.211358358351,0.000392674236651757,0.814583395302785,0.647325766326186,0.214032586484127
156.85,0,306.942506603963,0.00061586923934026,0.812410927673479,0.646332044827152,0.215355848873239
156.86,0,306.674667639699,0,0.811623634204388,0.648359377943753,0.21548993845326
156.87,0,306.407894088856,0,0.810038161526591,0.646825694831475,0.214130921267802
156.88,0,306.142239068213,0.000635269885096482,0.811271413871329,0.64679256616433,0.216189210480139
156.89,0,305.87775617037,0,0.811212228018217,0.647258354385803,0.215669172052653
156.9,0,305.614499445726,0.000236190133372427,0.80893238604569,0.648668961444184,0.214810270072984
156.91,0,305.352523384084,0.000790481678537034,0.811558265333524,0.648299472589036,0.215910934578843
156.92,0,305.091882895901,0.0006580955835174,0.809971587707689,0.649255974093301,0.216454324631029
156.93,0,304.832633293191,0.000836999269390246,0.810685595299673,0.649290282844863,0.21560094846139
156.94,0,304.574830270064,0,0.810073331805634,0.647643340302492,0.213996181575278
156.95,0,304.318529882925,0.000904392828225357,0.810779998481366,0.648660771473823,0.213486500132513
156.96,0,304.06378853034,0,0.812481728425306,0.646987550422587,0.215522730912281
156.97,0,303.81066293255,0.00194141065781351,0.811112039069154,0.650741192567981,0.214833182045448
156.98,0,303.559210110667,0.000890778136077421,0.809837995315359,0.649080343125991,0.216659486669113
156.99,0,303.309487365545,0,0.809734209284786,0.649290526574101,0.216264514829404
157,0,303.061552256325,0,0.807947661616607,0.649962441083218,0.215459562474715
157.01,0,302.815462578677,0,0.807856419062074,0.650651271532775,0.21362455895375
157.02,0,302.571276342735,0,0.80762522338613,0.648488105699067,0.215442347629009
157.03,0,302.329051750731,0.00105340915157185,0.807905689310006,0.649591096584835,0.213758290490049
157.04,0,302.088847174346,0,0.807555637367993,0.651325433766164,0.215890477971649
157.05,0,301.850721131772,0,0.808017929356573,0.650035877163201,0.214629887871998
157.06,0,301.614732264509,0.000925244533536194,0.807649340517653,0.648265942133452,0.214037066269922
157.07,0,301.380939313892,0,0.807411527399511,0.650151058922804,0.212637703020754
157.08,0,301.14940109736,0.000245462301931677,0.808749741623614,0.650243097039821,0.214061080695763
157.09,0,300.920176484491,0.00165578335720508,0.808974746843557,0.648502271714001,0.21423159052024
157.1,0,300.693324372786,0,0.808076265381071,0.649147190706506,0.216001979179322
157.11,0,300.468903663236,0,0.808234998088276,0.651698985437293,0.215284917624456
157.12,0,300.246973235679,0,0.80714871719794,0.652928261446123,0.215881550589746
157.13,0,300.027591923935,0,0.810218576195343,0.648725942374108,0.214756262595258
157.14,0,299.810818490767,0,0.805953999125693,0.65027383652246,0.217428934596001
157.15,0,299.596711602652,0,0.804812081691674,0.650432410456763,0.218300220400374
157.16,0,299.385329804382,0,0.806299671780172,0.650764793374103,0.214924836477926
157.17,0,299.176731493514,0,0.808371866375864,0.649660673423824,0.21423988771905
157.18,0,298.970974894673,0,0.807364180540178,0.650362612254885,0.213538427276372
157.19,0,298.768118033723,0,0.807797517932881,0.65428091267217,0.213260605947205
157.2,0,298.568218711823,0.00472097150686268,0.808034295854889,0.650787101789445,0.215995400328376
157.21,0,298.371334479386,0,0.806755994215233,0.651531541049255,0.216097730671955
157.22,0,298.177522609938,0.000966910633652622,0.808065849200069,0.654046764076294,0.214058829743603
157.23,0,297.986840073915,0,0.808853316063956,0.652698103475052,0.215495494248958
157.24,0,297.799343512386,0.000815571495893003,0.804966337518188,0.651981022187553,0.214827481023968
157.25,0,297.615089210757,0.00291223449615053,0.806025266912408,0.652674398377479,0.214748279935089
157.26,0,297.434133072416,0,0.806024444093474,0.653865440700467,0.214284360898444
157.27,0,297.256530592393,0.00289927132922303,0.807404356644121,0.650993310591394,0.214583359173772
157.28,0,297.082336831007,0,0.806136126881456,0.65150854211201,0.215481805515446
157.29,0,296.911606387545,0,0.806633666314452,0.653481040690343,0.21639965718515
157.3,0,296.744393373967,0,0.804248882890076,0.654871250298592,0.21699684701915
157.31,0,296.580751388678,0.000905216713921223,0.806084715356565,0.651132274268637,0.212509703216163
157.32,0,296.420733490361,0.000328705165768426,0.805086830521787,0.653643147694161,0.213631562616153
157.33,0,296.264392171903,0,0.808051826537455,0.653835990143422,0.215397224627754
157.34,0,296.111779334434,0.00141899966119514,0.808419361124929,0.654980479244198,0.214616369028668
157.35,0,295.962946261481,0,0.805853802052145,0.653397981624024,0.212906000351897
157.36,0,295.817943593267,0.00137718607363049,0.807813410745286,0.653464926330083,0.213084433301314
157.37,0,295.676821301181,0,0.806855916700153,0.653523099218914,0.21623740708529
157.38,0,295.53962866241,0.00135422006476908,0.806770976149433,0.653159416903056,0.215398618334743
157.39,0,295.406414234785,0.00262610097330755,0.804421675559167,0.653658396710395,0.213782611836826
157.4,0,295.277225831835,0,0.806006216573382,0.654230013707843,0.215461600853698
157.41,0,295.152110498078,0,0.806057312388157,0.65564563101069,0.213326576464265
157.42,0,295.031114484565,0,0.80666049209121,0.654088088328614,0.21377851187663
157.43,0,294.914283224695,0,0.805838047624594,0.652354539274142,0.212684573269328
157.44,0,294.801661310328,0,0.80764409749345,0.654892473843876,0.215321465720391
157.45,0,294.693292468199,0.00100819442525157,0.807212966927246,0.656166587016289,0.213284074283051
157.46,0,294.589219536665,0.000360203825085229,0.808146183261702,0.652544413580456,0.215878194450596
157.47,0,294.489484442798,0.000131326792371668,0.805584848430279,0.653525416642882,0.21460943154859
157.48,0,294.394128179845,0,0.809800361114928,0.655058245048872,0.215196074026403
157.49,0,294.30319078507,0.00185183296546713,0.807218724445505,0.65665241243844,0.214141713380436
157.5,0,294.216711317998,0.0052993536098073,0.807667103349983,0.653890248539435,0.21530640584418
157.51,0,294.134727839079,1.78608678234747e-05,0.807508275515599,0.65377496977331,0.215082590703058
157.52,0,294.057277388794,0,0.807775402927318,0.65326039858804,0.215847869243723
157.53,0,293.984395967207,0.00113050756388394,0.804690772042203,0.655327487854488,0.215179597511669
157.54,0,293.916118514002,0,0.806281493986763,0.658393226177135,0.214378345028313
157.55,0,293.852478889,0.00063536673746497,0.805388006554822,0.656992375197038,0.213608755875973
157.56,0,293.79350985319,0,0.808681492451071,0.656298158677519,0.216674008760964
157.57,0,293.739243050276,0.000756762574791904,0.808195732860681,0.658197036254409,0.215264676515277
157.58,0,293.689708988766,0.00136336214963345,0.805586944893622,0.657417834922122,0.215111413378143
157.59,0,293.644937024625,0.000402126553442818,0.805563267261502,0.654630175585838,0.217111377794114
157.6,0,293.604955344481,0,0.807046139070262,0.654226368663426,0.21460564595623
157.61,0,293.569790949429,0,0.805872321211905,0.655006012549841,0.214213752448436
157.62,0,293.539469639434,0,0.806301169064204,0.653936406053021,0.212343673138839
157.63,0,293.514015998337,0.000489016114009701,0.807498185055358,0.65671687405049,0.215860786196929
157.64,0,293.493453379505,0.000697504539534074,0.806307252441905,0.65641737166702,0.215095776272448
157.65,0,293.477803892101,0,0.808292585036804,0.659542451847476,0.212463030360608
157.66,0,293.467088388025,0,0.806045490692538,0.656685985191318,0.214692396309577
157.67,0,293.461326449505,0,0.807726751959049,0.658239097993499,0.215241012513496
157.68,0,293.460536377372,0,0.808028301677511,0.655585794109209,0.21538053930382
157.69,0,293.464735180013,1.38636366411914e-05,0.808050980072046,0.655255518732305,0.213060219324192
157.7,0,293.473938563029,0.000474043160964743,0.807287345518448,0.654129563469032,0.215388094219151
157.71,0,293.488160919592,0.00073414304274425,0.808915662578756,0.654970021809323,0.213201062373189
157.72,0,293.507415321512,0,0.805361692870469,0.656729843468463,0.213616801088356
157.73,0,293.531713511041,0,0.806033648970262,0.655476577988548,0.215368205598758
157.74,0,293.561065893384,0.00135590054991891,0.804543901202112,0.65442283513574,0.213843501592505
157.75,0,293.595481529969,0.00137177960731913,0.80787816304592,0.657101060357114,0.214912228144599
157.76,0,293.634968132437,0,0.805547253659372,0.656259483167919,0.214211966279679
157.77,0,293.679532057398,0.00257705574936751,0.808446477225109,0.656340432995996,0.216706849271942
157.78,0,293.729178301922,0,0.809173205338949,0.65459555232565,0.215550805121403
157.79,0,293.783910499799,0,0.807712289249854,0.657055020957159,0.214993144068345
157.8,0,293.843730918544,0,0.807422086397678,0.655689452484079,0.216329926053134
157.81,0,293.908640457173,0,0.807112749932564,0.655472416217246,0.216389223239897
157.82,0,293.978638644733,0,0.809099128623944,0.657448362949332,0.215039209286109
157.83,0,294.0537236396,0,0.806322170332765,0.658487424339073,0.213367885598531
157.84,0,294.133892229534,0.00141165302488049,0.80712724429888,0.654308870471355,0.215598434788193
157.85,0,294.219139832503,0.000627766827842825,0.80703450516081,0.655647531068645,0.214381142307244
157.86,0,294.309460498254,0,0.807742926714984,0.653669764536743,0.21591427293672
157.87,0,294.40484691066,0.000830603737136498,0.809164330510227,0.656095668723518,0.214758575948109
157.88,0,294.505290390804,0,0.80850783419601,0.657662112066488,0.214054466266864
157.89,0,294.610780900826,0,0.808828061291999,0.655622646361879,0.212611034727702
157.9,0,294.721307048507,0,0.805867000124812,0.655106244092991,0.214950744428582
157.91,0,294.836856092607,0.00273750112847963,0.809225831360261,0.653329716265635,0.215480534522524
157.92,0,294.957413948925,0,0.810218261949384,0.65902235852261,0.21433739400849
157.93,0,295.082965197092,0,0.80863481603115,0.654350167234495,0.213605306580386
157.94,0,295.213493088093,0,0.808787022934797,0.656569588104047,0.214973807992955
157.95,0,295.348979552488,0.000452611395018885,0.809087858815487,0.655079808040394,0.216666958135829
157.96,0,295.489405209352,0,0.809124844685114,0.659056662289728,0.21622410224107
157.97,0,295.634749375901,0.00138278576680696,0.808898577216268,0.656297309448768,0.217051499197865
157.98,0,295.784990077808,0,0.80859265878144,0.656231641820678,0.215272429116338
157.99,0,295.940104060195,0,0.81063529194919,0.658813368531867,0.214161293392277
158,0,296.100066799279,0,0.811171316072072,0.656558186322229,0.216523481972353
158.01,0,296.26485251469,0.00144741681329603,0.810474669989747,0.655815898231128,0.213425814355798
158.02,0,296.434434182408,0,0.810154927260231,0.658880626841249,0.215932949874234
158.03,0,296.60878354834,0.00242513298209574,0.810993041053233,0.656580400016522,0.215047776154313
158.04,0,296.787871142509,0.000969153370865841,0.810766189133789,0.657237881236728,0.214645666258543
158.05,0,296.971666293843,0.000666682942568447,0.81292317397268,0.65666370413346,0.212623989787332
158.06,0,297.160137145548,0.00180215343740097,0.810219671274277,0.656330715112992,0.218051456353862
158.07,0,297.353250671056,0.00341100871959063,0.812744156137458,0.656496991525408,0.213952029496601
158.08,0,297.55097269053,0.00111494829887815,0.812616837060752,0.655496499115029,0.216396141194354
158.09,0,297.753267887907,9.64046097909623e-05,0.810658225877639,0.655258408044285,0.214407583540146
158.1,0,297.960099828468,0,0.811770484001496,0.658341294287027,0.21406752872856
158.11,0,298.171430976923,0.00205936114584362,0.810342847463174,0.658573048844703,0.214629755322837
158.12,0,298.387222715982,0,0.811573308195027,0.655540310717166,0.214738005785883
158.13,0,298.607435365404,0.000416165553279311,0.809684457058284,0.654705132554035,0.217585739029938
158.14,0,298.832028201512,0,0.810060854718784,0.65239214896368,0.213790003140314
158.15,0,299.060959477141,0,0.810883475762817,0.656789397055367,0.215000259266427
158.16,0,299.294186442021,0,0.812497348102328,0.65350126711844,0.215135517715072
158.17,0,299.531665363561,0.00250581801123079,0.812308845973475,0.653880881759818,0.213059744205038
158.18,0,299.773351548024,0.000761602229348216,0.8116764833918,0.655427196657536,0.213597594812613
158.19,0,300.01919936208,0,0.813434258248638,0.653106846930632,0.214101379900409
158.2,0,300.26916225471,0,0.813198377943305,0.654722217204195,0.219098953648668
158.21,0,300.523192779439,0,0.814261835320344,0.654508852813041,0.215211582254602
158.22,0,300.781242616907,0.00117667123169467,0.812529464800856,0.654314778214853,0.215906937357941
158.23,0,301.043262597717,0.000212251605331304,0.811824426795079,0.653745782990678,0.214949001879283
158.24,0,301.309202725588,0,0.812661483754968,0.655937042517871,0.213378999589738
158.25,0,301.579012200751,0.000384491807269166,0.815330895640973,0.654846103354524,0.216793993860427
158.26,0,301.852639443615,0,0.814359720720236,0.65430373706117,0.213200231753297
158.27,0,302.130032118641,0,0.813316122048071,0.654776260744279,0.214895170654805
158.28,0,302.411137158436,0.000655610152832692,0.813807633785888,0.651745650146296,0.214496850604518
158.29,0,302.695900788046,0.000999300482266248,0.816520282786526,0.65655541328918,0.214769143218522
158.3,0,302.984268549413,0,0.812604381437589,0.655988249684542,0.212625199233349
158.31,0,303.276185325998,0.00257294102204394,0.813497132295961,0.654791735028047,0.216842957074527
158.32,0,303.571595367541,0,0.814871893720189,0.652616361282749,0.217062578942752
158.33,0,303.870442314952,0,0.815060024253439,0.653318733262746,0.214026212922432
158.34,0,304.172669225296,0.00219561029722425,0.816514240935469,0.652778581978534,0.213281864955226
158.35,0,304.478218596884,0,0.813943380753538,0.654876391680199,0.213619923928585
158.36,0,304.787032394425,0.000384068819113501,0.816147226107026,0.655191580785832,0.215677497421708
158.37,0,305.09905207424,0,0.816096957529286,0.652189335317579,0.214290549725847
158.38,0,305.414218609521,0,0.815023220996054,0.652811181666428,0.21211468151154
158.39,0,305.732472515615,0.000179215831294487,0.814811818107497,0.65103187217242,0.214251749099329
158.4,0,306.053753875309,0.000981554359493922,0.81855587164125,0.653747732425209,0.216445152503628
158.41,0,306.378002364126,0.000151105375791502,0.818305946857419,0.651608864318856,0.212586006177911
158.42,0,306.705157275593,0,0.816808603300226,0.650282580161645,0.214822745723458
158.43,0,307.035157546467,0,0.816533172652886,0.65313789727762,0.215056980085699
158.44,0,307.367941781934,0.00278021451104925,0.816417402852678,0.655545704539843,0.215694463311672
158.45,0,307.703448280727,0,0.818535637043484,0.652970875403276,0.216452334045066
158.46,0,308.041615060173,0,0.815247608975544,0.65223840997181,0.215586283782643
158.47,0,308.38237988116,0.00150685943747139,0.818125336523472,0.652512346825905,0.214444091178001
158.48,0,308.725680272988,0,0.820305842587295,0.654769528376917,0.213684213546122
158.49,0,309.071453558125,0,0.819325090563216,0.651490037953036,0.218280840279492
158.5,0,309.419636876808,0.00149095709737312,0.820274286495549,0.651143000995665,0.214587623256
158.51,0,309.770167211543,0.000983906207248611,0.818670094003556,0.653924654209408,0.214824143790281
158.52,0,310.122981411421,0.00161991138397749,0.821439162562294,0.649823721916252,0.213343274235741
158.53,0,310.478016216293,0.000325631391705868,0.823519926917271,0.652421054540743,0.217954523929229
158.54,0,310.835208280774,0,0.82107898996827,0.650484728502927,0.216191776154725
158.55,0,311.194494198053,0.000383850580246407,0.821287393759327,0.653643765735166,0.216957499310921
158.56,0,311.555810523519,0,0.820901864546836,0.6485287882028,0.215457101426751
158.57,0,311.919093798193,0.00174912887646242,0.820077725355419,0.651929621541699,0.215796404710219
158.58,0,312.284280571933,0.00400450325933526,0.821721368375044,0.650251994983883,0.215956077378184
158.59,0,312.651307426433,0,0.822718701128319,0.65088238268092,0.212160741669062
158.6,0,313.020110997987,0.0016384324044445,0.820354510647558,0.650638699852353,0.214702057749306
158.61,0,313.390628000025,0.000583915168940487,0.823261274507351,0.650265795737613,0.214680869749298
158.62,0,313.762795245387,0,0.823487719829462,0.648903601206834,0.214631170772381
158.63,0,314.136549668371,4.04002404360125e-05,0.821617964635733,0.651525047945725,0.213370976446702
158.64,0,314.5118283465,0.000159004816395725,0.822897348482372,0.648832184680312,0.215203945794278
158.65,0,314.888568522032,0,0.823577372928543,0.6487752212204,0.215775802958331
158.66,0,315.266707623206,0,0.820648449708373,0.650921601999129,0.215975969145591
158.67,0,315.646183285191,0,0.826134913882934,0.649282057736882,0.215551332352255
158.68,0,316.026933370768,0.00108499272059315,0.8218588276082,0.649653224332352,0.215182393211539
158.69,0,316.408895990715,0,0.82346891602765,0.648739045476059,0.215667840401969
158.7,0,316.7920095239,0.00151899726440697,0.82697705660257,0.650935500199534,0.214018414359867
158.71,0,317.176212637064,0.00126719878928762,0.825631133070231,0.650166701756826,0.2148731174146
158.72,0,317.56144430432,0.000863201725409487,0.826255558262462,0.649147228837747,0.215798974656663
158.73,0,317.947643826321,0,0.828003593157913,0.651016578085864,0.214071471209328
158.74,0,318.334750849131,0,0.826885168620205,0.648872941241701,0.215520766440061
158.75,0,318.722705382772,0,0.827355390571748,0.649995745123416,0.212741982993105
158.76,0,319.111447819452,0.00209783849739045,0.827907289855306,0.648078224518172,0.215030304269056
158.77,0,319.500918951474,0.00265800774218031,0.825281648424694,0.649806895035193,0.213928776141694
158.78,0,319.891059988806,0,0.827114493058578,0.649193117183925,0.215471930644913
158.79,0,320.281812576347,0.00144529226496647,0.828912648472213,0.64874211121901,0.214690638307031
158.8,0,320.673118810829,0,0.828218099520111,0.649878455206485,0.214653818335196
158.81,0,321.064921257412,0,0.826097253354024,0.650253814335684,0.212365335105592
158.82,0,321.457162965929,0.000861381177850192,0.829156548465049,0.649405189855885,0.215764557568864
158.83,0,321.849787486804,0,0.8286646628058,0.6479800633852,0.217109653337744
158.84,0,322.24273888661,0,0.829356146580514,0.64937264334022,0.21388724638352
158.85,0,322.635961763315,0.000528286146193742,0.829252993732368,0.64554382502179,0.21434326909093
158.86,0,323.029401261169,0.00171342780935514,0.831083699205576,0.64844360231751,0.213947197165161
158.87,0,323.423003085239,0.00220337152571175,0.830855802199192,0.648357271697939,0.213455688872259
158.88,0,323.816713515629,0.000171796107508611,0.833286447606246,0.645620284387486,0.213859917590775
158.89,0,324.210479421326,0.00030327647423451,0.830829417572825,0.64802098870877,0.215842356917109
158.9,0,324.604248273719,0,0.832395250535643,0.648806525906449,0.215448678026093
158.91,0,324.997968159767,0,0.830822682417793,0.646879998797978,0.216792388489301
158.92,0,325.391587794821,0.00131728494632854,0.831290993548653,0.646466167494261,0.216324544138327
158.93,0,325.785056535099,9.23495035559559e-05,0.831674186746623,0.645236620279537,0.213325697839262
158.94,0,326.178324389825,0.00123418322680791,0.832850276112186,0.648708826293519,0.212746717471378
158.95,0,326.571342033009,0.0035179788782958,0.830609153889175,0.646513529550315,0.215816871018743
158.96,0,326.964060814889,0,0.835275549602815,0.644345023137792,0.214303846247491
158.97,0,327.356432773034,3.88457092531899e-05,0.830630837361624,0.646084800088763,0.212056117434402
158.98,0,327.74841064309,0.000205882087418152,0.834187295726081,0.643524096379819,0.215461381122049
158.99,0,328.139947869199,0,0.834837942342122,0.646121387580477,0.215865304866295
159,0,328.530998614055,0,0.8335592719875,0.644486009271983,0.215235630381749
159.01,0,328.921517768646,0,0.837120682846906,0.649170051491611,0.215868502293593
159.02,0,329.311460961627,0,0.837194292426937,0.647947724364364,0.214440116437103
159.03,0,329.700784568372,0,0.835906717386655,0.647021469311445,0.216943858879649
159.04,0,330.089445719679,0,0.838225434108387,0.645816454978862,0.214324438894954
159.05,0,330.477402310149,0.00271920062287541,0.836097655300431,0.645690332435032,0.215110748482076
159.06,0,330.864613006209,0.0011225563704083,0.837978639223417,0.645091365329513,0.215354731933038
159.07,0,331.251037253825,0,0.835804361395812,0.646007887422045,0.216030684073891
159.08,0,331.636635285861,0.00265912860893057,0.837338243965415,0.643862438861141,0.216809571850746
159.09,0,332.021368129115,0,0.838045791604111,0.644330524214975,0.211845914449894
159.1,0,332.405197611033,0.00138632724187944,0.837605347540529,0.646010820455313,0.212000821007255
159.11,0,332.788086366076,0,0.839743035421223,0.645289776864902,0.21426178121974
159.12,0,333.169997841779,0.00124547772714576,0.839077506934205,0.644526500090786,0.21540036271875
159.13,0,333.550896304465,0,0.837843621823435,0.645177176822454,0.217795481769305
159.14,0,333.930746844663,0.000235251340808885,0.840076324969981,0.642574915868647,0.213797820869158
159.15,0,334.309515382167,0.00177038721307385,0.839777220055078,0.643001280276922,0.215012445466623
159.16,0,334.687168670813,0,0.838650838422865,0.644879576236888,0.216689087476218
159.17,0,335.063674302909,0,0.838524921359027,0.64367581022823,0.215022209566254
159.18,0,335.439000713364,0.000366516093376616,0.842899417056365,0.642146521954947,0.213756504793341
159.19,0,335.813117183494,0.00100420976367844,0.841966704069158,0.645298683289795,0.213725815350519
159.2,0,336.185993844525,0,0.841003725242148,0.644472860646329,0.217070724874417
159.21,0,336.557601680769,0,0.841557889290732,0.643812884350275,0.215779464872568
159.22,0,336.927912532509,0.00172176128066259,0.84415408926274,0.643792152341926,0.2182311577945
159.23,0,337.296899098567,0.000840196203796657,0.844867188517875,0.646551441915767,0.216416087184351
159.24,0,337.664534938561,0,0.846928043363045,0.645849790942725,0.214706563384705
159.25,0,338.030794474872,0,0.842997919905218,0.643632974308655,0.215514996469743
159.26,0,338.395652994303,0,0.848355071592601,0.645620596346799,0.215893292592249
159.27,0,338.759086649437,0,0.846220379942498,0.644748023534861,0.217924517058779
159.28,0,339.121072459694,0,0.843057659176871,0.643641177315142,0.214222538604837
159.29,0,339.481588312107,0,0.847954525333047,0.643828484616709,0.214254419193585
159.3,0,339.840612961789,0,0.845023839586796,0.644041726814829,0.214074280925697
159.31,0,340.198126032112,0.00141111684711504,0.845808075313658,0.642760256793711,0.2172850529754
159.32,0,340.554108014605,0,0.8471676837351,0.644351688292016,0.216329475318853
159.33,0,340.90854026855,0.00154559874146293,0.847804527472956,0.645626531166319,0.216075818570142
159.34,0,341.261405020305,0.000822802167491947,0.846722617395174,0.642782046463521,0.212414278648099
159.35,0,341.612685362336,0,0.848115588166135,0.644613567167281,0.214194449539162
159.36,0,341.962365251975,0,0.848872947704241,0.642154060131756,0.210972632479561
159.37,0,342.310429509879,0,0.850416294672079,0.644500928400147,0.214256382471397
159.38,0,342.656863818243,0.00184622057101387,0.846240239622324,0.642857491941337,0.21548414973801
159.39,0,343.001654718702,0.00155935750086078,0.848188419561137,0.641252859711502,0.215417162955962
159.4,0,343.344789609991,2.2463120410186e-05,0.850849672733559,0.646637172749483,0.214501936798818
159.41,0,343.686256745305,0,0.848660847523504,0.641533642349325,0.213713865888191
159.42,0,344.026045229419,0.00174621043589494,0.849646408165761,0.641839169636954,0.216055027057821
159.43,0,344.364145015505,0,0.849207625303137,0.644715691683618,0.215699774956046
159.44,0,344.700546901719,0,0.851120259512666,0.643713936840004,0.21531897547517
159.45,0,345.035242527503,0.000764479064694331,0.851264696556185,0.645019943069681,0.212283374700107
159.46,0,345.368224369623,0,0.851124693697766,0.641156890560764,0.211073877355912
159.47,0,345.699485737966,0.00081132073449203,0.854466816029237,0.642880637277084,0.211853960617931
159.48,0,346.029020771059,0,0.852590771774786,0.642018548144446,0.21680167495538
159.49,0,346.356824431351,0,0.85331251495926,0.641998142408827,0.212210056192932
159.5,0,346.682892500221,0,0.854614687427502,0.642860115090974,0.212578526139217
159.51,0,347.007221572757,0.000495799324130897,0.854683170609688,0.644600852584002,0.21416208713385
159.52,0,347.32980905227,0.00237599295146205,0.855165074330414,0.645466337514112,0.21827356763224
159.53,0,347.650653144565,0,0.854886383789764,0.642816355618466,0.21677092764653
159.54,0,347.96975285197,0,0.855981303440266,0.642820057959641,0.215884550503027
159.55,0,348.287107967124,0.00157470619017534,0.856498171098928,0.643501848789204,0.215451449533833
159.56,0,348.602719066512,0,0.856283573427441,0.642957448936723,0.214688546387323
159.57,0,348.916587503779,0.000553941688046171,0.859717604622616,0.644825200113127,0.214611709070966
159.58,0,349.228715402797,3.4685416290521e-05,0.857454723243583,0.644027908898767,0.214815253444508
159.59,0,349.539105650496,3.51896550123523e-05,0.857037006040871,0.644312851070204,0.215770826267728
159.6,0,349.847761889475,1.37092853276846e-05,0.855844589673748,0.645720749386927,0.214989749045897
159.61,0,350.154688510373,0,0.860325658069748,0.642088046617671,0.215843501848178
159.62,0,350.459890644016,0.00282672875414914,0.860743613099341,0.643500766318958,0.213941647028135
159.63,0,350.763374153341,0,0.860414399588099,0.642528412511711,0.214444377819331
159.64,0,351.065145625099,0.000683301991863215,0.859753035660513,0.644036638627639,0.21296877429543
159.65,0,351.365212361329,0.00115872089174154,0.859407923459828,0.644850580644572,0.21305615831804
159.66,0,351.66358237063,0.000470879758638982,0.86163954282407,0.6431030685459,0.214340612190033
159.67,0,351.960264359207,0,0.861591895648621,0.641634387325269,0.213758966735434
159.68,0,352.255267721702,0.00167320632139948,0.863116365931828,0.645260924895164,0.217016627563237
159.69,0,352.548602531828,0.000531029286236521,0.861054621598783,0.643969168316602,0.216911121714415
159.7,0,352.840279532786,0.000540375312154114,0.864601793523317,0.644968403295621,0.215906007036524
159.71,0,353.130310127477,0,0.863438626027643,0.644378412283613,0.214792724025413
159.72,0,353.418706368518,0,0.860195804031292,0.643076599691079,0.215999652415653
159.73,0,353.70548094806,0,0.864940933955943,0.643097223715898,0.214169128095382
159.74,0,353.990647187396,0,0.864347337163038,0.644825299132262,0.213156053588586
159.75,0,354.274219026396,0,0.863412590296046,0.645978316500089,0.212381692847078
159.76,0,354.556211012734,8.62960450104775e-05,0.865088024352766,0.645788584767468,0.213609218899787
159.77,0,354.836638290942,0,0.863600296080977,0.64464149913018,0.213938284638088
159.78,0,355.11551659126,3.98521181689572e-05,0.867437920415408,0.643675206699409,0.214287742971476
159.79,0,355.392862218332,0.000872867437512962,0.864960182538643,0.645681428585224,0.216247358263632
159.8,0,355.6686920397,5.55935961963746e-05,0.867598913622073,0.645069024657221,0.212939027766486
159.81,0,355.943023474127,0.00084565801970047,0.866298095364317,0.646331651065526,0.213608176897306
159.82,0,356.215874479767,0.00041361145197428,0.865561972490132,0.644070018231639,0.215336648562636
159.83,0,356.487263542137,0,0.868063930675566,0.644742543680301,0.215805583085051
159.84,0,356.757209661948,0.000137624389750185,0.867847846081268,0.643746135192375,0.216823309898648
159.85,0,357.025732342762,0.000254106028757504,0.868737201374402,0.644590410359728,0.216405759047623
159.86,0,357.292851578498,0,0.869381988570985,0.647366877660726,0.216421319247698
159.87,0,357.558587840772,0,0.870909653128087,0.64822012297879,0.216375641421272
159.88,0,357.822962066101,0.000420394124891345,0.869513495152326,0.646145482864384,0.216212540230768
159.89,0,358.085995642953,0,0.869121570901746,0.646757042896248,0.214728834122722
159.9,0,358.34771039864,0.00190798632405337,0.871127205099505,0.64710288039279,0.212859669858666
159.91,0,358.608128586104,0,0.869607921612735,0.644950142633096,0.218706266000517
159.92,0,358.867272870532,0,0.871124504173205,0.646495283887448,0.214933489107224
159.93,0,359.12516631586,0.00125172008931103,0.872357231393117,0.647634720212673,0.214114762240434
159.94,0,359.381832371147,0,0.872060360735251,0.64591007868754,0.215263542311921
159.95,0,359.637294856821,0,0.87392750537266,0.648340956508972,0.213110355031043
159.96,0,359.891577950803,0,0.874830374320025,0.644274274217311,0.214449692618314
159.97,0,360.144706174532,0,0.874297156307328,0.64446381071875,0.21567505571055
159.98,0,360.396704378855,3.96382593382386e-05,0.875475448058043,0.648152812799829,0.214680786651232
159.99,0,360.647597729835,0.000272717122876078,0.876473321196721,0.647849476935088,0.21572694236148
160,0.2,360.897411694438,0,0.876290054156775,0.646576516805449,0.215647349242873
160.01,0.2,361.146172026138,0,0.87481371176952,0.646182831896153,0.213257425073778
160.02,0.2,361.393904750422,0.00165345350385401,0.87715839933132,0.646477895181532,0.21397274690552
160.03,0.2,361.640636150202,0,0.876640611860545,0.650136144466668,0.216599835440445
160.04,0.2,361.886392751162,0.000338737894021655,0.875498714157833,0.64856742035574,0.216280010606532
160.05,0.2,362.131201307007,0.00150108171923803,0.876390697223437,0.645680485409642,0.214959708330001
160.06,0.2,362.375088784652,0,0.875447734337174,0.644970749753324,0.216633886543323
160.07,0.2,362.618082349337,0.00226696131603765,0.880875900627548,0.648349363763828,0.214791434503759
160.08,0.2,362.860209349686,0,0.880127692024116,0.646187568887022,0.212871202758569
160.09,0.2,363.101497302699,6.00956591061791e-05,0.87745556846227,0.645258927228285,0.217890734758097
160.1,0.2,363.341973878699,0,0.88081098503502,0.648748401232539,0.21451803934406
160.11,0.2,363.58166688623,0.000784916129917973,0.877971266961559,0.647463613480051,0.212091722156511
160.12,0.2,363.820604256912,0.000632171686057467,0.879447897894247,0.647651018103993,0.215081039704208
160.13,0.2,364.058814030259,0.00195662082650322,0.882336099467312,0.647508103950359,0.216368701938487
160.14,0.2,364.296324338475,0,0.882051061623205,0.647142982869762,0.213946476466279
160.15,0.2,364.533163391208,0.000235705815789634,0.882349635990503,0.650699051396358,0.215302083856163
160.16,0.2,364.769359460306,0,0.88075700488787,0.646710443520379,0.214025542620351
160.17,0.2,365.004940864541,0,0.881026827460226,0.6486044233029,0.214624743306467
160.18,0.2,365.239935954329,0,0.884036697632523,0.649809718812003,0.214077922185647
160.19,0.2,365.47437309646,0.00168509135128989,0.882640420492887,0.651580973561864,0.214862932767908
160.2,0.2,365.708280658818,7.35669785914723e-05,0.881941360088464,0.649513035296912,0.214843596171525
160.21,0.2,365.941686995112,0.00147813565841477,0.88433596927301,0.649041482765249,0.215972633455796
160.22,0.2,366.174620429631,0,0.880965569697582,0.649632691401862,0.212119049477286
160.23,0.2,366.407109242012,0,0.885475891338501,0.649968102235539,0.216154347777956
160.24,0.2,366.639181652043,0.00123802361910633,0.88684067536126,0.652288201736774,0.214298618131038
160.25,0.2,366.870865804486,0,0.887871941533765,0.651893445640018,0.212094114175774
160.26,0.2,367.102189753963,0.0011753099727648,0.886665430662003,0.650173658527401,0.212565529903536
160.27,0.2,367.333181449863,0,0.888527213157926,0.653013114152533,0.213178341518291
160.28,0.2,367.563868721319,0,0.886239866730817,0.652563555114691,0.212710650934313
160.29,0.2,367.79427926223,0,0.886498981489837,0.64881333430142,0.212103701348436
160.3,0.2,368.024440616366,0,0.887596321341788,0.651304036103746,0.216747152820312
160.31,0.2,368.254380162517,0,0.887386964372043,0.653688609696309,0.214856271377723
160.32,0.2,368.484125099748,0,0.885584130471233,0.650139083780357,0.212052588756972
160.33,0.2,368.713702432715,0,0.888040184800095,0.654151097471887,0.212049781832959
160.34,0.2,368.943138957082,0.00250777176056574,0.886906575368225,0.651132510547682,0.213684778600776
160.35,0.2,369.172461245031,0.00152548912098367,0.890908147301907,0.652210073918083,0.215715070613059
160.36,0.2,369.401695630875,2.46226614397118e-05,0.891556180747378,0.653868296281082,0.215484315264787
160.37,0.2,369.630868196775,0,0.888758752221978,0.651521706826542,0.215281100913539
160.38,0.2,369.860004758583,0.000694536692005656,0.890517508356762,0.654251224818728,0.215909299139265
160.39,0.2,370.089130851791,0,0.892856907682724,0.653177096473304,0.21503236186037
160.4,0.2,370.318271717617,0.000402637919746925,0.893610303696776,0.653771531859295,0.214873379598464
160.41,0.2,370.547452289226,0.000467610881756761,0.892657250251908,0.65395609080124,0.215455507605272
160.42,0.2,370.776697178082,0,0.89325177198605,0.653981643059948,0.212535739512481
160.43,0.2,371.006030660452,0.000678037797758914,0.890324746518855,0.651649792241738,0.21425950144025
160.44,0.2,371.235476664062,0,0.895904121352448,0.652735649737301,0.214765235941388
160.45,0.2,371.465058754912,0.000772153162583088,0.894442495887348,0.651612038962795,0.214423811170033
160.46,0.2,371.694800124245,0.00251483416429987,0.892281426154586,0.654713631848798,0.214461243748028
160.47,0.2,371.924723575703,0,0.895582150648134,0.652482769229047,0.215330391725922
160.48,0.2,372.154851512646,0,0.893986320565201,0.65247788346352,0.21438498255667
160.49,0.2,372.385205925656,0,0.896157325982873,0.652163306427855,0.217479565157057
160.5,0.2,372.615808380233,0.000511945253340344,0.895722480480036,0.654813994001754,0.213432324447166
160.51,0.2,372.846680004676,0.000393437026799209,0.896941383094095,0.653113954647889,0.214980299062254
160.52,0.2,373.077841478179,0.000201929974258518,0.897619473051704,0.650601119675422,0.215614226169208
160.53,0.2,373.309313019105,0.00110511010374178,0.897502378523873,0.653894306824815,0.215850444191141
160.54,0.2,373.541114373506,0,0.898525189817079,0.653331971192381,0.213629627819991
160.55,0.2,373.773264803823,0,0.897636507732641,0.653917560022953,0.217114809353375
160.56,0.2,374.005783077834,0,0.899417781562041,0.652323455823365,0.216856815449609
160.57,0.2,374.238687457814,0,0.899174592243774,0.655505133964447,0.215834440150314
160.58,0.2,374.471995689933,0,0.901217946495895,0.652980873783479,0.214949238574702
160.59,0.2,374.705724993884,0.00221923313640631,0.900268863147739,0.656059217146036,0.216366523501988
160.6,0.2,374.939892052764,0.000468474622190658,0.901757963291444,0.655097906843365,0.215045168010533
160.61,0.2,375.17451300319,0.000168566393238026,0.897648315030547,0.655656896042561,0.214731252708466
160.62,0.2,375.409603425667,0.00102608458211428,0.902020126690753,0.652267525772047,0.216940148282667
160.63,0.2,375.645178335225,0.000686308205034753,0.899636825839326,0.654108433754067,0.211581471674588
160.64,0.2,375.881252172298,0.000737031765090644,0.901290404263993,0.657219131403372,0.21719681778231
160.65,0.2,376.11783879388,0,0.90210548876656,0.653782372307355,0.21506117871421
160.66,0.2,376.354951464944,0,0.900992202203666,0.653659863717303,0.216813787883408
160.67,0.2,376.592602850141,0.00211755283277702,0.904614863283883,0.655075063966876,0.214519613892301
160.68,0.2,376.83080500576,8.28921097020573e-05,0.902645223384893,0.657226896968745,0.214628662813902
160.69,0.2,377.069569371991,0,0.904484465497326,0.658870991669126,0.2126132704142
160.7,0.2,377.308906765454,0.000632730993423975,0.901226000332055,0.654976404620256,0.214974259350326
160.71,0.2,377.548827372021,0.000208592241867631,0.903478502261318,0.65808488983534,0.212864534769064
160.72,0.2,377.789340739934,0,0.904359200681221,0.658245149179127,0.215278190392431
160.73,0.2,378.030455773211,0,0.902224198314667,0.656297216672327,0.216861739982859
160.74,0.2,378.272180725356,0,0.905800404119751,0.658489175760935,0.215067014003366
160.75,0.2,378.514523193355,0,0.906216308334439,0.65446136269005,0.215689011379912
160.76,0.2,378.757490111996,0,0.907602030131244,0.657166306947968,0.216318234092687
160.77,0.2,379.001087748477,0.00050243333593919,0.908308265967785,0.655525512512086,0.215014065330106
160.78,0.2,379.245321697327,0.0010519463271848,0.90705976197474,0.652810309601902,0.214330648549284
160.79,0.2,379.490196875642,0,0.908217134368238,0.655379315650331,0.21776333919103
160.8,0.2,379.735717518627,0,0.90894205566727,0.655303568104452,0.214421402007596
160.81,0.2,379.981887175451,0,0.91105537495176,0.654985227845659,0.212656513169719
160.82,0.2,380.228708705422,0.00127022339007901,0.907010584395347,0.655301536997329,0.216041648272144
160.83,0.2,380.476184274479,0,0.910652647023884,0.65315017404224,0.214338911412303
160.84,0.2,380.724315351995,0.000889975921417342,0.908930386270047,0.654652493903277,0.218758593553856
160.85,0.2,380.97310270791,0,0.909509935590942,0.655265021055468,0.215370245957723
160.86,0.2,381.222546410176,0.000177434888954362,0.912865244535112,0.656767209232307,0.215002919599396
160.87,0.2,381.472645822526,0,0.910671746881951,0.654416412826943,0.211729661154227
160.88,0.2,381.723399602564,0.00132864242628293,0.911065962676954,0.655834912068902,0.214066223656927
160.89,0.2,381.974805700181,0.00112570698758957,0.913276360539306,0.658542874554214,0.213292696880475
160.9,0.2,382.226861356286,0,0.911062397871803,0.654930060937738,0.214954718873386
160.91,0.2,382.479563101867,0.00140447136401848,0.909751433379125,0.655060401451988,0.214459430259259
160.92,0.2,382.732906757369,0.00149343083572074,0.911064844621672,0.657601365379598,0.216978462127795
160.93,0.2,382.986887432395,0.00139543271497782,0.911792129852068,0.657103937085331,0.214318670937872
160.94,0.2,383.241499525727,0,0.913426649128947,0.656513287038246,0.21349203241364
160.95,0.2,383.496736725677,0,0.913202696109518,0.657502150896503,0.215080371274601
160.96,0.2,383.75259201074,0,0.915360239969401,0.65711783715444,0.213284597345808
160.97,0.2,384.009057650585,0,0.91463067018957,0.656817655242242,0.215793655848107
160.98,0.2,384.266125207349,0.00197592038623512,0.91621356984506,0.654288136283985,0.21322134542173
160.99,0.2,384.523785537256,0.00208378831702616,0.915691699655834,0.656768091348407,0.217093579379209
161,0.2,384.782028792546,0,0.913582553022799,0.658756356281343,0.213907227574927
161.01,0.2,385.040844423716,0,0.916078714957832,0.657673222974963,0.214415412794605
161.02,0.2,385.30022118208,0.000391486219775285,0.916322387504709,0.657601917389672,0.213299895365426
161.03,0.2,385.560147122626,0,0.915498567864335,0.655771930595713,0.214333204352989
161.04,0.2,385.820609607188,0.000281732376400582,0.916034070198261,0.65609571210677,0.214701181136034
161.05,0.2,386.081595307922,0.000121683497031165,0.91727176092145,0.655192783155609,0.212989231329229
161.06,0.2,386.343090211076,0.000895446174719589,0.916737558471437,0.657935235683761,0.21424581609825
161.07,0.2,386.605079621067,0,0.918748580235445,0.657586935916757,0.216625106632308
161.08,0.2,386.867548164858,0.00218628977189995,0.918796957772307,0.655568066928851,0.213839226510584
161.09,0.2,387.130479796604,0,0.919494977436478,0.654772565725432,0.211596520514485
161.1,0.2,387.393857802626,0.00213812368290769,0.919206947407199,0.654050376306153,0.213787638681057
161.11,0.2,387.657664806635,0,0.919859687915646,0.656770306782464,0.214708142807662
161.12,0.2,387.921882775262,0.000947508480623667,0.920077451143438,0.657618959935289,0.215834611865638
161.13,0.2,388.186493023856,0,0.918147406651898,0.656329866924621,0.21418188908072
161.14,0.2,388.451476222568,0,0.919198107641369,0.655108548183218,0.215219331360552
161.15,0.2,388.716812402693,0.000701447506767758,0.919718488206122,0.657797820589898,0.21344313386737
161.16,0.2,388.982480963291,0.000123627349868043,0.922359345862145,0.655242100052528,0.214855031598244
161.17,0.2,389.248460678071,0,0.919347164539421,0.6569516667716,0.217220162277767
161.18,0.2,389.514729702526,0.0024429758298007,0.921972768065427,0.655361306315696,0.214247541830863
161.19,0.2,389.781265581333,0.000129612367116776,0.92245037005057,0.655775750310454,0.213234816355829
161.2,0.2,390.048045255999,0.000397311069559128,0.921903636598712,0.657132994159663,0.215586568092547
161.21,0.2,390.31504507275,0.00222045111934455,0.923832063471824,0.658240435277015,0.214001776890523
161.22,0.2,390.582240790671,0,0.921997092180673,0.655247006799791,0.21497819761468
161.23,0.2,390.849607590074,0,0.922001777828025,0.656903157802672,0.214277040890077
161.24,0.2,391.1171200811,0,0.924454819413637,0.655987044422089,0.215084750748066
161.25,0.2,391.384752312549,0,0.922733168606041,0.652616683493915,0.214752279871822
161.26,0.2,391.652477780933,0,0.924586198919414,0.657319943759004,0.215947069198836
161.27,0.2,391.920269439744,0.00138706956404019,0.924659089471708,0.653630380245797,0.213987839568427
161.28,0.2,392.188099708934,0.000686596424056512,0.922971092825518,0.655320678459846,0.215411758893436
161.29,0.2,392.455940484601,2.22853151229295e-05,0.924724234138681,0.657821218156794,0.214714401539017
161.3,0.2,392.723763148876,0.000814797206670325,0.923272435827511,0.655929483469374,0.216750623276224
161.31,0.2,392.991538580008,0,0.923165197754748,0.654313715916944,0.217216114493228
161.32,0.2,393.259237162636,0,0.926158043917531,0.654218512905814,0.214027254976743
161.33,0.2,393.52682879825,0.0013413131388527,0.926491512165394,0.655550498544952,0.213136846463761
161.34,0.2,393.794282915822,0.00076671926082628,0.922980624762788,0.654886373297533,0.213449963371707
161.35,0.2,394.061568482624,0,0.92511298926691,0.655707231577698,0.217913084276419
161.36,0.2,394.328654015204,0,0.925688856679667,0.657633449217713,0.216412903521771
161.37,0.2,394.595507590527,0,0.928354407702152,0.655275909937648,0.21754558796163
161.38,0.2,394.862096857275,0.000834620898817846,0.928621548804084,0.656916411890787,0.216663926287345
161.39,0.2,395.128389047295,0,0.927649687733408,0.656706058723999,0.215561112183774
161.4,0.2,395.394350987191,0,0.928362662573655,0.657273901039072,0.216847382341811
161.41,0.2,395.659949110065,0,0.928099677232172,0.657043333712317,0.215954724794332
161.42,0.2,395.925149467376,0,0.928167954166084,0.655464203717545,0.216059177943409
161.43,0.2,396.189917740939,0,0.928738444920724,0.655206774526431,0.214412793772683
161.44,0.2,396.454219255046,0,0.930503492127804,0.655776996754983,0.214362565148758
161.45,0.2,396.718018988693,0.000730111978184269,0.92777040926257,0.651725022665059,0.214583972891984
161.46,0.2,396.981281587931,0,0.92893068407624,0.652836080890102,0.215478675227694
161.47,0.2,397.243971378311,0.000943428577473633,0.928126881795106,0.654842561254719,0.215471951121149
161.48,0.2,397.506052377435,0.000122274131822268,0.928773182774203,0.652981424066195,0.214022269978806
161.49,0.2,397.767488307594,0.000599518137355743,0.930978778651328,0.654851357888287,0.214645867273303
161.5,0.2,398.028242608502,0.00228280325058205,0.929940342550941,0.652061732097328,0.21770025453753
161.51,0.2,398.288278450102,0.000557715137257053,0.929906538950451,0.652327207511674,0.214960300761178
161.52,0.2,398.547558745458,0.00173614594264179,0.930516429879187,0.652855103186047,0.216909651060839
161.53,0.2,398.806046163705,0.00101899532872022,0.930112686422296,0.652038232691049,0.216263416694892
161.54,0.2,399.063703143079,0.00115983195582628,0.934646434736211,0.652801194661305,0.212355484774774
161.55,0.2,399.320491903993,0.000109105112671768,0.929765563390748,0.651415320251664,0.212525835864647
161.56,0.2,399.576374462172,0,0.93060781583539,0.654515889842735,0.215492424924529
161.57,0.2,399.83131264184,0.00224489221080166,0.932063023391958,0.65229277907126,0.214448005641947
161.58,0.2,400.085268088938,9.24330455213704e-05,0.932993979353368,0.65309914387326,0.214135396748034
161.59,0.2,400.338202284393,0,0.934205039376163,0.652657656785451,0.214164240852014
161.6,0.2,400.590076557408,0.00285279134157428,0.931904799097006,0.653505133344151,0.215661879247172
161.61,0.2,400.840852098783,0,0.933656756289598,0.65468821502887,0.214280572291347
161.62,0.2,401.090489974256,0.000216170834967959,0.93397983040081,0.653583258156887,0.21401078835621
161.63,0.2,401.338951137859,0,0.932883447079629,0.653549144195356,0.212824311766388
161.64,0.2,401.586196445286,0.00174040334858137,0.934731382762762,0.649426427870683,0.214811458300992
161.65,0.2,401.832186667266,0,0.931498507249717,0.651212638393646,0.218221675820714
161.66,0.2,402.076882502931,0,0.935024615819592,0.648787722798018,0.215799192903719
161.67,0.2,402.320244593193,0,0.934721774177193,0.651149942889861,0.213448779408175
161.68,0.2,402.562233534088,0.000362149785079907,0.932928763702779,0.650704422103425,0.215833223922508
161.69,0.2,402.802809890133,0,0.935394205470675,0.651877613928513,0.214990489505667
161.7,0.2,403.041934207642,0,0.936351645068363,0.653564853601695,0.215356343020447
161.71,0.2,403.279567028025,0,0.936842973761312,0.651152828672624,0.213396080270764
161.72,0.2,403.515668901059,0.0034855950067,0.935908823163971,0.651918944541674,0.215439377632167
161.73,0.2,403.750200398126,0.000874854902738231,0.934593414384671,0.652191759054199,0.214209317971602
161.74,0.2,403.98312212541,0.00302584373948486,0.935557190219876,0.650520056229993,0.215650627320993
161.75,0.2,404.214394737049,0.00104992459644337,0.937653773851854,0.650724029443001,0.216685650307235
161.76,0.2,404.443978948245,0,0.937377395380329,0.650802280438795,0.213905998021646
161.77,0.2,404.671835548323,0,0.935858908475568,0.650053291717363,0.215953153373476
161.78,0.2,404.897925413726,0.00253056055573506,0.93447198365478,0.649615252496047,0.213028166494289
161.79,0.2,405.122209520958,0,0.936714860106406,0.650702062122464,0.216071170302731
161.8,0.2,405.344648959458,0.00127478892766562,0.936525975512895,0.65014245976075,0.212358749237224
161.81,0.2,405.56520494441,0.000801141636435211,0.9357452447332,0.650048540759324,0.215021181066654
161.82,0.2,405.783838829472,0.00183653582217787,0.938801924858153,0.647228405799771,0.214317058265496
161.83,0.2,406.000512119446,0,0.937237258962399,0.649724233567092,0.215162506093406
161.84,0.2,406.215186482841,0.000165628407866915,0.941219344872936,0.647494824011613,0.213110448770359
161.85,0.2,406.42782376438,0.00188402195371561,0.937501712860242,0.648957088823957,0.21714561404287
161.86,0.2,406.638385997404,0,0.936692369005091,0.649945741302734,0.215268790380022
161.87,0.2,406.846835416183,0.00106508517606882,0.938594414196365,0.646492928947017,0.217462771619189
161.88,0.2,407.05313446814,0,0.936846664815292,0.649649445309902,0.217212717859824
161.89,0.2,407.257245825979,0,0.940295013910665,0.648764533405372,0.216562370371534
161.9,0.2,407.459132399695,0,0.938240581581668,0.647552335697976,0.214163209417021
161.91,0.2,407.6587573485,0.000707982007097403,0.937515744930479,0.647491974341005,0.216573524285451
161.92,0.2,407.856084092626,0,0.939443671705788,0.647897164597611,0.21720674332602
161.93,0.2,408.05107632502,0.00104266929879472,0.938054890801598,0.650349853460626,0.214063119830299
161.94,0.2,408.243698022932,0,0.939552155301408,0.649582233882705,0.215821852945028
161.95,0.2,408.433913459375,0,0.938744524274487,0.645636509078195,0.212829218607412
161.96,0.2,408.62168721447,0,0.939743797971172,0.647372315157386,0.214137581550719
161.97,0.2,408.806984186665,0.000923331820784399,0.939625793741605,0.649925883628846,0.216153565932247
161.98,0.2,408.989769603835,0.000301860322546118,0.938461999098256,0.646658677721508,0.214756284872314
161.99,0.2,409.170009034241,0,0.939349425035128,0.648015290490645,0.21597893834495
162,0.2,409.34766839737,0,0.943319512073375,0.647742948959549,0.21404545859047
162.01,0.2,409.52271397463,0.00170782047564882,0.940006173876015,0.648504138607184,0.215356456940789
162.02,0.2,409.695112419918,0,0.941544172073996,0.647405970260285,0.214872573807114
162.03,0.2,409.86483077004,0,0.941497343953099,0.646955977099054,0.213179220717536
162.04,0.2,410.031836454997,0,0.93718901983598,0.643639217663278,0.216250351037619
162.05,0.2,410.196097308124,0,0.942247574297179,0.648392360641111,0.21410193182924
162.06,0.2,410.357581576077,0.0019183530091541,0.940355217239111,0.645914006855549,0.216813573166431
162.07,0.2,410.516257928686,0,0.942186381095679,0.647841631049285,0.215143648971128
162.08,0.2,410.672095468642,0,0.940450935333839,0.646991049457548,0.21618641430199
162.09,0.2,410.825063741042,0.000924148285027998,0.939188514021348,0.643788641329055,0.215411637507344
162.1,0.2,410.975132742775,0.000816903206968107,0.941574081054929,0.64576016162041,0.216097698023791
162.11,0.2,411.12227293175,0.00020538423582937,0.941340699219787,0.647007253662613,0.216390528681432
162.12,0.2,411.266455235973,0,0.941791067274391,0.645258737237542,0.216338917292507
162.13,0.2,411.407651062454,7.7955837295365e-05,0.9399496304235,0.648995661290848,0.214429958934758
162.14,0.2,411.545832305958,0.000979102769689399,0.941692863719566,0.645167467640645,0.217715131740866
162.15,0.2,411.680971357591,0,0.942259763639401,0.644960295413493,0.216222727186535
162.16,0.2,411.813041113221,0,0.944317912268302,0.646231346174028,0.212684788689412
162.17,0.2,411.942014981733,0.00307364076476021,0.942521314242082,0.643495133775619,0.216308937629548
162.18,0.2,412.06786689311,0,0.942463632244207,0.645403518329908,0.21225644038821
162.19,0.2,412.19057130635,0,0.938943178621312,0.64595711238657,0.215403027990442
162.2,0.2,412.31010321721,0,0.942019346565751,0.646242736572829,0.214292523450629
162.21,0.2,412.426438165775,0.00200340227572159,0.942733437600499,0.645083741458042,0.215952480560789
162.22,0.2,412.539552243857,0.00285712489461981,0.940876689071947,0.646513199673451,0.21236052154855
162.23,0.2,412.649422102209,0,0.944491598209047,0.646163682953898,0.215324673254327
162.24,0.2,412.756024957576,0,0.942231852684021,0.645495049244472,0.217185236434655
162.25,0.2,412.859338599557,0.000487239848266274,0.942184279326972,0.645751893507033,0.216498305380055
162.26,0.2,412.959341397289,0.00141927629053594,0.944400899435249,0.644583268787665,0.216718505197398
162.27,0.2,413.056012305959,0.000258431298444913,0.944300911102878,0.645269131410832,0.214455468788893
162.28,0.2,413.149330873122,0,0.94213810906889,0.644184088297928,0.217479568595264
162.29,0.2,413.239277244847,0,0.944508451443197,0.643588542320789,0.215323010283935
162.3,0.2,413.325832171673,0.00109138908192466,0.944891650347515,0.643583144307248,0.213622540616861
162.31,0.2,413.408977014387,0.00249123068682939,0.943405732749119,0.644339535151049,0.217869256586522
162.32,0.2,413.488693749605,0.00124856260276051,0.942480786898689,0.645454629412886,0.214044640449124
162.33,0.2,413.564964975184,0.00111815713180557,0.943988797762643,0.64408943573746,0.21540126560728
162.34,0.2,413.637773915429,0.000185041017585664,0.941565612940794,0.643549820693552,0.216428096549439
162.35,0.2,413.707104426125,0.00118011876062678,0.945025069690202,0.643162004736353,0.216146689284357
162.36,0.2,413.772940999375,0,0.946867109053562,0.644274779585153,0.212689666242193
162.37,0.2,413.835268768247,0.000532200890355753,0.944566817153892,0.644866850556191,0.215251847130065
162.38,0.2,413.894073511237,0.00133220924780502,0.944442670790664,0.643776321740351,0.218097569070113
162.39,0.2,413.949341656534,0,0.944488168801992,0.641243899154191,0.21311586972737
162.4,0.2,414.001060286098,0.00167622137268334,0.942146625424615,0.645736699449996,0.212887264246619
162.41,0.2,414.049217139548,0,0.942194975134637,0.642788289594442,0.217400257061851
162.42,0.2,414.093800617849,0.00135936012765901,0.943469011535039,0.644563360235826,0.214540600757669
162.43,0.2,414.134799786816,0,0.945484078448285,0.642913560250507,0.214267624768891
162.44,0.2,414.17220438042,0,0.946230970809253,0.641955241385664,0.213743333749335
162.45,0.2,414.206004803895,0.000375383937793756,0.945297994697839,0.644213330080829,0.213975861168861
162.46,0.2,414.23619213666,0.000303880106138053,0.94341537199333,0.64531511801887,0.216676468805952
162.47,0.2,414.262758135042,6.1347998132944e-05,0.943151475924952,0.643382952256996,0.21658350213024
162.48,0.2,414.285695234797,0,0.94097508150233,0.641806923926661,0.216199389090517
162.49,0.2,414.304996553449,0,0.94196714967663,0.644958091346902,0.213549299129377
162.5,0.2,414.320655892419,0,0.942827849293405,0.642289596538191,0.215229815088757
162.51,0.2,414.332667738968,0.000916741985791189,0.943991098395463,0.642264376683233,0.213582360118057
162.52,0.2,414.341027267939,0,0.941802575951855,0.643240520175251,0.215228582930603
162.53,0.2,414.345730343302,0.00133175593134365,0.943264576153182,0.643913595013832,0.212407183004498
162.54,0.2,414.346773519502,0.00205112889387866,0.94229569346143,0.644255231536213,0.213248200867376
162.55,0.2,414.344154042613,8.49672819670924e-05,0.943946922197509,0.642738769440682,0.214238932636825
162.56,0.2,414.337869851288,0,0.944841635776112,0.642905644042041,0.217360029949527
162.57,0.2,414.32791957752,0.000164562494681503,0.941312993878601,0.644780522810434,0.21455066988529
162.58,0.2,414.314302547197,0.0002268462863879,0.944408472594018,0.639528788371972,0.214175915151226
162.59,0.2,414.297018780467,0,0.943012871447185,0.644997427582578,0.216667912667901
162.6,0.2,414.276068991896,0,0.943435830284409,0.641455062292142,0.213985666539122
162.61,0.2,414.251454590439,0.000282845366835595,0.944740290016793,0.646517098791331,0.216868876535577
162.62,0.2,414.223177679204,0.000142263881286587,0.942055917128662,0.643886780771772,0.215760944012201
162.63,0.2,414.191241055021,0.000182080435313114,0.942378926952244,0.643902136487476,0.213965347994087
162.64,0.2,414.155648207815,0,0.94240373866885,0.641747392008488,0.216035454876523
162.65,0.2,414.116403319782,0,0.942363592512333,0.642448416784998,0.218799726191179
162.66,0.2,414.073511264361,0,0.943354157431512,0.640242619636278,0.214068698031669
162.67,0.2,414.026977605015,0,0.943694824209861,0.641371597817394,0.214879901788643
162.68,0.2,413.976808593813,0,0.943775307656917,0.645187915921748,0.214383830427768
162.69,0.2,413.923011169811,0,0.943759641224356,0.642371078713401,0.214864179064461
162.7,0.2,413.86559295724,3.356714548709e-05,0.941521529850041,0.644142559664311,0.212303104582054
162.71,0.2,413.804562263498,0,0.942486131264761,0.643575934299243,0.21522954366884
162.72,0.2,413.739928076938,0,0.941766054893239,0.64250526904845,0.215486041977323
162.73,0.2,413.67170006447,0.000171421429975806,0.942412216793382,0.645581334286573,0.21359152313172
162.74,0.2,413.599888568959,0,0.943169997527478,0.642037736823457,0.215341593284672
162.75,0.2,413.524504606429,0,0.943289367957542,0.644450527245664,0.213964744789476
162.76,0.2,413.445559863075,0.000440658680615717,0.944853941512534,0.642720242348742,0.214920878976221
162.77,0.2,413.363066692074,0.00207839094665082,0.94020614065116,0.64491332116858,0.21706654495845
162.78,0.2,413.277038110206,0.00184358127523742,0.943929397756886,0.643767456254434,0.215932160000698
162.79,0.2,413.187487794283,0,0.944523777282241,0.64538145883636,0.213349281527614
162.8,0.2,413.094430077375,0.00365863416265111,0.942207327219643,0.644201774720307,0.216242968705327
162.81,0.2,412.99787994485,0.00153641506719169,0.942410658535269,0.644924027758326,0.214445874722652
162.82,0.2,412.897853030224,0.00204778847658758,0.941859357014456,0.643429347651667,0.213471901971721
162.83,0.2,412.794365610809,0,0.942919180100666,0.644071363872399,0.213910832457728
162.84,0.2,412.687434603178,0,0.941793977744767,0.644104375642554,0.214608737015418
162.85,0.2,412.577077558435,0.00276723830631301,0.94540338673079,0.643185554507959,0.214654927357236
162.86,0.2,412.463312657299,0,0.942854929858875,0.644662901631709,0.215241222000276
162.87,0.2,412.34615870499,0,0.939764752322381,0.64327589539019,0.214346137583617
162.88,0.2,412.225635125936,0.000528573619534659,0.938700087986471,0.644249088930895,0.21499065303996
162.89,0.2,412.101761958287,0,0.940820701182323,0.647022111518765,0.213109273988078
162.9,0.2,411.974559848238,0.000664791959345551,0.943554864840331,0.64312042866872,0.214983833804164
162.91,0.2,411.844050044178,0.00217704077346201,0.940280473532231,0.646437569681118,0.214948321976591
162.92,0.2,411.710254390636,0.00105947297070044,0.940290896650566,0.645157700811798,0.216613510123854
162.93,0.2,411.573195322061,0.00254388077164427,0.942345314395411,0.643907263101546,0.21598945577413
162.94,0.2,411.4328958564,0,0.941566671957405,0.643988978022817,0.213384680457453
162.95,0.2,411.289379588511,0.000510665201457767,0.943007801608616,0.646284520189535,0.213270161991366
162.96,0.2,411.142670683382,0.000319514148528205,0.942013871818898,0.644175759419961,0.214903428545593
162.97,0.2,410.992793869174,0.00420563553729519,0.940099784479674,0.644407607617657,0.214559200056851
162.98,0.2,410.839774430086,0,0.939335282782364,0.645818727394015,0.215183223024212
162.99,0.2,410.683638199035,0.000451778632750744,0.939419069110307,0.645786760198281,0.216128218544084
163,0.2,410.524411550175,0,0.943600241650057,0.644933441859903,0.215665615583735
163.01,0.2,410.362121391218,0.000409988766768702,0.937647303623157,0.644223742542915,0.212541655636618
163.02,0.2,410.196795155602,0.00393459372105481,0.938873416391833,0.64626908943042,0.213872779860732
163.03,0.2,410.028460794472,0.00175663745567618,0.939498329509121,0.646354756144846,0.214966495578699
163.04,0.2,409.857146768494,0.000768827522725831,0.940755497655108,0.645190141977664,0.217998808710692
163.05,0.2,409.682882039501,0,0.94057605766613,0.64661742041851,0.214889455072682
163.06,0.2,409.505696061973,0.000945986859388681,0.94051457095769,0.647394427029439,0.217502638354041
163.07,0.2,409.325618774335,0,0.941725014691751,0.649604717879517,0.215637092116249
163.08,0.2,409.142680590114,0.000215797257838815,0.941825965038708,0.648711748135331,0.214697687118074
163.09,0.2,408.956912388912,0.000986467613945107,0.936630641428891,0.647080420948466,0.2141240423701
163.1,0.2,408.768345507227,0,0.937402191085436,0.646201960169275,0.2177215119626
163.11,0.2,408.577011729109,0,0.938753268299372,0.647815715730212,0.216510016140781
163.12,0.2,408.382943276669,0,0.938049548997797,0.644815618084498,0.216162944021188
163.13,0.2,408.186172800415,0.000418484060455807,0.939149632814938,0.646727768475556,0.215913792853173
163.14,0.2,407.986733369449,0,0.937683824664268,0.646171950583237,0.21409018834473
163.15,0.2,407.784658461503,0,0.937653350697505,0.650125187524067,0.215110717308597
163.16,0.2,407.579981952829,0.00118314202490097,0.937882394336012,0.648233106355298,0.214566294572271
163.17,0.2,407.372738107942,0,0.936915562263533,0.649560112912587,0.214465611363336
163.18,0.2,407.162961569215,0,0.939313868378158,0.648835132243712,0.215643299876569
163.19,0.2,406.950687346332,0,0.937342991727161,0.648256238470317,0.214970694406033
163.2,0.2,406.735950805599,0.00133204130466372,0.936365951056702,0.646916156437032,0.21439584455299
163.21,0.2,406.518787659124,0.000147908652127822,0.937119328495687,0.647139844729155,0.216039917287348
163.22,0.2,406.299233953849,0.000593149914902585,0.939115757257434,0.649328629364044,0.215618551308442
163.23,0.2,406.077326060458,0,0.936392791403062,0.647314636816531,0.216368130260757
163.24,0.2,405.853100662154,0,0.936567108306709,0.647671380983931,0.215262588217999
163.25,0.2,405.626594743307,0.00185423829638304,0.937468040611337,0.648552489186197,0.214904259568743
163.26,0.2,405.397845577972,0,0.937615438413261,0.649444094671104,0.214271272436298
163.27,0.2,405.166890718294,0.000715669342243523,0.934780350043042,0.647943035546888,0.214971665674628
163.28,0.2,404.933767982792,0,0.937844745315682,0.649381106620919,0.215056582470928
163.29,0.2,404.698515444521,0.00106344538506189,0.93581672368788,0.647012562332918,0.218104534973053
163.3,0.2,404.461171419125,0,0.935363957182531,0.647043462335857,0.216874528814567
163.31,0.2,404.221774452787,0,0.935729072167249,0.650165449107525,0.214932836640187
163.32,0.2,403.980363310058,0.00253559569003575,0.933877911048887,0.651628757077454,0.213925003778746
163.33,0.2,403.736976961599,0.00152886495158088,0.933700215156366,0.650561198433075,0.21766166288923
163.34,0.2,403.491654571813,0,0.937736808510025,0.648400526230468,0.214817303934223
163.35,0.2,403.244435486383,0.00306622579785387,0.932597538471348,0.648704288982181,0.214300887549623
163.36,0.2,402.99535921972,0.000206304444340744,0.936753316634236,0.650751662000336,0.215432308866987
163.37,0.2,402.744465442323,0.00205356434000414,0.935006303464927,0.650896639518211,0.214696123121195
163.38,0.2,402.491793968049,0.00212669330791068,0.932824249198346,0.649945461307353,0.212296343648455
163.39,0.2,402.237384741303,0,0.933200475831288,0.649798469716281,0.21442333327247
163.4,0.2,401.981277824159,0.000675263794851238,0.936727756603876,0.647931832673019,0.216315103173611
163.41,0.2,401.723513383395,0.00117998301443762,0.932686390245203,0.651173245675132,0.213770125309998
163.42,0.2,401.464131677466,0,0.933086009013188,0.649558411050788,0.216453044628907
163.43,0.2,401.203173043415,0.000136722263014758,0.932988269976629,0.651606312824287,0.216515940917631
163.44,0.2,400.940677883713,0.00340234987880329,0.93376001369206,0.6527301915278,0.215042581185634
163.45,0.2,400.676686653049,0.00105009947712271,0.92915150863573,0.649846722533024,0.213260161236385
163.46,0.2,400.411239845072,0,0.931376062497529,0.649381326705234,0.213738581886845
163.47,0.2,400.144377979072,0,0.931543124038521,0.651671145378715,0.213461398645819
163.48,0.2,399.876141586634,0.000613756392653747,0.929484283404378,0.648977287693807,0.214328307270147
163.49,0.2,399.606571198236,0.00123199146810432,0.932281183640881,0.650206096847967,0.216174716165878
163.5,0.2,399.335707329832,0,0.92902298981029,0.652733763201637,0.212882744169703
163.51,0.2,399.063590469385,0.000474691673338917,0.930694565317153,0.653287628605209,0.215845324317037
163.52,0.2,398.790261063392,0.000327402376366144,0.928580807743,0.651933177341562,0.21578764181433
163.53,0.2,398.515759503384,0.0020087921735225,0.93043771460688,0.651002344629106,0.21723401251343
163.54,0.2,398.240126112406,0.00132799536659248,0.930348725324789,0.652066689240833,0.215764095922386
163.55,0.2,397.963401131492,0,0.931347826122025,0.653238567458205,0.216399894574232
163.56,0.2,397.685624706145,0.00175864484300127,0.927353582814723,0.653364177666235,0.216084654299912
163.57,0.2,397.406836872791,0.000291803852606353,0.928202843482762,0.654323148695125,0.212569343815463
163.58,0.2,397.127077545268,0,0.929262345268197,0.649839447194359,0.216635007463206
163.59,0.2,396.846386501312,0.00200848367068924,0.928836305716476,0.653685772861797,0.213403946551838
163.6,0.2,396.564803369052,0.00113030078116649,0.929784966811887,0.650279428923887,0.216914969715928
163.61,0.2,396.282367613547,0.000534620143788288,0.928249496300738,0.654077447261995,0.215560648515758
163.62,0.2,395.999118523331,0.000169714957598051,0.926751840716887,0.65613857801425,0.21369838460344
163.63,0.2,395.715095196999,0,0.928143703584593,0.653360247118705,0.212309335245573
163.64,0.2,395.430336529831,0,0.928018210660668,0.65456681688637,0.21371970745529
163.65,0.2,395.144881200462,0,0.924567246819416,0.653978560359034,0.215259484817019
163.66,0.2,394.858767657593,0.00120148248823256,0.926090480066701,0.655574480686521,0.216903779756579
163.67,0.2,394.572034106765,0.000552950940209221,0.926666664703911,0.652178599208262,0.213414763432846
163.68,0.2,394.284718497194,0,0.927037298666774,0.652179476187222,0.214885704340184
163.69,0.2,393.996858508665,0.00114080094615346,0.925918177093059,0.650393753128979,0.216828750702013
163.7,0.2,393.708491538506,0,0.92432589518042,0.650990521834026,0.217049408013181
163.71,0.2,393.419654688638,0,0.926881043933641,0.655875375886435,0.215317607375882
163.72,0.2,393.130384752706,0.000190853246835389,0.926326319512325,0.653969368624505,0.215043058898962
163.73,0.2,392.840718203303,0,0.924819668099895,0.654532765434532,0.214292181668437
163.74,0.2,392.550691179289,0,0.923866499618191,0.654546316416501,0.215054813675043
163.75,0.2,392.260339473216,0,0.92299658309,0.653339669214072,0.214529344187353
163.76,0.2,391.969698518848,0.000197485328767847,0.921983410844704,0.652819387174654,0.215759002134367
163.77,0.2,391.67880337881,0,0.923193366367914,0.655086081227077,0.216562878928245
163.78,0.2,391.387688732346,0.000410035220659549,0.921141252957221,0.655307128079755,0.215614906507568
163.79,0.2,391.096388863208,0.000817904214123231,0.920278103416975,0.657221210517008,0.215125719365211
163.8,0.2,390.80493764767,0.00136909348856883,0.922434787726997,0.654020051867197,0.213463036775105
163.81,0.2,390.513368542692,0,0.919439840417618,0.65380664522588,0.214687860584176
163.82,0.2,390.221714574206,0,0.922415438892405,0.65434216415162,0.214430081534823
163.83,0.2,389.930008325576,0.000536835517743753,0.920027050090088,0.658048752296474,0.215394509313295
163.84,0.2,389.638281926198,0.000802442430546597,0.920852642986927,0.656096755006305,0.21625905134416
163.85,0.2,389.346567040258,5.45621905015565e-05,0.919410279735019,0.656024385636377,0.21421465874141
163.86,0.2,389.054894855668,1.94365865407722e-05,0.92069403977506,0.655452352848197,0.213385591421545
163.87,0.2,388.763296073173,0,0.920749350926143,0.657637813363021,0.216055308690798
163.88,0.2,388.471800895624,0,0.920165815682311,0.656639352183322,0.212233656755005
163.89,0.2,388.180439017447,0,0.920490100788498,0.654015494848746,0.215070929258351
163.9,0.2,387.889239614304,0,0.920395761791668,0.654252515451049,0.213934425940909
163.91,0.2,387.598231332938,0.00153135990990393,0.919176190186369,0.655245421812638,0.215466594817229
163.92,0.2,387.307442281228,0.000591468539761673,0.916190429526072,0.656513144202541,0.21669128493851
163.93,0.2,387.016900018445,0.00204149059467639,0.920502690067384,0.659049725816018,0.217653196484755
163.94,0.2,386.726631545727,0,0.916668172827491,0.653944248322134,0.213653451751827
163.95,0.2,386.436663296764,0.000646943469081509,0.916938188170659,0.655903406331493,0.218249323868343
163.96,0.2,386.147021128713,0,0.915625501843024,0.653479849953661,0.215265397562217
163.97,0.2,385.85773031333,0.00188323225601256,0.916699255951126,0.655508425547642,0.215336726115539
163.98,0.2,385.56881552835,0,0.913406807395859,0.656487537145541,0.213540547899367
163.99,0.2,385.280300849091,0.000191222478873114,0.915351925602179,0.658316996471819,0.215522672958125
164,0.2,384.992209740317,0.00322666426680849,0.914315373127405,0.655708063535681,0.215422965942296
164.01,0.2,384.704565048329,0,0.917409950434524,0.654240893086148,0.215951035244286
164.02,0.2,384.417388993324,0,0.915501629617398,0.656924898718085,0.215888194990455
164.03,0.2,384.130703162016,0.000945523309092948,0.917049594674034,0.655786346471283,0.215322558712225
164.04,0.2,383.844528500496,0,0.9122304335065,0.656271687129564,0.215967429027676
164.05,0.2,383.558885307385,6.57548518090431e-05,0.911723751207244,0.654485603622015,0.213655940388403
164.06,0.2,383.273793227241,0,0.912837770158001,0.656271053364201,0.214975951355383
164.07,0.2,382.98927124425,0,0.913945847133813,0.657085867339916,0.213428951079882
164.08,0.2,382.70533767619,0,0.911112580045933,0.656856687056523,0.214400669809849
164.09,0.2,382.422010168685,0,0.910865630757589,0.655295323456016,0.212737134463625
164.1,0.2,382.139305689737,0,0.914477122964464,0.654418641131634,0.215204051778755
164.11,0.2,381.857240524561,0,0.909813725904875,0.658671450525413,0.213194847865345
164.12,0.2,381.575830270703,0.00095805595618769,0.911229001268238,0.657124950740606,0.212628852257557
164.13,0.2,381.295089833465,0,0.911547247221235,0.657408169952489,0.212932079317688
164.14,0.2,381.015033421618,0.00108569790120852,0.913384940532055,0.654962461098107,0.215413270561744
164.15,0.2,380.73567454344,0.000454047865177986,0.91136759448314,0.655997476516426,0.214844890832259
164.16,0.2,380.457026003037,0,0.909116662357263,0.655985150790092,0.21655141054342
164.17,0.2,380.179099896991,0,0.909851507868655,0.654269581438508,0.215548181232915
164.18,0.2,379.901907611318,0.000749349716980866,0.908403645433919,0.65745748517422,0.213950931692469
164.19,0.2,379.62545981873,5.31493759630049e-05,0.910056039145593,0.65626132955233,0.215260971031246
164.2,0.2,379.349766476227,0.00191548134852707,0.909657040223151,0.656676426843987,0.214335956798884
164.21,0.2,379.074836823005,0,0.905976376325707,0.657311907903637,0.21455685457543
164.22,0.2,378.800679378678,0.00204074803823448,0.906907782746977,0.657968816372763,0.217313283837081
164.23,0.2,378.527301941832,0.000438030322573328,0.908027749532345,0.658212056483516,0.212029465359933
164.24,0.2,378.254711588898,0,0.906358979763665,0.658246270611824,0.214207128989068
164.25,0.2,377.982914673357,0.00170445492640344,0.907680019146355,0.660006946475405,0.214102768922447
164.26,0.2,377.71191682526,0,0.905879127720019,0.6564020876572,0.213694241152225
164.27,0.2,377.441722951093,0.00170824677929623,0.903070079024731,0.654198440538688,0.215620861337393
164.28,0.2,377.172337233956,0.00187388070189058,0.90437629115563,0.659076207738535,0.217923018548239
164.29,0.2,376.903763134081,0,0.904886914501463,0.657109403968606,0.218005526581445
164.3,0.2,376.636003389671,0.00185446341855465,0.902002225736897,0.655476274844549,0.214858122921548
164.31,0.2,376.369060018087,0.000463267176362215,0.901087148708277,0.657166361713464,0.217177086836215
164.32,0.2,376.102934317341,5.21644247222042e-05,0.902436948659125,0.654298280082101,0.212802189074755
164.33,0.2,375.837626867939,0.000219553577991596,0.902703368510005,0.656208399800274,0.214446651448691
164.34,0.2,375.573137535047,0.00075714059725946,0.903313932909149,0.655678706375072,0.215418783735578
164.35,0.2,375.309465470986,0,0.903968114078564,0.657126904115552,0.215617519481427
164.36,0.2,375.046609118053,0,0.90141535495199,0.656846575766932,0.215482527740945
164.37,0.2,374.784566211682,0,0.900381065118307,0.65574326128714,0.215114117655486
164.38,0.2,374.523333783917,0,0.901278795677667,0.652536529284702,0.215766482923231
164.39,0.2,374.262908167219,0,0.902204376296423,0.65404033023554,0.214290524452419
164.4,0.2,374.003284998601,0,0.900046437128927,0.656573717171429,0.213540150699181
164.41,0.2,373.744459224071,0.000161915226816719,0.902481941215482,0.654856986814558,0.216646290734223
164.42,0.2,373.486425103418,0.0011500303228495,0.901902173980495,0.653356783122934,0.214510904424517
164.43,0.2,373.229176215294,0,0.901070741259564,0.656080888030087,0.215898125210646
164.44,0.2,372.972705462632,0,0.897346612472116,0.655955896176671,0.214200831629579
164.45,0.2,372.717005078361,0,0.900430962204349,0.656211963454567,0.215711571954387
164.46,0.2,372.462066631453,0,0.897846586885504,0.652848119746022,0.213797111820582
164.47,0.2,372.207881033259,0,0.899960927718104,0.654286157632669,0.215051700396516
164.48,0.2,371.954438544164,0,0.896516701340645,0.657393973381379,0.214038766301176
164.49,0.2,371.701728780544,0.000847169897451072,0.897377975189821,0.655444013339155,0.214774224247233
164.5,0.2,371.449740722019,0,0.895016173071093,0.65607916044919,0.21619981885326
164.51,0.2,371.198462719005,0,0.894790174912814,0.656727316299996,0.218378093992843
164.52,0.2,370.947882500558,0,0.894296401252496,0.655341627237683,0.215016261870217
164.53,0.2,370.697987182514,0.000984461430327742,0.89502007637386,0.658973957798815,0.213754132287904
164.54,0.2,370.4487632759,0,0.894798109887027,0.655498336704733,0.216093545913238
164.55,0.2,370.200196695646,0,0.893996165960536,0.65459358367518,0.214667737823768
164.56,0.2,369.95227276956,0,0.890978638079053,0.654712197455059,0.215944461857756
164.57,0.2,369.704976247578,0.00141126482741109,0.891854944142147,0.653495170720205,0.214995424865514
164.58,0.2,369.458291311289,0,0.891907512578073,0.656597909976044,0.214016264335745
164.59,0.2,369.212201583723,0,0.892736971253632,0.653203012353497,0.216196732314226
164.6,0.2,368.966690139393,0.0010041037781833,0.890514600215967,0.657200476094592,0.21452507278159
164.61,0.2,368.721739514591,0.00234516911480628,0.893263167552042,0.652572939239779,0.214789647912527
164.62,0.2,368.477331717951,0.000949081133487153,0.891072432886656,0.653832665887733,0.216350363992108
164.63,0.2,368.233448241227,0,0.891435667903102,0.656882057812148,0.216012617559532
164.64,0.2,367.990070070339,0.00077945733353318,0.888141907406143,0.655650152494249,0.215958791744504
164.65,0.2,367.747177696636,8.00792815893322e-05,0.886279691207911,0.654665968090534,0.21589143045995
164.66,0.2,367.504751128393,0.000449696966993527,0.888450365001782,0.652698355798801,0.212428771399095
164.67,0.2,367.262769902532,0,0.889512472235502,0.650703633822632,0.215918737639633
164.68,0.2,367.021213096562,0,0.891000857409433,0.651126371716503,0.214118920562984
164.69,0.2,366.780059340719,0.000266999079010672,0.887800063311843,0.652869885267538,0.215140253463192
164.7,0.2,366.539286830337,0.000892300003948259,0.889604186236264,0.65191920105507,0.216495039911168
164.71,0.2,366.29887333839,0.000673523744313311,0.887611520023803,0.652838370610532,0.214131187792426
164.72,0.2,366.058796228251,0.00117020662692077,0.886794104378591,0.653570185096571,0.214262454806205
164.73,0.2,365.819032466626,0.000530344270407004,0.886800380844864,0.652883490896064,0.217419823746492
164.74,0.2,365.579558636676,0,0.887222929719806,0.651012388633357,0.216238135966806
164.75,0.2,365.34035095132,0,0.884917539065645,0.652067692484901,0.215880421744034
164.76,0.2,365.101385266689,0.00348954401771056,0.885114713431119,0.650785311664516,0.213507104701497
164.77,0.2,364.862637095771,0.001359458621848,0.885389620798793,0.652611161272203,0.213667546521839
164.78,0.2,364.624081622187,0,0.883463897258986,0.652288419806205,0.215196163130725
164.79,0.2,364.385693714141,0,0.885344092354524,0.649971105016215,0.216190248613125
164.8,0.2,364.14744793849,0,0.88489657388557,0.652274956571558,0.215788256700315
164.81,0.2,363.90931857498,0,0.882343547973309,0.65078336255346,0.214589731537419
164.82,0.2,363.67127963059,0,0.882975293957781,0.653965945301305,0.213402646282562
164.83,0.2,363.43330485401,0.000424090136210233,0.883196665315128,0.650441134665852,0.216393257736589
164.84,0.2,363.195367750249,0.0014495343527937,0.880689104864211,0.650475316106291,0.212364037959569
164.85,0.2,362.95744159533,0.00141565071567122,0.882724479160385,0.650384957563663,0.213238823447097
164.86,0.2,362.719499451118,0,0.880065434818382,0.649464602435316,0.216945536516447
164.87,0.2,362.481514180228,0.00259741951125698,0.88048463228757,0.649356714319168,0.213900193553825
164.88,0.2,362.243458461033,0,0.877035123911974,0.650353899399543,0.214851712086356
164.89,0.2,362.00530480276,0,0.880870196260645,0.649951264023206,0.214066643886401
164.9,0.2,361.767025560662,0.00102377695380372,0.879179621795213,0.649082887266838,0.215036188806651
164.91,0.2,361.528592951263,0,0.878078727320988,0.651233532179046,0.216301188061749
164.92,0.2,361.289979067676,0.00174284314057771,0.878688418015491,0.652075380724872,0.214579558117402
164.93,0.2,361.051155894968,0.00139269142608902,0.87438626778836,0.649905257094246,0.215231241129058
164.94,0.2,360.812095325599,0,0.878212151591055,0.651462453663783,0.214829261930398
164.95,0.2,360.572769174881,0,0.876923580211665,0.648461222402229,0.211214644083887
164.96,0.2,360.333149196511,0.00169603025796812,0.875507937543633,0.649804960981398,0.213580634815654
164.97,0.2,360.093207098109,0,0.876632390455013,0.647542155125333,0.213856479976122
164.98,0.2,359.852914556797,0.00372482575252917,0.875044183042092,0.650953067261096,0.213336326724593
164.99,0.2,359.612243234807,0,0.875218842903206,0.648727654721605,0.213765262518224
165,0,359.37116479509,0,0.874468455640649,0.649334500598623,0.21549603139679
165.01,0,359.129650916947,0.00201422524033369,0.873949258586749,0.649705884688676,0.215415071614461
165.02,0,358.887673311651,0,0.873390632476319,0.649398943444219,0.212144362813956
165.03,0,358.645203738085,0,0.873389982229942,0.647595878533547,0.214090613393389
165.04,0,358.402214018348,0.00223066151993323,0.871884446229704,0.651081783374544,0.213340382653501
165.05,0,358.158676053366,0.000183428749585579,0.873801905640982,0.64899384001408,0.21337182231683
165.06,0,357.914561838471,0,0.874229749638609,0.647886622827192,0.215363666653058
165.07,0,357.669843478961,0.00161352143615111,0.871007000289017,0.64596891056908,0.215326031697281
165.08,0,357.424493205618,0.0012981555799281,0.872191580403452,0.649424240090854,0.212807584186056
165.09,0,357.178483390203,0.000610218374243616,0.871065593024912,0.647114245221158,0.215148233458258
165.1,0,356.931786560889,0,0.871267425563662,0.649312994593833,0.216368885218848
165.11,0,356.684375417656,0.000344063430924608,0.871826063049635,0.646762867544398,0.217289602100022
165.12,0,356.436222847639,0.000295756743640953,0.867667832343252,0.648848420392248,0.212875202163122
165.13,0,356.18730194039,0.000565428300440755,0.867944170083972,0.648100380954364,0.21506904298138
165.14,0,355.937586003106,0,0.869976912531948,0.648121192523968,0.216511519474516
165.15,0,355.687048575759,0.00100514720597023,0.86949641824228,0.648006723607208,0.212544075730225
165.16,0,355.435663446168,0.00119416599069569,0.866127607137578,0.64765812391515,0.215460252836294
165.17,0,355.183404664978,0,0.866249505207137,0.647000533693093,0.214995446435655
165.18,0,354.930246560564,0.00218140619133382,0.868951857604874,0.649008796830698,0.215151568622111
165.19,0,354.676163753831,0,0.86699769109046,0.647210778311434,0.214217383179845
165.2,0,354.421131172923,0.00228511185086689,0.866361411544993,0.64618999053328,0.213495187414654
165.21,0,354.16512406784,0.00118207542134425,0.864349142053132,0.647467078745279,0.213194336240981
165.22,0,353.908118024929,0.000723836739637378,0.865428752905603,0.64759598662635,0.213894813439713
165.23,0,353.650088981285,0.000183749660463355,0.865237188507261,0.64498930392579,0.213255815814321
165.24,0,353.391013239018,0.000505953232681008,0.863534516953541,0.644142055685034,0.214768880508643
165.25,0,353.13086747942,0,0.863018334510003,0.643808192863519,0.21458092727923
165.26,0,352.869628776986,0.00155648645775288,0.864252664310148,0.64585329593063,0.215348919782856
165.27,0,352.607274613326,0.00136022558051614,0.861322105210331,0.645842620424392,0.214018071498387
165.28,0,352.343782890927,0.000111470494108169,0.863403168212919,0.64669480217016,0.214355526312083
165.29,0,352.079131946794,0,0.861953146868961,0.648098845269744,0.212786276583907
165.3,0,351.813300565931,0,0.863665381311197,0.644957077486388,0.216074838329102
165.31,0,351.546267994697,0,0.861801673539464,0.644984685458481,0.21526785267163
165.32,0,351.278013953994,0,0.860576440186381,0.643273248230189,0.214482727886292
165.33,0,351.008518652311,0,0.862162994185729,0.646215041544379,0.215085536702274
165.34,0,350.737762798612,0,0.861528815131958,0.644598867125996,0.216127892293108
165.35,0,350.465727615055,0.000708942481349632,0.857246876407116,0.644048781777221,0.21430914220014
165.36,0,350.192394849552,0.00211680830456126,0.85914847996193,0.645625150190787,0.214811409300131
165.37,0,349.917746788163,0,0.860469804340279,0.645803063400241,0.214347891355316
165.38,0,349.641766267306,0.000488278867716591,0.858254969974303,0.64550487737884,0.217963689302208
165.39,0,349.364436685803,0,0.858675163382624,0.645775402386089,0.215485243416922
165.4,0,349.085742016746,0.000436805514455707,0.858956812287383,0.647780754647206,0.215249170266859
165.41,0,348.805666819171,0,0.858110894561331,0.644516244982395,0.213880797944071
165.42,0,348.524196249553,0,0.857444893743266,0.644092391570032,0.212936777031008
165.43,0,348.241316073118,0.000407436187788764,0.855835663662502,0.643274429423764,0.215981410228905
165.44,0,347.957012674943,0.00117166193765387,0.855037371766239,0.644268021017255,0.213460677323473
165.45,0,347.671273070887,0.00132999691639823,0.857226247627034,0.643661497471419,0.21333561439727
165.46,0,347.384084918296,0.000446074223356157,0.852224152353393,0.646592591690893,0.214936530321143
165.47,0,347.095436526532,0,0.851985176354912,0.646235449023483,0.214983453488301
165.48,0,346.805316867271,0.000514390765642383,0.852820086580138,0.645817137024726,0.214609033318109
165.49,0,346.513715584622,0,0.853867331735296,0.645675985651442,0.217201886753535
165.5,0,346.220623005009,0,0.851876547455701,0.641895915652086,0.215448060415625
165.51,0,345.926030146858,0.00289952567476421,0.851116159971778,0.641953981974428,0.218065680088928
165.52,0,345.629928730054,0.00143975435067359,0.851233710259931,0.644596534559052,0.212897971258642
165.53,0,345.332311185199,0.0022877779647773,0.851982971450865,0.641751815535413,0.21658812567097
165.54,0,345.033170662619,0,0.852323048060419,0.642768955703613,0.212230869009753
165.55,0,344.732501041174,0,0.851025182485218,0.643925619345362,0.215013318437826
165.56,0,344.430296936834,0,0.851759932496759,0.644139368568672,0.216337510694278
165.57,0,344.126553711008,0.000140142711849895,0.848675582837758,0.644205041147453,0.217305755220414
165.58,0,343.821267478666,0.000539595470364672,0.848404694827489,0.647432221088212,0.218403382828785
165.59,0,343.514435116211,0.00250564462216334,0.850620265068598,0.643672950361507,0.217787603153724
165.6,0,343.206054269122,0,0.849326512748336,0.644162391158526,0.213097085870082
165.61,0,342.896123359345,0,0.849757804835405,0.644681880919074,0.213850499778913
165.62,0,342.584641592463,0,0.846804757938771,0.640448525762225,0.216563888201396
165.63,0,342.271608964596,0.00017909743052028,0.850799634942161,0.643558760286383,0.215394291534008
165.64,0,341.957026269079,0.000547978026041835,0.84660681336536,0.642604530221443,0.215056902126097
165.65,0,341.640895102872,0.00105479439639313,0.846956204864158,0.644362586518245,0.215374046668496
165.66,0,341.323217872731,0.00119167408884338,0.846805867195219,0.64449811335031,0.214996897385183
165.67,0,341.003997801114,0.000431009617629598,0.847994298777072,0.642690732525913,0.216205461166769
165.68,0,340.683238931847,0.00106025867780726,0.845110978549729,0.643238428524262,0.213603821397694
165.69,0,340.360946135513,0,0.845915498441996,0.641191621986328,0.215428847959876
165.7,0,340.03712511459,0,0.84722044123958,0.640665078082243,0.213768058046677
165.71,0,339.711782408335,0,0.843634110447779,0.643863656082917,0.214290286855927
165.72,0,339.384925397382,0,0.844163774588878,0.641812357312672,0.215071809667463
165.73,0,339.056562308093,0,0.846320255159518,0.641562983148144,0.213878851651514
165.74,0,338.726702216624,0.00130947679950178,0.843486539074796,0.640868469248621,0.215254771516512
165.75,0,338.395355052733,0,0.843926976586188,0.643072213995435,0.215142206111271
165.76,0,338.062531603302,0.000305406088629297,0.844140802764348,0.642202662307343,0.214929249534437
165.77,0,337.72824351559,0.000289039125868355,0.844749101916792,0.643210837730147,0.215349481963478
165.78,0,337.392503300212,0,0.845657159641576,0.643555617325262,0.21303185865169
165.79,0,337.05532433382,0.000610451637061674,0.844825824831159,0.644305536995849,0.212488021586608
165.8,0,336.716720861525,0,0.843148562247739,0.6443455940063,0.214841767598297
165.81,0,336.376707999016,0.00311583185428506,0.841728785946014,0.644847654035333,0.214817684762705
165.82,0,336.035301734404,0,0.840563164784308,0.643505779442156,0.215114560787791
165.83,0,335.692518929765,0,0.842691773158319,0.646201286552842,0.212433510906347
165.84,0,335.348377322407,0.00066453771388412,0.840709914409284,0.643994600589642,0.213932769769148
165.85,0,335.002895525829,0.00147505876053464,0.841020707317206,0.641212573657114,0.217152728562749
165.86,0,334.656093030396,0.0013211085483039,0.841591297432894,0.643572543642105,0.215925161499794
165.87,0,334.307990203712,0,0.838675424168104,0.643019497810701,0.217905368290102
165.88,0,333.95860829069,0,0.840661012617169,0.645217773273269,0.213718784447361
165.89,0,333.607969413323,0.00206702317024887,0.8416702880525,0.644492036407738,0.21684029505005
165.9,0,333.256096570162,0,0.838061851668724,0.642506116385337,0.215020939481727
165.91,0,332.903013635466,0.000534093697260598,0.839071194381902,0.642878932104235,0.214362267193555
165.92,0,332.548745358058,0.00215316171277111,0.838044266328322,0.643393753610174,0.217095712299821
165.93,0,332.193317359881,0.000630639370802107,0.837926286950103,0.644878809127292,0.215722446468086
165.94,0,331.836756134211,0.000141784469191015,0.835383247500426,0.64522959968977,0.213468683241335
165.95,0,331.479089043593,0.000285011827110041,0.83627544381683,0.645289386341617,0.21421656660474
165.96,0,331.120344317429,0.00226406357527194,0.832766377912705,0.645241069031283,0.215438652781084
165.97,0,330.760551049269,0.00186758229085492,0.834336300573554,0.644258039330898,0.212765447131361
165.98,0,330.399739193771,0,0.838233168514547,0.64356935390101,0.215018929803674
165.99,0,330.037939563339,0,0.835994288715982,0.64074997871372,0.213855035491283
166,0,329.675183824448,0,0.836861434020284,0.644239800851928,0.213108184639872
166.01,0,329.311504493624,0.00186088508912101,0.833572567157688,0.644792814819093,0.21311190766204
166.02,0,328.946934933109,0,0.835097682696909,0.644628996902192,0.214579319069201
166.03,0,328.581509346201,0.000611245627873811,0.834162345399018,0.644850288477312,0.214816230905382
166.04,0,328.215262772237,0,0.833974081236207,0.643503276020898,0.215230564356122
166.05,0,327.848231081273,0.000837120065326427,0.83510397952643,0.644519964266474,0.217417808503343
166.06,0,327.480450968412,0,0.834093571060244,0.644791063857495,0.213973545733594
166.07,0,327.111959947786,0.000680301920117706,0.831743048336225,0.645021640298412,0.21431994880776
166.08,0,326.742796346224,0.00169448168010964,0.832291867215436,0.643292298130128,0.214133987104595
166.09,0,326.372999296554,0.00122906387416928,0.829992008952467,0.644467873710252,0.21287883170153
166.1,0,326.00260873058,0,0.829407933559815,0.646590247577751,0.213003109960612
166.11,0,325.631665371697,0.001887770175383,0.83148891583454,0.646379477615834,0.216081843046876
166.12,0,325.260210727187,0.000295394472943734,0.831072216210259,0.645624603976292,0.215354876194178
166.13,0,324.888287080136,0.00313029962481726,0.830838273550611,0.642194971006402,0.215056151403963
166.14,0,324.515937481025,0.000328832636291123,0.82976646128463,0.647977809724323,0.217091610046289
166.15,0,324.143205738969,0,0.829371282806699,0.64544175657773,0.21400764842179
166.16,0,323.770136412588,0,0.83103838090952,0.644688965809495,0.213117069825461
166.17,0,323.39677480055,0,0.829700272437025,0.645606718661638,0.213979232680342
166.18,0,323.023166931739,0,0.827850086131256,0.645819006015007,0.216471165853812
166.19,0,322.649359555082,0.00246735920196899,0.828521280977886,0.645054900291228,0.21502803758137
166.2,0,322.275400129012,0,0.827991433824937,0.644897374454998,0.211728008532834
166.21,0,321.901336810585,0,0.826570665214274,0.646779207155486,0.213411959937831
166.22,0,321.527218444228,0,0.828799823538165,0.648774173972691,0.215226856211576
166.23,0,321.153094550137,0,0.827331083484761,0.648775413130597,0.217649861510068
166.24,0,320.779015312314,0,0.826783483850513,0.64785384753642,0.216349342962887
166.25,0,320.405031566251,0.00186757724394198,0.825582320517338,0.646983886238642,0.215724705352306
166.26,0,320.031194786247,0,0.825524129545432,0.649163022483493,0.215154699780562
166.27,0,319.657557072367,0,0.825926245622123,0.647973062091517,0.212369853673517
166.28,0,319.284171137059,0,0.826045988738366,0.648733959772298,0.217443083797694
166.29,0,318.911090291384,0,0.825934338760246,0.647443906038698,0.216604766646743
166.3,0,318.538368430914,0,0.825039047954144,0.645528589915781,0.217727198284151
166.31,0,318.166060021258,0,0.822498255545347,0.647715951184145,0.211762209527321
166.32,0,317.794220083238,0.000400158368701112,0.822019447190577,0.647729061329812,0.215636376513858
166.33,0,317.422904177703,0,0.824162400133783,0.651679478512177,0.215662953760601
166.34,0,317.052168389999,0,0.822928275969544,0.647648013346598,0.217302852450655
166.35,0,316.682069314074,0.00234950584408499,0.823131875832963,0.647671871624383,0.217198973462865
166.36,0,316.312664036235,0.0020762721299117,0.823443848548619,0.647705789012328,0.213830955908205
166.37,0,315.944010118565,0,0.82318127629849,0.649030533392035,0.214542016672033
166.38,0,315.576165581972,0,0.824304082255998,0.6489517702773,0.215263937350597
166.39,0,315.209188888914,0.00111383652300279,0.822356306985274,0.649602704956932,0.214827171808023
166.4,0,314.843138925765,0.00152360423951896,0.822292812578359,0.646951370546576,0.216151210535322
166.41,0,314.478074984847,0.00122930208251844,0.821554989218238,0.649916169929498,0.214680154926317
166.42,0,314.11405674612,0.000946917516380467,0.823801691111993,0.64930612567427,0.21402193932957
166.43,0,313.751144258549,0,0.822608826458663,0.648362712481586,0.216817282454335
166.44,0,313.389397921121,0,0.821548229141827,0.64934421714289,0.21552824519271
166.45,0,313.028878463551,0,0.820591993602107,0.647305535365882,0.216328666307682
166.46,0,312.669646926659,0,0.821767085042119,0.649799844790798,0.214863472900954
166.47,0,312.311764642425,0,0.820170306636278,0.650725432486923,0.214219176430649
166.48,0,311.955293213735,0,0.818276781138472,0.649634135040183,0.212823524449059
166.49,0,311.600294493814,0,0.819270853294212,0.648098421038487,0.218800206728217
166.5,0,311.24683056536,0,0.821233387937507,0.648467772795071,0.215045360885305
166.51,0,310.894963719367,0,0.820511010173343,0.649652115391097,0.215231795040997
166.52,0,310.544756433673,0,0.816244627621865,0.649082162384317,0.21492947375442
166.53,0,310.196271351209,0,0.820615515571867,0.652195314381702,0.213520888700339
166.54,0,309.84957125797,0,0.819223281585329,0.65117295277969,0.214363122350406
166.55,0,309.504719060715,0,0.818271354083249,0.64991540742582,0.214751606667835
166.56,0,309.161777764409,0,0.820623779345331,0.649495055432054,0.213690811165504
166.57,0,308.820810449386,0.000681246636321141,0.816643442467436,0.650453929197044,0.21691015909521
166.58,0,308.481880248284,0.000741913860441936,0.818329709472876,0.652068441857856,0.215256798340637
166.59,0,308.145050322729,0.00118987446904884,0.816074593606277,0.65106867399396,0.215350421601263
166.6,0,307.810383839782,0,0.818054126736893,0.649358918049994,0.216596677619355
166.61,0,307.477943948167,0.00137247929432331,0.817579283487617,0.65318621172965,0.212861005524178
166.62,0,307.147793754291,0,0.818112968751232,0.6507618375988,0.214083102432511
166.63,0,306.819996298042,0,0.818282761337762,0.652493699251005,0.214312106922732
166.64,0,306.494614528408,0.000197027877064968,0.814493675116622,0.650167297025568,0.212611347723069
166.65,0,306.171711278909,0,0.819024312162697,0.650781332447447,0.21571990841583
166.66,0,305.851349242846,0.0031502717221115,0.816208089549828,0.649777549048307,0.214158304545789
166.67,0,305.533590948404,0.00164336629782976,0.817801552652076,0.652183899106982,0.21635129195061
166.68,0,305.218498733595,0,0.814559910019524,0.654420575850127,0.214395174480894
166.69,0,304.906134721062,0,0.814340702678835,0.650161255086028,0.215353802646704
166.7,0,304.596560792763,0,0.814468374440931,0.650925348872202,0.217825593093564
166.71,0,304.289838564544,0,0.816145946086987,0.651643795240462,0.214910001817008
166.72,0,303.986029360602,0.000767477841146378,0.814250964602549,0.651047883059824,0.213242152963887
166.73,0,303.685194187873,0,0.814350221527494,0.652430096007226,0.213627068084308
166.74,0,303.387393710342,0,0.814340751731032,0.653960314471784,0.215416377393721
166.75,0,303.0926882233,0,0.814746715081829,0.652125586967336,0.217218896285043
166.76,0,302.801137627552,0,0.815019484845587,0.653724712661392,0.214268537841003
166.77,0,302.512801403596,0.00081656684134016,0.81233729236913,0.654877216021793,0.217031123535109
166.78,0,302.227738585803,0,0.813529872017235,0.654219588430435,0.213608600826987
166.79,0,301.946007736575,0.00165667512054947,0.813230490594778,0.650969063546925,0.218389755107035
166.8,0,301.667666920544,0.000623223519249872,0.812772668758614,0.656303138634545,0.210575090983943
166.81,0,301.392773678795,0,0.809847795235916,0.655327833387876,0.214325028569053
166.82,0,301.121385003139,0.000474387450534708,0.812428386964717,0.654855948949984,0.215910353162932
166.83,0,300.853557310453,0,0.81364461197139,0.652094202717537,0.216703463927128
166.84,0,300.589346417115,0,0.81423024314525,0.654623564011597,0.216976497182296
166.85,0,300.328807513523,0,0.812307404808476,0.653510630948661,0.212803800121317
166.86,0,300.071995138747,0.00169020663292268,0.810598160314673,0.656696159701713,0.215335829136211
166.87,0,299.818963155313,0,0.811623993391475,0.652729298758364,0.212823441694548
166.88,0,299.56976472414,0,0.810834813736236,0.652494098858455,0.215695241210288
166.89,0,299.324452279648,0,0.812786271807441,0.652308007081522,0.215359854388455
166.9,0,299.083077505063,0.00296455414975424,0.809125278503348,0.658076730714396,0.214911434601634
166.91,0,298.845691307922,0.000840206648785661,0.809295962964101,0.655118619214174,0.213886832056344
166.92,0,298.61234379581,0.00193164945505033,0.812201868469396,0.653867670685317,0.215240806712238
166.93,0,298.383084252342,0,0.806827832199723,0.654133937998318,0.213440852626926
166.94,0,298.157961113409,4.45231301684494e-05,0.810738792767243,0.653246137879527,0.215673928941544
166.95,0,297.937021943698,0,0.807645038151854,0.654212570056304,0.21660464568907
166.96,0,297.720313413532,0.000262670065262874,0.808089889788461,0.657586871334553,0.214472226474712
166.97,0,297.507881276007,0,0.810913550679244,0.654035251074677,0.21550097747893
166.98,0,297.29977034448,0.000557769349646015,0.808352849294184,0.655417414900825,0.214685514827382
166.99,0,297.096024470414,0,0.81137396987005,0.656057297438342,0.212605200188562
167,0,296.896686521593,0,0.808422528097534,0.654309853389256,0.21526898072414
167.01,0,296.701798360728,0,0.808970648101799,0.654686588265315,0.215005193454557
167.02,0,296.511400824482,0,0.808934763913684,0.656244817300982,0.216069349082135
167.03,0,296.325533702918,0.00321037099584204,0.809668176540523,0.656385602512876,0.214364963444804
167.04,0,296.144235719397,0,0.811934720390623,0.654613504669969,0.213088708328887
167.05,0,295.967544510939,0,0.806825071379874,0.655670944794706,0.215522834397609
167.06,0,295.795496609067,0.00162738577864799,0.807279553639424,0.652670845831281,0.217273122524693
167.07,0,295.628127421153,0,0.808209307751139,0.655946538859255,0.215319239666011
167.08,0,295.465471212268,0.000649196012942566,0.809029858325111,0.656411903101199,0.215995197266144
167.09,0,295.307561087588,0.000394223844396027,0.808162305389884,0.654413135145416,0.213533758519737
167.1,0,295.154428975319,0,0.807359847192417,0.656958839328645,0.21778280977829
167.11,0,295.006105610213,0.000285305525783982,0.804873374682585,0.654565065265966,0.215777789415703
167.12,0,294.86262051765,0.00121543257134307,0.809687831403406,0.653985101800117,0.215480284206076
167.13,0,294.724001998313,0.000340388517574728,0.808312537870655,0.656811629373536,0.215316857718398
167.14,0,294.590277113483,0.000918168261392084,0.808758094772405,0.6560223800138,0.218629137390077
167.15,0,294.461471670951,0.00277326888441126,0.807330415353702,0.654272346395171,0.216884672377301
167.16,0,294.337610211566,5.56454743958509e-05,0.806266947697778,0.656150825667099,0.21286421148804
167.17,0,294.218715996434,0,0.809599198455984,0.654961315241835,0.21490156569118
167.18,0,294.104810994788,0,0.806645178641323,0.655339436101093,0.213895526340363
167.19,0,293.995915872517,4.56239358511431e-05,0.810546178624995,0.655861429980136,0.214685489874328
167.2,0,293.892049981396,0.000710015649233631,0.804487867776028,0.658052340840641,0.214316220477262
167.21,0,293.793231349004,0.00320415887205639,0.807961161778893,0.658241563312521,0.214057780774104
167.22,0,293.699476669354,7.73880836612388e-05,0.806764277507473,0.657314727619011,0.214256928667712
167.23,0,293.610801294233,0,0.808488269368044,0.654475405835035,0.217604320024439
167.24,0,293.52721922528,0,0.806512644945543,0.656642135485771,0.215017764236668
167.25,0,293.448743106782,0.00246295097500529,0.805713916662257,0.655795375817789,0.212396186428109
167.26,0,293.375384219219,0.00100726080749494,0.810509531252239,0.656518505911436,0.215971711326077
167.27,0,293.307152473564,0,0.807400300178165,0.65640787405692,0.216199005233452
167.28,0,293.244056406319,0.0028785802768165,0.805519276416975,0.655708622304997,0.213884879676714
167.29,0,293.186103175328,0.00104318446126716,0.804938999191732,0.654230892414941,0.214672537034038
167.3,0,293.133298556344,0.00145664403077357,0.808035045932669,0.654799946039059,0.213302525455466
167.31,0,293.085646940366,4.19048600540898e-05,0.808685141212526,0.656374560993988,0.213511770422327
167.32,0,293.043151331748,0.000286408565035439,0.807959156641289,0.657137046432498,0.214393506952088
167.33,0,293.005813347077,0,0.806398637516385,0.657007454161816,0.215643096346209
167.34,0,292.973633214831,0,0.805890310684056,0.655333103644303,0.214020127657589
167.35,0,292.946609775812,0,0.808075261363191,0.656468233127076,0.216019750161268
167.36,0,292.924740484348,0,0.806659066494274,0.656345019216902,0.214203709000133
167.37,0,292.908021410274,0,0.80869582640156,0.656763408165493,0.214668065085627
167.38,0,292.896447241692,0.00169313328773409,0.804483906128475,0.655720774304837,0.214408536809466
167.39,0,292.890011288488,0.00291098628190044,0.808010539708246,0.660523342592171,0.215044613857021
167.4,0,292.88870548663,0.00228021894594099,0.807285555014798,0.657721681076281,0.215360765471189
167.41,0,292.892520403222,0.000468844517922939,0.803392977903012,0.65778216826602,0.215171372239496
167.42,0,292.90144524232,0.000415767914856083,0.805285386728129,0.655955696259993,0.215049122892389
167.43,0,292.915467851501,0.00351012593616808,0.807335734680208,0.65629369291456,0.216548919325854
167.44,0,292.93457472918,0.000743047171289695,0.805309230930736,0.655560742651964,0.214535574708273
167.45,0,292.958751032671,0,0.805539272235646,0.655511734033504,0.21446516975699
167.46,0,292.987980586974,0,0.807524738796032,0.657015223647528,0.216603657332824
167.47,0,293.022245894297,0.00117023573649218,0.804607111387884,0.655102276768105,0.214233177549163
167.48,0,293.061528144284,0,0.804310037611307,0.656685716637253,0.217299499755619
167.49,0,293.105807224959,0,0.808297549592359,0.65781017325537,0.216978727690648
167.5,0,293.155061734363,0.00201581986312693,0.802695550710679,0.65560387458014,0.216934294221792
167.51,0,293.209268992872,0,0.806756626902133,0.654115500610172,0.216873600110598
167.52,0,293.268405056198,0,0.805404830921803,0.657026156637493,0.214839977872964
167.53,0,293.332444729044,0.000396393424284393,0.805852619320543,0.65539644572448,0.214603795382637
167.54,0,293.401361579415,0.00374075066281034,0.805540998711938,0.656816302881691,0.214765987878365
167.55,0,293.475127953559,0.000450408460745612,0.807676805370059,0.654802031087983,0.215841557614095
167.56,0,293.553714991537,0.000794666067075443,0.803448899067215,0.654595080546514,0.215543701169992
167.57,0,293.637092643395,0,0.807125995145558,0.655980259259125,0.214242027001536
167.58,0,293.725229685934,0,0.806822721182343,0.656775898473772,0.211765586016432
167.59,0,293.818093740055,0.000217444202055816,0.807428512741515,0.653202346468647,0.215847637503859
167.6,0,293.915651288671,0,0.807860985792381,0.655271614023212,0.212097312941114
167.61,0,294.01786769516,0.00212221733610751,0.807389766435653,0.657823964102997,0.21419913178504
167.62,0,294.124707222354,0,0.807582085376519,0.655300403112293,0.215527083533968
167.63,0,294.236133052037,0,0.803580203232477,0.654070122937774,0.216306872266311
167.64,0,294.352107304942,0,0.807619850618653,0.656224750860225,0.213965965034164
167.65,0,294.472591061223,0.00172342262283375,0.805999260717538,0.658227985403005,0.215667544851834
167.66,0,294.597544381396,0,0.807315980233558,0.652899358307808,0.215677763076906
167.67,0,294.726926327716,0.000891871355358506,0.805758379841554,0.653186580304332,0.214708589960067
167.68,0,294.860694985982,0,0.806662011190083,0.656249928540432,0.215855769736106
167.69,0,294.998807487748,0.000675631212839074,0.806575996237083,0.653869367886342,0.21519054363748
167.7,0,295.141220032928,0,0.804052084130562,0.655772363233437,0.215680078914141
167.71,0,295.287887912756,0,0.806646997183102,0.655837709932659,0.214186413254952
167.72,0,295.438765533117,0.000797667494779748,0.807256474435199,0.654903342762322,0.215555154867863
167.73,0,295.593806438195,0.00035981248977111,0.807706319485688,0.651959359673174,0.214898995529664
167.74,0,295.752963334441,0,0.806271218557495,0.653644808419847,0.215538553450221
167.75,0,295.916188114829,0.00083552045840991,0.806939097905837,0.653413903174192,0.217550299071909
167.76,0,296.083431883398,0,0.808545372304904,0.653985417464187,0.211994630127227
167.77,0,296.254644980042,5.45869746212535e-05,0.806793751192681,0.653166132227209,0.214361378554354
167.78,0,296.429777005535,0.000698164419232459,0.806111626769596,0.652574993156853,0.215501470358702
167.79,0,296.608776846785,0.000192510401583547,0.808857111116945,0.65297784662913,0.212908522520102
167.8,0,296.791592702284,0.00157559279389729,0.808151305687737,0.654664324151774,0.215522324793249
167.81,0,296.978172107726,0,0.805588841940885,0.653648419377809,0.215120342951355
167.82,0,297.16846196181,0.000913570215668425,0.807295172343679,0.651677518238507,0.216631609925566
167.83,0,297.362408552175,0,0.807178806922546,0.653234349208458,0.214252046725865
167.84,0,297.559957581452,0,0.809186777368371,0.653879846636725,0.213138571233746
167.85,0,297.761054193449,0,0.808723613653053,0.652157327853835,0.215264622173734
167.86,0,297.965642999401,0.00136711051521599,0.809229696881551,0.651696750740204,0.213276293849893
167.87,0,298.173668104303,0.000934576038153302,0.805260324613119,0.65301658701396,0.215346041575845
167.88,0,298.385073133304,0,0.807883282963572,0.651512497503654,0.213570107994303
167.89,0,298.599801258131,0.00112187165343402,0.808233413310605,0.652992554977893,0.2171139469383
167.9,0,298.817795223529,0,0.808938480285246,0.653347482802073,0.218019671028104
167.91,0,299.038997373725,0.0023256748537633,0.80742702626362,0.65185453847915,0.21467702437764
167.92,0,299.263349678858,0.000503101014164054,0.807634014485079,0.65000213907789,0.214483440132643
167.93,0,299.490793761395,0.00127742960763919,0.8077655858308,0.652741211613387,0.217983257734949
167.94,0,299.721270922503,0,0.807466767921376,0.654167666946444,0.216356948336187
167.95,0,299.954722168354,0.00233226713202018,0.808815278878349,0.650465504334544,0.215641888007779
167.96,0,300.191088236363,0,0.809340458748572,0.652093827227852,0.213980800521419
167.97,0,300.43030962134,0,0.808037811994329,0.650763290692243,0.214865494179051
167.98,0,300.67232660153,0,0.809647363733709,0.649537812608159,0.214166702328649
167.99,0,300.917079264547,0.000816265321227252,0.807968403459922,0.650916572249695,0.216308740074156
168,0,301.164507533168,0.00108781571169513,0.807696583648196,0.650711404039773,0.213617486834217
168.01,0,301.414551190993,0.00205942475333703,0.809173691043284,0.648862469966312,0.217966760936977
168.02,0,301.66714990794,0.000388864163440305,0.810343140452565,0.649972827230479,0.214129533015571
168.03,0,301.922243265577,0.000759394288345435,0.81055638342315,0.647850516098067,0.216075068889648
168.04,0,302.179770782272,0,0.810827799442049,0.649402358613658,0.215812791135962
168.05,0,302.439671938151,0,0.811960381583396,0.650434499070744,0.2135567215668
168.06,0,302.701886199846,0.000166055465443623,0.80873057302819,0.64843356999513,0.214661299486667
168.07,0,302.966353045041,0.00134238405808058,0.811209910068935,0.647337207851849,0.216189842438682
168.08,0,303.233011986781,0,0.808149737859598,0.651576025985413,0.21505784689291
168.09,0,303.501802597548,0,0.813855629706289,0.647909011007151,0.215874421802249
168.1,0,303.7726645331,0.00201510363451794,0.81293071477329,0.649198878538269,0.212539509306746
168.11,0,304.045537556044,0.000248794828191021,0.811391531686475,0.649116165632152,0.21412586574895
168.12,0,304.320361559149,0,0.812304516223475,0.650556506971746,0.215368172412102
168.13,0,304.597076588394,0.000663348479373871,0.810563555724052,0.649155043309772,0.214268841604519
168.14,0,304.875622865729,0,0.810863344996409,0.649414453517971,0.214526670470093
168.15,0,305.155940811543,0,0.811183904346889,0.647884723510067,0.213316154463233
168.16,0,305.437971066847,0,0.813509423645266,0.649960929568025,0.214889491134749
168.17,0,305.721654515148,0.00124273883372586,0.815680594733446,0.650590982293236,0.214789485651135
168.18,0,306.006932304011,0.00130939456685824,0.81229767254403,0.649211419699258,0.212473667348646
168.19,0,306.293745866313,0,0.813427400800368,0.648815112814152,0.213362751339365
168.2,0,306.582036941163,0,0.812982520628087,0.649157317766855,0.215284999134326
168.21,0,306.871747594502,0,0.813681527648591,0.649905150081974,0.214364434827706
168.22,0,307.162820239372,0,0.813563333517073,0.648526089976054,0.213513444218441
168.23,0,307.455197655836,0,0.813092548967483,0.647299987934503,0.216109432309519
168.24,0,307.748823010563,0,0.815311204299733,0.645995846341994,0.216525307057719
168.25,0,308.043639876059,0,0.812711817717611,0.647649657454312,0.216998426108442
168.26,0,308.339592249554,0.00112960729422684,0.811029261462385,0.647968851082979,0.215687638350166
168.27,0,308.636624571526,0,0.814130115872209,0.648686741805229,0.213604576218206
168.28,0,308.934681743863,0,0.815492572785611,0.647185290276555,0.213112254476649
168.29,0,309.233709147673,0,0.811995429381788,0.646635625581821,0.21768675197525
168.3,0,309.533652660718,0,0.813534351636676,0.646025291625022,0.213767939192908
168.31,0,309.834458674479,0,0.812823385218305,0.647902210829404,0.212876066678933
168.32,0,310.13607411086,0,0.814958055790991,0.647690508566779,0.216139162882646
168.33,0,310.438446438505,0,0.814392559975589,0.64730857461964,0.212524956749279
168.34,0,310.741523688748,0.00122044405580792,0.814187749537747,0.646474766307732,0.213517903288096
168.35,0,311.045254471184,0,0.814973689283129,0.645231824139611,0.216892050360828
168.36,0,311.349587988861,0,0.815302315247733,0.646365528245375,0.216502701524329
168.37,0,311.654474053083,0.00131825584511045,0.816345894420005,0.647677204585107,0.21343056949888
168.38,0,311.959863097849,0,0.816174979040853,0.647048565190635,0.217682820254367
168.39,0,312.265706193895,0.000344138983239722,0.817367378468805,0.645890528049145,0.214357115900354
168.4,0,312.571955062353,0,0.817785156405863,0.648821330562675,0.214194801676124
168.41,0,312.878562088038,0.00158178635724455,0.818913462439013,0.64544179843743,0.21657452060957
168.42,0,313.185480332334,0.000547789662798644,0.816647851135377,0.646176206704542,0.215212665270615
168.43,0,313.492663545711,0.0012514574587431,0.819731240132269,0.647547196451389,0.214817155850661
168.44,0,313.800066179847,0.000251621473026574,0.817108498439156,0.644741735407987,0.212759975193611
168.45,0,314.107643399371,0,0.815427919985322,0.645033597977205,0.214443801951538
168.46,0,314.415351093213,0.00118626239571421,0.816009399195737,0.645735869595538,0.215809242464075
168.47,0,314.723145885588,0.0020702819586141,0.820261273660877,0.645343583005104,0.215130930428108
168.48,0,315.030985146573,0.00144062334462576,0.818706526321859,0.646684042626776,0.2139804002037
168.49,0,315.338827002322,0.000407964075521169,0.8195471898097,0.643975578732301,0.216267194583536
168.5,0,315.646630344883,0.00151600929101855,0.818437025087112,0.643772015509829,0.21474670473682
168.51,0,315.954354841645,0.00111913633568991,0.817155356072519,0.644822980732815,0.216452500635291
168.52,0,316.2619609444,0.0015098007318476,0.820207087480789,0.644132073518969,0.213053550817835
168.53,0,316.569409898022,0,0.819955295508953,0.644857606108972,0.212767637901659
168.54,0,316.87666374878,0,0.822034084800657,0.645767437081591,0.216518779958243
168.55,0,317.183685352257,0,0.821193181564286,0.643894724181849,0.213235483069266
168.56,0,317.490438380909,0.000703512930705979,0.822381031175309,0.64568527861226,0.213441997909436
168.57,0,317.796887331239,0,0.822368142183071,0.645519751126072,0.21385582197823
168.58,0,318.102997530611,0,0.822056674846537,0.644801627511838,0.216863463786763
168.59,0,318.408735143673,0,0.822160641795971,0.645769169223136,0.214879299426034
168.6,0,318.714067178435,0.000771732117823735,0.823080346480193,0.644352716122359,0.216443744271074
168.61,0,319.01896149196,0.000161493741328964,0.822977865384141,0.646724983512493,0.214635732986868
168.62,0,319.323386795696,0.000535465675514621,0.820436717951935,0.645389623193019,0.215173721245891
168.63,0,319.627312660447,0,0.822901971079662,0.645273629763585,0.215668648854562
168.64,0,319.930709520979,0,0.82128705751675,0.643499314926468,0.214876041921242
168.65,0,320.233548680261,0,0.823631990885501,0.644609690695979,0.212831238131321
168.66,0,320.535802313359,0,0.823467799190252,0.644085176060493,0.21431351961973
168.67,0,320.837443470962,0.00367795260535782,0.823954526924315,0.645207978482941,0.214122878001734
168.68,0,321.138446082556,0.000533845135307655,0.825168318784406,0.643313485632883,0.21654222766785
168.69,0,321.438784959255,0.00150784105621736,0.825917398304538,0.643654994252923,0.214990687424157
168.7,0,321.73843579627,0,0.823297461476864,0.64502737438188,0.214061158022165
168.71,0,322.037375175035,0.0041375805964495,0.826078822571256,0.64521907209094,0.213445171356179
168.72,0,322.335580564987,0,0.824605604506121,0.64593236883952,0.213948589375624
168.73,0,322.633030325003,0,0.823207077168968,0.645534287209011,0.217088364349009
168.74,0,322.929703704494,0.000401386717205858,0.825009085102824,0.64617333518916,0.213698417259065
168.75,0,323.225580844154,0.000497190183801516,0.825507085422433,0.643296391252042,0.214669661137374
168.76,0,323.520642776389,0,0.824297703543592,0.643288332296427,0.215296264210851
168.77,0,323.81487142539,0,0.82842609646818,0.645691263428625,0.216080727001329
168.78,0,324.108249606886,0,0.827871589649807,0.642315987618643,0.213524975596519
168.79,0,324.400761027564,0.000440429865868433,0.825664580796944,0.642599647226547,0.214189127293366
168.8,0,324.692390284164,0.000750070936149935,0.83070571376692,0.645285870390939,0.214602683089871
168.81,0,324.983122862235,0,0.825945183518382,0.644120114698606,0.214940058243804
168.82,0,325.27294513459,0.000337062624901523,0.831255005405319,0.644162166522426,0.211392254272679
168.83,0,325.56184435942,0.00140464390824029,0.829112717415518,0.645037805958031,0.215171310772153
168.84,0,325.849808678095,0.00113562690674288,0.829845151116925,0.640778076863263,0.215597434985451
168.85,0,326.136827112656,0.00091367392144791,0.830820597355687,0.644528137218771,0.21543993424186
168.86,0,326.422889562987,0.00137260712576922,0.828838655709091,0.643783562901499,0.214147776715248
168.87,0,326.707986803671,0,0.831424545366472,0.642333094239329,0.216436061406959
168.88,0,326.992110480545,0.00223682603323542,0.831742172460134,0.642709302956363,0.215252449506968
168.89,0,327.275253106949,0.00457655926371101,0.833911628110793,0.642045535903764,0.212285721982149
168.9,0,327.557408059658,0,0.82945875487777,0.644247916901772,0.215778435195145
168.91,0,327.838569574533,0.000249747785966831,0.832412270926068,0.642053310476906,0.215551279364866
168.92,0,328.11873274185,0,0.833500082131529,0.64515981851401,0.215302463697133
168.93,0,328.397893501351,0,0.831208663361853,0.644100558415111,0.214575837014036
168.94,0,328.67604863699,0,0.831271347110192,0.641838704519675,0.216992904180205
168.95,0,328.953195771391,0.000330037178171818,0.83096329784375,0.642788298530642,0.217593247477545
168.96,0,329.229333360017,0,0.835732423609303,0.643267689166011,0.213380371656895
168.97,0,329.504460685052,0,0.831109800911212,0.645237493217768,0.217595507672676
168.98,0,329.778577848999,0.000839559976348132,0.832304191068778,0.644103230385688,0.217712981819851
168.99,0,330.051685767998,0,0.83347704282673,0.644157343863665,0.21532358758732
169,0,330.323786164862,0,0.835193483436957,0.643420726092885,0.215238446500117
169.01,0,330.594881561841,0,0.833308104898792,0.645479924308867,0.215287921892988
169.02,0,330.864975273115,0.00131178495232244,0.83439825896338,0.643560409384358,0.215049182821884
169.03,0,331.134071397004,0,0.835171143740064,0.645114839539958,0.213944459823507
169.04,0,331.402174807931,0,0.836268751001166,0.642690412764711,0.213733701188427
169.05,0,331.6692911481,0,0.834239633815094,0.644454764741147,0.213409108828662
169.06,0,331.935426818927,0.000168615398709735,0.834462411746847,0.644149497325101,0.21440563333258
169.07,0,332.200588972202,0.000840165434112343,0.838303186570628,0.645583946064974,0.215185153425791
169.08,0,332.464785501003,0,0.836981135971609,0.644741980976671,0.215396299374106
169.09,0,332.728025030348,0.000342825249702815,0.837440618685555,0.643151991885071,0.215070971857261
169.1,0,332.990316907609,0,0.838505313198738,0.643052374998526,0.215288709794247
169.11,0,333.25167119267,0,0.838886102501784,0.643614312159185,0.214649411395992
169.12,0,333.51209864784,0.00226154851326321,0.83842893092603,0.643722469678802,0.216431488088023
169.13,0,333.771610727536,0,0.839014482749633,0.644455529918555,0.213924434487632
169.14,0,334.030219567718,0.000224305705705957,0.839013532176153,0.643741863997046,0.215169956956515
169.15,0,334.287937975094,0,0.840303263478626,0.643970000519361,0.214542616350855
169.16,0,334.544779416098,0,0.840302112397156,0.643889981495754,0.212608942625067
169.17,0,334.800758005637,0.00194227362716572,0.841294173498193,0.647212103035293,0.215003223799089
169.18,0,335.055888495608,0.0010445153089282,0.840947939931022,0.645197135935836,0.215243777902609
169.19,0,335.310186263215,0.000323402395263085,0.843303951379946,0.643469207681422,0.21395123844125
169.2,0,335.563667299044,0,0.841320457997049,0.646299063453999,0.215444393224608
169.21,0,335.816348194942,0.00323236908026535,0.84091369374736,0.648576534014196,0.216941118950361
169.22,0,336.068246131686,0.000970763287507344,0.841672484220137,0.64493100732999,0.215083084319962
169.23,0,336.319378866437,0,0.84415601594591,0.644760130722044,0.218679253048588
169.24,0,336.569764720003,0,0.840752801639425,0.645445059984206,0.213902805093564
169.25,0,336.819422563897,0,0.843361744966198,0.645920389815728,0.21496120263904
169.26,0,337.06837180721,0,0.845817210665368,0.643459575859655,0.215108940367853
169.27,0,337.316632383283,0,0.84602615410585,0.644341036900704,0.213194368930131
169.28,0,337.564224736206,0,0.844187048766971,0.646534379322742,0.214948641691029
169.29,0,337.811169807127,0,0.846499920148304,0.646422977839654,0.212764989839642
169.3,0,338.057489020395,0,0.846971203064363,0.643995927960208,0.219796377012884
169.31,0,338.303204269512,0.000486566890753346,0.847512434995751,0.645638632901198,0.214467383157352
169.32,0,338.548337902944,0.00237201895533746,0.847036057303839,0.645957210087245,0.214422222843789
169.33,0,338.792912709745,0.00240319185179597,0.847044728645681,0.647074938835852,0.2167051625332
169.34,0,339.036951905035,0.00232395053196643,0.849956662621571,0.645393880288718,0.216268045275529
169.35,0,339.280479115327,0,0.849699654631913,0.649088586906401,0.211532151513796
169.36,0,339.523518363693,0,0.849079638028599,0.644276400163764,0.214435363051307
169.37,0,339.766094054802,0.000283520066947139,0.848418709389894,0.649229107413708,0.212788309862638
169.38,0,340.008230959803,0.000479533834114991,0.847359874821538,0.647197660914192,0.211271293856415
169.39,0,340.249954201093,0.00231915345967617,0.847197026300973,0.646001700995341,0.215822601781212
169.4,0,340.491289236937,0,0.84739226562535,0.646322801277235,0.215397650595524
169.41,0,340.732261845984,0.000731998520034648,0.84752316162843,0.648825148727844,0.213165881307882
169.42,0,340.972898111651,0.000303847498310528,0.850403860428409,0.646959284832984,0.213744652466316
169.43,0,341.213224406397,0.000311836507019546,0.850914382951673,0.647667514153174,0.216336229481693
169.44,0,341.453267375906,0.00102317626002053,0.851800302843754,0.646861193286344,0.216443484934484
169.45,0,341.693053923144,0,0.850627720462842,0.647665697797519,0.214499096409015
169.46,0,341.932611192341,0,0.851697278996206,0.649094976135685,0.217187012313536
169.47,0,342.171966552876,0,0.852983689659739,0.648090345014721,0.217148780553637
169.48,0,342.41114758308,0,0.851995759318411,0.647324526569874,0.214518651868962
169.49,0,342.650182053956,0.0012985651244088,0.853907312047623,0.64628366240808,0.213907155807489
169.5,0,342.889097912841,0.000329507700869615,0.855106795842692,0.647609733429143,0.216236728443663
169.51,0,343.127923266989,0.00109597332620047,0.854816958380236,0.648903551676493,0.215011280425975
169.52,0,343.366686367104,0,0.856050515339253,0.647637280126956,0.215504335173401
169.53,0,343.605415590815,0,0.856534866225812,0.647493496497223,0.213634498402672
169.54,0,343.844139426109,0.00203410660418779,0.857075883826951,0.649376609404762,0.211636144562866
169.55,0,344.082886454728,0,0.855753629096861,0.64981344189431,0.214495185265761
169.56,0,344.321685335516,0.000383250715073253,0.856600290030603,0.649644326555046,0.216269122848857
169.57,0,344.560564787765,0.00204559986375253,0.857394092078201,0.648394264540554,0.214753877572797
169.58,0,344.799553574519,0,0.857214821230969,0.648066670390046,0.215007493134835
169.59,0,345.038680485876,0.000236934076274366,0.859021274933445,0.648455856755614,0.214844894545059
169.6,0,345.277974322286,0.00184974415305609,0.857529802394678,0.646285908840003,0.215309153854096
169.61,0,345.517463877841,0,0.8564055711854,0.651217007429428,0.216099701722974
169.62,0,345.757177923579,0.001780345452833,0.859022443470801,0.64916904412025,0.215228317591663
169.63,0,345.997145190803,0,0.85828794681225,0.649716155604907,0.215438037808247
169.64,0,346.237394354419,0.00303010580936982,0.862274441497984,0.648947151879477,0.211546684612823
169.65,0,346.477954016304,0.00117664997786179,0.859396586439102,0.653931115152301,0.213521061813665
169.66,0,346.718852688708,0.00121754229314821,0.86020638863701,0.649104970466132,0.217234267543862
169.67,0,346.960118777709,0,0.860707933493254,0.649148196361356,0.213289590897409
169.68,0,347.2017805667,0.000690445373044799,0.861885592778531,0.649358297410689,0.214216575804798
169.69,0,347.443866199956,5.38634580714696e-05,0.859744925431809,0.652671164401405,0.215151538105952
169.7,0,347.686403666248,0,0.863942810154619,0.651055369013934,0.215908469261194
169.71,0,347.929420782534,0.00142477657304469,0.863591828942261,0.651892104245553,0.217151378503853
169.72,0,348.172945177741,0.000174336836761946,0.860253082062417,0.649360922611166,0.214083190010241
169.73,0,348.417004276615,0.00209745991671526,0.86235862026097,0.650796273657221,0.21614955785912
169.74,0,348.661625283684,0,0.864753626938464,0.651080936748086,0.214500363338758
169.75,0,348.906835167303,0.000980556433379518,0.864338118067136,0.650745543357546,0.216441639925122
169.76,0,349.152660643832,0,0.862097174372702,0.651071205806267,0.214411674120972
169.77,0,349.39912816191,0.000774664831213631,0.864566082607246,0.651390679311889,0.21738331398868
169.78,0,349.646263886856,0,0.86554264135496,0.651506980026113,0.217024818934603
169.79,0,349.894093685216,0,0.865396576440785,0.652357717809486,0.216035249151576
169.8,0,350.142643109431,0,0.868389552551755,0.65183360910831,0.213662608614507
169.81,0,350.391937382659,0.00175018039852258,0.86686501726279,0.652229290743094,0.216001870342503
169.82,0,350.642001383744,0.000377929319843734,0.869437954463064,0.651494625736449,0.216568860912966
169.83,0,350.89285963236,0.00103708199289111,0.867261543571379,0.655543332190748,0.215434432922595
169.84,0,351.144536274299,0.0011117256738905,0.867279386582813,0.653936418444755,0.213665542588613
169.85,0,351.397055066956,0,0.867956583158682,0.651565124613477,0.215600147237698
169.86,0,351.650439364982,0,0.869400313547779,0.652605067096513,0.216567070692461
169.87,0,351.904712106127,0,0.870840663390884,0.653751031079993,0.21553881964757
169.88,0,352.15989579728,0.00140274556893973,0.868674075369549,0.653168245363744,0.21487868015825
169.89,0,352.416012500722,0,0.872501896644751,0.652758402781264,0.217009547328678
169.9,0,352.673083820559,0.000872415418849324,0.871429083189522,0.651635641681406,0.214931668066263
169.91,0,352.931130889407,0,0.873705459321081,0.652028492953791,0.214976721316459
169.92,0,353.190174355275,0,0.872041444647955,0.654297238501858,0.21533183027121
169.93,0,353.450234368677,0.00055234927784891,0.872452985861394,0.65087165379214,0.214079206452493
169.94,0,353.711330569999,0,0.871654898222054,0.656424131360093,0.214517088705685
169.95,0,353.973482077082,0.00281431519189187,0.87135866290678,0.652359042909051,0.215925128727876
169.96,0,354.236707473074,0,0.875080247117294,0.655381192265921,0.214611898397306
169.97,0,354.50102479452,0.00165026032414447,0.87473401841611,0.654268121910966,0.216117222568719
169.98,0,354.766451519724,0.000366993342685671,0.872794155034303,0.653375020100022,0.215113892903371
169.99,0,355.033004557371,0,0.874156409803071,0.653271103276047,0.210924354268085
170,0.2,355.300700235415,0,0.874402619811252,0.652213451118308,0.215091002663022
170.01,0.2,355.569554290252,0,0.877154818404487,0.654348217635706,0.211584513067752
170.02,0.2,355.839581856179,0.00385399151800983,0.87551761552452,0.655098693523692,0.216796748892163
170.03,0.2,356.110797455123,0.000561261151171841,0.874834291397275,0.652677254795202,0.215076841793458
170.04,0.2,356.383214986683,0.00212791087745503,0.87547732237623,0.654397587470834,0.217615273411004
170.05,0.2,356.656847718453,1.8226513767189e-06,0.877722300972709,0.65459601724092,0.216335118892828
170.06,0.2,356.931708276658,0,0.877827402456692,0.653314616401215,0.213391841048685
170.07,0.2,357.207808637094,0.00151087970177749,0.87922053322481,0.656896262972518,0.214048371034017
170.08,0.2,357.485160116375,0.00148242442834058,0.878556282384791,0.655086439957396,0.214395217824959
170.09,0.2,357.763773363502,0,0.877674728922094,0.655479589697301,0.213497389012862
170.1,0.2,358.043658351746,0.00113900807124902,0.87792155823301,0.654618511887189,0.213533005997187
170.11,0.2,358.324824370863,0.00136866989463007,0.879407759630425,0.657634715199665,0.212719618211355
170.12,0.2,358.607280019619,0.000846090249515596,0.879856112816628,0.658046414912854,0.214788289173902
170.13,0.2,358.89103319867,0,0.881564398202066,0.652972605108439,0.216482227535606
170.14,0.2,359.176091103757,0,0.879736154629783,0.656188696716077,0.213225113196911
170.15,0.2,359.462460219238,0,0.88208567240321,0.655155279918559,0.215003724442527
170.16,0.2,359.750146311979,0,0.878858328155351,0.65650584742462,0.215821593780231
170.17,0.2,360.039154425567,0,0.881583629459364,0.655574146887005,0.215824659248449
170.18,0.2,360.329488874876,0.000663132756075367,0.880438661246493,0.65632259029216,0.213899305147169
170.19,0.2,360.621153240983,0.00130702655339538,0.885307748407296,0.655166177820243,0.213196189114662
170.2,0.2,360.914150366432,0.00118429374350443,0.882957070119428,0.655416577462611,0.214941180294619
170.21,0.2,361.208482350845,0.000525892479475813,0.88130944855731,0.657591392965819,0.214868306276911
170.22,0.2,361.504150546895,0,0.884993934947595,0.656299285925329,0.213085083402
170.23,0.2,361.801155556624,0.00032106468260729,0.884598187600517,0.657373682117571,0.212285973477467
170.24,0.2,362.099497228124,0,0.884715451349107,0.655946496043735,0.212615582397899
170.25,0.2,362.399174652571,0.00163843525118508,0.885729907990214,0.654725536580137,0.214390863671271
170.26,0.2,362.700186161617,0,0.887553484846261,0.655523827966443,0.215346489022775
170.27,0.2,363.002529325145,0,0.88621811363295,0.657648532041206,0.21649317835838
170.28,0.2,363.306200949368,0,0.885947817440905,0.658339348000897,0.219126063370097
170.29,0.2,363.611197075311,0,0.886964824938044,0.655619642375902,0.214542634127891
170.3,0.2,363.917512977624,0,0.888969961063992,0.655785623685,0.215139916580823
170.31,0.2,364.225143163778,0.000420597983082503,0.887684496408559,0.654638772347607,0.214318104357749
170.32,0.2,364.534081373596,0.000157812623266368,0.890433236559305,0.659639781810824,0.214623496348454
170.33,0.2,364.844320579165,0.000892585409711262,0.889869898321024,0.655766809915602,0.212782200243498
170.34,0.2,365.155852985078,0,0.889952370929864,0.656215195520735,0.217443014649936
170.35,0.2,365.468670029054,0.00286192032933373,0.89130684023685,0.656471998705344,0.217954553577038
170.36,0.2,365.782762382902,0,0.888942770249665,0.65628294585978,0.216328970937238
170.37,0.2,366.098119953825,0,0.888019898464859,0.657473994312868,0.215972202472751
170.38,0.2,366.414731886101,0,0.889280674738922,0.654768104863603,0.216119157212338
170.39,0.2,366.732586563087,0,0.889729784557721,0.656573318029355,0.215868567466231
170.4,0.2,367.051671609583,0,0.892431690209968,0.65793546216086,0.213820236545218
170.41,0.2,367.371973894531,0,0.892890535861565,0.657863473447618,0.215397239039138
170.42,0.2,367.69347953407,0.000474746842502977,0.892850778004273,0.657002216358289,0.215003651968302
170.43,0.2,368.016173894904,0,0.893013411705341,0.659372730609012,0.216891441005395
170.44,0.2,368.340041598032,0,0.893649985351887,0.656721943165083,0.213092022755909
170.45,0.2,368.665066522793,0,0.89432881299049,0.657278231225566,0.215941563761499
170.46,0.2,368.991231811246,0,0.896138901587519,0.655805811816434,0.216241748944447
170.47,0.2,369.318519872873,0.00114494884083249,0.893052501151096,0.656528585763632,0.215732057057915
170.48,0.2,369.646912389607,0,0.899667372671938,0.657339917782299,0.215615852749311
170.49,0.2,369.976390321178,0.00313713311679212,0.894147530257583,0.656146167600457,0.215128869071804
170.5,0.2,370.30693391076,0,0.896205955860233,0.654724967483177,0.216406314820557
170.51,0.2,370.638522690952,0.00200089372281828,0.899799696067779,0.657048297222608,0.215490501390333
170.52,0.2,370.971135490041,0,0.898976523766141,0.654207135534372,0.215820999247386
170.53,0.2,371.304750438578,0,0.89732082848748,0.655591185014732,0.215929676096356
170.54,0.2,371.639344976249,0,0.89452543405096,0.657559877850337,0.214032662006576
170.55,0.2,371.974895859034,0.000528165758274352,0.898121254282872,0.653889324797312,0.213400066908249
170.56,0.2,372.311379166652,0,0.897919480436097,0.653655235086454,0.212891485377687
170.57,0.2,372.648770310298,0.00177216757188882,0.899134703432453,0.655766641994858,0.213271849354626
170.58,0.2,372.98704404064,0.000411888588326479,0.90110404449529,0.655326157987318,0.213242574340339
170.59,0.2,373.326174456099,0,0.902249004916593,0.659923785795682,0.215953246447208
170.6,0.2,373.666135011393,0.000403080569379376,0.897942289240194,0.653609987074588,0.215354045669093
170.61,0.2,374.006898526338,0.000398699421856221,0.900994411334763,0.654860443656717,0.215496248126369
170.62,0.2,374.348437194902,0,0.900822807044554,0.658665206906091,0.211996977631767
170.63,0.2,374.690722594516,0.00123671944978893,0.901357388369008,0.655798856990014,0.215976523816237
170.64,0.2,375.033725695624,0,0.901140065127412,0.656450613392561,0.21644154572356
170.65,0.2,375.377416871462,0,0.900729625092493,0.656566950025579,0.216789405576092
170.66,0.2,375.721765908088,0.00106864168188808,0.90114623902056,0.653961922197234,0.215004321247991
170.67,0.2,376.066742014614,0.00052239582901452,0.901813783972428,0.656814934592382,0.217005904472221
170.68,0.2,376.412313833676,0.000697401974977644,0.902757398107177,0.653002119976518,0.215078589209761
170.69,0.2,376.758449452108,0.000787066459843381,0.905659457013591,0.656395194179128,0.214606293564547
170.7,0.2,377.105116411825,0.000389525388485721,0.906606211329082,0.657422942804702,0.214603769792344
170.71,0.2,377.452281720903,0,0.904573593487835,0.656037339336901,0.216221926482949
170.72,0.2,377.799911864863,0,0.902338385933419,0.651966786555745,0.215569603510093
170.73,0.2,378.147972818133,0,0.905512279853745,0.658413976267224,0.21434848498859
170.74,0.2,378.496430055694,4.07905242589788e-05,0.906503095698984,0.652168846582352,0.2189833690698
170.75,0.2,378.845248564903,0,0.905712289224753,0.65747621179109,0.212786510337902
170.76,0.2,379.194392857487,0,0.906445039898635,0.655457702900866,0.214868374354033
170.77,0.2,379.543826981695,0.00175926484479459,0.907340588998967,0.654990213314019,0.215098266565351
170.78,0.2,379.8935145346,0.00207433816849693,0.908601274031629,0.652107277940488,0.21555793261089
170.79,0.2,380.243418674567,0.000605585825941076,0.909141935130742,0.652509551767475,0.213707752919583
170.8,0.2,380.593502133849,0,0.908181251182734,0.654022783088223,0.215603940847319
170.81,0.2,380.943727231322,0.000928795458085854,0.90847653927724,0.652053787547396,0.210283712485844
170.82,0.2,381.294055885352,0.00102739580011631,0.909209258418471,0.655075516183885,0.213286131641564
170.83,0.2,381.64444962679,4.44471902451707e-05,0.908287850935988,0.653791060874091,0.215017667321239
170.84,0.2,381.994869612066,0.00410112085510447,0.909249047622349,0.655174627227335,0.21193829410059
170.85,0.2,382.345276636418,0.000857062767285834,0.909555410665829,0.654138699630724,0.212905093449554
170.86,0.2,382.695631147205,0,0.909079592185413,0.653620647260288,0.215036864628431
170.87,0.2,383.045893257322,0.0013377263342297,0.910381660846276,0.653095402011041,0.215938964085072
170.88,0.2,383.396022758714,0.000232864220602935,0.911968692854377,0.653362133154831,0.215881374253185
170.89,0.2,383.745979135962,0.000576485837417208,0.912919026433435,0.655316003336099,0.213449364763617
170.9,0.2,384.095721579957,0.00390155516036655,0.910969985194151,0.651972430248373,0.213352971238412
170.91,0.2,384.445209001638,0,0.910363946968309,0.65352234915352,0.217668091387108
170.92,0.2,384.794400045806,0.00220416905060059,0.91231370977324,0.654086493425035,0.213830948977171
170.93,0.2,385.143253104983,0,0.912765809951637,0.652446675623187,0.214895002662253
170.94,0.2,385.491726333337,0,0.910571411121655,0.652002132119716,0.215808790391015
170.95,0.2,385.839777660649,0.001613572795976,0.915532197822261,0.65165003131736,0.214829491443465
170.96,0.2,386.187364806312,0,0.913365027067688,0.653985214696879,0.216480663220915
170.97,0.2,386.534445293389,0,0.914624741990959,0.653229742217393,0.213257907616836
170.98,0.2,386.88097646267,0.000837335019177296,0.916388082961044,0.651580436852655,0.215485849628864
170.99,0.2,387.226915486777,0.00142460588076341,0.916527640563028,0.653353323022392,0.214000607316084
171,0.2,387.572219384267,0,0.915483325771532,0.649140255869372,0.215004544745925
171.01,0.2,387.916845033767,0,0.91610585470417,0.652636076355997,0.215496319809243
171.02,0.2,388.260749188093,0,0.913792988451316,0.651525827093349,0.216745048489644
171.03,0.2,388.603888488385,0.000851343285278525,0.914604591700693,0.651508817215955,0.216478438907573
171.04,0.2,388.946219478232,0,0.917097786620229,0.649983301640113,0.214735320049295
171.05,0.2,389.287698617787,0.0018083687393423,0.917645558069696,0.650099995164762,0.214299310564627
171.06,0.2,389.628282297857,0.000784822790239773,0.915107292169488,0.653411890948896,0.212760094322082
171.07,0.2,389.967926853992,0.00111806336090971,0.919990056262846,0.651497612515492,0.216570937549984
171.08,0.2,390.306588580527,0,0.918876160148064,0.654749660134003,0.214871741462465
171.09,0.2,390.644223744603,0.00266237662831176,0.918815508933468,0.652212606518872,0.217155530582869
171.1,0.2,390.980788600149,0.00117630482095687,0.919777719782477,0.651686590774502,0.215797469936821
171.11,0.2,391.316239401823,0.000309452627950271,0.919033041200052,0.65183794773429,0.214613484283664
171.12,0.2,391.650532418903,0.000712791588778575,0.918717613565527,0.653332172814834,0.214210787789115
171.13,0.2,391.983623949132,0.00116680977358552,0.918269277762303,0.649486361676167,0.216618480466284
171.14,0.2,392.315470332509,0,0.921214417253027,0.65043161360544,0.21458485379511
171.15,0.2,392.646027965003,0.00237847646764011,0.919469253429514,0.651230896537748,0.214988412802383
171.16,0.2,392.975253312226,0.00213156821491933,0.919943758540441,0.652258370471708,0.212591385597437
171.17,0.2,393.30310292302,0.00112274392161189,0.92165679966617,0.649704402564534,0.215792562344159
171.18,0.2,393.629533442971,0.000321346586970677,0.923020102886633,0.650376022003734,0.213719956397789
171.19,0.2,393.954501627854,0.00361438239684681,0.923361769109826,0.648189706273913,0.216411299657935
171.2,0.2,394.27796435699,0.00127495722801963,0.920674909765602,0.6507286579218,0.216524660697652
171.21,0.2,394.599878646509,0.00565410662172284,0.922117675678282,0.651662583225092,0.214074698066295
171.22,0.2,394.920201662541,0,0.920151718596557,0.651045145382469,0.214649615892706
171.23,0.2,395.238890734295,0.00135719117480193,0.921199920270025,0.649082008554822,0.214040217204627
171.24,0.2,395.555903367052,0,0.923356045893468,0.650538832874233,0.212934150738046
171.25,0.2,395.871197255046,0.00269539289354048,0.923783578418226,0.650051608726566,0.216998372815753
171.26,0.2,396.184730294248,0.000227284114407028,0.922871782505155,0.651328805054423,0.218137220596356
171.27,0.2,396.496460595043,0,0.923987624745296,0.64919017455722,0.214919466911713
171.28,0.2,396.806346494776,0.00244174297114079,0.923005477630869,0.648440309395115,0.214745913534814
171.29,0.2,397.114346570212,0,0.923746177786541,0.650331025729208,0.214717142372668
171.3,0.2,397.420419649852,0.00300063002590746,0.926978736857316,0.652303162046295,0.215415808343191
171.31,0.2,397.724524826136,0.00160718944173448,0.922565933328465,0.649563802884036,0.216179536158213
171.32,0.2,398.026621467521,0,0.925315209404569,0.649341137938854,0.215389661375623
171.33,0.2,398.326669230433,0.000496959130090792,0.926629519951177,0.64869720569566,0.214739711162935
171.34,0.2,398.624628071079,0,0.927524610434681,0.65131908022076,0.216682489031484
171.35,0.2,398.920458257136,0,0.926284745050789,0.645561083799573,0.216327178983501
171.36,0.2,399.214120379296,0.000285996345446653,0.929053112138324,0.646757873953824,0.213958514639448
171.37,0.2,399.505575362666,0,0.929107586318546,0.647286455801724,0.21599035676206
171.38,0.2,399.794784478045,0.000968842895098516,0.92699981250436,0.648006580564502,0.216692801738755
171.39,0.2,400.081709353033,0,0.927607900143581,0.646315088929444,0.215310240071304
171.4,0.2,400.366311983007,0.000177334859484716,0.930402019455826,0.648258617208247,0.215208778783946
171.41,0.2,400.648554741945,0,0.927709667510086,0.643729973673375,0.216270075217491
171.42,0.2,400.928400393096,0.000604128035262227,0.927029284556123,0.644426685373055,0.215287751560354
171.43,0.2,401.205812099491,0,0.928710591110854,0.647538694819546,0.215756795905363
171.44,0.2,401.480753434313,0.000669356056455839,0.925188968071613,0.647017886387993,0.215516232161997
171.45,0.2,401.753188391089,0,0.928973643354995,0.64664460587392,0.215559884805002
171.46,0.2,402.023081393733,0.000297669323422423,0.929176956759439,0.64742052521997,0.216027279349934
171.47,0.2,402.290397306428,0,0.928765627509927,0.648388250765844,0.216522565442591
171.48,0.2,402.555101443333,0.00028523868137056,0.930229966372992,0.645175813199989,0.215918754361004
171.49,0.2,402.817159578139,0,0.928676533939245,0.647225239858698,0.2160098807033
171.5,0.2,403.076537953436,0.000421024252701212,0.929556137940968,0.645582077467597,0.213636811316641
171.51,0.2,403.333203289934,0.000921077368665359,0.930413127898205,0.644449010257786,0.214734255359223
171.52,0.2,403.587122795495,0,0.930398481338689,0.645745596022109,0.213730380760628
171.53,0.2,403.838264173999,0.000148731970515633,0.932668387751937,0.647883861288834,0.215281450998386
171.54,0.2,404.086595634034,0,0.929405609107778,0.644192125541483,0.215470811062844
171.55,0.2,404.332085897412,0,0.929606568386011,0.645665923118001,0.213599107467097
171.56,0.2,404.574704207501,0,0.934889532245752,0.64410118469124,0.21832473350724
171.57,0.2,404.814420337393,0,0.933097498806594,0.645440000075628,0.214387370001514
171.58,0.2,405.051204597871,0.0010582695026912,0.931331326198357,0.64472700397743,0.214321627574247
171.59,0.2,405.285027845212,0.00197829129306732,0.934369957932803,0.645063489452267,0.215020348094191
171.6,0.2,405.5158614888,0,0.932869548691777,0.645102412399161,0.215414906543989
171.61,0.2,405.743677498555,0.000252616197125608,0.93519759004438,0.644700638427802,0.214531774727458
171.62,0.2,405.968448412182,0.000834416755189747,0.934764428514189,0.645093943849097,0.214715111039083
171.63,0.2,406.190147342227,0,0.932949842872832,0.64350032873785,0.211201104611479
171.64,0.2,406.408747982953,0.000287587747154768,0.933988159267544,0.647362312581377,0.215325597075552
171.65,0.2,406.624224617024,0.000545233541201624,0.935254481745874,0.64475954913437,0.214579042722449
171.66,0.2,406.836552122003,0,0.934279910645168,0.64505085321273,0.212032011963431
171.67,0.2,407.045705976655,0,0.933994664530802,0.644975248020662,0.21440126973589
171.68,0.2,407.251662267069,0,0.93546383827717,0.645474050348998,0.214963186938367
171.69,0.2,407.454397692581,0,0.933860886929417,0.646629661726477,0.215158410690838
171.7,0.2,407.653889571506,0.000282954910148363,0.933571236738588,0.64449881553001,0.213674324809044
171.71,0.2,407.850115846683,0.00139837050718991,0.935055340319952,0.643841262689343,0.214442261259598
171.72,0.2,408.043055090816,0.000824320478194607,0.937992375097167,0.641870275305382,0.21538104918914
171.73,0.2,408.232686511638,0.000116289065477066,0.934152192330882,0.643740537233645,0.2141484033889
171.74,0.2,408.418989956859,0,0.938038675577224,0.643582638599627,0.214873607863218
171.75,0.2,408.601945918938,0.00227787676321299,0.937395755444398,0.645202013626542,0.211800865637679
171.76,0.2,408.781535539649,0,0.934122595096484,0.642215115724481,0.214087906911683
171.77,0.2,408.957740614452,0,0.937753911658728,0.644774639482951,0.212111651977512
171.78,0.2,409.130543596672,0,0.939253969791944,0.642340691889546,0.215542283344212
171.79,0.2,409.299927601477,0.00109031596209171,0.938644613272859,0.644549819581429,0.215707520886232
171.8,0.2,409.465876409659,0,0.937505257912757,0.645454805964682,0.21635959039317
171.81,0.2,409.628374471217,0,0.93720424948206,0.642710256497568,0.214268101692658
171.82,0.2,409.787406908747,0.000322442351150246,0.936491254936911,0.643046783446006,0.216908836509307
171.83,0.2,409.942959520627,0.00212691461847615,0.937386690335346,0.641279044550178,0.213446099378977
171.84,0.2,410.095018784006,0,0.93801427804834,0.646384734040167,0.214661351026312
171.85,0.2,410.243571857593,0.00132173161868358,0.940250056149938,0.645699547627811,0.214232481919487
171.86,0.2,410.388606584255,0.000249940771841489,0.938585529309275,0.643272132171018,0.215823285744372
171.87,0.2,410.530111493399,0.00073346520203889,0.935733102761495,0.645412108826948,0.214543876725573
171.88,0.2,410.668075803175,0,0.938366116755959,0.644313496957215,0.214837574900211
171.89,0.2,410.80248942246,0.000104293637011181,0.93708476063117,0.645340957989043,0.216069735419172
171.9,0.2,410.93334295266,0.00122811058803546,0.937327623049203,0.64270330691808,0.214750686136836
171.91,0.2,411.060627689297,0,0.93817944593978,0.641222381971776,0.21783933024721
171.92,0.2,411.184335623408,0,0.938958725704804,0.643759883483355,0.214494072091555
171.93,0.2,411.304459442737,0.000613716354216052,0.93830129277336,0.64254100282438,0.214644161383384
171.94,0.2,411.420992532731,0.00437092285374344,0.940448671874557,0.643885446178098,0.215791212548367
171.95,0.2,411.533928977334,0.00195646928916666,0.939728079479158,0.646825881063964,0.214970428517399
171.96,0.2,411.643263559584,0.000849986160962317,0.939283986111087,0.645664606708523,0.21623017659733
171.97,0.2,411.748991762006,0,0.938126055581749,0.64493988928135,0.212142831239547
171.98,0.2,411.85110976681,0,0.941265797898829,0.641710104267405,0.216118485360825
171.99,0.2,411.949614455889,0.000295794006612512,0.938816425665199,0.643904674637994,0.215752414770902
172,0.2,412.044503410615,0,0.939412992592573,0.64163251620851,0.213507682724865
172.01,0.2,412.135774911437,0.00255870763832294,0.939952389533473,0.64340646660858,0.213740025035967
172.02,0.2,412.223427937281,0.00178069401917501,0.939929963883758,0.640945318684575,0.2157702945855
172.03,0.2,412.307462164753,0.000182747270918852,0.940917437141461,0.643616693100203,0.21402700678431
172.04,0.2,412.38787796714,0.00153840243877894,0.941103999410958,0.641764715665482,0.21547960226081
172.05,0.2,412.464676413213,0.000762861220065408,0.940722865766497,0.641933350864898,0.213105281527687
172.06,0.2,412.537859265837,0.000560113211861552,0.939188865212927,0.642923811626882,0.215948867293807
172.07,0.2,412.607428980378,0,0.940890048602815,0.644121956407104,0.212902610990556
172.08,0.2,412.673388702917,0,0.942053029378002,0.64486867912375,0.214090821867013
172.09,0.2,412.735742268259,0.00308292872162074,0.940970142311655,0.643696578299159,0.213900400748969
172.1,0.2,412.794494197764,0.000166731678610227,0.941628812109044,0.643767831958964,0.215057376429852
172.11,0.2,412.849649696956,0.00129122179578801,0.942666115858195,0.642318744162353,0.216724562745218
172.12,0.2,412.901214652961,0.00315770434084356,0.94267431232261,0.644896212226533,0.214647729276074
172.13,0.2,412.949195631734,0.000654357159480364,0.944744086703817,0.644263939202918,0.214868833672618
172.14,0.2,412.993599875098,0,0.941571431437669,0.643650258675445,0.215210902250311
172.15,0.2,413.034435297588,0.000593896481112393,0.943950294595391,0.643270688865769,0.216579977576051
172.16,0.2,413.071710483103,0,0.941429212831476,0.641503534922622,0.2136417184609
172.17,0.2,413.105434681361,0.00257754124385197,0.940775940063212,0.642421171895058,0.216849905389864
172.18,0.2,413.135617804166,0.00251301715829051,0.941849476619888,0.641893217562184,0.213166722949629
172.19,0.2,413.162270421482,0.000223070049843784,0.943908033074527,0.643840216658592,0.214285779580855
172.2,0.2,413.185403757315,0.00301029666787956,0.940475674185094,0.647262412581328,0.213443049776412
172.21,0.2,413.205029685409,0,0.945541527791322,0.644732427673149,0.215465088039124
172.22,0.2,413.221160724744,0.00147398752180378,0.940558295416966,0.642475057590626,0.214033131138829
172.23,0.2,413.233810034856,0,0.940625695064076,0.644714671538209,0.212301282720251
172.24,0.2,413.242991410963,0.000350981852048194,0.939804949385419,0.643859912508063,0.216284493495473
172.25,0.2,413.248719278903,0.00156782705685275,0.941548421422596,0.644931161443192,0.213375257334827
172.26,0.2,413.251008689891,0,0.943876595583196,0.641156145781583,0.216705407725209
172.27,0.2,413.249875315087,0.000699500431451213,0.941858903333746,0.644401106379432,0.21368915607496
172.28,0.2,413.245335439981,0.000294814264856496,0.942063349739353,0.643118780761161,0.213685043164472
172.29,0.2,413.237405958592,0.000199579905297427,0.943932133727256,0.646703186065421,0.215933634394667
172.3,0.2,413.226104367493,0,0.94283837754758,0.642647757240993,0.216786012705912
172.31,0.2,413.211448759646,0.00236639054841654,0.944199364470195,0.647462268597977,0.216360319486954
172.32,0.2,413.193457818058,0,0.942105064522327,0.645573892722388,0.215621432995137
172.33,0.2,413.172150809268,0,0.945401275752209,0.643546968096655,0.216590563588911
172.34,0.2,413.147547576642,0,0.945742893586005,0.645849041546779,0.215527234554045
172.35,0.2,413.119668533503,0,0.94307420331105,0.644545616390972,0.214179642225468
172.36,0.2,413.088534656078,0.000919259366997681,0.94436697471654,0.643061170423968,0.214777894097033
172.37,0.2,413.05416747628,0.00136402891809676,0.942723520899322,0.643070552694487,0.214393617912109
172.38,0.2,413.016589074308,0.00185193439326533,0.946534783561735,0.642493781592001,0.212074482393481
172.39,0.2,412.975822071081,0,0.9433688214088,0.644736225136145,0.215741624355745
172.4,0.2,412.931889620504,0,0.944522842812468,0.64525256044082,0.21414364970127
172.41,0.2,412.884815401564,0,0.944395309789141,0.644433313179726,0.217264357926685
172.42,0.2,412.834623610257,0,0.945007601883741,0.645634586341703,0.212406445870128
172.43,0.2,412.781338951353,0,0.942251990226769,0.646178351998934,0.214426297584436
172.44,0.2,412.724986630001,0.00122612347657133,0.945972677609159,0.646083053587459,0.214358779153442
172.45,0.2,412.665592343165,0.0013275605447626,0.94210978738624,0.646552308091103,0.21468959888555
172.46,0.2,412.603182270906,0,0.942049829340859,0.649210857467924,0.216045020456519
172.47,0.2,412.537783067506,0,0.943008804090037,0.646751188356397,0.215721214871522
172.48,0.2,412.469421852432,0,0.941927850569941,0.646020323314137,0.216209599778982
172.49,0.2,412.398126201149,0,0.943664236256243,0.646613692161065,0.215757117966479
172.5,0.2,412.32392413578,0,0.94437251253059,0.64700170003158,0.213187273209897
172.51,0.2,412.246844115619,0.000222766952932257,0.943716881450331,0.647745818807064,0.216489048704398
172.52,0.2,412.166915027491,0,0.945879447579166,0.645206536631143,0.214615012072821
172.53,0.2,412.084166175968,0.00137743775759986,0.947886920861722,0.64652529739873,0.216322545184737
172.54,0.2,411.998627273443,0,0.944633888488815,0.647809842204869,0.215954193135067
172.55,0.2,411.910328430064,0,0.943859164026384,0.64709395086245,0.21539889136768
172.56,0.2,411.819300143522,0.000599027156231468,0.942941003917307,0.64639125685759,0.214550272585777
172.57,0.2,411.725573288713,0.000133792421383214,0.944960015591489,0.648370032826439,0.213533982323466
172.58,0.2,411.629179107255,0.00228006300076125,0.94313669925029,0.649508428127284,0.214182326852216
172.59,0.2,411.530149196883,0.000156967894328263,0.942728097861423,0.645703754280768,0.214640645549328
172.6,0.2,411.428515500709,0.00012206073929611,0.941321568319665,0.649125340368853,0.216947518874935
172.61,0.2,411.324310296356,0.00241096611077821,0.942968413322727,0.648161783152341,0.21503148372285
172.62,0.2,411.217566184974,0,0.944442676503527,0.645423204259828,0.216312337467955
172.63,0.2,411.108316080129,0,0.943245605144075,0.645907181717731,0.215659632726935
172.64,0.2,410.996593196577,0.0027959330758298,0.943996755790243,0.647075928734749,0.21468655810468
172.65,0.2,410.882431038922,0.00114378403379016,0.943345872477422,0.648797250704657,0.216111708343985
172.66,0.2,410.765863390163,0,0.943794960104459,0.648783231926916,0.214310758707041
172.67,0.2,410.646924300132,4.28885430181331e-05,0.942118684174992,0.648724171313821,0.216101231172843
172.68,0.2,410.525648073828,0,0.94267721153828,0.64765421695078,0.215672371685407
172.69,0.2,410.402069259643,0,0.942791214056364,0.649865217277166,0.214410669766496
172.7,0.2,410.276222637491,0,0.939644302137419,0.649100660418962,0.214445563082391
172.71,0.2,410.148143206851,0.00140386325540957,0.94440827400661,0.648276261140526,0.217286920007288
172.72,0.2,410.017866174699,0.00235656933891095,0.939546181856078,0.64928211390466,0.214575399652377
172.73,0.2,409.885426943365,0,0.943434075027568,0.650742510224373,0.214275072068174
172.74,0.2,409.750861098301,0.000237350253772294,0.940627454765815,0.65129697550181,0.215397702657322
172.75,0.2,409.614204395766,0,0.941684315141907,0.650207929129822,0.215819381957037
172.76,0.2,409.475492750433,0,0.942492066709409,0.648116746486868,0.211705993715999
172.77,0.2,409.334762222919,0,0.943185869643698,0.647718068416527,0.216890141889592
172.78,0.2,409.192049007254,0.0002203556757343,0.941447248564519,0.649699970660829,0.216029175421303
172.79,0.2,409.04738941827,0,0.941050083845192,0.648154160252729,0.213326876533419
172.8,0.2,408.900819878939,0,0.944842043956285,0.650447540190261,0.216363246776994
172.81,0.2,408.752376907644,0.000188278436008483,0.94298428096267,0.64972338134321,0.214261357000418
172.82,0.2,408.602097105398,0.00128254102838982,0.941532308938386,0.649790326162775,0.215761725414047
172.83,0.2,408.450017143017,0.00108517754364767,0.942581301399487,0.6506855223497,0.211183969874729
172.84,0.2,408.296173748243,0.000101943600972188,0.943141811054631,0.647854144920174,0.214759793342064
172.85,0.2,408.140603692818,0,0.941767458415549,0.649750689064033,0.214092190489178
172.86,0.2,407.983343779539,0.00124325867089301,0.941288283090033,0.649253914891838,0.214375324585262
172.87,0.2,407.824430829258,0.000752380627646022,0.940633290084764,0.650685283456005,0.216290168773561
172.88,0.2,407.663901667874,0.000689602447672489,0.943817080850696,0.652426423821813,0.214785750490493
172.89,0.2,407.501793113282,0.000458691993288415,0.9414043054954,0.651769058885534,0.214671326942118
172.9,0.2,407.338141962319,1.91007258346557e-05,0.941708435385526,0.650138348880863,0.215922931385596
172.91,0.2,407.172984977682,0,0.939879843054599,0.650713283315482,0.215993594426493
172.92,0.2,407.006358874846,0.000989639901595974,0.942257124119555,0.65059992879563,0.212147193675456
172.93,0.2,406.838300308975,0,0.941190148445917,0.652153375394184,0.213834954658818
172.94,0.2,406.668845861821,0,0.939847612327582,0.652849191136567,0.216166514515063
172.95,0.2,406.498032028649,0.000591239591098927,0.941944962111697,0.652667672480486,0.214142806207947
172.96,0.2,406.32589520515,0,0.939407209032152,0.650766964486967,0.214345572085168
172.97,0.2,406.152471674384,0.000979263589400052,0.942329989172405,0.653162283316665,0.216281170509205
172.98,0.2,405.977797593731,0,0.939948388165571,0.652785877135094,0.21434270575178
172.99,0.2,405.801908981878,0.00243065240245908,0.939284578141183,0.653251094459368,0.21560391889518
173,0.2,405.624841705827,0,0.937005751562856,0.651882908306887,0.214156576440665
173.01,0.2,405.446631467941,0,0.939378676802732,0.650862049282528,0.215187429375265
173.02,0.2,405.267313793026,0,0.940144768879583,0.651891341535811,0.215864939612573
173.03,0.2,405.086924015473,7.28822448092273e-05,0.940094875419417,0.653148739459603,0.215978760123637
173.04,0.2,404.905497266428,0.00137483828652756,0.941710104061859,0.652502689938004,0.214462208172133
173.05,0.2,404.72306846104,0,0.939609506834584,0.652221963111966,0.21414011111419
173.06,0.2,404.539672285753,0.00162595013020879,0.939845235126367,0.651711423694323,0.213834097808351
173.07,0.2,404.355343185676,0,0.93866086416849,0.654572065537847,0.214863205146259
173.08,0.2,404.170115352022,0.000302332448987596,0.939466972115936,0.654508769232933,0.216992852664495
173.09,0.2,403.984022709624,0,0.939458779308308,0.658178657575688,0.215831713144354
173.1,0.2,403.79709890453,0.00201743152171257,0.938541957607001,0.65275581420697,0.214763727718942
173.11,0.2,403.609377291695,0.00103806301737786,0.938212020353597,0.65474982854451,0.215751021863593
173.12,0.2,403.420890922762,0,0.936313920650537,0.655668394825234,0.213007043930654
173.13,0.2,403.23167253394,0.000254060670658786,0.9392665413675,0.653554062560187,0.215611529979056
173.14,0.2,403.041754533991,0,0.937812483571574,0.65538761268508,0.21293068096488
173.15,0.2,402.851168992329,0.00157143751686119,0.93704224506819,0.653779121966792,0.213167619138192
173.16,0.2,402.659947627228,0.000216658738034304,0.937748762106888,0.653658996324112,0.216493402818991
173.17,0.2,402.468121794156,0,0.93727466008451,0.652953632265696,0.213313111406491
173.18,0.2,402.275722474238,0,0.939880002927197,0.655000798306198,0.214458769030798
173.19,0.2,402.082780262843,0.000256436600861679,0.938376314246974,0.652528475566641,0.217462482988744
173.2,0.2,401.889325358317,0,0.938935332198346,0.655762974601579,0.215787940507347
173.21,0.2,401.695387550861,0.0025598412425767,0.936248080751579,0.652146060922951,0.215032586550719
173.22,0.2,401.50099621154,0.000966966890679862,0.936139284592758,0.655305818732759,0.215124054209407
173.23,0.2,401.30618028147,0.00184645467625572,0.937801055337471,0.655071107876102,0.214177174672609
173.24,0.2,401.110968261147,0,0.936327257863031,0.655257699270244,0.213921744917008
173.25,0.2,400.915388199949,0,0.934866009714379,0.654580851624261,0.213398340127489
173.26,0.2,400.719467685798,0,0.938420500705887,0.657453954505683,0.214614219971019
173.27,0.2,400.523233835013,4.69332911073238e-05,0.935450793868206,0.65465842920341,0.21428779804018
173.28,0.2,400.326713282327,0,0.935546128353892,0.653771667973587,0.212089066410765
173.29,0.2,400.129932171098,0,0.935590627339825,0.656655816668809,0.215841964689158
173.3,0.2,399.932916143707,0.00151369845160598,0.934633920814918,0.654231407478468,0.214215186431711
173.31,0.2,399.735690332157,0,0.935612844910396,0.656165510697941,0.216528714714992
173.32,0.2,399.538279348862,0,0.933746173305803,0.656912725513245,0.2147500738653
173.33,0.2,399.340707277647,0,0.933451981388263,0.655634952598858,0.214251719470922
173.34,0.2,399.142997664966,0,0.93642523801542,0.655716250254757,0.215241307056412
173.35,0.2,398.945173511313,0.000414807069517244,0.935243194433518,0.654801567293236,0.216102875018491
173.36,0.2,398.747257262879,0,0.935030666096055,0.658474580952084,0.214206424933106
173.37,0.2,398.549270803409,0.00275766706924733,0.933126198872452,0.653887183435235,0.217586135533415
173.38,0.2,398.351235446305,0.00147862170167438,0.933369206944428,0.657688401081497,0.213876502929997
173.39,0.2,398.153171926947,0.000386966663549769,0.93269202127648,0.654711206592816,0.216671702123831
173.4,0.2,397.955100395267,0.000302806394248168,0.930869048648568,0.657808685851927,0.216157026315172
173.41,0.2,397.757040408549,0,0.933011789344838,0.655507388030236,0.216901058196502
173.42,0.2,397.559010924483,0,0.931996011289252,0.655835600723104,0.213746875755788
173.43,0.2,397.361030294465,0.00243299537194125,0.932130976073555,0.657197383171375,0.213459102612042
173.44,0.2,397.163116257153,0.00113097693714874,0.929960654007605,0.655456878120467,0.212869464208626
173.45,0.2,396.965285932276,0,0.932805331051034,0.658985358870151,0.214804327508568
173.46,0.2,396.767555814705,4.9259418907643e-05,0.933994475843115,0.657062586387294,0.217062215872238
173.47,0.2,396.569941768791,0,0.930193224726509,0.658445137373081,0.215895669372872
173.48,0.2,396.372459022964,0,0.932311758952512,0.655320301408056,0.216329923106111
173.49,0.2,396.175122164609,0.00321125614796728,0.933748736088332,0.656207234833137,0.21597092075175
173.5,0.2,395.977945135213,0,0.932346997121487,0.652808887411686,0.212807057597252
173.51,0.2,395.780941225788,0.00117596450003465,0.931656577299427,0.654641387853521,0.215087366375871
173.52,0.2,395.584123072573,0.00113097621719982,0.93305769385833,0.65722532787021,0.215042224213236
173.53,0.2,395.387502653025,0,0.9317878464047,0.657061897008313,0.21574821635463
173.54,0.2,395.191091282084,0,0.927279666409804,0.656060141490929,0.212521289101915
173.55,0.2,394.994899608736,0.000504029117852136,0.929526553533291,0.659071939125316,0.215174760283592
173.56,0.2,394.798937612859,0.00253802080593348,0.928092165953,0.65882286209958,0.215135804076334
173.57,0.2,394.60321460236,0.000320273449395495,0.928520484934396,0.658730385578296,0.216090452858604
173.58,0.2,394.407739210616,0,0.927010456197071,0.657938879007872,0.216836989587262
173.59,0.2,394.212519394197,0,0.928676639898533,0.654332850382375,0.214409335210679
173.6,0.2,394.017562430894,0,0.925538505375728,0.657502113679578,0.214103530636187
173.61,0.2,393.822874918046,0.00167109194537741,0.93007223371178,0.656518381317573,0.215191473922112
173.62,0.2,393.628462771168,0,0.927781722346414,0.655133410006365,0.216252996896619
173.63,0.2,393.434331222869,0.000477461053032114,0.92515673536335,0.657504625211454,0.215981550169092
173.64,0.2,393.240484822096,0,0.928587004424278,0.655500171083284,0.215150348896019
173.65,0.2,393.046927433654,0,0.924709939112994,0.658040922537992,0.215927778503273
173.66,0.2,392.853662238052,0,0.925599150975071,0.656433161496705,0.21404488279372
173.67,0.2,392.660691731639,0,0.928664161734365,0.657792797892555,0.218334596224116
173.68,0.2,392.468017727056,0,0.924202894496703,0.658814739547081,0.215669586842885
173.69,0.2,392.275641353985,0,0.924524124034976,0.652643028353706,0.215021704275225
173.7,0.2,392.083563060206,0.000653672940307298,0.925488697995501,0.65533275519278,0.214240610736964
173.71,0.2,391.891782612963,0.00281461927731818,0.927287992182884,0.655635610974825,0.214103838533267
173.72,0.2,391.700299100628,0,0.924550138105176,0.654571186552306,0.216192624311351
173.73,0.2,391.509110934675,0,0.923834755763155,0.656144998982522,0.216845428152342
173.74,0.2,391.318215851954,0,0.92337015275398,0.655059952293733,0.215568071501677
173.75,0.2,391.127610917274,0,0.919615375607138,0.657656760619888,0.215284321298032
173.76,0.2,390.937292526279,0,0.923284843020439,0.655590708375474,0.215391235281785
173.77,0.2,390.747256408631,0.00505318895030785,0.921743642192437,0.656648838537783,0.215038654394516
173.78,0.2,390.557497631494,0,0.921771243330244,0.654888588648336,0.214827420848564
173.79,0.2,390.368010603314,0,0.925045393097262,0.656030108229356,0.213698238202598
173.8,0.2,390.17878907789,0.000259873959118214,0.920617754765462,0.655953724215226,0.213246272348813
173.81,0.2,389.989826158755,0.0011668639716015,0.919245588502068,0.652828265320028,0.214407424163718
173.82,0.2,389.801114303829,0,0.92217805012808,0.65569716314644,0.213175217213332
173.83,0.2,389.612645330385,0.00061559785877673,0.924153060759454,0.656816225316636,0.214764032551717
173.84,0.2,389.424410420286,0,0.921764414805726,0.65484609959244,0.215283847939971
173.85,0.2,389.236400125518,0,0.921683804504404,0.654205093594979,0.216144573477305
173.86,0.2,389.048604374002,8.13456334896364e-07,0.923311630133814,0.656266994222346,0.215315800046812
173.87,0.2,388.861012475692,0,0.922497907803453,0.654876060432335,0.215030881122911
173.88,0.2,388.673613128947,0,0.917259596815985,0.655396161631549,0.21488259612118
173.89,0.2,388.486394427174,0,0.919109980876545,0.654738655548912,0.214069861781243
173.9,0.2,388.29934386576,0,0.917737713926942,0.655696801598814,0.21535605491106
173.91,0.2,388.11244834925,0.00209709364107653,0.919684337278957,0.65546465934384,0.213887661068734
173.92,0.2,387.925694198804,0,0.920581180191459,0.654302084987408,0.216075695676798
173.93,0.2,387.739067159921,0.000336235474166408,0.918957052730776,0.654722053932549,0.217027524179341
173.94,0.2,387.552552410405,0,0.919733152365328,0.655130280722793,0.215030772787022
173.95,0.2,387.366134568596,0.0021700716823782,0.91647948521681,0.655545058801049,0.21717050185577
173.96,0.2,387.179797701853,0,0.917372259738956,0.655214527237994,0.21369347993137
173.97,0.2,386.99352533528,0,0.917391536423939,0.655156316622952,0.215879796289365
173.98,0.2,386.807300460687,0,0.916463345387643,0.655297532905056,0.216919259137086
173.99,0.2,386.621105545806,0.0013115689769749,0.913368278291986,0.653277886893418,0.214920849438709
174,0.2,386.434922543729,0,0.914748439366539,0.653123283046458,0.213738165410624
174.01,0.2,386.248732902571,0,0.913102783869975,0.652612621883035,0.213198356469332
174.02,0.2,386.062517575372,0.00218535495676406,0.912519940328292,0.65681908676485,0.21242616226412
174.03,0.2,385.876257030209,9.66121352412655e-05,0.915251030943166,0.654550892011598,0.21456412532142
174.04,0.2,385.689931260522,0,0.912601379866719,0.653898151833996,0.216582246818572
174.05,0.2,385.503519795656,0.00157495687808394,0.91522327723843,0.655774343033359,0.216359463684939
174.06,0.2,385.317001711608,0.00124415718068321,0.91112539729919,0.652767128178102,0.215542440307778
174.07,0.2,385.130355641967,0.00272676949710133,0.910246401414723,0.653106860306261,0.213299317157914
174.08,0.2,384.943559789061,0,0.912373352942265,0.651634562265314,0.214509801630712
174.09,0.2,384.756591935283,0,0.910123662132818,0.655834419606678,0.214050401955403
174.1,0.2,384.569429454608,0.000990848802045261,0.913350520389524,0.655502825706479,0.215766321013594
174.11,0.2,384.382049324287,0.00159199655573585,0.910583118674662,0.654836573427991,0.212959051390806
174.12,0.2,384.194428136721,0,0.910719642754917,0.651801189151865,0.213866360769598
174.13,0.2,384.006542111492,0,0.911261436941918,0.655466873231724,0.212914856554832
174.14,0.2,383.818367107565,0,0.91013340329631,0.653386875064483,0.213459314252182
174.15,0.2,383.629878635655,0,0.911474805007257,0.653301529655343,0.214453722471597
174.16,0.2,383.441051870728,0.00198829089095781,0.912657888531919,0.653186068743526,0.21743800274767
174.17,0.2,383.251861664663,0.00130957151214048,0.908651253007598,0.649884426273354,0.216825374335185
174.18,0.2,383.06228255905,6.68313192785479e-05,0.908297297913642,0.650312339431236,0.217080308382136
174.19,0.2,382.872288798124,0,0.906074202115085,0.651941612391296,0.217095746633998
174.2,0.2,382.681854341824,0,0.905879146386804,0.651148648812064,0.214434787426491
174.21,0.2,382.490952878988,0,0.906421414751075,0.651010666621353,0.214212095377411
174.22,0.2,382.299557840645,0,0.907547900296785,0.651499572432835,0.213006966239128
174.23,0.2,382.107642413446,0,0.909318232901735,0.651298736931946,0.21381086512788
174.24,0.2,381.915179553173,0,0.90654970525841,0.653237651779678,0.215355698991561
174.25,0.2,381.722141998378,0,0.907655557204347,0.653417417040401,0.215392694309021
174.26,0.2,381.528502284086,0.00299383344277297,0.903727520876026,0.65227118893985,0.211890898357023
174.27,0.2,381.334232755611,0,0.907293284667716,0.649595402153881,0.214479788417326
174.28,0.2,381.139305582451,0.00117845051727706,0.903314504683242,0.652522184494594,0.216712822192263
174.29,0.2,380.943692772245,0.000442428058953208,0.905040085397718,0.651816685297329,0.212212177599053
174.3,0.2,380.747366184819,0,0.905019675265054,0.650769253953583,0.216016220937096
174.31,0.2,380.550297546295,0.00299466174159956,0.904200110966862,0.65016547836121,0.21408157401318
174.32,0.2,380.352458463251,0,0.903240144229369,0.648186886063813,0.215651860939477
174.33,0.2,380.15382043694,0,0.902480473228914,0.651201823732601,0.217289112541333
174.34,0.2,379.954354877568,0.000692130099623282,0.90380928547444,0.650341056233124,0.215529065516563
174.35,0.2,379.754033118596,0,0.903872416436943,0.649592558495011,0.215002788089727
174.36,0.2,379.552826431093,0,0.901591697093001,0.649633490417612,0.215846101304343
174.37,0.2,379.350706038119,0.000176581960271532,0.903010715558361,0.650007869417596,0.217211739868918
174.38,0.2,379.147643129128,0,0.899105904915427,0.648030965272871,0.215917938786752
174.39,0.2,378.943608874399,0,0.902879980225688,0.652621167183758,0.217078416804426
174.4,0.2,378.738574439477,3.5795966031035e-05,0.900529814692575,0.650628053713192,0.216178359966482
174.41,0.2,378.532510999625,3.2297046933518e-05,0.899136414488363,0.649376869085509,0.214086248260986
174.42,0.2,378.32538975428,0,0.901448245556854,0.650073434072376,0.21848052659837
174.43,0.2,378.117181941513,0.00169480544245967,0.900538187187686,0.648088454588428,0.215929600763781
174.44,0.2,377.907858852469,0,0.897812743980826,0.650405424752692,0.213818670100312
174.45,0.2,377.697391845811,0.00179091209341593,0.900394287559621,0.651434731090894,0.2156976337401
174.46,0.2,377.485752362136,0,0.898132036518665,0.64595921258854,0.217317604743211
174.47,0.2,377.272911938375,0,0.898364096310406,0.648108034957012,0.215375491528283
174.48,0.2,377.058842222162,7.04413691048439e-05,0.895916003161622,0.64967505978559,0.213150949936804
174.49,0.2,376.84351498617,0,0.895826498085835,0.649932403049848,0.213608825793836
174.5,0.2,376.626902142416,0.000128626158885406,0.897156496440124,0.649941581227341,0.213811499952286
174.51,0.2,376.408975756513,0.0020348232377353,0.894621193677012,0.649290850789798,0.21258385826454
174.52,0.2,376.189708061887,0,0.895560306603542,0.647751112375138,0.213132633892144
174.53,0.2,375.96907147393,0,0.89232131914835,0.647072777509948,0.214115718017079
174.54,0.2,375.747038604108,0,0.895122567676211,0.647148258662053,0.214724023585042
174.55,0.2,375.523582273993,0,0.894778521072611,0.646084824586883,0.217679239064728
174.56,0.2,375.29867552925,0.00163408870013508,0.896147758818359,0.647509606685672,0.217345055245933
174.57,0.2,375.072291653525,0.00235947228640715,0.892101661770593,0.647399813378957,0.214043756737925
174.58,0.2,374.844404182291,0.000435105523138107,0.892046237251106,0.647683996967744,0.213557697121
174.59,0.2,374.614986916581,0,0.892717756859955,0.646733619508572,0.214158110666853
174.6,0.2,374.384013936665,0,0.892712256113701,0.647011958506236,0.214680486222293
174.61,0.2,374.151459615621,0.00160186382980772,0.890051665730449,0.645147874691256,0.216529740356756
174.62,0.2,373.917298632823,0,0.890776631824996,0.645073446790368,0.212891109304197
174.63,0.2,373.681505987325,0.000212224717366394,0.88907229454566,0.646035274593286,0.215463065847987
174.64,0.2,373.444057011154,0,0.889625325789077,0.645871636992786,0.212527027816327
174.65,0.2,373.20492738249,0,0.890382534481591,0.648320302653418,0.214271221794325
174.66,0.2,372.964093138741,0,0.890230248024236,0.646836524707203,0.214799365487782
174.67,0.2,372.721530689505,0.000157953997737706,0.888741631384221,0.64433872140119,0.216018702757375
174.68,0.2,372.477216829418,0,0.888677742688273,0.646044082411193,0.21501861440277
174.69,0.2,372.231128750878,0,0.889192797872352,0.643676955761628,0.215559433010991
174.7,0.2,371.983244056649,0,0.89110389481199,0.646892404643936,0.216393288121399
174.71,0.2,371.733540772338,0.00104060340946495,0.888650776743443,0.645988046408484,0.217701594637726
174.72,0.2,371.481997358736,0.00163548784359301,0.88532964592107,0.645691634206394,0.21609560670707
174.73,0.2,371.228592724032,0,0.885706366619008,0.64315787318842,0.211613160539187
174.74,0.2,370.973306235888,0,0.886019204011152,0.645188352851163,0.215410070309106
174.75,0.2,370.716117733368,0.000999711359475298,0.886657461748449,0.645332381317883,0.216855293292319
174.76,0.2,370.457007538732,0,0.88577346144499,0.646038908082501,0.21689886059954
174.77,0.2,370.19595646907,0,0.883606539826694,0.64630389968132,0.213035323619606
174.78,0.2,369.932945847803,0.00182817212974249,0.884039687492183,0.644262717929997,0.214283858720756
174.79,0.2,369.667957516011,0,0.881712222168938,0.642641275817053,0.214537199103076
174.8,0.2,369.400973843622,0.00129039037652113,0.883920960051733,0.645339002747619,0.213262870725016
174.81,0.2,369.131977740433,0.00171971122125398,0.881558252733587,0.641709178324837,0.212990629675968
174.82,0.2,368.860952666968,0.00168234931529432,0.882780809501344,0.646481514766922,0.215995368580835
174.83,0.2,368.587882645171,0.00178966270451334,0.881970677526579,0.645160011420908,0.215376009586811
174.84,0.2,368.312752268942,0.000799147286610038,0.883842519352934,0.643139330229737,0.215307696308111
174.85,0.2,368.035546714485,0,0.881103601114149,0.645144355740398,0.216244773323694
174.86,0.2,367.756251750495,0.00131279287280612,0.881601770081996,0.645683795835371,0.215449547731742
174.87,0.2,367.474853748168,0,0.882384789045714,0.644181604439901,0.215300899725612
174.88,0.2,367.191339691027,0.000914685349114369,0.883628746735596,0.64140605214619,0.215066749411172
174.89,0.2,366.905697184574,0,0.880195303113883,0.645425997758531,0.212624800001253
174.9,0.2,366.617914465755,0,0.878618803856621,0.644754281438599,0.218228969109645
174.91,0.2,366.327980412239,0.000613937584165334,0.879005782584924,0.644199253518552,0.215581840904131
174.92,0.2,366.03588455151,0,0.874601424751094,0.643644508847392,0.213767703581402
174.93,0.2,365.741617069773,0.00134572075549287,0.87690302779018,0.64371531382072,0.21618816408337
174.94,0.2,365.445168820658,0,0.879240565247795,0.643365617417806,0.214184524111732
174.95,0.2,365.146531333734,0,0.877310677085282,0.641913705893968,0.215176304128739
174.96,0.2,364.845696822835,0,0.873868310373781,0.643118714169525,0.214637927955341
174.97,0.2,364.542658194167,0.0012669488908994,0.87786459484585,0.641503630071893,0.214572376549445
174.98,0.2,364.237409054236,0,0.875428696803168,0.644583522691333,0.215170583917412
174.99,0.2,363.929943717552,0.00359542028725421,0.876448665846786,0.642346814494159,0.213770038457371
175,0,363.620257214146,0.000570981591325367,0.872941079799039,0.646055058985502,0.216338196741036
175.01,0,363.308345296866,0.000367024952114076,0.874830022508198,0.643953668297653,0.214745590880058
175.02,0,362.994204448471,0.00128691154275546,0.874629133715567,0.644051862892467,0.215984479065555
175.03,0,362.677831888513,6.58631616680985e-05,0.871036627059382,0.643033522011854,0.215780436475829
175.04,0,362.359225580002,0,0.872450962114941,0.643192740329089,0.215162095394823
175.05,0,362.038384235857,0.00138363355730955,0.871882933519257,0.642065082533319,0.214928616981425
175.06,0,361.715307325152,0,0.870780181745105,0.643693144378449,0.215286506229142
175.07,0,361.389995079119,0,0.871507640325698,0.645347243774981,0.215341946005596
175.08,0,361.062448496952,0.00038678512696617,0.872981470033788,0.641822797140693,0.215087406546797
175.09,0,360.732669351384,0,0.873469204852045,0.643325130438991,0.213967044039585
175.1,0,360.400660194029,0,0.869861859025086,0.643768463417474,0.214363074037395
175.11,0,360.066424360514,0,0.872998822355575,0.644362155814107,0.215059830200241
175.12,0,359.729965975369,0.000169577147000246,0.870108407077857,0.643610661532893,0.215066762189621
175.13,0,359.391289956704,0,0.866683265033692,0.643506559001167,0.212960491631994
175.14,0,359.050402020629,0.00182615120347844,0.869803292557689,0.643052658740181,0.21392949810565
175.15,0,358.707308685481,0.00188978910930078,0.870225016050716,0.642710218305829,0.21598787653292
175.16,0,358.36201727577,0.00124802091531142,0.870156939231883,0.644103394894815,0.215039882422536
175.17,0,358.01453592593,0,0.867883611686779,0.644901640156567,0.214861639785871
175.18,0,357.664873583806,0,0.869119017343495,0.644653597356911,0.21400405130724
175.19,0,357.313040013914,0,0.866181252477533,0.6435229806046,0.215207998682573
175.2,0,356.959045800456,0.001054768960624,0.866361153887045,0.644446528197467,0.216738251713234
175.21,0,356.602902350094,0.00177629864452373,0.866561832617778,0.643234829530198,0.214493924529477
175.22,0,356.24462189448,0,0.867289251860167,0.644812260683589,0.215445269096371
175.23,0,355.884217492537,0.00113160005479435,0.865131934486425,0.643785305495874,0.213938614611518
175.24,0,355.5217030325,0.000599215274062627,0.862845992898623,0.641297810934961,0.215239753441682
175.25,0,355.157093233701,0.00100006405190904,0.865991427340902,0.641239357169991,0.216077362598802
175.26,0,354.790403648105,0.000906765227449527,0.864451546444548,0.646095094443881,0.215364521012714
175.27,0,354.421650661599,0.0040004151481561,0.862739056650534,0.643590354621057,0.214581323000357
175.28,0,354.050851495023,0,0.860026256996919,0.642152313886567,0.216491189379898
175.29,0,353.678024204942,0.00200432214421725,0.860727793972392,0.644253519784932,0.212516323289433
175.3,0,353.303187684173,0.000687569860135453,0.862798255152078,0.642038451175988,0.217705650980207
175.31,0,352.926361662044,0,0.861867902130712,0.64368710535545,0.214863349661056
175.32,0,352.547566704395,0,0.860871538007655,0.6443878574984,0.215055388825849
175.33,0,352.166824213319,0.00163147573770823,0.857376136964488,0.644672549752062,0.215894344251321
175.34,0,351.784156426644,0,0.860364160380451,0.64220679553407,0.214832115378991
175.35,0,351.399586417143,0.000321056403613711,0.860779125959371,0.644032611322507,0.21658095288771
175.36,0,351.013138091479,0.00156433413272363,0.858376540712727,0.646483543728759,0.216571045713915
175.37,0,350.624836188898,0.00111799686887968,0.860180386855799,0.642428292209704,0.215761977752701
175.38,0,350.234706279623,0.000508991432935011,0.858793998317406,0.643532261592594,0.215380240909597
175.39,0,349.84277476301,0.000625205997694917,0.86090901795239,0.64776719477764,0.216565604289963
175.4,0,349.44906886541,0.00144371001161451,0.859893939335274,0.645163104490515,0.216433195020959
175.41,0,349.053616637767,0,0.858372512642256,0.643028680098901,0.216661445682016
175.42,0,348.656446952938,0,0.856881909779754,0.643702887315285,0.21726866740593
175.43,0,348.257589502741,0.00212345772845858,0.854592479347665,0.64558438397055,0.21368217868856
175.44,0,347.857074794718,0.000241412704146876,0.857446513290909,0.644331635954997,0.214885518531422
175.45,0,347.454934148623,0.000366765049771414,0.85676993084968,0.646013078122876,0.214245096294639
175.46,0,347.051199692634,0,0.857684964212505,0.643116891157663,0.212963635169604
175.47,0,346.645904359272,0,0.85597686891799,0.644302181486181,0.213915768373283
175.48,0,346.239081881048,0,0.855049419179242,0.643866044720619,0.216704676650809
175.49,0,345.830766785813,0,0.853730507910036,0.645983699902815,0.21481302133977
175.5,0,345.420994391837,0,0.852886658821208,0.64485360845979,0.216659195242188
175.51,0,345.009800802584,0.00065429002522319,0.851886200354626,0.646883071573103,0.215086393896718
175.52,0,344.597222901213,0,0.854441191096738,0.644073082002777,0.214685293444328
175.53,0,344.183298344777,0,0.852736140303568,0.644701176020249,0.214495504264415
175.54,0,343.76806555814,0,0.853420547803961,0.647278075753348,0.215213380119464
175.55,0,343.351563727591,0,0.852067385728033,0.645999204058743,0.211917360711875
175.56,0,342.93383279418,0,0.85174615592724,0.647582180106436,0.215470047434912
175.57,0,342.514913446741,0,0.850889709215649,0.644402112495025,0.216349359644524
175.58,0,342.094847114629,0.000908660996675895,0.850211122625308,0.648227167515743,0.213394506576536
175.59,0,341.673675960168,0,0.847669306885059,0.643442433002137,0.21409357214248
175.6,0,341.251442870776,0,0.848879084821481,0.646978311283411,0.212062466387674
175.61,0,340.82819145082,0.00324834945149846,0.850008989070437,0.64611854068547,0.212964040692225
175.62,0,340.403966013151,0.000419652405013123,0.846615634136501,0.648269768786663,0.21716310279699
175.63,0,339.978811570349,0,0.849068974345923,0.645895605883407,0.216027008711308
175.64,0,339.552773825657,0,0.848033258412392,0.647118254469038,0.214886631701696
175.65,0,339.125899163628,0,0.848894087645454,0.647551902935071,0.212394262123859
175.66,0,338.698234640447,0.00264684564191185,0.848620345720105,0.648019816239521,0.214369478469857
175.67,0,338.269827973972,0,0.846699634679715,0.648009968017099,0.214165503016358
175.68,0,337.840727533464,0,0.847668719287588,0.64681835897202,0.215791333294048
175.69,0,337.410982328995,0,0.846533094738506,0.648181697959811,0.21726470532372
175.7,0,336.980642000583,0.000326119688509974,0.845089548001418,0.647620568113044,0.21612245044718
175.71,0,336.549756806999,0,0.845251177976093,0.64798199663347,0.214084444074619
175.72,0,336.118377614275,0,0.845728184966337,0.646736337210785,0.212999954371621
175.73,0,335.686555883908,0.00136058439158778,0.845888776402151,0.648690753439928,0.211468133603627
175.74,0,335.254343660763,0,0.840560964879561,0.645973932157535,0.211962545829638
175.75,0,334.821793560664,0,0.844106641986877,0.648771349429309,0.213453212651647
175.76,0,334.388958757686,0,0.843681023662312,0.648933940773299,0.216139228499309
175.77,0,333.95589297114,0,0.844492520886636,0.650135506348947,0.215761577046283
175.78,0,333.52265045226,0.000530668885925738,0.841528436904884,0.648945994460958,0.216889589670377
175.79,0,333.089285970578,0,0.841712490378233,0.648887902030109,0.215818890131973
175.8,0,332.655854800005,0.00154694191218354,0.842723918451881,0.649808996880956,0.21370683626898
175.81,0,332.222412704616,0,0.84143895982541,0.648822436265163,0.216501973892084
175.82,0,331.789015924118,0,0.842660066807907,0.648297689906003,0.21573498942258
175.83,0,331.355721159039,0.000209055655692025,0.84214269776473,0.648163085695618,0.213002716669316
175.84,0,330.922585555607,1.55813392237272e-05,0.840577477671433,0.648597079991544,0.217451161821986
175.85,0,330.489666690345,0,0.83865519214999,0.648780223643217,0.215257592135683
175.86,0,330.057022554354,0.00308365847143781,0.83807962532901,0.650476353964592,0.21339162705766
175.87,0,329.624711537338,0,0.840577593387817,0.651229583686526,0.215415939169103
175.88,0,329.192792411299,0.000805420816087169,0.838363585329993,0.650832924034046,0.214127982250974
175.89,0,328.761324313975,0.000137506597793001,0.839927366379421,0.652422249440248,0.213096032452631
175.9,0,328.330366731993,0,0.83948506691508,0.649798980268294,0.218722536945273
175.91,0,327.899979483714,0,0.838188488279626,0.648171242047073,0.217738683157806
175.92,0,327.470222701835,0,0.839816685064472,0.648248461234905,0.215553880736732
175.93,0,327.041156815694,8.86335353167946e-05,0.836923771948559,0.650828350238018,0.216570079773155
175.94,0,326.612842533308,0,0.837472635620024,0.651489814210141,0.218296087847078
175.95,0,326.185340823142,0,0.839120573976752,0.651927413886809,0.212584782296054
175.96,0,325.758712895629,0,0.836616769422086,0.649397639111574,0.213077210141182
175.97,0,325.333020184401,0,0.835510058707337,0.649264801945302,0.214542409959281
175.98,0,324.908324327297,0,0.835330805697418,0.650645369080343,0.216509083185452
175.99,0,324.484687147093,0.0004055466184738,0.832690213941039,0.650591693848771,0.213029261335028
176,0,324.062170632013,0,0.836255763380346,0.648941338886976,0.214754187215202
176.01,0,323.640836915972,0,0.83339278805922,0.650912486888445,0.215312028850761
176.02,0,323.220748258603,0.000976648973051018,0.832882886681471,0.650712562072615,0.215416156331522
176.03,0,322.801967025055,0,0.833417762688215,0.651571505669902,0.215044842584408
176.04,0,322.384555665553,0.000853893917328967,0.832517126115015,0.651179888237998,0.217335959617149
176.05,0,321.968576694759,0.00343419436111657,0.833617711798559,0.650588379708644,0.215624320108056
176.06,0,321.55409267091,0,0.833164175483686,0.650835982031439,0.215769113051472
176.07,0,321.141166174759,0,0.833109945361408,0.654845182345851,0.214768465861571
176.08,0,320.729859788315,0,0.830687703023764,0.650034772864665,0.21609578031317
176.09,0,320.320236073409,0.000577584451919988,0.832445227358858,0.649450285366721,0.214839008867213
176.1,0,319.91235755005,0,0.8302549697942,0.654896161372456,0.213454726613793
176.11,0,319.506286674642,0.000784859762883491,0.831197457490904,0.652189078703863,0.212387106890247
176.12,0,319.102085818013,0,0.830915340118171,0.651894450546789,0.213538958136551
176.13,0,318.699817243298,0.00164955492017373,0.82973787203398,0.653842887253145,0.217325167214848
176.14,0,318.299543083669,0,0.832891282693396,0.65284672582116,0.217568200463856
176.15,0,317.901325319944,0,0.829518716123567,0.65120400638143,0.215024487747242
176.16,0,317.505225758041,0,0.829922017047345,0.655603124114481,0.2158824317867
176.17,0,317.111306006336,0,0.827746136066127,0.654839742816231,0.214300231086002
176.18,0,316.719627452912,0.000860905608736014,0.827498837807359,0.654958604270531,0.214487647028152
176.19,0,316.330251242694,0.00208043448218535,0.827064933128293,0.652597151535159,0.217737324141863
176.2,0,315.943238254519,0,0.828590014982774,0.653684225191982,0.214139142385701
176.21,0,315.558649078113,0.000499572072642793,0.828582208993626,0.653686358107424,0.215712508220101
176.22,0,315.176543991017,0.0003110958907385,0.82748236478797,0.65071794768331,0.215542243922743
176.23,0,314.796982935451,0,0.829836411723691,0.65183274204858,0.215236741039964
176.24,0,314.420025495143,0,0.828034123425171,0.654303735883464,0.215550898224054
176.25,0,314.045730872135,0,0.829020023166319,0.653109204582919,0.215977078700317
176.26,0,313.67415786356,0.00142350563750616,0.826888180422218,0.654105171232673,0.214774479576838
176.27,0,313.305364838426,0,0.825673827945569,0.653861392264813,0.213863059522667
176.28,0,312.939409714412,0,0.823075840858735,0.652796338070096,0.216376991038389
176.29,0,312.57634993468,0.00233140785899916,0.823652216110895,0.653903952654523,0.214561355662893
176.3,0,312.216242444728,0.000777909233955377,0.827456603426337,0.652797366726479,0.213319146039251
176.31,0,311.8591436693,0,0.823077371274605,0.655044103500736,0.215013613044894
176.32,0,311.505109489349,0.00129500026184837,0.825282219124647,0.654383860049282,0.214384031765935
176.33,0,311.154195219088,7.41970318042947e-05,0.823686550364742,0.654569628914366,0.215985546740761
176.34,0,310.806455583136,0.00153901806485273,0.822377748055105,0.657174069769515,0.215196454503042
176.35,0,310.461944693762,0.000573512311122789,0.822942630560213,0.654255600769258,0.215052606859621
176.36,0,310.120716028264,0.0022498144143256,0.822023482052275,0.654310603886119,0.214246580136733
176.37,0,309.782822406484,0.000601341966210552,0.822086203219795,0.651936766648413,0.212121015096969
176.38,0,309.448315968464,0,0.824454774370023,0.652976727870514,0.216120805074665
176.39,0,309.117248152288,0,0.820434892855897,0.655894168406364,0.215003338538236
176.4,0,308.789669672103,0,0.82069407490979,0.657409026888886,0.212799095587155
176.41,0,308.465630496326,0,0.822139649115545,0.65503777114782,0.216628219808217
176.42,0,308.145179826087,0,0.820539785607899,0.654498434877252,0.216806578266434
176.43,0,307.828366073889,0.000303467983979823,0.820895231416069,0.653965376246261,0.215704135352327
176.44,0,307.515236842518,0,0.820410138038993,0.656096927986641,0.216543210613415
176.45,0,307.205838904215,0,0.822376146748136,0.656008785051066,0.214332567496344
176.46,0,306.900218180134,0,0.819685553837932,0.654403596056948,0.214905748411078
176.47,0,306.598419720077,0,0.819340204123792,0.654072595950274,0.217273918460451
176.48,0,306.300487682554,0,0.819671945620061,0.654864783980662,0.213609066250137
176.49,0,306.006465315167,0.000719490795480666,0.819852582033708,0.655575317592925,0.216386673133834
176.5,0,305.716394935326,0,0.819757332516973,0.65565048127762,0.214393840891608
176.51,0,305.430317911332,0.00238090901103651,0.819563385545481,0.655022463426573,0.217660051484374
176.52,0,305.148274643824,0,0.81676725638388,0.656305447813461,0.212723597503954
176.53,0,304.870304547625,0.0023966384514747,0.818836104113222,0.656335625071168,0.21513745816547
176.54,0,304.596446033978,0.0015210159896,0.820478411774109,0.65348235468239,0.215568123628008
176.55,0,304.326736493214,0,0.817584355366531,0.655682910197245,0.213861979764923
176.56,0,304.061212277839,0,0.815988731073411,0.656258934056059,0.212776377249034
176.57,0,303.799908686082,0,0.818891170056292,0.656133818539524,0.214751818703842
176.58,0,303.542859945899,0,0.815181929602202,0.656932465366686,0.215401556405354
176.59,0,303.290099199456,0,0.817779965877122,0.656660866684177,0.214112141775227
176.6,0,303.041658488099,0,0.817425699434952,0.658495513620299,0.21426270806252
176.61,0,302.797568737833,0,0.813294364232665,0.6583304978465,0.213684634003364
176.62,0,302.557859745325,0.000693806680756703,0.816885626943977,0.656140599989458,0.211871604861
176.63,0,302.322560164417,0,0.815791893459153,0.656735016319697,0.217080754335435
176.64,0,302.091697493212,0,0.815770075880242,0.65712535978332,0.214013521418122
176.65,0,301.865298061691,6.29545976800793e-05,0.816858526617436,0.656620013132026,0.212827353931154
176.66,0,301.643387019916,0.00152948351877325,0.815937582747336,0.658556230014756,0.216156676779512
176.67,0,301.425988326797,0.00181824995466723,0.815032171164582,0.655818817610515,0.212769027921841
176.68,0,301.213124739469,0,0.816115350150843,0.657055202159213,0.21601906599838
176.69,0,301.00481780325,0.0013345024635351,0.814814106849478,0.656850112361875,0.215235312416727
176.7,0,300.801087842229,0,0.812927875447168,0.655610059263594,0.213278873716189
176.71,0,300.601953950462,0,0.814266221150957,0.65527671650289,0.214546235614471
176.72,0,300.407433983806,0,0.815102717870477,0.656691040809687,0.215685382019664
176.73,0,300.217544552392,0.000676009242215934,0.814940480869353,0.656357230505013,0.215418762207114
176.74,0,300.03230101374,0,0.815671935887089,0.657620566841576,0.214548925005152
176.75,0,299.85171746654,0,0.813517902640632,0.655056808166208,0.212726765575236
176.76,0,299.675806745082,0,0.812564691027416,0.654561623354347,0.215087112490771
176.77,0,299.504580414364,0,0.813794346472627,0.654761217337909,0.214735058056077
176.78,0,299.33804876587,0.00217384710474397,0.814361040659763,0.657656333966212,0.216379207669372
176.79,0,299.176220814033,0.00028506601703008,0.813351193358064,0.656170327611547,0.213623705865258
176.8,0,299.019104293372,0,0.810824247522573,0.659259254859874,0.214195036957184
176.81,0,298.866705656333,0,0.812918405563711,0.658677471302763,0.215712139188417
176.82,0,298.719030071804,0.00172113385581288,0.810632045346406,0.655875201498299,0.215651812866212
176.83,0,298.576081424336,0.00063040813129112,0.811677099065948,0.655896132133941,0.214196241876499
176.84,0,298.437862314063,0.00103678588098924,0.810684622847353,0.657569830875284,0.213153897707704
176.85,0,298.304374057306,0.00117486112530575,0.813322801506417,0.655571801401291,0.215225127280482
176.86,0,298.175616687894,0.000701066722656567,0.812593967749258,0.653940984212021,0.215228407352788
176.87,0,298.051588959165,0.000346213045121295,0.81059138686855,0.654747530021284,0.217256413944004
176.88,0,297.932288346685,0.00110981635772043,0.811728424886548,0.65457742599512,0.217561185671274
176.89,0,297.817711051644,0,0.811653963013117,0.654506650474567,0.212660754588006
176.9,0,297.707852004967,0.00105992921846153,0.809746973006704,0.655099494229393,0.214625024901237
176.91,0,297.602704872104,0,0.811392408316719,0.656225053632284,0.215693199037069
176.92,0,297.502262058515,0.000623437295092187,0.810655256046343,0.657716094223457,0.216906389808105
176.93,0,297.40651471584,0,0.81102382242115,0.657109737924894,0.213963477047536
176.94,0,297.315452748755,0,0.808707791984295,0.654867475838714,0.213953319404122
176.95,0,297.229064822492,0.00250543203385511,0.812929202981649,0.654214425469835,0.216299282581521
176.96,0,297.147338371049,9.60698534279968e-05,0.810297408382117,0.654724557091273,0.214188878256724
176.97,0,297.070259606044,0,0.808776768509359,0.656299148592819,0.214318459676984
176.98,0,296.997813526243,0,0.810242539369196,0.654629257312487,0.213584104441671
176.99,0,296.929983927727,0.00179047210656282,0.810699862233248,0.65391632791679,0.215060208105567
177,0,296.866753414707,0.000518030661284727,0.810063705293023,0.656491944024173,0.217082449473434
177.01,0,296.80810341097,0,0.811797711881847,0.654175903879956,0.215200988463273
177.02,0,296.754014171947,0.000209210202819865,0.81057735749577,0.655989191906026,0.216955701650818
177.03,0,296.704464797398,0.00199833858079841,0.809574584638458,0.653729411469717,0.214458576161058
177.04,0,296.659433244701,0,0.809476079181757,0.655595590185648,0.219509972019149
177.05,0,296.618896342731,0.00208684818849706,0.810540967751511,0.654465715480851,0.21212672563683
177.06,0,296.582829806321,0,0.807309286372897,0.654935617787061,0.213014916308675
177.07,0,296.551208251296,0,0.812069924528302,0.656429705030829,0.214461941662396
177.08,0,296.524005210057,0,0.808028186198602,0.654746922406992,0.215762589713396
177.09,0,296.501193147722,0,0.80682817482661,0.655921406067437,0.216355239647677
177.1,0,296.482743478782,0,0.808705737298734,0.655751723779425,0.215711742203951
177.11,0,296.468626584288,0.00186502777728993,0.8111908778383,0.656433899594533,0.214148219189305
177.12,0,296.45881182954,4.72533150965671e-05,0.806322739087218,0.654682857100226,0.214728190886227
177.13,0,296.453267582255,0,0.808407358626741,0.654860290502608,0.213530028534224
177.14,0,296.451961231223,0.000636727858976295,0.809163969662369,0.653394030550894,0.216404875289765
177.15,0,296.454859205416,0,0.808302040221656,0.653519860623898,0.214754409111254
177.16,0,296.461926993543,0.00066397393889892,0.807818638750071,0.653940066168173,0.216170618978426
177.17,0,296.473129164032,2.02967550274443e-05,0.806573502503761,0.652206019344422,0.216516174038858
177.18,0,296.48842938543,0.000708452823965238,0.804830853945585,0.651339677125643,0.2146241897889
177.19,0,296.507790447194,0,0.807880948547983,0.654798171611378,0.216922402825303
177.2,0,296.531174280865,0,0.807709116691798,0.652398607435985,0.215653508466899
177.21,0,296.558541981611,0.00231092221473605,0.807267306287871,0.653076272287988,0.214896447912156
177.22,0,296.589853830111,0.00158129036362122,0.80595174165445,0.652110837955802,0.212717423622014
177.23,0,296.625069314773,0.000914150370481151,0.809489149021425,0.652413303688594,0.215075261152883
177.24,0,296.664147154265,0,0.807828056385127,0.654208620979957,0.212528574226945
177.25,0,296.70704532035,0,0.805075130934993,0.652545199420934,0.215700111114346
177.26,0,296.753721060986,0,0.807131322068581,0.653796688790059,0.212338999228574
177.27,0,296.804130923706,0.000840881455021291,0.807955436314914,0.652331953244955,0.215340902243094
177.28,0,296.858230779233,0.000120742688535624,0.80821561030033,0.651430033176692,0.215250032327706
177.29,0,296.915975845329,0,0.806779649672097,0.649698621259404,0.213709957412246
177.3,0,296.977320710852,0.00276620183498192,0.807002472711773,0.651630563860783,0.21687390989079
177.31,0,297.04221936001,0.00037437293965428,0.80596837876872,0.653298919863709,0.215337504499086
177.32,0,297.110625196793,0,0.805290049133095,0.65219756752334,0.214719816632626
177.33,0,297.182491069565,0.000183467544263419,0.804386652694612,0.651310904686427,0.21600752563523
177.34,0,297.257769295796,0.000366985538453862,0.806001713164739,0.651373679749769,0.215582814333792
177.35,0,297.336411686928,0.00147977808042539,0.807632960615115,0.65152305741656,0.215135660754526
177.36,0,297.418369573347,0,0.807589802821856,0.651425463915199,0.211667518009746
177.37,0,297.503593829447,0,0.806604049860653,0.65241919922319,0.215213707169568
177.38,0,297.592034898775,0,0.806634364129236,0.652523519110645,0.215075262925505
177.39,0,297.683642819238,0,0.806445772737744,0.650717109713543,0.214945250691829
177.4,0,297.778367248348,0,0.804712010524221,0.653434393880993,0.214931604819253
177.41,0,297.876157488505,0.00036753767272161,0.80799608265807,0.651042083672694,0.217251293872499
177.42,0,297.976962512291,0.00130374465880057,0.807389944698085,0.652754787513766,0.21292058172365
177.43,0,298.080730987756,0.00188629538940271,0.806549471035997,0.648662939309749,0.21448738876901
177.44,0,298.187411303698,0,0.805605315164725,0.652130121405782,0.215701069318817
177.45,0,298.296951594905,0.000495153787791938,0.805794461356655,0.65034505581707,0.214323248426478
177.46,0,298.40929976735,0.002325512344923,0.805246825471519,0.652191574732949,0.214529820098448
177.47,0,298.524403523327,0.000800347568546534,0.808112767956178,0.652446776031212,0.214398050401914
177.48,0,298.642210386515,0,0.80645301948029,0.649284741572453,0.214354844383416
177.49,0,298.762667726947,0.00220905498070313,0.80893354015014,0.648221923837963,0.215784253568918
177.5,0,298.885722785883,0,0.804806494825327,0.64996869100452,0.213742943121795
177.51,0,299.011322700566,0.000277388718744561,0.806541169373136,0.649204453558039,0.214951678976923
177.52,0,299.13941452885,5.70333482714347e-05,0.802582482652767,0.649925803001206,0.21533598913345
177.53,0,299.26994527368,0,0.806084864660608,0.649072281465527,0.216252876877909
177.54,0,299.402861907436,0.000886846347470738,0.80684557827753,0.648465623300904,0.213517601360727
177.55,0,299.538111396093,0,0.805323890608321,0.650184827322316,0.215015080512644
177.56,0,299.675640723219,0.00181449546747543,0.807825714540019,0.646351852299481,0.213736535480995
177.57,0,299.815396913774,0,0.807628742318036,0.649280030484071,0.216721299122567
177.58,0,299.957327057721,0,0.805976686540269,0.648565565497888,0.212486262914753
177.59,0,300.101378333417,0.00107945318368329,0.806357834983823,0.650068947660303,0.213683552397992
177.6,0,300.247498030792,0.00067864409624545,0.805022078378373,0.647862395194556,0.212991856843341
177.61,0,300.395633574296,0,0.805903568036453,0.649067990339979,0.214034345689697
177.62,0,300.545732545602,0,0.805581550674376,0.647104341993522,0.212690541504327
177.63,0,300.697742706071,0.00299181299937742,0.806819069106345,0.647968292079368,0.21717260267368
177.64,0,300.851612018949,0,0.805860482095605,0.648132387605542,0.214389409560408
177.65,0,301.0072886713,0,0.809559976493037,0.650326578402415,0.215989012033548
177.66,0,301.16472109567,0.000618290675276053,0.80695819764387,0.649905189543041,0.212400150565285
177.67,0,301.323857991464,0.00251430110605119,0.804291922036705,0.649004507635258,0.215464439186956
177.68,0,301.48464834603,0,0.807100863279255,0.648216290703307,0.216524381086902
177.69,0,301.647041455452,0,0.808296519086907,0.647828055021877,0.213859992830615
177.7,0,301.810986945036,0.00285232495566104,0.806605269901874,0.64595447137898,0.215485452088646
177.71,0,301.976434789482,0,0.806039564390481,0.648484703526553,0.213425981939349
177.72,0,302.143335332739,7.21896981079204e-05,0.807437406616042,0.64965211443173,0.215885573111928
177.73,0,302.311639307542,0.00128569102778752,0.805583560890761,0.649161507427344,0.21401842791853
177.74,0,302.481297854613,0.00283742889287635,0.80629893828332,0.649097848724474,0.215745923869559
177.75,0,302.652262541528,0.000874490610802563,0.807241211367386,0.648576758791057,0.215017970580334
177.76,0,302.824485381245,0.00241598998421668,0.806146036868745,0.647722563910379,0.216883086837883
177.77,0,302.997918850289,0,0.810138527928237,0.646077691716532,0.21687195306361
177.78,0,303.172515906581,0,0.806418501715224,0.648930485661263,0.211645371995889
177.79,0,303.348230006921,0,0.808066772089976,0.646407036360633,0.214992814723523
177.8,0,303.525015124102,0.00296874761410691,0.80851993418522,0.646125833028563,0.214537414293702
177.81,0,303.702825763673,0.00259763618318469,0.806116964481708,0.644772254459472,0.213279435039621
177.82,0,303.881616980329,0.00140895976141473,0.808015281775916,0.646586480593064,0.215935145425166
177.83,0,304.061344393935,0,0.807664738620791,0.644489315470648,0.215555150535787
177.84,0,304.24196420517,0.00249295118578697,0.803939230106218,0.645629717529834,0.213877458960764
177.85,0,304.423433210814,0.00111215729325221,0.806679922810779,0.6437613936061,0.214475453455602
177.86,0,304.605708818633,0,0.809791228899443,0.645562692099291,0.216033038479126
177.87,0,304.788749061904,0.000716072169215581,0.809818832967116,0.645921000405464,0.216277414411194
177.88,0,304.972512613544,0,0.809428968024431,0.646234666288392,0.215921410478419
177.89,0,305.156958799863,0,0.807830473378413,0.646466629773719,0.212208796037199
177.9,0,305.342047613925,4.14959985609306e-05,0.811369076148472,0.64498678222423,0.214608045547866
177.91,0,305.527739728524,0,0.809517630995225,0.645361285397347,0.215329403399861
177.92,0,305.713996508769,0.000141673516885887,0.810575148985578,0.643883878043807,0.212836573081492
177.93,0,305.900780024275,0.000931733920114847,0.807535053158738,0.642365210282803,0.216724653034757
177.94,0,306.088053060972,0,0.807152565568581,0.645147054799595,0.213225741224573
177.95,0,306.275779132509,0.000719405669144863,0.808622253296205,0.642569649615723,0.214194459494876
177.96,0,306.463922491272,0,0.810535701671007,0.643597340845339,0.214817325843533
177.97,0,306.652448139004,0,0.807138867573864,0.64535444523787,0.216625454056969
177.98,0,306.841321837036,0,0.809787816331762,0.64449086562321,0.214120711034836
177.99,0,307.030510116111,0.00146796842107288,0.809213820549534,0.644031009046213,0.216589428938596
178,0,307.219980285826,0.000835929282574669,0.809990121605002,0.643113850451745,0.21555576930498
178.01,0,307.409700443671,0,0.811492904565997,0.642687904586151,0.216850444142241
178.02,0,307.599639483674,0,0.810334159837607,0.643518571942415,0.213299629835434
178.03,0,307.789767104651,0.000850387846684757,0.809565172868078,0.646172759593877,0.214828457071824
178.04,0,307.980053818062,0,0.807783896143013,0.643352521607788,0.215096112053934
178.05,0,308.170470955473,0,0.809547858957544,0.644396071944001,0.21396011043034
178.06,0,308.360990675616,0,0.810887350077772,0.64446846385515,0.214250807755724
178.07,0,308.551585971074,0.00218901735150421,0.808538370281581,0.642238522532376,0.215483744179697
178.08,0,308.742230674551,0.000204404489331596,0.809393895245832,0.642206851659537,0.214668942404255
178.09,0,308.932899464764,0,0.811847405984825,0.644986524865832,0.216543183254122
178.1,0,309.123567871944,0,0.812824385187271,0.645500064143708,0.213995659410665
178.11,0,309.31421228294,0.000503268584372675,0.811877947676517,0.643496584955708,0.215738293296179
178.12,0,309.504809945936,0,0.810371222129683,0.64242446101954,0.213745441415553
178.13,0,309.695338974788,0,0.809514629794052,0.64455029717389,0.215823116472534
178.14,0,309.88577835296,0,0.812940617336395,0.643941695127149,0.214979168873941
178.15,0,310.076107937087,0.000569702834703061,0.81347327498081,0.642437942551482,0.216441485791269
178.16,0,310.266308460149,0.00198516399451681,0.812885424097398,0.644241564839629,0.215014651486132
178.17,0,310.456361534259,0.00103963040092243,0.810740085243674,0.643069763309356,0.21368732644252
178.18,0,310.646249653076,0,0.813137349665474,0.643109761312148,0.217436002437635
178.19,0,310.835956193833,0,0.810862935635716,0.642702892723487,0.213512073304124
178.2,0,311.025465418991,0,0.813446716496327,0.643799900073415,0.212858310153383
178.21,0,311.21476247751,0.000126086574292951,0.812207441281198,0.642217866816865,0.214739247444264
178.22,0,311.403833405752,0.00160732534925565,0.80953142989218,0.644822250760238,0.215980473275119
178.23,0,311.592665128005,0.00225110938526872,0.815099127879477,0.642216990675857,0.215089694020918
178.24,0,311.781245456641,0.000324873958178722,0.81472401674831,0.644693011287851,0.214510167772252
178.25,0,311.969563091897,0.000689477597544148,0.813910964891979,0.643705578415835,0.216223405030419
178.26,0,312.157607621293,0.00111655751102513,0.81567246451462,0.641467995918384,0.215419902177934
178.27,0,312.345369518688,0,0.814372921803317,0.642688129123262,0.213792538440019
178.28,0,312.532840142955,0.00216679276727487,0.812777451610394,0.641440385078749,0.213175696843063
178.29,0,312.720011736319,0.000917077869997793,0.815634799719894,0.643638550252853,0.214144683334206
178.3,0,312.906877422313,0,0.813173806005804,0.647077453819928,0.214310925651425
178.31,0,313.093431203385,0.0023003360668139,0.813925547996208,0.642983088833958,0.215743287008113
178.32,0,313.27966795815,0,0.814705148932628,0.641891273138465,0.214045779616576
178.33,0,313.465583438289,0.000793905736699039,0.816553276980862,0.642548340325294,0.213882373624637
178.34,0,313.651174265085,0,0.817548139000069,0.645710156497614,0.215597320040759
178.35,0,313.836437925629,0.00126896928502533,0.814299418409494,0.642577508870524,0.214566045602539
178.36,0,314.021372768664,0,0.816364241940208,0.645231423686306,0.214306869433629
178.37,0,314.205978000082,0.000835309846452296,0.819559560137329,0.642035885846466,0.212311230868608
178.38,0,314.390253678098,0.00142434169130748,0.81610042798444,0.644130389293211,0.214894113663285
178.39,0,314.574200708058,0.000862448275244445,0.81712334587629,0.645339392775734,0.216539338142312
178.4,0,314.757820836932,0,0.816529135581606,0.641903853186727,0.214574834829875
178.41,0,314.941116647457,0,0.818087315305984,0.644253523919795,0.213678775270619
178.42,0,315.124091551956,0.000290512119076475,0.815908895745297,0.644307373778533,0.216231943390257
178.43,0,315.30674978582,0.00126922936011573,0.816975752147713,0.641969462308289,0.214437991250478
178.44,0,315.489096400671,0,0.81825658395583,0.64238704141975,0.213698713566671
178.45,0,315.671137257194,0,0.817842255318039,0.644518956992717,0.215112607357445
178.46,0,315.852879017651,0.00130976537910858,0.816336574708465,0.646070580398569,0.215325526530168
178.47,0,316.034329138072,0,0.817256891825688,0.644535137279205,0.214396542780404
178.48,0,316.215495860134,0.00026631135736672,0.819334290352116,0.644197347087567,0.214478039977715
178.49,0,316.396388202728,0,0.819709143314578,0.643074395464239,0.211510841619612
178.5,0,316.577015953208,0.0015924889320936,0.81830492023474,0.644788070593721,0.213877513764288
178.51,0,316.757389658344,0.000427257430263084,0.817856485843742,0.644498491596372,0.215156818476513
178.52,0,316.93752061496,0,0.818943189263657,0.645425651008277,0.213268901913254
178.53,0,317.117420860282,0.00234276260618931,0.81858433598875,0.64363702232534,0.214985193702057
178.54,0,317.297103161979,6.01787244757978e-05,0.820139228731402,0.646585027017217,0.215327400447707
178.55,0,317.47658100792,0.00148935050687207,0.821187124128192,0.644046668011084,0.216308230710315
178.56,0,317.655868595627,9.98109018630864e-05,0.823559738198975,0.645044014619378,0.215462619212416
178.57,0,317.834980821459,0,0.822448035799001,0.644871911197452,0.212757997978467
178.58,0,318.013933269492,0.00181073722842603,0.82227182331192,0.646340442301753,0.21426216787332
178.59,0,318.192742200136,0,0.822728149274474,0.643307817503709,0.215134819228501
178.6,0,318.371424538467,0,0.819958482660069,0.643677621529753,0.216812008931158
178.61,0,318.549997862291,0.00107724424577054,0.823230600431814,0.643145519290704,0.215202811174868
178.62,0,318.728480389936,0,0.822263564892683,0.646474690239763,0.21422302653877
178.63,0,318.90689096778,0,0.82408711683362,0.644992652498211,0.214211415983979
178.64,0,319.085249057528,0.00216528487144876,0.822006935364584,0.64334644945747,0.216619279830363
178.65,0,319.263574723214,0,0.823727188522622,0.645019885465841,0.215611808857975
178.66,0,319.441888617973,0,0.824416853731331,0.644921578478812,0.215439091671606
178.67,0,319.620211970551,0,0.823203056120015,0.645623016936545,0.211949478897953
178.68,0,319.798566571578,0.000204206644411832,0.824443983103509,0.64365524476692,0.217198795688536
178.69,0,319.976974759598,0,0.826388118676317,0.647097345597632,0.21476524278694
178.7,0,320.155459406878,0,0.824537226943985,0.647144181335114,0.214850756218803
178.71,0,320.33404390497,0.00270048378000434,0.826143664246972,0.646093960363345,0.216219619524888
178.72,0,320.512752150066,0.000419471411998632,0.826734325360944,0.643244584327345,0.214901638278082
178.73,0,320.691608528126,0.00138697453045117,0.825806172368479,0.644848984333519,0.215143608755879
178.74,0,320.870637899791,0,0.827858597424585,0.645421284480294,0.214042224098244
178.75,0,321.049865585097,0.00026746185528149,0.824203929417017,0.643059321344733,0.215771421791922
178.76,0,321.229317347976,0.00247786969094444,0.824345395986748,0.645822129956934,0.216008210683653
178.77,0,321.409019380564,0,0.826185167334366,0.645157874980157,0.214780168091186
178.78,0,321.58899828732,0.00071793324550089,0.828810901006625,0.645986948098593,0.217432209714047
178.79,0,321.769281068957,0.00260143604993524,0.829141616980963,0.646106030562154,0.215884024045986
178.8,0,321.949895106187,0,0.828699175051609,0.645481619461952,0.216547757831508
178.81,0,322.130868143307,0.00213595795222558,0.82889046108173,0.646898004278977,0.213787403121598
178.82,0,322.312228271597,0.00103195200385205,0.830315406183072,0.647330620361217,0.213602494490875
178.83,0,322.494003912577,0,0.827595699167962,0.648503811290703,0.214380810283139
178.84,0,322.676223801092,0.000166375006078419,0.826689871924705,0.647175659993363,0.21334663878443
178.85,0,322.858916968258,0.000279519061472797,0.832132432092663,0.649785832675474,0.214782309015406
178.86,0,323.042112724261,0.000774338111923335,0.830114647925827,0.646734544120194,0.215860434992121
178.87,0,323.22584064102,0,0.832788467841311,0.648445602083566,0.214335722727958
178.88,0,323.410130534731,0,0.828759393162318,0.647213349756688,0.213962363822496
178.89,0,323.595012448271,0.000262404550070717,0.831306666331395,0.647284209578023,0.214437909930519
178.9,0,323.780516633503,0,0.830239418780464,0.64900264040979,0.214667918998206
178.91,0,323.966673533468,0.000337484072339913,0.834397232519981,0.64609277915728,0.217330819502086
178.92,0,324.153513764477,0,0.834071116846858,0.64716697557823,0.215422570764059
178.93,0,324.341068098107,7.31488991444421e-05,0.8335643004,0.648689176535505,0.212519486778485
178.94,0,324.529367443115,0,0.83176696736389,0.647908989161899,0.213826727056432
178.95,0,324.718442827278,0.00124912438520556,0.83482534109293,0.645545445169637,0.215606032826221
178.96,0,324.908325379152,0.00240061439683343,0.832566619655144,0.648009357094288,0.211796406393663
178.97,0,325.099046309781,0,0.836871430434867,0.650818529638427,0.214540011313682
178.98,0,325.290636894342,0,0.834158612310626,0.649103807146004,0.215352506099318
178.99,0,325.483128453754,0.000551948726888243,0.834898581324503,0.649758992901551,0.214732037000194
179,0,325.676552336232,0,0.83450840016462,0.64806433764047,0.214384190978626
179.01,0,325.870939898838,0.000341412462846053,0.835548171946797,0.6488483990825,0.214126596156502
179.02,0,326.066322488979,0,0.835591202563474,0.649695641019699,0.214391205077971
179.03,0,326.262731425917,0,0.83566469146855,0.65050048432472,0.214466616513553
179.04,0,326.460197982264,0.000958744647420526,0.835703081550813,0.649762373075547,0.21505680526041
179.05,0,326.658753365481,0.000165264824441643,0.838470871308025,0.649598457569099,0.216217708362109
179.06,0,326.858428699385,0.000101995125196087,0.83701297196955,0.649776546921777,0.212755594476065
179.07,0,327.059255005693,0.0012647319642864,0.836374209766462,0.649511783920872,0.215095685926622
179.08,0,327.261263185581,0.00191228034200888,0.836849436850809,0.649083588844027,0.215148135950969
179.09,0,327.464484001283,0,0.837741058736404,0.649602782561515,0.214621309708771
179.1,0,327.668948057748,0.000364971926198,0.837999596024078,0.650445737208963,0.215146230642304
179.11,0,327.874685784343,0,0.839347232911573,0.652831963323533,0.213642793798304
179.12,0,328.081727416627,0.00178684041918881,0.839072398633982,0.649828790881614,0.215435867585652
179.13,0,328.2901029782,0,0.841059250134763,0.653175397951614,0.213160755981838
179.14,0,328.499842262631,0,0.841061117498022,0.65199081901384,0.212495953415358
179.15,0,328.710974815483,0,0.84160197861723,0.652996562266858,0.214165841351369
179.16,0,328.923529916443,0,0.839638420422924,0.651862507610153,0.212588962858808
179.17,0,329.137536561547,0.00193664994214215,0.840635429678407,0.650280007647927,0.212068574585718
179.18,0,329.353023445551,0,0.841209865411312,0.651787769178969,0.216006429729081
179.19,0,329.570018944404,8.00899949539938e-05,0.84071078211317,0.652375082284715,0.213944395860991
179.2,0,329.788551097878,0.00141704686011364,0.841207431023301,0.652656316176807,0.212464136485343
179.21,0,330.008647592335,0.000823589017502058,0.842858445040646,0.651769594180836,0.214601957615704
179.22,0,330.230335743657,0,0.841805402379403,0.652157581268693,0.213202609765842
179.23,0,330.453642480333,0.000684469708707577,0.844814513076405,0.652242918819904,0.216546106853667
179.24,0,330.678594326727,0,0.843781869048772,0.649563398202879,0.213098500888231
179.25,0,330.905217386527,0.000337631753519368,0.84424242713276,0.651054598674236,0.21459136734458
179.26,0,331.133537326382,0.000681262939166874,0.844746489773323,0.652247358733909,0.214319712659626
179.27,0,331.363579359748,0.000220163401216237,0.845111777042323,0.65117991424191,0.214828342939891
179.28,0,331.595368230928,0.000243981956429159,0.847349755884757,0.650689147511323,0.214860604688062
179.29,0,331.82892819935,0.00129331899447229,0.845342225955194,0.65241809564776,0.217150277563927
179.3,0,332.064283024056,0,0.843771244053438,0.651205207818259,0.214330874048565
179.31,0,332.301455948426,0.00128691939870352,0.847376614066827,0.65218927413749,0.217495020891827
179.32,0,332.540469685157,0.000347982744827141,0.843821585342977,0.65145042858363,0.216438969735249
179.33,0,332.781346401482,0.00289471073132435,0.847883434582523,0.652253306601168,0.213585626898815
179.34,0,333.024107704652,0,0.84737286257213,0.65310922921738,0.215479829397375
179.35,0,333.268774627682,0,0.849223362760375,0.652467983482255,0.212553131266384
179.36,0,333.515367615385,0.000744258031692951,0.84915518319247,0.652100747969198,0.215642823107866
179.37,0,333.763906510666,0,0.850462636769665,0.65505118244961,0.214830717298037
179.38,0,334.01441054113,0.00198849078380323,0.84861473994538,0.654996421373972,0.215653363093079
179.39,0,334.266898305973,0,0.848549906679888,0.653581814997131,0.216418572215474
179.4,0,334.521387763179,0.00131495503053392,0.848776311931791,0.651723159826539,0.214554219776362
179.41,0,334.777896217039,0.0008430483381876,0.851358102515332,0.653442896647008,0.215450065042037
179.42,0,335.036440305978,0,0.849395315484704,0.652237904671476,0.21422552717937
179.43,0,335.297035990704,0.000458428610971459,0.851384072291213,0.652693549782475,0.215140489138707
179.44,0,335.559698542711,0,0.851884580933036,0.654595984897978,0.214412256480512
179.45,0,335.824442533094,0.000461983295236929,0.848865831248406,0.655059235903726,0.217729217606109
179.46,0,336.091281821721,0.000950294785574349,0.85386403180902,0.655856580512255,0.214722347899488
179.47,0,336.360229546756,0,0.85456395708594,0.656409519487368,0.215804452402736
179.48,0,336.631298114534,0,0.852575090599957,0.655659932976939,0.214889903809078
179.49,0,336.9044991898,0,0.851226083758161,0.654823599717825,0.216825438483451
179.5,0,337.179843686307,0,0.852493563700016,0.65454371983916,0.216620374513652
179.51,0,337.4573417578,0,0.851521706811418,0.654402977636759,0.213775441746639
179.52,0,337.737002789357,0.00173836002160022,0.85475663164772,0.656883083062392,0.215491438557214
179.53,0,338.018835389128,0.00292415514068387,0.854963530305327,0.657951028683026,0.216367613916847
179.54,0,338.302847380443,0,0.854254701710017,0.655952655455308,0.215096314971549
179.55,0,338.589045794326,9.85111479159049e-05,0.853090449738774,0.657907939950233,0.215518348394293
179.56,0,338.877436862378,0,0.856733860136494,0.655109705112235,0.213844196534095
179.57,0,339.168026010084,0,0.854673815310628,0.655882069143225,0.217752164616371
179.58,0,339.460817850492,0.00190414600828899,0.859413391214842,0.65358621259169,0.21768070373138
179.59,0,339.755816178306,0,0.857496367423341,0.654601576446961,0.214643346602846
179.6,0,340.053023964392,0,0.857835723768702,0.656184520872737,0.215692983761678
179.61,0,340.35244335067,0.000816112503108555,0.860425716140297,0.656376190333329,0.215195193120167
179.62,0,340.654075645432,0.00195842680710996,0.859343411624997,0.653990941690778,0.215323129719105
179.63,0,340.957921319061,0.00384036887794582,0.861001413053747,0.656263097371486,0.212602463460369
179.64,0,341.263980000168,0.00189615213550046,0.859644260489608,0.654580634364156,0.215534794561443
179.65,0,341.572250472136,9.86156123850556e-05,0.85920076721089,0.655013264104954,0.215237856800908
179.66,0,341.882730670084,0.00170719074765876,0.86051705487522,0.659186870176295,0.213701170536418
179.67,0,342.195417678244,0,0.857919676190445,0.655751545917591,0.213539979089611
179.68,0,342.510307727744,0.0015022736376727,0.862347688739817,0.657435309989608,0.213846646409322
179.69,0,342.827396194829,0,0.86209423666465,0.656603605411792,0.216290607182851
179.7,0,343.146677599471,0.00107759688210238,0.860188490086284,0.658238015006775,0.215101829008583
179.71,0,343.468145604408,0,0.863368326225753,0.656140215682528,0.21707013287751
179.72,0,343.791793014599,0.00153321158152208,0.861701848383335,0.654246622934658,0.212338070589226
179.73,0,344.117611777084,0.00302577851550167,0.863983544945338,0.652975663386746,0.214954519013748
179.74,0,344.445592981256,0,0.863256457569386,0.65798013318814,0.21499472554698
179.75,0,344.775726859552,0.000214968742207668,0.864836541074331,0.65670002246821,0.215413329698067
179.76,0,345.108002788544,0.00251946819879371,0.867622909567563,0.654599697303168,0.212046121672417
179.77,0,345.442409290441,0,0.863614337353494,0.658489890761035,0.216336646381309
179.78,0,345.778934034984,0,0.866710418293176,0.658860746472891,0.21623029049449
179.79,0,346.117563841766,0,0.866048330977563,0.655342649616347,0.216337482153814
179.8,0,346.458284682924,0,0.86665495665572,0.654497120028384,0.215319556319497
179.81,0,346.801081686241,0.000122756383403828,0.866681476418608,0.655920296409577,0.216028397723659
179.82,0,347.145939138638,0.000595428070113404,0.867697763532927,0.655955274878599,0.214628052295643
179.83,0,347.492840490057,0,0.867345477631813,0.654701543056659,0.215633163071069
179.84,0,347.841768357718,0.000518699831784666,0.870910423045207,0.657779568111234,0.212054824137415
179.85,0,348.192704530768,0.000425561594519817,0.87054897064858,0.658515380470972,0.215243840323396
179.86,0,348.545629975308,0,0.869851128369452,0.657854091238668,0.217117751155641
179.87,0,348.900524839773,0,0.868798018567528,0.656367221226096,0.218044206728013
179.88,0,349.257368460707,0,0.869987872187252,0.656930388219617,0.213355643281327
179.89,0,349.616139368878,0.000563779092324724,0.870104129231961,0.656272388850283,0.214470797939092
179.9,0,349.976815295755,0.00184921290085978,0.873717675828467,0.655802618418774,0.213320974409059
179.91,0,350.33937318035,0.000481892114549733,0.870792234163802,0.656250419445888,0.214005715437376
179.92,0,350.70378917639,0,0.872028055213092,0.656690612617947,0.212220948273959
179.93,0,351.070038659835,0,0.871403538299526,0.656250879242577,0.215005417467149
179.94,0,351.438096236735,0,0.870394458892767,0.655544254851567,0.215182277869832
179.95,0,351.807935751416,0.000559002187399574,0.874073132885354,0.657829370312758,0.216076312158111
179.96,0,352.179530294977,0,0.87218663956431,0.657025456032852,0.217881469852315
179.97,0,352.552852214123,0,0.876805313429878,0.657779741310244,0.215051804191433
179.98,0,352.927873120289,0.000108780482169528,0.876113618590234,0.657466061825685,0.215076072850272
179.99,0,353.304563899083,0.00137644068465256,0.875326078579842,0.656851634766403,0.213671508712012
180,0.2,353.68289472001,0.00160739929405709,0.878143457132588,0.653378816234882,0.212582494578332
180.01,0.2,354.062835046501,0.00102555782320661,0.875631484098846,0.655948931978209,0.215850541076355
180.02,0.2,354.44435364622,0.00118445353732471,0.875734752502957,0.654183355806477,0.21448370281796
180.03,0.2,354.827418601635,0,0.878002445366911,0.655804676594995,0.21369664078254
180.04,0.2,355.21199732088,0.000325985200143877,0.876956531813386,0.657496650309245,0.217765552339858
180.05,0.2,355.598056548857,0.000340956009882769,0.877545413474802,0.654101014622072,0.216730733551315
180.06,0.2,355.985562378605,0,0.875457117004469,0.655814947226984,0.213371323926266
180.07,0.2,356.374480262913,0.000304031341212063,0.87374857320013,0.657373344933061,0.217272042453324
180.08,0.2,356.764775026169,0,0.878722354608339,0.65712042834155,0.217614757119474
180.09,0.2,357.15641087644,0.00284901930337559,0.877031113878267,0.655431603753205,0.215129160409359
180.1,0.2,357.549351417785,0.00100635414422985,0.877821119866998,0.654885449833943,0.214930142530044
180.11,0.2,357.943559662772,0,0.879146717196316,0.655223529170496,0.216797223064357
180.12,0.2,358.338998045212,0,0.877744565544011,0.654563775866532,0.214010855074296
180.13,0.2,358.73562843309,0.000779337238878297,0.879662821855734,0.652485725128509,0.216877366731473
180.14,0.2,359.133412141694,0,0.884010426308254,0.655831133848795,0.214162415508402
180.15,0.2,359.532309946917,0,0.882052535813772,0.653976690329514,0.215586273543178
180.16,0.2,359.932282098756,0.00142697538615557,0.880195735638514,0.655333991064533,0.213189815484249
180.17,0.2,360.333288334965,0,0.884478147660884,0.654634832481612,0.21393711150867
180.18,0.2,360.735287894868,0,0.882160975050317,0.655272890229247,0.217211911772399
180.19,0.2,361.138239533347,0,0.883089118461746,0.656657631407316,0.217354166794911
180.2,0.2,361.542101534953,0,0.88442491864893,0.653117374052984,0.214870457106032
180.21,0.2,361.946831728162,0,0.886208194655039,0.654954303613119,0.215808398620533
180.22,0.2,362.352387499776,0.0010148605894379,0.885025597214476,0.653520101115678,0.216128882414265
180.23,0.2,362.758725809424,0,0.883517740417214,0.654194603806606,0.213983582951235
180.24,0.2,363.1658032042,0,0.885808262608534,0.653589214425664,0.215270284162839
180.25,0.2,363.573575833388,0,0.884999699315644,0.653181486471705,0.215951060994391
180.26,0.2,363.981999463311,0.00127306593679249,0.887490999218376,0.657865086937675,0.216591698950313
180.27,0.2,364.391029492249,2.45548212443047e-05,0.883596478259894,0.655737509390556,0.214545214346883
180.28,0.2,364.800620965458,0.00047004048430632,0.888811412491092,0.653955698863894,0.213568138196497
180.29,0.2,365.21072859026,0.00135499729558677,0.888237729099362,0.652271995811143,0.216786173128205
180.3,0.2,365.621306751211,0,0.888512769494313,0.654623266592182,0.214894753810791
180.31,0.2,366.032309525313,0,0.889008304295183,0.652381666909292,0.216663752078986
180.32,0.2,366.443690697309,0,0.887821708839732,0.652020916871855,0.214741459670099
180.33,0.2,366.855403775004,0,0.887126590813704,0.651710779723223,0.216292837804701
180.34,0.2,367.267402004639,0.000163511362331243,0.8871959788329,0.65486066305227,0.216853878510126
180.35,0.2,367.679638386297,0.000844776590034133,0.89142630279682,0.653180888948538,0.212368683217645
180.36,0.2,368.092065689338,0,0.88835661443298,0.653996960039386,0.211926870175678
180.37,0.2,368.504636467847,0,0.892282385363714,0.654632638363475,0.214685482072248
180.38,0.2,368.917303076112,0,0.89105218855176,0.652816516286311,0.214716044991515
180.39,0.2,369.330017684096,0.000561695902512149,0.894553767980554,0.654222043277605,0.214782079088822
180.4,0.2,369.74273229291,0.000275191610095991,0.892772555325424,0.653691644191314,0.214583120817479
180.41,0.2,370.155398750294,0.000828569278335381,0.895205730707554,0.654123675715792,0.214800075104497
180.42,0.2,370.567968766071,0.00291916904680216,0.894904236847778,0.650903346152957,0.213109671723432
180.43,0.2,370.980393927589,0,0.893163567576934,0.65452641679436,0.213807412913153
180.44,0.2,371.392625715145,0.000172925807893596,0.895015264136813,0.652996354504458,0.216325010590116
180.45,0.2,371.804615517369,0,0.895088133517786,0.653076908736815,0.21365954871182
180.46,0.2,372.216314646574,0,0.893380975622718,0.652620954315974,0.215525732476704
180.47,0.2,372.627674354076,0,0.893907909598273,0.651473818928535,0.214263256273958
180.48,0.2,373.038645845451,0.00193331875217527,0.896734049478156,0.651953381679558,0.21479891127098
180.49,0.2,373.449180295744,0,0.896729889042168,0.650371455116749,0.215672850469981
180.5,0.2,373.859228864624,0,0.898423571697886,0.653352006827049,0.219957401433732
180.51,0.2,374.268742711474,0,0.895336956856811,0.652753771535907,0.213607047509467
180.52,0.2,374.677673010412,0,0.895315459069304,0.65138255300955,0.215423653848331
180.53,0.2,375.085970965226,0,0.896748693992563,0.650887558954369,0.214680168423836
180.54,0.2,375.493587824257,0.00232559459720017,0.90061472412359,0.6525325661544,0.215914275621832
180.55,0.2,375.900474895167,0,0.897853955337305,0.649515235777395,0.212681518336328
180.56,0.2,376.306583559644,0.00179076506292596,0.898667287206714,0.649191261461079,0.216675340132834
180.57,0.2,376.711865287994,0.00106860560850355,0.899504661953076,0.652533143215492,0.214135294061089
180.58,0.2,377.116271653656,0,0.899131564463551,0.647454695118677,0.214578518462833
180.59,0.2,377.519754347586,0,0.899361263833509,0.651207741974805,0.212599542505722
180.6,0.2,377.92226519257,0.000275776437715851,0.900126842010101,0.649048352285533,0.213432828011246
180.61,0.2,378.323756157396,0.000233034757189498,0.900867557575858,0.648173688633022,0.213356737051555
180.62,0.2,378.724179370922,0.00181782271905374,0.898446036821057,0.648308326945741,0.216886044414414
180.63,0.2,379.123487136038,0.00261685089712261,0.901843365083228,0.652304497894838,0.216849768449409
180.64,0.2,379.521631943483,0,0.902263126851336,0.647129529938649,0.218017159940072
180.65,0.2,379.918566485548,0,0.901066867331823,0.649647428208923,0.216588202606358
180.66,0.2,380.314243669654,0.00128312071610482,0.901307135242519,0.6504647422701,0.214038043804352
180.67,0.2,380.708616631784,0,0.902238998440038,0.648473589591583,0.215041053287245
180.68,0.2,381.101638749785,0.000197612955395872,0.902357487295594,0.647208722623588,0.213249710810348
180.69,0.2,381.493263656535,0.000648853874503082,0.90438301431264,0.648423106203987,0.215118837175157
180.7,0.2,381.883445252952,0,0.904972284173017,0.651268051183612,0.214301146147202
180.71,0.2,382.272137720873,0.00156853371482713,0.903778900974904,0.648321003483915,0.213977485321803
180.72,0.2,382.659295535771,0,0.9045777909439,0.647507100063777,0.215831052738694
180.73,0.2,383.044873479329,0,0.904413036468581,0.649965319172356,0.215509545458788
180.74,0.2,383.428826651851,0.000812638133463141,0.906009019337821,0.65046240083945,0.215842213797501
180.75,0.2,383.811110484518,0,0.904797325637435,0.649158899843351,0.215218100101651
180.76,0.2,384.191680751487,0,0.90653754712297,0.648041491735828,0.215943549256525
180.77,0.2,384.570493581822,0,0.906305332489021,0.646696167259349,0.215010948943876
180.78,0.2,384.947505471263,0.00143200000543505,0.906206878281223,0.648249678095001,0.214876702619343
180.79,0.2,385.322673293822,0.000201984175331131,0.90861305964527,0.649004439874712,0.215809906770715
180.8,0.2,385.695954313222,0,0.908381251491578,0.649269461965256,0.216093524161564
180.81,0.2,386.067306194139,0,0.908934338230977,0.650125918567942,0.214277540226644
180.82,0.2,386.436687013301,0.00221318016666308,0.907778029658023,0.649719151686579,0.215840465027434
180.83,0.2,386.804055270389,0,0.910093959777496,0.647078306067364,0.218513951110335
180.84,0.2,387.169369898757,0,0.908462401351277,0.648602273454199,0.214084612295068
180.85,0.2,387.532590275999,0.00164534736906783,0.910073436837806,0.64728161706945,0.216145809758018
180.86,0.2,387.893676234298,0.00177391204611398,0.91130009837608,0.648986448665478,0.214766760676952
180.87,0.2,388.252588070621,0.00178123023351913,0.909454993163948,0.647818336754978,0.214593646891728
180.88,0.2,388.60928655671,0.00137495840037391,0.910491633157379,0.64522216652724,0.214540168969471
180.89,0.2,388.963732948902,8.47680949560584e-05,0.911620212382346,0.646736481658927,0.21569910357457
180.9,0.2,389.31588899774,0,0.91334342646137,0.649532365486243,0.214663881514618
180.91,0.2,389.665716957422,0,0.909389538739265,0.647498733929744,0.215890099996664
180.92,0.2,390.013179595033,0,0.913496401848186,0.647627713109132,0.215409186912802
180.93,0.2,390.358240199598,0.00022015452191438,0.914631663588299,0.649040702275133,0.21529745462263
180.94,0.2,390.700862590944,0.00171905253529561,0.912049834382971,0.64703284463491,0.215994630767105
180.95,0.2,391.04101112836,0,0.914259769489936,0.645620106503084,0.217243957042791
180.96,0.2,391.378650719063,0,0.911134341205502,0.649514772646008,0.215248397841717
180.97,0.2,391.713746826473,0,0.914993515197032,0.64452572111915,0.212607054548422
180.98,0.2,392.046265478284,0,0.915584173643594,0.646422816686823,0.216294932971256
180.99,0.2,392.376173274337,0,0.912574342518686,0.64653027820774,0.214759759076208
181,0.2,392.703437394301,0.000793570387669309,0.915553736251425,0.645691839568326,0.216868656341671
181.01,0.2,393.028025605142,0,0.916490041050862,0.644785833009997,0.213553512991253
181.02,0.2,393.349906268403,0.000769257892990781,0.915717280327533,0.646588282931854,0.214251234939863
181.03,0.2,393.66904834727,1.10917635572905e-05,0.915607644360896,0.647262281114962,0.215212580366924
181.04,0.2,393.985421413451,0.0015896796283684,0.91733155717856,0.64570679953617,0.213980099183134
181.05,0.2,394.298995653834,0,0.918494403750182,0.646274032186525,0.214690992159679
181.06,0.2,394.609741876958,0,0.917993698710045,0.645464717544534,0.217387292523052
181.07,0.2,394.91763151927,0.000214100494067582,0.915960929142289,0.644149273673031,0.21499131457274
181.08,0.2,395.222636651179,0,0.91910095880532,0.647252316942953,0.213762347798529
181.09,0.2,395.524729982907,0,0.919525543778688,0.644235666308236,0.213569025905067
181.1,0.2,395.823884870134,0,0.919580863467799,0.64490399744435,0.217647348311497
181.11,0.2,396.120075319438,0,0.91877913556319,0.644457196318583,0.215381156407469
181.12,0.2,396.413275993523,0.000416340254095157,0.919306572981262,0.641719499409665,0.213750186310672
181.13,0.2,396.70346221625,0,0.918424745643657,0.643631447473629,0.216731917316698
181.14,0.2,396.990609977452,0.00117484886956935,0.919690277553608,0.643981893826041,0.21645744490909
181.15,0.2,397.274695937552,9.38039333788187e-06,0.920356105584075,0.644144182198,0.212916247785261
181.16,0.2,397.55569743196,0,0.924245873741233,0.644505712115357,0.212433292510778
181.17,0.2,397.833592475279,0.00236615778217387,0.91927055930987,0.643926546801396,0.21418912718508
181.18,0.2,398.108359765288,0.000507746696152654,0.921606397286733,0.643258613993879,0.216363432246451
181.19,0.2,398.379978686729,0.00073639462823289,0.920944753277119,0.644592337860793,0.215668293128948
181.2,0.2,398.648429314882,0.000523748389334069,0.921770724791377,0.645477523228895,0.214731172480846
181.21,0.2,398.913692418925,0.00108862778228509,0.922336463935724,0.643150680489233,0.214763614545378
181.22,0.2,399.175749465104,0.000323262506956235,0.922158264784165,0.645235403161613,0.215102804896966
181.23,0.2,399.434582619673,0,0.925506621691336,0.642251822476934,0.216671801282122
181.24,0.2,399.690174751649,0.000794451918790811,0.922641779273748,0.641456967199769,0.214654160651538
181.25,0.2,399.942509435334,0.00299852425464413,0.923403296249703,0.644966171911113,0.214768780917644
181.26,0.2,400.191570952656,0.00185869316051944,0.921428263949374,0.643661119870278,0.218696737552408
181.27,0.2,400.437344295282,0,0.922155348107801,0.644180376133393,0.216304240495199
181.28,0.2,400.67981516653,0.00219231362574834,0.925696651250799,0.645557786891323,0.214204297468487
181.29,0.2,400.918969983079,0.00165004004268182,0.928929921532648,0.644573281780355,0.214645205404073
181.3,0.2,401.154795876468,0.000649352926401959,0.924657693628439,0.646946277638487,0.216323631886311
181.31,0.2,401.387280694379,0.00111639568812489,0.922882870371108,0.643668697296262,0.214569486467994
181.32,0.2,401.616413001733,0.00048146333260636,0.926952325044843,0.642895235667576,0.213236237365479
181.33,0.2,401.842182081559,0,0.927052083789319,0.645857605537696,0.21531857672693
181.34,0.2,402.064577935671,0.00179378323621976,0.925567532890004,0.645603656630412,0.215827135036981
181.35,0.2,402.283591285131,0.00256165929307356,0.928237738888922,0.641554874219467,0.215226844171759
181.36,0.2,402.499213570513,0.000851244194194608,0.92548799759352,0.642143443863276,0.215459497607237
181.37,0.2,402.711436951952,7.32351124795624e-05,0.927562666289465,0.642142075183495,0.213223850672002
181.38,0.2,402.920254309001,0.00115297201710971,0.926708462376883,0.642989634226381,0.215859493786145
181.39,0.2,403.125659240271,0,0.929118429528955,0.644575160855854,0.2173124646329
181.4,0.2,403.327646062873,0,0.929417600430625,0.64536873083848,0.215770592345393
181.41,0.2,403.526209811656,0,0.928163572493269,0.643991984233219,0.213836834871412
181.42,0.2,403.721346238243,0,0.927225936874268,0.643660633736863,0.21727759204323
181.43,0.2,403.913051809856,0.000915273974375266,0.930005110676425,0.641920722554332,0.212740492476971
181.44,0.2,404.10132370795,0,0.931506714926138,0.640979207473896,0.21491651002806
181.45,0.2,404.286159826639,0,0.931844423845825,0.644321404751318,0.216691249743284
181.46,0.2,404.467558770917,0,0.930117492220268,0.644691249383265,0.215296877776888
181.47,0.2,404.645519854686,0,0.929255309144111,0.64260752791018,0.218113696888216
181.48,0.2,404.82004309858,0.000268450353544109,0.931058318852368,0.64150178542413,0.213336880627423
181.49,0.2,404.991129227585,0.00149377965617845,0.930968324099542,0.640398252280341,0.214378431832171
181.5,0.2,405.158779668471,0,0.929880878713029,0.645241905509786,0.217141119584211
181.51,0.2,405.322996547012,9.05551267470515e-05,0.929326843630116,0.641414766848329,0.212279046441392
181.52,0.2,405.483782685021,0.000630598987720791,0.931287481162555,0.641751086360859,0.216804847152031
181.53,0.2,405.641141597175,0.000673839615219209,0.931661704054793,0.645962450207563,0.216845591213729
181.54,0.2,405.795077487657,0,0.932053730191703,0.646567353363841,0.215917419719984
181.55,0.2,405.945595246596,0,0.933102516736664,0.646192309583366,0.215838997982037
181.56,0.2,406.092700446304,0.00141307579847447,0.9323263619256,0.645408047254643,0.218373351174022
181.57,0.2,406.236399337339,0,0.931021105577614,0.64636827955683,0.215152135577281
181.58,0.2,406.376698844355,0,0.931815438402953,0.643808512979483,0.216209302203077
181.59,0.2,406.513606561769,0.00256793374420016,0.932711639129848,0.643834648693629,0.212844008816066
181.6,0.2,406.647130749239,0.00063844466086319,0.934533829791904,0.642152947139751,0.2164060642514
181.61,0.2,406.777280326943,0,0.935079850137322,0.642752146141941,0.215545802062263
181.62,0.2,406.904064870679,0.000139085303134313,0.934151731880313,0.645334374866556,0.216908573695945
181.63,0.2,407.027494606766,0,0.933327086628574,0.645583750193236,0.216274256617923
181.64,0.2,407.147580406766,0.00124446690093017,0.936477694882411,0.645559818269284,0.213755712633864
181.65,0.2,407.264333782014,0,0.934115127834101,0.645360862923599,0.214623352349665
181.66,0.2,407.377766877966,0.000642132989868495,0.934750565077992,0.643940640912945,0.214894578422909
181.67,0.2,407.487892468362,0.00182548388882154,0.932599362094962,0.643859360798064,0.213342053175005
181.68,0.2,407.594723949202,0,0.934777673063055,0.644503296881379,0.213721653685198
181.69,0.2,407.698275332548,0.00188856327178096,0.933950174652951,0.644605487873909,0.214107033690699
181.7,0.2,407.798561240142,0.00204125952387999,0.933856018802717,0.645181453872158,0.21357077984786
181.71,0.2,407.895596896836,0.000162054434397457,0.933040047871142,0.644871984201133,0.213079829804888
181.72,0.2,407.989398123861,0,0.936795683823078,0.642981642466532,0.216723380816234
181.73,0.2,408.079981331905,0,0.933129025441672,0.644473666866323,0.214486806902403
181.74,0.2,408.167363514023,0.000501013284943599,0.937783746054931,0.645546401019039,0.215377543602554
181.75,0.2,408.251562238368,0,0.9389139348941,0.643503195990222,0.213647027791015
181.76,0.2,408.332595640759,0,0.936100449310343,0.645694704986522,0.213907551655386
181.77,0.2,408.410482417066,0.000167604174329688,0.936164349599723,0.64408005765177,0.216723746668939
181.78,0.2,408.485241815434,0.00222826218931809,0.936409366604021,0.645787780958481,0.214829594572696
181.79,0.2,408.556893628338,0,0.938060895002602,0.645592111284229,0.215242817269027
181.8,0.2,408.625458184474,0,0.937589227091179,0.642726689886287,0.214134577394757
181.81,0.2,408.690956340476,0.000704096038368342,0.938092652634456,0.646199833488438,0.21595564572819
181.82,0.2,408.753409472486,0,0.937970129070704,0.647966446404048,0.217721530249786
181.83,0.2,408.812839467552,0,0.939546259843111,0.648118310685383,0.216707406219332
181.84,0.2,408.869268714868,0.00105333795665873,0.937888600345068,0.646330595978353,0.214280412853271
181.85,0.2,408.922720096865,0.000659800465682493,0.93830358261682,0.644135163341506,0.216901917734997
181.86,0.2,408.97321698014,0,0.939416106152125,0.647276782237733,0.216251832461887
181.87,0.2,409.020783206232,0.00123564246976568,0.937987655619393,0.648442461845306,0.215259430924251
181.88,0.2,409.065443082255,0.00138677226967381,0.937551841585313,0.644408169454545,0.213051016372218
181.89,0.2,409.107221371371,0.000722157956714305,0.940780288138686,0.646074980745192,0.215713998506818
181.9,0.2,409.146143283127,0,0.938512061400113,0.644495384833964,0.214580707040678
181.91,0.2,409.182234463644,0.00160726340542914,0.940902660923469,0.646901043854377,0.213583755170495
181.92,0.2,409.215520985662,0.00127310612446325,0.940623677435618,0.645014283506281,0.216709659905075
181.93,0.2,409.246029338446,0.00122696655136543,0.940622257184235,0.646538622402226,0.216974768249664
181.94,0.2,409.273786417561,0,0.938906986147221,0.64438623908559,0.21421739086621
181.95,0.2,409.298819514507,0,0.941950515728564,0.648559784482785,0.214317356164155
181.96,0.2,409.321156306218,0.000487373881352704,0.941810444674801,0.647725077867697,0.214398411833774
181.97,0.2,409.340824844445,0,0.936326173107423,0.644991531241071,0.214343991951778
181.98,0.2,409.357853544997,0.00213349322948338,0.939498971465434,0.646894792302703,0.214659647374822
181.99,0.2,409.372271176871,0.00159846274714604,0.940912403667369,0.64954674110192,0.215216071860405
182,0.2,409.384106851249,0,0.939403398104162,0.646661915840652,0.210262143537324
182.01,0.2,409.39339001039,0.00125419089048615,0.940137584281,0.647747456154616,0.214438357984427
182.02,0.2,409.400150416393,0,0.942338650834487,0.647305841721622,0.216743208480218
182.03,0.2,409.404418139858,0.000370970744670478,0.94121323746221,0.649285829969202,0.21735889197915
182.04,0.2,409.406223548434,0,0.94030570861703,0.64693553931104,0.216414800467456
182.05,0.2,409.405597295258,0,0.940372032950867,0.647396943281342,0.215670761909121
182.06,0.2,409.402570307298,0,0.94153076414922,0.647959745446957,0.215999231838473
182.07,0.2,409.397173773586,0,0.939137046533197,0.645440347115473,0.216156570231902
182.08,0.2,409.389439133368,0.00145312779152593,0.941549323660363,0.64998171335097,0.213347066087496
182.09,0.2,409.379398064148,0,0.93907261707355,0.646325374163634,0.212140747551411
182.1,0.2,409.36708246965,0,0.938478442125676,0.646578590044761,0.215323783259273
182.11,0.2,409.352524467693,0,0.943341426833158,0.648468866974211,0.216636859227163
182.12,0.2,409.33575637798,0,0.942738961882045,0.648593476122057,0.217155138721105
182.13,0.2,409.316810709813,0.000259269485359953,0.945816089238376,0.651212201184471,0.213947809192555
182.14,0.2,409.29572014973,0.000449635506768742,0.940493864234411,0.648403986040362,0.214142788346675
182.15,0.2,409.27251754907,0,0.940153339954129,0.648830355750648,0.214228817520053
182.16,0.2,409.247235911474,0.000339719698908029,0.941506838597325,0.648205475494227,0.213995794597671
182.17,0.2,409.219908380316,0,0.941927130464734,0.650517265779631,0.215925200935314
182.18,0.2,409.190568226084,0.000598712848056238,0.942132024053185,0.650132060324006,0.2149486830447
182.19,0.2,409.159248833696,0.00137920946874286,0.941819322967892,0.652228001712305,0.21374034981546
182.2,0.2,409.125983689768,0.00196880988175053,0.944321776428634,0.649900450389422,0.214572531159026
182.21,0.2,409.090806369839,0.00210414171525366,0.94151063436898,0.648370922985154,0.215544710927149
182.22,0.2,409.053750525543,0.000957989227949175,0.942689617489435,0.650028472200888,0.212492064388541
182.23,0.2,409.014849871754,0.000346783767582453,0.943645747857531,0.651408792389001,0.212557399609137
182.24,0.2,408.974138173687,0.000860970939128506,0.942910195962911,0.650838470913508,0.21612767986093
182.25,0.2,408.931649233973,0.000619835050980214,0.941918786665787,0.651372714124184,0.2135779986159
182.26,0.2,408.887416879707,0.000704811912259554,0.945268142606621,0.650712188722001,0.21580548039513
182.27,0.2,408.841474949478,0.000604710210915938,0.9451030512984,0.651133127134113,0.211834538170619
182.28,0.2,408.793857280377,0.00274086928354634,0.943511796273299,0.652279542235829,0.212826013658144
182.29,0.2,408.744597695,0,0.944003306327303,0.651169349790787,0.214492062220518
182.3,0.2,408.693729988435,0,0.946329745674342,0.649482182243888,0.214852722236948
182.31,0.2,408.641287915256,0,0.942677655389826,0.651424641026504,0.214913693341691
182.32,0.2,408.587305176508,0.000717626528212604,0.942729732893248,0.650250898106418,0.215451322079941
182.33,0.2,408.531815406712,0.00127658909922511,0.940599032845873,0.650972158153706,0.215362013281016
182.34,0.2,408.474852160874,0.000578102017105577,0.944301454608843,0.651332893812319,0.21716317895109
182.35,0.2,408.416448901508,0,0.94274024524656,0.651623226476442,0.215625050605587
182.36,0.2,408.356638985687,0.000542397561699351,0.941159882200816,0.649168095823134,0.214596089216002
182.37,0.2,408.295455652121,0,0.943424631820398,0.652319556580915,0.213351443048183
182.38,0.2,408.232932008261,0,0.943833245173207,0.652823971224589,0.216456701641359
182.39,0.2,408.169101017443,0,0.943204498927574,0.653146463386386,0.212562286050949
182.4,0.2,408.103995486077,0,0.944079103519457,0.652893380710425,0.21541803587142
182.41,0.2,408.037648050875,0,0.941971636293538,0.652565138844734,0.213621323066545
182.42,0.2,407.970091166142,0,0.944266328140339,0.652956553807357,0.216812640982886
182.43,0.2,407.901357091113,0,0.94376926812723,0.654249681433874,0.215012557969533
182.44,0.2,407.83147787736,0.00181000463017957,0.943137002296656,0.654513072334496,0.216193223235896
182.45,0.2,407.760485356266,0.00136437316452766,0.943952663620558,0.654391003383804,0.212898395512577
182.46,0.2,407.688411126568,0.000382879624758162,0.944469099037891,0.654124067991985,0.215567164143145
182.47,0.2,407.615286541984,0,0.94466009565834,0.653186110916966,0.215277038499334
182.48,0.2,407.541142698916,0.00139566100578324,0.943347589921421,0.654906544599982,0.217229893420534
182.49,0.2,407.46601042425,0.000449091417726299,0.944301531203566,0.654560055017639,0.218783375349664
182.5,0.2,407.389920263245,0.000114932567835673,0.943988478479783,0.653306248832589,0.214390641342681
182.51,0.2,407.312902467523,0.000481449709190064,0.944577982114906,0.654271933319477,0.211185333681946
182.52,0.2,407.234986983159,0.00139130921730133,0.945787863243264,0.651737413916829,0.212824642979955
182.53,0.2,407.156203438892,0,0.946674952152877,0.653219476697413,0.217072664094032
182.54,0.2,407.076581134438,0,0.943214941094876,0.65448721594754,0.214511850178073
182.55,0.2,406.99614902893,0.000146647526224779,0.943567355186095,0.651110476143077,0.214600292332515
182.56,0.2,406.914935729489,0,0.944260187642081,0.652948657648927,0.215143454831422
182.57,0.2,406.832969479911,0,0.94516354835882,0.650523339852677,0.216582206608173
182.58,0.2,406.750278149505,0,0.942727792968678,0.653950689321142,0.21522855404013
182.59,0.2,406.666889222065,0.00235060659322175,0.942820650720401,0.653687197676248,0.215646006024248
182.6,0.2,406.582829784987,0.000512012308926384,0.943459116088083,0.653877091521023,0.214663661956189
182.61,0.2,406.498126518542,0,0.942451158913119,0.654751336266226,0.214753510989921
182.62,0.2,406.412805685305,0.000715650741910664,0.944196670706166,0.653735126681984,0.215686297963843
182.63,0.2,406.326893119741,0.000138445074754352,0.946356116662514,0.655072306784377,0.216528852983295
182.64,0.2,406.24041421796,0,0.945450418541039,0.653072872469971,0.21554052179913
182.65,0.2,406.153393927649,0.00214595329046132,0.943880218137791,0.652794966875654,0.214104967379115
182.66,0.2,406.06585673817,0.000169005439686435,0.946266526095337,0.654420998715725,0.213501533376655
182.67,0.2,405.977826670849,0,0.943003831570628,0.656032293192607,0.213540382348705
182.68,0.2,405.889327269445,0,0.943794246546971,0.653795030825557,0.214809166033847
182.69,0.2,405.800381590812,0,0.940474172779821,0.654467021560834,0.215021507965198
182.7,0.2,405.711012195757,0.00124353085462756,0.943127291866985,0.655136505768358,0.213672521200323
182.71,0.2,405.621241140095,0.00162932820074931,0.942184453296543,0.654144728457793,0.21391358884938
182.72,0.2,405.531089965915,0.00110685961035589,0.940968089387607,0.655131707307824,0.214536534204252
182.73,0.2,405.440579693045,0.00109663030136751,0.940648900989298,0.654635522464722,0.214986718295069
182.74,0.2,405.349730810741,0.00112037598166215,0.942391302879191,0.655764911195684,0.215428180562968
182.75,0.2,405.258563269589,0.0014803795904205,0.941923519648643,0.655361169695571,0.217707359146529
182.76,0.2,405.167096473623,0,0.942323309663913,0.655658148973221,0.216550353481081
182.77,0.2,405.075349272681,0,0.943925696519324,0.652408717992248,0.21559917573156
182.78,0.2,404.983339954981,0,0.941962827058791,0.658588499908545,0.214990893619478
182.79,0.2,404.891086239933,0,0.939866355671242,0.656075319490708,0.216318605873968
182.8,0.2,404.798605271197,0,0.942733892827819,0.654861786437843,0.217083289264731
182.81,0.2,404.705913609966,0,0.943629077618676,0.65613765071545,0.214907011156237
182.82,0.2,404.613027228508,0.00147538910263092,0.943735419632751,0.656039075007138,0.217348366400584
182.83,0.2,404.519961503952,0,0.941784681461049,0.655011020579897,0.215192883776175
182.84,0.2,404.426731212326,0,0.942426978482533,0.656874474470975,0.215817786654469
182.85,0.2,404.333350522846,0,0.939489610929141,0.65564512515078,0.217065697501921
182.86,0.2,404.239832992468,0,0.941858166514193,0.654275010919172,0.214776249655126
182.87,0.2,404.146191560703,0,0.942194878601709,0.657170527622829,0.215905492287785
182.88,0.2,404.052438544687,0.000464595117434881,0.939898878553585,0.656296160326167,0.21445240023351
182.89,0.2,403.958585634529,0,0.94213766703204,0.656779488346387,0.213049329154549
182.9,0.2,403.864643888921,0,0.943777706437638,0.65547014264334,0.214877038777327
182.91,0.2,403.77062373102,0,0.941752245369477,0.656256879189067,0.215680634671285
182.92,0.2,403.676534944609,0.00164722230863249,0.942905160786572,0.654154255235523,0.215137269883185
182.93,0.2,403.582386670531,9.98259241155692e-05,0.942363973918527,0.654602289138286,0.215220291152433
182.94,0.2,403.488187403401,0.00327691634757548,0.942665383137704,0.654513106625775,0.215589639235107
182.95,0.2,403.3939449886,1.71846022127472e-05,0.941026591433227,0.65610852657085,0.213693119396953
182.96,0.2,403.299666619552,0.000665274258680688,0.940427232575837,0.658958356719374,0.21375447628379
182.97,0.2,403.205358835284,0,0.940426401709074,0.65608361442649,0.219492585730679
182.98,0.2,403.11102751827,0,0.939189926739744,0.657339095335415,0.211527341430978
182.99,0.2,403.016677892563,0.000480137070558089,0.939237082445738,0.6560497016033,0.217188630944278
183,0.2,402.922314522215,0,0.941650972605837,0.656373787403006,0.216012638851705
183.01,0.2,402.827941309987,0.000265612152447011,0.940811125118526,0.654579201085712,0.212140133639486
183.02,0.2,402.733561496347,0.000978897381453254,0.937757573263398,0.656950885359508,0.216662566011396
183.03,0.2,402.639177658761,0.000693342662785486,0.939475285874928,0.656972632186605,0.215872556404131
183.04,0.2,402.544791711269,0,0.93969468585554,0.657304810833398,0.215365263997976
183.05,0.2,402.450404904361,0.000823285983287824,0.940771565585526,0.65595618134515,0.212730646550278
183.06,0.2,402.356017825143,0.000618265376182612,0.939530047989504,0.65668331948902,0.213753420711801
183.07,0.2,402.261630397787,0.00246356751077466,0.93831621368224,0.657952102921811,0.214669486168706
183.08,0.2,402.167241884285,0.000581598572100783,0.941859850585686,0.656201530972481,0.215821203535804
183.09,0.2,402.072850885484,0.00374056263310606,0.942137720446073,0.657101425616893,0.21624404371076
183.1,0.2,401.978455342421,0,0.938012422393011,0.657267782436426,0.214363442917643
183.11,0.2,401.884052537944,0,0.941262158552169,0.653709662440964,0.21419973098532
183.12,0.2,401.789639098624,0.00105287058829123,0.939680384048065,0.658868713944733,0.214481801630344
183.13,0.2,401.695210996955,0.00030213149086568,0.934990647300837,0.655460031959976,0.214398710243417
183.14,0.2,401.60076355385,0,0.940661086527675,0.654426271674242,0.215923838464418
183.15,0.2,401.506291441413,0.00244405483083745,0.938567570505774,0.65642425037213,0.213368619003943
183.16,0.2,401.411788686004,3.7178418015555e-05,0.938222896081081,0.654114962471303,0.216971863969749
183.17,0.2,401.317248671591,0.00306689020108307,0.936457113599673,0.656987405335279,0.213236292822625
183.18,0.2,401.222664143376,0.000849345530447703,0.936770792395776,0.653932203650009,0.21499799557672
183.19,0.2,401.128027211714,0,0.938716471231004,0.65854652760691,0.215185290082725
183.2,0.2,401.033329356298,0.00166822922823817,0.937093340529438,0.654072560520738,0.214909252014159
183.21,0.2,400.938561430636,0,0.934503748877012,0.658205679009162,0.215784471923552
183.22,0.2,400.843713666791,0,0.934755227961658,0.65364871268809,0.215796370106088
183.23,0.2,400.748775680402,0.000725335638209318,0.938243478001113,0.65388264391659,0.214376131268987
183.24,0.2,400.653736475971,0.000571136793671343,0.935388719016825,0.656988347030173,0.215907937163785
183.25,0.2,400.55858445242,0.000115900576479719,0.937633301323462,0.656309052103293,0.212025363306515
183.26,0.2,400.463307408914,0.000733949264794083,0.937031762895461,0.653826700974999,0.214859861354389
183.27,0.2,400.367892550943,0.000593348841557974,0.935035029964693,0.656691510777024,0.216425870060383
183.28,0.2,400.272326496669,0.000426650362442536,0.937046638671817,0.655584190010219,0.214732279783878
183.29,0.2,400.176595283523,0.0012542869495131,0.934418572146233,0.654864546949833,0.214114803317924
183.3,0.2,400.080684375059,0.00200902754637956,0.934542821347128,0.654334688927069,0.214512186935719
183.31,0.2,399.984578668059,0,0.933710695678839,0.654188454190157,0.214300326111798
183.32,0.2,399.888262499879,0,0.934526834682388,0.655787516239735,0.212810838054336
183.33,0.2,399.791719656046,0,0.93476265326218,0.657224122070872,0.215216110606462
183.34,0.2,399.694933378082,0,0.934838470587172,0.655149049880616,0.216306171816501
183.35,0.2,399.597886371576,0.00258914581511035,0.933614892815847,0.654147691481394,0.214033525170904
183.36,0.2,399.500560814481,0,0.936056875533212,0.655077255755726,0.213500339388704
183.37,0.2,399.402938365635,0.00182196127126056,0.933467746860098,0.654914755541748,0.213297518893365
183.38,0.2,399.305000173515,0.000349013744016106,0.934742036657414,0.651825031106149,0.218194380572119
183.39,0.2,399.206726885197,0,0.932221343377523,0.653583504659693,0.219311422870788
183.4,0.2,399.108098655543,9.53959273206832e-05,0.935265163388423,0.654181593651011,0.214193318453597
183.41,0.2,399.009095156594,0.000365823770562015,0.932908426645902,0.655295462389335,0.213953444375114
183.42,0.2,398.909695587161,0.00281985081577294,0.93146953690194,0.655462077081364,0.215144074822973
183.43,0.2,398.809878682631,0,0.931673862745012,0.653254529979671,0.212787573601565
183.44,0.2,398.709622724958,0.000223374378877572,0.93247523860359,0.654877692871304,0.214691580502076
183.45,0.2,398.608905552853,0.00181349464444534,0.932049875908092,0.651906154738998,0.214518376818713
183.46,0.2,398.507704572159,0.00226704846003701,0.929063504366446,0.655116443075004,0.216495788395937
183.47,0.2,398.405996766405,0.00101808256346109,0.926857817739544,0.656853113769533,0.216230819961445
183.48,0.2,398.303758707544,0,0.92982079140827,0.65322287842418,0.2177810564111
183.49,0.2,398.200966566854,0,0.933115050025023,0.653635159225766,0.216089222419334
183.5,0.2,398.09759612602,0,0.933879048152404,0.652702800047501,0.212522260558114
183.51,0.2,397.993622788362,0,0.931166574098982,0.65224702188088,0.214052971088226
183.52,0.2,397.889021590235,0,0.928852832232353,0.653426802533355,0.213867602020091
183.53,0.2,397.78376721257,0.0002607641878235,0.931069897558308,0.655320574188782,0.213098609303816
183.54,0.2,397.677833992568,0,0.929095575428494,0.652884993717964,0.213655322124073
183.55,0.2,397.571195935533,0,0.927486320004872,0.653378757323066,0.216247668956197
183.56,0.2,397.463826726842,0.00142862852614709,0.92808830138644,0.652436345767009,0.215908883821197
183.57,0.2,397.355699744047,0,0.931577398710912,0.651395656314247,0.21227024223891
183.58,0.2,397.246788069099,0,0.9267607652412,0.653449375825152,0.214630485025787
183.59,0.2,397.137064500697,0.00100507846764247,0.926578493325346,0.650007075737845,0.215576033162213
183.6,0.2,397.026501566747,0,0.928815186494644,0.650971483950775,0.214076837836266
183.61,0.2,396.915071536938,0.000552856425379574,0.929609116686577,0.650544495432133,0.217448343753299
183.62,0.2,396.802746435411,0.000841251880603506,0.928621933297721,0.65279274440877,0.212628353108088
183.63,0.2,396.689498053536,0.00303197423842146,0.931128034569855,0.651523864179546,0.214096745807772
183.64,0.2,396.575297962778,0,0.929003015204197,0.64891305806045,0.213200952763946
183.65,0.2,396.460117527656,0,0.92650822568057,0.652623000344138,0.216496450225606
183.66,0.2,396.343927918773,0,0.92788342835933,0.652848432271906,0.216369540561732
183.67,0.2,396.226700125935,0,0.926250760827026,0.649987966003157,0.216266492120216
183.68,0.2,396.108404971339,0,0.925703879226335,0.650762490734473,0.215742818506842
183.69,0.2,395.989013122819,0.000147497275618383,0.925780954186391,0.648782436584441,0.215545530924238
183.7,0.2,395.868495107166,0.000949183870694832,0.923532220094749,0.651459119481803,0.216367169030451
183.71,0.2,395.746821323492,0,0.926195924346392,0.651146882474443,0.212733982869073
183.72,0.2,395.623962056653,0,0.925052640843165,0.649767855827582,0.21629319871046
183.73,0.2,395.499887490708,0,0.924396074855275,0.650955384309952,0.213415474497644
183.74,0.2,395.374567722426,0,0.924770113346976,0.650011284268318,0.213414481138036
183.75,0.2,395.247972774824,0,0.925501131754125,0.652037662937162,0.216086428239227
183.76,0.2,395.120072610734,0.000348009149936181,0.921631274384735,0.652522843998785,0.214493929890386
183.77,0.2,394.99083714639,0.000775324364962731,0.922524649050781,0.651721531045614,0.215111345526808
183.78,0.2,394.860236265045,0.000793149837669334,0.922398834221252,0.652522053502988,0.21314546576098
183.79,0.2,394.728239830589,0.000294261502893159,0.921521820454658,0.647217538261086,0.215382511858154
183.8,0.2,394.594817701182,0.000391745050865725,0.923060781095949,0.647309460646308,0.213886761672932
183.81,0.2,394.459939742894,0.000655285850756869,0.919725694461108,0.65125546746133,0.214594856104974
183.82,0.2,394.323575843332,0,0.921804439766508,0.650167238921299,0.213607342062016
183.83,0.2,394.185695925279,0.00120191244889707,0.91900197205057,0.64926356064082,0.215820861366911
183.84,0.2,394.046269960297,0.000224614569912505,0.918327055239604,0.648743974472876,0.214372297511164
183.85,0.2,393.905267982343,0.000685179921949032,0.920864916440219,0.649528998911947,0.215371862939246
183.86,0.2,393.762660101336,0,0.921078528908571,0.650963309911892,0.212198347257959
183.87,0.2,393.618416516721,0,0.920825723471024,0.649636530189976,0.216013560668585
183.88,0.2,393.472507530988,0,0.918708334033994,0.648365698722365,0.216900746998134
183.89,0.2,393.324903563162,0,0.919344319154205,0.64961514010395,0.216078692673137
183.9,0.2,393.175575162259,0,0.917880698868033,0.64988103347609,0.215773748304081
183.91,0.2,393.024493020682,0.000793724094402106,0.919517226236713,0.647727509979612,0.215850267440027
183.92,0.2,392.871627987589,0.000187292755569354,0.917298046843787,0.649882037261856,0.214252464830626
183.93,0.2,392.716951082189,0.000936241428928124,0.917562073961604,0.648289236982763,0.215698527812247
183.94,0.2,392.560433506997,0.000432677024193387,0.916476873925853,0.646969518037026,0.216490668327349
183.95,0.2,392.402046661018,0.00137113866753406,0.91606158944069,0.649113139041692,0.213917562475529
183.96,0.2,392.241762152867,0.000440073811669525,0.918116045955758,0.648802937233085,0.213161432346547
183.97,0.2,392.079551813822,0,0.917525699365117,0.648190353338143,0.215599378317058
183.98,0.2,391.915387710799,0,0.91550433204569,0.647843703002866,0.216214637128995
183.99,0.2,391.749242159257,0.000242562847136045,0.915863138416941,0.647773501919982,0.215980586879913
184,0.2,391.581087736011,0.000575644973812667,0.917785353724956,0.646967075577782,0.213218646093636
184.01,0.2,391.410897291967,0,0.914874951912234,0.647784436317482,0.215537725694925
184.02,0.2,391.238643964763,0,0.916375339419605,0.647323363744441,0.215366380201745
184.03,0.2,391.064301191326,0,0.913411414507151,0.646442060036228,0.21430872457235
184.04,0.2,390.887842720314,0,0.913406607200778,0.645893854360772,0.214996745103969
184.05,0.2,390.709242624479,0.000542094973819097,0.914311022452793,0.649382625296874,0.216159605360917
184.06,0.2,390.52847531291,0,0.915551222668113,0.647999232047182,0.214931680736257
184.07,0.2,390.345515543178,0.00207202860869891,0.912397610635209,0.6447238401847,0.214953189132304
184.08,0.2,390.160338433361,0,0.913089663636684,0.647282137715909,0.217683491696411
184.09,0.2,389.972919473971,0,0.910136320047263,0.644778981227448,0.213790715785563
184.1,0.2,389.783234539738,0,0.911433404426765,0.645637495361041,0.215611245414878
184.11,0.2,389.591259901303,0.00157615592067472,0.9123320546477,0.646131154994785,0.216915032031448
184.12,0.2,389.396972236761,0.000635132655574932,0.908359942526993,0.646012620976087,0.214325466298689
184.13,0.2,389.200348643098,0,0.910519981525189,0.645363191455116,0.213811625365881
184.14,0.2,389.001366647476,0.000233116418784905,0.909615554743093,0.646510988822252,0.216829130660143
184.15,0.2,388.800004218413,0.00159551181236128,0.908178592471244,0.646498068197278,0.213890564350244
184.16,0.2,388.596239776798,0,0.910271352412958,0.644888964386515,0.21499276477747
184.17,0.2,388.390052206786,0,0.905758628477912,0.643047024189986,0.21677750267366
184.18,0.2,388.181420866552,0.00123770555334014,0.910055513084233,0.645957395762977,0.213692580496348
184.19,0.2,387.970325598883,0.00155485497671886,0.908573046962068,0.647402172416446,0.214264143950099
184.2,0.2,387.756746741649,0.000375538816414646,0.908898919508269,0.645469757278953,0.213995057516337
184.21,0.2,387.540665138099,0,0.907222246360045,0.646436816672285,0.216684424442593
184.22,0.2,387.322062147028,0.0011454108534355,0.906869314636489,0.645930026794777,0.214031147311924
184.23,0.2,387.100919652768,0,0.906519262855583,0.643586477814104,0.216630678020022
184.24,0.2,386.87722007504,0,0.90551400684397,0.645759964940742,0.216275996857437
184.25,0.2,386.650946378638,0.00119021699313,0.9072811236039,0.643634781205302,0.215093232677108
184.26,0.2,386.422082082949,0,0.90460715009824,0.642060255973903,0.217163214724539
184.27,0.2,386.19061127132,0.0003577646311843,0.905040388345161,0.643750791997143,0.214123011807362
184.28,0.2,385.956518600244,0.00103815921047356,0.907082888269035,0.643231370949634,0.216078113272907
184.29,0.2,385.719789308392,0,0.90513840967481,0.642530772155057,0.214305459709476
184.3,0.2,385.48040922546,0,0.905548519310862,0.642591923036887,0.215651098514616
184.31,0.2,385.238364780866,0.00159819266165547,0.904054637579201,0.645298087366382,0.214377459979522
184.32,0.2,384.99364301224,0.000429084089858447,0.904903216919736,0.645624904270399,0.213674310354322
184.33,0.2,384.746231573772,0.0014478432036712,0.904463941810635,0.643736076131633,0.214477540908758
184.34,0.2,384.496118744355,0.00469763354149472,0.903505236506949,0.64383578263798,0.215603004716364
184.35,0.2,384.243293435564,0.000841223397218182,0.901463519903019,0.642616615542358,0.216085681614996
184.36,0.2,383.987745199443,0,0.90248344362299,0.645391195249855,0.213981052814473
184.37,0.2,383.729464236116,0.00127118741285753,0.899049127382823,0.64371249704252,0.216934757018244
184.38,0.2,383.468441401206,0.00208222359977526,0.90484032866645,0.645124699756656,0.215365236243237
184.39,0.2,383.204668213068,0,0.898960430671717,0.643429459237946,0.215219245031687
184.4,0.2,382.938136859838,0.00129553326439275,0.898837814593301,0.643773719957615,0.216068332811966
184.41,0.2,382.668840206283,0,0.903254164034856,0.641924374562575,0.214429958123701
184.42,0.2,382.396771800466,0,0.898440337417131,0.645421855873583,0.214690029533043
184.43,0.2,382.121925880213,0,0.899744424773097,0.643155784756103,0.214881146013809
184.44,0.2,381.844297379383,0.00121392107161959,0.89979185197503,0.64438711990572,0.216480885758062
184.45,0.2,381.563881933948,0.00100600357714483,0.897806161160487,0.642611277583573,0.213000156125957
184.46,0.2,381.280675887866,0,0.89932911790189,0.644144637421442,0.214100919931703
184.47,0.2,380.994676298761,0.00166465179753095,0.898173315016714,0.644008642402246,0.216937575158898
184.48,0.2,380.705880943394,0,0.896158278097781,0.642501084622381,0.215659625854082
184.49,0.2,380.414288322942,0,0.894179447107225,0.643158294303291,0.21531342396395
184.5,0.2,380.119897668062,0.00243142236086328,0.896457815207514,0.643137749004297,0.212315419001209
184.51,0.2,379.822708943759,0.00066460018563958,0.894935562239528,0.643914785995784,0.214795063627389
184.52,0.2,379.522722854034,0.000533527653000238,0.895022203001136,0.642374376800879,0.217524692112747
184.53,0.2,379.219940846343,0.00026634243514549,0.894378223987427,0.642177285184897,0.213918049516861
184.54,0.2,378.914365115828,0,0.891434741158298,0.642179777146675,0.214854694646687
184.55,0.2,378.605998609347,0.00307812458669073,0.892187713934641,0.644954612192094,0.215531639237564
184.56,0.2,378.294845029294,0,0.894883902575826,0.643113515585183,0.213405481270283
184.57,0.2,377.980908837199,0.000258400935921826,0.891995267598647,0.644092171879871,0.213409735309264
184.58,0.2,377.664195257115,0.000310494998496778,0.893293949024705,0.64461978269171,0.214321777982092
184.59,0.2,377.344710278798,0.00020799956326269,0.891347467785586,0.64356879565138,0.214600000715824
184.6,0.2,377.022460660659,0.00349651750749184,0.895049346397809,0.64362558969413,0.218371034696626
184.61,0.2,376.697453932503,0.00137768410442764,0.888622406361724,0.642470194073274,0.215166154858022
184.62,0.2,376.369698398054,0,0.889509638526696,0.644084355318432,0.217027676229343
184.63,0.2,376.039203137251,0,0.89271262763059,0.642063560346194,0.21492892037855
184.64,0.2,375.705978008327,0.00147377914304009,0.89035069803707,0.646750408969,0.213691082374721
184.65,0.2,375.370033649672,0,0.890592430355663,0.642809637100438,0.214898740052323
184.66,0.2,375.031381481459,0,0.888995886645938,0.645257259230821,0.214201502953341
184.67,0.2,374.690033707057,0,0.888571451183551,0.644999292846161,0.21352033011576
184.68,0.2,374.346003314222,0.000334782593922394,0.889069159396075,0.644551345868493,0.214069008228335
184.69,0.2,373.999304076041,0,0.887555192389032,0.642954225812133,0.214474932546583
184.7,0.2,373.649950551674,0.00132095046467669,0.889547506284204,0.641877653100126,0.215975065001127
184.71,0.2,373.297958086853,1.68606066860393e-05,0.88785635957156,0.640325523296951,0.213298143851326
184.72,0.2,372.943342814156,0,0.888261120193231,0.644582762093106,0.216928204700457
184.73,0.2,372.586121653044,0,0.888204187255662,0.644728658448409,0.216769200796437
184.74,0.2,372.226312309676,0,0.888622502940071,0.643482631077347,0.214696646990532
184.75,0.2,371.863933276496,0,0.886956760577764,0.645084643695335,0.213379492057864
184.76,0.2,371.499003831563,0,0.88517518941826,0.643785612069092,0.216510060408565
184.77,0.2,371.131544037676,0,0.886471703026409,0.643953773880822,0.214590709413224
184.78,0.2,370.761574741242,0.00281433867032889,0.887223094931973,0.644457710204579,0.215595301886073
184.79,0.2,370.389117570923,0,0.882382951204359,0.645647941233573,0.215005211651697
184.8,0.2,370.014194936035,0,0.883369642347227,0.641938150304641,0.213754359986764
184.81,0.2,369.63683002472,0,0.88453664357066,0.644532279429741,0.215315912737946
184.82,0.2,369.257046801865,0.00137740868401898,0.88146556685629,0.642930750475288,0.216162012860132
184.83,0.2,368.874870006796,0,0.881118740720798,0.646125208374464,0.213365701104708
184.84,0.2,368.490325150728,0.00118099215773689,0.879614135445258,0.644938536239156,0.21502739033313
184.85,0.2,368.103438513963,0,0.882572294569808,0.645684728669387,0.214355608620144
184.86,0.2,367.714237142865,0,0.881436207214267,0.642996474009021,0.214492298616607
184.87,0.2,367.322748846572,0.000228670059072329,0.882187805995852,0.644739569187068,0.215114398110489
184.88,0.2,366.929002193485,0.0011975535596668,0.879267738644164,0.644086035278157,0.212783373253782
184.89,0.2,366.53302650749,0.000588384448896297,0.879278536627718,0.642757732480785,0.214956404849458
184.9,0.2,366.134851863961,0.00331140788995307,0.880007484715682,0.644747632825528,0.215903044979524
184.91,0.2,365.734509085491,0.00122549922522072,0.8809938905059,0.644960850291462,0.215775335673181
184.92,0.2,365.332029737398,0,0.877225177874442,0.645647354807392,0.213202184392465
184.93,0.2,364.927446122972,0,0.874346259238039,0.645608329262479,0.214775853292025
184.94,0.2,364.520791278478,0,0.87828790965,0.64636233203979,0.216118927405931
184.95,0.2,364.112098967905,0,0.87666544694036,0.648048803277656,0.21535639806145
184.96,0.2,363.701403677483,0,0.877475199367442,0.645416074883842,0.214151997933541
184.97,0.2,363.288740609929,0.000520359205216944,0.875852428298407,0.645613451533407,0.213702585802763
184.98,0.2,362.874145678454,0,0.876471442015435,0.64420116236693,0.215327721787342
184.99,0.2,362.457655500524,0,0.876380265043212,0.645499855107917,0.214957162244227
185,0,362.039307391357,0,0.875020074839353,0.644915458252145,0.215256788185939
185.01,0,361.619139357185,0,0.875181543875352,0.647415530925569,0.214702752419193
185.02,0,361.197190088243,0,0.875142620275029,0.647723709219941,0.217189915792407
185.03,0,360.773498951536,0,0.875427515259791,0.645355240531422,0.215046627636883
185.04,0,360.348105983316,0,0.872313078199899,0.644090493086303,0.213992456760187
185.05,0,359.921051881341,0,0.873901166243127,0.646798949755866,0.214210468800223
185.06,0,359.492377996863,0.0023684038419513,0.872729564246505,0.6450524521495,0.217204384732613
185.07,0,359.062126326364,0.00031243968787668,0.872989895009389,0.646721393019132,0.213648397710685
185.08,0,358.630339503041,0.000203887968366407,0.872816943527253,0.647702559961041,0.212993073178462
185.09,0,358.197060788047,0.00235680655738421,0.871508628530491,0.644085112147711,0.215975156249002
185.1,0,357.762334061458,0.00122675177425264,0.871026252467963,0.646498805203401,0.216790426494151
185.11,0,357.326203813008,0,0.870104249580042,0.647982110720207,0.213356355637727
185.12,0,356.888715132562,0.00150679373154293,0.86912878977436,0.648575028040761,0.216247055115007
185.13,0,356.449913700335,0,0.871221942484976,0.647571298539197,0.214806221836516
185.14,0,356.009845776859,0.000135073472747424,0.869666036626161,0.647213689238657,0.217344624376307
185.15,0,355.568558192707,0.00203685980744745,0.868161658279952,0.647166564439171,0.215071190508522
185.16,0,355.126098337951,0,0.867461596270724,0.646288087979897,0.216287006500195
185.17,0,354.682514151376,0.00202931621812834,0.866545527721604,0.645584229836512,0.2161918107005
185.18,0,354.237854109456,0,0.869044402133498,0.647803497638943,0.21563045158538
185.19,0,353.792167215051,0.000559569037139456,0.865186802485508,0.647475419044847,0.217440129928737
185.2,0,353.345502985882,0,0.867498488106932,0.648547025409255,0.213220304091796
185.21,0,352.897911442755,0,0.867462506541117,0.649218569706551,0.213949697076896
185.22,0,352.449443097517,0,0.864403857680047,0.649184783923353,0.217010857702203
185.23,0,352.000148940789,0,0.86524102974863,0.649924261767287,0.21547101146086
185.24,0,351.550080429445,0,0.86567185520932,0.645076623296539,0.213740688300389
185.25,0,351.099289473853,0,0.860329952203371,0.650583193731453,0.214836284626005
185.26,0,350.647828424858,0,0.865160870998975,0.64895926945477,0.215007568894852
185.27,0,350.195750060548,0.000395323099936702,0.865466845425697,0.648733459723554,0.214633213049097
185.28,0,349.743107572764,0.000826310420223956,0.863151002693411,0.648472505181706,0.214180614395949
185.29,0,349.289954553378,0,0.86167015081944,0.647957574777306,0.214723932255427
185.3,0,348.836344980335,0.000215802260078832,0.859744404770982,0.650764496399265,0.21477652791881
185.31,0,348.382333203476,0,0.860754922234369,0.649493502864919,0.215935554020073
185.32,0,347.927973930096,0.000130764895950687,0.864272536646096,0.649208529881795,0.213806663847418
185.33,0,347.473322210313,0.00194618891307178,0.860869645378588,0.647671633862259,0.214434898431131
185.34,0,347.018433422189,0,0.859721607221443,0.650099844432718,0.21594956909889
185.35,0,346.563363256625,0,0.859504531713183,0.648184524421375,0.21443599688435
185.36,0,346.108167702052,8.81536424184222e-05,0.861127578174131,0.648498264423226,0.213742343390059
185.37,0,345.65290302889,0,0.859989140626035,0.649855824275737,0.215747794062121
185.38,0,345.197625773799,0.000600226182467214,0.860029448509787,0.650399490763026,0.213514657729717
185.39,0,344.742392723711,0,0.858307978277477,0.650178966349889,0.214573920627526
185.4,0,344.287260899675,0.000797311176481227,0.857086428622352,0.65235531144816,0.213908368849482
185.41,0,343.832287540468,0.000311947021698709,0.856559696798732,0.651924636006184,0.216989885481386
185.42,0,343.377530086026,0,0.856292498752971,0.650153538790638,0.216555082937555
185.43,0,342.923046160682,0,0.854627092940086,0.649099253477877,0.213915479227733
185.44,0,342.468893556191,0,0.8574357146071,0.655562353749488,0.214613845168527
185.45,0,342.015130214588,0,0.857149610977229,0.652057747119196,0.212855004939765
185.46,0,341.561814210852,0.000770836096702863,0.855834190294031,0.650444076918847,0.216491461705898
185.47,0,341.109003735394,0.00218281221388853,0.854165863409283,0.652461357538269,0.215692050297104
185.48,0,340.656757076371,0.00050781570139246,0.853011608729604,0.650874320011077,0.213477119764122
185.49,0,340.205132601833,0.000331441293213668,0.85378368481124,0.650790044350601,0.213270317040574
185.5,0,339.754188741705,0,0.855499729078882,0.649231796709518,0.21442915495609
185.51,0,339.303983969615,0,0.85098099211019,0.655232801089932,0.214929884201785
185.52,0,338.854576784559,0.000709044437277718,0.853107014359828,0.650251861944616,0.215105196588103
185.53,0,338.406025692441,0.00237091853224934,0.850223414782071,0.651166056552949,0.211870779194583
185.54,0,337.95838918745,0,0.853021278670401,0.650403476206091,0.213309573360459
185.55,0,337.511725733318,0,0.853014378828055,0.652378424035438,0.215560342785831
185.56,0,337.066093744452,0,0.85191999538147,0.653626925158921,0.216896457942248
185.57,0,336.621551566933,0,0.85338418092158,0.652511997854222,0.214952250793196
185.58,0,336.178157459418,0.000637377031565573,0.849159870325837,0.650797566355098,0.213756999066744
185.59,0,335.735969573925,0.00178963213779389,0.850193814385437,0.655068592858399,0.212954163974846
185.6,0,335.295045936526,0.00152010441146983,0.849086187680169,0.652181692832266,0.211367686845252
185.61,0,334.855444427944,0.00121511009561784,0.850221477517778,0.65576836239722,0.215198475050403
185.62,0,334.417222764075,0.0011673990112228,0.851880441599905,0.65233575907831,0.214298777137812
185.63,0,333.980438476424,0.00277007597388166,0.849137350078624,0.654892319644389,0.214661415922759
185.64,0,333.545148892488,0.000635192834150747,0.847732642452615,0.653757822809563,0.212878955867224
185.65,0,333.111411116069,0,0.848475663258936,0.654030000669121,0.217076076749811
185.66,0,332.67928200755,7.94160718098262e-05,0.847440392498042,0.654517382119904,0.212647523662926
185.67,0,332.248818164112,0,0.846959403708579,0.653025180866299,0.213358333964907
185.68,0,331.82007589995,0,0.844643022831342,0.653193030754785,0.214629078873958
185.69,0,331.39311122643,0,0.846047574496586,0.65257434949102,0.214888125918197
185.7,0,330.967979832265,0.00160130200851763,0.847216065028217,0.65551953412238,0.212427472740229
185.71,0,330.544737063678,0,0.847171426854207,0.653332331961731,0.215366078859851
185.72,0,330.123437904562,0,0.847632721847579,0.656092877461625,0.213507292041686
185.73,0,329.704136956673,0,0.845516805711761,0.655643580377939,0.211240944131944
185.74,0,329.286888419843,0.00180276720512465,0.845528726720706,0.654981735059479,0.21446220006109
185.75,0,328.871746072236,0,0.842783223607827,0.654129906164209,0.214099879138424
185.76,0,328.458763250643,0.00191359963068019,0.843590186239368,0.655056440069725,0.21660257117854
185.77,0,328.047992830847,0.000843817767651411,0.842652029054819,0.652940454392032,0.216381890874856
185.78,0,327.63948720806,0.000726567599648361,0.842301493695548,0.652900387441924,0.212279646476988
185.79,0,327.233298277429,0,0.843297656055652,0.656167104439867,0.214422855030773
185.8,0,326.829477414647,0,0.842956671779274,0.654518171423302,0.216532698521425
185.81,0,326.428075456665,0,0.840032463392762,0.65490217073996,0.211951362835763
185.82,0,326.029142682521,0,0.839529745934432,0.657058401919034,0.215516445168081
185.83,0,325.632728794284,0,0.839429614147355,0.655987856855304,0.213749332264249
185.84,0,325.238882898169,0.00291276354414746,0.839403773082464,0.654556483530829,0.214771338206886
185.85,0,324.847653485759,0.0022065757301507,0.840230773851559,0.654723803634047,0.215933378513709
185.86,0,324.45908841543,0,0.841576781354508,0.658177962222962,0.215571739968712
185.87,0,324.073234893927,0.000762237331127603,0.841260628628835,0.656944059965793,0.214858752960578
185.88,0,323.690139458137,0.00227043922298567,0.838955762805208,0.656061927165599,0.215297245747185
185.89,0,323.309847957053,0.00101606300690092,0.836599438198182,0.655073519220615,0.215560204239935
185.9,0,322.932405533967,0,0.841109395269595,0.65503056177355,0.215768522248891
185.91,0,322.55785660886,0.00111568677487409,0.836331996639588,0.656772860764466,0.216124042878707
185.92,0,322.186244861049,0,0.836194859499589,0.653785887545133,0.21513337338644
185.93,0,321.817613212077,0,0.838388083076136,0.656370377191846,0.217790576698574
185.94,0,321.452003808858,0.00049008269851255,0.835592855302742,0.65673466941133,0.214797269279027
185.95,0,321.089458007096,0.000561411419257632,0.833409832278295,0.654523363971799,0.216646169437042
185.96,0,320.730016354992,0,0.836095506638474,0.657020722718399,0.214550475802179
185.97,0,320.373718577246,0,0.833883901061155,0.654002785378528,0.215136365211363
185.98,0,320.020603559365,0.000283652100647854,0.837664235633013,0.656805424652086,0.214729967487219
185.99,0,319.670709332291,0.000388190013993963,0.834317201805015,0.656754691390378,0.2159064934862
186,0,319.324073057373,0.00015699343953198,0.83134099389132,0.655457182576568,0.215551930642536
186.01,0,318.980731011663,0,0.834440273325867,0.657589188762969,0.217536953881228
186.02,0,318.640718573584,0,0.832225296175036,0.654563213901421,0.214841211953079
186.03,0,318.304070208962,0,0.834179924773261,0.65532656373157,0.213831870980568
186.04,0,317.970819457432,0.0013485318711149,0.833548556750128,0.658194325420274,0.215769705718864
186.05,0,317.640998919233,0,0.831752093135868,0.65586290205043,0.21529245287042
186.06,0,317.314640242419,0.000284046975080221,0.832298378750218,0.65578005717028,0.213777758785276
186.07,0,316.991774110456,0,0.830856655235475,0.657795509078428,0.218886856568643
186.08,0,316.672430230268,0,0.830347323515352,0.655696682140105,0.213889647562518
186.09,0,316.356637320695,0,0.82922449827049,0.654839260421634,0.216355175257154
186.1,0,316.044423101407,0.000355043371856289,0.830382573246636,0.655586475492884,0.216134591421191
186.11,0,315.73581428226,0.00329623002831463,0.830461353053537,0.657021194016953,0.216402814943646
186.12,0,315.430836553131,0,0.831331878790022,0.655864158695166,0.217663886317978
186.13,0,315.1295145742,0.000439282193095674,0.830097591282619,0.658090414261231,0.213085664174548
186.14,0,314.831871966737,0.0012053361697132,0.83041031797897,0.654837143904462,0.212813892169941
186.15,0,314.537931304367,7.46558905218199e-05,0.830412518023487,0.657136009559648,0.213124163334979
186.16,0,314.247714104828,0,0.831220469836594,0.654730419970649,0.215798740411664
186.17,0,313.961240822247,0.00219558650472891,0.82930266328191,0.655694785317757,0.215594357754813
186.18,0,313.678530839919,0,0.828190756030928,0.656639258653782,0.214001821890557
186.19,0,313.399602463618,0.000783032079238318,0.828314970060904,0.65277302336301,0.216134205579971
186.2,0,313.12447291542,0,0.827532805737415,0.657582699434245,0.217425568746973
186.21,0,312.853158328079,0,0.828394097662055,0.656025365066967,0.213620027900958
186.22,0,312.585673739929,0.000282193719373036,0.827980858017793,0.659278717909103,0.213648204448577
186.23,0,312.322033090343,0,0.827505563138262,0.655595524614164,0.214918295012954
186.24,0,312.06224921573,0,0.828869279847056,0.655256158845012,0.216392659021094
186.25,0,311.806333846112,0,0.82550299010416,0.655259111563782,0.21428883500396
186.26,0,311.554297602237,0,0.8223730933211,0.657305246068898,0.214329607309711
186.27,0,311.306149993269,0.000347275226327903,0.827003068332977,0.657394191346016,0.215965171328286
186.28,0,311.061899415057,0,0.825486639699295,0.654399541362071,0.215326897622884
186.29,0,310.821553148951,0.000876118630013169,0.824317374239774,0.651332583254228,0.213008637199114
186.3,0,310.585117361221,0,0.822926007023178,0.655281483380913,0.214612775219641
186.31,0,310.352597103029,0,0.827175280311157,0.657358315396218,0.215205212631844
186.32,0,310.123996310998,0.000143151801508482,0.824826399660814,0.657817769566912,0.214583660315361
186.33,0,309.899317808345,0.00111670702227338,0.821875836570072,0.654261730111554,0.211715806970753
186.34,0,309.678563306612,0.000650536876128495,0.822673435054699,0.654773017765174,0.212473699204472
186.35,0,309.461733407962,0,0.822677739539799,0.656717428887631,0.213189542868915
186.36,0,309.248827608062,0,0.821019263304014,0.655995070692294,0.214178229342641
186.37,0,309.039844299554,0.00065322819237514,0.825281734788111,0.654590527125455,0.212933273401373
186.38,0,308.834780776087,0.00051250978751767,0.824075702424146,0.656745119828362,0.21577501642948
186.39,0,308.633633236945,0,0.824034647618461,0.656330095765627,0.214105492086689
186.4,0,308.436396792239,0,0.821501299778523,0.656329267821289,0.215864080385125
186.41,0,308.243065468669,0,0.821532324266609,0.655791120536846,0.21549671114012
186.42,0,308.053632215867,0,0.821377719274416,0.656987835523261,0.214127136703098
186.43,0,307.868088913296,0,0.821833354551893,0.652985153174831,0.214054645141353
186.44,0,307.686426377708,0,0.819353054699554,0.654982467012714,0.213396431224741
186.45,0,307.508634371172,0.000890480428855992,0.821374333562433,0.654768801117865,0.21438659082529
186.46,0,307.334701609639,0.000819505746303931,0.81976314621936,0.65364051745812,0.216805167465544
186.47,0,307.164615772061,0.00161003926167965,0.820105225517865,0.654705149577648,0.215505079114051
186.48,0,306.998363510052,0.000327310705805972,0.818757995361577,0.654431140278219,0.215609660328794
186.49,0,306.835930458074,0.00127685816281364,0.82036268169895,0.654539835217056,0.216756332403881
186.5,0,306.677301244163,0.00263535086104355,0.817306089353815,0.654436520621373,0.213023384501774
186.51,0,306.522459501161,0.000979331001666855,0.819303810614617,0.652673753063449,0.218168422426436
186.52,0,306.371387878472,0,0.816902369786003,0.651301750255516,0.21381231567535
186.53,0,306.22406805431,0.000260891775141662,0.816385796612908,0.653957835291634,0.212937704285297
186.54,0,306.080480748459,0,0.817871255608867,0.653200014456071,0.21782455999612
186.55,0,305.940605735496,0,0.821776256593616,0.654618770907425,0.215447928579201
186.56,0,305.80442185852,0.000799097253460628,0.816128318219492,0.654599477725522,0.214894979835133
186.57,0,305.671907043319,0,0.81918477502348,0.655839602805101,0.213051306839404
186.58,0,305.543038313022,0,0.817649146904561,0.653386177587638,0.213336716226205
186.59,0,305.417791803174,0.000171589876998776,0.819021074798527,0.65307536793974,0.213052991446467
186.6,0,305.296142777268,0.00127728486632693,0.816123433549845,0.650839522320026,0.216010348318424
186.61,0,305.178065642688,0.000981528958717554,0.816205292618556,0.653102290905409,0.215559874973188
186.62,0,305.06353396708,0,0.814705287473356,0.652648691049589,0.214068965228818
186.63,0,304.952520495108,0,0.815668336853627,0.652805033676592,0.215786124173002
186.64,0,304.844997165619,0,0.816031018734788,0.651926631671773,0.212433945664688
186.65,0,304.740935129181,0,0.816964513227963,0.651424593933721,0.213996222547148
186.66,0,304.640304765981,0,0.815671565398299,0.6536269346746,0.21581293446479
186.67,0,304.543075704087,0,0.815393983570085,0.655118386916304,0.215728424090437
186.68,0,304.44921683805,0.00156295888987444,0.815850308558447,0.652799861899036,0.21295684959992
186.69,0,304.358696347829,0,0.816218897870338,0.655209944422131,0.21471108414489
186.7,0,304.271481718035,0,0.813252382221867,0.655470448696175,0.215636939053098
186.71,0,304.187539757485,0.0016898950817227,0.814514779385159,0.653002682151671,0.211367698830816
186.72,0,304.10683661903,0,0.815352903383045,0.654059656812107,0.214862685613284
186.73,0,304.029337819675,0.000502862431546275,0.816167846462035,0.652770360836204,0.213143209745866
186.74,0,303.955008260949,0,0.81352423024751,0.653744394991578,0.216415844239102
186.75,0,303.883812249529,0.000256127793274119,0.813390482037212,0.652876149498945,0.215462695737691
186.76,0,303.815713518102,0.000431648507438691,0.813226349630702,0.652867733026745,0.214434547857332
186.77,0,303.750675246437,0.000233663250625957,0.812095780767476,0.651309953183465,0.216173516171649
186.78,0,303.688660082679,0.000832764476106229,0.809916852358637,0.652331088682243,0.214901535365556
186.79,0,303.629630164822,0.000148883559975692,0.815164004020542,0.651597819987519,0.214743010849959
186.8,0,303.573547142374,0.00134095389223026,0.814130583823736,0.651948878938088,0.214903052571977
186.81,0,303.520372198175,0.00188824660865988,0.812595331475416,0.649965773992143,0.217520715940935
186.82,0,303.47006607038,0,0.813023445560269,0.649963998733933,0.214447960819875
186.83,0,303.422589074567,0.00143227011017783,0.814365132002594,0.649171712446084,0.214809039338685
186.84,0,303.377901125979,2.03555501873807e-05,0.812592186231434,0.651985762201762,0.215542113810238
186.85,0,303.33596176187,0.000548583575002719,0.811801217452554,0.650337876043743,0.214951461614879
186.86,0,303.296730163949,0,0.810794907935437,0.648965052753873,0.212577591762726
186.87,0,303.26016518091,0.000145636412035358,0.812096399203802,0.652847471625491,0.215558163529603
186.88,0,303.226225351026,0,0.810246538843286,0.651367369086938,0.217585522959039
186.89,0,303.194868924802,0,0.811734942320064,0.650887020976347,0.216483718736019
186.9,0,303.166053887672,0,0.810155414102019,0.647969997810145,0.215429358482286
186.91,0,303.139737982721,0,0.810684011558614,0.650705371716522,0.214245733559097
186.92,0,303.115878733429,0,0.809983963037276,0.650774513379868,0.217070758058368
186.93,0,303.094433466412,0.000689268685471105,0.80944329850774,0.649795315796689,0.21747586957582
186.94,0,303.075359334159,0.00197944478986128,0.809360738430115,0.650437699648149,0.21402697072608
186.95,0,303.058613337745,0.00199361455039134,0.809839819136895,0.650175254809871,0.212893773893377
186.96,0,303.04415234951,0,0.809025196640232,0.64776400416806,0.21684164402076
186.97,0,303.031933135692,0,0.810608794989335,0.650011867016794,0.215229733859018
186.98,0,303.021912378997,0.000313335830464375,0.809319889521145,0.64866202384047,0.215803113322202
186.99,0,303.014046701107,0,0.809249715641489,0.649873765027948,0.215857041762952
187,0,303.0082926851,0.00139012800051325,0.809591057686263,0.648363981073349,0.216164003582632
187.01,0,303.004606897773,0.00167844837718731,0.810717265562108,0.648785602867646,0.21702800660989
187.02,0,303.002945911873,0,0.811090499978739,0.648867566692789,0.216579506427997
187.03,0,303.003266328195,0,0.810184854418317,0.650644947479494,0.213116390687971
187.04,0,303.005524797569,0,0.809850999916735,0.650250148669828,0.213108362139705
187.05,0,303.009678042701,0.000822056677820369,0.808254543918284,0.647157893076087,0.216742677033217
187.06,0,303.015682879866,0,0.808573018880805,0.64855809797375,0.216050239815227
187.07,0,303.023496240449,0,0.808766773442141,0.648492443279438,0.214253157967683
187.08,0,303.033075192315,0,0.808840814741959,0.648219604792195,0.2160368688845
187.09,0,303.044376961002,0,0.808372818650565,0.648113713014097,0.21342651669206
187.1,0,303.057358950725,0,0.807797158556583,0.648765998894867,0.213509186341602
187.11,0,303.071978765191,0.000439633235175001,0.807190185799906,0.649298441284805,0.21525227596663
187.12,0,303.088194228204,0,0.810606285753419,0.646248720046177,0.212764121101475
187.13,0,303.105963404056,0.000483430320278453,0.805110377230578,0.646855641562868,0.214210064939845
187.14,0,303.125244617702,0,0.807050117669517,0.646380030314675,0.215470406546079
187.15,0,303.145996474697,0.000403670595551462,0.807137834297206,0.649561836749892,0.216191150543866
187.16,0,303.168177880905,0,0.807274104848082,0.645049966052693,0.212725762158978
187.17,0,303.191748061951,0.00304103572560564,0.810961166291642,0.646494240976886,0.217435922331258
187.18,0,303.216666582431,0,0.805986048446911,0.645942547794874,0.212895471357217
187.19,0,303.242893364856,0.00260587262166964,0.806946916613797,0.646670631412447,0.214099490433514
187.2,0,303.270388708327,0.000313900684312141,0.80696590827929,0.645921167713316,0.215655126844932
187.21,0,303.299113306944,0,0.806487928899575,0.647977043733633,0.216348307104744
187.22,0,303.329028267923,0,0.809507715379331,0.646323175495961,0.215764045604299
187.23,0,303.360095129438,0,0.807173890463474,0.646691464665277,0.216860112683099
187.24,0,303.392275878163,0.00027531642157362,0.807420496275838,0.644986199685792,0.216114709988411
187.25,0,303.425532966518,6.72081022679957e-05,0.806948809064221,0.646374134299909,0.215239231960256
187.26,0,303.459829329611,0.00139328638933735,0.806726903272426,0.645763551545248,0.21463539520663
187.27,0,303.495128401867,0.00031022506833223,0.807530634503496,0.645827016403737,0.216576239641702
187.28,0,303.53139413335,0,0.807094572670259,0.645868538553028,0.215604721155396
187.29,0,303.568591005756,0.000107515166930365,0.808265014778631,0.645370806895751,0.214919284403299
187.3,0,303.60668404809,0,0.808200172883389,0.646607633064395,0.213927189006867
187.31,0,303.645638852007,0.00191535056748686,0.807797413384546,0.64609364143786,0.212165260318279
187.32,0,303.685421586825,0.000269838204961871,0.806816424088326,0.643362697010174,0.216301181910768
187.33,0,303.725999014202,0.000817555812235218,0.80730300617467,0.64255439253385,0.212205203403065
187.34,0,303.767338502461,0,0.806616528664013,0.645443457420187,0.215599775513227
187.35,0,303.809408040583,0.00230670024815775,0.806157354657814,0.644620612687177,0.215371283964828
187.36,0,303.852176251847,0.000743043361698166,0.808709740219363,0.644584536809295,0.216992695240987
187.37,0,303.895612407111,0,0.807427612068503,0.643298600527232,0.216740792435269
187.38,0,303.93968643775,0,0.809796576374756,0.6435754415159,0.214462725377908
187.39,0,303.984368948226,0.000839023150370057,0.808743799768824,0.645637792018018,0.21629244017863
187.4,0,304.029631228299,0,0.809018217423042,0.645048755234302,0.215170035338926
187.41,0,304.07544526488,0.000950000309122171,0.80325546723271,0.645720296442808,0.215860277577919
187.42,0,304.121783753509,0.00104475020677977,0.807217393962806,0.644188830081241,0.215507597097523
187.43,0,304.168620109469,0,0.806536286076566,0.644161749181973,0.216655453195183
187.44,0,304.215928478528,0.00187320792539383,0.806034067056515,0.645290705427208,0.214973621864841
187.45,0,304.263683747312,0.00120803455747865,0.807811722089271,0.64470267258596,0.214780033053848
187.46,0,304.31186155329,0.00206980858358128,0.807286932527057,0.642101200707707,0.214199306908529
187.47,0,304.360438294398,0,0.8037420905081,0.643852871697961,0.215045761640698
187.48,0,304.409391138276,0,0.807618029446294,0.643933915243446,0.216853297215888
187.49,0,304.458698031122,0,0.80816161469761,0.643502057598697,0.212619612243365
187.5,0,304.50833770617,0,0.806706739861423,0.643841611054438,0.215460820279717
187.51,0,304.558289691785,0.00151685129186961,0.803472662710113,0.643732372926132,0.214195961952924
187.52,0,304.608534319169,0,0.806709282890944,0.644758984133004,0.215374627637653
187.53,0,304.659052729682,0.000870897099744102,0.808159388766199,0.64614560749331,0.215775797836175
187.54,0,304.709826881782,0,0.804775855942223,0.644273923238892,0.216173088524627
187.55,0,304.760839557576,0,0.804424350413465,0.642709542689805,0.214488706088129
187.56,0,304.812074368975,1.12743126135553e-05,0.807577010967797,0.645483079965307,0.217099451649894
187.57,0,304.86351576347,0,0.807075426218618,0.644443186771597,0.212188013296294
187.58,0,304.915149029515,0,0.809465927503025,0.641473987501689,0.21460950852162
187.59,0,304.966960301521,0.00122218275529473,0.803280421472012,0.642845403631455,0.214005166405448
187.6,0,305.018936564455,0.000410600273669407,0.80646945851989,0.642179968298431,0.214238694272204
187.61,0,305.071065658055,0.000371218383196727,0.804109892215521,0.645287427453008,0.215206134406878
187.62,0,305.123336280649,0,0.804281614862237,0.644466367820332,0.214850506847783
187.63,0,305.175737992587,0,0.807640952415385,0.645422712562969,0.21548996556896
187.64,0,305.228261219278,0,0.80285929421411,0.643739047139589,0.216992185318024
187.65,0,305.28089725384,0,0.806583028661982,0.643673162007419,0.217202874012552
187.66,0,305.333638259353,0,0.806094430980277,0.640000701798726,0.213128569573576
187.67,0,305.386477270726,0,0.80964694320296,0.648329233398101,0.212149656156194
187.68,0,305.439408196174,0,0.805858080889964,0.6425012618659,0.215028900191773
187.69,0,305.4924258183,0.00142428716092084,0.804915647282198,0.644496742841257,0.216003566485505
187.7,0,305.54552579479,0.000433479683955771,0.806043921529315,0.643290340111108,0.214954620037673
187.71,0,305.598704658717,0,0.806109371814247,0.642892081362409,0.214458849811334
187.72,0,305.65195981846,0.000454428866227432,0.808690333440105,0.641502621099397,0.215296560625108
187.73,0,305.705289557226,0,0.808794717856479,0.642761240717049,0.216328665415654
187.74,0,305.758693032195,0,0.809845099953025,0.641509567992065,0.210615349279936
187.75,0,305.812170273267,0.00174782039619755,0.806798155217149,0.643547178516767,0.213249601747828
187.76,0,305.865722181431,0.00217085534238367,0.806065963738384,0.643745850074448,0.212743440561763
187.77,0,305.919350526746,0,0.80865921554651,0.643073943781228,0.213515720236565
187.78,0,305.973057945933,0,0.807775925047402,0.642960016419008,0.214392409148921
187.79,0,306.026847939592,0,0.80810118657609,0.642101999808768,0.21639285665692
187.8,0,306.080724869029,0.00109492732428213,0.806874305298493,0.64432467076109,0.214765446462297
187.81,0,306.134693952704,0.00198996958626535,0.806398653181274,0.645130442928113,0.215743184016186
187.82,0,306.1887612623,0.000867208590232893,0.806443096999148,0.643608231690345,0.215202863453931
187.83,0,306.242933718414,0,0.807759295725563,0.643240333587084,0.215733265012386
187.84,0,306.297219085867,0.000623725650813099,0.806555533995607,0.645075911523422,0.215922334143421
187.85,0,306.35162596864,0.000111589142021603,0.806903713913047,0.644477582564223,0.215036760340566
187.86,0,306.406163804437,0.000283935017033994,0.806203370100116,0.644416474116336,0.215712912786817
187.87,0,306.460842858872,0.00224987953531679,0.80861794264107,0.644455556533006,0.212227768250218
187.88,0,306.515674219286,0,0.810533565170496,0.643017860505429,0.213351890848052
187.89,0,306.570669788197,0,0.811765472979079,0.644226285312517,0.214652456665493
187.9,0,306.625842276377,0.00035891162460945,0.80882152452063,0.642254340387503,0.21575812985781
187.91,0,306.681205195568,0,0.808292691684365,0.644026575715247,0.21554512730959
187.92,0,306.736772850835,0.002404044166545,0.807510577563406,0.647074894690579,0.214868584231741
187.93,0,306.79256033255,0,0.80866825604523,0.64401967830539,0.216598150718787
187.94,0,306.848583508027,0.000242413796938077,0.807809502460611,0.642379920727206,0.216753212909879
187.95,0,306.904859012791,0.00274790198348862,0.808544307361906,0.643387952365887,0.21301595301724
187.96,0,306.961404241499,0,0.808307394198581,0.646863370102323,0.218073100236587
187.97,0,307.018237338505,0.000486116038588763,0.811143702806073,0.641529102212998,0.216952989151733
187.98,0,307.075377188076,0.000301644365184325,0.806784651896538,0.643729831491018,0.21449993729403
187.99,0,307.132843404263,0.00149047259007394,0.808400727439389,0.644273842387095,0.216333474496433
188,0,307.190656320426,0,0.809109718724558,0.6423316366991,0.213165601321201
188.01,0,307.248836978421,0.000466851679811457,0.809656995714374,0.646093013407088,0.217867528902249
188.02,0,307.307407117446,0.00239940622610213,0.810450390589737,0.646485087436082,0.213922873352963
188.03,0,307.36638916255,0,0.81038714032939,0.644914782131511,0.215419834976654
188.04,0,307.425806212821,0,0.811912514287648,0.645676120903504,0.216134250162789
188.05,0,307.485682029236,0.000649992999495633,0.812650259041401,0.644257860738618,0.217277390286437
188.06,0,307.546041022188,0,0.809257567206108,0.644948775138678,0.217265343377591
188.07,0,307.606908238696,0,0.808732808556822,0.644377733152607,0.214004282519946
188.08,0,307.668309349298,0,0.811804052826137,0.643220281940641,0.215800710347139
188.09,0,307.730270634629,0,0.812868924836796,0.647194975868009,0.214061379714964
188.1,0,307.792818971689,0,0.80878557845952,0.64512234232243,0.2153444287646
188.11,0,307.855981819812,0.00254149535852558,0.812880038437693,0.644285962290319,0.215034279549333
188.12,0,307.919787206331,0.00179091641950938,0.812310558128428,0.644092091163826,0.210427744497869
188.13,0,307.984263711948,0,0.812658184414728,0.644602226947918,0.216410449842804
188.14,0,308.049440455812,0.000248528832436917,0.813048872623776,0.646536361743917,0.213275611325557
188.15,0,308.115347080319,0,0.812963509784208,0.645030832642418,0.216560155078532
188.16,0,308.18201373562,0.00195342523051829,0.81229484331322,0.645991026131423,0.216931667384665
188.17,0,308.249471063863,0.000893721436885257,0.812674094448985,0.647368369160753,0.21505280960885
188.18,0,308.317750183157,0,0.811543098706571,0.646914232333161,0.217520522190072
188.19,0,308.386882671282,0,0.81256109890282,0.645365183595805,0.214239486736615
188.2,0,308.456900549127,0,0.813211548729703,0.647813889811542,0.215035050953609
188.21,0,308.527836263887,0,0.815036318617689,0.647529712292011,0.212463646032861
188.22,0,308.599722672007,0.00249713888099274,0.812586468399503,0.648299721867797,0.217178539293229
188.23,0,308.672593021883,0,0.812130809773467,0.647351117919348,0.215620819789735
188.24,0,308.74648093634,0,0.81450704542532,0.651142185323109,0.2157705229361
188.25,0,308.821420394867,0,0.811306552731769,0.648939446943581,0.215982202516027
188.26,0,308.897445715646,0,0.811917018486518,0.646854951872635,0.21631428180933
188.27,0,308.974591537353,0.00119549484120712,0.814940874222458,0.646598451897817,0.214483578540714
188.28,0,309.052892800768,2.09893584160549e-05,0.811831119504798,0.644298615740391,0.213418713078326
188.29,0,309.13238473017,0.000176015112075143,0.816170189453011,0.64655273952738,0.213442409815399
188.3,0,309.213102814553,0,0.814896440531331,0.645655135624027,0.215333728111897
188.31,0,309.295082788647,0,0.814067668053463,0.645698787936649,0.212836092958765
188.32,0,309.378360613775,0,0.81599565495843,0.646543943748895,0.21510505335694
188.33,0,309.462972458527,0.000195326340242777,0.819807595651604,0.648196043965162,0.214588055089909
188.34,0,309.548954679288,0.000718814288236276,0.815610313500668,0.649431840623409,0.214386851155236
188.35,0,309.636343800603,0,0.814236100478777,0.65066307925422,0.214999597737003
188.36,0,309.725176495409,0,0.815099076222594,0.647755153733953,0.214186999921765
188.37,0,309.815489565123,0.000393269140872845,0.816390074286905,0.64834483716143,0.217283668207666
188.38,0,309.907319919613,0.00208394867055604,0.81778948571698,0.650410728362417,0.218435546862136
188.39,0,310.000704557048,0,0.814884256760581,0.64823438605616,0.215854279238184
188.4,0,310.09568054364,0,0.815454068159436,0.649950623449024,0.214807040536039
188.41,0,310.192284993294,0,0.814736183395064,0.650574265505604,0.215185963196652
188.42,0,310.290555047164,0.000601177369089115,0.817511627541468,0.64963345520783,0.215860760777097
188.43,0,310.390527853135,0.000235415069826487,0.819735438576624,0.649530308916527,0.215190232925782
188.44,0,310.492240545233,0,0.816945457431433,0.648840630246391,0.216293025163191
188.45,0,310.595730222982,0.0003574239982439,0.818449871267798,0.649086718336224,0.21324099606725
188.46,0,310.701033930703,0,0.816951274154696,0.649232247438866,0.217036388665979
188.47,0,310.808188636793,0,0.818870866319086,0.649350837876955,0.214133544817766
188.48,0,310.917231212955,0,0.819170809638924,0.648606809544452,0.215515603697125
188.49,0,311.028198413427,0.00263068384539084,0.818299801195397,0.652267603226412,0.213441680030671
188.5,0,311.1411268542,0.000498392773927902,0.819616714642333,0.652298023372545,0.21444791123054
188.51,0,311.256052992238,0.00213250930350998,0.818033288492363,0.651778010923604,0.212321791639588
188.52,0,311.373013104722,0.000128392134730285,0.818641585720171,0.648324185543736,0.216680785155038
188.53,0,311.492043268311,0,0.818569522393523,0.648696363659773,0.214667381227949
188.54,0,311.613179338446,0.000553138744342138,0.822465121510784,0.650126780655583,0.217505538091829
188.55,0,311.736456928707,0.000386378523750582,0.822096796461567,0.652553202590115,0.214349007230418
188.56,0,311.86191139022,0,0.821545647182817,0.649929212863181,0.215353789809497
188.57,0,311.989577791149,0,0.821517686390483,0.651394666769483,0.214480109016289
188.58,0,312.119490896259,0,0.821518898115496,0.649589539299804,0.214679250609428
188.59,0,312.251685146582,0.00269375808040647,0.819563552301125,0.650435722432485,0.213427055065156
188.6,0,312.386194639188,0,0.818724948280741,0.65073143119601,0.213979152493146
188.61,0,312.523053107069,0.00152880760139502,0.82128014738829,0.652398748467744,0.214032242609214
188.62,0,312.662293899159,0.000123800950103887,0.825056232266068,0.651055694396555,0.216202806084666
188.63,0,312.803949960492,0.000585311236161459,0.823757234298724,0.651025488964236,0.214128288901217
188.64,0,312.94805381251,0,0.824024971081535,0.653488293678446,0.213634520372604
188.65,0,313.09463753354,0,0.824701631535098,0.651903289361387,0.214529959695059
188.66,0,313.243732739446,0.000791073800276611,0.823448575702696,0.650690137210884,0.213285014741227
188.67,0,313.395370564465,0.00315265908787845,0.825413610084807,0.651583268233265,0.218667298719681
188.68,0,313.549581642241,0.000447853052463389,0.824793186534459,0.653005607850309,0.214411835531618
188.69,0,313.706396087078,0,0.822504084948331,0.652428053745977,0.215507307570567
188.7,0,313.865843475406,0,0.823509914433538,0.653743156935467,0.215386030517321
188.71,0,314.027952827478,0,0.825765103339484,0.650996938829376,0.215517479211943
188.72,0,314.192752589323,0,0.823969417487302,0.651451811623378,0.214547421261003
188.73,0,314.360270614942,0.00201825816884639,0.825563788859969,0.652767340706977,0.213515084010913
188.74,0,314.530534148774,0.000633104115978989,0.825150062050618,0.654475791258026,0.217695980630749
188.75,0,314.703569808442,0.00120651203222854,0.826542404860486,0.653921170493575,0.213905788371493
188.76,0,314.879403567787,0.00299752056124827,0.825939907226019,0.652688298287901,0.21548850493097
188.77,0,315.05806074019,0.000853493405605362,0.825900889874646,0.653235058357557,0.214079710391047
188.78,0,315.23956596222,0.000834637695581361,0.826878299046518,0.654179844579766,0.214418272246849
188.79,0,315.423943177586,0,0.82749156072659,0.65284256969813,0.217705723372597
188.8,0,315.611215621427,0,0.827154637328435,0.653909100527205,0.214730655802918
188.81,0,315.801405804935,0.000212538164840621,0.827539269293569,0.654311465765883,0.213010098574261
188.82,0,315.994535500332,0,0.827919420174384,0.655825584448318,0.215325276190198
188.83,0,316.190625726206,0.000990779255259077,0.829663611140315,0.651774096047208,0.212805916040824
188.84,0,316.389696733203,0.00104660695854006,0.831054526404459,0.653414710065323,0.215772608529932
188.85,0,316.591767990113,0,0.829914183067435,0.653976186031794,0.217458878082224
188.86,0,316.796858170325,0.00143870131667342,0.830868184766938,0.654051462732278,0.214532926172847
188.87,0,317.004985138689,0.000369180060238547,0.829540861395377,0.653375565477317,0.214528492425171
188.88,0,317.216165938769,0,0.830179088833959,0.656152586071738,0.216901416304666
188.89,0,317.430416780513,0,0.831478859109543,0.655348468388105,0.213694891803365
188.9,0,317.647753028336,0.000215162592841517,0.829661727117112,0.652338250352681,0.213526297709915
188.91,0,317.868189189635,0.000619545341555352,0.831287420993642,0.65824066985885,0.213240939767904
188.92,0,318.091738903727,0.000500335344150352,0.831186047600544,0.657646855570347,0.215166740702531
188.93,0,318.318414931231,0,0.834013848139636,0.654453058035922,0.216269270237383
188.94,0,318.548229143894,0.000675648725738284,0.830630802077749,0.654466588085481,0.215402620467984
188.95,0,318.781192514872,0.00211882416515927,0.833153519002184,0.655323793187046,0.215961373119903
188.96,0,319.017315109459,0.000521985693467786,0.834688446241219,0.655938172316449,0.213037417602423
188.97,0,319.256606076289,0.00164898626349868,0.835686525916121,0.659155051317912,0.214901897900234
188.98,0,319.499073639002,0,0.836409073183928,0.656628804619748,0.214682455702078
188.99,0,319.744725088376,0.00119693222200337,0.833510588494596,0.656817320801297,0.215313687073432
189,0,319.993566774944,0.00319964131267348,0.833684986514463,0.654798870938427,0.215759970127839
189.01,0,320.245604102088,0,0.83630662411597,0.657687305525577,0.214736419633417
189.02,0,320.500841519624,0,0.836983032081892,0.655217398031983,0.215576500325252
189.03,0,320.759282517859,0,0.837618523147721,0.653256658832365,0.213304336577818
189.04,0,321.020929622156,0,0.837638220550831,0.657251879973301,0.215011399090957
189.05,0,321.28578438798,0.00107977475643332,0.83712715136821,0.655866636303417,0.216000773834474
189.06,0,321.553847396449,0.0015034197766946,0.83957840264504,0.655869096500447,0.214719128599362
189.07,0,321.825118250371,0,0.837158319036692,0.65748087732768,0.213550433113698
189.08,0,322.099595570788,0.000785688642931029,0.836550699579843,0.654843662502888,0.215336778192186
189.09,0,322.377276994014,0,0.84061171426897,0.656345278920194,0.216501531942221
189.1,0,322.658159169181,0.000805778102166909,0.836217680289703,0.65702604370466,0.212871264244299
189.11,0,322.942237756272,0,0.837148009887563,0.655225410708106,0.214049643423463
189.12,0,323.229507424664,0.000906969996718515,0.839637490647508,0.658108483887371,0.214853627135803
189.13,0,323.51996185217,0.000212717940568861,0.843100570788938,0.658047422274461,0.215416355737157
189.14,0,323.813593724573,0.00160124947006523,0.839846918254484,0.655901377695632,0.213312318017802
189.15,0,324.110394735666,0,0.841006268141034,0.656524020851899,0.214759293882175
189.16,0,324.410355587775,0.00147468590533723,0.839042341443537,0.655093742073035,0.218053832035948
189.17,0,324.713465992797,0.000249882613206519,0.84072017953364,0.656599218002812,0.215472246448657
189.18,0,325.019714673697,0.00123747508691151,0.842138284338794,0.657359889057366,0.213898052924589
189.19,0,325.329089366529,5.33838222707615e-05,0.841627043528901,0.658014354502058,0.212575522167222
189.2,0,325.641576822913,0.000731764144867631,0.841223624063719,0.656138368076593,0.215747629034606
189.21,0,325.957162813009,0.000658096618215689,0.841461697444112,0.657473196273763,0.215470313551787
189.22,0,326.275832128969,0,0.844695029922182,0.657596565056191,0.212839499706636
189.23,0,326.597568588852,0,0.842796790396464,0.654020789872428,0.215255599073538
189.24,0,326.922355041023,0.000241637583475204,0.846132735243712,0.657591106875097,0.214108113695826
189.25,0,327.250173369,0,0.84616447885525,0.655238099929981,0.215056651281621
189.26,0,327.581004496778,0.000554230964290085,0.845370240619429,0.656856417645861,0.21535422840333
189.27,0,327.91482839459,0.000681284887942336,0.843619119214268,0.655565460049634,0.215233340169728
189.28,0,328.251624085129,0.000175261816802227,0.844723216250959,0.655370454493036,0.215177944550449
189.29,0,328.591369650205,0,0.84702218509467,0.656946214690601,0.216354936098811
189.3,0,328.934042237841,0,0.846478713092661,0.65495076997736,0.212769097694331
189.31,0,329.279618069795,0,0.847170984211766,0.658194968275238,0.21560070961279
189.32,0,329.628072449509,0,0.848572606126352,0.6561177954778,0.216194457242674
189.33,0,329.979379770472,0,0.84817238839016,0.658727960804711,0.213709537810458
189.34,0,330.33351352498,0,0.845264327093259,0.656648060910127,0.217882724953907
189.35,0,330.690446313324,0,0.847693161029722,0.656713853825377,0.212595263932482
189.36,0,331.050149853334,0,0.848334190539835,0.658304224292741,0.215698636685758
189.37,0,331.412594990341,0.0027819349669683,0.846716113590211,0.656605958763249,0.213767245987846
189.38,0,331.777751707491,0.00327876696507299,0.847115414908948,0.655676659721047,0.21644606106886
189.39,0,332.145589136444,0,0.847563559171749,0.655486091772308,0.216494238353179
189.4,0,332.516075568419,0,0.851608619619848,0.658014434903574,0.214654598774989
189.41,0,332.889178465603,0,0.850215556397621,0.656696785714012,0.215495886341124
189.42,0,333.26486447289,0,0.852677770023033,0.655837270719779,0.215682472934693
189.43,0,333.643099429957,9.11556306417108e-05,0.849044327568457,0.657589039679058,0.21650024224727
189.44,0,334.02384838367,0.00115662780377571,0.851268256089657,0.658745960361162,0.216691616178816
189.45,0,334.407075600792,0.000588907375578883,0.849844088874427,0.655334575646788,0.213619621983139
189.46,0,334.79274458101,0.00063152774171264,0.850713209548044,0.656306125209479,0.21617240958733
189.47,0,335.180818070239,0.00223136605295145,0.85277275831432,0.658695469440368,0.216835519960736
189.48,0,335.571258074236,0.000957247081976725,0.851570412853195,0.657100436820085,0.215675600358601
189.49,0,335.964025872467,0,0.851445880354391,0.658150154308281,0.214945695629123
189.5,0,336.359082032253,0.00018887000228207,0.852348569326249,0.658566525594736,0.217207658276833
189.51,0,336.756386423171,0,0.854621889797959,0.65632995819307,0.214116519582172
189.52,0,337.155898231701,0.000249104499349903,0.855444479774634,0.656677498721226,0.214921050506333
189.53,0,337.557575976102,0,0.857153508983212,0.654742053039104,0.215403129269273
189.54,0,337.961377521534,0.00178299013612414,0.859648278171001,0.655216979061573,0.215321568669788
189.55,0,338.367260095376,0,0.852464911372341,0.655528848195709,0.2138925532611
189.56,0,338.775180302757,0,0.858359288724329,0.655920218590275,0.214677696831031
189.57,0,339.185094142298,0.000253875160311026,0.855468003281803,0.655794910995367,0.214172530346432
189.58,0,339.59695702202,0,0.86152366574621,0.658503728794568,0.216990065638729
189.59,0,340.010723775441,0,0.857387389694653,0.656462547614748,0.212778821737508
189.6,0,340.426348677841,0,0.85684657027683,0.65251622776897,0.21600658494778
189.61,0,340.843785462679,0,0.860229862195594,0.659412044216888,0.216313499486247
189.62,0,341.262987338155,0,0.858801449015547,0.652977326071758,0.215251018395822
189.63,0,341.683907003927,0,0.856136942506284,0.654633863723067,0.214204505077333
189.64,0,342.106496667931,0,0.857352035761035,0.655654200466654,0.214111287558674
189.65,0,342.530708063338,0.00139322511404065,0.857248621037799,0.653002250425588,0.216490216022688
189.66,0,342.956492465614,0.00207588490242794,0.861286017858717,0.654344107390566,0.214833049823462
189.67,0,343.383800709677,0.000239749303194235,0.862094029332723,0.653400165783221,0.213558751272953
189.68,0,343.812583207148,0.000932312903276296,0.860184443159662,0.656958745037645,0.215069620745349
189.69,0,344.24278996368,0,0.860247193218526,0.654160616103664,0.216253994002285
189.7,0,344.674370596365,0.00301315498241556,0.861999720795798,0.655280286041748,0.214819289389373
189.71,0,345.107274351184,0,0.861775704744596,0.654205370739968,0.21426865263083
189.72,0,345.541450120544,0,0.862543265331995,0.654278853081303,0.217614715506287
189.73,0,345.976846460822,0,0.862048515790536,0.65781700868186,0.214608033859788
189.74,0,346.41341160998,0,0.864419821274148,0.654936524087231,0.215854745225955
189.75,0,346.851093505173,0,0.864488699073071,0.65564667528512,0.217438630217305
189.76,0,347.289839800408,0.000320953526488457,0.864877721108718,0.654212511001554,0.212183296750932
189.77,0,347.729597884195,0,0.863030941788313,0.655142366496585,0.214099751677594
189.78,0,348.170314897196,0.00195301268651216,0.865110547730953,0.65262851675132,0.212498811871088
189.79,0,348.611937749891,0,0.866140581564619,0.653801849245582,0.21736554329209
189.8,0,349.054413140205,0.001824618241714,0.865028756011872,0.653318926451307,0.213163694419376
189.81,0,349.497687571131,0,0.869545025370087,0.653964194368506,0.21522870441494
189.82,0,349.941707368313,0.000692153396471041,0.866043897273441,0.651824438085867,0.214287689442233
189.83,0,350.386418697606,0,0.866141464360801,0.652736841098774,0.217342587410959
189.84,0,350.83176758257,0,0.869211421329356,0.652779771655256,0.214940158314897
189.85,0,351.277699921943,0,0.868161381025297,0.651981849160551,0.216020833212116
189.86,0,351.724161507033,0,0.86604180641086,0.651896642967322,0.213713921304094
189.87,0,352.17109803905,0.000991093800290148,0.869169328617835,0.652869254200463,0.217492875434351
189.88,0,352.618455146374,0,0.867793908538953,0.651272763428667,0.215866536364045
189.89,0,353.066178401745,0,0.871413033486299,0.65199275513454,0.213773118209128
189.9,0,353.514213339355,0.000184415642552578,0.870617810860119,0.652774310557484,0.214361687647232
189.91,0,353.962505471868,0.000317804548510463,0.870154654869063,0.652949621659718,0.214580503367593
189.92,0,354.411000307336,0.000361145933010605,0.87228040026462,0.652741090986902,0.212906674774419
189.93,0,354.859643366006,0.000678010823345206,0.870727851620606,0.651774589538105,0.216128029770021
189.94,0,355.308380197036,0,0.874360375493956,0.652701846226335,0.215138931416649
189.95,0,355.757156395078,0,0.873399378450328,0.649900690951802,0.215817332337156
189.96,0,356.205917616759,0.000202907983239877,0.873697711038231,0.651971172236146,0.214595409729064
189.97,0,356.654609597031,0,0.873292330391238,0.654301370415063,0.215624469105735
189.98,0,357.10317816539,0,0.873713058002042,0.653508839096911,0.213933015497792
189.99,0,357.551569261971,0.000742738423101781,0.874237397846234,0.650750133163675,0.21362596555026
190,0.2,357.999728953485,0.00150830129488293,0.874203733388074,0.646614358466692,0.213971112453258
190.01,0.2,358.447603449042,0,0.874658714400276,0.649586362608763,0.214124078537323
190.02,0.2,358.8951391158,0.000892991285185256,0.876370306366054,0.650620641663218,0.214838928446998
190.03,0.2,359.342282494472,0,0.875801711254782,0.65133799923905,0.214396560528584
190.04,0.2,359.788980314689,0,0.87519322134432,0.650699638110918,0.214842505190705
190.05,0.2,360.235179510185,0,0.87902394919582,0.649507517138521,0.214051776701001
190.06,0.2,360.680827233819,0,0.876994401331321,0.64957571023737,0.215921263060189
190.07,0.2,361.125870872456,0.0010485500418564,0.874998807817773,0.651452952095681,0.214812446450439
190.08,0.2,361.570258061639,0,0.879451054375297,0.651091042387268,0.21652324518626
190.09,0.2,362.013936700118,0.000559794334374532,0.883025081819937,0.648938186485335,0.213913942347496
190.1,0.2,362.456854964183,0.000444188025315188,0.875420876977091,0.646605845200491,0.213731792570209
190.11,0.2,362.89896132183,0.00176692089671244,0.878444557023182,0.650315532667876,0.214805338286937
190.12,0.2,363.340204546727,0.00108946473237657,0.880761773924419,0.649432288217116,0.217487282022618
190.13,0.2,363.780533732014,0.00102811420725197,0.88047448063574,0.649213904250279,0.215031259481989
190.14,0.2,364.219898303895,0,0.881761477222193,0.649451821097615,0.213874052983992
190.15,0.2,364.658248035049,0.000409109911442141,0.882763733252335,0.648800603787388,0.212738533065083
190.16,0.2,365.095533057844,0.000379181636621204,0.882611951481932,0.64929637596624,0.216011772021294
190.17,0.2,365.531703877358,0,0.877918882839185,0.649399375907476,0.212997487097173
190.18,0.2,365.966711384189,0.000301243079773511,0.882675961969012,0.646610857920727,0.216921308155804
190.19,0.2,366.40050686708,0.00275623635034227,0.884553252555242,0.649492327904015,0.216488347524541
190.2,0.2,366.833042025333,0.000824387601244251,0.887650283183969,0.649903589316637,0.214883066414982
190.21,0.2,367.264268981012,0.0011116888292723,0.887045857432637,0.648581262888028,0.215933277754753
190.22,0.2,367.694140290954,0.000648012314852122,0.887090853860088,0.650408911889158,0.21545530784669
190.23,0.2,368.122608958555,0,0.884727616012087,0.649192944878987,0.215318792956527
190.24,0.2,368.549628445359,0.000713278333813696,0.885369902357618,0.645458924036802,0.214763018804049
190.25,0.2,368.975152682424,0,0.886667222779266,0.646203518196475,0.213288234463365
190.26,0.2,369.399136081488,0,0.887750969222633,0.649207258576369,0.215703766179282
190.27,0.2,369.821533545909,0,0.888369995322515,0.646225000768176,0.21632042384545
190.28,0.2,370.242300481387,0.001251638135915,0.88808847322221,0.64901688350631,0.215595929586706
190.29,0.2,370.661392806485,0.000201172023839113,0.887355900652336,0.64636822593255,0.215358138162343
190.3,0.2,371.078766962916,0.000498696304986173,0.884269113180426,0.647063971872041,0.21591180575999
190.31,0.2,371.494379925616,0.00141435732915227,0.887909931744335,0.64899701348148,0.215188753351113
190.32,0.2,371.908189212597,0.000224054631684637,0.887959087074153,0.647941109513084,0.216666342514305
190.33,0.2,372.320152894584,0,0.887160974421807,0.645823031409541,0.213740073944603
190.34,0.2,372.730229604416,0.00365702294664591,0.886249412803451,0.646255377830081,0.214623191611708
190.35,0.2,373.138378546243,0,0.890924159241474,0.646886582473553,0.21464061730979
190.36,0.2,373.544559504484,0,0.890770778629337,0.645562231795798,0.213534144374382
190.37,0.2,373.948732852568,0,0.892097714399429,0.645413148109482,0.214462963035248
190.38,0.2,374.350859561451,0,0.890308471407925,0.646576173243231,0.216303466024004
190.39,0.2,374.750901207908,0,0.889620806457432,0.644962187270116,0.215948981654427
190.4,0.2,375.148819982594,0.000261394923116887,0.891221884514819,0.647149668526234,0.215054134874427
190.41,0.2,375.544578697887,0,0.892141394488537,0.644643073325308,0.214223364911285
190.42,0.2,375.938140795503,0.00182452618302135,0.893403669092998,0.644921836095824,0.21805759404932
190.43,0.2,376.329470353877,1.08207262118617e-05,0.893939974934217,0.644465544217338,0.213790391469727
190.44,0.2,376.718532095328,0.00133141058695881,0.892506203712185,0.646212986639799,0.216101891355048
190.45,0.2,377.105291392993,0,0.895916069979927,0.644211422861133,0.214885248332841
190.46,0.2,377.489714277529,0,0.893990855284767,0.643833453755819,0.215734770665018
190.47,0.2,377.871767443597,0.00145968492385646,0.897645829751208,0.645099119550469,0.217589627193884
190.48,0.2,378.251418256113,0.000966108424688186,0.894225066675922,0.644163563902819,0.214698966580836
190.49,0.2,378.628634756275,0.00326345555438561,0.897017867101662,0.645016645371378,0.215695068779061
190.5,0.2,379.003385667353,0,0.894289962760064,0.646440130577582,0.216384381549567
190.51,0.2,379.375640400273,0.00308531303937371,0.896872950716162,0.644597937509302,0.21573541740279
190.52,0.2,379.745369058952,0,0.896881526616444,0.647020672901882,0.218060211283189
190.53,0.2,380.112542445417,0.00170646425479069,0.898166602140265,0.644128458476797,0.214702361481021
190.54,0.2,380.477132064696,0.000164374006593621,0.898243169056036,0.646094381702855,0.218113100634223
190.55,0.2,380.839110129487,0.000424407968140264,0.900220791156871,0.639711520035645,0.214901202353506
190.56,0.2,381.198449564584,0.00210796066458011,0.898192033947767,0.646213702237173,0.215875601409047
190.57,0.2,381.555124011105,0.000690826593344202,0.89744974775348,0.643622982949332,0.216713910151332
190.58,0.2,381.909107830464,0,0.900606582633386,0.64581558666784,0.213985780925625
190.59,0.2,382.260376108139,0.000311912343934142,0.900987716293138,0.645347386121256,0.215728900888535
190.6,0.2,382.608904657204,0,0.902816578555038,0.645718923252068,0.215726087544709
190.61,0.2,382.954670021646,0.00135866761922948,0.899678272318676,0.644489781284737,0.215636142460139
190.62,0.2,383.297649479442,0,0.899128314971982,0.642925724995694,0.213364160656491
190.63,0.2,383.637821045428,0,0.902813181600381,0.644055132334944,0.215397567607347
190.64,0.2,383.97516347394,0,0.901658966052937,0.642546698727577,0.214643253038822
190.65,0.2,384.309656261218,0,0.904577035325958,0.644258572351714,0.214514306430384
190.66,0.2,384.641279647614,0,0.90671631186008,0.645351475011752,0.216664887305012
190.67,0.2,384.97001461955,0,0.904101208511324,0.64273532799693,0.214748859598227
190.68,0.2,385.295842911274,0,0.902468872897265,0.642800482632213,0.216891426704397
190.69,0.2,385.618747006384,0,0.905181053437093,0.644678890346806,0.215180103579759
190.7,0.2,385.938710139142,0.00254282068706616,0.905893356126583,0.645095198794285,0.215349398001631
190.71,0.2,386.255716295545,0,0.903117774253817,0.640846222399202,0.213353590351855
190.72,0.2,386.569750214213,0.00261712608364035,0.908207038213601,0.644693227401658,0.215954731268404
190.73,0.2,386.880797387022,0,0.90808700753637,0.643146909028865,0.214603722566253
190.74,0.2,387.188844059536,0,0.905259805913759,0.643298253439169,0.21547514755133
190.75,0.2,387.493877231226,0.000361003299729047,0.905750111536337,0.641691743666062,0.213598870267911
190.76,0.2,387.795884655457,0,0.906561148548734,0.642640061086899,0.218043981222422
190.77,0.2,388.094854839272,0.00177379578040373,0.905708475327774,0.644050998597497,0.219178951256594
190.78,0.2,388.390777042947,0,0.905079119600931,0.644766597751519,0.21502129941969
190.79,0.2,388.68364127935,0,0.908636455348055,0.639479177278221,0.214874818515988
190.8,0.2,388.973438313063,0.00174665020691778,0.909922010474267,0.645237874271548,0.215997129879314
190.81,0.2,389.260159659305,0.000899297488826926,0.908294402128708,0.644158277941921,0.213635095596865
190.82,0.2,389.543797582639,0.00146550435263464,0.907848068046258,0.642399002634184,0.214660946954989
190.83,0.2,389.824345095468,0,0.909949123375684,0.643386843386336,0.215543019055345
190.84,0.2,390.101795956309,0,0.911092917187252,0.643818781308493,0.214547010792104
190.85,0.2,390.376144667875,0,0.909254357333721,0.645089037481551,0.21341518156666
190.86,0.2,390.647386474934,0,0.910280158282466,0.642312403481712,0.215210052849684
190.87,0.2,390.915517361953,0.000610828969604179,0.911187200455699,0.644794955913365,0.215499316536391
190.88,0.2,391.180534050557,0.00300517637399899,0.910284333461445,0.645882215623276,0.213123879580014
190.89,0.2,391.442433996756,0,0.912274343358718,0.641161130145388,0.215400149099163
190.9,0.2,391.70121538798,0,0.913017029438545,0.643720352617907,0.21400941158294
190.91,0.2,391.956877139902,0.000707135035778624,0.91416087053954,0.643953002469414,0.214203677173187
190.92,0.2,392.209418893065,0.00144721601318418,0.915776903061353,0.644499980857573,0.214836524347504
190.93,0.2,392.458841009288,0.000361120121331811,0.91180472380416,0.642509067625195,0.212710882784917
190.94,0.2,392.705144567892,0,0.914577273053132,0.645092268785767,0.217110912403675
190.95,0.2,392.948331361709,0.00026118589880654,0.911290877822989,0.643498177607953,0.214085308713998
190.96,0.2,393.188403892888,0,0.913666664185856,0.645086284563025,0.216723953436643
190.97,0.2,393.425365368519,0,0.913081455639571,0.642718800960736,0.214216494106315
190.98,0.2,393.659219696038,0,0.913666089456943,0.641661009850664,0.214158695174673
190.99,0.2,393.88997147845,0.00150015658982994,0.911719350362371,0.644782012065473,0.215529904933659
191,0.2,394.117626009343,0.000949267210524978,0.915164287962607,0.640989272875309,0.211968952465788
191.01,0.2,394.342189267721,0,0.916877972250819,0.643815957344712,0.214397577793053
191.02,0.2,394.563667912631,0.000855346058204386,0.913486540980632,0.642607152820734,0.214721047602808
191.03,0.2,394.782069277603,0.00126368998482148,0.917644982528608,0.644083130175163,0.211301135893024
191.04,0.2,394.997401364897,0.00131810636999514,0.916729216253922,0.642043982022505,0.217245969318582
191.05,0.2,395.209672839563,0,0.918035512663161,0.643793018123279,0.212514077671891
191.06,0.2,395.418893023305,0,0.920141288189068,0.642982722935844,0.214095654428487
191.07,0.2,395.625071888167,0,0.917552300650263,0.642679043041106,0.218168236912496
191.08,0.2,395.828220050026,0,0.917859235648923,0.642626921752038,0.215926720734686
191.09,0.2,396.028348761901,0.00242948325126841,0.919423260190346,0.647966243147228,0.217422889753126
191.1,0.2,396.225469907084,0.00246746250437482,0.919573609849148,0.645502458047222,0.215910525354482
191.11,0.2,396.419595992081,0.00114676463633217,0.919590703415618,0.645838864539895,0.217578970832389
191.12,0.2,396.610740139381,0,0.919347762064063,0.644322872667554,0.213001923934003
191.13,0.2,396.798916080041,0,0.920177856874589,0.643516300783496,0.215853849962921
191.14,0.2,396.984138146099,0.000315705741530986,0.920604685283155,0.64599720379957,0.214657765913488
191.15,0.2,397.166421262803,0,0.920360007115006,0.64624871283002,0.215263741565789
191.16,0.2,397.345780940679,0,0.922578264591214,0.64535999608489,0.21585753352182
191.17,0.2,397.522233267415,0,0.920550064193416,0.643083224046133,0.214891076201211
191.18,0.2,397.695794899582,0.00206040753108777,0.922865845849238,0.646999781371616,0.214048395269011
191.19,0.2,397.866483054188,0,0.91999623788475,0.644747887988328,0.215644661154525
191.2,0.2,398.034315500057,0,0.924550122529004,0.644204992021974,0.217449697143107
191.21,0.2,398.199310549054,0,0.922273655874993,0.64472402473571,0.213572211571155
191.22,0.2,398.361487047145,0.00088160857402086,0.92321999874555,0.645913276515221,0.2151191914211
191.23,0.2,398.520864365288,0.00145303760263978,0.921552192526748,0.6456507052021,0.216901145575823
191.24,0.2,398.677462390178,0.00157219285889357,0.925491620699311,0.643093313920086,0.21414054069871
191.25,0.2,398.831301514831,0,0.923753863274744,0.642901737672978,0.217053776892644
191.26,0.2,398.982402629009,0,0.923889579147987,0.647684635106872,0.213469457549431
191.27,0.2,399.130787109505,0.0012800799439907,0.92249485379394,0.645076284991069,0.212990613360562
191.28,0.2,399.276476810263,0.00056654472019253,0.923032994660703,0.646718855001461,0.214786919704028
191.29,0.2,399.41949405237,0.00037865986981743,0.923968862040764,0.647666422137923,0.214463203086516
191.3,0.2,399.559861613886,0.000658144007759708,0.923979679324779,0.644027697474331,0.215950022108399
191.31,0.2,399.697602719539,0,0.923877991461567,0.64578797097171,0.214487367845816
191.32,0.2,399.832741030286,0.00155089779418302,0.929146293796215,0.644589733430458,0.214402951298588
191.33,0.2,399.965300632729,0.00073885892083704,0.926732095744847,0.647760981123198,0.214357621896454
191.34,0.2,400.095306028397,0.0017575563752498,0.926005422929253,0.645754783064218,0.213304755136199
191.35,0.2,400.222782122903,0,0.925516174444411,0.642257152900868,0.214735714231395
191.36,0.2,400.347754214967,0.000491732629356531,0.926398529656438,0.64503708966453,0.214972248200907
191.37,0.2,400.470247985312,0,0.925296240433603,0.648677107227259,0.21482690870258
191.38,0.2,400.590289485444,0.00106232307384152,0.929814019311278,0.646086943660403,0.213172691398576
191.39,0.2,400.7079051263,0,0.928644127785041,0.646046388675414,0.216252216316931
191.4,0.2,400.823121666793,0.00165974631861489,0.927952008106479,0.647234471945556,0.215597014231092
191.41,0.2,400.935966202231,0.00077330020998955,0.929408652978149,0.650341079203577,0.213277954169439
191.42,0.2,401.046466152635,0.00214596254632792,0.931435924203101,0.647038151661193,0.215136453586282
191.43,0.2,401.15464925094,0.00150446104686845,0.929798925807448,0.646972481161171,0.213975956587968
191.44,0.2,401.2605435311,0.00405931043265463,0.929956179096577,0.647731508052064,0.215207328490046
191.45,0.2,401.364177316085,0,0.927500268541986,0.646290886105866,0.213581479342667
191.46,0.2,401.465579205786,0.000236759349225947,0.927728213111315,0.646157938527186,0.214069079625932
191.47,0.2,401.564778064824,2.90273969570999e-05,0.929198787631718,0.64843171608639,0.215467054840995
191.48,0.2,401.661803010268,0,0.932001927836361,0.648922497853186,0.21517009299224
191.49,0.2,401.756683399265,0,0.932203158878005,0.646804031148658,0.215010691912078
191.5,0.2,401.849448816588,0.000860866788486745,0.930881862531429,0.64685476596221,0.21659081017457
191.51,0.2,401.940129062107,0,0.930220888804078,0.647263588570183,0.216270250583942
191.52,0.2,402.028754138179,0,0.932180107126727,0.650301839379208,0.21211586591225
191.53,0.2,402.115354236972,0.00141641514664467,0.927584406872078,0.648296774564362,0.216767371393584
191.54,0.2,402.199959727714,0.0017996927002468,0.931126674956154,0.649027266714682,0.214504180209838
191.55,0.2,402.282601143885,0,0.932410031404768,0.648574227243988,0.212784475872825
191.56,0.2,402.363309170346,0,0.933256940927404,0.649281350863792,0.217780059859522
191.57,0.2,402.442114630411,0.000551307704335915,0.932937020534718,0.649332558267938,0.214405950469419
191.58,0.2,402.519048472872,0.00157056785080161,0.933200655674504,0.649390643597063,0.210919780819833
191.59,0.2,402.594141758968,0,0.93185527808631,0.649837188048839,0.213950729420723
191.6,0.2,402.667425649325,5.79102361530364e-05,0.933917930120886,0.651685670593306,0.215951053359926
191.61,0.2,402.738931390838,0,0.933286398705103,0.6501016318852,0.215105586084773
191.62,0.2,402.808690303541,0,0.935006442408301,0.64954783810996,0.214456873507788
191.63,0.2,402.876733767426,0.000736886283799675,0.935697889325548,0.650716894591378,0.213766622914352
191.64,0.2,402.943093209255,0.000316501282554649,0.934428560807352,0.651361418390722,0.213289790546459
191.65,0.2,403.007800089335,0,0.932606016453259,0.650391619777469,0.212462389791752
191.66,0.2,403.070885888292,0.000373009578317771,0.935416952020592,0.647856096873252,0.214156951840286
191.67,0.2,403.13238209382,0.000359298484296846,0.937211954799729,0.648285711752249,0.214478603713377
191.68,0.2,403.192320187436,0.00176682537830768,0.935862807094576,0.650164462575129,0.214372150103555
191.69,0.2,403.250731631222,0.000389917643357104,0.93444362630643,0.652021805727563,0.214923856789194
191.7,0.2,403.307647854579,0,0.932126072328095,0.649788852577956,0.217021194109038
191.71,0.2,403.363100240982,0.00170524450550251,0.93536007003648,0.653586926670472,0.216267528636018
191.72,0.2,403.417120114752,0.000675375674811746,0.933812852648984,0.649376902458928,0.213581206306458
191.73,0.2,403.469738727845,0.00229640548499113,0.936857663584445,0.648547180596996,0.214076677309867
191.74,0.2,403.520987246662,0,0.935886939801047,0.653670084789142,0.216487312034447
191.75,0.2,403.57089673889,0.000863306055971629,0.933838629300804,0.649944772591821,0.214468972013961
191.76,0.2,403.61949816037,0.000236028755904377,0.935149848670557,0.653505177789369,0.215939892879773
191.77,0.2,403.666822342013,0.000660675811365842,0.938266517732691,0.64973382070062,0.213200134939882
191.78,0.2,403.712899976747,0,0.936424514904016,0.65114347450679,0.212784512832119
191.79,0.2,403.757761606522,4.6133348806918e-05,0.936032899841668,0.651851942200656,0.21346461863473
191.8,0.2,403.801437609364,0.000434743568359854,0.936643815517728,0.651075604570186,0.213974729523304
191.81,0.2,403.843958186485,0.000638664044557032,0.939124486451111,0.65023978935293,0.216143789268317
191.82,0.2,403.885353349466,0.00136796980557066,0.937729988709496,0.65161993370513,0.2152883839885
191.83,0.2,403.925652907499,0,0.938070901514254,0.653476966966405,0.215317296072552
191.84,0.2,403.964886454709,0.000473501856959709,0.938753747188412,0.65405602090435,0.213663967594747
191.85,0.2,404.003083357555,0,0.937595325600027,0.652302368356501,0.21617250977503
191.86,0.2,404.040272742314,0,0.937947814515429,0.656424194612257,0.216705056879854
191.87,0.2,404.076483482657,0.000567604180822479,0.936690341800051,0.653797046195927,0.215453382373084
191.88,0.2,404.111744187321,3.73631726137692e-05,0.940024691260219,0.653198658030583,0.214463800863138
191.89,0.2,404.146083187878,0.000480193274632327,0.939978957610003,0.652806232527509,0.214572368988636
191.9,0.2,404.179528526615,0,0.936979546396771,0.652854303529514,0.216774650269611
191.91,0.2,404.212107944524,0.00303185147939241,0.939419303306266,0.652887701932945,0.214903291031931
191.92,0.2,404.243848869401,0.00165832169265826,0.939604874518961,0.653653383949492,0.212926249661461
191.93,0.2,404.274778404085,0,0.94013168427305,0.655171541943088,0.217218151726896
191.94,0.2,404.3049233148,0,0.939424472382361,0.653858204424143,0.212189339705216
191.95,0.2,404.334310019649,0,0.943207566608743,0.65469660233016,0.214323906789746
191.96,0.2,404.362964577236,0.00195378821895006,0.937737698331269,0.655140197757237,0.21716696329643
191.97,0.2,404.390912675433,3.24619989082599e-05,0.939239776807975,0.651527862526566,0.213914355514519
191.98,0.2,404.418179620293,0,0.938808693001091,0.653879589191724,0.214701056367866
191.99,0.2,404.444790325117,0.000479848911777167,0.93910216495454,0.657792341979335,0.213428359090844
192,0.2,404.470769299679,0.000718998404244578,0.939186078029383,0.653139046465642,0.21423442837448
192.01,0.2,404.496140639614,0,0.940733398602456,0.654854260685113,0.212791394700839
192.02,0.2,404.520928015972,0.00208495259637176,0.940270795139447,0.653600959561999,0.21677399579775
192.03,0.2,404.545154664946,0,0.93988203581116,0.652021900789316,0.214736087677507
192.04,0.2,404.568843377777,0.00249741869823499,0.940079369525292,0.652244590109371,0.214192109113451
192.05,0.2,404.592016490842,0,0.940921349196179,0.655163234820925,0.215414764180744
192.06,0.2,404.614695875925,0.00169460829988419,0.942178907307818,0.65453702126056,0.214971538290811
192.07,0.2,404.636902930688,0.00114026073524189,0.941459138174238,0.656410199493459,0.2141459424043
192.08,0.2,404.658658569331,6.18300770646038e-06,0.940684976735812,0.65592610913706,0.215611858186788
192.09,0.2,404.67998321345,0.000936593155401918,0.942071955064849,0.655540058271644,0.214905819510162
192.1,0.2,404.700896783113,0.000916744993171828,0.940640207250578,0.655734256748242,0.215292936016153
192.11,0.2,404.72141868813,0.00187546634203742,0.942415891810704,0.652120442925276,0.215264127778966
192.12,0.2,404.741567819549,0,0.942247447540752,0.654029765792559,0.215474191366488
192.13,0.2,404.761362541363,0,0.940804117683151,0.654647505195646,0.214000696169298
192.14,0.2,404.780820682441,0,0.943894622419517,0.656107351988514,0.215875206202262
192.15,0.2,404.799959528684,0.000736027410902028,0.939451139211448,0.655568908345956,0.217179394157749
192.16,0.2,404.818795815415,0.000254137049450478,0.94067845289918,0.655600494509195,0.21499205074676
192.17,0.2,404.837345719997,0.00101240993814318,0.944339858120845,0.654936515898206,0.214184147568763
192.18,0.2,404.855624854694,0,0.942631239989798,0.656217040744207,0.216262922781463
192.19,0.2,404.873648259765,0.00147346044272443,0.942380647175816,0.655605412003898,0.215762077528366
192.2,0.2,404.891430396814,0.00272966483679506,0.944243602865598,0.654990797473415,0.216752381123914
192.21,0.2,404.90898514238,0.000839244070342767,0.940898002447566,0.658216231327512,0.215232980336235
192.22,0.2,404.926325781775,0,0.94333652377811,0.65491686848877,0.213978521137186
192.23,0.2,404.943465003187,0.00160540258450557,0.943222840219867,0.654522153134379,0.215300910084569
192.24,0.2,404.960414892033,0.00100101400529246,0.939807139988119,0.655832060864445,0.213620120261238
192.25,0.2,404.977186925572,0.00161017337179321,0.942371335110783,0.65621111416764,0.214763628116026
192.26,0.2,404.993791967781,4.3446422516093e-05,0.943766837429641,0.656546149889479,0.216097934039438
192.27,0.2,405.010240264503,0.000115577230679683,0.943132245794603,0.656589167349114,0.215166245697659
192.28,0.2,405.026541438854,0.000380827461951151,0.942292035406379,0.655493972785929,0.217435083932332
192.29,0.2,405.042704486905,0.00100108792821757,0.942809885598303,0.656385320854344,0.213503142954885
192.3,0.2,405.058737773638,0.00196035034001424,0.944452484329945,0.656359289017886,0.214234532998244
192.31,0.2,405.074649029173,0,0.943278057153985,0.656308922849281,0.214805358791632
192.32,0.2,405.090445345274,0.000430833537984105,0.940382158527371,0.657188173771875,0.213947292282034
192.33,0.2,405.106133172133,0,0.94191654340072,0.658948591467257,0.217511730885419
192.34,0.2,405.121718315435,0.000416810960051518,0.943559487711368,0.657361802762171,0.215877137877353
192.35,0.2,405.137205933702,0,0.942547039531597,0.655665430714831,0.213139021583269
192.36,0.2,405.152600535925,0,0.942335178530116,0.654127363890947,0.214607848817688
192.37,0.2,405.167905979472,0,0.943925821401899,0.656403586440369,0.215510286931844
192.38,0.2,405.183125468293,0,0.94228541603334,0.659490612052559,0.214688098123356
192.39,0.2,405.198261551397,0.000727535540532358,0.943102617145433,0.657017365582661,0.217472508965623
192.4,0.2,405.213316121633,0,0.944138707710827,0.655859707368869,0.214685965285961
192.41,0.2,405.22829041474,0.00142297694241701,0.945051034577024,0.657606847108527,0.215195470113068
192.42,0.2,405.2431850087,0,0.94319203113691,0.65653583335106,0.214590473907378
192.43,0.2,405.257999823374,0.0033140804554888,0.941391396162614,0.656478260283132,0.214153823079884
192.44,0.2,405.272734120423,0,0.943904666105198,0.656378364867633,0.214073842092224
192.45,0.2,405.287386503523,0,0.945592524621131,0.65633469080628,0.212107524050232
192.46,0.2,405.301954918869,0.00031348958465521,0.945455580101725,0.654396276201924,0.215533733260622
192.47,0.2,405.316436655959,0,0.943070947798374,0.654203216246081,0.214359407097403
192.48,0.2,405.330828348676,0.00076474054141288,0.945397528834134,0.657239045581673,0.212770134913216
192.49,0.2,405.345125976653,0.00191091433374383,0.944469813888693,0.655988272228002,0.21349964626115
192.5,0.2,405.359324866918,0.000444545141984926,0.944706526495881,0.65763499156407,0.214230609869918
192.51,0.2,405.373419695837,0.00040247501506686,0.943562766075356,0.654452881617082,0.214257191598988
192.52,0.2,405.387404491329,0,0.942565142387936,0.656769011741197,0.213575095406473
192.53,0.2,405.401272635375,0,0.942265740265275,0.655268492779481,0.214056567277062
192.54,0.2,405.415016866799,0.00106676806705418,0.94643338255724,0.656035567545914,0.21198640086363
192.55,0.2,405.428629284337,0.00170556960103629,0.944715962678217,0.659027004137273,0.214441798549974
192.56,0.2,405.44210134998,0,0.94307070196545,0.652547473618186,0.215874975060058
192.57,0.2,405.455423892598,0,0.943767921141896,0.654202647381345,0.215292428208877
192.58,0.2,405.468587111832,0,0.945446747080077,0.657837052240262,0.216156658872701
192.59,0.2,405.481580582267,0.000276705571687728,0.943488004423178,0.656440003597331,0.217119794231991
192.6,0.2,405.494393257872,0,0.941620586649373,0.656329771911544,0.21664303698915
192.61,0.2,405.507013476706,0,0.944587255770829,0.654395210397897,0.21772962896368
192.62,0.2,405.519428965896,0,0.943690275908717,0.655955101091479,0.214560079023178
192.63,0.2,405.53162684687,0.0018812384685332,0.944112077759549,0.65680965342102,0.214385643210062
192.64,0.2,405.54359364086,0,0.944259545779503,0.656024383587003,0.215882568065872
192.65,0.2,405.555315274653,0,0.941411435996887,0.657063997488838,0.21591685091476
192.66,0.2,405.566777086605,0,0.942400442285411,0.654394268024683,0.215819559514744
192.67,0.2,405.577963832902,0,0.944727179855035,0.657757625176703,0.216792153784585
192.68,0.2,405.588859694068,0,0.941718361813404,0.653813493794687,0.214010615688019
192.69,0.2,405.599448281722,2.272474234564e-05,0.94413074197624,0.653990684718398,0.212828763165581
192.7,0.2,405.609712645578,0,0.943758779348259,0.655310605713684,0.21383176180472
192.71,0.2,405.619635280674,0.00221146730518153,0.938192006889759,0.652467317337122,0.214896968596392
192.72,0.2,405.629198134841,0.000178186048659335,0.943107108249148,0.65554880692857,0.212220160182708
192.73,0.2,405.63838261641,0,0.943999574728058,0.656320432883449,0.214474790442273
192.74,0.2,405.647169602127,1.84623248813494e-05,0.941988667268032,0.654383977750255,0.214901506903583
192.75,0.2,405.65553944531,0.00020861914793529,0.943763094903861,0.654857696914974,0.215675431091062
192.76,0.2,405.663471984213,0,0.943962173060931,0.654511244315549,0.215118146081034
192.77,0.2,405.670946550608,0.0021129010536827,0.941613901364908,0.653967489591053,0.215919367114563
192.78,0.2,405.677941978574,0.00112577541539376,0.942994719941032,0.655218535443209,0.215223023670532
192.79,0.2,405.684436613498,0.000356386535352272,0.942479518465602,0.654019826824594,0.216571653344487
192.8,0.2,405.690408321272,0.000911945263298789,0.945049690636323,0.654106105750732,0.213409466955047
192.81,0.2,405.695834497688,0.00119830827808246,0.942128299310709,0.653964945506578,0.214732946176613
192.82,0.2,405.700692078027,0,0.943131091112429,0.653950754168136,0.214612479568621
192.83,0.2,405.704957546834,0,0.942251295418693,0.65282705852298,0.214836841190103
192.84,0.2,405.708606947875,0.0012004346584184,0.942303276341941,0.654356956628208,0.216270004795275
192.85,0.2,405.711615894278,0.00119230042549621,0.944486798497091,0.654648908151016,0.214458854472064
192.86,0.2,405.713959578837,0,0.942337940021904,0.653927212419426,0.214787610708192
192.87,0.2,405.715612784495,0,0.942883546399814,0.654376396583139,0.214603283563604
192.88,0.2,405.716549894985,0.000564151562307042,0.941945175514638,0.654634226584536,0.214790473876054
192.89,0.2,405.716744905632,0,0.944744736975314,0.654227998057623,0.213807172204212
192.9,0.2,405.716171434303,0.00119087510691019,0.944705225873629,0.651398070512959,0.215356434624058
192.91,0.2,405.714802732514,4.75737039022798e-05,0.941762596917602,0.654774585601296,0.214935857167148
192.92,0.2,405.712611696678,0.000311848746904178,0.940777630314809,0.651348227851636,0.213295837205903
192.93,0.2,405.709570879483,0,0.941946491085896,0.654538269378449,0.215167061522718
192.94,0.2,405.705652501416,0.000404277148180314,0.937474821045978,0.654852208323274,0.213247365800936
192.95,0.2,405.700828462406,0.00138414144821809,0.942702762163295,0.654336503722453,0.21582173643597
192.96,0.2,405.695070353594,0.00131829308953252,0.939367277527596,0.652642361431199,0.212934586016833
192.97,0.2,405.688349469218,0,0.939297399445041,0.651868628712074,0.21544913875976
192.98,0.2,405.680636818611,0,0.940451959311292,0.653025818544354,0.217530860798727
192.99,0.2,405.671903138311,0.000388718447048668,0.941260988848167,0.653265690690307,0.214685013318487
193,0.2,405.662118904261,0,0.940498858818355,0.652945417695146,0.214502722973022
193.01,0.2,405.65125434412,0,0.93707568729111,0.65237121148529,0.214038165368733
193.02,0.2,405.639279449656,0.000489699805004365,0.941705802245915,0.650299439112973,0.214957136580201
193.03,0.2,405.626163989227,0,0.938253536791823,0.653395088874833,0.212897146699405
193.04,0.2,405.61187752034,0,0.940268130845107,0.652802428594651,0.218668195577414
193.05,0.2,405.596389402299,0,0.938697332543573,0.652028690134261,0.213967515533535
193.06,0.2,405.579668808899,0.00163657906323768,0.938673724853138,0.651335072322847,0.213955073983993
193.07,0.2,405.561684741214,0.00074375090069619,0.937932663860833,0.653297406193251,0.215854358949005
193.08,0.2,405.542406040416,0.00235641408908244,0.941274007292998,0.652645955579901,0.214113517169219
193.09,0.2,405.521801400675,0,0.941238443378022,0.65067636764708,0.21611641293807
193.1,0.2,405.499839382089,0.000420933203629681,0.938623579169169,0.652202718198625,0.211808502964029
193.11,0.2,405.476488423667,0,0.939151325794209,0.649514156523359,0.214994123275103
193.12,0.2,405.451716856355,0.00150543365223016,0.938814885397477,0.650608863984228,0.215121182570705
193.13,0.2,405.425492916082,0,0.94174941880322,0.650388760714641,0.212770504544954
193.14,0.2,405.397784756855,0,0.938357409513772,0.652329690018719,0.21749181388112
193.15,0.2,405.368560463859,0,0.937998368424598,0.653918055114741,0.213413655769392
193.16,0.2,405.33778806659,0,0.93870497228001,0.650635016203567,0.217154434173283
193.17,0.2,405.305435551994,0.0015814269463687,0.934026752380273,0.6503231635818,0.215371787123818
193.18,0.2,405.271470877622,0,0.939044100662082,0.649992586137737,0.214303748512599
193.19,0.2,405.235861984781,0.00120370110054412,0.935147888598729,0.652578913050529,0.213721055090177
193.2,0.2,405.198576811692,0,0.937730079865158,0.650146884507791,0.212175837100473
193.21,0.2,405.159583306641,0,0.937623058560636,0.648382472767397,0.214717155078697
193.22,0.2,405.118849441117,0,0.937473360825225,0.648819387880285,0.215205768555919
193.23,0.2,405.076343222939,0,0.935604848901996,0.650795208335522,0.214101830687377
193.24,0.2,405.032032709365,0,0.936545311949831,0.651830963278905,0.21487138922064
193.25,0.2,404.985886020171,0.000233297542877292,0.934756659944033,0.648947110991581,0.21536886479874
193.26,0.2,404.937871350707,0.00168712092538726,0.934216096085927,0.651007172374396,0.216266551514034
193.27,0.2,404.887956984921,0.00211687645663764,0.934170463501556,0.649739061290372,0.217135091551094
193.28,0.2,404.836111308343,0,0.933834784651958,0.647039077522958,0.215350733430182
193.29,0.2,404.782302821028,0,0.936697087137275,0.649116968034716,0.212112305785113
193.3,0.2,404.726500150453,0,0.934936280203298,0.648319302937307,0.215194095158192
193.31,0.2,404.668672064366,0,0.933267485665278,0.649170089916871,0.217861830437034
193.32,0.2,404.608787483582,0.00203086423966835,0.936105593406433,0.646351816390587,0.213019780468867
193.33,0.2,404.546815494713,0,0.936163922826222,0.647611268087712,0.215098100408568
193.34,0.2,404.482725362848,0,0.933325500847503,0.647624814755752,0.214953425667003
193.35,0.2,404.416486544155,0.00157141889303253,0.935057864615417,0.649110692411047,0.213485507212873
193.36,0.2,404.348068698419,0,0.933660110497141,0.646734280789395,0.214685046284838
193.37,0.2,404.277441701506,0,0.93454611795326,0.646983021076299,0.214228498092062
193.38,0.2,404.204575657749,0.000267262421126614,0.933255225398181,0.648777902595017,0.217343184961886
193.39,0.2,404.129440912249,0,0.933235682315374,0.646814905086179,0.215223054955627
193.4,0.2,404.052008063095,0.000697652306357947,0.931964775415825,0.650153699353309,0.216101364796854
193.41,0.2,403.972247973493,0.000609256169329256,0.933310765073856,0.64827145382861,0.213714575926818
193.42,0.2,403.890131783804,0,0.932414130959617,0.648852815625293,0.215803962700454
193.43,0.2,403.805630923485,0,0.933325362369647,0.648031237345076,0.216344783753136
193.44,0.2,403.718717122931,0.000590731540553811,0.936496921990578,0.646152727210027,0.214160550044254
193.45,0.2,403.629362425216,0,0.932590273249444,0.646392376212842,0.214824768044131
193.46,0.2,403.537539197726,0.000582713390034534,0.929758862272669,0.646663306251902,0.21387393798112
193.47,0.2,403.443220143685,0.0035789057144821,0.930866397965303,0.644407265224613,0.214568349155104
193.48,0.2,403.346378313567,0,0.930051777637418,0.648888985383456,0.215008318124037
193.49,0.2,403.246987116395,0,0.93009112430554,0.646023175000046,0.215988283635978
193.5,0.2,403.145020330918,0.000564018256273591,0.930462714376875,0.647983762493426,0.214847310001276
193.51,0.2,403.040452116673,0,0.929057571672839,0.646047966683345,0.214922702639305
193.52,0.2,402.933257024915,0.00107167357327482,0.927612957269339,0.645879752796018,0.215336812781866
193.53,0.2,402.82341000943,0.00200582082870302,0.929800758495449,0.648455469673949,0.218103913861426
193.54,0.2,402.710886437206,4.58353204117177e-05,0.931854518457164,0.647257934971616,0.214600894676923
193.55,0.2,402.595662098983,0.00188874351458634,0.928351489591019,0.646736455520895,0.215264439530479
193.56,0.2,402.477713219664,0.000489590402429026,0.930974473222318,0.646160034514269,0.211946183531693
193.57,0.2,402.357016468583,0.000474152062692472,0.929539118812429,0.646477162649038,0.21602523865003
193.58,0.2,402.233548969643,0,0.929172252934466,0.646736719734863,0.213651196539377
193.59,0.2,402.107288311303,0.00179632802583836,0.930089435675329,0.645206126559016,0.216480324916245
193.6,0.2,401.978212556425,0,0.927370980811672,0.645208870881237,0.211869850440039
193.61,0.2,401.84630025197,0,0.929122591378928,0.644276837453255,0.214633770294532
193.62,0.2,401.711530438549,0,0.927912437453493,0.647732873349089,0.214485946824001
193.63,0.2,401.573882659815,0.0022699392304976,0.926839514641858,0.644355942356648,0.215710754603525
193.64,0.2,401.43333697171,0,0.926691289751452,0.644641541103932,0.21650889531058
193.65,0.2,401.28987395155,0.00307950610610656,0.924621840239084,0.643400024156985,0.213647403787283
193.66,0.2,401.143474706954,0,0.925553276929322,0.640977529787237,0.21586996082031
193.67,0.2,400.994120884606,0.000647577371961718,0.926536359418836,0.645003257593173,0.212471884310023
193.68,0.2,400.841794678869,0.000148695860818262,0.926062026505631,0.6443040856034,0.214323422315603
193.69,0.2,400.686478840223,0.00110631111540544,0.926069611011369,0.645563806691908,0.216028095687628
193.7,0.2,400.528156683537,0,0.927032162185505,0.645818120771593,0.215771398112624
193.71,0.2,400.366812096184,0,0.923564422832729,0.641833580641744,0.214046004366104
193.72,0.2,400.202429545972,0,0.92251118970637,0.644205706675817,0.214417600965531
193.73,0.2,400.034994088916,0.00154534756544002,0.92359968772305,0.645812527388802,0.215015895936409
193.74,0.2,399.864491376827,0.00117513169744959,0.923813725123551,0.640633543554037,0.216098403465702
193.75,0.2,399.690907664738,0.00175024203526564,0.924630876256216,0.643670746914116,0.214195554322882
193.76,0.2,399.514229818139,0,0.9222045878438,0.642947432494212,0.214206897350331
193.77,0.2,399.334445320047,0,0.923241285905471,0.64303005339474,0.21595050800779
193.78,0.2,399.151542277893,0,0.921260685319975,0.644205555781471,0.213764099132394
193.79,0.2,398.96550943022,0.000832404820280036,0.92067372657601,0.643537567833555,0.214713385284129
193.8,0.2,398.776336153214,0.000180459164570459,0.921688489949134,0.645086679225872,0.214995867451272
193.81,0.2,398.584012467039,0,0.920032363882444,0.642272734086971,0.217540172415162
193.82,0.2,398.388529041992,0,0.923803339833602,0.644970122162164,0.215857987335535
193.83,0.2,398.18987720447,0,0.921643004271779,0.643347648483862,0.21404694146624
193.84,0.2,397.988048942753,0,0.923023773247952,0.646366180178207,0.21520490045704
193.85,0.2,397.783036912592,0,0.921486865727106,0.644586501795356,0.215588869349482
193.86,0.2,397.574834442613,0,0.919119099943419,0.644659941351852,0.214788604364381
193.87,0.2,397.363435539528,0.0016694730682067,0.920606855069912,0.64557704357394,0.215183811595201
193.88,0.2,397.14883489315,0,0.915864367718586,0.643484552250208,0.217183229872511
193.89,0.2,396.931027881221,0,0.919046996053859,0.642972216544152,0.214878281990047
193.9,0.2,396.710010574039,0.00181075171266151,0.919858111805559,0.642479403667892,0.21486178342178
193.91,0.2,396.485779738893,0,0.920735917946295,0.643837827866579,0.215192307789573
193.92,0.2,396.258332844303,0.00071397862684368,0.918215913175948,0.64405103055879,0.216392166801279
193.93,0.2,396.027668064057,0.000630690804119388,0.916463143947968,0.643355827758778,0.216927708636324
193.94,0.2,395.793784281053,0,0.918959597688728,0.643315312240438,0.21465590072366
193.95,0.2,395.556681090942,0.000578250918596215,0.916088323852442,0.64353588927029,0.216148129749717
193.96,0.2,395.316358805567,0.00144359947688115,0.916653547728627,0.64451724282771,0.214298754234849
193.97,0.2,395.072818456205,0.00320574316157154,0.914051955282977,0.645271880186327,0.21599554640152
193.98,0.2,394.826061796603,0.00178620165901502,0.915081503909281,0.639285391876477,0.216239865804853
193.99,0.2,394.576091305814,0,0.915947233864118,0.64384164467772,0.21492246070587
194,0.2,394.322910190824,0,0.914601777980239,0.642593340759576,0.216652215606889
194.01,0.2,394.066522388982,0.00112667567290066,0.916691861129714,0.645278635915637,0.215468197847048
194.02,0.2,393.806932570214,0.00119716305763856,0.913368904366993,0.645178850914736,0.216466784975173
194.03,0.2,393.544146139046,0,0.91467910358397,0.645725517045221,0.213606897897399
194.04,0.2,393.278169236399,0,0.912809706312912,0.642885205323032,0.216859883992109
194.05,0.2,393.009008741196,6.58805932038459e-05,0.915371655283371,0.642956771332993,0.214787024449581
194.06,0.2,392.73667227175,0.00113688719517591,0.913456667250815,0.645020003128825,0.211974464057119
194.07,0.2,392.461168186944,0,0.91566750057236,0.641721395111949,0.214594306530748
194.08,0.2,392.182505587203,0.000762101272385585,0.912046589298127,0.642849664285995,0.213305431731294
194.09,0.2,391.900694315255,0.000960419737284811,0.912195439449873,0.644455339256308,0.215284688373105
194.1,0.2,391.615744956681,0,0.914189446806464,0.643620387222911,0.215432954899645
194.11,0.2,391.327668840247,0,0.910423881730995,0.644376470867107,0.214268528343648
194.12,0.2,391.036478038043,0.00100143458517449,0.908411307959193,0.644374200403787,0.214831769579845
194.13,0.2,390.74218536538,0,0.907599542899486,0.643076070575035,0.214689370282655
194.14,0.2,390.444804380497,0.000538658456060497,0.910098818160546,0.644301488797088,0.214305804585178
194.15,0.2,390.144349384051,0.00245164535220879,0.911371075271587,0.64249036975512,0.214900834083583
194.16,0.2,389.840835418375,0,0.909164771669039,0.644469136269157,0.216823499891808
194.17,0.2,389.534278266545,0,0.907806235102141,0.64435055660213,0.216249513870674
194.18,0.2,389.224694451217,0,0.910176902209939,0.642660981472985,0.215124062310378
194.19,0.2,388.912101233249,0.000508956037616283,0.908219377652679,0.641282206437633,0.215962808724275
194.2,0.2,388.59651661011,0,0.908454413176864,0.644092362133368,0.214968900911004
194.21,0.2,388.277959314075,0,0.909425765135863,0.646259677211053,0.21486193921391
194.22,0.2,387.956448810193,0.00044211182435215,0.908541140867868,0.643777889011311,0.213828299316748
194.23,0.2,387.63200529405,0.000595741443673368,0.9070987909494,0.6457259374089,0.21620374405331
194.24,0.2,387.304649689302,0.00103408909080744,0.908112770370147,0.645886418415923,0.214715926882616
194.25,0.2,386.974403645001,0.0012372089671415,0.909004385904296,0.642504590957035,0.216284036225613
194.26,0.2,386.641289532689,0,0.904288432989332,0.645127482769501,0.218619603139346
194.27,0.2,386.30533044329,0,0.907204415984054,0.644554809095488,0.214274523859035
194.28,0.2,385.966550183772,0,0.904500771237215,0.641767933461306,0.216267341960494
194.29,0.2,385.624973273584,0.00112869851228748,0.904244083884716,0.645389530742951,0.214500513238707
194.3,0.2,385.28062494089,0.00174952019195536,0.906049818590984,0.646793527487178,0.2150747870527
194.31,0.2,384.933531118572,0,0.904166708783916,0.644817309054878,0.214472720332371
194.32,0.2,384.583718440015,0.00157385407229681,0.902955841129782,0.641352085487295,0.214181250742501
194.33,0.2,384.231214234666,0,0.904334811830023,0.64765555347148,0.216326049988941
194.34,0.2,383.876046523394,0,0.905610696359727,0.644414198437569,0.215331835473609
194.35,0.2,383.518244013598,0,0.90264186950831,0.646268766864726,0.214062639925635
194.36,0.2,383.157836094122,0.000642007435328769,0.901781515941809,0.643516035746195,0.213624803598044
194.37,0.2,382.794852829939,0,0.900997880503001,0.643243440441414,0.216497133617995
194.38,0.2,382.429324956608,0.000146282756931112,0.900289738889301,0.644805393076607,0.215080918626959
194.39,0.2,382.061283874524,0,0.90369616851728,0.646698149134643,0.214584980246691
194.4,0.2,381.690761642939,0.000522594554584565,0.898017915379737,0.646846463479537,0.214799460733334
194.41,0.2,381.317790973766,0.0024360662256523,0.899218857347194,0.645401127403969,0.211979030977744
194.42,0.2,380.942405225158,0.000891629209501659,0.899336033431517,0.644365841579707,0.213468277162958
194.43,0.2,380.564638394882,0.00043297671894716,0.899091195334359,0.645726099744483,0.215768915293179
194.44,0.2,380.184525113448,0,0.898273370398089,0.649472783314447,0.214133207449415
194.45,0.2,379.802100637047,0,0.895852889653886,0.645751597056248,0.216116795904921
194.46,0.2,379.41740084025,0,0.898188994665058,0.642735512129067,0.21444086484929
194.47,0.2,379.030462208498,0,0.894764486256495,0.646223326934001,0.214950117022268
194.48,0.2,378.641321830367,9.76322541513928e-05,0.899119300563005,0.648208384470135,0.212852050207884
194.49,0.2,378.250017389627,0,0.897507822954185,0.647547320135885,0.21573028703266
194.5,0.2,377.856587157069,0,0.899341604776213,0.645789175713009,0.213237983197472
194.51,0.2,377.461069982125,0,0.895946453137368,0.648806868341413,0.215083985085088
194.52,0.2,377.063505284273,0.0011073347018522,0.894202340340073,0.649389575324778,0.213993957108783
194.53,0.2,376.663933044219,0.0024986739637777,0.895695053070092,0.649357216692773,0.214481641617546
194.54,0.2,376.262393794871,0.000789987435764897,0.89414578070207,0.64603598451733,0.215060453332085
194.55,0.2,375.858928612098,0.00134178764774798,0.897073512267558,0.650185032259934,0.215453129764835
194.56,0.2,375.453579105277,0,0.89179700663308,0.646836945102691,0.215773270881592
194.57,0.2,375.046387407619,0.00166908971639424,0.893882075249009,0.648348683622284,0.212895656712765
194.58,0.2,374.6373961663,0.00154630503164077,0.89136780029212,0.646325831690519,0.214453879629086
194.59,0.2,374.226648532372,0,0.892333684658321,0.649081342375446,0.215732321742537
194.6,0.2,373.814188150464,0,0.89306657399634,0.647444437730868,0.215518803933133
194.61,0.2,373.40005914828,0.000387010384167928,0.895000673165668,0.648175850428922,0.215798702615587
194.62,0.2,372.984306125894,0,0.892589097986305,0.64809094167912,0.215242372065541
194.63,0.2,372.566974144826,0.00114900007946667,0.891857015456818,0.64895028053212,0.216087785709344
194.64,0.2,372.148108716934,0.00129469797934897,0.89138768096119,0.648728497537466,0.213970935683304
194.65,0.2,371.727755793092,0,0.889914783117113,0.649378838136871,0.216988045873763
194.66,0.2,371.305961751667,0,0.887875830359726,0.649847241722894,0.214914777505643
194.67,0.2,370.882773386803,0.00110957858153788,0.891217097026535,0.64955924212288,0.216146238086801
194.68,0.2,370.458237896511,0,0.888913058448919,0.649576139688965,0.214544951716814
194.69,0.2,370.032402870554,0,0.88713962423581,0.648105155118478,0.214875407128299
194.7,0.2,369.605316278144,0,0.889179606726095,0.648396207788019,0.214501475557849
194.71,0.2,369.177026455462,0.00103055771914911,0.887329428191495,0.648247298639616,0.218113112043273
194.72,0.2,368.74758209296,0,0.885403374082724,0.649666836226224,0.216028785744992
194.73,0.2,368.317032222505,0,0.884776803884991,0.652406736234823,0.216041429506328
194.74,0.2,367.88542620433,0.00107905613729512,0.885665601237022,0.650959779635282,0.215569376454208
194.75,0.2,367.452813713794,0.00188071247251917,0.884904240100598,0.649805292031469,0.214677496987146
194.76,0.2,367.019244727983,0.00017493948962311,0.884107409649607,0.649906987873686,0.218165992167039
194.77,0.2,366.584769512113,0,0.883674574741175,0.652095452254532,0.214337520148766
194.78,0.2,366.149438605784,0,0.883918785342453,0.650410808798994,0.214640393081429
194.79,0.2,365.713302809042,0.00220148038746,0.884757031155345,0.651631784418807,0.214901411417357
194.8,0.2,365.276413168289,0.00140017692578484,0.881535219219932,0.651310787519094,0.212836717227933
194.81,0.2,364.838820962026,0,0.882635347457245,0.654151972924648,0.214528189044057
194.82,0.2,364.400577686431,0,0.881765059405509,0.651815383771711,0.214682276067468
194.83,0.2,363.961735040786,0.000362031995108552,0.882813498943867,0.648349234777717,0.214156946323943
194.84,0.2,363.522344912755,0.00036031685397231,0.882150454534556,0.651186619003483,0.216969090313683
194.85,0.2,363.082459363495,0.00114174317432497,0.878220383944627,0.650756134798017,0.214930358166524
194.86,0.2,362.642130612641,0.00151439909545404,0.881792275247188,0.65018894613844,0.214217260387265
194.87,0.2,362.201411023151,0,0.879242292989628,0.648002340414253,0.210374293799649
194.88,0.2,361.760353085987,0,0.881439376798191,0.653228521009093,0.214839043501569
194.89,0.2,361.319009404695,0.00182603775978501,0.8802390310784,0.653292541395959,0.212935457756583
194.9,0.2,360.877432679842,0.000953827320956869,0.879568070309127,0.654084979725149,0.215332553124182
194.91,0.2,360.435675693325,0.00022214828143875,0.880087584176541,0.653187843149883,0.215553988011032
194.92,0.2,359.993791292568,0.000243719859719103,0.878480739931391,0.653110743665988,0.21507255328388
194.93,0.2,359.55183237461,0,0.878347785169096,0.648220414622512,0.216603480720111
194.94,0.2,359.109851870067,0.000876034429391053,0.876579985396029,0.65212394166358,0.215760083449604
194.95,0.2,358.667902727003,0.00193539564140131,0.878096254036465,0.65310429945156,0.21537210685903
194.96,0.2,358.226037894707,0,0.875166672086537,0.653010414696021,0.213051368833344
194.97,0.2,357.784310307355,0.00196841297590935,0.876442821315658,0.651030304728632,0.214229646089384
194.98,0.2,357.342772867611,0,0.87523916068609,0.653197976470518,0.213447012454453
194.99,0.2,356.901478430123,0,0.874848483599886,0.652719476025844,0.216474965346522
195,0,356.460479784962,0,0.874031923519227,0.651952078473715,0.214021157066851
195.01,0,356.019829640973,0.00126926226491318,0.874755109203229,0.651272514160561,0.214387798197376
195.02,0,355.57958060908,0.000241014977866375,0.874545329576025,0.654103340260977,0.21135487629879
195.03,0,355.139785185519,0,0.874346148112973,0.654191692774831,0.213913127447261
195.04,0,354.700495735028,0.000303725044747859,0.873256908331681,0.651674596411181,0.214313364352843
195.05,0,354.261764473985,0.000587028015483024,0.872771749173899,0.656466146111318,0.216141430007884
195.06,0,353.823643453527,0.000122188150188777,0.872676887079486,0.653648719082744,0.215330953100036
195.07,0,353.386184542609,6.56718855371389e-05,0.87223427580239,0.653733028529422,0.216851991234703
195.08,0,352.94943941106,0,0.873747461937511,0.654946299822184,0.215134741928875
195.09,0,352.513459512628,0.000963802686927859,0.872794190773634,0.653202227605301,0.217683690834173
195.1,0,352.078296067987,0.000517926442539573,0.872227821682032,0.655305621021089,0.215457674480317
195.11,0,351.644000047778,7.34638263505148e-05,0.870301368544341,0.655101785573741,0.212603519652932
195.12,0,351.210622155625,0,0.869088744813252,0.654294041156217,0.216433981211977
195.13,0,350.778212811187,0.0029993859756167,0.869533661410534,0.652438445615866,0.214305080362804
195.14,0,350.346822133215,0,0.868675074643949,0.65298892522838,0.215676126507896
195.15,0,349.916499922655,0.00148972034818421,0.870448217736267,0.653340098310222,0.216910811377734
195.16,0,349.487295645766,0,0.869789124667154,0.653497488052105,0.215773994759243
195.17,0,349.059258417306,0.00025484339836935,0.86740824181084,0.655438864734266,0.212202399121801
195.18,0,348.632436983762,0,0.865057287006677,0.65576623452309,0.214679464529579
195.19,0,348.206879706638,0.00136288480114885,0.868592253642612,0.655215793606163,0.216446698232642
195.2,0,347.782634545819,9.51845302185909e-05,0.864062030686205,0.654685864998291,0.216970644432178
195.21,0,347.359749043019,0.00180263693293904,0.864986576209436,0.652950307277012,0.215820700206265
195.22,0,346.938270305305,0.00130101736757096,0.864783134071544,0.655526472206613,0.216368545365123
195.23,0,346.518244988726,0,0.865486975800166,0.654504981596229,0.215554584175026
195.24,0,346.099719282054,0.0017653339497338,0.863135465155079,0.653740085658175,0.216207535699941
195.25,0,345.682738890619,0,0.863428501252382,0.656575019381252,0.213046143833515
195.26,0,345.26734902029,0.00107209931163661,0.863143733842514,0.654322688906459,0.213183752150097
195.27,0,344.853594361573,0,0.862070885402422,0.655139905426637,0.217685482286224
195.28,0,344.441519073866,0.000652921806429744,0.862231628311488,0.655534857839283,0.213741705976341
195.29,0,344.031166769844,0,0.863069513096026,0.655123025585668,0.214342675994783
195.3,0,343.622580500021,0.000936998097722677,0.864160678333588,0.655695269823765,0.214761235699475
195.31,0,343.215802737483,0,0.861755392608031,0.656581484027446,0.215932829339102
195.32,0,342.810875362779,0,0.860951649121633,0.65731227750039,0.214872972816751
195.33,0,342.407839649024,0.000189668646582715,0.861299783845198,0.656283053233685,0.215029150857245
195.34,0,342.006736247187,0,0.859401532988541,0.6565688728905,0.213441532830039
195.35,0,341.607605171585,0.00120780388761855,0.859298956506391,0.656828244822332,0.213648003605907
195.36,0,341.21048578559,0,0.859388918943663,0.655631152067701,0.212293296750901
195.37,0,340.815416787582,9.02452349047726e-05,0.861024941981999,0.654550104809559,0.214978029074382
195.38,0,340.422436197097,0.00106662799249762,0.859863684786053,0.655729731888823,0.212744071441349
195.39,0,340.031581341262,0.000296404989764158,0.854395005330384,0.657700412208097,0.214668250979535
195.4,0,339.642888841445,0.00275316622282938,0.855753780480583,0.65722700678501,0.213415795249423
195.41,0,339.256394600197,0,0.855346370291501,0.656739984047572,0.214726200750478
195.42,0,338.872133788438,0.000484204495094569,0.857785732278211,0.653864474300156,0.216037103381797
195.43,0,338.490140832945,0.000761498959297335,0.857049547411063,0.655447556643219,0.213713211322693
195.44,0,338.110449404113,0,0.857075045816276,0.657715753167767,0.211729224877398
195.45,0,337.733092404015,0,0.852872681858773,0.657008771811541,0.213210562220586
195.46,0,337.358101954786,0.000544948003161342,0.855368178111697,0.655346905331789,0.217637988496014
195.47,0,336.985509387287,0.000216948334906496,0.855961738879412,0.656615974877881,0.213298542696938
195.48,0,336.615345230127,0.00144825623992808,0.855856976999835,0.655242462981249,0.214200756403396
195.49,0,336.247639198993,0,0.852680954339532,0.655554225294497,0.214520520760594
195.5,0,335.882420186328,0,0.854407090984102,0.657031100363605,0.215978455918655
195.51,0,335.519716251356,0.000843198490990334,0.852706589114237,0.655261993608258,0.216427803415283
195.52,0,335.15955461046,0,0.853172918343225,0.654607770365101,0.215247269282403
195.53,0,334.801961627927,0.000877156772172803,0.853817232873128,0.658702488503048,0.216399442079359
195.54,0,334.446962807058,0,0.854471820877728,0.659287127833429,0.213970767018953
195.55,0,334.094582781652,0,0.848424556647166,0.656117635556699,0.212912175877804
195.56,0,333.744845307896,0,0.84989979403847,0.655913329496684,0.212790788034628
195.57,0,333.397773256614,0,0.849709637709457,0.657928991093627,0.212463973552908
195.58,0,333.053388605939,0,0.850290908868563,0.65760068398878,0.215799253361356
195.59,0,332.711712434389,0.00102751724018328,0.84789267202142,0.655091096111578,0.215541345791997
195.6,0,332.372764914332,0.00133129762021749,0.850436587428008,0.65502603073226,0.214932154942947
195.61,0,332.036565305896,0,0.850315967780662,0.65599339099633,0.216557183917638
195.62,0,331.703131951279,0.000933340994566641,0.846522785969765,0.653903848753136,0.215590057682017
195.63,0,331.372482269504,0,0.847679161194118,0.654023824795369,0.21358607326665
195.64,0,331.044632751595,0,0.847249955800735,0.657148539379764,0.213508358449901
195.65,0,330.719598956198,0,0.851285159081336,0.658177867367985,0.215902791135524
195.66,0,330.397395505641,0,0.847633597656193,0.654397647336471,0.212882453166165
195.67,0,330.078036082442,0.000195088989504187,0.848433511524407,0.656131164434951,0.212864514615935
195.68,0,329.761533426274,0,0.844725981967439,0.655818551622936,0.215336941488412
195.69,0,329.447899331371,0,0.847135055921077,0.655479618882198,0.214458199502579
195.7,0,329.137144644407,0.00141967387334645,0.845784763556809,0.65581966902256,0.21475519662358
195.71,0,328.829279262828,0,0.844551029682523,0.655117804063026,0.213362206545424
195.72,0,328.524312133651,0.00152178299667433,0.844790679519593,0.657723923004416,0.216488928601394
195.73,0,328.222251252724,0.001899950934944,0.846059558961393,0.658215672539046,0.218039736813002
195.74,0,327.923103664467,0.00114599318714136,0.842720133232916,0.65542763104964,0.216535047960522
195.75,0,327.626875462069,0.00142037219955652,0.842567203707218,0.654133322705808,0.214306107434159
195.76,0,327.333571788166,0,0.846912168322184,0.657083444760281,0.216418213665126
195.77,0,327.043196835987,0.000290863603732951,0.845143256787007,0.654798563174524,0.217335221941399
195.78,0,326.755753850983,0,0.845183756947181,0.655833750474768,0.214857966451707
195.79,0,326.471245132912,0.00153962031423829,0.842768743706776,0.655376269226,0.215472953846061
195.8,0,326.189672038416,0,0.840593915373978,0.653076055184028,0.214773402926017
195.81,0,325.911034984071,0.00061863201739301,0.841370852376836,0.655548458866093,0.214972362984111
195.82,0,325.635333449888,0,0.840428731307435,0.656038070496594,0.214499561178327
195.83,0,325.362565983319,0.00152432531740342,0.843472148622346,0.654523832535893,0.214889334697319
195.84,0,325.092730203705,0.000336890558784836,0.839703072838939,0.657308058586714,0.216539346459729
195.85,0,324.825822807217,0.00100579040503958,0.837730954226334,0.65378775867845,0.215886597547419
195.86,0,324.56183957224,0,0.840367539384825,0.652585833371711,0.21621271324344
195.87,0,324.300775365246,0,0.838545482710846,0.65696925223427,0.215918317616661
195.88,0,324.042624147109,6.72440920933701e-06,0.839981869046148,0.656188670477926,0.214254132747968
195.89,0,323.787378979889,0,0.839636644487126,0.654948823356245,0.212845216477661
195.9,0,323.535032034078,0,0.838211179524417,0.657074895421811,0.216049356291571
195.91,0,323.285574596273,0.00208964759512117,0.839979035297965,0.657166023534821,0.216635929970105
195.92,0,323.038997077331,0,0.836820244175699,0.654113575420744,0.214185269401244
195.93,0,322.795289020936,0,0.836280829760837,0.652446292055925,0.216044052875416
195.94,0,322.554439112625,0,0.838064347463978,0.656368750795287,0.215576884850624
195.95,0,322.316435189236,0.00153430644737269,0.834816412033011,0.65379446532121,0.217014236795723
195.96,0,322.081264248791,0.00223191094979949,0.837237271195533,0.652779329779421,0.214709157975317
195.97,0,321.848912460797,0.000765929714920926,0.835616297885617,0.65445968600977,0.214390541689859
195.98,0,321.619365176966,0,0.834896712831252,0.651950179547296,0.213906238035574
195.99,0,321.392606942342,0,0.83538520388029,0.650843546739089,0.21411467565087
196,0,321.168621506836,0.000235475115791152,0.836352193714898,0.655874095021009,0.21242662077957
196.01,0,320.947391837153,0.000904313116191579,0.835740158050749,0.652973721633245,0.215676133637247
196.02,0,320.728900129109,0,0.835686053452196,0.652013667969323,0.215743296052942
196.03,0,320.513127820339,0,0.831332221895564,0.656676289545924,0.216387643377345
196.04,0,320.300055603362,0.00360059660612078,0.833358120754492,0.654973677068924,0.214398252906764
196.05,0,320.08966343903,0,0.83202271936223,0.653635298090688,0.21539318969649
196.06,0,319.881930570328,0.000211955411669123,0.832080092790142,0.656197040463952,0.214674787019872
196.07,0,319.676835536522,0.000716434442060906,0.833839883665007,0.65325925311396,0.214370412292842
196.08,0,319.474356187649,0.000211304513900175,0.832959650353054,0.652901122187346,0.21374808427678
196.09,0,319.27446969935,0,0.827915840842648,0.652281321184872,0.215872612622537
196.1,0,319.077152588011,0,0.833202209682722,0.651653404636432,0.212558337121097
196.11,0,318.882380726229,0,0.832939113454578,0.651571925425613,0.212797573751491
196.12,0,318.690129358581,0,0.830722134375116,0.651548395620062,0.21408206507251
196.13,0,318.50037311769,0.00200002017211508,0.830235010154518,0.654386163495458,0.216327864800117
196.14,0,318.31308604057,0,0.830942350909614,0.650172954303465,0.21208490387502
196.15,0,318.12824158526,0,0.828154407459056,0.653192397929671,0.213841430165252
196.16,0,317.945812647712,0.000368105673773,0.830632844003013,0.651404873348792,0.216567173783691
196.17,0,317.765771578942,0.00102980021038734,0.827178558084122,0.650334205706635,0.216075855602677
196.18,0,317.588090202425,0.00154467135815401,0.827215552245123,0.652389428083164,0.214025611595943
196.19,0,317.412739831726,0.000274079297514369,0.829811935908043,0.651608278947127,0.218339527882745
196.2,0,317.239691288358,0,0.82808049546848,0.654995730448703,0.215219807353801
196.21,0,317.068914919848,0,0.827108328315056,0.65298045627342,0.216157236637329
196.22,0,316.900380618017,0,0.828428350106817,0.651280130080325,0.214602202334021
196.23,0,316.734057837446,0,0.827104768733236,0.651442144423694,0.216291765572841
196.24,0,316.56991561413,0,0.824215272988317,0.648283276096878,0.215482947664268
196.25,0,316.407922584297,0.0011821341828042,0.825969265326467,0.651331121482792,0.215267169955397
196.26,0,316.248047003395,0,0.824108045108568,0.649572937335977,0.214491101560114
196.27,0,316.090256765229,0.000714184960368305,0.824770299735381,0.652461087777721,0.214821743929809
196.28,0,315.934519421233,0.00177743786734856,0.824764496488136,0.651349572461922,0.215364409809281
196.29,0,315.780802199875,0.000477753798707628,0.826027272145859,0.652029960986308,0.215545503498972
196.3,0,315.629072026177,0.00190704822614913,0.826409549397003,0.65097723861564,0.21557102897232
196.31,0,315.479295541347,0,0.823229172563951,0.648810955249125,0.213637544699559
196.32,0,315.331439122501,0.00334538605129329,0.826795216210168,0.649088079582724,0.214205852914526
196.33,0,315.185468902473,0,0.824192734760467,0.650832594617645,0.213963484957548
196.34,0,315.041350789706,0.00253086890013889,0.822483572577696,0.648580847145277,0.216269533658194
196.35,0,314.899050488196,0,0.825275769719621,0.649506183026027,0.213287497119055
196.36,0,314.758533517497,0,0.823956372377057,0.648832146904403,0.217418800014324
196.37,0,314.619765232771,0.00361182138945433,0.823697689794556,0.650247153267785,0.214133645502088
196.38,0,314.482710844861,0,0.821093190855544,0.648190938676495,0.214692832390278
196.39,0,314.347335440397,0,0.822834889658168,0.649849491228216,0.213009898372136
196.4,0,314.213604001909,0,0.819287792435581,0.648469992289835,0.211895729781574
196.41,0,314.081481427938,0.000168412316134754,0.821415429933768,0.648412970653462,0.214183509647794
196.42,0,313.950932553144,0.000717892358843269,0.821756238372707,0.649915681411947,0.215415577213879
196.43,0,313.821922168395,0,0.819115401653226,0.64901073400653,0.215820191068892
196.44,0,313.694415040825,0,0.82153177551945,0.64764247519876,0.215617502732948
196.45,0,313.56837593385,0,0.819266314600185,0.649029019642501,0.215858691546024
196.46,0,313.443769627151,0,0.821780745998039,0.651320895034896,0.214583055662253
196.47,0,313.320560936578,0,0.822985361361133,0.649493629625735,0.214244046483526
196.48,0,313.198714734004,0.0004208340263166,0.82150407614779,0.648848879942843,0.215549450561768
196.49,0,313.078195967099,0.000125184508392669,0.819574606637696,0.6498258990089,0.216650726955032
196.5,0,312.958969679008,0,0.819013840024346,0.64763362745851,0.213468967417729
196.51,0,312.841001027952,0,0.818932052132694,0.64953362291904,0.214570644078097
196.52,0,312.724255306709,0.00200777236745593,0.818592241298571,0.646793268395845,0.21506367197185
196.53,0,312.608697961997,0,0.818440142742456,0.647284142482247,0.212218131769998
196.54,0,312.494294613723,0.000816474722557464,0.820101665905184,0.645209663591239,0.214183699726091
196.55,0,312.381011074116,0,0.815861828661646,0.647978495742268,0.214161191210719
196.56,0,312.268813366711,0,0.816940624447085,0.64747785290869,0.215306798095587
196.57,0,312.157667745196,0,0.81710813056745,0.648254380413968,0.214933695479431
196.58,0,312.047540712099,0.0011702130318565,0.820013057956607,0.64774307673005,0.216085986851979
196.59,0,311.938399037324,0,0.819986693239505,0.648814523672837,0.213766247692212
196.6,0,311.830209776501,0.00204659148659318,0.816652311599133,0.647486514994592,0.217130533897192
196.61,0,311.722940289178,0,0.817458369433843,0.64644867058203,0.216122371002137
196.62,0,311.616558256818,0.000625962813248962,0.817292099231405,0.647317904479722,0.216037083121545
196.63,0,311.511031700607,0.00170659276274429,0.814308051075118,0.6484773418475,0.214504132955039
196.64,0,311.406328999069,0.00156340636054396,0.817575650032167,0.644247965347885,0.216405775297508
196.65,0,311.30241890547,0,0.815933452326553,0.644642774012936,0.2144221939408
196.66,0,311.199270565015,0.000606110412375308,0.815791327314898,0.64538004376978,0.215551390739449
196.67,0,311.096853531822,0,0.81668841398589,0.646499799411861,0.217958414728732
196.68,0,310.995137785683,0,0.817032346258324,0.646183351695658,0.213509976228396
196.69,0,310.89409374858,0.000550401863656448,0.814444244681333,0.645097566098584,0.215111611131944
196.7,0,310.793692300974,0,0.816071897970832,0.645517534558595,0.214436322790367
196.71,0,310.693904797852,0,0.815956261245586,0.645286153501308,0.215138225549434
196.72,0,310.594703084521,0.000823324034237695,0.815686512086405,0.645420299419497,0.213866003246258
196.73,0,310.49605951215,0,0.816717026904377,0.648147819096635,0.216359947745697
196.74,0,310.397946953057,0.000734290421737259,0.811699620836901,0.644867980687032,0.217805854748514
196.75,0,310.300338815729,0,0.812895735040346,0.645324977058344,0.215996482931733
196.76,0,310.203209059569,0.000470691367396981,0.813658360955905,0.6423467262274,0.214700575226544
196.77,0,310.106532209373,0,0.813090998625256,0.644967502456317,0.215913259882398
196.78,0,310.010283369533,0.000401982603592158,0.811283461455204,0.6440239785006,0.216291369795036
196.79,0,309.914438237942,0,0.810659281011256,0.646034313473788,0.214384781897771
196.8,0,309.818973119623,0.00015835172702743,0.814099813484892,0.647574586567846,0.21427787139918
196.81,0,309.723864940063,0.00077166201154661,0.81035108689012,0.642737998859221,0.214946836193532
196.82,0,309.629091258245,0.00192792816989277,0.812136609960531,0.642356866415273,0.214519304313105
196.83,0,309.53463027938,0,0.813601166097071,0.643665841504733,0.214663110364801
196.84,0,309.440460867344,0.0021964410333357,0.812752695967712,0.644045127855249,0.21573816599937
196.85,0,309.346562556787,0.000958587420600608,0.811832731946485,0.644499958040867,0.217473548555502
196.86,0,309.252915564949,0.000198782725819147,0.814514976409229,0.645785291987023,0.215247466618849
196.87,0,309.159500803144,0.00260587943504025,0.812834478016337,0.644096286696771,0.215812970238173
196.88,0,309.06629988793,0.000524245450449543,0.813859683175895,0.641358244258892,0.214735825189813
196.89,0,308.973295151962,0,0.810553661834228,0.644348268637242,0.212968058301822
196.9,0,308.880469654503,0.000255277978925992,0.811890224746132,0.643613391318471,0.213730519197152
196.91,0,308.78780719162,0,0.812826500672902,0.64579838588941,0.213910244443735
196.92,0,308.695292306038,0.00120547655224469,0.808706307882402,0.644725675592363,0.214660483687091
196.93,0,308.60291029666,0.00133739229205146,0.808701837770537,0.646509434956561,0.216602066407009
196.94,0,308.510647227749,0.00175749143978949,0.809844549431697,0.642484648672655,0.215316305293582
196.95,0,308.418489937768,0.00034447867956431,0.81004311179439,0.641655968090686,0.212860422573091
196.96,0,308.326426047872,0,0.810121910922976,0.643928742106887,0.21570704292312
196.97,0,308.23444397006,0,0.80939317601152,0.642939886455431,0.217367558117742
196.98,0,308.14253291497,0,0.808111019581669,0.644203081306001,0.215399423288199
196.99,0,308.050682899326,0,0.808737663548045,0.644652943935186,0.216622031614773
197,0,307.958884753027,0,0.809353302921327,0.643841951038209,0.213125659574816
197.01,0,307.867130125886,0,0.810747096609943,0.643041481634428,0.215154685182879
197.02,0,307.775411494002,0.00107589390893158,0.809767260270574,0.643266367212607,0.214238001396249
197.03,0,307.683722165775,0.000123095557953039,0.809631331299912,0.644467066509453,0.215562770984062
197.04,0,307.592056287558,0.000683636765060812,0.810447519107107,0.639383549257268,0.21726905521889
197.05,0,307.500408848942,0.000547429006578581,0.810438161755697,0.644829784238553,0.215203076824676
197.06,0,307.40877568768,0,0.811195578022854,0.643977512146162,0.213168811121807
197.07,0,307.317153494229,0.00248346984175977,0.81016556043925,0.642837953960065,0.214614966362152
197.08,0,307.225539815938,0.00173371649956795,0.807681255827624,0.645173774095613,0.214594200024727
197.09,0,307.13393306085,0.0030682472697715,0.806520366895679,0.643531425192065,0.214449843255463
197.1,0,307.042332501142,0,0.810928017768166,0.644167161138103,0.216590927941129
197.11,0,306.950738276175,0,0.809670095387487,0.644939847777653,0.214459908776314
197.12,0,306.859151395183,0.00235188271443968,0.809534045278591,0.64229885252557,0.214946195482257
197.13,0,306.767573739574,0.000954406570611484,0.806803934641995,0.642770010172775,0.215593026509059
197.14,0,306.676008064851,7.07676732465425e-05,0.807753362296964,0.641835196608218,0.21586993325047
197.15,0,306.58445800216,0,0.809570953965199,0.641414410202113,0.215323250835174
197.16,0,306.492928059445,0.000236509935367573,0.806896018988414,0.643723534136008,0.21348813203969
197.17,0,306.401423622228,0.000248663353671857,0.807050236707757,0.643376131404675,0.216428489856531
197.18,0,306.309950954005,0,0.809732784907071,0.642655293768565,0.214748534312569
197.19,0,306.218517196247,0,0.805401788745606,0.643251075363244,0.212281390180629
197.2,0,306.127130368026,0.000419402702305581,0.808288669167936,0.645007500324008,0.213700218681244
197.21,0,306.035799365248,0.00114863054601959,0.807301816016474,0.644996788263704,0.21347010040453
197.22,0,305.944533959496,0,0.807487458210626,0.643028071427223,0.215287642256671
197.23,0,305.853344796492,0,0.806826398607946,0.641056609605577,0.213440321434377
197.24,0,305.76224339416,0.00063457919403142,0.806941048251764,0.643493840821322,0.217383487515399
197.25,0,305.671242140305,0.00174523418154798,0.806905333662773,0.643118138271165,0.21383705374658
197.26,0,305.580354289898,0,0.806828827275992,0.643367267251721,0.21316596942782
197.27,0,305.489593961974,0.00127631908762437,0.805461836242918,0.645653370424605,0.218288919757554
197.28,0,305.398976136132,0,0.805706598384068,0.644818665600867,0.217460189730639
197.29,0,305.30851664865,7.29260803189547e-05,0.80553296750772,0.64451176673252,0.212473454679517
197.3,0,305.218232188201,0,0.806024569416414,0.643777774233102,0.213979806413341
197.31,0,305.128140291185,0.000687067482931501,0.802083593612438,0.642727971785348,0.216099497203969
197.32,0,305.038259336659,0,0.805121843724853,0.642242142851675,0.215612550283931
197.33,0,304.948608540879,0.00164995108410004,0.807670590345284,0.641754843439019,0.216187895700292
197.34,0,304.859207951456,0.00134661060665722,0.807525130153194,0.642099058533993,0.214746713466051
197.35,0,304.770078441105,0.00310649220429376,0.807583092287256,0.64561541583589,0.215239520713585
197.36,0,304.681241701019,0.00285055882311212,0.807405761174834,0.643198082048963,0.215561760227684
197.37,0,304.592720233839,0.000218010232788445,0.8054694288284,0.64513558847813,0.216353996752056
197.38,0,304.504537346236,0.00028293890638441,0.80539414887558,0.644083973240143,0.215004111165954
197.39,0,304.41671714111,0,0.806045080331457,0.641962340137063,0.215308630964064
197.4,0,304.329284509388,0,0.807013600978518,0.644694153144516,0.217255685421192
197.41,0,304.24226512144,0,0.805202628897838,0.644452411969402,0.214116539084302
197.42,0,304.155685418107,0.00109945616166985,0.807508293734434,0.642338929035308,0.216903752816051
197.43,0,304.069572601339,9.98479792003184e-05,0.807521651356739,0.645362867780941,0.213757156915864
197.44,0,303.98395462445,0,0.805028018639768,0.645156835889472,0.214177441977293
197.45,0,303.89886018199,0.000419442059653005,0.8032485767552,0.647408388725531,0.214780926622146
197.46,0,303.814318699227,0.00040103544223237,0.808381655760991,0.643719739206851,0.214155296325473
197.47,0,303.730360321258,0,0.806070924933727,0.643589394271872,0.21567976987226
197.48,0,303.647015901731,0.000325639098391172,0.805541960235489,0.645793378068396,0.215338846929311
197.49,0,303.564316991198,0,0.804724105544147,0.64487811363752,0.214547263775879
197.5,0,303.482295825083,0.00126941374761809,0.804523360754586,0.645399861447104,0.212195054702039
197.51,0,303.400985311286,0.00145443793519122,0.807477176955276,0.645087201634647,0.216345602104462
197.52,0,303.320419017411,0,0.809586609305219,0.646686530994948,0.214003259107758
197.53,0,303.240631157624,0,0.803918670785885,0.645809607396806,0.218139077679848
197.54,0,303.161656579151,0.00042770931734635,0.805499779279343,0.644028521469577,0.214039689504834
197.55,0,303.083530748409,0.00217730989993178,0.804454783074751,0.644274363631869,0.213613442375065
197.56,0,303.006289736776,0.000911270132856566,0.805746520232134,0.645108003738235,0.21449312238158
197.57,0,302.92997020601,0.000673082969020095,0.805300512443843,0.645789419495569,0.215499017401653
197.58,0,302.854609393313,0,0.806497993427399,0.644404458880864,0.216395930715774
197.59,0,302.78024509604,0.000613103485065688,0.80629961798254,0.646731288816081,0.217010074442018
197.6,0,302.706915656073,0,0.804799298625256,0.645969542478848,0.214772080410347
197.61,0,302.634659943844,0,0.805054429482879,0.645302584949418,0.217086808747199
197.62,0,302.563517342029,0.000969777202844231,0.806521172144642,0.646357938591785,0.21540619045935
197.63,0,302.493527728905,0.00177542010757999,0.805819031081197,0.645997110231326,0.213829022559524
197.64,0,302.424731461379,0.000112660699794261,0.806390426702703,0.648724731284063,0.214579516532664
197.65,0,302.357169357697,0.000640541826116395,0.806682395935462,0.645332996836077,0.216337811419303
197.66,0,302.290882679836,0,0.805977291423222,0.648895942340641,0.215736213794878
197.67,0,302.22591311558,0.00118565898154406,0.810245963352321,0.646124773888694,0.211874092828578
197.68,0,302.162302760292,0,0.807450885158706,0.642334026275209,0.214569682253874
197.69,0,302.100094098391,0.000838435425217814,0.807046832982012,0.646638275484133,0.21545019402039
197.7,0,302.039329984522,0,0.809406382269458,0.64467505275221,0.213732717682658
197.71,0,301.980053624455,0,0.803679862516218,0.648824262055111,0.216026743285031
197.72,0,301.922308555686,0.00214140580579768,0.807492057567317,0.647642526624539,0.214899354857028
197.73,0,301.866138627778,0.00165109073639243,0.805737028051916,0.651339533608,0.213397193237385
197.74,0,301.811587982429,0,0.805225343862865,0.646188915147533,0.218793112088043
197.75,0,301.758701033277,0,0.807155711422652,0.648926181594151,0.214771961458378
197.76,0,301.707522445464,0.00233106772660367,0.80838079410326,0.649145969666301,0.21337912568356
197.77,0,301.658097114944,6.07286314611408e-05,0.808416465020382,0.649511410531507,0.215582169585347
197.78,0,301.610470147567,0,0.81018975802534,0.646064377126974,0.215382548328278
197.79,0,301.564686837928,0,0.806806120597556,0.649308838619636,0.215056973352257
197.8,0,301.520792648002,0.000265769643034657,0.806471165626666,0.648231015701081,0.215384282510139
197.81,0,301.47883318557,0.000383730232034446,0.806391043338109,0.647615485283214,0.214696122095394
197.82,0,301.438854182446,0.00220640260461892,0.808149943233171,0.649802884948869,0.217210352667582
197.83,0,301.400901472511,0,0.808971083966402,0.651625796801516,0.216248455790369
197.84,0,301.36502096957,0.00137663303139734,0.809087383431128,0.65160684515873,0.216269798117034
197.85,0,301.33125864504,0.000927597275922192,0.807826539292968,0.650722532824734,0.212788402506062
197.86,0,301.299660505474,0.00224862084637938,0.808799426962012,0.6503197602552,0.216862963601838
197.87,0,301.270272569943,0.000111489053556836,0.807450162156651,0.649035939650343,0.215225037579976
197.88,0,301.243140847274,0.00167283748944169,0.805433754299314,0.647446845783473,0.21530477875057
197.89,0,301.218311313165,0,0.809973833079967,0.652052156180205,0.216852011619386
197.9,0,301.195829887182,0,0.8071270805073,0.647171586352605,0.214540025719205
197.91,0,301.17574240966,0.00182169816673162,0.806196141378489,0.647228898285232,0.216005654254128
197.92,0,301.158094618497,0,0.808500570006308,0.650792767933679,0.213250718784059
197.93,0,301.142932125888,0.000390930407248574,0.80857153815784,0.651933333716551,0.213147451500803
197.94,0,301.130300394976,0.00136258557791502,0.810224350905102,0.650722067043557,0.214570132049622
197.95,0,301.120244716459,9.01501852659845e-05,0.810995871660304,0.648770666791588,0.214699900724949
197.96,0,301.112810185147,0.000236006498852976,0.808139551609214,0.652281354098475,0.213116126132948
197.97,0,301.108041676497,0,0.810563472400185,0.650550914180251,0.214801213841219
197.98,0,301.105983823132,0.00152319079120967,0.8084654466105,0.653041695098288,0.212936069872905
197.99,0,301.106680991351,0,0.809513327665549,0.651617681608363,0.213181984229341
198,0,301.11017725766,0.00198846150616388,0.808749169732699,0.651560011639031,0.215964718679779
198.01,0,301.116516385323,0.00165937275139034,0.809459571586843,0.648776010221487,0.214766100781549
198.02,0,301.125741800952,0.00136344760636749,0.809899872159053,0.650721010646905,0.214833986159906
198.03,0,301.137896571153,0.000534445967899684,0.809584197805948,0.650413068678557,0.213820132203184
198.04,0,301.153023379238,0.00135531178208697,0.811354879960187,0.651898049519776,0.214833546450823
198.05,0,301.171164502016,0,0.810526711625691,0.649104815997823,0.21407781318836
198.06,0,301.192361786688,0.000748110100260261,0.809966784182096,0.652966578195489,0.215683673328575
198.07,0,301.216656627844,0,0.807600438997896,0.65152011428877,0.214369245238922
198.08,0,301.244089944588,0,0.812151979445894,0.651593552534233,0.213503077553004
198.09,0,301.274702157808,0,0.810147477595032,0.65156039705576,0.216695872768106
198.1,0,301.308533167593,8.17450952998538e-05,0.811026984035067,0.653068126509535,0.214451701576669
198.11,0,301.345622330828,0.000753074238211907,0.811407521969148,0.649767581125441,0.21548153408848
198.12,0,301.386008438962,0,0.813530845103921,0.651929179504844,0.212520800496005
198.13,0,301.429729695986,0.00124461737776406,0.812823860069981,0.650028661258935,0.212101385663493
198.14,0,301.47682369662,0.00100540723775646,0.810085173075651,0.651617546136242,0.216154272155184
198.15,0,301.52732740473,0.000218404837864512,0.813214663816103,0.652400633916856,0.214675736665533
198.16,0,301.581277131984,0.00222068131303146,0.813164037530004,0.653952055343658,0.215027931650638
198.17,0,301.638708516773,0.000540023844593255,0.812234052241518,0.652774251416946,0.212775775857475
198.18,0,301.6996565034,0,0.810244058576697,0.654237133954575,0.215207689052794
198.19,0,301.764155321559,0,0.81272777255902,0.653128427786324,0.21602585983917
198.2,0,301.832238466113,0.00186141483815977,0.8122949384797,0.653102884910264,0.215091486666708
198.21,0,301.903938677186,0,0.814325673010423,0.652066516965372,0.216603809602213
198.22,0,301.979287920594,0.000983672648568129,0.812936107662826,0.654857515052498,0.21442393174115
198.23,0,302.058317368613,0,0.814292535085893,0.653733562210768,0.216813574605741
198.24,0,302.141057381099,0.000708339880010706,0.81462283714434,0.654179729160188,0.213174011831428
198.25,0,302.227537486996,0.00229382350312245,0.814478161664716,0.655042233032958,0.218753663689928
198.26,0,302.317786366214,0.000247578943169867,0.811783651257466,0.652835719934194,0.213792185115421
198.27,0,302.411831831909,0.00160835364433143,0.814144839648151,0.654949376028264,0.214196484674898
198.28,0,302.509700813177,0,0.815393316900753,0.653544871086406,0.215757115008356
198.29,0,302.611419338173,0,0.817685466985102,0.654058187406686,0.218307108862726
198.3,0,302.717012517656,0.000359039436058661,0.814090695659957,0.656934739870623,0.212729040425321
198.31,0,302.826504528993,0,0.814124831018833,0.654059849685246,0.215101393922881
198.32,0,302.939918600615,0.0011797947556017,0.815041522993813,0.653642290826379,0.218410076687361
198.33,0,303.057276996953,0,0.817435418856196,0.653787406699875,0.214524149465365
198.34,0,303.178601003843,0,0.816796326663779,0.654788942614524,0.213822001246695
198.35,0,303.303910914439,0,0.815373878860128,0.654682152800668,0.214120443130141
198.36,0,303.433226015619,0.00079948581912057,0.81448963242037,0.657464487490111,0.214733536889347
198.37,0,303.566564574904,0.00306501779585623,0.816186605114546,0.654895738329712,0.215417341106794
198.38,0,303.703943827907,0,0.814879524730312,0.653610817714318,0.215845623114544
198.39,0,303.845379966311,0,0.817833571162366,0.656228815493949,0.214877513794236
198.4,0,303.990888126383,0.00153462731133257,0.817140436976998,0.654409027641068,0.216123707530096
198.41,0,304.140482378039,0.000725676411874337,0.819774962063146,0.656668790502316,0.216025574621958
198.42,0,304.294175714474,0.000144766702371721,0.816452109553184,0.653774484434698,0.21632437211366
198.43,0,304.451980042342,0.000421652063155674,0.816805495224061,0.656754768352347,0.216370604430618
198.44,0,304.613906172516,0.000270191724734487,0.818107058338002,0.655408896174721,0.216969894359866
198.45,0,304.779963811425,0.000634813655868832,0.819916764497314,0.65607765579797,0.213618450548612
198.46,0,304.950161552967,0.000527876985253649,0.816884392901272,0.654548402785655,0.214302045836851
198.47,0,305.124506871021,0,0.81917259393729,0.657126833056351,0.212718374359808
198.48,0,305.303006112542,0.000150304875614401,0.817630430630247,0.6539779175971,0.216881471440241
198.49,0,305.485664491261,0,0.820464313704911,0.656806107531381,0.213462307176447
198.5,0,305.67248608198,0.00157747836140394,0.817748979272897,0.657856045639122,0.214500613974664
198.51,0,305.863473815483,0.00114826138728941,0.819203044119045,0.656253603063719,0.215769692699811
198.52,0,306.058629474036,0,0.820506376892779,0.656217019080196,0.214855934725476
198.53,0,306.257953687517,0,0.822983141199772,0.654692970496745,0.214733155476588
198.54,0,306.461445930139,0,0.823658033272657,0.655236137898728,0.215351791047755
198.55,0,306.669104517807,0,0.81964014446438,0.657278846353051,0.213647229801584
198.56,0,306.88092660606,0.00298041588783075,0.822144351316719,0.655102526862606,0.216133001052282
198.57,0,307.096908188656,0.00072812231496377,0.819930147437637,0.654893852248843,0.215619586323387
198.58,0,307.317044096747,0,0.821235248711042,0.658506153938208,0.21462094295776
198.59,0,307.541327998679,0.00129618347866078,0.823776194414302,0.657154103958705,0.214221677698486
198.6,0,307.769752400396,0.00178937082680515,0.821691545087856,0.656793420430835,0.2162114356793
198.61,0,308.002308646456,0,0.820186739127782,0.657067942573455,0.214231773361595
198.62,0,308.238986921651,0.000394787288470753,0.821975441393413,0.657045637972368,0.216237557009502
198.63,0,308.47977625323,0.001251790336251,0.82426812798684,0.654292299669368,0.21647643913928
198.64,0,308.724664513722,0.000252481589942024,0.824059576841495,0.656132513371574,0.215685947708193
198.65,0,308.97363842435,0.00110326728136028,0.820936458118029,0.653675404602438,0.214070171164225
198.66,0,309.226683559047,0,0.823936680393235,0.655331498862946,0.213144273081931
198.67,0,309.48378434904,0,0.82418545337564,0.655606390795034,0.212514008197498
198.68,0,309.744924088033,0,0.827891511374336,0.655893871473029,0.215422116275748
198.69,0,310.010084937945,0,0.821102245505757,0.65585059177869,0.216951054022663
198.7,0,310.279247935237,0,0.825631700798999,0.655333363681463,0.21447603045081
198.71,0,310.552392997775,0.000389122526891025,0.827389616941914,0.655850993048312,0.215899771918391
198.72,0,310.829498932272,0,0.824684104355469,0.654469463847609,0.213987677116589
198.73,0,311.110543442256,0.00045548966437211,0.825605431657325,0.654528626808735,0.216799067958749
198.74,0,311.395503136584,0,0.825377252653637,0.657546603220391,0.214619543601903
198.75,0,311.684353538487,0,0.825338714478772,0.655358457401924,0.215671238195133
198.76,0,311.977069095127,0,0.827769858858049,0.65767048820725,0.214989313566183
198.77,0,312.273623187677,0,0.8285326496995,0.654382530913827,0.214312879000498
198.78,0,312.573988141888,0,0.826178049945817,0.65434090468979,0.214212740983801
198.79,0,312.878135239162,0,0.826752704056779,0.654108867540097,0.213561990269803
198.8,0,313.186034728095,0,0.828193277586585,0.653838244728888,0.213018913757342
198.81,0,313.497655836496,0.000441445096822487,0.828877783886074,0.656504261623739,0.212965558399043
198.82,0,313.81296678386,0.000291361748346626,0.829320082557116,0.655161433596937,0.213772474808201
198.83,0,314.131934794306,0,0.827384163049905,0.655782456091608,0.21570351794038
198.84,0,314.454526109923,0,0.830090015170295,0.656541997631571,0.215673041542554
198.85,0,314.780706004576,0.00177095659335604,0.830252527038728,0.657968551505927,0.216419101718469
198.86,0,315.110438798098,0.00255662699572325,0.830269860415841,0.65615678939709,0.214851817557522
198.87,0,315.443687870897,0.00177403396657593,0.830498725422319,0.656671173021432,0.214548915101243
198.88,0,315.780415678955,0,0.832260521796692,0.656797935615307,0.213234701801979
198.89,0,316.120583769193,0,0.831760029551352,0.654280904111913,0.215113129683277
198.9,0,316.464152795212,0,0.832653745685838,0.654508805597603,0.213838976348922
198.91,0,316.81108253338,0,0.832672673173861,0.655135864004548,0.215688139979067
198.92,0,317.161331899263,0.000457917624123524,0.832482808550271,0.654586474741982,0.210664919166781
198.93,0,317.514858964372,0.000582380854122919,0.829639401501844,0.65391677265558,0.21043109182361
198.94,0,317.871620973238,0.000220277849019335,0.830242334414526,0.656678440281975,0.215401548065984
198.95,0,318.231574360782,0,0.832579693505009,0.654174226231631,0.212596806919813
198.96,0,318.594674769956,0.000999385884710192,0.831179920387672,0.653465039866241,0.216382730267467
198.97,0,318.960877069696,0,0.832745659611483,0.654478397112689,0.215542916373262
198.98,0,319.330135373092,0.001358081611577,0.834939155944169,0.656749138850093,0.216097572485494
198.99,0,319.702403055838,0.000955183135628013,0.834897533251218,0.653281074649484,0.215807127742246
199,0,320.077632774904,0,0.833611547157306,0.653145823748881,0.214256947558522
199.01,0,320.455776487433,0,0.835040241054422,0.653159988641366,0.214122878107782
199.02,0,320.836785469838,0,0.836032830128673,0.655955513090841,0.214811090727761
199.03,0,321.220610337109,0.00186829854986367,0.835247383038175,0.654883958151591,0.214660843600592
199.04,0,321.60720106229,0.000184045079245982,0.832937268892855,0.65528647785102,0.216238228887985
199.05,0,321.996506996138,0,0.835622052651007,0.65495284662636,0.214829687433959
199.06,0,322.388476886917,0.000651969159089737,0.838188438787384,0.652437571417557,0.2142839703393
199.07,0,322.783058900368,0,0.83740407629915,0.655671696665643,0.214444470478917
199.08,0,323.18020063978,0,0.836418826715748,0.652774430841372,0.21645465285547
199.09,0,323.579849166196,0.00144227431226248,0.840557193226544,0.654548398711992,0.213974627255708
199.1,0,323.981951018723,0,0.837172547506397,0.65662323804146,0.217252963320826
199.11,0,324.386452234938,0.000829173687142815,0.835667914434471,0.655675511234916,0.214302801552334
199.12,0,324.793298371368,0,0.83867256007345,0.652048729364831,0.21244797089859
199.13,0,325.202434524047,0.00237087689392374,0.840239208827768,0.655691280791734,0.215077853454924
199.14,0,325.613805349139,0.000973852624327342,0.837117924903581,0.655465517489776,0.213192757953428
199.15,0,326.027355083584,0,0.83698280763242,0.653659214301038,0.214134401120392
199.16,0,326.443027565811,0.00208150998906421,0.838790105659887,0.654314628491525,0.216543105055665
199.17,0,326.860766256447,0,0.840190992573605,0.654973934936912,0.214970714082054
199.18,0,327.280514259058,0.000388343992119762,0.84120318306327,0.653239047019435,0.216495026362798
199.19,0,327.702214340884,0,0.83973034505774,0.653679906449493,0.214633838161231
199.2,0,328.12580895357,0,0.84235691888321,0.652695955087666,0.214718849639986
199.21,0,328.551240253871,0,0.843532691246119,0.653971324827448,0.215013826510386
199.22,0,328.97845012434,0,0.844933878077186,0.652916368458877,0.213647249329904
199.23,0,329.407380193971,0.00138862350520412,0.8444580685472,0.652480412481407,0.214884479930019
199.24,0,329.837971858783,0.00131551375062883,0.844397496213595,0.65201919602328,0.213516353468416
199.25,0,330.270166302375,0,0.84392922560001,0.653339335493509,0.213609927572163
199.26,0,330.703904516379,0.000946895417556498,0.845004890552245,0.652823382517909,0.21614856375657
199.27,0,331.139127320864,0,0.844928056612796,0.65275628491907,0.215492820769651
199.28,0,331.575775384635,0.00104490199558106,0.846419698416259,0.652098326056576,0.212066570333024
199.29,0,332.01378924546,0,0.847704592493584,0.652985760272588,0.214733226837889
199.3,0,332.453109330176,0.00159211057052114,0.843511853257476,0.654582546791901,0.215018113249459
199.31,0,332.893675974685,0,0.848109703294264,0.652848218041912,0.216247251283521
199.32,0,333.335429443854,0.00186527686870082,0.845263477008585,0.651628330890541,0.214278859394415
199.33,0,333.778309951265,0,0.844321138614399,0.652611645115024,0.21597821480421
199.34,0,334.222257678842,0.00141744893573531,0.844619693803252,0.649913413889947,0.214530672571296
199.35,0,334.66721279634,0,0.848943453699584,0.652467372279698,0.214034939651017
199.36,0,335.113115480687,0.00067262817336533,0.850415977219276,0.651612437358462,0.214277706721474
199.37,0,335.559905935162,0,0.849635647473539,0.651493843199497,0.217102630969892
199.38,0,336.00752440843,0,0.848667078982083,0.651638097725793,0.214142529170471
199.39,0,336.455911213399,0,0.849682265149109,0.64947591161752,0.214841168103658
199.4,0,336.905006745903,0.0012227683712159,0.847203795766519,0.650124435745141,0.216284169406604
199.41,0,337.354751503218,0,0.849040796695736,0.652401974830169,0.215613651860161
199.42,0,337.805086102388,0,0.850354591824214,0.65072150851406,0.216857321609217
199.43,0,338.255951298352,0.00151151306729813,0.852755121965862,0.649842140007776,0.214014630914643
199.44,0,338.707288001904,0,0.850011439786905,0.652038323683631,0.215518634049987
199.45,0,339.159037297425,0.00300696833501583,0.853163991863205,0.650717532189356,0.21799559897138
199.46,0,339.611140460425,0.00143896540526779,0.850098012866359,0.652760839067767,0.2161357963157
199.47,0,340.063538974884,0,0.851525332242937,0.650940910705164,0.214518081899505
199.48,0,340.516174550367,0,0.853208274034082,0.652343484908224,0.217416784024322
199.49,0,340.968989138928,0.000376425415214997,0.854754796477573,0.651334646651341,0.216038672008795
199.5,0,341.421924951797,0,0.853914287712963,0.650822486333237,0.214351801511179
199.51,0,341.874924475846,0,0.854776953547445,0.649829876507451,0.216243064660175
199.52,0,342.327930489811,0.00278839627473533,0.856309193807701,0.650987416976197,0.21309330410359
199.53,0,342.780886080308,0,0.852142647337177,0.649982047850133,0.216383261692019
199.54,0,343.233734657594,0.00241175686812441,0.85492133205383,0.649494600530563,0.213166641619307
199.55,0,343.686419971107,0.00125514382639299,0.856645097108172,0.648858698155734,0.217436836346046
199.56,0,344.138886124752,0.00142310644726497,0.857902258577029,0.648302715014191,0.214190740827973
199.57,0,344.591077591965,0.000325836308178231,0.857498965658388,0.647594963771237,0.215622490579754
199.58,0,345.042939230512,0.000732731544713575,0.856939820889845,0.650252518711149,0.21368014089549
199.59,0,345.49441629705,0,0.859014422289551,0.648674221325834,0.215216737326395
199.6,0,345.945454461448,0.00209237546525367,0.860078296274991,0.650782561464833,0.21454223300919
199.61,0,346.395999820841,0,0.859501944146152,0.649067724171133,0.215698933825292
199.62,0,346.845998913446,0,0.858991336053447,0.6502178123261,0.21372835495849
199.63,0,347.295398732113,0,0.860233271979073,0.648648560992364,0.214913483089385
199.64,0,347.74414673763,0,0.859955173485907,0.645839796278956,0.213397757296691
199.65,0,348.19219087176,0,0.859792187553686,0.648291066553516,0.214663216490714
199.66,0,348.639479570031,0,0.861302381884604,0.649737289291418,0.217353159894456
199.67,0,349.085961774263,0.00187443920631458,0.860769037917536,0.645997533868486,0.214227288819386
199.68,0,349.531586944821,0.000811647752781378,0.862507889403941,0.648266650307748,0.214579101840395
199.69,0,349.976305072633,0.00155283306599596,0.860941846041595,0.650641184521923,0.216070844858317
199.7,0,350.420066690923,0.000585090166552159,0.862754697937977,0.645258732407268,0.216860400380974
199.71,0,350.862822886686,0.00225588059316297,0.861587341961474,0.649506930907614,0.214969258304051
199.72,0,351.30452531191,0,0.8632260614311,0.649501929526375,0.215035239535608
199.73,0,351.745126194522,0,0.861938085973207,0.646611145393589,0.214829912822089
199.74,0,352.184578349068,0.000363565541242632,0.863012767189806,0.647379516396555,0.21714402292366
199.75,0,352.622835187145,0.0015846229340149,0.86289443171652,0.644955711014449,0.21395607486143
199.76,0,353.059850727544,0,0.863771918356032,0.647325520444369,0.21695019916174
199.77,0,353.495579606151,0,0.863959736937193,0.648383639071567,0.216384898030237
199.78,0,353.929977085559,0.00230776939095854,0.864503304069576,0.646892260227302,0.216516084268401
199.79,0,354.362999064437,0,0.865576112153224,0.645739151189306,0.211366514241256
199.8,0,354.794602086622,0,0.868724831721278,0.646378404549132,0.213976103712963
199.81,0,355.224743349939,0,0.867275871812624,0.648185180893112,0.214394538578748
199.82,0,355.653380714772,0,0.86675550231045,0.645558007592801,0.213520553242831
199.83,0,356.08047271236,0,0.869359669344397,0.646341890859258,0.215570709071851
199.84,0,356.505978552827,0,0.868819117892136,0.647366519287386,0.214050464396689
199.85,0,356.929858132954,0.000888143941833911,0.866613732848318,0.644203381823689,0.216328230077198
199.86,0,357.352072043686,0.000851738962622543,0.866594064156671,0.644043903753031,0.216511788044663
199.87,0,357.772581577364,0.000991182023728016,0.868236806338892,0.645656995501434,0.21755868371539
199.88,0,358.191348734719,0,0.867737644520139,0.643877032651829,0.215087623458995
199.89,0,358.608336231575,0,0.870609667288593,0.64668807300126,0.215382867595054
199.9,0,359.023507505307,0,0.870883185191587,0.64705917823315,0.213631609615984
199.91,0,359.436826721041,0,0.869570077717808,0.646044901109386,0.215979165311087
199.92,0,359.848258777577,0,0.872742511755207,0.645073767342571,0.213600924288525
199.93,0,360.257769313069,0.000387370444213805,0.872626862247651,0.645721676898464,0.213220723959602
199.94,0,360.665324710435,0,0.871667813098909,0.647086971978448,0.216591975197102
199.95,0,361.070892102518,0,0.871819840122097,0.645634051598475,0.21533306636794
199.96,0,361.474439376974,0,0.874367742868236,0.643201560878848,0.217129028239421
199.97,0,361.875935180925,0,0.871970333145239,0.643341468533627,0.21429639156198
199.98,0,362.275348925336,0,0.876430959046409,0.645642573638448,0.216403777996991
199.99,0,362.67265078915,0.000280088726327137,0.877789371478048,0.642500775287959,0.214188956203416
200,0.2,363.06781172316,0,0.873906351054514,0.648236742022758,0.216022663263556
