time,CV,F,X_prime,P1_prime,P2_prime,T_prime
0,0.1,358.685947530769,0.0015904364123877,0.876839744812112,0.650831841108068,0.214553371322623
0.01,0.1,358.895416654447,0.00104807537929535,0.877369723292683,0.648710330717125,0.217904502145118
0.02,0.1,359.104792951336,0.00204773839909424,0.877292842614723,0.64928400525646,0.216043008907636
0.03,0.1,359.314105598537,0.000385106621798412,0.87626909241403,0.65124975170293,0.215596793981906
0.04,0.1,359.523383673126,0,0.877806356287727,0.651764927665697,0.215464168273245
0.05,0.1,359.732656136454,0,0.877523503362016,0.647719886302511,0.216176674636325
0.06,0.1,359.941951818512,0,0.877425054716597,0.653157492753831,0.213477388728226
0.07,0.1,360.151299402349,0.000498745149194543,0.877242818141964,0.652053105651742,0.215494969701632
0.08,0.1,360.360727408545,0.000155079958551659,0.879425538616424,0.652091828454482,0.214735910947529
0.09,0.1,360.570264179772,0,0.878606571393849,0.649739003621763,0.216507396682896
0.1,0.1,360.779937865417,0,0.878865938827587,0.649640385421025,0.214332347746348
0.11,0.1,360.989776406299,0,0.879113975080269,0.650054118050757,0.217054724015278
0.12,0.1,361.199807519472,0.000673470324274201,0.877955642445302,0.651809125892785,0.215940265538109
0.13,0.1,361.410058683134,0.0019004365964407,0.881099539052873,0.64945933865359,0.214081974904598
0.14,0.1,361.62055712163,0.000656869273196019,0.881951361836688,0.653831735520487,0.213572120950901
0.15,0.1,361.831329790573,0.000585957452008616,0.880716099363861,0.65252664562862,0.21816127022716
0.16,0.1,362.042403362086,0.00167301749494063,0.881953780105765,0.650608538551747,0.217247321936835
0.17,0.1,362.253804210161,0.000681150507188553,0.882501065726496,0.652297680516702,0.214691957526146
0.18,0.1,362.465558396161,0.000454291666673705,0.882093632957049,0.647354360554134,0.215567646144492
0.19,0.1,362.677691654448,0,0.885293699097474,0.652819326260933,0.213852647227215
0.2,0.1,362.890229378169,0.000806125858957328,0.882969282734547,0.651541498269094,0.215053964044551
0.21,0.1,363.103196605184,0.000509300735130238,0.885568482076835,0.652958320307905,0.21638900839084
0.22,0.1,363.316618004159,0,0.880684444730583,0.650933680002048,0.215344946839558
0.23,0.1,363.530517860823,0,0.881519429561252,0.652515040115914,0.214609903561868
0.24,0.1,363.744920064393,0.000630002611568108,0.884759063093196,0.65120509198527,0.214437722932507
0.25,0.1,363.959848094185,0,0.885685115724646,0.653145917529394,0.216756088601841
0.26,0.1,364.175325006401,0,0.885285024362749,0.652616673593583,0.215165470988721
0.27,0.1,364.391373421116,0,0.885342516522912,0.652671994449869,0.21381639838119
0.28,0.1,364.608015509453,0.00116320568959533,0.887150700398344,0.654251923829964,0.213812283306238
0.29,0.1,364.82527298097,0.000497366167960295,0.886920961533679,0.654238959506974,0.214902348823127
0.3,0.1,365.043167071254,0,0.886144339715675,0.653213710775207,0.217678173057849
0.31,0.1,365.261718529729,0,0.888588074049533,0.652932277878453,0.217356405566103
0.32,0.1,365.480947607688,0,0.886555647444393,0.651030464089982,0.21504720395413
0.33,0.1,365.700874046551,0.00276096232739813,0.889673585436116,0.654365525323121,0.214950230823822
0.34,0.1,365.92151706636,0,0.886426108582313,0.652656810127526,0.217366443651491
0.35,0.1,366.14289535451,0,0.888645049552793,0.655120429941619,0.217902826969773
0.36,0.1,366.365027054725,0.00120202958343099,0.886785312900198,0.655753769201573,0.214905024436632
0.37,0.1,366.587929756286,0,0.887898922055857,0.657490505023208,0.215018150665737
0.38,0.1,366.811620483515,0.00231073342368822,0.890412424454087,0.655062592585161,0.213611760194859
0.39,0.1,367.036115685516,0,0.89089934583659,0.653307230234215,0.214961147861883
0.4,0.1,367.261431226185,0.000864488552660981,0.890466089540866,0.654252682930081,0.216801828919246
0.41,0.1,367.487582374492,0,0.888146169155686,0.653560882082612,0.216123680103823
0.42,0.1,367.714583795037,0,0.893345163533718,0.656501904539211,0.217255032225721
0.43,0.1,367.942449538883,0.00247159321682592,0.889217675608349,0.655746878496694,0.212613600793917
0.44,0.1,368.171193034682,0,0.893237389636797,0.657460863735021,0.213782225017336
0.45,0.1,368.40082708008,0,0.892311130379517,0.653375501726506,0.215215054135487
0.46,0.1,368.631363833427,0.00178870677793159,0.893713185356173,0.653348052525295,0.214681310336309
0.47,0.1,368.862814805774,0,0.890533925062464,0.655635742365455,0.213301013467179
0.48,0.1,369.095190853176,0.0022898840386322,0.895685457344837,0.657042588759577,0.217583358255333
0.49,0.1,369.328502169302,0,0.893257003120187,0.655032776309391,0.215311665157095
0.5,0.1,369.56275827835,0,0.891282620811613,0.651848103361633,0.214284439452232
0.51,0.1,369.797968028277,0,0.89274146921282,0.656507416009824,0.215881050101621
0.52,0.1,370.034139584339,0,0.895193078927619,0.654917027034232,0.215039763793659
0.53,0.1,370.271280422959,0.000621802961441602,0.896794696498668,0.654673564339171,0.215759904992714
0.54,0.1,370.509397325907,0.00206307544884678,0.896087862806751,0.655469344730424,0.212569314080718
0.55,0.1,370.748496374807,0.000116216040950707,0.896321936697219,0.655889974063109,0.213136838654353
0.56,0.1,370.98858294597,0.000192472556859112,0.896206015047174,0.652676917210188,0.21542343056931
0.57,0.1,371.22966170556,0.00098604920059797,0.895798289028464,0.657040790848565,0.21543690408072
0.58,0.1,371.471736605081,0.00302005542645349,0.897384203522355,0.654175094725852,0.214798268552414
0.59,0.1,371.714810877206,0,0.898600962714101,0.652743950610941,0.216348190378758
0.6,0.1,371.958887031934,0,0.894355399901532,0.657571289413314,0.210319300384087
0.61,0.1,372.20396685309,0.00177710233213938,0.900411172384345,0.654587334179613,0.213918167186842
0.62,0.1,372.450051395148,0,0.900041281359506,0.653577045611496,0.214955567567372
0.63,0.1,372.697140980415,0.000813164503835432,0.898058336809933,0.654310873676269,0.214269295720289
0.64,0.1,372.945235196526,0.00101548589389924,0.898908082875866,0.656076495875001,0.215048920088688
0.65,0.1,373.194332894305,0.000803830180536098,0.899958387521499,0.657316278527694,0.215439385746312
0.66,0.1,373.444432185948,0,0.898993636230371,0.656896457327637,0.214831870265167
0.67,0.1,373.695530443558,0,0.899368597476416,0.655454518974061,0.215343005361484
0.68,0.1,373.947624298012,0,0.899726036915479,0.656484070332071,0.215260625755377
0.69,0.1,374.200709638175,0.00167460403273641,0.902010963848725,0.657509738914674,0.211895080778128
0.7,0.1,374.454781610452,0,0.901026249198204,0.657850825518317,0.215375185384767
0.71,0.1,374.709834618681,0,0.902975313682439,0.657752168909705,0.216054129013574
0.72,0.1,374.965862324363,0.00239421197707594,0.901395103603793,0.656981232453642,0.216151569262677
0.73,0.1,375.222857647232,0,0.90156517281355,0.657770343498331,0.214536399210778
0.74,0.1,375.480812766163,0.000315794893956485,0.901834730384351,0.656436847169241,0.214396830703305
0.75,0.1,375.739719120412,0,0.90189908209088,0.655688237241804,0.216144950220783
0.76,0.1,375.999567411197,0,0.901414889942323,0.658300561383305,0.214635277467083
0.77,0.1,376.260347603607,0.000470390912327044,0.902442040732861,0.655099115271452,0.216554402969865
0.78,0.1,376.52204892884,0.00314836487362104,0.903959412256623,0.656261237604564,0.214642210098709
0.79,0.1,376.78465988678,0,0.905756223789983,0.656454592255361,0.214840796283078
0.8,0.1,377.048168248887,0,0.90548290658431,0.655774192934118,0.212532257325862
0.81,0.1,377.312561061424,0,0.905453970220183,0.656227425943001,0.213591079512563
0.82,0.1,377.577824648995,0.00101990582510489,0.905285846174299,0.656381303551041,0.2118722739438
0.83,0.1,377.843944618413,0,0.903226218386885,0.656696775272127,0.215313980341489
0.84,0.1,378.110905862871,0.00334928165577619,0.906992462801633,0.658368330251757,0.215226260008724
0.85,0.1,378.378692566441,0.0022995523461232,0.908683190057013,0.656584767863079,0.216753306283834
0.86,0.1,378.647288208872,0.00224371873340816,0.905895040678165,0.655973913470707,0.215941621263393
0.87,0.1,378.916675570695,0.001820636846838,0.905873999996146,0.65603623091178,0.216137428714419
0.88,0.1,379.186836738635,0.000246924285120768,0.907389670090429,0.657851449816016,0.213023085514597
0.89,0.1,379.457753111325,0.000527747306474481,0.906957735223401,0.658319142202685,0.212215121666954
0.9,0.1,379.729405405303,0,0.90802018651747,0.656016164788223,0.216507967717476
0.91,0.1,380.001773661311,0,0.907733322850728,0.655173692749421,0.214919573669382
0.92,0.1,380.274837250881,0,0.909267286193393,0.657671726848461,0.214462694784143
0.93,0.1,380.548574883193,0.00395290066695416,0.909181690468415,0.659161683636938,0.215369391164046
0.94,0.1,380.822964612226,0.000896089039651375,0.912354092550477,0.657513781815002,0.219538159203464
0.95,0.1,381.097983844171,0,0.912457485099115,0.657381496260395,0.215001921682762
0.96,0.1,381.373609345118,0,0.91244383705573,0.655265461556336,0.218300595094987
0.97,0.1,381.649817249008,0,0.910211776881692,0.653214913377273,0.213032909184372
0.98,0.1,381.926583065841,0.00103473375444298,0.910140086111772,0.658691217457317,0.214578218109311
0.99,0.1,382.20388169014,0.000493375538436211,0.912993597373449,0.654715884209019,0.214547335684867
1,0.1,382.481687409665,0,0.911674234264016,0.656033152784987,0.215096353436199
1.01,0.1,382.759973914369,0.00249701908045494,0.913077069106696,0.655484400304606,0.216511120771544
1.02,0.1,383.038714305594,0,0.911412387597858,0.656637189598681,0.216317476892624
1.03,0.1,383.317881105501,0.00214987529753387,0.912482046785062,0.656374563851915,0.21531627530708
1.04,0.1,383.597446266721,0,0.911305302341494,0.656488107224745,0.213596508430652
1.05,0.1,383.877381182239,0,0.913216273279702,0.653749776817914,0.215868986135033
1.06,0.1,384.157656695485,0.00121193492074625,0.912839643871158,0.654587438833748,0.213144408368087
1.07,0.1,384.438243110639,5.42484569753842e-05,0.915396250536758,0.653997209739016,0.214796492512882
1.08,0.1,384.719110203144,0,0.91326740950895,0.655156297969502,0.215928506303353
1.09,0.1,385.00022723041,0.00121142243171616,0.914496810846148,0.655091722682799,0.216205878220347
1.1,0.1,385.28156294272,0,0.914962478499377,0.654470426489021,0.214269385571773
1.11,0.1,385.563085594314,0.00126158457871179,0.914265451852746,0.659355809484883,0.213576018812062
1.12,0.1,385.844762954667,0.00169904240743562,0.914136467289223,0.655141891549229,0.213796709548041
1.13,0.1,386.126562319924,0,0.916412089621473,0.656884990912686,0.213843669633079
1.14,0.1,386.408450524523,0.00186025736297524,0.915781088371385,0.655672950139212,0.215031178449879
1.15,0.1,386.690393952965,0.000854308355155398,0.914778031164792,0.65302712669272,0.214573318895766
1.16,0.1,386.972358551751,0.000947026979052987,0.916593240246802,0.654867084728609,0.216622806281387
1.17,0.1,387.254309841466,0,0.916019693871683,0.655455763345187,0.214359955015708
1.18,0.1,387.536212929006,0.00193736322887489,0.920473578729892,0.650526491364935,0.219144985457877
1.19,0.1,387.818032519943,0,0.915984163891596,0.656201519835027,0.216782903409004
1.2,0.1,388.099732931028,0,0.918881580327854,0.654082726933129,0.215202173242919
1.21,0.1,388.381278102812,0,0.919007916979339,0.656514825939267,0.217647533952513
1.22,0.1,388.662631612389,0,0.918950588825129,0.655650183456023,0.2168629836695
1.23,0.1,388.943756686258,7.50834406581735e-05,0.919937708482159,0.652620263042519,0.211815232799582
1.24,0.1,389.22461621328,0.0017903614180514,0.919140301306219,0.656935266817271,0.215082035843913
1.25,0.1,389.50517275775,0.000871359397190984,0.919325339560586,0.655010708589825,0.214731956396549
1.26,0.1,389.785388572555,0.000340305461365037,0.920649656723989,0.655631551035185,0.214167529409818
1.27,0.1,390.065225612422,0,0.919980170742236,0.652807786021512,0.216096094547361
1.28,0.1,390.34464554725,0.0027280711376627,0.920608091067707,0.655870413557281,0.212893962187889
1.29,0.1,390.623609775522,0,0.924157960079231,0.653746040173953,0.214339845138876
1.3,0.1,390.902079437776,0.00165659341095689,0.921944642729339,0.653505345943324,0.213462316331267
1.31,0.1,391.180015430157,0,0.922862341215863,0.652438042902872,0.213940491403385
1.32,0.1,391.457378418013,0.00108021865010657,0.920484475898255,0.655487453929986,0.217899723763528
1.33,0.1,391.734128849552,0,0.920033534097948,0.652694828299786,0.213132993197344
1.34,0.1,392.010226969542,2.68537550851162e-05,0.920130201941285,0.654447449723158,0.215554391641546
1.35,0.1,392.285632833054,0.000164320055438749,0.922405950825904,0.654696536301202,0.21331736846781
1.36,0.1,392.560306319237,0,0.921604727272842,0.651954565093522,0.216570797901019
1.37,0.1,392.834207145129,0.000946762348172772,0.92302063771574,0.651258612278431,0.214468057753316
1.38,0.1,393.107294879481,1.19740486304906e-05,0.922629053322565,0.650257839497169,0.213814260069258
1.39,0.1,393.379528956613,3.46957079075874e-05,0.922417932370266,0.65213706713296,0.215057693389751
1.4,0.1,393.650868690267,0,0.920932153632413,0.652260291410601,0.213001906941775
1.41,0.1,393.921273287478,0,0.924457961139887,0.65445703922166,0.21848126880478
1.42,0.1,394.190701862446,0,0.919313054980432,0.652624709256214,0.215886397108034
1.43,0.1,394.459113450398,0.00138811803477745,0.923783290622339,0.650660062060936,0.21409406107097
1.44,0.1,394.726467021443,0.00136136047877113,0.925157452326592,0.651223938020699,0.216076022731001
1.45,0.1,394.992721494421,0,0.92470810867822,0.654328627341203,0.215543483848003
1.46,0.1,395.257835750718,0.00122438993675656,0.926968321740967,0.650656764513115,0.214306021667746
1.47,0.1,395.521768648069,0.000672722488771029,0.925914850461296,0.651075337660536,0.214808700075057
1.48,0.1,395.784479034325,0,0.926955815584837,0.649759718974935,0.216558998102119
1.49,0.1,396.045925761184,0.000728650729574877,0.924724498627392,0.652255626110441,0.214666047074497
1.5,0.1,396.306067697894,0.000501297781277488,0.925066051491027,0.650680316318314,0.216071282882642
1.51,0.1,396.564863744893,0,0.926197024906141,0.650503389816692,0.214011269680873
1.52,0.1,396.822272847419,0,0.923956484871958,0.649557497947688,0.216929741247373
1.53,0.1,397.078254009053,0.00120020746728052,0.927796281324363,0.652020675705785,0.216104398992322
1.54,0.1,397.332766305214,0.0019459726448921,0.927430208387538,0.653748494442457,0.218347732660939
1.55,0.1,397.585768896581,0.000441929160589714,0.926476716402261,0.649820742350842,0.213977760579647
1.56,0.1,397.837221042459,0,0.926976343113493,0.649231116649526,0.216464508647345
1.57,0.1,398.087082114069,0.0016026341590592,0.926840960955526,0.652283992742033,0.214410830419627
1.58,0.1,398.335311607756,0,0.926532910666992,0.646837987195706,0.215164682243551
1.59,0.1,398.581869158133,0.000422856390912737,0.92684750044808,0.6500602949733,0.213909829130767
1.6,0.1,398.826714551126,0.000529617131704954,0.928478154890184,0.649550574739357,0.215337508832025
1.61,0.1,399.069807736942,0,0.926320478471403,0.648324481838206,0.216755258193699
1.62,0.1,399.31110884294,0,0.927737444666236,0.649391998758648,0.213810150079826
1.63,0.1,399.550578186409,0,0.929162495205627,0.648263805618066,0.214902151088569
1.64,0.1,399.788176287247,0,0.930398475295984,0.649838677441304,0.214476372349885
1.65,0.1,400.023863880538,0,0.928669295662301,0.64922223220482,0.216507687604007
1.66,0.1,400.257601929021,0.00187857009480449,0.928844119752726,0.64828298073272,0.215428170596512
1.67,0.1,400.489351635452,0.000641541757043843,0.930676378908693,0.646486193923361,0.216159956713537
1.68,0.1,400.719074454854,0.000912528320737259,0.929516446557282,0.646878961356886,0.213103413104049
1.69,0.1,400.946732106643,0.000312448966870187,0.930195849301593,0.64985241892894,0.214970626310405
1.7,0.1,401.172286586648,0,0.92966254271524,0.647814819930131,0.214854745441071
1.71,0.1,401.395700178994,0,0.931554772622291,0.647066724394514,0.215492920791224
1.72,0.1,401.616935467871,0,0.930612174267389,0.648456691133649,0.214787903857888
1.73,0.1,401.83595534917,0,0.930742344705277,0.649013803212673,0.214840538490847
1.74,0.1,402.052723041983,0.000682572713789538,0.930342785763737,0.643902405588866,0.218400516244182
1.75,0.1,402.267202099978,0.000921399454957651,0.929866259063555,0.647213042391543,0.213792581873096
1.76,0.1,402.479356422628,0,0.931162658797934,0.647420307140089,0.215404386042261
1.77,0.1,402.689150266308,0,0.932167549735829,0.645903855438342,0.214195780935165
1.78,0.1,402.896548255241,0.000143116813199656,0.929847267173037,0.648945730036315,0.213837355411304
1.79,0.1,403.101515392309,0,0.93487694366501,0.647512662664015,0.216403710973591
1.8,0.1,403.304017069709,0.00145617566558692,0.931129171850019,0.648620360508336,0.212087448693841
1.81,0.1,403.504019079463,0,0.933341300086986,0.650604797567407,0.214543560745709
1.82,0.1,403.701487623772,0,0.932065122099134,0.645341843138613,0.215422607255119
1.83,0.1,403.896389325225,0.000368481480818538,0.932558901942122,0.646698587261952,0.212749320370067
1.84,0.1,404.088691236838,3.03870959754714e-05,0.931720060570364,0.645542097501196,0.214189370514247
1.85,0.1,404.278360851946,0.00252086855690179,0.934331624248234,0.645773929759476,0.214365975956221
1.86,0.1,404.465366113928,0.000609329021015487,0.933667306758631,0.645263963195797,0.21537676108746
1.87,0.1,404.649675425773,0,0.931962576835865,0.64949857438095,0.214044490758967
1.88,0.1,404.83125765948,0,0.932610398479459,0.645307069337086,0.216120002755901
1.89,0.1,405.01008216529,0.00134626679566341,0.9326037115299,0.643654533468015,0.21625349950787
1.9,0.1,405.186118780752,0.000867764106131891,0.933579761106387,0.647147777623479,0.214044855808446
1.91,0.1,405.359337839619,0,0.933618208464607,0.645685428236807,0.212062327726078
1.92,0.1,405.529710180572,0,0.934544478821847,0.64604347289524,0.215187953611842
1.93,0.1,405.69720715577,0,0.935557638678057,0.644282331933525,0.216309551558357
1.94,0.1,405.861800639227,0.000702392994247452,0.934838284705901,0.646577357765951,0.214869386553629
1.95,0.1,406.023463035012,0.000656816988559373,0.932502790129296,0.645375989667255,0.213818029993913
1.96,0.1,406.182167285271,0,0.933777178183609,0.645415419238774,0.214110138527222
1.97,0.1,406.337886878067,2.40156873250073e-05,0.933034573491281,0.642952605500677,0.214098241159042
1.98,0.1,406.49059585505,0,0.934577135707328,0.644821662182279,0.214212476746272
1.99,0.1,406.640268818931,0.00157754913561864,0.935526307857571,0.644111786698927,0.216915730455174
2,0.1,406.786880940784,2.25909949398107e-05,0.933499886956852,0.645011731041086,0.214276120443342
2.01,0.1,406.930407967157,0,0.933625985485397,0.640986539896377,0.214532156449541
2.02,0.1,407.070826227004,0.000135743457183929,0.932570711360793,0.645066422900535,0.215934853033095
2.03,0.1,407.208112638427,0.000697923609718097,0.936434047059889,0.64439303043551,0.214911372514629
2.04,0.1,407.342244715226,0.00204998785759834,0.936314955656775,0.64368840969389,0.216596045524484
2.05,0.1,407.473200573272,0,0.934757236056522,0.642017862653393,0.215546560005471
2.06,0.1,407.600958936681,1.75448324993412e-05,0.935433340423323,0.644090023133376,0.214174270744166
2.07,0.1,407.725499143799,0.000538215524134658,0.935556197906771,0.64330760681192,0.214514014689437
2.08,0.1,407.846801153003,0.000615709636167568,0.935335496361634,0.642391053770901,0.210683086193275
2.09,0.1,407.964845548296,0.000726029633367774,0.933404235163783,0.641120500384536,0.213143300298688
2.1,0.1,408.079613544729,0,0.936890511415588,0.645856391392092,0.217665033386065
2.11,0.1,408.191086993605,0,0.934502188659215,0.642884810464742,0.212128505686503
2.12,0.1,408.299248387514,0,0.93354770215163,0.646130538950309,0.21499266461605
2.13,0.1,408.404080865152,0.000673213470408727,0.934556146985733,0.644558455584244,0.21663526814274
2.14,0.1,408.505568215957,0,0.939052043425055,0.642542383092202,0.21213583832232
2.15,0.1,408.603694884544,0.000154234681708195,0.937453458167434,0.642010037098993,0.21422449570701
2.16,0.1,408.698445974945,0,0.938392884705066,0.642926522562329,0.217538632182237
2.17,0.1,408.789807254648,0,0.936327350740569,0.645853591200828,0.21506257548633
2.18,0.1,408.877765158442,0.00269739017399717,0.934779611727541,0.642658544696304,0.215925624112101
2.19,0.1,408.962306792063,0.000959567856439359,0.934987111042672,0.644446810209145,0.213131593881581
2.2,0.1,409.043419935638,0,0.936448792040741,0.643514435996414,0.21244970549782
2.21,0.1,409.121093046935,0,0.934782589297656,0.645057984435293,0.215923448849231
2.22,0.1,409.195315264407,0,0.935745242564019,0.64514316321953,0.214423055262239
2.23,0.1,409.266076410043,0,0.933935839986189,0.644777723798233,0.214227687509539
2.24,0.1,409.33336699201,0,0.936677787757157,0.642982964902242,0.216896524131609
2.25,0.1,409.397178207104,0.00129821072377352,0.936501528253842,0.643774989731519,0.214616951410701
2.26,0.1,409.457501942994,0,0.938659323613049,0.643748051585426,0.213212649207457
2.27,0.1,409.514330780262,0.00197771133078775,0.935826189914276,0.644625992749359,0.214404545635277
2.28,0.1,409.567657994253,0,0.936489839513644,0.642603583791242,0.217297371156808
2.29,0.1,409.617477556708,0.00175880933661974,0.935974684518745,0.643847898981414,0.213578090819088
2.3,0.1,409.663784137211,0.00081340611526002,0.935202276500555,0.643263926550047,0.216284090759841
2.31,0.1,409.706573104421,0.000340857023975967,0.936196179295858,0.646089673451658,0.214173348633542
2.32,0.1,409.745840527107,0,0.935952935365803,0.645617079300876,0.214542238140239
2.33,0.1,409.781583174986,0,0.939184208615133,0.642278026520417,0.214021089607211
2.34,0.1,409.81379851935,0.000460894158586875,0.937032567664235,0.644055543627068,0.218682418219444
2.35,0.1,409.842484733494,0,0.935789963829228,0.640412823119902,0.215075592005331
2.36,0.1,409.867640692946,0,0.938032082070642,0.642793017134827,0.214727826036217
2.37,0.1,409.88926597549,0.000252067525607879,0.936729646449989,0.644405044849788,0.216876194416034
2.38,0.1,409.907360860986,0,0.937127832982177,0.643341852524058,0.213393530177315
2.39,0.1,409.921926330993,0,0.937356492801916,0.64406906164594,0.213809495824514
2.4,0.1,409.932964068185,0.000916521790351564,0.936108292528648,0.645854014000704,0.213629696306906
2.41,0.1,409.940476455567,0,0.936473713948811,0.644759801181345,0.216790264312928
2.42,0.1,409.944466575492,0.00136450089692339,0.937627492277236,0.644232666683042,0.213194381970759
2.43,0.1,409.944938208469,0.000291134807669714,0.937329482532562,0.644056546103209,0.21346006788604
2.44,0.1,409.941895831778,0.00151244031760349,0.936219504399977,0.643080090280259,0.215046407408113
2.45,0.1,409.93534461788,0.00312411148393995,0.935220894943731,0.643274077522291,0.214789540626576
2.46,0.1,409.925290432623,0.00124518313597777,0.937644110434406,0.644561793691735,0.216399171676401
2.47,0.1,409.911739833253,0.000461557978150398,0.939108689259698,0.645273845743193,0.215772771620795
2.48,0.1,409.894700066224,0,0.935910886601536,0.646582791688285,0.21479435052488
2.49,0.1,409.874179064799,9.1526708403417e-05,0.937459391105895,0.645136719436516,0.21493267173482
2.5,0.1,409.850185446467,0,0.93411533453851,0.6422594839269,0.21467676843043
2.51,0.1,409.822728510145,0,0.938623005645155,0.644319395815419,0.214771323497099
2.52,0.1,409.791818233192,0.000808791890371396,0.936451418613734,0.643448750826517,0.216301120636116
2.53,0.1,409.757465268218,0.001206493543879,0.934057898463868,0.64487619526299,0.218212554236045
2.54,0.1,409.719680939701,8.64006148422761e-06,0.935506839148484,0.644696473554293,0.215524945318241
2.55,0.1,409.6784772404,0.00062085125195393,0.935503561397788,0.643973138139205,0.211854355507582
2.56,0.1,409.633866827574,0.00211656429823566,0.937783505004987,0.644983425497324,0.213469973837126
2.57,0.1,409.585863019007,0,0.940064085897596,0.642813659699261,0.212630182288846
2.58,0.1,409.534479788834,0,0.938099816316183,0.644534987477091,0.214635293075285
2.59,0.1,409.47973176317,0,0.936188882621886,0.64404721232737,0.214225504723493
2.6,0.1,409.421634215551,0.00120274810830589,0.935589314937658,0.64671480671141,0.212225363823739
2.61,0.1,409.360203062175,0,0.934405863007164,0.643469219088853,0.213645474336655
2.62,0.1,409.295454856953,0.00177152584525525,0.937644301591654,0.643164655004493,0.215901600681076
2.63,0.1,409.227406786366,0.00146497240858267,0.937235393578278,0.645372889714485,0.211664207662677
2.64,0.1,409.156076664131,2.53787357203586e-05,0.935848962451328,0.644191344648788,0.214712339015445
2.65,0.1,409.081482925677,0.000200436444933598,0.935496974753236,0.646408163840239,0.213134695601533
2.66,0.1,409.003644622431,0.00181535191373346,0.938141771992699,0.642993868387227,0.217242241204467
2.67,0.1,408.922581415914,0,0.939278359327959,0.643062422360053,0.216003615672445
2.68,0.1,408.83831357165,0,0.93754059333381,0.647261860005591,0.216807345987454
2.69,0.1,408.750861952886,0.00269576248541992,0.937974875529878,0.64435946519121,0.21433347630354
2.7,0.1,408.66024801413,0,0.936058896469131,0.645022367707478,0.214494717495058
2.71,0.1,408.566493794502,0.00151357854009372,0.937194741805496,0.646872250761337,0.214307365674819
2.72,0.1,408.469621910897,0,0.939270034562808,0.64679168749797,0.215960386309403
2.73,0.1,408.369655550975,0.000796380767566471,0.937281086453832,0.645569888871593,0.213559629639987
2.74,0.1,408.266618465959,0.000653589341265771,0.937688256554008,0.64628368105193,0.213757420106121
2.75,0.1,408.160534963262,0,0.937891174550393,0.644851553715149,0.211359564117709
2.76,0.1,408.051429898927,0,0.938309569454031,0.645150923023628,0.215908894279387
2.77,0.1,407.939328669897,0,0.934772861423638,0.647039579198267,0.21506625481797
2.78,0.1,407.824257206104,0,0.937359162630543,0.64757297873064,0.213805776463283
2.79,0.1,407.706241962385,0.00115368409408154,0.936706884573475,0.643932734679662,0.216436783365104
2.8,0.1,407.585309910224,0.00183468116954797,0.933715760161721,0.643894057244359,0.215173581835922
2.81,0.1,407.461488529324,0.0014915594579953,0.936284679858767,0.647109383476917,0.213831638587101
2.82,0.1,407.334805799009,0,0.936298773184842,0.64667109024847,0.213007093939405
2.83,0.1,407.205290189456,0,0.935514103377864,0.647494141156598,0.217078772523048
2.84,0.1,407.072970652759,0,0.934758998347466,0.644839275990925,0.214611035614349
2.85,0.1,406.937876613836,0,0.93856863910663,0.647346167457123,0.216546663538654
2.86,0.1,406.800037961165,0.000985740150704329,0.936343744214565,0.647139444767491,0.213535647517909
2.87,0.1,406.659485037358,0.000852712535697391,0.934318652015913,0.647122860567851,0.21791123166292
2.88,0.1,406.516248629586,0,0.935121331442743,0.646719606941919,0.21662933906508
2.89,0.1,406.370359959836,0,0.934509662785363,0.646100152122948,0.214522125619033
2.9,0.1,406.221850675021,0,0.935883072215199,0.647244203997576,0.214747594856068
2.91,0.1,406.07075283693,0,0.935105579189338,0.646959329929944,0.215794325942234
2.92,0.1,405.917098912032,0.000937667656662266,0.935684015196417,0.647679727251692,0.216177651117878
2.93,0.1,405.760921761135,0,0.933611868405108,0.648452362259505,0.216708493819893
2.94,0.1,405.602254628889,0.00219041909446946,0.935180405558189,0.648465780186108,0.215967704609096
2.95,0.1,405.441131133153,0.00160148387253314,0.935832261681894,0.649585040378924,0.217340671892091
2.96,0.1,405.277585254222,9.74767461145437e-05,0.935704726780772,0.651700115807584,0.213687371909946
2.97,0.1,405.111651323908,0,0.933861812562824,0.646420998779723,0.217380483491828
2.98,0.1,404.943364014494,0,0.933889171141763,0.649341571117755,0.215186315114458
2.99,0.1,404.772758327547,0,0.934356777631368,0.649429197871644,0.214162225381143
3,0.1,404.599869582604,0,0.935367710472178,0.650341198175861,0.214058241756511
3.01,0.1,404.424733405732,0,0.935184862739422,0.647974934843211,0.217072276633273
3.02,0.1,404.247385717963,0,0.933037036568173,0.647663202668522,0.214306417804386
3.03,0.1,404.067862723598,0.00247978263168046,0.93420395237461,0.649429267674587,0.215668075281292
3.04,0.1,403.88620089841,0,0.933328473917109,0.648990122946227,0.21333179097135
3.05,0.1,403.702436977713,0,0.934303309620555,0.64893025265188,0.216779345028567
3.06,0.1,403.516607944334,0,0.933400812430452,0.648288650550108,0.213938304965106
3.07,0.1,403.328751016461,0,0.934427242263884,0.648788140991748,0.213743912891372
3.08,0.1,403.138903635401,0,0.934065051817418,0.649862861984501,0.213394073837667
3.09,0.1,402.947103453222,0,0.933449004557271,0.651626627650436,0.215061014718713
3.1,0.1,402.753388320304,0,0.931479298521148,0.650659616871271,0.214989927029064
3.11,0.1,402.557796272795,0.000233165972842991,0.932826404489993,0.650325910560006,0.2157836953789
3.12,0.1,402.360365519969,0.00150367391446652,0.930114137335794,0.651099596476164,0.215009343557285
3.13,0.1,402.161134431502,0.000329299246606079,0.932537242029771,0.647635375753239,0.215394562412682
3.14,0.1,401.960141524666,0.00051747300244626,0.93111816084827,0.648593253100893,0.213384608643358
3.15,0.1,401.757425451431,0.00370649529018986,0.930031250655956,0.64999462103467,0.215631437087857
3.16,0.1,401.55302498551,0.000569750900659527,0.931002579035557,0.649765223213302,0.214911306479624
3.17,0.1,401.346979009312,0,0.932235598344055,0.649366594756153,0.213614618227889
3.18,0.1,401.139326500841,0,0.934321901544433,0.64859372694109,0.214890679337919
3.19,0.1,400.930106520525,0.00200686389598258,0.931442790650099,0.648563775367091,0.214477010433904
3.2,0.1,400.719358197988,0,0.932184598641594,0.650109954482769,0.215018921818556
3.21,0.1,400.507120718763,0,0.932730786471284,0.649669134050082,0.213212903543181
3.22,0.1,400.293433310964,5.56024582689947e-06,0.930332413582821,0.65134875564251,0.214304618594394
3.23,0.1,400.078335231897,0,0.932621159932787,0.651850884091343,0.215549600388473
3.24,0.1,399.861865754644,0,0.930075005974914,0.652203702587709,0.214894605160071
3.25,0.1,399.6440641546,0.000207854004317927,0.934377965230967,0.650366432257031,0.215360108945993
3.26,0.1,399.424969695985,0.00173940738848587,0.928214423574793,0.655269866927236,0.21390937857278
3.27,0.1,399.204621618321,0.000290241146109268,0.930765888499746,0.652137517712266,0.217055796365712
3.28,0.1,398.983059122895,0.000757328305030991,0.927667403012288,0.653365925426223,0.2149714632448
3.29,0.1,398.760321359198,0.00120267529326943,0.930465950305583,0.651547345316877,0.217527875248418
3.3,0.1,398.536447411353,0.00236972926020478,0.928336948307235,0.648792149797081,0.21599753195883
3.31,0.1,398.311476284538,0,0.930917128007756,0.650899176217762,0.214816097459673
3.32,0.1,398.085446891402,0,0.932573672258467,0.650710512956214,0.210684393578321
3.33,0.1,397.858398038491,0.000698512694989442,0.930653554717072,0.653694084738729,0.214710897082127
3.34,0.1,397.630368412675,0,0.927655448104935,0.651143744751195,0.214152685671319
3.35,0.1,397.401396567588,0,0.92964126614354,0.652884473763913,0.216520254036995
3.36,0.1,397.171520910097,0,0.928369416208775,0.65146660229648,0.212854517745134
3.37,0.1,396.940779686781,0.000200039426653742,0.926679250816056,0.652265534320925,0.214864503225153
3.38,0.1,396.709210970451,0,0.928311780917737,0.654109391793866,0.214237311365226
3.39,0.1,396.4768526467,0,0.930816038012404,0.65204525913276,0.213859007208721
3.4,0.1,396.243742400493,0,0.923925421817696,0.653140398771946,0.216437557078346
3.41,0.1,396.009917702807,0.000158463156929224,0.926841150973697,0.65417907512413,0.215287490703711
3.42,0.1,395.77541579732,0,0.926210104663784,0.655936273154027,0.216524495385025
3.43,0.1,395.540273687159,0.000786005470112511,0.930380356109748,0.653610137953263,0.214016791146798
3.44,0.1,395.30452812171,0.000524675820457815,0.92888932990152,0.652087352241444,0.215269103722659
3.45,0.1,395.068215583501,0,0.924333029951086,0.653846095678682,0.214490779652561
3.46,0.1,391.723239068933,0.00134854436202141,0.926208601244577,0.654992747444699,0.214940574552176
3.47,0.1,385.395983976873,0.00419410813116248,0.926390106822916,0.655004940273544,0.213693302751634
3.48,0.1,379.553083564598,0.00948875181892118,0.92484289113648,0.653974356650585,0.213749358673473
3.49,0.1,374.601991059049,0.00998025933486296,0.925123205661109,0.651986340993443,0.214794509444275
3.5,0.1,369.979010120999,0.011845476166176,0.925733059782632,0.655250890678177,0.214911778124077
3.51,0.1,365.489732875195,0.0153810612733105,0.926886465138037,0.654776323238311,0.214864912698728
3.52,0.1,361.077310956871,0.0158023063161239,0.927974971170892,0.653937812692025,0.213838316796112
3.53,0.1,356.725333321161,0.0202379894816305,0.923564898966742,0.654567373640725,0.215928417406237
3.54,0.1,352.428826180889,0.0235108160274646,0.9263651514281,0.654428798705952,0.213926979051538
3.55,0.1,348.186024938296,0.0266862436781022,0.92419422139108,0.654608044669774,0.214889027777062
3.56,0.1,343.996063193689,0.0250408698842595,0.922552766493506,0.654933410343544,0.21554151852909
3.57,0.1,339.858325400725,0.0280918607605267,0.923295618711563,0.655837904575801,0.216524746328769
3.58,0.1,335.772265820426,0.0322802190906516,0.923684152016467,0.653023636337885,0.215725223404925
3.59,0.1,331.737358014169,0.032992423721098,0.923105427604258,0.655309768648801,0.219125839611135
3.6,0.1,327.753080848573,0.0368697366983225,0.924034414871452,0.652297225769154,0.217322158553972
3.61,0.1,323.818914703392,0.0385958724643341,0.921299256629216,0.655185957437052,0.215896625543034
3.62,0.1,319.934340526775,0.041619880546781,0.922201205199278,0.654916480718326,0.213352162728647
3.63,0.1,316.098839682877,0.0446153397576356,0.923870384802067,0.656391851008952,0.215213966211211
3.64,0.1,312.311894018128,0.0455879106548135,0.918940178934799,0.655561042955077,0.216962206465046
3.65,0.1,308.572985986067,0.0463095984650343,0.923217388943349,0.657498191454637,0.21741215160857
3.66,0.1,304.881598786119,0.0481772222343328,0.922044473872259,0.654902643687189,0.213458592662393
3.67,0.1,301.237216503869,0.052592914061766,0.923671325804843,0.65517296064327,0.213980192893118
3.68,0.1,297.639324249338,0.0511104913429978,0.922063632212122,0.652596468427067,0.21618641162405
3.69,0.1,294.087408292295,0.0560786995106888,0.922046960662428,0.658666125622669,0.215260222430266
3.7,0.1,290.580956194321,0.0584261824114748,0.920726535580463,0.65494343600024,0.215445926202031
3.71,0.1,287.119456937536,0.0616850358068392,0.919058849402804,0.653756938630555,0.214741907112901
3.72,0.1,283.702401049978,0.0600332628092478,0.918599671642977,0.65658711396224,0.216729163360994
3.73,0.1,280.329280727606,0.066661667323791,0.920095763713696,0.657667645158177,0.215455202232528
3.74,0.1,276.999589952945,0.0682111329609373,0.920235307874559,0.65496198489973,0.216271223823413
3.75,0.1,273.712824610366,0.0686713276267636,0.921279411267069,0.653504271150838,0.215882253081824
3.76,0.1,270.468482598012,0.073122984469632,0.918539782690698,0.659261308706962,0.214298075207564
3.77,0.1,267.266063936388,0.072429156055183,0.920452735704398,0.657591827510881,0.212975403477809
3.78,0.1,264.10507087361,0.0779895813468545,0.918704881023189,0.655625298188573,0.216432296258792
3.79,0.1,260.985007987361,0.0799601886319057,0.916982126388927,0.656281144458203,0.214090260580501
3.8,0.1,257.905382283537,0.0803167196999495,0.918845285264475,0.658008974948282,0.215046939489831
3.81,0.1,254.865703291632,0.0840514132261848,0.916109235926076,0.654692629972484,0.215171324402645
3.82,0.1,251.865483156878,0.0858945680592984,0.917382338774699,0.656837298577649,0.216111040733741
3.83,0.1,248.904236729165,0.0883928936284357,0.91476008124046,0.655993361014782,0.214894668706285
3.84,0.1,245.981481648771,0.0918859132043781,0.916918265889502,0.65812953493483,0.212930678438377
3.85,0.1,243.096738428934,0.0937975593932727,0.91860570996404,0.655979046612424,0.213925050474121
3.86,0.1,240.81117690621,0.096799423159589,0.91364734992976,0.656605631355266,0.216028358916116
3.87,0.1,239.497862696158,0.0960114634641257,0.913707411679463,0.657687870625547,0.21471135009431
3.88,0.1,238.534443071298,0.0941566516506215,0.915559236999022,0.654891694950648,0.214248744913057
3.89,0.1,237.676307953693,0.0956367761370944,0.914510759327721,0.65721908754733,0.21276447454037
3.9,0.1,236.860854120304,0.098362593555748,0.912852220488643,0.657606308109879,0.215736616199105
3.91,0.1,236.063932320608,0.0971024519336024,0.917696978811244,0.655405757597099,0.212346607286778
3.92,0.1,235.275775394131,0.0976086608745698,0.917123089013929,0.656941840453379,0.212407486505822
3.93,0.1,234.495551524506,0.0987799962126753,0.913066911426727,0.656289743228293,0.212873953256116
3.94,0.1,233.723862825061,0.0986579370494809,0.9165574987053,0.654862750208819,0.218505961369567
3.95,0.1,232.95826603833,0.0995202805074814,0.914696331874434,0.657310352641903,0.21466829355897
3.96,0.1,232.207881849152,0.0979104754862018,0.913682381066225,0.654862099485194,0.217534935131736
3.97,0.1,231.549708927811,0.0991201068774523,0.914572501418026,0.655454265813342,0.212835336840351
3.98,0.1,230.947912197951,0.0997112342645204,0.90946365472145,0.655522361920559,0.217188056469703
3.99,0.1,230.366072920536,0.102492502850628,0.910744514427989,0.657504354587091,0.215941431873611
4,0.1,229.843020894269,0.0999689667179149,0.911885765054249,0.657511808063221,0.215985467610958
4.01,0.1,229.410375230214,0.102968942455051,0.910607163174887,0.656406037000913,0.213339875636615
4.02,0.1,229.012168979787,0.0984058216205045,0.910733330378686,0.655697042685969,0.21271729432149
4.03,0.1,228.632348487665,0.100693653362971,0.911278156144854,0.656536703086039,0.215986728174127
4.04,0.1,228.312343879087,0.10494837254178,0.909748255994749,0.658220626310406,0.21797684803091
4.05,0.1,228.028384205892,0.103391496300616,0.91027410390747,0.657265770821446,0.214993463194667
4.06,0.1,227.7574360938,0.102356485105148,0.911940546727876,0.656220857678097,0.214288402222373
4.07,0.1,227.492140753093,0.102402797272359,0.908435763045153,0.656253827183264,0.216760662088514
4.08,0.1,227.230395732873,0.102576386150594,0.910550627607839,0.656644695707379,0.2137218524642
4.09,0.1,226.971607314075,0.105260563033793,0.907140801447887,0.653662062898134,0.2156972038557
4.1,0.1,226.715602123657,0.101108410936622,0.906567844964226,0.657458861008755,0.214818650675436
4.11,0.1,226.462322172274,0.103763325799468,0.907226322833185,0.656161635000715,0.214059627940119
4.12,0.1,226.211739966936,0.103652018484762,0.90755143699727,0.656995270192904,0.214973629914185
4.13,0.1,225.963834911321,0.102108163202396,0.907245818201417,0.656321294928791,0.216630845450826
4.14,0.1,225.718586753903,0.104945636894761,0.908242887672301,0.654629167145438,0.21404914895214
4.15,0.1,225.475973779956,0.105614805472097,0.907299565415545,0.658241607648991,0.214485238203697
4.16,0.1,225.235972324773,0.104358495795254,0.904608178736602,0.655770983934078,0.216443144211166
4.17,0.1,224.998556655406,0.103653158091558,0.907434004367338,0.65492426971685,0.213895458697333
4.18,0.1,224.763698955583,0.104379714701734,0.907549839929709,0.65573701088053,0.216408293621906
4.19,0.1,224.531369339835,0.104471685335121,0.90687647314361,0.657717767850081,0.2141467965816
4.2,0.1,224.301535876194,0.103160988546785,0.907162693213149,0.657312121817833,0.215279937857292
4.21,0.1,224.07416461172,0.104238651409376,0.904752363914661,0.654162993337174,0.214373726301437
4.22,0.1,223.849219599227,0.105877588810046,0.905824760304341,0.656100344081341,0.216198323013104
4.23,0.1,223.626662924774,0.103882028333299,0.905062829943018,0.655042475823375,0.216449501352005
4.24,0.1,223.406454735788,0.105646756937595,0.902041168767692,0.654903900479612,0.215339284524755
4.25,0.1,223.188553269784,0.106336771470851,0.900582129461705,0.656811525700496,0.214835938954228
4.26,0.1,222.972914883668,0.103848314593359,0.903290544735547,0.653216382365759,0.21324049350188
4.27,0.1,222.759494083633,0.105904819436024,0.901617307951386,0.655147224189273,0.214570120426748
4.28,0.1,222.548243555629,0.104892020855872,0.90085293585331,0.653226154286704,0.217380747940022
4.29,0.1,222.339114196426,0.105005620326721,0.902409230504433,0.655190646244552,0.213914692387462
4.3,0.1,222.132055145255,0.105639115892896,0.899782062779817,0.65429287125969,0.217859670752846
4.31,0.1,221.927013816043,0.106253965608396,0.900374142828823,0.656641037526548,0.216193265707854
4.32,0.1,221.72393593022,0.104001330102852,0.9019535955801,0.655984754734929,0.215340990597107
4.33,0.1,221.522765550127,0.105673845899436,0.900535948737261,0.655010547185035,0.21540036811355
4.34,0.1,221.323445113002,0.105664121232103,0.898668310333051,0.654922989515312,0.218815527702088
4.35,0.1,221.125915465559,0.104305443724705,0.902356794398246,0.655998385839896,0.217118898859849
4.36,0.1,220.930115899149,0.104843914652489,0.901801102830852,0.653801009042035,0.212207872709643
4.37,0.1,220.735984185516,0.107415323675398,0.899111066423905,0.652447699183057,0.214722819265089
4.38,0.1,220.543456613135,0.10554022488971,0.895983909380133,0.654918091068733,0.214105279545139
4.39,0.1,220.352468024145,0.106044098057886,0.898428617688948,0.654938018775135,0.215886457007933
4.4,0.1,220.162951851865,0.106554210385263,0.898655421969714,0.651628925283461,0.216685898726955
4.41,0.1,219.974840158898,0.107719862122978,0.897172011903273,0.654320666488267,0.215796776037565
4.42,0.1,219.788063675827,0.105533000395906,0.896653572687018,0.652456811879726,0.217184204389746
4.43,0.1,219.602551840486,0.106643803224355,0.897829208555623,0.652323019580034,0.216516921690634
4.44,0.1,219.418232837826,0.10533483411682,0.896800238486727,0.655076793833833,0.215784905026956
4.45,0.1,219.235033640355,0.103392072579127,0.895097009903121,0.652578694720985,0.214505979782414
4.46,0.1,219.052880049158,0.106220585286253,0.896056873841291,0.651087753993993,0.214792798392626
4.47,0.1,218.871696735499,0.104162615357773,0.895565599036901,0.656262869343278,0.216371846007274
4.48,0.1,218.691407282989,0.105811160047161,0.893879975654095,0.650597972220108,0.212944634531606
4.49,0.1,218.511934230325,0.109516835906011,0.894884720797972,0.652262273176339,0.210971774935177
4.5,0.1,218.333199114596,0.108404336915272,0.894025450981764,0.654480587763404,0.215192446396095
4.51,0.1,218.155122515143,0.105620903864264,0.892089269611286,0.654153981978861,0.216217564100571
4.52,0.1,217.977624097978,0.106683724632456,0.889821698141584,0.652908715031807,0.212636716165837
4.53,0.1,217.800622660745,0.106897924981472,0.890017445377071,0.649765161830969,0.215636583308756
4.54,0.1,217.624036178224,0.106978908918438,0.893671853625757,0.649779579967856,0.214128971168751
4.55,0.1,217.447781848364,0.105121666223444,0.893007919802431,0.652445720469603,0.213905564866333
4.56,0.1,217.271776138842,0.106079770276521,0.892774708416943,0.651312896931545,0.213657807515116
4.57,0.1,217.095934834137,0.105622357760146,0.891634621304675,0.651761680666139,0.212914607178109
4.58,0.1,216.9201730831,0.105414784849083,0.892765213854635,0.651995200526769,0.21480845831831
4.59,0.1,216.74440544703,0.108529101589249,0.890687753433178,0.653744016423359,0.214824041728836
4.6,0.1,216.568545948217,0.107376977399054,0.889225549440725,0.65257159834079,0.215415552246305
4.61,0.1,216.392508118964,0.109132734094525,0.889482994346526,0.653339380786569,0.215354327087473
4.62,0.1,216.216205051062,0.107341794866266,0.892617865161462,0.651593404117864,0.215300059636162
4.63,0.1,216.039549445699,0.106164538198629,0.892358375797993,0.65102280371793,0.216189060458895
4.64,0.1,215.862453663806,0.108480743417279,0.891644765629434,0.650609649965745,0.217740287320656
4.65,0.1,215.684829776801,0.104298504946393,0.890367933787225,0.650465049572773,0.215089926839801
4.66,0.1,215.506589617734,0.106129176387987,0.88782023634529,0.650084053619577,0.214711859557351
4.67,0.1,215.327644832803,0.106231592509532,0.88870942347956,0.651253084181754,0.214398614600382
4.68,0.1,215.147906933223,0.107676426198769,0.886980311180769,0.650801411618049,0.21556401434824
4.69,0.1,214.967287347437,0.106871945520768,0.887452226402042,0.652371388703473,0.215514989499187
4.7,0.1,214.785697473635,0.110473350995123,0.885890021578231,0.653219143830204,0.215623170206596
4.71,0.1,214.603048732573,0.107914732557711,0.886760651281086,0.651756478467202,0.214492573016381
4.72,0.1,214.419252620655,0.108641614822814,0.88537607113053,0.64900654373183,0.2147925899789
4.73,0.1,214.234220763273,0.106726844325431,0.885717996312464,0.649239709923222,0.215452791085779
4.74,0.1,214.047864968355,0.10536976751331,0.885357579471003,0.648096070206138,0.215762839076895
4.75,0.1,213.860097280126,0.107396056938307,0.885955704216403,0.650830246824061,0.215335076770365
4.76,0.1,213.670830033025,0.110420427308808,0.884714670974289,0.649923562616673,0.214554830195623
4.77,0.1,213.479975905778,0.106629549677105,0.881917796668474,0.65039835123351,0.213457882683731
4.78,0.1,213.287447975577,0.107778312392243,0.882915799506543,0.647741259733057,0.2143589298327
4.79,0.1,213.093159772352,0.108572424693664,0.886045761093676,0.649687609861473,0.214661217544926
4.8,0.1,212.897025333097,0.10772545566505,0.882007996112117,0.650133356540404,0.214214670195682
4.81,0.1,212.698959256221,0.109325146666605,0.881690445651825,0.649662045497178,0.215731492792161
4.82,0.1,212.498876755896,0.108480057718118,0.879755454877767,0.647944484495793,0.215346585257815
4.83,0.1,212.296693716361,0.107756378575202,0.878963826853652,0.649330009454834,0.215307108404091
4.84,0.1,212.092326746167,0.105980962530536,0.881919170864162,0.649660957523396,0.216275044360366
4.85,0.1,211.885693232303,0.108300336777538,0.882208867332171,0.649122592727121,0.214978814655315
4.86,0.1,211.676711394194,0.106971553218761,0.882046212153215,0.648041882744339,0.213782694479727
4.87,0.1,211.465300337519,0.107656329186727,0.880486432904146,0.650747276204534,0.21673991750302
4.88,0.1,211.251380107817,0.107947866243986,0.88067411819426,0.646482220760918,0.216705510909195
4.89,0.1,211.034871743854,0.109471235320984,0.877516870398888,0.647395487107742,0.216013293582476
4.9,0.1,210.815697330699,0.108645635694555,0.879234404629456,0.64597891977979,0.214531940792555
4.91,0.1,210.593780052481,0.111368898268136,0.877254137737286,0.650277894307103,0.213400399719106
4.92,0.1,210.369044244788,0.110557967733441,0.878024506124293,0.64697198848368,0.215089541079135
4.93,0.1,210.141415446667,0.108574594240642,0.878272097186733,0.648026670464803,0.215025986408726
4.94,0.1,209.910820452191,0.107927378566821,0.878695963504718,0.650447868397251,0.211863611973708
4.95,0.1,209.677187361544,0.108199867036445,0.876545397154032,0.648294816683268,0.216646965246471
4.96,0.1,209.440445631598,0.109953155466206,0.877523072928853,0.646902671606285,0.215392176760804
4.97,0.1,209.20052612593,0.111453012028366,0.87438198433178,0.647806400847962,0.213889625985861
4.98,0.1,208.957361164245,0.109276848361826,0.875013230446713,0.644492669045434,0.215314570496517
4.99,0.1,208.710884571173,0.110347851423017,0.876375400158603,0.646327098255685,0.215878068792466
5,0,208.461031724373,0.111341404648684,0.874447523924221,0.646725718113559,0.213195483011556
5.01,0,208.207739601945,0.109924338374205,0.873133717926687,0.648360749174463,0.218037435047626
5.02,0,207.950946829066,0.109457225286645,0.874318039499402,0.646633418172483,0.217750277933206
5.03,0,207.690593723845,0.111034497359382,0.870764820734029,0.649433909411938,0.215880827961614
5.04,0,207.426622342336,0.111592554921863,0.873393322378257,0.648040873899245,0.214874062787419
5.05,0,207.158976522684,0.110054784317882,0.876764570974986,0.645861604334977,0.21354341748717
5.06,0,206.887601928341,0.111668060002689,0.872611553203741,0.645454291717551,0.216241728002648
5.07,0,206.612446090353,0.110559618950348,0.871905606524844,0.64567118672383,0.21683005947901
5.08,0,206.333458448631,0.109092698410927,0.871397164480525,0.645771052651138,0.216857236292035
5.09,0,206.050590392208,0.11461478880407,0.871053940541708,0.6432508270164,0.216727331255893
5.1,0,205.763795298423,0.112651516466908,0.871152268361093,0.645983284265423,0.215502700013569
5.11,0,205.473028570998,0.111435416845741,0.869056680078131,0.644635417868765,0.218305767160914
5.12,0,205.178247676977,0.111894838538604,0.871299949027223,0.643995922425317,0.216209093682817
5.13,0,204.879412182488,0.113041251295653,0.871919067904297,0.647867680112057,0.212994286112295
5.14,0,204.576483787287,0.111531180857143,0.870832429527501,0.645070500644305,0.212733733063982
5.15,0,204.269426358062,0.110867066717141,0.870020964970601,0.645515775830057,0.21511124975865
5.16,0,203.958205960453,0.113084019944858,0.868725425004202,0.644666548542101,0.214984509531288
5.17,0,203.642790889763,0.113450650778589,0.869043024253495,0.645554055238465,0.2168224704125
5.18,0,203.323151700319,0.112907852513694,0.869063569103834,0.644868621107556,0.214628872161692
5.19,0,202.999261233465,0.112663264422141,0.867657330727092,0.643069408979873,0.212483264171921
5.2,0,202.671094644148,0.112545341557224,0.866969795625663,0.64446164167258,0.219434155929247
5.21,0,202.338629426074,0.111882494108509,0.865235332160728,0.644772384301591,0.21170708429278
5.22,0,202.001845435403,0.114087166584214,0.864737539676077,0.645072691521368,0.214508069857305
5.23,0,201.660724912958,0.112195795686872,0.864445520657319,0.642444250021629,0.213368057716294
5.24,0,201.315252504936,0.118057878718967,0.864047788071264,0.644858678827341,0.2153795301593
5.25,0,200.965415282073,0.114051977119393,0.863648198267224,0.645859990090587,0.214804128912755
5.26,0,200.611202757264,0.114740298509704,0.86477977923329,0.644408882618755,0.215225372629294
5.27,0,200.25260690161,0.113929088439595,0.865421171913796,0.641956554546921,0.218195636459263
5.28,0,199.889622158872,0.114994236960582,0.865463057409536,0.641983483714594,0.213672206208163
5.29,0,199.522245458312,0.114082847363788,0.86644081386655,0.643898338819529,0.21758735774716
5.3,0,199.15047622592,0.114214826193277,0.862783702776557,0.644144285179053,0.213805022668388
5.31,0,198.774316393991,0.114597890406183,0.862306353177931,0.643687482417229,0.213926028717953
5.32,0,198.393770409061,0.114022808576782,0.861535297486239,0.644453780407931,0.214344163691773
5.33,0,198.008845238181,0.114549287341767,0.861259750498423,0.644902406096233,0.212380040720864
5.34,0,197.619550373515,0.117216325802049,0.861821705411032,0.642826349904641,0.214069437624231
5.35,0,197.225897835273,0.114887454108416,0.860680803682145,0.644830682134015,0.214664491696728
5.36,0,196.827902172949,0.117696268012961,0.861888110762673,0.644237998145262,0.21603502463198
5.37,0,196.425580464888,0.117558734349094,0.862046255085378,0.642648049692975,0.213499496569967
5.38,0,196.01895231616,0.11910716199571,0.861083548717113,0.641861461480575,0.21528678526747
5.39,0,195.608039854741,0.11536427395695,0.86141849234536,0.645758844823953,0.213884170488152
5.4,0,195.192867726025,0.113896368225569,0.861311675977098,0.643806304027819,0.215337354808264
5.41,0,194.77346308564,0.118908436804973,0.856042353901796,0.643321922269532,0.215476669764447
5.42,0,194.3498555906,0.118241543509447,0.858498284282913,0.644158431432291,0.217400171659136
5.43,0,193.922077388786,0.120579155175099,0.85678851502426,0.644360364981004,0.214651855711941
5.44,0,193.490163106766,0.117993681571837,0.857570776776349,0.642437278875269,0.21241363214288
5.45,0,193.054149835978,0.118829741240323,0.857162128103908,0.643107373796418,0.213821163797491
5.46,0,192.614077117264,0.118755648450016,0.857988799601984,0.643098286572506,0.215146602021244
5.47,0,192.169986923805,0.119051046763661,0.85710208180317,0.643754571959531,0.21590561320646
5.48,0,191.721923642435,0.118995444543273,0.856434616411729,0.641126548999815,0.214779089841957
5.49,0,191.269934053385,0.120794844363924,0.856426601486267,0.645559619396444,0.21353210563139
5.5,0,190.814067308458,0.120358109412098,0.855851846001978,0.641157206011914,0.214739778874956
5.51,0,190.354374907663,0.120629988260105,0.852895517723179,0.64324912422467,0.215067846671182
5.52,0,189.890910674333,0.119887377608637,0.85696405657296,0.64391963285727,0.216564728490036
5.53,0,189.423730728751,0.123573386855498,0.855309391253479,0.643706929726609,0.21618758621708
5.54,0,188.952893460311,0.120594151334267,0.855864150351964,0.644087634896751,0.214666543298229
5.55,0,188.478459498239,0.122013250479555,0.855000970059194,0.64192155038584,0.214550845806175
5.56,0,188.000491680917,0.123333107635545,0.851605775321319,0.642470175834884,0.21567423542653
5.57,0,187.519055023821,0.122536665844836,0.853810422975685,0.643164837954318,0.211116354332429
5.58,0,187.034216686129,0.124000020934338,0.852892329249557,0.645500883764978,0.214524983837558
5.59,0,186.546045936017,0.124286560668346,0.851534478474898,0.642800313794322,0.214896723582876
5.6,0,186.054614114688,0.122068295369304,0.852980322296372,0.644970969746473,0.215009048531014
5.61,0,185.559994599165,0.124649757578422,0.851408286035987,0.641397562409093,0.215080925975297
5.62,0,185.062262763895,0.122145152509778,0.850397864742344,0.643909095591217,0.21514525394
5.63,0,184.561495941202,0.127075330865664,0.850235658972427,0.64593940019781,0.213823935340082
5.64,0,184.057773380616,0.123952266776059,0.852714465388692,0.644187357192682,0.215757636867773
5.65,0,183.551176207148,0.12682517552352,0.850180291683396,0.643107561134716,0.214686053780284
5.66,0,183.041787378531,0.128346460753598,0.848647264460254,0.644728276405018,0.213664846632532
5.67,0,182.529691641477,0.126008732673704,0.851438278812127,0.644301326119707,0.215657404900307
5.68,0,182.014975487008,0.129434821774223,0.846417931479967,0.647021289940825,0.212314379630106
5.69,0,181.497727104884,0.126929439443182,0.849644426771067,0.646741085907059,0.214470743295513
5.7,0,180.978036337203,0.127392394285592,0.847417557864908,0.646059865072125,0.216562189084356
5.71,0,180.455994631195,0.128850421625786,0.849429626087323,0.643637306840032,0.216507782662014
5.72,0,179.931694991276,0.128065261172679,0.847614576393547,0.64469986511318,0.216751514044542
5.73,0,179.405231930406,0.126861994349661,0.845762020782095,0.646432123949386,0.216926143257774
5.74,0,178.876701420792,0.129857405710296,0.847610111414943,0.643973359609865,0.213989832453764
5.75,0,178.346200844007,0.128324262514231,0.847779968305796,0.645570091499939,0.216917589222455
5.76,0,177.813828940552,0.12884725961291,0.845727944838051,0.645547797505558,0.213002440269609
5.77,0,177.279685758926,0.129839946369514,0.844531937383285,0.643510765267458,0.214069970232913
5.78,0,176.743872604253,0.130264872474222,0.84663087778049,0.643279002696656,0.21632265683104
5.79,0,176.206491986514,0.132598006017371,0.844378893790893,0.645173321983741,0.214586111019915
5.8,0,175.667647568442,0.133387145140144,0.84624131416907,0.64273510694441,0.217796236815807
5.81,0,175.127444113114,0.132773569670159,0.847373219646961,0.643982628275894,0.216864185889841
5.82,0,174.585987431324,0.131898714366115,0.84600530050796,0.644219005835277,0.216024988899869
5.83,0,174.043384328747,0.131489666776351,0.845375316533555,0.643951046377512,0.214304392887669
5.84,0,173.499742552983,0.133466587322557,0.845441399723037,0.646012965307114,0.216426176136634
5.85,0,172.955170740504,0.133116584954128,0.840413333418217,0.643703160692307,0.216515240465233
5.86,0,172.409778363573,0.13455529439855,0.84220670722564,0.645732045476038,0.213745724507382
5.87,0,171.86367567717,0.136170221094312,0.841203058975206,0.642431496106875,0.214963613746181
5.88,0,171.316973665991,0.136604835302328,0.839751505379115,0.642938018897117,0.217580354012563
5.89,0,170.769783991547,0.135015976469596,0.844203646809147,0.645694741658336,0.213877859232636
5.9,0,170.222218939441,0.135586936543325,0.842330601041427,0.647215564556294,0.215766793036474
5.91,0,169.67439136684,0.137165010314419,0.843092179576379,0.644497407791192,0.216649703938264
5.92,0,169.126414650209,0.13636008003111,0.837863737072534,0.644640473942659,0.214936918293608
5.93,0,168.578402633347,0.138431825932214,0.838834398197679,0.644500752847234,0.213931936436571
5.94,0,168.03046957577,0.138504549864581,0.840401982031071,0.648745761911783,0.217213970950787
5.95,0,167.482730101488,0.13887099153406,0.84159326891351,0.643129211829449,0.217132601836379
5.96,0,166.935299148214,0.138500663734072,0.837911164821856,0.647518646520913,0.216087015477
5.97,0,166.388291917056,0.137964363868832,0.839399722589323,0.646158321755371,0.213525539660465
5.98,0,165.841823822726,0.138063996614403,0.836972288737309,0.64410633814541,0.214501669397915
5.99,0,165.296010444307,0.138962858679262,0.839287620878293,0.647063863191155,0.213961177755743
6,0,164.750967476625,0.140851367805362,0.83723631687663,0.647201302377669,0.213647114459858
6.01,0,164.206810682255,0.141009739857144,0.837699189857487,0.645246079969109,0.211338029932586
6.02,0,163.6636558442,0.13999570334604,0.837893850409675,0.645927083889645,0.214741557748534
6.03,0,163.121618719283,0.141406864236601,0.838077511216125,0.64657234853717,0.214301082683762
6.04,0,162.580814992281,0.142001752504751,0.838643421705056,0.645020264063658,0.214899843333527
6.05,0,162.041360230836,0.138066412067528,0.834776505676872,0.64497803302175,0.215476091988139
6.06,0,161.503369841177,0.142976320773913,0.835596555845882,0.646795179544698,0.21441122036635
6.07,0,160.966959024676,0.143421766148145,0.837254857424005,0.646533251821624,0.215755485323688
6.08,0,160.432242735275,0.145270123198829,0.838050787187981,0.647394160912838,0.217599388475721
6.09,0,159.89933563781,0.144251590396528,0.83431892053108,0.647253759316041,0.216238363829383
6.1,0,159.368352067247,0.14512886521676,0.833997027524171,0.647445374934679,0.213866495820195
6.11,0,158.83940598887,0.147800995752898,0.835581215847671,0.64835878527815,0.213186150087301
6.12,0,158.31261095944,0.144931221496168,0.834100696754851,0.648646223841411,0.213609853127883
6.13,0,157.788080089328,0.14318638306453,0.83273067541533,0.64794284323201,0.21508480495593
6.14,0,157.265926005677,0.146389117148441,0.832700668033149,0.646902778374463,0.214670374189441
6.15,0,156.746260816574,0.145740297971128,0.83104826405502,0.652175391888474,0.21670770274605
6.16,0,156.229196076278,0.146787363062623,0.833874732066691,0.649601779502934,0.214858053564925
6.17,0,155.714842751498,0.145682706312111,0.832674759889332,0.650059928381709,0.215433000731808
6.18,0,155.203311188753,0.146829180259565,0.831084379346358,0.649657472795426,0.213757908506513
6.19,0,154.694711082807,0.145966015630536,0.834150476461289,0.650642780705187,0.216735180066765
6.2,0,154.189151446213,0.151413666490514,0.831818120254689,0.64998552871784,0.214337650402811
6.21,0,153.686740579947,0.148088729115686,0.83156146778144,0.649888058642741,0.215803167814437
6.22,0,153.187586045166,0.152635123739141,0.832023130100329,0.650834431160059,0.213007875182417
6.23,0,152.691794636082,0.150629780766562,0.829312303806494,0.649928404969841,0.216412870934305
6.24,0,152.199472353956,0.153146995142993,0.82931212204565,0.646170035737135,0.214919825829806
6.25,0,151.710724382221,0.152428617076644,0.83153518271903,0.648878441544593,0.21428002420792
6.26,0,151.225655062738,0.148092787703501,0.832151253172463,0.648478275828608,0.214366953490376
6.27,0,150.744367873173,0.149606984568875,0.832061994947631,0.651425880024703,0.215940342369988
6.28,0,150.266965405505,0.152290941669538,0.830992996576113,0.649303635711123,0.216220712298601
6.29,0,149.793549345664,0.152653587179786,0.831760121026883,0.650561748818493,0.216577381695415
6.3,0,149.324220454284,0.150992161027019,0.828755034115743,0.648435037839283,0.213594934681572
6.31,0,148.859078548574,0.155617933855716,0.830165727296305,0.649312390730306,0.214122314834182
6.32,0,148.398222485302,0.152420388533101,0.829272949133719,0.651644790725813,0.215093367731574
6.33,0,147.941750144881,0.152447034430901,0.826887078427958,0.650920970043553,0.215503738423152
6.34,0,147.489758416544,0.153228046092189,0.828442816332955,0.651315478015432,0.213258281704841
6.35,0,147.042343184605,0.153280931851168,0.829307857391633,0.651055239615719,0.213985229466198
6.36,0,146.599599315796,0.152842342542563,0.827163881697638,0.649660486088434,0.215717758839183
6.37,0,146.161620647655,0.156080955975579,0.827617955867309,0.649169301738968,0.215557298562085
6.38,0,145.72849997797,0.152058938198652,0.825941540012401,0.653432951388719,0.216807807030242
6.39,0,145.300329055244,0.155277977987732,0.827042563615309,0.65067456263594,0.214064713562004
6.4,0,144.877198570184,0.157403682978404,0.828186852406669,0.651855868662451,0.216787265805487
6.41,0,144.459198148183,0.156152219356986,0.825536324216471,0.653832473529034,0.215706236225042
6.42,0,144.046416342788,0.157871160972151,0.824576952358521,0.651207299186886,0.214665378271943
6.43,0,143.638940630129,0.157232187702344,0.828570693204654,0.649293654672819,0.217410783973487
6.44,0,143.236857404289,0.157335026099332,0.826368720793551,0.654287378583223,0.217221685658535
6.45,0,142.840251973601,0.160045742020789,0.827034176767712,0.652468395548371,0.211408192899904
6.46,0,142.449208557843,0.156132610261233,0.824422062486516,0.649658959122201,0.215725507419935
6.47,0,142.063810286319,0.159517165324834,0.826718785268961,0.653218064501209,0.214719013950492
6.48,0,141.684139196793,0.158539750386672,0.828381708005785,0.651322707430683,0.217749360998642
6.49,0,141.310276235255,0.159098336863897,0.82325731450103,0.652614411122551,0.213306199837812
6.5,0,140.942301256508,0.159278475852134,0.825709691018842,0.652512495946572,0.215923018612874
6.51,0,140.580293025531,0.160578865828754,0.82382067518608,0.652635639550133,0.213279169073405
6.52,0,140.224329219604,0.160218276038602,0.824293246269687,0.651651383806454,0.216107343341607
6.53,0,139.87448643118,0.15790591243035,0.823548537258191,0.653381363853275,0.214959203826749
6.54,0,139.530840171451,0.162537444857485,0.826526168888591,0.653283414122923,0.21630930176188
6.55,0,139.193464874607,0.159397847223722,0.82280212861043,0.652491647640127,0.211859675044974
6.56,0,138.86243390275,0.161165336502299,0.821674258795807,0.655399818275646,0.214496379833745
6.57,0,138.537819551439,0.162481786305716,0.823609715851768,0.653652992973808,0.214781073359627
6.58,0,138.219693055832,0.161011867868732,0.824051463283056,0.652763296620415,0.215126109142047
6.59,0,137.908124597404,0.164289708865506,0.822876868245162,0.655116161751211,0.217834428888978
6.6,0,137.603183311216,0.166074858277454,0.819302436279352,0.653344703019078,0.215760178131807
6.61,0,137.304937293699,0.158581907223299,0.821024405002026,0.653037355749291,0.214925791581233
6.62,0,137.013453610922,0.165587905173121,0.818049688112857,0.653705590955149,0.212199129322046
6.63,0,136.728798307332,0.163210761072824,0.821946815399646,0.653414015652667,0.21389075876162
6.64,0,136.451036414918,0.165734660947142,0.819983008128639,0.650864917201405,0.216536402445993
6.65,0,136.180231962786,0.161102889274094,0.820725057757391,0.65590866013165,0.217597227473589
6.66,0,135.916447987102,0.164956748683123,0.821243343327329,0.654265963994281,0.214848797169148
6.67,0,135.659746541388,0.165158941958856,0.820977661650288,0.652450284322275,0.21545769144375
6.68,0,135.410188707137,0.166265841480989,0.820876825029295,0.653953103652891,0.217877936737036
6.69,0,135.167834604709,0.163951289967588,0.821327828002098,0.653337093896175,0.213800999717455
6.7,0,134.932743404499,0.165012347939747,0.822061288553301,0.655209798039849,0.216880361928255
6.71,0,134.704973338335,0.163802293514848,0.820056903021937,0.654788639631496,0.21550632885603
6.72,0,134.484581711075,0.165654315878096,0.820148941378936,0.653793845804912,0.215411511627424
6.73,0,134.271624912389,0.166170799392082,0.819620785930525,0.654435337270314,0.214609742423652
6.74,0,134.06615842869,0.166957717533257,0.818564778278403,0.654664095610614,0.214970076900278
6.75,0,133.86823685518,0.166412240169358,0.818808556855901,0.654982098796426,0.211871547751139
6.76,0,133.677913908001,0.168104057543041,0.820701294095995,0.654942018534427,0.215013208365058
6.77,0,133.495242436442,0.166313253832901,0.819856976018774,0.654214451080216,0.216736989291036
6.78,0,133.320274435205,0.165353128256621,0.819998712859246,0.655719201230191,0.214754321756968
6.79,0,133.153061056665,0.165483517309933,0.81713295124063,0.652871890207133,0.21585108729596
6.8,0,132.993652623141,0.166303047637818,0.817798441609445,0.654988843908352,0.214686976046809
6.81,0,132.842098639113,0.16648083451549,0.818212005322656,0.654199847310485,0.216094381633021
6.82,0,132.698447803394,0.165154941404966,0.816855956242181,0.658439549130745,0.214255419588927
6.83,0,132.562748021205,0.16478582320452,0.816909998965727,0.655302374629437,0.21546982787231
6.84,0,132.435046416145,0.168315519099298,0.816278816430668,0.657827062258056,0.215109364981376
6.85,0,132.315389342033,0.165555791797917,0.816840548272239,0.654803201914289,0.213302094364718
6.86,0,132.203822394585,0.16827855483878,0.816337562791167,0.654476720673299,0.216302079714001
6.87,0,132.100390422919,0.164302221382028,0.816610038637614,0.656985600918198,0.216620715717745
6.88,0,132.005137540858,0.165152459052393,0.816080187010613,0.655754502949269,0.214668899635403
6.89,0,131.918107138009,0.168900549800811,0.817394601310869,0.658869562445406,0.216316517211613
6.9,0,131.838963485725,0.166503141042194,0.818725520511776,0.654872472451126,0.213939684964122
6.91,0,131.762984187569,0.167309239017621,0.817278734183619,0.657384854742591,0.21447031662129
6.92,0,131.688919625918,0.166432431454022,0.816215969054587,0.654904816134133,0.216190535643982
6.93,0,131.616781777485,0.166240074946673,0.817405167890174,0.653287313003164,0.216735082178431
6.94,0,131.546582114919,0.165506638849326,0.817634289090336,0.656931527939449,0.217019067043114
6.95,0,131.478331601223,0.169014312075258,0.814608547551912,0.655183280749805,0.213787659801593
6.96,0,131.412040684431,0.165075812329912,0.814397091341766,0.656029499164653,0.216013146417081
6.97,0,131.347719292532,0.165850930201731,0.815159119944881,0.654088884190485,0.21607619381854
6.98,0,131.285376828661,0.165346569170553,0.81666870298132,0.656109104000264,0.217235386856608
6.99,0,131.225022166556,0.165880626489461,0.81629497979034,0.657177172600575,0.214767259173617
7,0,131.166663646277,0.167811879668059,0.816953927380722,0.654004242432324,0.215601413478552
7.01,0,131.110309070209,0.166334746577318,0.817242304387831,0.657879550032684,0.213872759017839
7.02,0,131.055965699338,0.166871691572448,0.815035013828337,0.655475236748486,0.214944141745582
7.03,0,131.003640249807,0.167148730177168,0.817220615604716,0.655902062526698,0.213185779404566
7.04,0,130.95333888976,0.164965272155433,0.814807735958041,0.65686092058505,0.214515477093457
7.05,0,130.905067236476,0.163867591258668,0.812806440935695,0.655340308204074,0.21519095459955
7.06,0,130.858830353787,0.167981559596874,0.81371719734505,0.656398349384673,0.215448495581379
7.07,0,130.814632749798,0.16820080254354,0.815435471677587,0.653500402346751,0.213973598700645
7.08,0,130.772478374899,0.166806438350915,0.814373096368368,0.657872463866487,0.213953920033379
7.09,0,130.732370620075,0.167219006343138,0.814979787621129,0.654938648605985,0.215617288232071
7.1,0,130.694312315519,0.1654823200272,0.812493839253614,0.657171715275231,0.216041797702193
7.11,0,130.658305729547,0.167029227452325,0.814047824499205,0.655351214700777,0.213991038601095
7.12,0,130.624352567809,0.167647069081695,0.815479702430857,0.656976665179935,0.214484443836523
7.13,0,130.59245397282,0.167051113406588,0.81310137274165,0.656906311345829,0.215130441207788
7.14,0,130.562610523774,0.165716413058201,0.81508039295284,0.656440517466672,0.216308242028585
7.15,0,130.534822236688,0.166098021388176,0.814134243687772,0.657257915831124,0.215381058248595
7.16,0,130.692164370776,0.165140091862029,0.812481733762603,0.654161744274232,0.214490364540058
7.17,0,131.146321539007,0.165599317421071,0.814498479887588,0.657792408599084,0.213719693405879
7.18,0,131.431109323743,0.165064268711877,0.815881510450886,0.656805906729423,0.214076050006311
7.19,0,131.647639238263,0.164061260946197,0.814278750273476,0.65517457206886,0.212838976268526
7.2,0,131.846034412466,0.162441325232286,0.8136256525839,0.656475949442541,0.211433497100097
7.21,0,132.044227473797,0.163596369169146,0.816034103639561,0.656740223634332,0.211944763469417
7.22,0,132.24840448993,0.163931259238072,0.815076388639122,0.655468537228084,0.213787370551842
7.23,0,132.460697722163,0.163835953151901,0.813454521857497,0.652575164717414,0.215713886208721
7.24,0,132.681850932162,0.16207347810539,0.81363000773485,0.658466561627819,0.215922252980994
7.25,0,132.912132467828,0.162361757904437,0.813765221983247,0.654792430040076,0.214513619504115
7.26,0,133.151647617577,0.163644336289552,0.812398996711291,0.658666072129096,0.214824520738077
7.27,0,133.400445462725,0.161035991144646,0.810444229805397,0.658466284638442,0.214879352787036
7.28,0,133.658555436409,0.160622945430869,0.812505863882383,0.655664147170732,0.214500073429228
7.29,0,133.925999832072,0.158528335053938,0.814424040637927,0.658485625294117,0.214331556488097
7.3,0,134.20279808067,0.161579035088221,0.811096916463572,0.653976082528273,0.215743100358428
7.31,0,134.488968209662,0.16122873181244,0.813266391418118,0.654142809108599,0.214867139971938
7.32,0,134.784527336625,0.161455798715601,0.811252378696678,0.654964972464071,0.214931657286075
7.33,0,135.089491831888,0.161325692955461,0.814614346826988,0.656581559006297,0.212063057268297
7.34,0,135.403877367469,0.157912482130432,0.812464745884277,0.654519793890951,0.216245534113513
7.35,0,135.727698926749,0.158949069768826,0.812567857523834,0.655679347468274,0.215760161213564
7.36,0,136.060970800413,0.159242557953863,0.813226508368496,0.65704201676924,0.21296007033024
7.37,0,136.403706577406,0.158425226209097,0.811918778882607,0.654686573028882,0.21394504665343
7.38,0,136.75591913393,0.15699095209239,0.810830483558238,0.655063736986712,0.214949352225218
7.39,0,137.117620621501,0.157313789943907,0.815224346167329,0.655456730719036,0.21421202490458
7.4,0,137.488822454471,0.157203192505471,0.813436060605901,0.654228795264996,0.217378395025334
7.41,0,137.869535297116,0.156283267414801,0.812620095495303,0.656107672203675,0.214842436094449
7.42,0,138.259769050376,0.155120866043567,0.81013325781556,0.655604865582535,0.211118000924336
7.43,0,138.659532838273,0.154743525378798,0.812892221423063,0.656578084730796,0.214016667519383
7.44,0,139.068834994024,0.154131354089779,0.813363740032627,0.653543424624052,0.212552463900063
7.45,0,139.48768304588,0.152345296141556,0.813302699522161,0.654956063478885,0.214532408136621
7.46,0,139.916083702709,0.15306900568753,0.812303240057274,0.656966270012503,0.215066626697038
7.47,0,140.354042839353,0.153113896523263,0.81139712013844,0.653969371460963,0.21587196607944
7.48,0,140.801565481759,0.153245063536392,0.812501771922709,0.655565265247447,0.21738362735299
7.49,0,141.258655791943,0.150075538516586,0.811310090467535,0.654087452457106,0.216472899398142
7.5,0,141.725317052773,0.149159204943589,0.811349409664278,0.654611625547264,0.213604724663295
7.51,0,142.201551652629,0.1493239297618,0.812082860720112,0.656127895832069,0.21495014082626
7.52,0,142.687361069936,0.147458106076803,0.811373012689694,0.654581781823725,0.214513668022119
7.53,0,143.182745857625,0.148054141726411,0.81146322659223,0.65263727839813,0.217517935027381
7.54,0,143.68770562752,0.147493274575166,0.813291267065796,0.653131539017821,0.213127902211999
7.55,0,144.202239034705,0.144023653243503,0.809754792206035,0.652859877067181,0.215463660699843
7.56,0,144.726343761871,0.145624568651307,0.809969614387341,0.652065909665573,0.215404551183299
7.57,0,145.260016503706,0.146920122174247,0.811892334731532,0.653679922365435,0.216539729089175
7.58,0,145.803252951315,0.145976655730411,0.812803325107593,0.653640754695921,0.215531756936753
7.59,0,146.35604777674,0.144258661893393,0.811915290279716,0.654724542227765,0.215054704556656
7.6,0,146.918394617583,0.145403663724814,0.815048686249814,0.653605564906702,0.215956970964877
7.61,0,147.490286061769,0.142747488056255,0.814206937767818,0.654850892641659,0.215582538994142
7.62,0,148.071713632492,0.141670828028462,0.811167855055445,0.653725763824012,0.215481936340471
7.63,0,148.662667773349,0.144947302220327,0.815515106990834,0.651566583458501,0.213223693837227
7.64,0,149.263137833729,0.140896757631009,0.812163473950109,0.652354693449537,0.218825303185469
7.65,0,149.873112054451,0.139603283020543,0.811275649513572,0.65308023389891,0.214064364439865
7.66,0,150.492577553717,0.139176016923043,0.812169276322695,0.653036821234632,0.212410388245899
7.67,0,151.12152031339,0.139569011141199,0.812109368534605,0.649675287755099,0.214041701798707
7.68,0,151.759925165635,0.139650736800505,0.812538864147159,0.652397066778901,0.214550551895397
7.69,0,152.407775779968,0.139792709446033,0.812518710574669,0.65087286382402,0.215244529610129
7.7,0,153.065054650726,0.135006569956694,0.813113124095224,0.651612685538638,0.216641011044031
7.71,0,153.731743085013,0.135734540070719,0.813675806348721,0.651706798221237,0.218118323762334
7.72,0,154.407821191135,0.134528297908869,0.81441617091694,0.652482718976613,0.213850866790919
7.73,0,155.093267867571,0.134004809950202,0.812948639524157,0.652401063278315,0.21136894323463
7.74,0,155.788060792515,0.135017082944991,0.814349281090279,0.651066260963756,0.217364748181558
7.75,0,156.492176414006,0.134247801575002,0.814764959665861,0.652771053672297,0.215901746711808
7.76,0,157.205589940707,0.131679398529884,0.815543969633285,0.650233521536817,0.216035828392739
7.77,0,157.928275333331,0.134458968426971,0.814338485975959,0.650040703355194,0.215330083656569
7.78,0,158.660205296788,0.127037197479294,0.812248195918623,0.652428699209771,0.213625598899908
7.79,0,159.401351273046,0.127838948777767,0.813835783159279,0.652486542038963,0.214164915225874
7.8,0,160.151683434771,0.129096117216787,0.81358520555157,0.651941150366259,0.214448539063011
7.81,0,160.911170679761,0.128157940936388,0.812421196666452,0.650014466233676,0.216566088585862
7.82,0,161.679780626208,0.126104252103359,0.815877163724588,0.652204897260751,0.216295134108326
7.83,0,162.457479608829,0.127013852075491,0.813570839431402,0.649988343879242,0.213904335434208
7.84,0,163.244232675884,0.126580066970128,0.81432590240655,0.649116531812013,0.21352055363666
7.85,0,164.04000358713,0.125523692686382,0.813347312097281,0.650337780022276,0.214783934252109
7.86,0,164.844754812716,0.122161912619385,0.815067830350116,0.650452281141298,0.212945684267601
7.87,0,165.65844753308,0.123705686477651,0.814494712342786,0.647213701283019,0.217226429095263
7.88,0,166.481041639848,0.119600107548883,0.815378503794858,0.649013901793221,0.21311328742441
7.89,0,167.312495737789,0.121800830416375,0.812683613343563,0.647116101713367,0.216788334501017
7.9,0,168.152767147829,0.12003331592353,0.814895136059051,0.651508421015115,0.212764775881546
7.91,0,169.001811911178,0.119144113354115,0.816265112381879,0.64922995596677,0.2146376342602
7.92,0,169.859584794571,0.119603115373995,0.814387775342955,0.648541754652569,0.213814590237594
7.93,0,170.72603929667,0.11791151544906,0.814928519914808,0.651894245808641,0.215747810925314
7.94,0,171.601127655634,0.119924699005538,0.815040193829956,0.649230456684764,0.213427961272411
7.95,0,172.484800857897,0.116033583009255,0.816538138317254,0.64973780464408,0.21423705762344
7.96,0,173.377008648161,0.115887070159926,0.815185510199714,0.6496627874238,0.213911883556645
7.97,0,174.277699540639,0.114934662190724,0.81488454809063,0.647828352333537,0.214215281662211
7.98,0,175.186820831559,0.114385506093504,0.815858422865114,0.649309264896728,0.213800060155799
7.99,0,176.104318612958,0.110707906833185,0.814836956043987,0.648301729074937,0.215103584448025
8,0,177.030137787771,0.112848353654478,0.815144598148065,0.648746899068176,0.21641925491474
8.01,0,177.964222086249,0.113806097260543,0.812804508487324,0.647659997659036,0.214793047096962
8.02,0,178.906514083703,0.111109276194062,0.814309488929305,0.647444335230818,0.216703689776954
8.03,0,179.856955219608,0.108287765172506,0.816774959954775,0.646492163614437,0.213001938423912
8.04,0,180.815485818063,0.108645667627501,0.815301325074328,0.64769454561744,0.215491253245608
8.05,0,181.78204510963,0.108280689389519,0.814420288235749,0.647495489626432,0.21451819768187
8.06,0,182.756571254558,0.105165101637315,0.816640260694391,0.648088984167005,0.214395200398765
8.07,0,183.739001367402,0.105211419035472,0.818061143326141,0.649951307604335,0.215209890052334
8.08,0,184.729271543043,0.104168108584184,0.81688521485668,0.648321412571534,0.217544026499068
8.09,0,185.727316884114,0.103608699245584,0.814819999190737,0.648168672013426,0.21407000175754
8.1,0,186.733071529844,0.102420421910695,0.816395074009852,0.646718872218841,0.21570179809685
8.11,0,187.746468686315,0.0993958141577968,0.816450944498921,0.648604830188642,0.214496550365072
8.12,0,188.767440658128,0.10134459644714,0.81658152426219,0.645871324929481,0.213862761335595
8.13,0,189.795918881496,0.0979688324271446,0.816039400532909,0.645128478401025,0.215452359717863
8.14,0,190.831833958745,0.0988611716158576,0.818231886447293,0.645656556867454,0.213735231052034
8.15,0,191.875115694226,0.0971035882352203,0.817573214453999,0.648646377301968,0.215220155657791
8.16,0,192.925693131627,0.0956785948395345,0.817291071409206,0.648101963022419,0.216747012082716
8.17,0,193.983494592695,0.0981304012245881,0.817041970468329,0.644196993115158,0.214144757202213
8.18,0,195.04844771733,0.0946702167361471,0.82021324300136,0.646947437433924,0.214077295638148
8.19,0,196.12047950507,0.0947264747432768,0.818327202694808,0.645774396173602,0.216018203238491
8.2,0,197.199516357938,0.0924047279033984,0.819752399769398,0.644378169232668,0.213515641859318
8.21,0,198.285484124638,0.0912754709651937,0.819707825495297,0.646332187949472,0.215163731685385
8.22,0,199.37830814609,0.0897634941548678,0.817644240462921,0.648272007592436,0.216783242285071
8.23,0,200.477913302282,0.0922333248890137,0.818633383384293,0.643818868065974,0.214736897008758
8.24,0,201.584224060424,0.0900441531484442,0.818279166125109,0.644953168360384,0.214799223082958
8.25,0,202.697164524378,0.0890050480784759,0.821462875899883,0.64683655624234,0.214866364341184
8.26,0,203.816658485344,0.0861269991390245,0.819404944187022,0.647035654642071,0.216032929724431
8.27,0,204.94262947378,0.0862574021167849,0.819883190567007,0.646038725996707,0.215152401240395
8.28,0,206.075000812524,0.0865909327937861,0.817842737884345,0.645684145500267,0.214819570836637
8.29,0,207.2136956711,0.0864921512041498,0.819988713291892,0.646217030210778,0.216000390985879
8.3,0,208.358637121163,0.0841345187046402,0.819174224191408,0.643444945702956,0.217887473092974
8.31,0,209.509748193075,0.0839654268408412,0.819369345353896,0.645338070035738,0.217263942473458
8.32,0,210.666951933557,0.0818268253116994,0.818557318510075,0.645367018776714,0.2129715161584
8.33,0,211.830171464392,0.0800599830988249,0.820487894709718,0.64775809023161,0.213501549095706
8.34,0,212.999330042154,0.0794035262535265,0.823304013912947,0.644751965052684,0.214934345725062
8.35,0,214.174351118904,0.075901817787426,0.821489614159755,0.646225683994705,0.212547269458237
8.36,0,215.355158403836,0.079273995075812,0.82103358292261,0.640928930379479,0.216447211008529
8.37,0,216.541675925816,0.0768353719797886,0.822078518917362,0.643512044942868,0.216187674286878
8.38,0,217.733828096791,0.0763195389155373,0.82196961699632,0.645914959025439,0.21541703383456
8.39,0,218.931539776005,0.0735001088150428,0.821696059314484,0.643955669937073,0.214678180158006
8.4,0,220.134736334991,0.0741473624886509,0.8227571223194,0.644242310106624,0.213981070661459
8.41,0,221.3433437233,0.0751712310792255,0.82281178039299,0.642248591224068,0.210932317404088
8.42,0,222.557288534899,0.0734682775227739,0.82390051451353,0.646243349282635,0.213602127246197
8.43,0,223.776498075216,0.0704255552836386,0.826949584459585,0.641393647420733,0.214357056390645
8.44,0,225.000900428763,0.0718497992981597,0.823946291136705,0.643408571289456,0.213942132719738
8.45,0,226.230424527304,0.0699589244872733,0.823175596146868,0.641565335539147,0.215596750791499
8.46,0,227.465000218507,0.0678309856247637,0.8251535937749,0.643666062915351,0.216238351605956
8.47,0,228.704558335033,0.0670578060588248,0.823399651743457,0.64358959523112,0.216186659914059
8.48,0,229.949030764009,0.0697895175478814,0.821966934221251,0.643436542654128,0.213392154872866
8.49,0,231.198350516839,0.0638192310339612,0.82249625752281,0.645191216463681,0.21704262479
8.5,0,232.452451799285,0.0641334194850387,0.824436344498021,0.64429438603846,0.212194010288926
8.51,0,233.711270081783,0.0651719205417678,0.824212461273024,0.643617165868088,0.21349920156375
8.52,0,234.974742169924,0.0612232453134085,0.828947318657484,0.641049676604592,0.213552240787959
8.53,0,236.242806275057,0.0629104368931754,0.82772035053302,0.643122847629495,0.216306506752344
8.54,0,237.515402084944,0.0608880907102937,0.824299273947459,0.643587294814801,0.214115382585635
8.55,0,238.792470834438,0.0587752486475592,0.827285766897383,0.644859178820631,0.214820555825796
8.56,0,240.073955376094,0.0583138840829187,0.825977747504381,0.64530940626907,0.216319838236967
8.57,0,241.359800250687,0.0590391550926936,0.824714893674152,0.64317486028393,0.215085854851091
8.58,0,242.649951757566,0.0581272857491082,0.826810134404946,0.644004637446573,0.215507817666659
8.59,0,243.944358024788,0.0540839717803474,0.825315317823146,0.644824632492849,0.212782463994466
8.6,0,245.242969078993,0.0542872344213351,0.82565594312985,0.642871461105811,0.21453240967902
8.61,0,246.545736914931,0.0538252804684833,0.827475951677114,0.643376477214338,0.215497886508758
8.62,0,247.852615564629,0.0533530654160684,0.828650627065816,0.643188943331933,0.215489080707578
8.63,0,249.1635611661,0.0521045401511735,0.82723450375864,0.643726023504564,0.214820600276585
8.64,0,250.47853203158,0.0524184856770117,0.830918374831,0.644155905329548,0.213705513431562
8.65,0,251.797488715202,0.0512325938740489,0.831094251529175,0.643831830135193,0.216596842687926
8.66,0,253.120394080078,0.0485015864390892,0.82893150889647,0.643213469581256,0.213330935584469
8.67,0,254.447213364732,0.0490668961133167,0.829482302365136,0.643290766733748,0.217106038032705
8.68,0,255.777914248823,0.0491422033277063,0.827789327266898,0.642972494301325,0.214934288148077
8.69,0,257.112466918109,0.0458639400127062,0.830107257924759,0.641250583806654,0.215652304971982
8.7,0,258.450844128617,0.0465659309832681,0.83049199709422,0.64403704973737,0.214642846262959
8.71,0,259.793021269939,0.0449476113403836,0.83149916448369,0.642253358153444,0.21668778112734
8.72,0,261.138976427636,0.044026810401489,0.828786631247023,0.643823733590165,0.21341108354259
8.73,0,262.488690444684,0.0457871795106679,0.828900374732571,0.64333888574649,0.21519543214512
8.74,0,263.842146981918,0.042337649827615,0.8277122544241,0.642137668425557,0.215847903425747
8.75,0,265.199332577428,0.0412306466012634,0.82884368266623,0.644225952459889,0.215819406790237
8.76,0,266.560236704876,0.0408446655455791,0.831313068300855,0.642308678941008,0.214871974473521
8.77,0,267.924851830663,0.039593207637238,0.831482183140542,0.643870822838598,0.215808482904215
8.78,0,269.29317346993,0.0382750472686153,0.834071803328375,0.64366847791755,0.214400149681344
8.79,0,270.665200241342,0.0426112232654851,0.8304709793315,0.645116557957013,0.214645208384009
8.8,0,272.040933920612,0.0409016253177945,0.830704058271109,0.645070120134521,0.215413048077108
8.81,0,273.420379492734,0.0371254192498794,0.832364121812278,0.644526810844535,0.21426640570893
8.82,0,274.803545202882,0.035928125817043,0.83365045163001,0.642976026788773,0.215337485285778
8.83,0,276.190442605946,0.0349374158060029,0.834965202224168,0.644869008923391,0.2132973859058
8.84,0,277.581086614674,0.0322388627446339,0.832641745858165,0.642872731718541,0.216256271906401
8.85,0,278.975495546366,0.0339667632915658,0.834184068547664,0.646055762347306,0.216387614850247
8.86,0,280.373691168129,0.0318412521263385,0.834220833777834,0.64300136582457,0.216061722243392
8.87,0,281.77569874062,0.0313910853678197,0.832697248498403,0.642765268077618,0.217054898149482
8.88,0,283.181547060287,0.0303778528925934,0.833657336716344,0.644884687850962,0.215388624129719
8.89,0,284.59126850006,0.0268213273579221,0.835028322786188,0.643099977598125,0.216091738814411
8.9,0,286.004899048472,0.030337879172727,0.833637176441373,0.64524116579116,0.211756079523558
8.91,0,287.422478347198,0.0287413547807456,0.833944549908811,0.643810263955151,0.212241651859182
8.92,0,288.844049726975,0.029960879554261,0.836031544653024,0.644524529555416,0.21567775629504
8.93,0,290.269660241902,0.0251096056782199,0.83899022485349,0.645072223479858,0.214324773801302
8.94,0,291.699360702082,0.023744365777226,0.836114080830488,0.645923351361846,0.213582347080934
8.95,0,293.133205704613,0.0236792348862248,0.837107843772753,0.646574613130278,0.213176573144628
8.96,0,294.571253662895,0.0235973653541532,0.836851228636314,0.644580389217275,0.216705737621957
8.97,0,296.013566834248,0.02348484344005,0.835761719968961,0.645366597927164,0.216003470831317
8.98,0,297.460211345837,0.0203559977663415,0.839540001297658,0.64425561278829,0.218331873396122
8.99,0,298.911257218882,0.0226377109624225,0.837169833506019,0.644166156399752,0.21512791653435
9,0,300.366778391152,0.0182105913264064,0.838652167031534,0.642374538709799,0.215940454511113
9.01,0,301.826852737737,0.0208515968092722,0.841116952256522,0.64389174332983,0.214528914772256
9.02,0,303.291562090095,0.0176785119471793,0.837673701684677,0.648639825194309,0.212757798713642
9.03,0,304.760992253367,0.0194191966122839,0.838956079044203,0.645815058514721,0.213837807710731
9.04,0,306.235233021963,0.0147576136701699,0.840044772042063,0.644596249571444,0.21399195747739
9.05,0,307.714378193408,0.0158588462752489,0.839083825685547,0.645661820506545,0.213626138251053
9.06,0,309.198525580469,0.0152456385649857,0.841679604116553,0.644874396951845,0.213657164020782
9.07,0,310.687777021548,0.0138802902239492,0.839956505165486,0.645110331814516,0.218530886543036
9.08,0,312.182238389351,0.0122080760040123,0.840770524879662,0.642499661649289,0.21328505106247
9.09,0,313.682019597839,0.0129569623562215,0.84073115083873,0.64481936081311,0.215307666957802
9.1,0,315.187234607471,0.0146323425316669,0.839639296770343,0.646369855643442,0.216276951882709
9.11,0,316.698001428735,0.00932219305860776,0.842558577492609,0.64805384880327,0.214934235276026
9.12,0,318.214442123996,0.00914984017408969,0.842083023311943,0.647451170379739,0.218121514320865
9.13,0,319.736682807641,0.00795778140293888,0.845357200423611,0.649429431609015,0.216206613355223
9.14,0,321.259218817192,0.00628456307687181,0.842797629442653,0.64399319170936,0.214734578064926
9.15,0,322.737054143753,0.00694230807166737,0.842224744959274,0.647651290947327,0.21544501324435
9.16,0,324.187188372046,0.00785205235410235,0.843069962398994,0.646883481384011,0.215225498077426
9.17,0,325.630728009472,0.00734320366553301,0.843488072976365,0.644224378849881,0.216523572604477
9.18,0,326.952509025416,0.0047532649170931,0.841795601706963,0.643264819048566,0.21337773155205
9.19,0,328.056637745903,0.00532030294464914,0.845100556610117,0.647037282442873,0.213415421441481
9.2,0,329.072132940845,0.00579743483407543,0.842355947134591,0.647557820383311,0.215351246684769
9.21,0,330.055890499557,0.00473360316612925,0.844476778322793,0.648096998575648,0.213999031449973
9.22,0,331.007551792576,0.00235730530021416,0.843523993606089,0.648536223494858,0.214354351045457
9.23,0,331.942427040185,0.00374871473173081,0.845920178994051,0.647877302448562,0.215455331510602
9.24,0,332.873015904779,0.00184671549216769,0.846167224473172,0.646240888722848,0.214779316631534
9.25,0,333.801810523803,0.00255367715135852,0.849740939103981,0.651427150284676,0.215673493652805
9.26,0,334.728758892478,0,0.844756337916494,0.643966258142198,0.217928882688277
9.27,0,335.656821020757,0.000973162391378884,0.847246797755174,0.648258498624281,0.215672375407639
9.28,0,336.586761600828,0.0013471876108831,0.84591920738455,0.650271073371936,0.21596248499015
9.29,0,337.51423522532,0,0.849783513902464,0.646636873689506,0.2165526256035
9.3,0,338.158880632733,0,0.848138045003989,0.650878417004931,0.217378485278604
9.31,0,338.353015672087,0,0.847375620838516,0.647803726778827,0.216640048591707
9.32,0,338.547415693397,0,0.849438313088291,0.647401105870607,0.216895594372004
9.33,0,338.742111177708,0.00270898586819213,0.848464214115289,0.648852123532698,0.216089783696952
9.34,0,338.937132683785,0,0.850413616485692,0.64744524994479,0.214852420126619
9.35,0,339.132510830901,0,0.850969139392949,0.646269459966851,0.215059633008143
9.36,0,339.328276281581,0.000885246071383704,0.851241436782374,0.649470813193515,0.212032258715005
9.37,0,339.524459724328,0,0.849425286987484,0.650728381665561,0.216541576744888
9.38,0,339.721091856327,0,0.852250107984711,0.648580204139099,0.212451076778803
9.39,0,339.918203366131,0,0.853376498986855,0.647597735005064,0.215467123625124
9.4,0,340.115824916355,0,0.852202983043503,0.650617157365691,0.211280668560638
9.41,0,340.313987126359,0.00138959472257114,0.852673259315881,0.648020784325542,0.214288547406061
9.42,0,340.512720554951,0.000970701213906893,0.851706054082111,0.64825230493043,0.216235139465324
9.43,0,340.712055683107,0,0.854605722185527,0.650641881243792,0.213363498653908
9.44,0,340.912022896708,7.91616193498519e-05,0.85626395001782,0.650732922109095,0.21482796255503
9.45,0,341.112652469325,0,0.85616483552919,0.648953017622635,0.215763519308288
9.46,0,341.313974545034,0,0.854727082611595,0.651053343152467,0.212040330377601
9.47,0,341.516019121283,0,0.855163132200291,0.651256486254839,0.214591503271923
9.48,0,341.718816031819,0.000672824765495832,0.854401706565375,0.652043612993409,0.214703476090289
9.49,0,341.922394929677,0,0.854364206803663,0.648285912317072,0.215469511548913
9.5,0,342.126785270241,0,0.8556670479538,0.651260422599123,0.215781818960115
9.51,0,342.332016294389,0.000381599118040655,0.857795699396626,0.652055182953098,0.216356775591265
9.52,0,342.538117011724,0,0.853285141678577,0.651030719201875,0.217350265202176
9.53,0,342.745116183907,0,0.856636436304291,0.652793578900691,0.215046265378893
9.54,0,342.953042308083,0,0.859769843838955,0.652988389271738,0.215952352644119
9.55,0,343.161923600434,0.00219842911510351,0.857423240611932,0.653034644576733,0.213575498415915
9.56,0,343.371787979846,0.00115205021967105,0.856180246487244,0.650782981677637,0.213032366211335
9.57,0,343.582663051702,0,0.858856044154602,0.65223646714649,0.21530170122706
9.58,0,343.794576091816,0,0.85791550814276,0.650483168910575,0.216230902610521
9.59,0,344.007554030511,0,0.859216932759916,0.654028099294848,0.215703378682336
9.6,0,344.221623436851,0,0.859308248378763,0.650465214990459,0.214798367184136
9.61,0,344.43681050303,0.00303521410669886,0.857839676108163,0.655814515100755,0.21406707020199
9.62,0,344.653141028931,0,0.859061603639892,0.651148435743396,0.214194527944118
9.63,0,344.870640406861,0.00110848308589622,0.860663403301779,0.65261636233672,0.213239653138091
9.64,0,345.089333606475,0,0.861107737655003,0.654044256105878,0.216776273962931
9.65,0,345.309245159881,0.00166280399247594,0.86208664536158,0.652744290664108,0.214555548003124
9.66,0,345.530399146954,0.000939556420390491,0.862400728193895,0.651527813076721,0.215322163843632
9.67,0,345.752819180854,0.00069347157292788,0.859947138981701,0.654234908675597,0.216091917324067
9.68,0,345.976528393755,0,0.863104676802485,0.653498371501515,0.214672557388519
9.69,0,346.201549422801,0,0.86253818191654,0.651753399984181,0.213866986819765
9.7,0,346.427904396286,0,0.865617084584021,0.655077820737462,0.215193691324327
9.71,0,346.655614920076,0.000601835156949637,0.863675306132481,0.656625145687823,0.21461017301922
9.72,0,346.884702064268,0.000588832218754677,0.863317684986356,0.652626306947592,0.215842307804941
9.73,0,347.115186350103,0,0.864284670632402,0.655823226265876,0.214172092342506
9.74,0,347.347087737139,0,0.860913098936147,0.656486933746004,0.214845464522062
9.75,0,347.58042561068,0,0.865717367303374,0.65093067935669,0.213728333015403
9.76,0,347.815218769481,0.000943775782732518,0.860098035324411,0.653291962324507,0.215614848375044
9.77,0,348.051485413732,0.00127427433903499,0.866755514352285,0.65494960519182,0.214030785399324
9.78,0,348.289243133318,0,0.867014147500124,0.653892988590728,0.215790527527707
9.79,0,348.528508896378,0,0.865702319149083,0.652415193264548,0.214417865485396
9.8,0,348.76929903815,0,0.867129191893526,0.652062541682647,0.215607745134322
9.81,0,349.011629250123,0.00195476451410756,0.86707784629314,0.652753657429363,0.215198896482067
9.82,0,349.255514569496,0,0.865980559695142,0.655844086537025,0.21445126302498
9.83,0,349.500969368948,0,0.869139744537902,0.654494783593871,0.213035542391497
9.84,0,349.748007346725,1.31221554603677e-05,0.868628306831505,0.658111251117091,0.216886165284099
9.85,0,349.996641517053,0,0.869514489415266,0.654059018032704,0.215087229124247
9.86,0,350.246884200878,0.000647604685399336,0.868198074824368,0.653535620201814,0.216575075743069
9.87,0,350.498747016936,0.000505237709543741,0.869823787774212,0.655331759454094,0.215863322816809
9.88,0,350.752240873162,0,0.868285072286914,0.655922617218741,0.214990240184054
9.89,0,351.007375958445,0,0.870511034127665,0.655490874704755,0.217147604072402
9.9,0,351.264161734724,0.000765568902073084,0.870788366109521,0.655523914031722,0.215062874082192
9.91,0,351.522606929431,0.000331743933418408,0.870360107682844,0.654704813786658,0.216523505018194
9.92,0,351.782719528298,0,0.87292251525363,0.653384372067944,0.215855815074986
9.93,0,352.04450676851,0,0.87364847237326,0.655826559274214,0.21583624369602
9.94,0,352.307975132222,0.00309155002992704,0.873072077171965,0.655383704443759,0.213068078691962
9.95,0,352.573130340448,0.00219001129476165,0.87237483860647,0.654321467823274,0.214526095798545
9.96,0,352.839977347298,0.000437237543642383,0.874314716376245,0.656423667706975,0.213206758845006
9.97,0,353.108520334603,0.000478246352873711,0.874577276967418,0.654288119319815,0.214719053811029
9.98,0,353.378762706898,0.000694050375922078,0.875523609343935,0.658893812250729,0.216692061138555
9.99,0,353.650707086786,0.000872718404457599,0.875183622516413,0.656687008317756,0.216045042065972
10,0.1,353.924355310673,0.000288790549340693,0.876512405472425,0.657570885162112,0.215128335682396
10.01,0.1,354.19970842488,0.0028145310639944,0.875950485594774,0.656725849094942,0.21377441179927
10.02,0.1,354.476766682136,0.00115998716983346,0.875974686103397,0.656914376905577,0.214528034042849
10.03,0.1,354.755529538449,0.00179167447753421,0.876348183445878,0.65826503415828,0.217853696920201
10.04,0.1,355.035995650358,0,0.877048160471365,0.655554469769851,0.212169760141875
10.05,0.1,355.318162872562,0,0.876433779116399,0.657249108017899,0.215701363653753
10.06,0.1,355.60202825594,0,0.875914473221368,0.655245077649465,0.214499916309008
10.07,0.1,355.887588045941,0,0.876342397355865,0.655712287486924,0.216580101976596
10.08,0.1,356.174837681366,0.000243756250421188,0.87730776859859,0.657133932319486,0.214568081507308
10.09,0.1,356.463771793523,0,0.879418397407161,0.654842795508616,0.216166848240706
10.1,0.1,356.754384205771,0.00263837331544504,0.880881415190208,0.656014469327395,0.215252908933429
10.11,0.1,357.046667933436,0,0.879274444304652,0.655990366064223,0.217281332696189
10.12,0.1,357.340615184114,0.000348448050488809,0.881274241597664,0.657674518684002,0.214043868769885
10.13,0.1,357.636217358343,0,0.881520004168312,0.655388109251376,0.216472326214181
10.14,0.1,357.933465050664,0.000311882614690406,0.880004079502269,0.65607046558437,0.214091609880548
10.15,0.1,358.23234805104,0,0.883170444298162,0.65628328837466,0.215368922915772
10.16,0.1,358.532855346666,0,0.881195157135346,0.657383024391397,0.214912151195642
10.17,0.1,358.834975124134,0.00067219108524051,0.884660241322736,0.654971318940487,0.214877483030544
10.18,0.1,359.138694771976,0,0.880439799768353,0.65701824792509,0.215879298437776
10.19,0.1,359.444000883569,0,0.880095342651603,0.655986289930201,0.21342872285096
10.2,0.1,359.750879260404,0,0.88066821154972,0.657342451981766,0.212755285187407
10.21,0.1,360.059314915712,0,0.882498680809424,0.656939919743561,0.215691031017363
10.22,0.1,360.369292078453,0,0.883912466911147,0.654181397534475,0.213388897890492
10.23,0.1,360.68079419765,0.00136350064083203,0.885732315803796,0.655672895822258,0.214116341775087
10.24,0.1,360.993803947076,0,0.885045824114067,0.657650186444878,0.212188130872406
10.25,0.1,361.308303230292,0.000905087247206321,0.886754077186002,0.657099857788589,0.212061979553257
10.26,0.1,361.624273186016,0,0.885413347152454,0.655079448412427,0.214400275697352
10.27,0.1,361.941694193839,0.000182844223918963,0.887821404691871,0.658858234563326,0.21600842776834
10.28,0.1,362.260545880267,0.00133236564173757,0.886424382262204,0.654087396896822,0.21755703822436
10.29,0.1,362.580807125097,0,0.884558706952439,0.657197527594133,0.216743798223264
10.3,0.1,362.902456068111,0.000770305805685092,0.885625554247397,0.65503025928118,0.214056512908353
10.31,0.1,363.225470116095,0,0.887883335794181,0.655355860090693,0.214018313373859
10.32,0.1,363.549825950167,0,0.888684933730908,0.655731751864885,0.214573313649552
10.33,0.1,363.875499533412,0.000282630861879523,0.887368793465705,0.657549894434815,0.212845602426481
10.34,0.1,364.202466118831,0.00151186895586497,0.887954549845076,0.658460994383466,0.213817077409175
10.35,0.1,364.530700257568,0,0.887652444765617,0.656143335787633,0.213534742209344
10.36,0.1,364.86017580745,0,0.88945966369946,0.654287051566454,0.214361771364069
10.37,0.1,365.1908659418,0,0.887155701647215,0.65596617745512,0.214643148450098
10.38,0.1,365.522743158531,0.000566048018474883,0.891133138323704,0.654707503069179,0.214822170588502
10.39,0.1,365.855779289523,0,0.88826887104067,0.654602762543003,0.213086139513766
10.4,0.1,366.189945510254,0.000785180625022045,0.892191599061651,0.655042270490866,0.216494507591026
10.41,0.1,366.525212349707,0.00199257197745896,0.891009288224261,0.654050452767889,0.212014527685655
10.42,0.1,366.861549700525,0,0.890392149687048,0.655216254104116,0.214779971508897
10.43,0.1,367.198926829413,0.000250092010971945,0.891092277864508,0.658240509296516,0.212645651833686
10.44,0.1,367.537312387789,0,0.892720086960189,0.657675341901234,0.215526198739567
10.45,0.1,367.876674422664,0,0.89237553690655,0.657380268008319,0.216960572796623
10.46,0.1,368.21698038776,0.000714747283823451,0.892187533876715,0.655921830712195,0.216573994344615
10.47,0.1,368.558197154841,0.000965778121769531,0.893027970762596,0.655626447950683,0.215253036427311
10.48,0.1,368.900291025263,0,0.895794791728042,0.655121436487146,0.214323686831617
10.49,0.1,369.24322774174,0,0.894709327604329,0.657837511737277,0.216550272852191
10.5,0.1,369.586972500298,0,0.892322442465059,0.655981046449459,0.213190536513397
10.51,0.1,369.931489962437,0,0.895319352224095,0.655664874052896,0.215168632392902
10.52,0.1,370.276744267475,0.000889330100352601,0.895606194705309,0.656216190960168,0.216181087235719
10.53,0.1,370.622699045072,0,0.895068669145855,0.654670301560522,0.214997650624845
10.54,0.1,370.96931742793,0.00138308007290124,0.894386628312118,0.655033936220143,0.215808732722869
10.55,0.1,371.316562064661,0,0.897675589397265,0.655918210111825,0.215500123428422
10.56,0.1,371.664395132812,0,0.89782850119026,0.656256107334044,0.216282266363636
10.57,0.1,372.012778352045,0.00114594029245246,0.899123632237173,0.65532368035346,0.214702428501779
10.58,0.1,372.361672997461,0.000534715943182395,0.899811774006049,0.65467461161767,0.21621860976435
10.59,0.1,369.576181772369,0.00166534649542464,0.896621671564967,0.656319157684306,0.215943442263644
10.6,0.1,366.253736674839,0.00424312978763102,0.898133269294641,0.65403252418319,0.213872586300043
10.61,0.1,363.987393672574,0.00471589650782397,0.899280923807743,0.656280159066714,0.215562309368175
10.62,0.1,362.275220105312,0.00489028854340913,0.900673132474695,0.653051026386495,0.215357949966203
10.63,0.1,360.751416445927,0.00832454697052483,0.898368694957773,0.653340652958305,0.216224483495046
10.64,0.1,359.293646582653,0.00760467399159569,0.900049568601092,0.656623013522402,0.21434344578967
10.65,0.1,357.864042950241,0.0101490616456615,0.899564957502564,0.652911986438497,0.215631810862985
10.66,0.1,356.450898962929,0.0124437319722819,0.900481869015232,0.653917290234525,0.216696217840386
10.67,0.1,355.050457860417,0.00969087769439267,0.900701212276125,0.652173200149031,0.21633020058274
10.68,0.1,353.661368991805,0.00953979505994335,0.900623030800739,0.654707479491082,0.216483562835791
10.69,0.1,352.283009702464,0.0135286555202984,0.902236937363929,0.654769024509286,0.214233925874445
10.7,0.1,350.914978526975,0.0152737034518353,0.902269889314363,0.653832310625878,0.215263350020399
10.71,0.1,349.556942405978,0.0148735387175906,0.90096462152174,0.653813732083493,0.216797359787145
10.72,0.1,348.208590718984,0.0163508158049018,0.902937209681008,0.653267040876985,0.213415411054438
10.73,0.1,346.869621493476,0.0163449643923932,0.905822459830247,0.653217934733346,0.215773451849761
10.74,0.1,345.53973729114,0.0193829031220744,0.898189911997467,0.653104754335378,0.213611127755292
10.75,0.1,344.218644000038,0.0184541155912677,0.902020485760043,0.651144115599447,0.214521016244003
10.76,0.1,342.906050498236,0.0194448934393444,0.900859404933772,0.653169236013676,0.215200573596414
10.77,0.1,341.601668578549,0.020703224670505,0.904148165340409,0.652817278408537,0.214415179053254
10.78,0.1,340.305212951607,0.0232141918720969,0.90756616656932,0.653451397811235,0.214519434741925
10.79,0.1,339.016401272561,0.0216482226017031,0.905634810357027,0.65323694949453,0.212794419916425
10.8,0.1,337.734954175107,0.0260964137386123,0.903139802233807,0.650699104356832,0.215744690421344
10.81,0.1,336.460595307921,0.0245611530214725,0.90413155700824,0.653182029858218,0.215833000020584
10.82,0.1,335.193051372059,0.0230214053826096,0.905607009288108,0.654781279153906,0.214098133344647
10.83,0.1,333.932052158832,0.026428189907773,0.904481327851243,0.652521737897707,0.214134074532494
10.84,0.1,332.677330588032,0.0264766404711411,0.903662482493308,0.650636378703254,0.214392815071872
10.85,0.1,331.428622746424,0.0257491989075591,0.905195986767989,0.654265235814015,0.213783562909224
10.86,0.1,330.185667926457,0.0318815092652811,0.907480888382226,0.651619049999416,0.216116412208947
10.87,0.1,328.948208665176,0.031478629907646,0.909025452205854,0.650391519254762,0.21415967341471
10.88,0.1,327.715990783282,0.0293414685324642,0.90795450789295,0.651793107510037,0.216115183459892
10.89,0.1,326.488763424306,0.0345961461707579,0.909054898469538,0.65080479750538,0.214793680451587
10.9,0.1,325.266279093878,0.0316879359186384,0.908031945145352,0.651327338920739,0.213253438179208
10.91,0.1,324.048293699022,0.0349548004313336,0.90859720317138,0.654088327727128,0.215672606775723
10.92,0.1,322.834566587464,0.035402661261025,0.909337485831764,0.648948764966321,0.214979342354518
10.93,0.1,321.624860586901,0.0354060250150975,0.907288806083039,0.652026404111766,0.214524997527511
10.94,0.1,320.418942044182,0.0359789139701395,0.905137715395271,0.650055946185574,0.217611850143054
10.95,0.1,319.216580864377,0.0377112441745135,0.907720612312649,0.650615749187181,0.21681818708837
10.96,0.1,318.017550549663,0.0374193674692289,0.910745539287651,0.648976017994297,0.216120628981129
10.97,0.1,316.821628238015,0.0389839609192674,0.911619653000291,0.649821548890333,0.214699305112242
10.98,0.1,315.628594741618,0.0419402895545707,0.908354600714531,0.65112525277008,0.216450873623546
10.99,0.1,314.438234584985,0.0410095250723495,0.910350017521639,0.648627734182246,0.213944971571289
11,0.1,313.250336042717,0.0406060782361629,0.911213944468418,0.645928589806902,0.213904035085684
11.01,0.1,312.064691176856,0.0410601032119216,0.913660528275977,0.650291612079835,0.215899787359523
11.02,0.1,310.881095873791,0.0456740361717596,0.910258917994972,0.651168060203721,0.215622040012097
11.03,0.1,309.699349880653,0.0449926474313782,0.912042407952277,0.650187514843282,0.21582666146281
11.04,0.1,308.519256841163,0.0458514132903129,0.912281008861261,0.650173886844327,0.216092552272491
11.05,0.1,307.340624330873,0.048137439158238,0.913223642703849,0.647025414909871,0.213233384031192
11.06,0.1,306.163263891747,0.0490522276089548,0.915254682513804,0.649673836108773,0.213125228286008
11.07,0.1,304.986991066042,0.0515828654241416,0.912981581416166,0.648321401852791,0.215684250431147
11.08,0.1,303.81162542942,0.0499971661948659,0.912824583240081,0.651795017095492,0.214997127280337
11.09,0.1,302.636990623252,0.0481815174232921,0.914804345886115,0.647582616503716,0.215151984909481
11.1,0.1,301.462914386056,0.050917778459703,0.913206428669217,0.648378477728796,0.215980083843796
11.11,0.1,300.289228584021,0.0525730322971105,0.915059022138748,0.64820436136921,0.21695922026267
11.12,0.1,299.115769240556,0.0553818335153151,0.916692502942759,0.649099925360209,0.213001820714851
11.13,0.1,297.942376564824,0.0521905434717297,0.915177310566125,0.6476639300571,0.21332575324224
11.14,0.1,296.768894979192,0.0591107869537792,0.917570150066461,0.643099451966289,0.216456201285554
11.15,0.1,295.595173145573,0.0559954896240683,0.916589902290611,0.647771190479129,0.216616276742491
11.16,0.1,294.421063990575,0.0550970514701683,0.918372325903834,0.65101379375247,0.213333413708263
11.17,0.1,293.246424729433,0.0586506772384445,0.91532531754328,0.646556828353452,0.213821135873922
11.18,0.1,292.071116888662,0.0587671736170692,0.91806740139642,0.6477553218294,0.213433994370658
11.19,0.1,290.895006327386,0.0591808552956162,0.919401516014042,0.647114814050771,0.212519209781754
11.2,0.1,289.71796325729,0.0629182903073334,0.915682073078794,0.646595375721767,0.217152636821396
11.21,0.1,288.539862261148,0.0627901270309098,0.91706062208396,0.648376459884285,0.215555309432165
11.22,0.1,287.360582309888,0.0613809905380017,0.920692129353664,0.648360085048211,0.214905548132773
11.23,0.1,286.180006778142,0.0621048363335454,0.916834089348211,0.646782617139307,0.213780291894592
11.24,0.1,284.998023458222,0.0659411532880244,0.916768279271847,0.648315911999069,0.216779564772527
11.25,0.1,283.814524572521,0.0659010291692316,0.918028777025795,0.647576372149973,0.215247750146621
11.26,0.1,282.629406784239,0.0697944525133556,0.919790064636924,0.645693445960103,0.21354055169766
11.27,0.1,281.442571206443,0.0685557098081464,0.918685733935554,0.649965537307687,0.216230379902473
11.28,0.1,280.253923409396,0.0686246006435275,0.920628495339835,0.646369381571304,0.216943654952357
11.29,0.1,279.063373426118,0.0707982130548638,0.922577371548037,0.644144048326564,0.215046591472149
11.3,0.1,277.870835756157,0.0723641726012679,0.920293419959158,0.646219724304775,0.215913188739581
11.31,0.1,276.676229367513,0.0724405866052545,0.920752268049099,0.646854090967807,0.215304912497648
11.32,0.1,275.479477696708,0.0744683234931346,0.922887330602895,0.648798142895239,0.216326035701059
11.33,0.1,274.280508646948,0.0712591858286045,0.920335088842008,0.644811102810595,0.215584155401866
11.34,0.1,273.079254584362,0.0746260350709098,0.920319484341342,0.646323464761953,0.214299493298304
11.35,0.1,271.875652332281,0.0758001014553338,0.922534164569131,0.644017413683904,0.21399225198359
11.36,0.1,270.669643163545,0.0798768028300176,0.923867509164174,0.643170371170739,0.214736520770021
11.37,0.1,269.461172790796,0.0775333786352528,0.923619958220316,0.644645077361888,0.212903423859991
11.38,0.1,268.250191354751,0.0771579563457994,0.921140722845447,0.644887355484899,0.213836972313655
11.39,0.1,267.036653410435,0.0829065961916815,0.920971210729288,0.647660197326825,0.214729479277538
11.4,0.1,265.820517911344,0.0816056550819605,0.922045817108957,0.646754337845028,0.213072143205055
11.41,0.1,264.601748191536,0.0827551543908561,0.921972912894827,0.643823014758222,0.216390700530094
11.42,0.1,263.695258724519,0.0803903456656191,0.923373913590369,0.643496864073987,0.214427000445876
11.43,0.1,263.311717729152,0.0855439388792095,0.923761470495953,0.642253983006138,0.21439986232973
11.44,0.1,263.104325429663,0.0852497649840488,0.926229269660675,0.64585120416495,0.213163765841423
11.45,0.1,262.976526966075,0.0859033392025476,0.922043308317449,0.644548659703205,0.215478541877171
11.46,0.1,263.108965843153,0.083459291143527,0.923514462760096,0.642682860750271,0.214342132087257
11.47,0.1,263.256857675689,0.0817091888306688,0.924386482556149,0.645005804335513,0.21699222587476
11.48,0.1,263.402749436726,0.0832227783093858,0.922178568063911,0.645765146893292,0.215696046938264
11.49,0.1,263.546626053039,0.0820305251192313,0.92572601274027,0.641926317019739,0.214333313132681
11.5,0.1,263.68847287706,0.0838148050675735,0.926330160548182,0.644756917146156,0.215634692206408
11.51,0.1,263.828275690201,0.0851920487759742,0.926224841769187,0.646245244331752,0.215936294895572
11.52,0.1,263.966020706058,0.083505040889188,0.925326720032592,0.643659962559677,0.216552468903617
11.53,0.1,264.101694573467,0.0816774590602675,0.927271106116397,0.643081047347405,0.214753522865381
11.54,0.1,264.235284379438,0.0835123059201922,0.927224077475948,0.645012709710928,0.21556252085807
11.55,0.1,264.366777651948,0.0818754884638752,0.926485481239303,0.643709931543899,0.217149692461054
11.56,0.1,264.496162362604,0.0812388449916797,0.925403619772444,0.641532659202302,0.215564190335845
11.57,0.1,264.623426929163,0.0805121128507457,0.927896009317605,0.644458384374453,0.214213473808759
11.58,0.1,264.748560217927,0.0811113265284469,0.927096116820075,0.644996367299655,0.212905754647576
11.59,0.1,264.871551545999,0.0859170433762938,0.929256116120328,0.645251220043432,0.21647572766709
11.6,0.1,264.992390683399,0.084130564445696,0.928946901094296,0.646729674579706,0.215674950222842
11.61,0.1,264.4472028982,0.0814422150484656,0.927337158627878,0.645251359282845,0.21593734337389
11.62,0.1,263.536220139125,0.0853199261805567,0.928183747154775,0.646075805499189,0.218993914178884
11.63,0.1,263.074477654986,0.0875961633354794,0.927037849448624,0.643417119899741,0.215946395327945
11.64,0.1,262.959641052274,0.0850407125386398,0.928559446142095,0.644911163513704,0.215035849081826
11.65,0.1,262.949250722371,0.0885717899618171,0.927642096856231,0.645407537094545,0.214129070996233
11.66,0.1,262.973386839813,0.0849893842613568,0.926518537513349,0.643523392745682,0.215033206638637
11.67,0.1,263.077827697905,0.0882297217390205,0.928862991044967,0.644184831990998,0.216333740611061
11.68,0.1,263.180086705278,0.0833505018702993,0.928649914687865,0.643061452755972,0.216048149890841
11.69,0.1,263.280144700714,0.0847957650981442,0.928633564630855,0.644690762502265,0.215682159995314
11.7,0.1,263.377996127268,0.0877056236954222,0.928636715955101,0.640898241654565,0.215657083134851
11.71,0.1,263.473635890543,0.08393641630958,0.929202975755645,0.640208199621642,0.215067590192134
11.72,0.1,263.567059359189,0.0862831495551078,0.930421269707653,0.64599491556198,0.215609161039342
11.73,0.1,263.658262365249,0.0834013873582975,0.928092849873731,0.642839701489572,0.216315066956302
11.74,0.1,263.747241204385,0.0840173779381441,0.929511192704538,0.641306150743746,0.215090585584951
11.75,0.1,263.833992635964,0.0846677259949646,0.929508307136497,0.642878751496501,0.215069545748019
11.76,0.1,263.91851388301,0.0876424150764682,0.929538743619223,0.645236945371964,0.214499622524618
11.77,0.1,264.000802632027,0.0837240043050738,0.929283517082254,0.642389056212044,0.216303540173835
11.78,0.1,263.835768168073,0.0866837859339445,0.92995030893592,0.643424389517645,0.215669161229129
11.79,0.1,263.422507427178,0.0854577158810733,0.930704104403813,0.644089431975135,0.214510625296331
11.8,0.1,263.137764546265,0.0867108785962567,0.931183098672911,0.643036782072313,0.213457222659886
11.81,0.1,263.031978579982,0.0889440466225916,0.936232588846191,0.644477148115672,0.214514798794769
11.82,0.1,263.011059664341,0.0864509131359826,0.930574451572505,0.643813813435696,0.215349618258307
11.83,0.1,263.005131481829,0.086978418668085,0.932440730594949,0.646765239489123,0.213693834790044
11.84,0.1,263.028578922389,0.0874771278136366,0.933553274371757,0.645057453338777,0.216591659127462
11.85,0.1,263.091709114106,0.0895580354410825,0.931989367997518,0.644708788796083,0.215079783298433
11.86,0.1,263.153528106227,0.0868011735561775,0.932393470249538,0.642865467889076,0.216798954285905
11.87,0.1,263.213129355927,0.0843199975199749,0.933346286689856,0.640774853550231,0.212015367466863
11.88,0.1,263.270515582734,0.0850165664950877,0.93234139375369,0.641904091173916,0.216231794671433
11.89,0.1,263.277194451379,0.0871382503136546,0.932187981694529,0.645918923011976,0.212166790973637
11.9,0.1,263.235376013494,0.0860972556418153,0.933773213646834,0.644084405621085,0.212555362755449
11.91,0.1,263.183348046604,0.0860266302932056,0.934033201141079,0.643891579473955,0.215628011346187
11.92,0.1,263.112978186745,0.0867542632257045,0.93113156900789,0.642555620765375,0.215190764795177
11.93,0.1,263.027560784083,0.0879925466793182,0.932289461363481,0.643135583850573,0.214276427718612
11.94,0.1,262.93498584328,0.0851938252259297,0.933426133393812,0.640578228585385,0.215330461192663
11.95,0.1,262.884391020066,0.0861691274459891,0.936197468179935,0.644935593029783,0.215084651117308
11.96,0.1,262.852655387069,0.0894664878065038,0.93570014868916,0.643244213175086,0.214574986400343
11.97,0.1,262.817195747434,0.0876210687622795,0.934807556243131,0.643573162862964,0.215483395652587
11.98,0.1,262.789445299632,0.0877274679244007,0.933093849809788,0.646035843309722,0.212842751919845
11.99,0.1,262.77980481153,0.0869456805489082,0.933153514672701,0.643903272672744,0.212288094574351
12,0.1,262.767897262385,0.0876341043100679,0.932957660113564,0.643864110123824,0.214913204083574
12.01,0.1,262.746998244405,0.088302454350795,0.935965410250589,0.644525763196183,0.212520710162562
12.02,0.1,262.722283534637,0.0861614134430959,0.933742167554827,0.64193885471716,0.217833806226377
12.03,0.1,262.689798773765,0.0860523153673281,0.933652656906867,0.645644956016659,0.215629753899138
12.04,0.1,262.646095200197,0.0865370686168839,0.934581522499723,0.646070681523458,0.212516856927097
12.05,0.1,262.600015509388,0.0893309374229868,0.93467189452462,0.64673976603449,0.214406779099548
12.06,0.1,262.557904936682,0.0885234011206556,0.934753761376635,0.644482790146525,0.212951030275634
12.07,0.1,262.508979955828,0.0877287447284236,0.934684777964618,0.645707438144164,0.216486396980074
12.08,0.1,262.45215385953,0.0914346269974074,0.934072152127736,0.646638363958283,0.216060764199551
12.09,0.1,262.408936692603,0.0894745740388482,0.933186559593316,0.646601225959966,0.213235526314119
12.1,0.1,262.368315912418,0.0872126178385995,0.935568377167073,0.643952722496045,0.214842789412214
12.11,0.1,262.319801895248,0.0897455426306604,0.933888738852434,0.644618908703312,0.215330623206367
12.12,0.1,262.273077231555,0.088164355498402,0.938591846029777,0.645747333494756,0.214503775416149
12.13,0.1,262.235906051894,0.0895189744063048,0.936400622476407,0.642718119115617,0.214922019980537
12.14,0.1,262.194147399733,0.0867207791060341,0.933703633503586,0.645957320059432,0.21355408446717
12.15,0.1,262.143735050277,0.0876584199243917,0.935415263664711,0.643811275375245,0.215909334990976
12.16,0.1,262.092664966755,0.0879827729805817,0.938405673942903,0.643485452222607,0.214129982970636
12.17,0.1,262.036158235534,0.0902093734349382,0.936816772422955,0.646595096321902,0.217647445633162
12.18,0.1,261.969850215887,0.0878755496839771,0.935477693733732,0.646639886928483,0.216172158178261
12.19,0.1,261.892737965248,0.0894168048677073,0.937940010736458,0.645803060573737,0.213723893125841
12.2,0.1,261.804726922438,0.0868904487992196,0.936938421559285,0.646607181436236,0.213638165108626
12.21,0.1,261.70557448857,0.0884353802259639,0.936669452055191,0.648111713853032,0.215349711697517
12.22,0.1,261.595354761606,0.0864808427727067,0.934701819112715,0.645137382239772,0.216632542863407
12.23,0.1,261.474810412693,0.0860637690526494,0.936697211956541,0.644938899028192,0.214687971029576
12.24,0.1,261.34372784744,0.0896185229468527,0.937475811859682,0.647924454808627,0.216605787267771
12.25,0.1,261.201912043039,0.0907264634926006,0.934887500378089,0.646441332806917,0.215786842002289
12.26,0.1,261.050030963637,0.0886650102622191,0.936687582074381,0.643853506624618,0.21466234325056
12.27,0.1,260.888609237238,0.0900938507228477,0.939015320267194,0.646215937567873,0.21279493142275
12.28,0.1,260.717060295606,0.0894146672576965,0.934126252726685,0.645788489631583,0.214776458979623
12.29,0.1,260.535418429418,0.0928377337452772,0.937956625534503,0.645833424693523,0.212995806935429
12.3,0.1,260.345083095746,0.0901617310540841,0.938037138777504,0.645491906585235,0.21433397716655
12.31,0.1,260.145522535549,0.0937438975877092,0.936652764191053,0.644949260809564,0.218466765161883
12.32,0.1,259.936241002884,0.0877782384412558,0.937622797141396,0.64838183154563,0.214063038288442
12.33,0.1,259.718235757632,0.0907203641373965,0.937346731381431,0.648405123090553,0.21705097732233
12.34,0.1,259.492293286298,0.0922487824958244,0.935856310954033,0.64860611015415,0.215672009781501
12.35,0.1,259.257388732815,0.0892383017060956,0.932916415382542,0.64922488226577,0.213754631091366
12.36,0.1,259.013481169667,0.0892431024369023,0.936527155195529,0.646711244810528,0.216106519761167
12.37,0.1,258.762555051357,0.0903467183995777,0.938358573254132,0.645486345236792,0.213633041913711
12.38,0.1,258.503783132953,0.0914512124397875,0.937934265870888,0.649300387356383,0.216410563790346
12.39,0.1,258.236392092978,0.0905760580833586,0.938768760718365,0.647674291753822,0.214876036100137
12.4,0.1,257.961672301277,0.0896903510900364,0.938250923436755,0.64956090973908,0.213717132497215
12.41,0.1,257.680642821214,0.0902579669167628,0.935670216703072,0.649014235874403,0.216866717322686
12.42,0.1,257.391879773877,0.090754934708701,0.936075482119647,0.647949157466301,0.216782496052695
12.43,0.1,257.095266223816,0.093602191716018,0.939557490960065,0.646734784736062,0.214771458935782
12.44,0.1,256.793275183273,0.095013453500708,0.937398294688763,0.648719659089404,0.214660336953334
12.45,0.1,256.484826383847,0.0911912578526409,0.938306461345959,0.651442971732136,0.214304108035864
12.46,0.1,256.168909082475,0.0926283198829157,0.936925006732597,0.646640479240322,0.215690097894466
12.47,0.1,255.847030038815,0.0907772371057359,0.937492872618334,0.648903953169225,0.217336121316799
12.48,0.1,255.520383028624,0.0929905740739238,0.938426680179642,0.650247243594408,0.212770759882246
12.49,0.1,255.187235122671,0.0949266257473551,0.938670309319388,0.649900076251052,0.214768352221381
12.5,0.1,254.847405311123,0.0946955146823764,0.937948132699379,0.648974077394878,0.213595386763227
12.51,0.1,254.503714831477,0.0948872649602428,0.936421326270693,0.647826965728423,0.21441008606302
12.52,0.1,254.154898429995,0.0928385552772872,0.937476533056175,0.649208894695652,0.216009311377694
12.53,0.1,253.799771699318,0.0950086390227414,0.939165401442462,0.648155382909962,0.21714853961799
12.54,0.1,253.439487667264,0.0959001163132432,0.936215824415831,0.651189681690318,0.217037344320103
12.55,0.1,253.075027124938,0.0932324989510931,0.938318143268964,0.647440954635756,0.215472700673097
12.56,0.1,252.704989582023,0.0949266569580014,0.937667289028426,0.651709224315406,0.214373681095696
12.57,0.1,252.329143079093,0.0953922364903291,0.937059003701913,0.648627516421474,0.215117583460845
12.58,0.1,251.948987162246,0.0937505558523968,0.938722420904715,0.653363313477245,0.215519364672248
12.59,0.1,251.563919204991,0.0972298721389285,0.938559580203135,0.648814180888643,0.215011577952544
12.6,0.1,251.173389919985,0.0964083428391089,0.934535824783961,0.650935327958204,0.21501936210557
12.61,0.1,250.778346708709,0.0961955806514353,0.936267410954059,0.650069337319706,0.216022780710966
12.62,0.1,250.379557051388,0.097775869661623,0.935556793119952,0.65038172509314,0.216600238343316
12.63,0.1,249.976067118835,0.0982624582048435,0.938668881108812,0.648885322282052,0.213504348374523
12.64,0.1,249.567832500123,0.0969897282300961,0.937664921630356,0.653006408634774,0.216259741244
12.65,0.1,249.156554844392,0.0969318413493138,0.939722040302733,0.650257382448694,0.217465436860449
12.66,0.1,248.74156423167,0.0965065366970343,0.938350962963759,0.650930671677033,0.213410599581776
12.67,0.1,248.322236701692,0.0971565839147851,0.937026535957662,0.649693192396325,0.214761249876192
12.68,0.1,247.899578779447,0.0968961872288575,0.937073686912636,0.651421083645642,0.215830237991635
12.69,0.1,247.474404042389,0.0984943183157275,0.937376273022039,0.654307392863529,0.214213349880551
12.7,0.1,247.045658568594,0.100492942199329,0.937418149933139,0.652567560942441,0.214110297940099
12.71,0.1,246.614633400594,0.0991708583264361,0.938463255196975,0.649668543836659,0.216144095226678
12.72,0.1,246.193488305409,0.101655685740766,0.937269294707232,0.653812446473851,0.214441951995416
12.73,0.1,245.776503822693,0.098443183971082,0.937823203815402,0.65202893487341,0.213314586089665
12.74,0.1,245.358156810906,0.0992196115185022,0.93579033842597,0.651276629506124,0.217583548346388
12.75,0.1,244.972574620599,0.0986004373537635,0.934500943404775,0.652100650901832,0.215131882003597
12.76,0.1,244.643173981154,0.100237512272001,0.937894348771975,0.651566192472886,0.214855590997739
12.77,0.1,244.330747114132,0.0997021303824944,0.936451228767059,0.653089741175332,0.213544244002332
12.78,0.1,244.026021327502,0.0995478869777003,0.93541369092656,0.652000704132853,0.213481288471921
12.79,0.1,243.767502161192,0.0999978700069947,0.93516207108844,0.650955971890125,0.212913875832286
12.8,0.1,243.53390388111,0.101473103638684,0.934918924222081,0.65152419942058,0.216949068164746
12.81,0.1,243.305271792424,0.0977562047624925,0.936621155812774,0.654864717777551,0.213598458906718
12.82,0.1,243.093143981374,0.101105894628154,0.933358762140336,0.655356025992495,0.215738069083484
12.83,0.1,242.907710684904,0.102000883641903,0.93631538099282,0.653344573391245,0.214501623386071
12.84,0.1,242.729526465448,0.100370048636149,0.935310413073834,0.652403310477504,0.216349121548526
12.85,0.1,242.553581609754,0.101233801638542,0.935509083673991,0.652843280740006,0.217173238885913
12.86,0.1,242.395458283215,0.0990317664140175,0.936085093440758,0.651697101469652,0.215385753194215
12.87,0.1,242.246399670674,0.0991954882346012,0.934931652576966,0.653945028824124,0.214060619513059
12.88,0.1,242.098233117279,0.100589306848359,0.935824034679893,0.658332769041431,0.214985959881109
12.89,0.1,241.955697176521,0.101753328473642,0.934768987166965,0.652953942889577,0.212788301819328
12.9,0.1,241.823019455678,0.100414329930317,0.938356466093976,0.654570587161406,0.213774351257195
12.91,0.1,241.692334410709,0.101184770739083,0.936056933251881,0.656700501883175,0.211951750456611
12.92,0.1,241.561713644197,0.10202880515628,0.935643614146973,0.655321125583161,0.213986568667012
12.93,0.1,241.438018440927,0.0992282532702159,0.937603269906285,0.65338579118628,0.214478025860061
12.94,0.1,241.317534924546,0.105250528618051,0.934664502438773,0.653717657892024,0.214671335009064
12.95,0.1,241.196781653066,0.100904131067418,0.933617538316402,0.655098456012558,0.213444997677203
12.96,0.1,241.078258662306,0.101183920899633,0.935860468282367,0.65429197955105,0.216055696777231
12.97,0.1,240.964121128968,0.0994084677061827,0.934547854366823,0.653718425996691,0.213650599344145
12.98,0.1,240.850586812139,0.10152994539215,0.937538613589184,0.657059406145729,0.21718022418415
12.99,0.1,240.736834278276,0.101982511662707,0.936182273139941,0.655440595471237,0.213207491273912
13,0.1,240.626823360424,0.101105317977314,0.933964952835511,0.652761586303725,0.213683820097694
13.01,0.1,240.518522262304,0.102123141286466,0.932575274709872,0.652752049270923,0.215003070077476
13.02,0.1,240.410011754577,0.102981572594388,0.9349488392983,0.655488140938626,0.215551876928051
13.03,0.1,240.302983984886,0.0998506646298951,0.93355746404586,0.655728003401293,0.21654645758093
13.04,0.1,240.198857476485,0.0998228587073873,0.933605587587909,0.656676935627733,0.214199892804421
13.05,0.1,240.095263284297,0.102357596242416,0.933798780162338,0.657158251355161,0.216776039944152
13.06,0.1,239.991700838626,0.102281824743102,0.933811688817007,0.658230317528987,0.214384101486982
13.07,0.1,239.890681865519,0.10286875315134,0.933115757840152,0.655115308311198,0.214854861482965
13.08,0.1,239.790954509201,0.100869706364136,0.930866437119593,0.655325894530375,0.212443301250641
13.09,0.1,239.69133408734,0.102952584996878,0.930525304732821,0.657632171388749,0.215855569246652
13.1,0.1,239.59263211827,0.102626859544063,0.933189709366781,0.653644289558562,0.214996892968844
13.11,0.1,239.49557879616,0.103000329121621,0.930766672496876,0.657973311242783,0.215716933474992
13.12,0.1,239.399004478801,0.101167070744083,0.931564552819526,0.654311469443036,0.21522148767701
13.13,0.1,239.30265235028,0.100668716756004,0.931100492537993,0.658473909789262,0.214763319609949
13.14,0.1,239.207573584803,0.101537589539118,0.932391458121957,0.655166352168943,0.215194824786623
13.15,0.1,239.113281529485,0.102777610484003,0.932528675159764,0.656653157070015,0.213786023074468
13.16,0.1,239.019319475265,0.102083035929289,0.932982145007317,0.656653750014995,0.213393822991329
13.17,0.1,238.92598378649,0.103993288666759,0.932980835206195,0.656391441586105,0.217834163826456
13.18,0.1,238.833560394282,0.102624559609368,0.933036597594555,0.654547483061817,0.21588782820713
13.19,0.1,238.741675481264,0.103135010430105,0.932215406947579,0.654897066325822,0.215114210618742
13.2,0.1,238.650248019115,0.100961812018801,0.931831546672393,0.656346699527518,0.215766149606335
13.21,0.1,238.559485556336,0.103960623345806,0.930627632096838,0.656125919620619,0.216169952707067
13.22,0.1,238.469340386556,0.102200603836311,0.932690240814067,0.655311211061326,0.214454680097153
13.23,0.1,238.37977253597,0.0995614611694735,0.931545096682535,0.656491805294167,0.214149053516866
13.24,0.1,238.290549974203,0.104037457038462,0.931041159842668,0.656060436256435,0.211682514875045
13.25,0.1,238.20153563181,0.101975828959218,0.930764254905817,0.656127750115623,0.215652864805547
13.26,0.1,238.112743245616,0.100906157961094,0.929847921426762,0.654143514130947,0.214516966862942
13.27,0.1,238.024075832439,0.100858557385841,0.930252741454391,0.655719447874907,0.211668743101493
13.28,0.1,237.935540552558,0.103332362917305,0.930502973609032,0.65670505462239,0.215547897720026
13.29,0.1,237.847144168057,0.100888874286881,0.927926636931068,0.654009598109435,0.213011427622042
13.3,0.1,237.758893040533,0.104315776540378,0.929895176474864,0.65565032963624,0.215798104403506
13.31,0.1,237.670793128988,0.102722053181021,0.926925420880187,0.655544907126075,0.214087228186366
13.32,0.1,237.582849987887,0.0990131097026699,0.927587389135901,0.655785810063247,0.216784616771717
13.33,0.1,237.4950687654,0.102419954764901,0.929522446700481,0.655869939631132,0.214678482984928
13.34,0.1,237.407454201816,0.103537337334281,0.928596397712831,0.655594782343112,0.216215291421838
13.35,0.1,237.320010628142,0.102513261184206,0.930654296776526,0.657078869658711,0.215636930182645
13.36,0.1,237.232741964877,0.103405560485996,0.929109254405206,0.657682859660511,0.214783642951253
13.37,0.1,237.145651720973,0.102487245149934,0.930276340492974,0.655652771292244,0.213960152770906
13.38,0.1,237.058742992969,0.102121900036192,0.927981381784585,0.65507899561968,0.216525474028013
13.39,0.1,236.972018464315,0.100067329297075,0.928862930157477,0.655602183929212,0.213935181264267
13.4,0.1,236.885480404877,0.0998806369816113,0.929741599730196,0.65690689807306,0.215030193133947
13.41,0.1,236.799130670622,0.101315953269225,0.92720910478621,0.657118454037539,0.213164152433922
13.42,0.1,236.712970703492,0.103151966280087,0.926354512866462,0.657309734887615,0.217315578855551
13.43,0.1,236.62700153146,0.101921600404118,0.92955421117778,0.655627716185288,0.216418052859393
13.44,0.1,236.541223768765,0.0993351866123695,0.927767701112539,0.655926537985412,0.214130412558552
13.45,0.1,236.455637616344,0.101131885540445,0.926313581160627,0.653807214176248,0.215580059365637
13.46,0.1,236.370242862433,0.103762444522618,0.926089541653647,0.655884898885912,0.21572005263008
13.47,0.1,236.285038883365,0.102889293702069,0.923758483454051,0.654408133150847,0.216624901260515
13.48,0.1,236.200024644543,0.10131347807813,0.928366557550966,0.657413987853404,0.215321011198147
13.49,0.1,236.115198701605,0.101601450045457,0.929101184977488,0.654748453138233,0.215135145321085
13.5,0.1,236.030559201763,0.101240298440569,0.925200917745589,0.654979069274028,0.213121730480143
13.51,0.1,235.946103885329,0.101615128364372,0.924670582248263,0.657843966053067,0.215258850292004
13.52,0.1,235.861830087428,0.101937802524513,0.92508218655693,0.656996538078459,0.215010365803982
13.53,0.1,235.777734739883,0.100377385848741,0.926097087281139,0.655104606237908,0.217536687579632
13.54,0.1,235.693814373286,0.102386918781094,0.922540414287304,0.657647816756028,0.214437056847606
13.55,0.1,235.610065119252,0.100336057480902,0.925421653612845,0.656389848126033,0.214198874508894
13.56,0.1,235.526482712837,0.100489021446078,0.9205924778846,0.657873657663287,0.216095498902694
13.57,0.1,235.443062495155,0.105158223124096,0.923552897804265,0.658505555383332,0.216044120742212
13.58,0.1,235.359799416152,0.102988113631421,0.923957690027074,0.653720502164533,0.213533561441044
13.59,0.1,235.276688037564,0.101533520800188,0.923794844299193,0.65433573427024,0.215406049916334
13.6,0.1,235.193722536048,0.0998816428584444,0.921858915541027,0.655037983095083,0.215293262173314
13.61,0.1,235.110896706486,0.100977920786783,0.920404130254191,0.655686579041265,0.216567349603863
13.62,0.1,235.02820396545,0.103809812246214,0.92311929263613,0.657076929989274,0.215734200072209
13.63,0.1,234.945637354852,0.102754717089867,0.922053283859925,0.655382870647409,0.216064001410695
13.64,0.1,234.863189545743,0.100867834260374,0.921972429876809,0.652877423131152,0.213788403391704
13.65,0.1,234.780852842295,0.102497650699555,0.923617975748307,0.655557688696348,0.212772399348842
13.66,0.1,234.698619185926,0.102500421064123,0.919866936372242,0.654370633643192,0.214633048803085
13.67,0.1,234.61648015961,0.0997041636685436,0.920654227956715,0.653412794367404,0.216951429174784
13.68,0.1,234.534426992319,0.0992066880007591,0.921366475016553,0.65779147483989,0.215802435724436
13.69,0.1,234.452450563648,0.101653821052461,0.920005239264894,0.654894284157092,0.214761192792154
13.7,0.1,234.370541408575,0.101597692168812,0.921009645077051,0.654627663947496,0.213419298470372
13.71,0.1,234.288689722383,0.10094227473488,0.920704881237608,0.655430755981819,0.214593541838975
13.72,0.1,234.206885365729,0.102946327271231,0.918245574478377,0.653113561885835,0.214845300895264
13.73,0.1,234.12511786986,0.101034224512842,0.920617551465843,0.655186843832874,0.212701516926821
13.74,0.1,234.043376441977,0.102334491745627,0.918121417575026,0.656531266215406,0.213310691681196
13.75,0.1,233.961649970735,0.102919285950321,0.918590451007675,0.654031275029486,0.214984835783533
13.76,0.1,233.879927031889,0.101795845817147,0.918802118406747,0.654176673551797,0.213102323045848
13.77,0.1,233.798195894072,0.101945144757518,0.91936910090585,0.655836047220923,0.212678977678667
13.78,0.1,233.716444524711,0.0995469273441584,0.916272177939054,0.654935481647364,0.215871487134956
13.79,0.1,233.634660596069,0.10187299884699,0.917970704702066,0.655617001486953,0.215874372027682
13.8,0.1,233.552831491418,0.104316054667777,0.916970617968916,0.653202660409733,0.215428029924028
13.81,0.1,233.470944311343,0.102377547448396,0.918479563745539,0.653680998741402,0.215508982372968
13.82,0.1,233.388985880154,0.103854457233487,0.916955882865317,0.654547906731339,0.214237442782024
13.83,0.1,233.306942752432,0.102641057768441,0.916839226670693,0.65646279515733,0.216572974371975
13.84,0.1,233.224801219682,0.102094212646208,0.915899621488527,0.653491122496362,0.215969576249419
13.85,0.1,233.142547317102,0.100824861675021,0.916733986828856,0.656018835907472,0.217339729270507
13.86,0.1,233.060166830461,0.102631011536599,0.914012841717228,0.654382948831478,0.215888961879063
13.87,0.1,232.977645303083,0.101868869037696,0.914851153551675,0.652208996862672,0.218008077076776
13.88,0.1,232.894968042938,0.102493906663249,0.915116254390004,0.652140188121132,0.214001287078884
13.89,0.1,232.812120129825,0.101412804072165,0.914782434259774,0.65330242367104,0.214676690958409
13.9,0.1,232.729086422661,0.101050741234164,0.915098519358128,0.653600133777508,0.216676585776799
13.91,0.1,232.645851566855,0.103372010616156,0.91503523147356,0.651071138511788,0.21411283665285
13.92,0.1,232.562400001778,0.101671054213107,0.914552915647161,0.65284603640164,0.217112667746461
13.93,0.1,232.478715968315,0.10193980632489,0.913961545157633,0.651592426498293,0.213847833655629
13.94,0.1,232.394783516506,0.100711880749231,0.915208768625431,0.653682066287939,0.217154594526771
13.95,0.1,232.310586513255,0.0994874047518454,0.912876260749292,0.653959680029812,0.214788757482341
13.96,0.1,232.226108650132,0.0981195359639999,0.915102751693841,0.651266638320884,0.212589377907785
13.97,0.1,232.141333451232,0.100814338223091,0.910689916771097,0.652304299438237,0.213991656887293
13.98,0.1,232.056244281111,0.0998154324655466,0.90957670455405,0.650923729035034,0.214324191005929
13.99,0.1,231.97082435279,0.101002872086872,0.914063506271206,0.65047843427246,0.214399064308413
14,0.1,231.885056735812,0.103571194441166,0.91220076678568,0.652965472537175,0.215671827761892
14.01,0.1,231.79892436437,0.1022240173304,0.912018477616825,0.653582043482473,0.218032783075828
14.02,0.1,231.712410045476,0.102063794205974,0.909139676558156,0.65187429586023,0.214550941395242
14.03,0.1,231.625496467199,0.100801478756344,0.907075426997845,0.65118460242895,0.215090347631763
14.04,0.1,231.538166206936,0.100360663099367,0.91073386535911,0.650382674835466,0.215478540167248
14.05,0.1,231.450401739731,0.100643439487339,0.909677234390786,0.651201603081573,0.215957482676758
14.06,0.1,231.362185446648,0.103112132091278,0.907513236216514,0.652280742827293,0.215168204116639
14.07,0.1,231.273499623163,0.101564569485352,0.909280174744702,0.65068023782302,0.216520309197306
14.08,0.1,231.184326487602,0.105322258601251,0.909178880087273,0.652645840364459,0.213624159998571
14.09,0.1,231.094648189612,0.103349802226377,0.910905629876477,0.651842598960719,0.21422850901377
14.1,0.1,231.004446818647,0.100180527107369,0.908105672311615,0.649682644725622,0.213692844129933
14.11,0.1,230.913704412495,0.100645537582733,0.907382382595413,0.650560739059945,0.214776601605967
14.12,0.1,230.822402965811,0.100172762833204,0.906917214819438,0.652191640052843,0.2144038001025
14.13,0.1,230.730524438676,0.101788129014601,0.908327503397398,0.65000935455874,0.216591176845119
14.14,0.1,230.638050765167,0.100641577538299,0.907064145043246,0.649084626720687,0.2115560420809
14.15,0.1,230.544963861939,0.100651344385604,0.908142332363096,0.650432525924946,0.2133260718581
14.16,0.1,230.451245636815,0.101804979780851,0.907085723258121,0.649008770110281,0.213743685638495
14.17,0.1,230.356877997376,0.101714560686052,0.90319525894598,0.648958525079062,0.215444943026909
14.18,0.1,230.261842859558,0.100304080247085,0.907939462866144,0.6490569466788,0.217082055624762
14.19,0.1,230.166122156244,0.104988367288681,0.907095346681551,0.651705079638372,0.215489701596149
14.2,0.1,230.069697845848,0.0996938901848677,0.902933107969659,0.650876821631807,0.214449239365313
14.21,0.1,229.972551920895,0.101890402334393,0.904862336265741,0.647134070772374,0.214554786869594
14.22,0.1,229.874666416588,0.10275365169435,0.903173386176047,0.651399290765006,0.216038048837263
14.23,0.1,229.776023419356,0.10176825480883,0.90393359870629,0.64759408992114,0.213367669035491
14.24,0.1,229.676605075391,0.100382551996306,0.902855537253266,0.649837739962604,0.213794274804864
14.25,0.1,229.57639359916,0.10323657316334,0.904340839526714,0.649299229254453,0.21644591924853
14.26,0.1,229.475371281893,0.100972696138786,0.902364356924977,0.648902742121647,0.213568352793176
14.27,0.1,229.373520500048,0.102218578587471,0.902290408094751,0.647586825085862,0.212951900448402
14.28,0.1,229.27082372374,0.10137973666179,0.903771016928887,0.648409779081873,0.214428549709287
14.29,0.1,229.167263525144,0.102258304279353,0.899007637660279,0.645663737415278,0.214269366151052
14.3,0.1,229.06282258686,0.102053899541612,0.901719517838482,0.647062185271779,0.215439507077501
14.31,0.1,228.957483710237,0.10191092411871,0.902506592649016,0.647971142938335,0.215835056145685
14.32,0.1,228.851229823665,0.0982725647747379,0.900580369310831,0.645504563901735,0.214264594984971
14.33,0.1,228.744043990809,0.101927321769794,0.900202245151207,0.649120869627956,0.216360794316996
14.34,0.1,228.635909418814,0.101758692400043,0.89882064633189,0.648891258212123,0.218851825545867
14.35,0.1,228.526809466446,0.102264043373323,0.899518547066652,0.647355771675635,0.214731519742175
14.36,0.1,228.416727652194,0.101797291606747,0.898597848738278,0.649639710206939,0.215038383001965
14.37,0.1,228.305647662308,0.102382775268453,0.898826748111022,0.64520843021477,0.21543781922351
14.38,0.1,228.193553358785,0.101698434553457,0.899599743805561,0.650083635489177,0.218444781945116
14.39,0.1,228.033130509072,0.102071010794227,0.89946527774452,0.645553533766009,0.215918374988352
14.4,0.1,227.586571273257,0.102747819242806,0.896944610378269,0.645281200365923,0.214020785382434
14.41,0.1,227.269114286873,0.103362142456061,0.896561133691988,0.645956312650435,0.214490321285849
14.42,0.1,227.003809316262,0.10102930426306,0.896622631064944,0.646362682654194,0.21646282352095
14.43,0.1,226.769772525366,0.101262295164045,0.897028731619673,0.646917044830449,0.214416197085613
14.44,0.1,226.56831308658,0.101109513110059,0.897017674328973,0.646549196008835,0.215346970973555
14.45,0.1,226.374486596701,0.102640524940738,0.893645049684074,0.644588054636695,0.216593010590911
14.46,0.1,226.178607258002,0.102989594362615,0.899128391366889,0.645867720581402,0.214778521042443
14.47,0.1,225.977764615909,0.102590208252862,0.896163370255392,0.647755878708584,0.216651235192087
14.48,0.1,225.771090131867,0.102191199163812,0.894989477588367,0.647290527445431,0.21503624870353
14.49,0.1,225.558297673265,0.10006884253692,0.89383151642771,0.643617606860223,0.214814910838301
14.5,0.1,225.339266690524,0.102358652189555,0.895313754536952,0.646779284507145,0.213923157482458
14.51,0.1,225.113924834131,0.102971894174224,0.893924085830977,0.646914549889774,0.214505851401368
14.52,0.1,224.882214996248,0.10241203157569,0.896787276347115,0.646058487489031,0.215872224393743
14.53,0.1,224.64408608035,0.103161442062793,0.893801272909593,0.643522075035345,0.214207769977689
14.54,0.1,224.399490438234,0.104043235391783,0.894074782185539,0.648275186563966,0.21426288006568
14.55,0.1,224.14838318065,0.103430011466825,0.890510919101234,0.642983189488115,0.215772229921105
14.56,0.1,223.890722013977,0.103252526424078,0.892416906820526,0.6456492182311,0.213125316920874
14.57,0.1,223.626467223911,0.105226614292418,0.890578108398898,0.64415311233441,0.217075536612526
14.58,0.1,223.355581699433,0.10489594732346,0.892907078589833,0.644093557458641,0.215478676866934
14.59,0.1,223.078030966979,0.103457613526814,0.892504464490018,0.642894698069622,0.214835347876736
14.6,0.1,222.793783226318,0.102671118849951,0.889862289064092,0.645422186889606,0.213591661100989
14.61,0.1,222.502809385692,0.104375962126608,0.889607824205406,0.646373072880038,0.21335474528062
14.62,0.1,222.205083095514,0.0997514021853611,0.886539069175944,0.645270486396239,0.21501506859287
14.63,0.1,221.900580780399,0.105734318149507,0.889735239615246,0.643917350933093,0.215395664045078
14.64,0.1,221.589281669431,0.10356714106196,0.889010594987804,0.64590748847979,0.21440100571544
14.65,0.1,221.271167824621,0.102957860212622,0.887071470025988,0.641783229192339,0.213955348163937
14.66,0.1,220.946224167512,0.108461746831849,0.887874286154131,0.644631823918396,0.214277721342333
14.67,0.1,220.614438503912,0.105367438333263,0.886507541489184,0.644757654260082,0.213653706800807
14.68,0.1,220.275801546704,0.106067817684419,0.887375131814232,0.645834051008995,0.217407016860304
14.69,0.1,219.930306936729,0.105853212147353,0.887457512476037,0.645508910921796,0.216156750537863
14.7,0.1,219.577951261694,0.105045569547833,0.887003868470703,0.644135399521093,0.216191820612118
14.71,0.1,219.218734073097,0.104532859030549,0.887015112634535,0.642815405096396,0.216047118797735
14.72,0.1,218.852657901137,0.107861257865206,0.886536570969089,0.643464240507213,0.213506960478642
14.73,0.1,218.479728267599,0.103436056882951,0.886850856552865,0.642592330687216,0.216957024684323
14.74,0.1,218.099953696682,0.104934651209582,0.885171433151502,0.645876786707487,0.214111185788795
14.75,0.1,217.713345723769,0.108008991400394,0.884339691145144,0.64525300419572,0.216718269688573
14.76,0.1,217.319918902111,0.106608489476782,0.883478724621444,0.643231313394162,0.215908614424425
14.77,0.1,216.919690807437,0.105950789554756,0.887736786312878,0.641933131441734,0.215531462631991
14.78,0.1,216.512682040443,0.107893057790323,0.884270165718401,0.642688198957614,0.213824235694175
14.79,0.1,216.098916227193,0.109848236115222,0.883447799234828,0.64320137456717,0.216017710131835
14.8,0.1,215.678420017403,0.109113405434967,0.882821481804459,0.643771695314237,0.216025590185115
14.81,0.1,215.251223080614,0.106742473750837,0.880467658230222,0.644644504841353,0.217171263203795
14.82,0.1,214.817358100246,0.10881390807097,0.881410033189122,0.643850113618254,0.215479907167577
14.83,0.1,214.376860765553,0.109499174985853,0.881445659218809,0.643139165043855,0.217259418680472
14.84,0.1,213.929769761465,0.108792182671201,0.882560890799551,0.642664144022617,0.215399190922902
14.85,0.1,213.476126756328,0.109038469388956,0.879518106296248,0.644209478433794,0.215518980849787
14.86,0.1,213.015976387565,0.109509905284686,0.879919532110153,0.645271361632598,0.215676493614479
14.87,0.1,212.549366245249,0.109493632213494,0.879650358353133,0.644921010121368,0.215383221819226
14.88,0.1,212.076346853621,0.109535708161161,0.88107064736055,0.644682118701825,0.213958345519066
14.89,0.1,211.596971650552,0.110688307270448,0.879518953447628,0.643577920355973,0.216051546108854
14.9,0.1,211.111296964985,0.11024851633796,0.880972333920122,0.642520771252262,0.215495207938217
14.91,0.1,210.619381992363,0.111059129840503,0.880106433194073,0.643662625987655,0.214388471456782
14.92,0.1,210.121288768073,0.108798067679803,0.8781406220217,0.643303512803471,0.216428866344452
14.93,0.1,209.617082138936,0.11107414555826,0.877776534556772,0.644618320073982,0.214174486947425
14.94,0.1,209.106829732758,0.108584322964103,0.877209438251111,0.641654535079114,0.216159269765674
14.95,0.1,208.590601925988,0.111973918620432,0.877674984740491,0.641060805967498,0.21602250125914
14.96,0.1,208.068471809494,0.114310553042862,0.877164813081808,0.64714478369739,0.214171322986808
14.97,0.1,207.540515152516,0.111862512296425,0.875860432164743,0.644849212003066,0.214650300278366
14.98,0.1,207.006810364813,0.11101098014335,0.874517739738695,0.642887231804949,0.214890463239069
14.99,0.1,206.467438457047,0.112125753978439,0.878415205287211,0.645212489757634,0.213886046053144
15,0,205.922482999447,0.112735997653731,0.874830775821607,0.6453698641167,0.216891292858924
15.01,0,205.372030078797,0.114611995792609,0.877570124038887,0.640579152099241,0.215078860804633
15.02,0,204.816168253779,0.114138864310335,0.874707652092159,0.645673931702508,0.215463488424173
15.03,0,204.254988508734,0.114251687330602,0.870858233007433,0.642980849930017,0.21638605102928
15.04,0,203.688584205876,0.115620640762246,0.874227199674705,0.645631959294944,0.216331241323673
15.05,0,203.117051036007,0.113843277877378,0.872161432302014,0.64528741969607,0.215710656191007
15.06,0,202.5404869678,0.11525139204991,0.871307699291664,0.644661432221497,0.217180890451815
15.07,0,201.958992195674,0.117733997804158,0.870425875892393,0.644931911408437,0.216079552262265
15.08,0,201.372669086339,0.11381034971439,0.871722621542311,0.643822461758528,0.214129695472975
15.09,0,200.781622124059,0.115739171375691,0.870669540428854,0.644081283392236,0.21502213929618
15.1,0,200.185957854675,0.117732021641528,0.870858513816914,0.644158938595685,0.215629361447719
15.11,0,199.585784828469,0.120018511754339,0.868554729622096,0.643327730970468,0.216032004682077
15.12,0,198.981213541903,0.118304922168963,0.873104142810843,0.644376623117867,0.21390497396684
15.13,0,198.372356378315,0.120651609661119,0.871701828622171,0.643739278539575,0.213365241628051
15.14,0,197.759327547608,0.118579466860274,0.86707073922117,0.643792622822146,0.215440386124982
15.15,0,197.142243025018,0.119733231836643,0.867790175453923,0.643255236650667,0.21635466478243
15.16,0,196.521220488997,0.121303893926575,0.868339518913416,0.643758448940553,0.213423246367518
15.17,0,195.896379258301,0.11991164329857,0.865215935385068,0.644553738309791,0.213849591873242
15.18,0,195.267840228315,0.121564427226755,0.869474338924019,0.64645796408977,0.215762670331919
15.19,0,194.63572580671,0.118179295508579,0.868548552648428,0.64550618412625,0.215631288486888
15.2,0,194.000159848466,0.120387600555079,0.868219039978498,0.645600420611161,0.21563095623879
15.21,0,193.361267590351,0.122903930791393,0.867300909469944,0.645240937268014,0.213236449815741
15.22,0,192.719175584899,0.12214814609122,0.867327101424079,0.644363459177354,0.21519553424592
15.23,0,192.074011633968,0.119623033389091,0.864498397117663,0.64651091355891,0.213653493926352
15.24,0,191.425904721928,0.122730116896596,0.866256810376382,0.644535062724336,0.216717128036151
15.25,0,190.774984948555,0.124944756483512,0.865475622568826,0.645026749206638,0.215713196135357
15.26,0,190.121383461685,0.12262311746848,0.863230706619917,0.645182696357902,0.21442415426824
15.27,0,189.465232389706,0.124298958428389,0.862973810253503,0.64593406509212,0.214597507699818
15.28,0,188.80666477393,0.125789050870917,0.863672468937745,0.646031872716116,0.21483830307517
15.29,0,188.14581450093,0.129894879518019,0.865768339880146,0.644923831633231,0.212889429639584
15.3,0,187.482816234893,0.124510714000333,0.863858612663773,0.644256539081513,0.215008742344328
15.31,0,186.817805350044,0.129568652626767,0.862905909298146,0.644376091475227,0.212179381960658
15.32,0,186.150917863228,0.12818844326851,0.862851821461226,0.646352501880339,0.214816328561807
15.33,0,185.482290366676,0.126487524075801,0.862196206637394,0.646363606505238,0.214546631296017
15.34,0,184.812059961042,0.126772719552317,0.861040656592,0.645680205899529,0.213766410316537
15.35,0,184.140364188762,0.128468841306942,0.860728973052231,0.645597152507332,0.212122739036497
15.36,0,183.46734096778,0.132011260792976,0.860824414506474,0.646670487804735,0.215590128457848
15.37,0,182.793128525719,0.130776352557319,0.857533217200802,0.644322691456273,0.214421055920748
15.38,0,182.117865334536,0.129834444098624,0.86006797597752,0.645927179978227,0.214071851501901
15.39,0,181.441690045726,0.132825549011785,0.860454049092442,0.646889648167468,0.21296990897113
15.4,0,180.764741426116,0.132901379598341,0.859935995619661,0.645931671975952,0.214145944203039
15.41,0,180.08715829432,0.133842871458076,0.857097944428303,0.644303528112207,0.21464256189284
15.42,0,179.409079457881,0.130562611457572,0.858608339549418,0.645729538156598,0.215733374843399
15.43,0,178.730643651171,0.131801030366024,0.857201306738246,0.646150820512162,0.212890812962264
15.44,0,178.051989474084,0.133075527016322,0.856400221895901,0.648348617590172,0.213700640052185
15.45,0,177.373255331571,0.135631859418083,0.858902277206897,0.646878432661625,0.214186867519229
15.46,0,176.694579374065,0.134823244329174,0.857622463503053,0.646505728811974,0.214969371983157
15.47,0,176.016099438831,0.134518287860887,0.856176912204527,0.6488340554658,0.214343217174412
15.48,0,175.337952992292,0.135969773119593,0.854671377135202,0.647151749848575,0.215537956161101
15.49,0,174.660277073361,0.136746236614141,0.856767037264976,0.647442291945371,0.215418356997548
15.5,0,173.983208237824,0.136563684719107,0.856290640071759,0.647721234299157,0.215689339351886
15.51,0,173.306882503809,0.138321436128933,0.855462704847267,0.64739830004364,0.212420284060066
15.52,0,172.631435298367,0.138680796542722,0.854848528367108,0.647534786663554,0.21554136446409
15.53,0,171.957001405209,0.138319289069875,0.853136684266069,0.646773038509188,0.213435708710648
15.54,0,171.283714913626,0.138499333346183,0.853871030475659,0.648403260662014,0.212818984664776
15.55,0,170.611709168612,0.13879400799452,0.853617794465277,0.646786311318024,0.216431745676336
15.56,0,169.941116722234,0.140659617558486,0.852494207499565,0.648280071013735,0.214072163904844
15.57,0,169.272069286256,0.142008854602198,0.852966490716877,0.647417362961578,0.216133621851729
15.58,0,168.60469768605,0.138035113699979,0.853335809846619,0.64696718077253,0.215245880503586
15.59,0,167.939131815816,0.141429427850833,0.850027128926803,0.649605235266113,0.217448826137322
15.6,0,167.275500595131,0.141062373822008,0.8518122526299,0.647457299922101,0.212610010225013
15.61,0,166.61393192683,0.142063556107131,0.855787952091553,0.650349536366387,0.214273982043836
15.62,0,165.95455265626,0.145593300842077,0.850878775168847,0.647404564315177,0.218103769974362
15.63,0,165.297488531896,0.145614030670997,0.851424493335611,0.648819662339368,0.213789050382795
15.64,0,164.642864167349,0.145958225526741,0.850420537293744,0.64997213142598,0.213984414276581
15.65,0,163.990803004767,0.144599306882428,0.848229598193708,0.651219680897474,0.215629542207042
15.66,0,163.341427279639,0.145804491687347,0.848488514729791,0.648273390712406,0.215177890968291
15.67,0,162.694857987004,0.148893687521011,0.84840460116688,0.649641436286548,0.21641101812753
15.68,0,162.051214849085,0.146545543292327,0.848695399598163,0.648150429329848,0.214255308075334
15.69,0,161.410616284332,0.148011156623166,0.84902354644262,0.64946210454862,0.214555640169525
15.7,0,160.773179377884,0.147280755753293,0.847091515237639,0.649465184761242,0.215821710375161
15.71,0,160.139019853455,0.14726675778709,0.849145255321167,0.648974365863559,0.216748202941661
15.72,0,159.508252046626,0.147549749010931,0.846776998172132,0.648541721962896,0.215451331982238
15.73,0,158.88098887956,0.152063942850683,0.846393049125886,0.648397863478487,0.214800858705494
15.74,0,158.257341837117,0.14913003973848,0.845496501615735,0.651643048850408,0.216522635665848
15.75,0,157.637420944366,0.150471492285169,0.846966155880909,0.649281119197915,0.217742044412129
15.76,0,157.021334745497,0.153407584585348,0.849846331930206,0.64937708427431,0.214506188373477
15.77,0,156.409190284106,0.149882550820452,0.843773599722923,0.651320960138354,0.214371888132453
15.78,0,155.80109308485,0.151468310124491,0.847307676433683,0.650953146853822,0.215073696819994
15.79,0,155.197147136466,0.15298808902178,0.84460673387376,0.648586194976312,0.216040245218198
15.8,0,154.597454876119,0.153127346492796,0.846741308896331,0.653076473590563,0.213727356749215
15.81,0,154.002117175094,0.154361150680583,0.845728868688491,0.650830796452419,0.211705039211223
15.82,0,153.41123332578,0.152470779972638,0.847818386748043,0.652622864449307,0.214844379766591
15.83,0,152.824901029958,0.156778350510091,0.842835293679586,0.650448125917418,0.214363051952982
15.84,0,152.243216388354,0.154449690975826,0.84310547932077,0.652283513519251,0.213292371327744
15.85,0,151.666273891454,0.158034689998679,0.844051838168036,0.650671640758278,0.214355033081507
15.86,0,151.094166411535,0.157520584852056,0.841508604749061,0.649374010971616,0.214557008811504
15.87,0,150.526985195914,0.156148495363544,0.840298948764477,0.651633186809032,0.215778679168536
15.88,0,149.964819861385,0.158239111287047,0.843729642304412,0.653690312827341,0.213526360924404
15.89,0,149.407758389802,0.156342987919531,0.843211947226374,0.651305173860371,0.215350188638659
15.9,0,148.85588712481,0.155765323611356,0.842097426119562,0.650530856773402,0.212186451012759
15.91,0,148.309290769678,0.158687037005678,0.843005838964688,0.653906607792943,0.215744785383089
15.92,0,147.768052386217,0.159351784102943,0.840141176212902,0.651576255784392,0.21572251869777
15.93,0,147.232253394748,0.158593171076879,0.839530056417797,0.650924490636991,0.21443592050543
15.94,0,146.701973575103,0.162702707544292,0.840658859357137,0.652954376639888,0.214034983852071
15.95,0,146.177291068612,0.158913210007234,0.839449959879907,0.653271441259872,0.215753219030344
15.96,0,145.65828238107,0.161513692304256,0.838503297115276,0.655188640879764,0.214046582878536
15.97,0,145.14502238663,0.162663587974867,0.839084058974151,0.65260559699552,0.217228420151025
15.98,0,144.637584332611,0.161447693171114,0.838572617684978,0.652472840055053,0.213873578960811
15.99,0,144.136039845179,0.163634650431606,0.837658915700301,0.652620765002675,0.217678485868683
16,0,143.64045893587,0.162765702469601,0.838191302527254,0.655382107684648,0.213723510188815
16.01,0,143.150910008934,0.163980637371081,0.837022060276254,0.655292023687942,0.215948480801877
16.02,0,142.66745986945,0.164818227497891,0.836218815911518,0.655877012695114,0.212337216573142
16.03,0,142.190173732199,0.163697039844787,0.839588308242939,0.652099807441539,0.21487642109554
16.04,0,141.719115231248,0.16742936437374,0.839489204319471,0.654905500184314,0.216553542424474
16.05,0,141.254346430226,0.165755861281326,0.837303507810153,0.654418634603999,0.215536659843578
16.06,0,140.79592783324,0.166407876585897,0.837198310031702,0.653185642391385,0.217079769447129
16.07,0,140.343918396423,0.165960626410686,0.837124157172515,0.653047477080818,0.215159296211478
16.08,0,139.898375540063,0.165521616950309,0.837545512689811,0.654294478465497,0.215413432282332
16.09,0,139.459355161285,0.167080793815421,0.835534862464599,0.652923495506594,0.214930740365174
16.1,0,139.02691164726,0.1666100724769,0.835415384680276,0.653869832719235,0.214673701255474
16.11,0,138.6010978889,0.171388442564777,0.833882519854745,0.655499945105599,0.214671845327865
16.12,0,138.181965295009,0.165899405325803,0.835755241779827,0.654717775484804,0.212439304275259
16.13,0,137.769563806869,0.168590770518599,0.836806561201705,0.656588806214077,0.214296040378762
16.14,0,137.363941913207,0.169310681048354,0.832436353260643,0.654161113531404,0.217256304823643
16.15,0,136.965146665534,0.16879418535515,0.835279203654753,0.65228071280223,0.21470050317009
16.16,0,136.57322369381,0.171140274449354,0.835445684429504,0.655267715430164,0.215212138036032
16.17,0,136.188217222415,0.169891872791929,0.833661970478843,0.652236428833058,0.213603363321788
16.18,0,135.810170086384,0.16781382584766,0.83244378783127,0.654297818635848,0.213860134611993
16.19,0,135.439123747885,0.168897876460715,0.830810999667122,0.655387070500024,0.216682316342959
16.2,0,135.075118312909,0.172000555464605,0.832212653654846,0.655768556481174,0.213807197690698
16.21,0,134.718192548134,0.172619106835906,0.831725069973533,0.65485208234628,0.212517637637214
16.22,0,134.368383897955,0.17001386405301,0.831728784240224,0.655086062354418,0.213831207313603
16.23,0,134.025728501618,0.170970942383515,0.831134518291188,0.653143458283274,0.215083742974077
16.24,0,133.690261210475,0.170390790506216,0.829826279137395,0.655323182516281,0.215769821054157
16.25,0,133.362015605284,0.173611743472433,0.832543488358992,0.655730062803437,0.216238195399631
16.26,0,133.041024013569,0.173794369240817,0.83217880189188,0.65627631438184,0.217040807207156
16.27,0,132.727317526992,0.172740157706871,0.828710360695325,0.658527720123787,0.216252526637413
16.28,0,132.420926018708,0.173609087610983,0.831718561409482,0.655359682552043,0.215489466900711
16.29,0,132.121878160702,0.17301710579228,0.830301276403956,0.656328625201308,0.213819190923919
16.3,0,131.830201441056,0.175671224634431,0.830628518345202,0.65600651625069,0.216799337372266
16.31,0,131.545922181138,0.176586929407218,0.830569852061838,0.656698039111614,0.213628299947178
16.32,0,131.269065552693,0.17457415767238,0.826876533981056,0.655766251624161,0.214375054783427
16.33,0,130.999655594801,0.174021233574978,0.827487224592914,0.659643188322811,0.21571515271294
16.34,0,130.737715230689,0.172790615996897,0.826355847699755,0.655176458431399,0.215241716373631
16.35,0,130.483266284382,0.17360404764775,0.82760662042957,0.658154424367794,0.215908265800991
16.36,0,130.236329497159,0.176781918773341,0.828670675790009,0.656385904328052,0.212979352235183
16.37,0,129.996924543803,0.175226627969364,0.829081902529733,0.654236240985034,0.214653011148777
16.38,0,129.765070048631,0.174809601731734,0.826039613615246,0.658352063435394,0.213594097631059
16.39,0,129.540783601275,0.176440147668313,0.827894180421537,0.657686642605809,0.212824387980379
16.4,0,129.324081772206,0.174824786901885,0.827711389909474,0.655706176236403,0.216409492606221
16.41,0,129.114980127986,0.175344034197982,0.825530899618883,0.657371556689984,0.214185266419527
16.42,0,128.913493246218,0.175587608514078,0.827381392669829,0.656472083369316,0.215202372952294
16.43,0,128.719634730206,0.175334619537756,0.827162326611164,0.655455391282011,0.21563885193448
16.44,0,128.533417223278,0.175834567750912,0.824110770223035,0.654832941233753,0.214583240319562
16.45,0,128.354852422792,0.176882883864682,0.826537126596351,0.655873338158374,0.216920726016891
16.46,0,128.183951093787,0.176535221377897,0.827437567771094,0.653873771146802,0.213716279004003
16.47,0,128.020723082283,0.177103350144633,0.824195755206008,0.656025915682183,0.21536467964006
16.48,0,127.865177328214,0.177643289477229,0.823770612117359,0.655418538615975,0.214780882745311
16.49,0,127.717321877984,0.175907134745674,0.824901564302322,0.654629734424367,0.212307608914846
16.5,0,127.577163896635,0.179446700902666,0.821134103152963,0.654823013716066,0.212743868291381
16.51,0,127.44470967963,0.175528923419936,0.825262347284257,0.656329198832897,0.216004322532892
16.52,0,127.319964664223,0.177230631988684,0.823545657501752,0.657133441052258,0.216738655308041
16.53,0,127.202933440434,0.176557252268881,0.823881839741178,0.656406376960485,0.218286215964461
16.54,0,127.093619761602,0.179014111222139,0.821605214714522,0.656700117245059,0.217584601458986
16.55,0,126.992026554524,0.176553158000666,0.82245701898455,0.653148912399346,0.214946923019662
16.56,0,126.898155929172,0.175447287016786,0.822481966708682,0.656189549701893,0.216663558065807
16.57,0,126.812009187984,0.176744754423324,0.825538551691588,0.658994888752029,0.217442329299351
16.58,0,126.733586834725,0.179728338451453,0.822087801482537,0.657444383559274,0.213640976258862
16.59,0,126.661046607212,0.180100548666173,0.82205104941544,0.654813690537035,0.21280549671566
16.6,0,126.590366767584,0.176069318858092,0.821603950851412,0.65575682725768,0.213669653459415
16.61,0,126.521413257977,0.176742954617108,0.8208615141324,0.65575431383658,0.214945333457618
16.62,0,126.454187659856,0.175505325285152,0.823750498318546,0.653981824924366,0.214208179810431
16.63,0,126.388691069014,0.176469860898653,0.822454634865718,0.653717551565385,0.214838367388599
16.64,0,126.324924095921,0.178521148155051,0.822977941503671,0.657356655148244,0.212597253140286
16.65,0,126.262886866333,0.178961979756348,0.820399701214422,0.655949799919075,0.215036702670209
16.66,0,126.202579022154,0.177866489641655,0.819587938646639,0.654043811707588,0.216918751022566
16.67,0,126.143999722557,0.178872193731237,0.819510328571285,0.656483519185042,0.21504691718115
16.68,0,126.087147645355,0.178784215144535,0.82136687045292,0.654834808391363,0.213245651725656
16.69,0,126.032020988631,0.175558010236947,0.818508507807299,0.654422758338644,0.214191130633426
16.7,0,125.978617472622,0.177892632897465,0.817608345088377,0.655344426376302,0.2130613147128
16.71,0,125.926934341854,0.176146235212195,0.817799087755908,0.652849938230974,0.217206647413676
16.72,0,125.876968367528,0.177163961614504,0.821537195907547,0.655590756069153,0.215134327441022
16.73,0,125.828715850155,0.179492618365878,0.817946632970959,0.65417571258258,0.214268179350926
16.74,0,125.782172622445,0.179231465445151,0.820488335370002,0.657120944443331,0.213492227777467
16.75,0,125.737334052435,0.178492362854489,0.818479029316593,0.656902526751236,0.213747742706217
16.76,0,125.694195046864,0.177178972692754,0.818146443819815,0.655385755739071,0.215211648224935
16.77,0,125.652750054787,0.177212253424825,0.81664881772208,0.656038279309792,0.212602313779359
16.78,0,125.612993071435,0.178472419312577,0.816631107123602,0.653778961549484,0.214413627141644
16.79,0,125.5749176423,0.17597888469562,0.815898451428603,0.654670702652129,0.215330987612493
16.8,0,125.538516867464,0.177362003707129,0.820109201352451,0.658602408393027,0.214169121685541
16.81,0,125.503783406151,0.177583962063029,0.817649751067881,0.655899186254269,0.214229591601636
16.82,0,125.470709481503,0.180936622032533,0.817839898235984,0.655618488165109,0.213875314340224
16.83,0,125.439286885592,0.176772948912309,0.818069853401839,0.656277176098279,0.217010735243663
16.84,0,125.409506984631,0.179249174572098,0.819147998160605,0.654022173687891,0.212426208830649
16.85,0,125.392119056499,0.177158141520071,0.820130686703988,0.654107871907335,0.215175328212433
16.86,0,125.848238714426,0.176654967482088,0.818655017193564,0.651073486199813,0.216175492970062
16.87,0,126.134180683582,0.175925247722779,0.81580788432241,0.6541122648772,0.215505956496028
16.88,0,126.333223737673,0.174785997463637,0.81738933892059,0.653762720593701,0.213365005379246
16.89,0,126.506106859241,0.175072337105764,0.817995181565719,0.65540472943473,0.217128678971907
16.9,0,126.674924944684,0.173859007467117,0.818380706030777,0.654922935542211,0.216066970704855
16.91,0,126.84717192674,0.175412137569642,0.816829176402879,0.657570479248008,0.216098680853183
16.92,0,127.02535429042,0.17603494748222,0.815063412740005,0.655649525713223,0.215585040701139
16.93,0,127.210298186846,0.172944614215457,0.814473568471288,0.655547487754215,0.215800822936803
16.94,0,127.40226437427,0.173097311465946,0.814007289551233,0.653918478010809,0.21704653673172
16.95,0,127.601323055779,0.173288829987988,0.816395209528065,0.65555862573868,0.215112967285135
16.96,0,127.807479875918,0.173525193290878,0.815399535134068,0.656172386095357,0.214333542225307
16.97,0,128.020718281989,0.172609677777129,0.815760027152718,0.654729474004294,0.214733349893178
16.98,0,128.241013769714,0.171142519928815,0.818356824513637,0.654344644623285,0.214377196318031
16.99,0,128.46833867444,0.173461582200044,0.815110780264192,0.655110972963127,0.216465108147303
17,0,128.70266378215,0.172835928050447,0.81367908136102,0.653090572636368,0.214178626338671
17.01,0,128.943958870464,0.170926507740806,0.814079885891503,0.65276387632856,0.21663111306797
17.02,0,129.192192889558,0.174698677250815,0.812585339565249,0.655439313859373,0.215661400334912
17.03,0,129.447334021962,0.170990227414472,0.814160405291032,0.654414921760469,0.214315715523171
17.04,0,129.709349701655,0.17037626994998,0.81258609086686,0.653746870398932,0.214860309519675
17.05,0,129.978206619587,0.16954313094616,0.816072511781675,0.65365814298058,0.214703685605125
17.06,0,130.253870724754,0.168158495305874,0.816320890242958,0.652902238322902,0.213451715617884
17.07,0,130.536307223927,0.169534899664845,0.817348367728983,0.650426944483205,0.219136573651199
17.08,0,130.825480581107,0.167703848942395,0.815096745257514,0.653181063289707,0.213118419951922
17.09,0,131.121354517049,0.167658887342164,0.812969643460829,0.652680184062854,0.212978247120728
17.1,0,131.423892009028,0.16714996888138,0.815598479678143,0.650527423333165,0.213194755550338
17.11,0,131.733055290881,0.170139004517574,0.813661477413136,0.651536399631029,0.215837662566245
17.12,0,132.048805853379,0.167338218527167,0.813352075592672,0.652116126619596,0.215116054879113
17.13,0,132.371104444951,0.166425471034955,0.814255402616517,0.650492373982419,0.213310890443748
17.14,0,132.699911072779,0.164739012816693,0.814224134132404,0.650067744298839,0.216339055558858
17.15,0,133.035185004292,0.165260857394673,0.815342715276385,0.652959097068421,0.216881150280931
17.16,0,133.376884769076,0.164790598470616,0.812020677583142,0.65090319825683,0.214662039361628
17.17,0,133.724968161233,0.161548400042079,0.81583739443875,0.651462676220325,0.216496395566429
17.18,0,134.079392242188,0.162214321154295,0.814675775921746,0.649369378934767,0.216386534435527
17.19,0,134.440113343998,0.161973812420505,0.813117986563804,0.652707612796837,0.215005081919684
17.2,0,134.807087073143,0.163684823761935,0.814738657686457,0.651181233142239,0.212421942685197
17.21,0,135.180268314862,0.163695781999509,0.813925070792218,0.650069874460931,0.21391801435276
17.22,0,135.559611238019,0.161051457673362,0.813820304436429,0.651445974105878,0.216171715772557
17.23,0,135.94506930054,0.161507021181998,0.814628357394417,0.65178064059339,0.214698301164793
17.24,0,136.33659525543,0.163084480589669,0.812572267620984,0.649876401351246,0.216741244018564
17.25,0,136.734141157396,0.15987820003474,0.813158071496805,0.649490400079331,0.213851542116421
17.26,0,137.137658370083,0.160513405267618,0.814306646373577,0.649712727097477,0.214004614240945
17.27,0,137.547097573958,0.161489519354712,0.812310370221015,0.649068518393832,0.215098978771648
17.28,0,137.962408774838,0.1598903397491,0.813518363382365,0.648746646399368,0.217288206516783
17.29,0,138.383541313099,0.159693771851399,0.812648058834285,0.650373683442506,0.214548633002316
17.3,0,138.810443873566,0.15965062120821,0.812428556979923,0.650786252938769,0.214512187085303
17.31,0,139.24306449611,0.157018009802901,0.811576240320611,0.649965151824725,0.215227734256166
17.32,0,139.681350586959,0.156949190176174,0.812590052397693,0.650853408372216,0.215642546029062
17.33,0,140.125248930745,0.156990772498424,0.812380805219291,0.650636501249817,0.21632733847687
17.34,0,140.574705703288,0.155195008874298,0.812330372278595,0.649618479622657,0.214026059419699
17.35,0,141.029666485147,0.157667327418155,0.812113994121916,0.650886175287832,0.214890821842758
17.36,0,141.490076275927,0.153425949234864,0.809885797829613,0.647960234465162,0.214675989069147
17.37,0,141.95587950938,0.15399681761562,0.812930524286624,0.648136287688575,0.216561268674394
17.38,0,142.42702006928,0.15522184227525,0.812677430030985,0.649886558353104,0.213753906998575
17.39,0,142.903441306105,0.15234134244908,0.812190448886031,0.647547965112724,0.215783247305963
17.4,0,143.385086054528,0.156296809518473,0.812736119609143,0.649761371434515,0.217158672936721
17.41,0,143.871896651711,0.150414296840745,0.813010231582081,0.647691530117756,0.212553516174433
17.42,0,144.363814956427,0.152116980433008,0.810388049188525,0.646917037799801,0.217299426759892
17.43,0,144.860782369009,0.14846855346451,0.81197049925638,0.646613138636216,0.211693431905303
17.44,0,145.36273985212,0.150400458774039,0.812797575784209,0.646618323093807,0.216671700787199
17.45,0,145.86962795236,0.150998073024198,0.811670692655975,0.644380279073053,0.215323592506522
17.46,0,146.381386822714,0.148365400100392,0.815040294853817,0.648927791431495,0.215301509208507
17.47,0,146.897956245828,0.146882131234195,0.810343163664824,0.644618378360861,0.214149030856361
17.48,0,147.419275658124,0.14725388047538,0.813498845306714,0.645139034326401,0.211009017238997
17.49,0,147.945284174755,0.146677424784096,0.81388464721936,0.64599948733998,0.215016603114235
17.5,0,148.47592061539,0.144686591482986,0.812817030436085,0.649056033203482,0.21525990031317
17.51,0,149.011123530831,0.145658361360582,0.810733141768275,0.647224764275113,0.217329986068846
17.52,0,149.550831230459,0.145330281496932,0.815031703896913,0.648239177202687,0.214041115255891
17.53,0,150.094981810497,0.142700134043465,0.813242989918408,0.647169104320435,0.213603260633273
17.54,0,150.643513183097,0.142298566835924,0.811826515217426,0.647679651949129,0.21498706486953
17.55,0,151.196363106226,0.145531014149265,0.813192541577411,0.644103314539183,0.215503674971425
17.56,0,151.753469214359,0.14176075194292,0.813219591213553,0.646487663152493,0.215612959409508
17.57,0,152.314769049957,0.140510702813517,0.813112882924635,0.648223113525907,0.21559060308755
17.58,0,152.880200095729,0.139973956544476,0.810724014558136,0.646001826318769,0.215153994265834
17.59,0,153.449699807658,0.139865182171473,0.811350916693566,0.644453656661484,0.213696829910513
17.6,0,154.023205648784,0.138088411440979,0.812339874970232,0.645949576188186,0.216165309919282
17.61,0,154.600655123725,0.135696343641462,0.81153125516579,0.644339938194939,0.214905129203529
17.62,0,155.181985813928,0.137878470799891,0.811178991705403,0.646347680376452,0.212749519022794
17.63,0,155.767135413629,0.136343821579672,0.81472074565631,0.643359572234194,0.213410706437332
17.64,0,156.356041766497,0.138647958304733,0.811787556111508,0.647937746436284,0.213615950681511
17.65,0,156.948642902963,0.136042048551393,0.811713008414223,0.643624213337915,0.213301771331211
17.66,0,157.544877078198,0.13385309173329,0.81365760904002,0.645084289068172,0.216256608187064
17.67,0,158.144682810727,0.133485142962507,0.812144444031719,0.644834329037724,0.214573246239092
17.68,0,158.747998921652,0.13092466085131,0.815427100093063,0.645462125927896,0.214684214289319
17.69,0,159.354764574471,0.131895584808692,0.81492153504401,0.644433909070737,0.213751636687944
17.7,0,159.964919315463,0.132761585357567,0.81490730809006,0.645345886992806,0.21497546005745
17.71,0,160.578403114614,0.13008024199106,0.814442496070966,0.645322749352913,0.214622636104997
17.72,0,161.195156407061,0.128990328750198,0.812115791123524,0.645890754845223,0.216001239804915
17.73,0,161.815120135032,0.130787340795903,0.812513782894041,0.645445533326323,0.216882745858673
17.74,0,162.438235790248,0.12998502105157,0.812185361096918,0.644227384234026,0.213773474317108
17.75,0,163.064445456767,0.130398082590365,0.809269424529369,0.64277641748413,0.214934180597747
17.76,0,163.693691854226,0.130225988854,0.815070249485067,0.646333560351386,0.215464487434956
17.77,0,164.325918381482,0.126698361642907,0.813821737851175,0.644538637211571,0.215633256486837
17.78,0,164.961069160587,0.125687730123826,0.811544299863737,0.644880052858039,0.216564224163648
17.79,0,165.599089081089,0.124549280107178,0.812283721845637,0.643179508479953,0.214126833969425
17.8,0,166.239923844628,0.121935712824417,0.814327111700468,0.641893847461118,0.217805203081885
17.81,0,166.883520009775,0.125271715535752,0.816086700509403,0.647864766676395,0.213311893857597
17.82,0,167.529825037116,0.12438758286546,0.812405151402905,0.644989758370443,0.215545316079971
17.83,0,168.178787334509,0.123850467136092,0.81304023299462,0.645051887063735,0.215960607582622
17.84,0,168.830356302511,0.125178990097932,0.810913939283531,0.644738678505735,0.21388503295163
17.85,0,169.484482379931,0.121547263411667,0.814340441831184,0.645540189589665,0.214085779704395
17.86,0,170.141117089474,0.119923067727713,0.813375419797435,0.643128909944082,0.216553645089115
17.87,0,170.800213083436,0.118813648045896,0.814685054531867,0.641965175350265,0.215180863376095
17.88,0,171.461724189433,0.119175735528146,0.811402399810058,0.645172238344279,0.215129925810685
17.89,0,172.125605456113,0.1186099552842,0.814843590395955,0.644294295563405,0.215290119356968
17.9,0,172.791813198821,0.117612783724056,0.814357336615644,0.640350465536794,0.215421153485317
17.91,0,173.460305045186,0.117131907754843,0.815614320342753,0.645123085168782,0.214943719871763
17.92,0,174.13103998059,0.118141580156183,0.818007819281053,0.643529912583098,0.214854820185484
17.93,0,174.803978393485,0.117028136453062,0.815442775516308,0.643228734940216,0.217067852871081
17.94,0,175.479082120528,0.115708729959514,0.816893594358023,0.644408616716141,0.216701899236814
17.95,0,176.156314491491,0.115401977632359,0.81478375163353,0.646099197554676,0.212926338905054
17.96,0,176.835640373914,0.1163450060657,0.813252371591407,0.643402863476512,0.215807421545073
17.97,0,177.517026217476,0.11353909003812,0.816497842165949,0.644494897343185,0.213503061833098
17.98,0,178.200440098031,0.114054664723083,0.814555211716521,0.644036247249318,0.218753977579107
17.99,0,178.885851761293,0.113115175800522,0.815191029077174,0.639429420865605,0.214608270920194
18,0,179.573232666126,0.11421853662188,0.815643574681701,0.643967894442738,0.215857940679289
18.01,0,180.262556027408,0.112280884471617,0.817422159721699,0.643357213909056,0.21445087725896
18.02,0,180.953796858437,0.109870497737393,0.818100892797575,0.641644043672733,0.214439152655893
18.03,0,181.646932012849,0.110223054093571,0.817622331970724,0.642379895227088,0.217637318628114
18.04,0,182.341940226012,0.107068218753904,0.814840822209882,0.644783550981865,0.214547576771785
18.05,0,183.038802155862,0.107210120171353,0.817075253691001,0.642030576992352,0.216490546383335
18.06,0,183.737500423161,0.109115830515702,0.81782890189364,0.641803212884776,0.214802970524479
18.07,0,184.438019651142,0.108338510144258,0.817004706246708,0.64399584983862,0.214050234666256
18.08,0,185.1403465045,0.106540193162611,0.81956157738428,0.644318608700961,0.215205368858853
18.09,0,185.844469727726,0.105439468536776,0.81805082655207,0.64363877941997,0.217635374281112
18.1,0,186.550380182727,0.104744854157989,0.81708144074787,0.643331966302581,0.214953185997175
18.11,0,187.258070885732,0.101360300968274,0.816213556499812,0.641335968464585,0.214234423161393
18.12,0,187.967537043439,0.103119128617029,0.817743423139956,0.645113790875111,0.21598301494057
18.13,0,188.678776088382,0.103926020006731,0.82066052500176,0.643050252518769,0.213108374148709
18.14,0,189.391787713509,0.102112438168096,0.8167405791123,0.642247043692638,0.216495784236635
18.15,0,190.106573905917,0.102554892107787,0.81874523653254,0.642991486203456,0.215694082893079
18.16,0,190.823138979759,0.100506439356056,0.814997471923566,0.645512422301315,0.215036041968062
18.17,0,191.541489608268,0.0971822343455887,0.81484835005131,0.644421293803857,0.216718742128619
18.18,0,192.261634854902,0.0959640698204395,0.818007621365622,0.643623851656528,0.216476329182482
18.19,0,192.98358620358,0.0977885117849201,0.819391218688346,0.645473962088037,0.213244739921632
18.2,0,193.707357587989,0.0966994541983587,0.81915182394174,0.644846977593536,0.215172504988728
18.21,0,194.432965419957,0.0985197379939912,0.8183281869149,0.643123200013743,0.215253218382125
18.22,0,195.160428616857,0.0981238902208257,0.8192886529912,0.645067386276955,0.213555132666349
18.23,0,195.889768628054,0.0964458879406398,0.822361918019447,0.642827427071161,0.216146457736151
18.24,0,196.621009460354,0.0938987407775089,0.819008640690306,0.646611595465133,0.217577088102046
18.25,0,197.354177702457,0.0945636981363704,0.81689633539385,0.644130103658423,0.21490199843406
18.26,0,198.089302548411,0.093943447126649,0.819344604914954,0.645689272896349,0.214624518937055
18.27,0,198.826415820035,0.0930494502289219,0.818641083082801,0.644560883830916,0.21342574771472
18.28,0,199.565551988322,0.09052303967149,0.820154542238018,0.644318740427108,0.212143992489205
18.29,0,200.306748193805,0.0896340909126733,0.817803485125841,0.646607834107302,0.21523219338939
18.3,0,201.050044265884,0.0887221952777863,0.818726600030934,0.643051066196964,0.215783196902579
18.31,0,201.7954827411,0.0928852732389452,0.822795351158177,0.644343318943949,0.213932475664175
18.32,0,202.543108880369,0.0881035579677348,0.818552242544113,0.64541547958852,0.211859957995087
18.33,0,203.292970685155,0.0921910522115807,0.819358578803557,0.64662299965788,0.216072918378418
18.34,0,204.045118912588,0.0898909515419992,0.822351512245866,0.646478336030091,0.212920608327433
18.35,0,204.799607089535,0.0907410810058309,0.820395233340838,0.644533502693122,0.215527515957022
18.36,0,205.556491525603,0.087924876770282,0.821441524926484,0.64443994501266,0.215060344630229
18.37,0,206.315831325102,0.0861034293684484,0.819391592789383,0.644056242737704,0.21442911627693
18.38,0,207.077688397948,0.08426935456849,0.820172461513674,0.644582206802243,0.213347675118136
18.39,0,207.842127469523,0.0851853403706545,0.82395643315637,0.645088861834604,0.214927800662929
18.4,0,208.609216089495,0.0836781728070956,0.824180383952148,0.645449014806463,0.213975798823809
18.41,0,209.379024639599,0.0824656366206903,0.823161765996385,0.646398618709596,0.21432310698787
18.42,0,210.151626340388,0.0823239770489336,0.823874119997522,0.646156647913301,0.216174129920382
18.43,0,210.927097256968,0.0837541102204156,0.822378759612303,0.643946898498711,0.215255585668835
18.44,0,211.705516303716,0.0824834173383262,0.824065100823111,0.645742223499427,0.211893814713247
18.45,0,212.48696524799,0.0819061515399625,0.822992518032426,0.642611357577835,0.215755286803408
18.46,0,213.271528712863,0.0765886399588828,0.823292563268583,0.647133538758792,0.214213477962451
18.47,0,214.059294178853,0.0780465350182259,0.82207004650387,0.645643647135059,0.213689321456681
18.48,0,214.850351984705,0.0783586203048761,0.825487645713598,0.643885313109464,0.216312223382694
18.49,0,215.644795327198,0.0755025168912289,0.825234002046469,0.645144070816532,0.215023527123284
18.5,0,216.442720260024,0.0787956646642887,0.824235384651488,0.648414614784879,0.215300926087048
18.51,0,217.244225691729,0.0773445662844237,0.824568020601776,0.645142654542718,0.216298783415632
18.52,0,218.04941338274,0.0760679126775425,0.82239733868415,0.644556503668231,0.215488860587365
18.53,0,218.858387941498,0.0751366421117913,0.827688933367788,0.646297798339008,0.213122341097695
18.54,0,219.671256819699,0.0732901730270538,0.823366630365174,0.645558623885388,0.215373766224666
18.55,0,220.488130306682,0.0776281762698158,0.826532778562725,0.647046843323947,0.214153569685246
18.56,0,221.309121522949,0.0761765445478581,0.827807061172113,0.647682774610633,0.214413730399194
18.57,0,222.134346412866,0.0725750962169881,0.826074250884915,0.645801455675344,0.215055382749347
18.58,0,222.96392373654,0.0746574589432062,0.829385746184419,0.646533598477677,0.214429753619558
18.59,0,223.797975060903,0.0715973919526763,0.824445419190591,0.646956307497362,0.213771697707619
18.6,0,224.636624750009,0.0682131111890014,0.827175998055678,0.644002181029643,0.216140061694614
18.61,0,225.479999954578,0.0721182318692701,0.827844654101801,0.650446411948669,0.21389711658431
18.62,0,226.328230600786,0.0696151856974335,0.826405885279705,0.649297108181096,0.209634144182822
18.63,0,227.181449378336,0.0704291859106618,0.826609364883666,0.647798476844851,0.214624798320618
18.64,0,228.039791727819,0.0725603602475244,0.824284074822552,0.649108896063387,0.216445326293693
18.65,0,228.903395827386,0.0674813641771003,0.829513924729437,0.648138974308861,0.214838643342715
18.66,0,229.772402578748,0.0661574425089767,0.827810554670108,0.648133472367947,0.217060534590625
18.67,0,230.646955592528,0.0668605211800613,0.829265241321445,0.645266225071197,0.215646519864591
18.68,0,231.527201172967,0.067498517919674,0.82804394490666,0.648052708429504,0.213127348523544
18.69,0,232.413288302029,0.0622605170678517,0.828715958260664,0.647452949248624,0.215809025536673
18.7,0,233.305368622889,0.062892280931088,0.829976718787448,0.647867952905558,0.216170801502446
18.71,0,234.203596422852,0.0636444277662126,0.830468583167904,0.649921591043865,0.215164213757808
18.72,0,235.108128615693,0.0634443849710651,0.831169764025589,0.649062199515609,0.214531374092863
18.73,0,236.019124723464,0.062929464154106,0.828290387271181,0.649657064853798,0.2159915606217
18.74,0,236.936746857749,0.0612793684465339,0.830347313841924,0.646275567991572,0.216162868736118
18.75,0,237.861159700415,0.059382860538564,0.831993757402927,0.649752672511548,0.213079345673696
18.76,0,238.792530483847,0.060312624416998,0.830451898617885,0.648967573313778,0.213252360990766
18.77,0,239.731028970707,0.0613678179276359,0.833005374082723,0.647402258776902,0.21563188470575
18.78,0,240.676827433204,0.0599657085291029,0.832915212447229,0.649674629428589,0.216296220170436
18.79,0,241.630100631909,0.058782648741112,0.83304516809642,0.652010506254408,0.215807740972594
18.8,0,242.591025794117,0.0566477659124763,0.832022456901922,0.648721022073064,0.216485403214046
18.81,0,243.559782591769,0.058252549812897,0.834604978679255,0.6482520702687,0.215417870498441
18.82,0,244.536553118946,0.056468675131664,0.833969200388742,0.648688745345976,0.215551987772425
18.83,0,245.521521868944,0.0580406184073204,0.834073834833703,0.648683850689667,0.216732700231386
18.84,0,246.514875710934,0.0533307881401163,0.833624659662828,0.651610148362608,0.213773537644461
18.85,0,247.516803866233,0.0542928487192767,0.833653938790009,0.650617985560615,0.215426539936832
18.86,0,248.527497884163,0.0524819857092911,0.836599303383941,0.650496472774407,0.214874401870084
18.87,0,249.547151617535,0.0556616348021488,0.835677757787729,0.651075505062767,0.217102097672838
18.88,0,250.575961197742,0.0525748240020639,0.835589032163099,0.651604470760551,0.217828790585442
18.89,0,251.614125009475,0.0501911713403122,0.833118939466706,0.650783710657106,0.215487683584754
18.9,0,252.661843665064,0.0500093954445559,0.83499742880458,0.651186923458702,0.212631721695362
18.91,0,253.71931997844,0.0509795492844461,0.83690243828132,0.652450089552083,0.215158681372107
18.92,0,254.786758938728,0.0475573403233122,0.835735155024456,0.649481359667746,0.216450548124245
18.93,0,255.86436768347,0.0479992118404181,0.836828516019551,0.651504092140178,0.215240582506965
18.94,0,256.95235547146,0.0471885056734399,0.835026151946094,0.651553122628404,0.215993373290004
18.95,0,258.050933655221,0.0471512857197127,0.839448912044375,0.650590374481481,0.21515904205524
18.96,0,259.160315653084,0.0474559658059932,0.835189917229279,0.651646607586858,0.214058803958755
18.97,0,260.280716920893,0.0469041584167292,0.835993125799711,0.652177961959793,0.214299473212928
18.98,0,261.412354923313,0.041940471092312,0.839054755150726,0.652424680692679,0.216036110210769
18.99,0,262.555449104747,0.0437807986692505,0.836953442612503,0.651291180999976,0.213478920464804
19,0,263.710220859837,0.041296050033892,0.835486638394056,0.652440366765823,0.212939688762137
19.01,0,264.876893503559,0.0416416278712499,0.841518703891389,0.649344284276325,0.21392143696615
19.02,0,266.055692240883,0.0401424405972697,0.836446592668713,0.653759051914111,0.217124613478412
19.03,0,267.246844136004,0.0416111639032418,0.839343004078174,0.651610856035091,0.214784138946417
19.04,0,268.450578081115,0.0374647505998874,0.839667671925903,0.652584706475712,0.213804919428803
19.05,0,269.667124764722,0.0383921810734518,0.840640106537916,0.654269047954972,0.214679952457475
19.06,0,270.896716639468,0.0371555245618041,0.837227788746749,0.64988533384611,0.214621719897016
19.07,0,272.139587889472,0.0375570847575977,0.839233570247643,0.65118390992353,0.216395919569302
19.08,0,273.395974397146,0.0379340986057689,0.843150789549035,0.651309920884727,0.213168934036707
19.09,0,274.666113709485,0.0357169286245798,0.840476993365521,0.652552146467088,0.215643769654325
19.1,0,275.950245003793,0.0334370448910539,0.843775107261395,0.649951891703512,0.214554341046637
19.11,0,277.248609052849,0.0324936713800409,0.843859302556269,0.653463664475319,0.214018349814217
19.12,0,278.561448189466,0.0325277886281548,0.843266280872172,0.654395428046767,0.214178232088474
19.13,0,279.889006270434,0.0299307831081207,0.842039610739718,0.657185181068804,0.214250730229282
19.14,0,281.231528639822,0.0314260332667129,0.84134800475585,0.652077385669481,0.215749335343311
19.15,0,282.589262091604,0.0291427745286345,0.842240965295424,0.654207323536854,0.216278994844575
19.16,0,283.962454831598,0.0309589511076033,0.843342051565928,0.654591533089588,0.213952194413967
19.17,0,285.351356438675,0.0271691107558991,0.843673285985462,0.653003758190706,0.214369521953879
19.18,0,286.756217825223,0.0287658696459768,0.843732680402826,0.654197519398686,0.213939013676388
19.19,0,288.177291196824,0.0278782295216134,0.84571877048556,0.652514056445279,0.217719315886222
19.2,0,289.614830011125,0.0270900873789149,0.846767429787834,0.656467267869532,0.214007406324161
19.21,0,291.069088935873,0.0248540454428278,0.843859368704038,0.654734079531615,0.215119960814267
19.22,0,292.540323806064,0.0257415923631485,0.84480836081424,0.654681328483116,0.214117042222767
19.23,0,294.028791580198,0.0253400790296635,0.846293608499859,0.653940334552374,0.214844841810816
19.24,0,295.534750295592,0.0217073841131569,0.848282330424998,0.654943558108942,0.214146903933734
19.25,0,297.058459022717,0.0208921102328167,0.84494215768859,0.652007030277006,0.215393041616536
19.26,0,298.600177818536,0.0218798658941255,0.848746363749985,0.654750170334542,0.213735320657862
19.27,0,300.160167678788,0.0217126014924463,0.845519590502122,0.655882848956404,0.216159470867367
19.28,0,301.738690489205,0.0189499289988306,0.846720756503681,0.65556957956549,0.217656764256252
19.29,0,303.336008975613,0.0192918231222302,0.848267295777356,0.654726147697691,0.215327420559321
19.3,0,304.952386652873,0.0165829972879265,0.849834215091767,0.653958031102326,0.217392985547593
19.31,0,306.588087772649,0.0185922056245228,0.849645515619976,0.656040899255993,0.214487100252789
19.32,0,308.243377269938,0.0147290848485184,0.845297550641304,0.659217798458501,0.217032397350379
19.33,0,309.918520708343,0.0140088676788196,0.847634626963169,0.657518195391951,0.211128659942138
19.34,0,311.613784224047,0.0142486278028548,0.849149018251787,0.655169979131423,0.215066572626254
19.35,0,313.329434468449,0.0117166516006876,0.851154558773613,0.65748705194003,0.215117900507195
19.36,0,315.065738549413,0.0115628366455567,0.850261710190967,0.655566038344434,0.216584283694659
19.37,0,316.822963971121,0.0122780361450393,0.850227623504262,0.655970490014409,0.214557341542338
19.38,0,318.601378572454,0.00986053093852251,0.850192108789025,0.654381362911088,0.214387895301458
19.39,0,320.401250463899,0.00939996651656225,0.852249902457427,0.653758195978802,0.215600069788221
19.4,0,322.192944942956,0.00659167669546299,0.850724233774012,0.655340902151834,0.217440639432677
19.41,0,323.952558061421,0.00565894479677991,0.853817559309726,0.656809851016355,0.212531741692644
19.42,0,325.711217188721,0.00583709231307283,0.853018607544404,0.657321491333865,0.216109184011109
19.43,0,327.456428442663,0.00526746936804171,0.851444456021645,0.65712534744885,0.216061498094804
19.44,0,328.97669147019,0.00457007124022395,0.85482617643594,0.657301500475764,0.216497101020797
19.45,0,330.354768891793,0.0047882917362155,0.853788459430264,0.656396315296245,0.213725193750409
19.46,0,331.692143519099,0.00292589060054622,0.853796069127608,0.654460633809953,0.213680094382495
19.47,0,333.023604851566,0.00220523942804003,0.854359432282186,0.657405701522629,0.214603327650939
19.48,0,334.359591510939,0.000717171165716642,0.855508259497207,0.653515994161157,0.215992820951727
19.49,0,335.708256832968,0.000479145309803096,0.85460695491426,0.655842638263039,0.214145519714903
19.5,0,337.072009635927,0.0006309266401868,0.857243526090583,0.657177054741741,0.215463933754203
19.51,0,337.965215876816,5.1248197292572e-05,0.857481589278092,0.659017521463063,0.216147581413998
19.52,0,338.255966717733,0.000559783974274425,0.855347281973645,0.656711981008838,0.216239983663385
19.53,0,338.549225188054,0,0.85753400001892,0.657402284834804,0.21652309509388
19.54,0,338.84498184737,0,0.856140558230279,0.657750002582771,0.214947224079973
19.55,0,339.143226351535,0,0.857225550013278,0.657549173928357,0.214945858120318
19.56,0,339.443947454363,0,0.859132303913535,0.657956207077492,0.213974540418835
19.57,0,339.747133009776,0.00191472080377574,0.859048196066796,0.656019498582413,0.21434017922947
19.58,0,340.052769974369,0.00269858843075074,0.857051044383229,0.656687924045025,0.217051187872432
19.59,0,340.360844410403,0,0.857883641034468,0.656273161860322,0.214503599281995
19.6,0,340.671341489218,0,0.85866415800127,0.65667973366989,0.213881887485965
19.61,0,340.984245495072,0,0.857427906600742,0.654001727213042,0.214537238894901
19.62,0,341.299539829386,0,0.860898340015366,0.655301051741544,0.216491250903919
19.63,0,341.617207015401,0.000882296771540371,0.859166949597593,0.655997712350462,0.214705941970658
19.64,0,341.937228703249,0,0.860394091201824,0.6575494918149,0.213855876538552
19.65,0,342.259585675412,0.00125378907414469,0.862020576788255,0.654717799725974,0.215671501759201
19.66,0,342.58425785259,0.00163723830974518,0.862561912267984,0.656639723032721,0.215305366184037
19.67,0,342.911224299954,0.000175807860277361,0.861716200909116,0.656129666030382,0.214800074486765
19.68,0,343.240463233783,0.000523167662690349,0.861357000378749,0.659304652081459,0.216304078333941
19.69,0,343.571952028487,0.000595974466262398,0.861221395326615,0.657832773687246,0.214455388809862
19.7,0,343.905667224002,0.000407294006036713,0.864999880895754,0.656832783006316,0.213203704537707
19.71,0,344.241584533551,0,0.863511235648361,0.656595555628464,0.212987554296049
19.72,0,344.579678851771,0,0.864210886232828,0.655635099367996,0.212448819193487
19.73,0,344.919924263196,0.000997387352055874,0.865884949036379,0.655066054407515,0.215546505611862
19.74,0,345.262294051082,8.9476759959581e-05,0.865258528782874,0.658910449430539,0.214952762148708
19.75,0,345.606760706588,0.000827428997460348,0.865269596968183,0.657941064608244,0.214992721253152
19.76,0,345.953295938277,0.000696949220130278,0.865100937803316,0.656435522135665,0.213901503282849
19.77,0,346.30187068196,0,0.866579726118341,0.655828037066847,0.214069639156272
19.78,0,346.652455110847,0.00220397378400507,0.865217472215787,0.656600071043992,0.213076168862756
19.79,0,347.005018646026,0,0.865430442475612,0.656817413114926,0.214362701329866
19.8,0,347.359529967234,0.00185309316431392,0.864005297000079,0.654584971603302,0.214453266120234
19.81,0,347.715957023941,0,0.866854257247843,0.657103086852311,0.216562845338964
19.82,0,348.07426704671,0.000403128120561545,0.866739756242846,0.655969534952937,0.216086712022328
19.83,0,348.434426558853,0.00125357901686892,0.870729433630265,0.655163967755718,0.214287767569092
19.84,0,348.796401388354,0.000571405491025774,0.868616952051171,0.655230411135765,0.216617511478187
19.85,0,349.160156680061,0,0.869407165862464,0.655785140796632,0.216688594025025
19.86,0,349.525656908136,0,0.869983689922164,0.655382591392698,0.216296557751037
19.87,0,349.892865888756,0.00125159422834949,0.868463615592258,0.653481861482599,0.21387872576956
19.88,0,350.261746793057,0.00121022322605137,0.868964628423595,0.656270627902339,0.215642234387774
19.89,0,350.632262160311,0.0020705136035571,0.87146206627053,0.656618467381747,0.213846318151569
19.9,0,351.004373911326,0.00201685367085812,0.873872907154733,0.654547618890149,0.215711515104529
19.91,0,351.378043362067,0.00194933046547594,0.871486749148832,0.657414266368909,0.215291024509847
19.92,0,351.753231237482,0,0.871842500425509,0.656190040305141,0.214003059224356
19.93,0,352.129897685529,0.00119858017981008,0.870205083091324,0.654630154557086,0.213443293484864
19.94,0,352.508002291398,0,0.869693556765535,0.654075413525451,0.217514506546896
19.95,0,352.887504091904,0.002063889956186,0.870992534359565,0.65611032252685,0.217720366898274
19.96,0,353.268361590072,0.000140277497676907,0.873343835026311,0.654225461562103,0.213878013403103
19.97,0,353.650532769871,0,0.872139846357281,0.6542343152083,0.214094908690719
19.98,0,354.033975111116,0,0.874090118981057,0.655975491312856,0.21566968524387
19.99,0,354.418645604514,0.000757950122874876,0.874723514561148,0.655879303402433,0.215250030760879
20,0.1,354.804500766851,0,0.875773947384781,0.656686055397269,0.213988086729681
20.01,0.1,355.19149665631,0,0.871854306909409,0.655378836155818,0.215934478428943
20.02,0.1,355.579588887914,0,0.872983907944116,0.651816974911322,0.211735295587492
20.03,0.1,355.968732649085,0,0.875422123756431,0.654615118117308,0.214177835448223
20.04,0.1,356.358882715302,0.000585206157980876,0.876076351302128,0.655245314785671,0.21442178410246
20.05,0.1,356.749993465872,0,0.876749057656877,0.652929767058749,0.215382163205962
20.06,0.1,357.142018899773,0.00111222400184953,0.878900081188173,0.653567828929052,0.215700804391476
20.07,0.1,357.534912651593,0.000618669581161649,0.877299894345363,0.654239563894397,0.215900019526638
20.08,0.1,357.928628007541,0,0.87537371823027,0.654567525046195,0.214482419025627
20.09,0.1,358.323117921513,0.0013779751909275,0.880365046233905,0.6546524354683,0.214268489554244
20.1,0.1,358.718335031236,0.000502347260943146,0.881729965254746,0.652605303966154,0.215769051185712
20.11,0.1,359.11423167444,0.00461668296429306,0.881044454409524,0.652187306053921,0.214429887064493
20.12,0.1,359.510759905088,0.00227437877059315,0.879400041542524,0.652823610662628,0.2138309571344
20.13,0.1,359.907871509639,0.0020113007294652,0.880784828765412,0.655533418696281,0.214181601430944
20.14,0.1,360.305518023332,0,0.877552385173401,0.653835240251004,0.213855141402631
20.15,0.1,360.703650746494,0,0.878115248356125,0.650311939255696,0.211781890013341
20.16,0.1,361.102220760862,0.000569138238676896,0.880931646508068,0.652386525953859,0.213429499800153
20.17,0.1,361.50117894591,0.00210867221572572,0.882024893616272,0.654646706704367,0.214533431210015
20.18,0.1,361.900475995172,0,0.881827143383681,0.655060395145312,0.215132038202213
20.19,0.1,362.300062432556,0,0.883687779273639,0.654708516533584,0.21398783380715
20.2,0.1,362.699888628651,0.00161185568403059,0.883641172855937,0.652995102316958,0.211580049228617
20.21,0.1,363.099904816998,0.00102023279651371,0.881087692425004,0.651206042356564,0.213094261131395
20.22,0.1,363.500061110343,0,0.882184617754831,0.653967791970084,0.215760295473688
20.23,0.1,363.900307516855,0,0.884176681789134,0.654775179674117,0.215099202865208
20.24,0.1,364.30059395629,0.000661136157915339,0.885238893886229,0.653745731786665,0.21482876430329
20.25,0.1,364.700870276124,0.00153148472348178,0.886520356757282,0.649499417811722,0.217329157992155
20.26,0.1,365.101086267619,4.53808583812989e-05,0.88634972828959,0.653810622792845,0.215862493214152
20.27,0.1,365.501191681837,0.00114820844270716,0.88750922943778,0.651266741448401,0.217122174179618
20.28,0.1,365.901136245582,0.00231542430544876,0.886768433239721,0.650380046166375,0.212005024464584
20.29,0.1,366.300869677274,0.0019479327333863,0.887899865950563,0.651576300100537,0.216035274106847
20.3,0.1,366.700341702748,0,0.888585048240035,0.650156430898525,0.212729518429179
20.31,0.1,367.099502070963,0,0.886514681594512,0.651938046194106,0.21459236108514
20.32,0.1,367.498300569629,0.000249043726163691,0.887115625498613,0.65283482015357,0.214848155756096
20.33,0.1,367.896687040741,0,0.886108143894826,0.651758140854437,0.215143317713007
20.34,0.1,368.294611396011,0,0.887527453910887,0.650332368668804,0.212955084412677
20.35,0.1,368.692023632198,0.0002842059599551,0.889155656593608,0.652013749347274,0.216695932116374
20.36,0.1,369.088873846333,0,0.888314557117534,0.649912414376886,0.214741628476795
20.37,0.1,369.485112250826,0,0.888068440554247,0.650722741804769,0.214074601217686
20.38,0.1,369.88068918846,0.000855668122842943,0.889801004248477,0.650630388174675,0.21442596823362
20.39,0.1,370.275555147261,0.000497449252562776,0.891693381776922,0.650829313315045,0.214739388804461
20.4,0.1,370.669660775245,0.000431030519596988,0.891967007566672,0.65066718038754,0.215568230246322
20.41,0.1,371.062956895027,0.000395359980948977,0.890377766457631,0.650803331046614,0.217452442040005
20.42,0.1,371.455394518308,0,0.891025929765129,0.646896978928658,0.213689041373264
20.43,0.1,371.846924860211,0,0.891134097364882,0.651034335962839,0.215237877132463
20.44,0.1,372.237499353485,0,0.889560652813006,0.651550370613405,0.212677360437604
20.45,0.1,372.627069662557,0.000369109388411443,0.893741409044448,0.650814290428485,0.216338800310236
20.46,0.1,373.015587697437,0,0.893887199996648,0.65034430894431,0.213642272777902
20.47,0.1,373.403005627472,0.000800859218576561,0.893450576174482,0.647174505539481,0.216364597162588
20.48,0.1,373.789275894942,0,0.893462180324227,0.650229990617716,0.212097381787925
20.49,0.1,374.174351228493,0.000536196683949509,0.89394143253269,0.65012552534304,0.215463201660993
20.5,0.1,374.558184656419,1.75685306166435e-06,0.894096441906901,0.64710582610136,0.217335963744766
20.51,0.1,374.940729519763,0,0.895056511457493,0.647628901976602,0.213948058037099
20.52,0.1,375.321939485266,0,0.895154324493973,0.647632673076938,0.215095794675681
20.53,0.1,375.70176855813,0,0.895491256820434,0.646436484918773,0.215776633844457
20.54,0.1,376.080171094621,0,0.896980688866411,0.648419889795558,0.215496618539393
20.55,0.1,376.457101814484,0,0.896019298253415,0.647732785960629,0.214576201407203
20.56,0.1,376.832515813186,0.000283971290607287,0.894424712038435,0.649483403241861,0.21398552522474
20.57,0.1,377.20636857398,0,0.896203047446827,0.649571377046091,0.21480280958979
20.58,0.1,377.578615979775,0.000380602482475448,0.897059796054185,0.649191452797228,0.214969565544452
20.59,0.1,377.949214324837,0,0.900050462839561,0.647409005872854,0.214206404973227
20.6,0.1,378.318120326283,0,0.898906500027616,0.646828427762631,0.213161750842107
20.61,0.1,378.685291135404,0.00135722767373716,0.896543351657675,0.644401076700943,0.213763948107449
20.62,0.1,379.050684348782,0.00233567939774183,0.897795275893994,0.646057980011281,0.212050677122948
20.63,0.1,379.414258019225,0.00211772335706799,0.899053949435387,0.646258839312672,0.213532411160307
20.64,0.1,379.775970666497,0.00186940165253159,0.897933396585957,0.648022183798383,0.212696509495158
20.65,0.1,380.13578128786,0.000401457763763133,0.899965627959164,0.646315958310299,0.213522390117339
20.66,0.1,380.49364936841,0,0.902678776198098,0.649492324742046,0.214770755189316
20.67,0.1,380.849534891223,0.00109644646863365,0.901594898890221,0.646312096603548,0.215432977441139
20.68,0.1,381.203398347287,0.000501055179044595,0.899157050219849,0.645437652134021,0.214167974864079
20.69,0.1,381.555200745244,0,0.900304319499901,0.646419463952479,0.216709698768065
20.7,0.1,381.904903620922,0.000931017238191628,0.902309982350964,0.64647744314858,0.215658431023663
20.71,0.1,382.252469046661,0.00299077245496402,0.902883655202825,0.646500149059883,0.213262683869693
20.72,0.1,382.597859640437,0,0.903663925097666,0.644488667175502,0.215375365646212
20.73,0.1,380.333402796663,0.000922855108924924,0.901664681549382,0.645915151456565,0.21398018486708
20.74,0.1,376.807811055475,0.00205680784183747,0.903753809075217,0.645078264017559,0.215249803964885
20.75,0.1,374.460094879876,0.00290025256101652,0.905592890277165,0.645420419483458,0.212282003803332
20.76,0.1,372.703585511969,0.0036261938746434,0.902006011303989,0.647970413437713,0.214405031189054
20.77,0.1,371.13269078563,0.0075707683575359,0.903621579089812,0.646489372886366,0.215601384853845
20.78,0.1,369.615587878636,0.00665895294303783,0.903081909851307,0.645473130127727,0.215824355272534
20.79,0.1,368.112798770305,0.00834001878668499,0.905582455924297,0.646444213983975,0.214962571483908
20.8,0.1,366.612624147756,0.0104848386686121,0.906686389049692,0.646867552203406,0.218284983340763
20.81,0.1,365.111556054855,0.0108283422925004,0.903936859385428,0.649044651644469,0.214130107689603
20.82,0.1,363.608493058368,0.0110475664453609,0.905743572792091,0.645386735128117,0.213780699461888
20.83,0.1,362.103042204776,0.0103741621528021,0.907294942644304,0.643420185135072,0.213954251833228
20.84,0.1,360.595021807629,0.0123966068005941,0.908113638351307,0.644266460185717,0.216246773416215
20.85,0.1,359.084316108492,0.0146230310841177,0.908349227754458,0.644547990813092,0.214950974190133
20.86,0.1,357.570832851723,0.0181747864395843,0.906606121321902,0.644455925004936,0.213018199092963
20.87,0.1,356.054490905983,0.016312812890097,0.90797401717466,0.645199029263891,0.213939207940775
20.88,0.1,354.53521664214,0.0178039104214945,0.909175937174557,0.644941729637111,0.214361288901899
20.89,0.1,353.012942857447,0.018582387488474,0.908727451309636,0.645779754293517,0.214701324389151
20.9,0.1,351.487608437668,0.0207083298342667,0.90769610190039,0.642498280253918,0.216541102353158
20.91,0.1,349.959158231432,0.0207309346457738,0.90737800034633,0.645933076748354,0.216414310383109
20.92,0.1,348.427542984252,0.021193191222504,0.907661711160039,0.644982649266564,0.215443470078754
20.93,0.1,346.892719287996,0.0258088346930097,0.907489915799276,0.646193468722372,0.215139461495399
20.94,0.1,345.35464953304,0.0224481377977005,0.90977770901533,0.644237273081802,0.214395802781115
20.95,0.1,343.81330185938,0.0269858535831773,0.909750965131138,0.642056183714515,0.214279565026457
20.96,0.1,342.268650105676,0.0267939860316245,0.913101439897075,0.643815073669581,0.21632305945657
20.97,0.1,340.720673755907,0.0252580683404901,0.911759236954851,0.645841767837462,0.214923107764848
20.98,0.1,339.169357883559,0.0289119254583712,0.911241377173673,0.646149395905508,0.215495919004352
20.99,0.1,337.614693093347,0.0309568799068863,0.913906049989101,0.641171331308723,0.215883032789739
21,0.1,336.056675460463,0.0305697146179798,0.912228385181245,0.642184131237488,0.216407011195762
21.01,0.1,334.495306467383,0.0297947415334305,0.911955415872192,0.639249542220362,0.214047708298695
21.02,0.1,332.930592938244,0.0321547644002397,0.911526850997171,0.643727779025031,0.214775210578306
21.03,0.1,331.36254697082,0.0328099374218834,0.91132236587855,0.644956493381289,0.215127218971354
21.04,0.1,329.79118586613,0.0362050270495573,0.914633918388914,0.644722398811653,0.212630703594035
21.05,0.1,328.2165320557,0.0355487559107511,0.912361004290767,0.64259939167979,0.213620507891719
21.06,0.1,326.638613026527,0.0383299048624545,0.914871995258613,0.641977444530191,0.215604451851202
21.07,0.1,325.057461243778,0.0390479764291448,0.913948662890187,0.642986491476712,0.214524681379361
21.08,0.1,323.473114071257,0.0393305472291345,0.912939236768888,0.644460746035316,0.215517969830532
21.09,0.1,321.885613689701,0.0392258886099658,0.913048150513884,0.645334661609969,0.216703104303946
21.1,0.1,320.295007012937,0.0399807223001442,0.913703691123193,0.642954782920024,0.213786266677004
21.11,0.1,318.701345601961,0.0409940392369821,0.914349698327713,0.643976074502879,0.216104032415001
21.12,0.1,317.104685576985,0.0426352144679088,0.91419706332579,0.643162356896725,0.215346898387971
21.13,0.1,315.505087527509,0.0438589817633033,0.916734667087962,0.646392415314999,0.215874827187032
21.14,0.1,313.902616420481,0.047942333760589,0.916280296554132,0.643930679701235,0.212570049716987
21.15,0.1,312.297341506595,0.0451685451813191,0.915480352776823,0.64132309953988,0.214927241870329
21.16,0.1,310.689336224808,0.0484433939285202,0.915244187009928,0.645221708541346,0.218016668029993
21.17,0.1,309.078678105116,0.0471093551977129,0.917093010088602,0.643575006079274,0.214728854871254
21.18,0.1,307.465448669688,0.0535616087332206,0.916270648699727,0.642003886218531,0.215093637056271
21.19,0.1,305.849733332393,0.0521116676075211,0.917171287605118,0.642597945530605,0.214626562590791
21.2,0.1,304.231621296827,0.0544022217561871,0.916689791044311,0.644737902502134,0.215887825052775
21.21,0.1,302.611205452885,0.0527784258871054,0.916314546803749,0.643494108576613,0.213819273849045
21.22,0.1,300.988582271971,0.0550977236007786,0.917894405662631,0.640735710371602,0.215494324305327
21.23,0.1,299.363851700918,0.0590320363518073,0.918454379697866,0.645115691357305,0.215908556791896
21.24,0.1,297.737117054696,0.0572839824028013,0.917664075979761,0.644547438273866,0.212713770408252
21.25,0.1,296.108484907989,0.0585268552318753,0.920466853773631,0.644730697835868,0.214977896267084
21.26,0.1,294.478064985727,0.0588929162443937,0.91999764082742,0.644800809819497,0.213277355821616
21.27,0.1,292.845970052646,0.0609244202776277,0.918468063529966,0.641697294430481,0.215268098333411
21.28,0.1,291.212315801978,0.0640544109386218,0.920242737133037,0.64600240474147,0.216083251574441
21.29,0.1,289.577220743329,0.0644856400974488,0.920252709876906,0.644666948919855,0.214085370682455
21.3,0.1,287.940806089868,0.0662614010410022,0.921885657656505,0.641767824555551,0.215420282923685
21.31,0.1,286.303195644873,0.0696068567265678,0.92205226398869,0.64492707026377,0.21357860326568
21.32,0.1,284.664515687755,0.0658998396281072,0.919521641350275,0.643406974765288,0.213021389163084
21.33,0.1,283.02489485963,0.0681933876892131,0.92084135767208,0.645154411663153,0.215992640264954
21.34,0.1,281.384464048533,0.0661986508445358,0.922850714348609,0.644957127789644,0.214695948633278
21.35,0.1,279.74335627436,0.0693111364159012,0.920241499669726,0.645903579699913,0.215612834959569
21.36,0.1,278.101706573634,0.0712485734070199,0.920765791706078,0.642805177877868,0.21741183808262
21.37,0.1,276.459651884169,0.069991030223016,0.922944803581155,0.647105412619748,0.214962424921453
21.38,0.1,274.817330929738,0.0745055542904065,0.922786442764351,0.642184408724881,0.216068720183959
21.39,0.1,273.174884104819,0.0757356186747236,0.922721994997269,0.643779142724601,0.213079424916256
21.4,0.1,271.53245335952,0.0757974942487311,0.919764437882914,0.645077062266937,0.21676744616087
21.41,0.1,269.890182084754,0.0793550357945715,0.923371292770531,0.644213547393459,0.214459404249853
21.42,0.1,268.248214997771,0.0802342269435774,0.923743842590796,0.642828409957277,0.216931197997019
21.43,0.1,266.60669802811,0.0810665067042142,0.922639508653663,0.646301441880746,0.215894948440085
21.44,0.1,264.965778204081,0.0832697352661306,0.924488813404548,0.644050567005273,0.216727923295319
21.45,0.1,263.325603539837,0.0848072428279067,0.923183418358206,0.641251173252204,0.216967221805978
21.46,0.1,261.803545438875,0.0842055337084738,0.927410392540959,0.645060218733367,0.213876431529385
21.47,0.1,261.290972173814,0.0835898116757869,0.92473249782883,0.646119109829232,0.21547750742351
21.48,0.1,261.328595607045,0.0851371625830093,0.923554019614442,0.643344474426133,0.215088693858481
21.49,0.1,261.405426009916,0.0859143411657473,0.927419005291613,0.642417275312671,0.21769886578957
21.5,0.1,261.48028933537,0.0826580926995818,0.926128629479671,0.645076719129701,0.216712171201413
21.51,0.1,261.553196235033,0.0846784905019769,0.92637708601718,0.644620666958829,0.21364642843182
21.52,0.1,261.624157743602,0.0861827797563332,0.926052636496625,0.646244803402908,0.21434045596233
21.53,0.1,261.693185273856,0.0837126467306444,0.925490712017883,0.646072429274468,0.211225073012127
21.54,0.1,261.760290611547,0.0873349891394995,0.927470561197192,0.64601469692074,0.214458576153522
21.55,0.1,261.825485910184,0.0846187405910242,0.926589008929355,0.646588943022129,0.216479694651647
21.56,0.1,261.888783685698,0.0847525049255335,0.925897315915079,0.644312781006278,0.215843553405636
21.57,0.1,261.950196811,0.0856003138040315,0.926874437207313,0.646468346199663,0.213319550363179
21.58,0.1,262.009738510426,0.0837667305421824,0.926619621720849,0.642881932245182,0.213196300600849
21.59,0.1,262.06742235408,0.0837606812773417,0.925138270325139,0.646120337203044,0.215679667405569
21.6,0.1,262.123262252059,0.0865185013076186,0.927623732591696,0.643911190109727,0.215810525459735
21.61,0.1,262.177272448579,0.0873572236467926,0.930453561819608,0.646944259457049,0.215971457713078
21.62,0.1,262.229467515993,0.0865231557371134,0.930204288172259,0.644616095947216,0.214244058435996
21.63,0.1,262.279862348709,0.0856916483418473,0.928572702044196,0.644838034119415,0.216521313616594
21.64,0.1,262.328472157,0.086330795029385,0.927893736944615,0.645837800042798,0.21586423789315
21.65,0.1,262.375312460721,0.0838527180840554,0.928484835767844,0.64722415191615,0.217785475665771
21.66,0.1,262.420399082914,0.0845480488294514,0.930186695527576,0.648189453483056,0.214851668421199
21.67,0.1,262.463748143331,0.0842978348734412,0.930221180109542,0.646017903770922,0.214822848309541
21.68,0.1,262.50537605185,0.0868336113016079,0.928648646288111,0.647003731045371,0.215723538352999
21.69,0.1,262.545299501797,0.086855178044594,0.930105142755127,0.645115328713542,0.216951060143907
21.7,0.1,262.583535463178,0.0836990114467205,0.928885226230376,0.646054221939643,0.21597534691289
21.71,0.1,262.620101175822,0.085253764120928,0.929773546433812,0.647913813132743,0.212963250027302
21.72,0.1,262.655014142424,0.0858882442736419,0.931112710867884,0.645242503558606,0.214497219131433
21.73,0.1,262.688292121513,0.0860254708247916,0.927908365363927,0.648250115601573,0.215862409151337
21.74,0.1,262.613405770144,0.0871937850895145,0.930834741035659,0.647374212353636,0.214235792031721
21.75,0.1,260.966911294154,0.0857932331813924,0.931376511987716,0.64866227471586,0.213486467195533
21.76,0.1,259.910518022522,0.0873988465921003,0.928575693607843,0.64685324649563,0.215064976065229
21.77,0.1,259.112931517533,0.0880129805791094,0.929744803554739,0.647967188829239,0.215618960322977
21.78,0.1,258.621601464474,0.0873963442505216,0.931136872019186,0.647413774681423,0.213158783794823
21.79,0.1,258.539953075246,0.0892397128234696,0.932042282358746,0.647462524606641,0.216584105222477
21.8,0.1,258.561936478739,0.086969504651076,0.930631909623452,0.646864562567561,0.216331896477815
21.81,0.1,258.582459669709,0.0886695698728003,0.932951310003012,0.649190577234837,0.216305368216094
21.82,0.1,258.601542054949,0.0873920085952775,0.929992883016255,0.647593526743139,0.213041263508057
21.83,0.1,258.619203219303,0.088725950659698,0.931502990775883,0.646375461233217,0.215808944091466
21.84,0.1,258.635462917905,0.0919996218974003,0.933507275851122,0.647427691818545,0.215257339288073
21.85,0.1,258.650341068377,0.088535908980468,0.929707296928433,0.646887310112643,0.214108106141683
21.86,0.1,258.663857742946,0.0880487582577928,0.933325591203201,0.647628247732184,0.215277868618698
21.87,0.1,258.676033160516,0.0866378091225267,0.934226789455948,0.652164881278659,0.2128249566762
21.88,0.1,258.686887678681,0.0898222327104415,0.93289474933551,0.654328631291967,0.215677716943546
21.89,0.1,258.696441785682,0.0871019785963142,0.934607846252169,0.648133683255543,0.214274271820391
21.9,0.1,258.704716092313,0.0879073526406171,0.935872568428197,0.650562527277486,0.213861393188132
21.91,0.1,258.711731323784,0.089338806867516,0.934020350266411,0.650656987507846,0.215809844333264
21.92,0.1,258.71750831153,0.0899451834146657,0.933285240023726,0.648000244717698,0.213179699148675
21.93,0.1,258.722067984984,0.0902707797732542,0.932662190396398,0.648411604159785,0.216292109137943
21.94,0.1,258.725431363303,0.0887726826187633,0.934275300531397,0.650267242062101,0.214959886085798
21.95,0.1,258.72761954706,0.0898893319367463,0.933628703262859,0.648118005792631,0.21618473296851
21.96,0.1,258.728653709899,0.0864893589987248,0.930381426938506,0.650014894620865,0.213839286662903
21.97,0.1,258.728555090156,0.0882464813914386,0.934016999509165,0.649765473662345,0.21416049249583
21.98,0.1,258.727344982454,0.091460995256678,0.933163651840693,0.647421575454631,0.216475562606936
21.99,0.1,258.725044729265,0.0892041212244193,0.935495921342495,0.650715385754895,0.214342712588116
22,0.1,258.721675712455,0.0915049406178665,0.934296058179886,0.650262216989365,0.215654307968381
22.01,0.1,258.717259344798,0.0898972291567078,0.933793855829057,0.650397937578424,0.216298646138588
22.02,0.1,258.711817061483,0.0874127308203172,0.936146917882339,0.6519409830266,0.213054369478598
22.03,0.1,258.705370311595,0.089409865122236,0.93341691954708,0.650879775735145,0.214746749169811
22.04,0.1,258.697940549592,0.0898769513757494,0.934027052109736,0.648543768210274,0.216143477410964
22.05,0.1,258.689549226765,0.0886934178611355,0.936423393832187,0.650088442283437,0.215073495793786
22.06,0.1,258.680217782698,0.0886190438595636,0.936386969469097,0.652127752099232,0.214762703719865
22.07,0.1,258.66996763672,0.0909134793623021,0.934042087129616,0.65072237304664,0.2163180351539
22.08,0.1,258.563373290806,0.087167336290572,0.934901773580154,0.651058472586895,0.213970683151034
22.09,0.1,258.337952009101,0.0891423719840587,0.934806218620883,0.651776611174183,0.216913963595984
22.1,0.1,258.190319908252,0.0861277323360348,0.936276926495584,0.650129089171929,0.216119834596893
22.11,0.1,258.066799277499,0.0925001591955613,0.934030342069529,0.650357001459178,0.214237638398103
22.12,0.1,257.946402510038,0.0887490653508895,0.936308447341776,0.649950324903104,0.21589036896891
22.13,0.1,257.82404551446,0.0881833293562027,0.935360345043888,0.651952907503228,0.215098771947282
22.14,0.1,257.698764003205,0.0897512761060278,0.936992334730994,0.652242416161122,0.215719778206732
22.15,0.1,257.569545862859,0.0887305092436432,0.935046653177622,0.649678880230739,0.216842202420984
22.16,0.1,257.436248943443,0.0883529662648648,0.936459382959374,0.651760631885433,0.213223460950245
22.17,0.1,257.299785474736,0.0895749978411066,0.936322587117675,0.65076842162094,0.215206475979841
22.18,0.1,257.159834994665,0.0911677736055581,0.935255573645246,0.652802409276478,0.213069646200157
22.19,0.1,257.016104386351,0.0910141746995653,0.937100155550041,0.653133195180692,0.214503496500845
22.2,0.1,256.869242487839,0.0905168256266955,0.938097320998941,0.649937932829221,0.212652304017712
22.21,0.1,256.719777985328,0.0898073686494483,0.935873955074347,0.654034906527268,0.215573845652222
22.22,0.1,256.567115906613,0.0929648862607812,0.937252521733624,0.652660231470251,0.212649291587738
22.23,0.1,256.411255894093,0.0908184509172515,0.936805730994045,0.6530626223135,0.214908235213184
22.24,0.1,256.253397034126,0.0935458644866287,0.936303660000096,0.654660340959476,0.213942306722596
22.25,0.1,256.093094478169,0.0908211436354701,0.937580791857108,0.65215781624453,0.213316657368839
22.26,0.1,255.929926944987,0.0914365904525196,0.937433913510036,0.652383465196211,0.214600712900938
22.27,0.1,255.764646560042,0.0905153669295638,0.935838143416197,0.654898256683817,0.21257058436126
22.28,0.1,255.597863342339,0.09160422859218,0.936140065653232,0.653615503495533,0.215461494793229
22.29,0.1,255.428809254986,0.0918651974379431,0.937237802631537,0.65198860229529,0.213704278553307
22.3,0.1,255.257440930599,0.0927700183124342,0.938086827851001,0.652771150788075,0.212293760279648
22.31,0.1,255.085150475161,0.0918672955532426,0.934659514270585,0.654508723644395,0.216033976015642
22.32,0.1,254.911374480446,0.0919098390609026,0.935300278355819,0.650650170931019,0.214108149265824
22.33,0.1,254.735578018956,0.0934848639254302,0.938208335670181,0.654499790256636,0.213499547137994
22.34,0.1,254.558591305196,0.0899380925499747,0.939234253647973,0.652846551590366,0.215068995988514
22.35,0.1,254.381085849926,0.0913418304109722,0.934674965599959,0.655242618290581,0.216873053733784
22.36,0.1,254.202148950065,0.0918158092185487,0.936275940268153,0.656490763130092,0.213642477314859
22.37,0.1,254.021694022055,0.0927899029302767,0.938559923610281,0.651377770730618,0.215554319924708
22.38,0.1,253.841234463697,0.0915457701072254,0.937186563955972,0.653104750639565,0.215483378249034
22.39,0.1,253.660121373108,0.0925520308833753,0.938642738958785,0.653782659800709,0.214341861596098
22.4,0.1,253.477737940444,0.0906847065959474,0.938264002951912,0.655125633595207,0.213895566580576
22.41,0.1,253.294944248811,0.091251971599655,0.936939623849575,0.654194101873871,0.216248205202715
22.42,0.1,253.112436162849,0.092559471533738,0.937847069532594,0.652992849682768,0.214831867862124
22.43,0.1,252.929216723405,0.0922905363560586,0.934867949962872,0.655095167914617,0.217337890894654
22.44,0.1,252.745166478533,0.094096740196676,0.935579481483863,0.653826576028667,0.216272203848793
22.45,0.1,252.561836941106,0.0922227291277459,0.9395650079474,0.65449915958984,0.213527480115192
22.46,0.1,252.378535397241,0.0899875867962326,0.937298621910616,0.656021848997831,0.2122061797015
22.47,0.1,252.1946027524,0.0932717632027285,0.93821351977455,0.653629211368944,0.214219360162361
22.48,0.1,252.010896973793,0.0930442674810127,0.936730495518153,0.655940880718623,0.213087669174061
22.49,0.1,251.828111284979,0.0932771825550946,0.936851464917082,0.655539436434494,0.216350897014347
22.5,0.1,251.645210656534,0.0922551482533708,0.937789377031823,0.655631724137179,0.216048446403176
22.51,0.1,251.462054673014,0.0925196783333496,0.934911659212095,0.656499771904351,0.214145711128356
22.52,0.1,251.280200203953,0.0945559362120658,0.934935314084864,0.65621092139589,0.214570124493032
22.53,0.1,251.098927947738,0.0940703172186869,0.939687824776894,0.653955492011735,0.21228301970374
22.54,0.1,250.917552427705,0.093109653367739,0.935339788413064,0.654844388864179,0.214159860232017
22.55,0.1,250.736384350911,0.095736966790697,0.938372022037583,0.656160448759967,0.21494870053361
22.56,0.1,250.555745208362,0.0935675350203333,0.93838395942885,0.655871435328564,0.217267133408537
22.57,0.1,250.375162780362,0.0925727160145479,0.935630540309366,0.656901030231662,0.215939635531214
22.58,0.1,250.194591772832,0.0943611928613984,0.937953712444316,0.65794073835049,0.215591632095342
22.59,0.1,250.014784233856,0.0959340044833416,0.938944087879417,0.654048038333697,0.216654284357193
22.6,0.1,249.83542448734,0.0955865676132431,0.937390327149843,0.657431880379334,0.215361610548089
22.61,0.1,249.656211446078,0.0935581710166375,0.938104283682244,0.657180489845443,0.216628734822879
22.62,0.1,249.477555821198,0.0957147330817839,0.935935944975996,0.658721937466165,0.213473048814492
22.63,0.1,249.299791660995,0.0987471901544138,0.938586541263736,0.656000803023334,0.215699938384441
22.64,0.1,249.122444399714,0.0923035472939489,0.93508209795639,0.659038691183047,0.216973275946044
22.65,0.1,248.945454908225,0.0956830474375885,0.937761132610838,0.655105749426789,0.216914529847299
22.66,0.1,248.769548968959,0.0971828261958095,0.937665432419155,0.658410544350305,0.213161931397593
22.67,0.1,248.594399338068,0.096217844616491,0.93624306124011,0.656308325356893,0.212880897940196
22.68,0.1,248.419692815085,0.0947577893829216,0.934622324409692,0.653134699243569,0.213498602529526
22.69,0.1,248.245815497838,0.0937218684948199,0.939316753592703,0.656553080537749,0.213724667395395
22.7,0.1,248.073078756155,0.0956158849417257,0.938159745993715,0.654844422126726,0.213703945223582
22.71,0.1,247.901000735783,0.0959506996267746,0.936668415652631,0.658311574689097,0.215333384532211
22.72,0.1,247.729505052609,0.0960334564002061,0.935748542832914,0.653329571946908,0.214231602017071
22.73,0.1,247.559272929366,0.0973383597085541,0.935520714111365,0.6551395257588,0.216494787978433
22.74,0.1,247.389973633923,0.0968235506021552,0.936956324480844,0.658205988216688,0.215917485828726
22.75,0.1,247.22128986993,0.0945460952010461,0.936608265228845,0.656643845065531,0.212068509212657
22.76,0.1,247.053577125151,0.0973575022097794,0.934488871827998,0.65749788191368,0.217114377467185
22.77,0.1,246.887119013719,0.095336767433616,0.936034896219432,0.65495580350055,0.213908985985584
22.78,0.1,246.721435560102,0.0956323945201746,0.937324651199701,0.655499954688162,0.217518329570388
22.79,0.1,246.556437202007,0.0976043619247602,0.937554980051711,0.654969070835921,0.215171181050984
22.8,0.1,246.392766052713,0.0973706275565418,0.936696588419878,0.65917729854341,0.217421476511505
22.81,0.1,246.230086062077,0.0957800782747334,0.937263660636585,0.657428872621383,0.214359552355418
22.82,0.1,246.068073902437,0.09539049325626,0.936693489198376,0.657929144898584,0.21519345287467
22.83,0.1,245.907052017927,0.0962327562572681,0.937533079456616,0.658646806979911,0.216390810098966
22.84,0.1,245.747274959646,0.0979618949854106,0.935020575545275,0.656357610748027,0.215065171672441
22.85,0.1,245.588266942166,0.0978420044286028,0.937926681629323,0.656379423616922,0.212082435485636
22.86,0.1,245.429924899107,0.0983655359609668,0.935448839193704,0.65725421577258,0.214692375245454
22.87,0.1,245.272841588075,0.0966619941866992,0.936000318987825,0.65619462808378,0.21503390461418
22.88,0.1,245.116681164063,0.0939981122438106,0.937023930361339,0.65698859456315,0.21206874247654
22.89,0.1,244.961119729538,0.0981487855494175,0.933933471254595,0.656210307198629,0.214430290567024
22.9,0.1,244.806449063986,0.0964716403816495,0.935969902863195,0.658662727504133,0.214254323559123
22.91,0.1,244.652895815239,0.0977517118399223,0.936022980214487,0.652304760361372,0.215268714345951
22.92,0.1,244.499988629644,0.0976749749000709,0.932634029435267,0.655494016110085,0.214933510454761
22.93,0.1,244.347612806521,0.0966986688211347,0.936443760198923,0.656829421946327,0.214856668300321
22.94,0.1,244.196323025071,0.0972160373688322,0.932419744747533,0.656014841141144,0.215346207814317
22.95,0.1,244.045779257207,0.0942750099986788,0.937476510835564,0.657853489058833,0.217476609430953
22.96,0.1,243.89565279028,0.0981968264720872,0.932705997427152,0.657116830281003,0.216682913204292
22.97,0.1,243.757101739786,0.0985844461171537,0.936033585152081,0.653767311373355,0.214633773268099
22.98,0.1,243.637678135248,0.100300558391751,0.93443965357557,0.656378508344898,0.215528073474744
22.99,0.1,243.524983787405,0.102107817907262,0.934050299130763,0.654277050645442,0.216184623462438
23,0.1,243.416283908774,0.0990326749913244,0.93399702646909,0.656675154454376,0.216017711759001
23.01,0.1,243.326065036031,0.0992113823655482,0.935253550027387,0.656772860674721,0.21480824363858
23.02,0.1,243.246442092086,0.099309075269087,0.93368065569042,0.655759708591784,0.21586756604516
23.03,0.1,243.169883302822,0.098730719650859,0.934471849475908,0.654795752996078,0.215920721780681
23.04,0.1,243.100190134288,0.0988548371417554,0.936986619514592,0.655533652917917,0.213197028275004
23.05,0.1,243.040844028831,0.100119555549156,0.932104981978243,0.653584028965689,0.215286754734991
23.06,0.1,242.984917200736,0.101019138092339,0.932624096515892,0.654022589877199,0.213409894436146
23.07,0.1,242.930486852116,0.0986939571179453,0.934398745348502,0.658625970451944,0.214999459778731
23.08,0.1,242.882633711755,0.0996130518728864,0.933516071716816,0.653476113505416,0.216739463725343
23.09,0.1,242.838335357488,0.098222745907453,0.931137731847025,0.655220767494853,0.212044667605559
23.1,0.1,242.794742542571,0.0986945213863335,0.93123979433771,0.656614609614632,0.212535932018423
23.11,0.1,242.752891131735,0.0972047516976513,0.934429494804607,0.655429936964491,0.213535457723133
23.12,0.1,242.713806714108,0.0987460489990426,0.934604548198761,0.655368505232365,0.214899411791272
23.13,0.1,242.675229055961,0.0986981323537112,0.934081569743896,0.656990332689239,0.214951212400524
23.14,0.1,242.636470915051,0.100571569129082,0.934922244797057,0.650700515576845,0.214189967189176
23.15,0.1,242.598925524344,0.0979351931614445,0.932091818023353,0.655707814453467,0.213662653537495
23.16,0.1,242.56165849132,0.0998480340253866,0.932160462999415,0.655864392504029,0.214387843099255
23.17,0.1,242.523787863778,0.0987197800644527,0.932158601079412,0.653537493115309,0.215676339411566
23.18,0.1,242.485629703494,0.100397952673487,0.936442487695272,0.653827943195124,0.213370256257795
23.19,0.1,242.447472594234,0.100728619766569,0.932121883066923,0.653960934457496,0.21468265734469
23.2,0.1,242.408521516004,0.0997076631928243,0.931141482787941,0.655091101678995,0.214544339445543
23.21,0.1,242.36854838902,0.0983823986841606,0.929828178986062,0.654621506828755,0.213972977104888
23.22,0.1,242.328368915799,0.102838884407931,0.929799773118556,0.654264779812329,0.214244664399863
23.23,0.1,242.287420419044,0.0995989451189218,0.929466562072375,0.654308533610628,0.21737934741339
23.24,0.1,242.245158115199,0.10068611090556,0.931119690132929,0.652930290918558,0.215214004388632
23.25,0.1,242.202102487047,0.100987422796859,0.930116936221424,0.651805935289097,0.212729566746651
23.26,0.1,242.158634406396,0.0977758156294804,0.930428237200079,0.652209701796765,0.215673103473032
23.27,0.1,242.11383682397,0.101482014421906,0.933572542704462,0.653225694849224,0.215514792392883
23.28,0.1,242.067502042163,0.0969781762603991,0.927000749285795,0.65266886615292,0.215998190274332
23.29,0.1,242.020995647495,0.096865190603495,0.931664828157094,0.656369784209328,0.215246246228697
23.3,0.1,241.973473633955,0.0993552909536875,0.930802746120712,0.653489396956024,0.215024016499909
23.31,0.1,241.924114599775,0.0968779276471764,0.929337612599533,0.65354389420517,0.214525894148909
23.32,0.1,241.873965082609,0.101311559230074,0.929029409988259,0.649927806671233,0.215596974692164
23.33,0.1,241.823794045681,0.097648250328396,0.928792893514733,0.651360532608412,0.216929875209949
23.34,0.1,241.771995887925,0.0975282452246999,0.93212583867519,0.653166888197989,0.215321562378808
23.35,0.1,241.71822335482,0.0997725000666311,0.929238260305775,0.652194871928124,0.214549369619351
23.36,0.1,241.664766884745,0.100277096326564,0.927664087906998,0.653692855627533,0.21693741545375
23.37,0.1,241.610283411049,0.0997138022793484,0.928669209692851,0.652755878789117,0.218922538758818
23.38,0.1,241.553470370412,0.0981496589882076,0.928277937452434,0.653481443139107,0.213031504465544
23.39,0.1,241.495396465065,0.101193592943373,0.927091450160491,0.653348974757358,0.216082940480426
23.4,0.1,241.436903961297,0.0995810424790248,0.929756414248746,0.652183576653258,0.213879002663871
23.41,0.1,241.376180518715,0.0997639351062456,0.929565783843725,0.651195983261354,0.215874324644697
23.42,0.1,241.31283964065,0.099537155389402,0.927564948589178,0.654099500965861,0.215681266976589
23.43,0.1,241.24947655116,0.0993034591628784,0.929305320600551,0.651512588208291,0.215020384637904
23.44,0.1,241.184582857546,0.100870035123915,0.926887841363034,0.650179842128977,0.213260704652518
23.45,0.1,241.116695369614,0.100440560141546,0.927658995434097,0.652837734663125,0.214190422510113
23.46,0.1,241.04773069509,0.101383760350076,0.924511110417239,0.652624500586489,0.214170652329449
23.47,0.1,240.979126374384,0.0991604573857723,0.93005300854147,0.649580274713534,0.216977123564447
23.48,0.1,240.908079458165,0.0999961820674674,0.927250464742692,0.649565362391048,0.216373026560177
23.49,0.1,240.834019710544,0.0984983572974309,0.923979437961132,0.653919885238778,0.213188247241953
23.5,0.1,240.760983229231,0.0997023093878024,0.926890272444611,0.64960068655439,0.216280276318474
23.51,0.1,240.6867038466,0.0982896321044219,0.92418857199885,0.651197441765871,0.214338089113571
23.52,0.1,240.608985212151,0.10033062262066,0.925730916283508,0.653127123049642,0.215222067717356
23.53,0.1,240.530094095925,0.101001379386198,0.923994322637786,0.649067978920851,0.217434249288733
23.54,0.1,240.45179906013,0.102628762654014,0.923829278478979,0.652732602784125,0.216763792243444
23.55,0.1,240.370649826215,0.101896382609387,0.923448718060492,0.650792478562056,0.213710931854904
23.56,0.1,240.285893308494,0.0978691312160917,0.923988753301422,0.650290318916309,0.216755320913318
23.57,0.1,240.202014855955,0.100525333891646,0.922997824293652,0.648446956205328,0.213269685465022
23.58,0.1,240.116487801742,0.0999619133963105,0.923134018121767,0.650719225064775,0.216919256017939
23.59,0.1,240.026868623955,0.0995117472745037,0.923954080241357,0.64977674398027,0.213549319508516
23.6,0.1,239.935937465948,0.0989928338564582,0.922470392138609,0.649723233257845,0.215275439761424
23.61,0.1,239.845845847557,0.0989966417438318,0.923298143242537,0.648453589133582,0.213198624795864
23.62,0.1,239.752496350364,0.0994788497963749,0.921178027687886,0.649929721208046,0.217100562029763
23.63,0.1,239.655066735121,0.100506045144015,0.922786406880087,0.649444229470313,0.216366483727606
23.64,0.1,239.559365818361,0.0994745973380393,0.923002615004179,0.649413253182555,0.215394984647323
23.65,0.1,239.462200849703,0.0994458584882385,0.920341331535875,0.648447029756443,0.215567356667464
23.66,0.1,239.360476352265,0.0990928357317274,0.920361973599389,0.651312401334731,0.214899029174345
23.67,0.1,239.257706626705,0.100902394384698,0.921321278662337,0.646221968705136,0.214217944260266
23.68,0.1,239.156629730608,0.100659655929598,0.92256659104078,0.648734412580008,0.215485041897445
23.69,0.1,239.052118337942,0.0988272249992511,0.921137422774951,0.645344436715569,0.215286395899631
23.7,0.1,238.94310524993,0.0980877885830456,0.922077361960373,0.648488790867192,0.218359804295008
23.71,0.1,238.836466009359,0.0996997743494762,0.919568194069502,0.646891526902016,0.21520870414609
23.72,0.1,238.728435787566,0.100347200912822,0.92089004284864,0.648806765236108,0.21517171569289
23.73,0.1,238.615367115885,0.100139098567026,0.920839835293061,0.648100227032671,0.216861395926795
23.74,0.1,238.500925286686,0.100158377983424,0.919577901403022,0.650759527612832,0.217505218320018
23.75,0.1,238.388027731958,0.101622973391135,0.918006165219505,0.650627908425408,0.21579626270646
23.76,0.1,238.271194270769,0.101145147443373,0.917703602190551,0.647078760003207,0.213764444870925
23.77,0.1,238.149269662292,0.103667389572433,0.921338993641925,0.650231032129013,0.213752664916494
23.78,0.1,238.029452272604,0.0995166822027152,0.918666149258354,0.64913704012315,0.217246845878189
23.79,0.1,237.907812308927,0.101364917566738,0.91921055186037,0.647548431806635,0.215153708814298
23.8,0.1,237.780540484022,0.100489088268704,0.917063731195462,0.647256948916018,0.214866323490501
23.81,0.1,237.65162537402,0.101411410987048,0.915148642757084,0.645412943600233,0.217065112279529
23.82,0.1,237.524234163893,0.100088711749687,0.917466193609651,0.646679923413074,0.214006472708993
23.83,0.1,237.392489879229,0.100641330534645,0.91825676285026,0.647673346230241,0.215153819293431
23.84,0.1,237.255195350975,0.0989445250221572,0.915240530335619,0.645575370258107,0.214906584206251
23.85,0.1,237.120356347101,0.100716968472613,0.918053020017932,0.646607832493022,0.215108246242738
23.86,0.1,236.983652178211,0.101678982634471,0.917364741071137,0.649436483776376,0.215229552038275
23.87,0.1,236.840885414218,0.101629205375971,0.916144859373051,0.643734640726426,0.214466514992035
23.88,0.1,236.696401657461,0.102038978941045,0.914915470215717,0.645540885591591,0.215187722465111
23.89,0.1,236.553671976074,0.100348999289508,0.914972904726799,0.643726030558834,0.217018593836173
23.9,0.1,236.406307380256,0.100089035615516,0.914850411672425,0.643517303734249,0.21402242103675
23.91,0.1,236.252975727567,0.101602619671375,0.912855124443625,0.64641273234531,0.216230101775018
23.92,0.1,236.102105419984,0.102774676659691,0.914229007449548,0.64667503284359,0.214542732887185
23.93,0.1,235.949159079476,0.099890774156341,0.912729487499076,0.646732440995542,0.21680211724891
23.94,0.1,235.789726193088,0.0999591253519169,0.911851166966405,0.644098380493282,0.213588023611985
23.95,0.1,235.628567943978,0.104748187321133,0.910760703235433,0.648721779959341,0.21570977849157
23.96,0.1,235.469479739507,0.100723019079325,0.913883889553575,0.645435675647422,0.21314439328253
23.97,0.1,235.305563095443,0.101805282656221,0.912623149331947,0.645034084562763,0.215859684072888
23.98,0.1,235.135445848036,0.101731668612105,0.911341004920649,0.645881775071527,0.214165616603419
23.99,0.1,234.96870635779,0.101558291367589,0.912625764376838,0.644552135754302,0.212308432508355
24,0.1,234.800256129926,0.0996930607419485,0.912854027856011,0.64770951248481,0.212639594627946
24.01,0.1,234.625133304185,0.101996880704875,0.910162574985686,0.64549431353684,0.214321730854791
24.02,0.1,234.448619152935,0.103682214073499,0.910248087693755,0.644750952000745,0.218604576961688
24.03,0.1,234.274951280859,0.101908014445569,0.910480996279421,0.647485365890292,0.215180645763747
24.04,0.1,234.096486683349,0.100685570811878,0.909155436660652,0.643745119434793,0.216887846617205
24.05,0.1,233.911691779567,0.101708891939301,0.908493808650403,0.646461892675139,0.215242288724763
24.06,0.1,233.731047571265,0.104154343810389,0.911151949460948,0.643598103392032,0.215118085098209
24.07,0.1,233.549014399376,0.104406120162348,0.91182782515703,0.644711602413736,0.215003398755244
24.08,0.1,233.36018105089,0.101471221732967,0.910441801379383,0.643379967012493,0.216897644592986
24.09,0.1,233.168446638666,0.103822465541471,0.907031084717747,0.646405299669666,0.216254370319292
24.1,0.1,232.977174291773,0.102754527209365,0.910779615997205,0.646031162298049,0.216394514406976
24.11,0.1,232.780091006186,0.102719263180656,0.909817530177993,0.642608855640338,0.217326715390965
24.12,0.1,232.574725769086,0.101996722266834,0.907186143668657,0.644755684973249,0.217530476228143
24.13,0.1,232.360355488765,0.102381426996216,0.91099371343707,0.643346564242951,0.214578132496282
24.14,0.1,232.136773179431,0.10191337861659,0.906658039526861,0.64614687005596,0.21397503337658
24.15,0.1,231.9039162594,0.103870228540298,0.90620526982535,0.643071145473773,0.215055984890891
24.16,0.1,231.661763880913,0.103107344817417,0.907851149660159,0.642514844186605,0.214818918465485
24.17,0.1,231.410309054333,0.102430877365241,0.905931842303259,0.641134349861566,0.214399730396847
24.18,0.1,231.149551111032,0.102279230024596,0.905037566629,0.643854746380897,0.214369648555878
24.19,0.1,230.879493673103,0.105931460534702,0.906319032807773,0.640803889240541,0.212483655767539
24.2,0.1,230.600144112263,0.104513226515056,0.904555308671658,0.644408428362057,0.213742794631339
24.21,0.1,230.311513410314,0.103707258742027,0.90511842374846,0.646548635240745,0.216394821011592
24.22,0.1,230.013616126638,0.105066841801121,0.905364553332578,0.641708869592628,0.215517829383587
24.23,0.1,229.706470392899,0.10203897648408,0.902820390520538,0.642481638632853,0.216790869569362
24.24,0.1,229.390097913301,0.102524342207084,0.902218822136639,0.645388755295462,0.215118071209213
24.25,0.1,229.06452396452,0.106335037662889,0.903759047085676,0.644750818472634,0.216112094345291
24.26,0.1,228.729777393716,0.107137492557316,0.900341914711474,0.644349842911253,0.212428032021776
24.27,0.1,228.385890614181,0.10368297508997,0.902499075026085,0.641461816496011,0.216143910893333
24.28,0.1,228.032899598514,0.104265711769049,0.903960827111405,0.644327703699334,0.215353573219049
24.29,0.1,227.670843869284,0.103075569293065,0.90272250648525,0.64123788700726,0.215639914919201
24.3,0.1,227.299766487187,0.104015517219095,0.901644539535411,0.643736116936021,0.216351381479596
24.31,0.1,226.919714036693,0.107961987971187,0.901008819785528,0.642761085937172,0.217435882587037
24.32,0.1,226.530736609201,0.106981762821476,0.89763911456544,0.644002099895724,0.216120386063474
24.33,0.1,226.132887783718,0.103509991068103,0.901430688053215,0.641341700820856,0.214578498806461
24.34,0.1,225.726224605061,0.10591686435617,0.900988472550867,0.644228391518357,0.214730785007649
24.35,0.1,225.310807559627,0.105845029771792,0.900216332125415,0.645045773906415,0.217732283108421
24.36,0.1,224.886700548738,0.106497435707553,0.896621267325056,0.642535696399615,0.214441330658136
24.37,0.1,224.453970859578,0.10443425344995,0.899395703872604,0.642873975865653,0.213863102138282
24.38,0.1,224.012689133774,0.107750132180732,0.898555723802678,0.642922984234473,0.214829046683547
24.39,0.1,223.56292933363,0.106249599934979,0.897309315457052,0.6429979675036,0.217863341581446
24.4,0.1,223.104768706052,0.11010046063247,0.898610019328127,0.642595862065131,0.214891980682302
24.41,0.1,222.638287744212,0.108066761099601,0.895072672095011,0.643245502936429,0.214677982979625
24.42,0.1,222.163570146966,0.109053546345961,0.897173568690701,0.643582213538326,0.214359799109838
24.43,0.1,221.68070277609,0.10901833014747,0.89659071795364,0.64262054438035,0.215050431770512
24.44,0.1,221.189775611365,0.110766579736194,0.8950193311602,0.642838401610041,0.215377764674459
24.45,0.1,220.690881703548,0.108248331370034,0.894826031626544,0.64286992019347,0.214077116065132
24.46,0.1,220.184117125306,0.108248658620987,0.895025337613844,0.644835987363636,0.216609986044857
24.47,0.1,219.669580920125,0.108350550272376,0.894003363843484,0.645482031197476,0.215657813404494
24.48,0.1,219.147375049276,0.109341392393079,0.893726957133127,0.645112051687718,0.216003047840025
24.49,0.1,218.617604336877,0.109824279315049,0.89668538958536,0.643042685943241,0.215711004236168
24.5,0.1,218.080376413114,0.111108140224828,0.891337332362093,0.646962491118071,0.21407027669618
24.51,0.1,217.535801655675,0.112970387990732,0.893512289461779,0.644101515905122,0.215899675716024
24.52,0.1,216.983993129455,0.111625014001669,0.895821355773244,0.644289150711914,0.219033174686009
24.53,0.1,216.425066524605,0.112217812870161,0.89345872671024,0.643354875817294,0.213346493802944
24.54,0.1,215.859140092973,0.111931918269755,0.893131038554351,0.642423933641319,0.215993204580659
24.55,0.1,215.286334583012,0.111877040831693,0.891298472098248,0.642081445260267,0.213739417595463
24.56,0.1,214.706773173222,0.114615082860256,0.893838554134183,0.644734258983007,0.215670206742172
24.57,0.1,214.120581404184,0.113715010696543,0.892327738331117,0.642804586328508,0.215635458128441
24.58,0.1,213.527887109269,0.112590108712585,0.891889517049327,0.645221379024819,0.216051484988503
24.59,0.1,212.928820344074,0.114942755069109,0.893053219493445,0.645001667231554,0.215542381747583
24.6,0.1,212.323513314681,0.114621877452187,0.890450362340168,0.644195615991552,0.214303933286049
24.61,0.1,211.712100304784,0.115269304763217,0.889881347490671,0.643140636663736,0.214853128559786
24.62,0.1,211.094717601776,0.114230867565821,0.888192127256233,0.643979636232169,0.214603018193871
24.63,0.1,210.471503421864,0.114408534186401,0.889055319233101,0.642744621750053,0.21586596470652
24.64,0.1,209.842597834285,0.1142046149729,0.890361662220336,0.645068081655072,0.215826622006001
24.65,0.1,209.208142684695,0.116601166563153,0.888927996194795,0.645312922205174,0.215737267005299
24.66,0.1,208.568281517819,0.119251967905593,0.887394450820016,0.644583920492604,0.216406762203182
24.67,0.1,207.92315949942,0.117368508885252,0.887982484268985,0.6435236134201,0.214444353818694
24.68,0.1,207.272923337675,0.116809217864032,0.885790242866231,0.643970526528734,0.219242840695237
24.69,0.1,206.617721204032,0.11730480081503,0.887132090601497,0.645386869188756,0.214347041148197
24.7,0.1,205.95770265362,0.115865989463124,0.886106330211944,0.644959860532319,0.217144458442158
24.71,0.1,205.29301854529,0.116450678833424,0.886648931868728,0.644333550458822,0.215975850045274
24.72,0.1,204.623820961364,0.118312535528502,0.886930870818159,0.645327059058528,0.213744805183553
24.73,0.1,203.950263127165,0.118799487893473,0.884972071929346,0.642979414942518,0.214623003042371
24.74,0.1,203.2724993304,0.122445400207436,0.883297056724244,0.646024994426272,0.216928058392027
24.75,0.1,202.590684840483,0.119300638684507,0.882717263451795,0.64434601571777,0.216338622112407
24.76,0.1,201.904975827847,0.120308164383767,0.882450756724597,0.648400951450197,0.214070245283008
24.77,0.1,201.215529283352,0.121918045376605,0.883824751288032,0.647197273721767,0.214682592477939
24.78,0.1,200.522502937823,0.120191932006634,0.882596315581442,0.64639437940413,0.215335780503485
24.79,0.1,199.826055181822,0.123222950620332,0.883148130453742,0.643623626971652,0.214649044931795
24.8,0.1,199.126344985702,0.123220029725435,0.883269551853765,0.646249634729341,0.217784435467903
24.81,0.1,198.423531820026,0.123417258854545,0.88302504952382,0.645656613398306,0.213657598968604
24.82,0.1,197.717775576406,0.123714300354443,0.88068070658093,0.645391296209821,0.21376528742131
24.83,0.1,197.009236488843,0.122987650605958,0.882395002561339,0.647540944230097,0.212997491634273
24.84,0.1,196.298075055621,0.126206353563552,0.883636328661672,0.647923588561787,0.216287441134995
24.85,0.1,195.584451961823,0.124494560033824,0.881051027615116,0.645165153157429,0.21564127857271
24.86,0.1,194.868528002533,0.126700347851107,0.881906792984632,0.646949782161636,0.215197684777482
24.87,0.1,194.150464006784,0.127404579056206,0.882363944868452,0.647556900762405,0.212472492358321
24.88,0.1,193.430420762313,0.126959686494735,0.880954843049125,0.647440585183987,0.214558560474617
24.89,0.1,192.708558941168,0.127259049298963,0.877150468448438,0.650233844729379,0.21363635268006
24.9,0.1,191.985039026246,0.126703179779951,0.87838210294287,0.647333705665899,0.212084240069366
24.91,0.1,191.260021238791,0.129784545441909,0.880017532122728,0.646457048672129,0.213713898168029
24.92,0.1,190.533665466924,0.130294899095726,0.879325139928046,0.647563215654711,0.212783048423691
24.93,0.1,189.806131195241,0.129280951388729,0.877793689028257,0.649241892400426,0.217005725849452
24.94,0.1,189.077577435532,0.12694785718508,0.875587380964709,0.647140156961609,0.213480695034201
24.95,0.1,188.348162658677,0.133094134700621,0.875979702264044,0.650050466768346,0.216033994955565
24.96,0.1,187.618044727742,0.13120771411691,0.876515767979371,0.645042017542759,0.21667451825614
24.97,0.1,186.887380832338,0.130417073181096,0.875060005883393,0.646926103708789,0.212291540211332
24.98,0.1,186.156327424268,0.129218323740164,0.876810156398853,0.649489996567643,0.21332483086882
24.99,0.1,185.425040154514,0.131150430234648,0.875961916266825,0.647006669001817,0.215305930185771
25,0,184.693673811585,0.134215925605801,0.875547381379305,0.646857419551684,0.216114440241983
25.01,0,183.962382261267,0.132268601611154,0.87425726751948,0.649902736423113,0.217311782066281
25.02,0,183.231318387815,0.134734393315005,0.873394819460759,0.650234627336723,0.214235798010937
25.03,0,182.500634036591,0.137597801822434,0.873357542049456,0.650871521224483,0.213807536487476
25.04,0,181.770479958215,0.133612171293922,0.873299670567652,0.649990350072483,0.215811234613891
25.05,0,181.041005754204,0.136868484912122,0.873755472340736,0.648664855442952,0.216851848895925
25.06,0,180.312359824174,0.137276086260238,0.87352044129286,0.649135104434755,0.215317454581006
25.07,0,179.58468931458,0.138672137175249,0.87239984740671,0.648798764574246,0.215601878067807
25.08,0,178.858140069046,0.137499932804973,0.871517135135304,0.648619528133624,0.214377436614779
25.09,0,178.132856580282,0.13853663144547,0.872910370390006,0.650080665662893,0.216082160453556
25.1,0,177.408981943612,0.138486995220351,0.869762259864176,0.648322477903197,0.21361183390446
25.11,0,176.686657812118,0.14031635244007,0.86961785584832,0.65120191386512,0.215160921620573
25.12,0,175.966024353412,0.141360090968933,0.870125339861069,0.649028380267587,0.216582760418224
25.13,0,175.247220208057,0.142652726678572,0.870729537949354,0.650002273311772,0.216647306604287
25.14,0,174.530382449615,0.138317141367637,0.868899693152796,0.649879034006613,0.216115685410296
25.15,0,173.815646546353,0.14014684696131,0.869136006884477,0.651507589293833,0.214491488760923
25.16,0,173.103146324599,0.140856133897697,0.867940800905899,0.650756969331571,0.214324143388418
25.17,0,172.39301393374,0.145483481167302,0.86944958779913,0.648229245800764,0.213600240470295
25.18,0,171.685379812872,0.143312710558617,0.866878851089269,0.65477247394205,0.213417177694155
25.19,0,170.980372659095,0.144974361956969,0.867366048446038,0.646449148083289,0.215036708045022
25.2,0,170.278119397442,0.145386951538456,0.867471540460977,0.651051024556635,0.217078634361048
25.21,0,169.578745152439,0.14575246701759,0.867420110950712,0.651143026526618,0.215505921465549
25.22,0,168.88237322129,0.146114520019907,0.870049407451519,0.651598236081627,0.214250899750796
25.23,0,168.18912504867,0.14624802703762,0.865706068136354,0.650958166138344,0.21201598697388
25.24,0,167.499120203114,0.146678246645775,0.865167290847911,0.651182496545689,0.21414731027327
25.25,0,166.812476354993,0.149106707793203,0.865624323095313,0.650952804917537,0.213748998898599
25.26,0,166.129309256057,0.150275590480524,0.862574997681475,0.649512052496131,0.216252235036492
25.27,0,165.44973272053,0.146533030299137,0.864810532540118,0.652053039466532,0.212871999872831
25.28,0,164.773858607739,0.147704947431188,0.865608748980157,0.652194463224417,0.214476392166699
25.29,0,164.101796806249,0.152211462884482,0.864539118200492,0.650331776920485,0.214967333279841
25.3,0,163.433655219499,0.150824125484346,0.86281113471602,0.652622839261714,0.216701605161719
25.31,0,162.769539752903,0.151626497907163,0.861827673233902,0.651400802144448,0.21482378379648
25.32,0,162.109554302393,0.152316248421011,0.862653918462421,0.652406941131954,0.213306009479485
25.33,0,161.453800744388,0.153765364864005,0.860023231970843,0.652360260034094,0.215317310967065
25.34,0,160.802378927157,0.150872197010274,0.862733964841998,0.654518029810489,0.216730367839222
25.35,0,160.155386663543,0.156426453711625,0.860176906806168,0.650758706536967,0.213513358498322
25.36,0,159.512919725039,0.156423354480703,0.860111497953771,0.652113145983637,0.213499323868399
25.37,0,158.875071837165,0.155458984456934,0.86089448836801,0.653579638584728,0.215639528692638
25.38,0,158.241934676129,0.154987257836145,0.860703633170765,0.651202921452709,0.214732549928532
25.39,0,157.613597866743,0.156771685930314,0.858273993149157,0.651915199356124,0.215616264214227
25.4,0,156.99014898155,0.155740485285371,0.859702865837662,0.651345585538015,0.215526006330133
25.41,0,156.371673541152,0.157982630917116,0.858960183507665,0.656058394379661,0.214861374774802
25.42,0,155.758255015683,0.157622253774273,0.859657816300431,0.650485555408133,0.214896426207218
25.43,0,155.149974827405,0.157090753888981,0.859182771841941,0.656162697741757,0.214052597918448
25.44,0,154.546912354401,0.158986138905102,0.857288031497926,0.652339392080958,0.216697077341702
25.45,0,153.949144935316,0.163054459714199,0.853629646336707,0.656485525528261,0.216570220645384
25.46,0,153.356747875121,0.160200875463689,0.85945257806854,0.655412431422254,0.213177751998297
25.47,0,152.769794451867,0.160649879994536,0.857053735412165,0.652443128583081,0.214752749648332
25.48,0,152.18835592438,0.160464473960576,0.855267585614642,0.653561582784463,0.216847164307161
25.49,0,151.612501540887,0.161551974794755,0.856665181884911,0.654430239096484,0.216063609259872
25.5,0,151.04229854851,0.162524325638748,0.856282271183645,0.652436664576495,0.214774512771271
25.51,0,150.477812203614,0.161269517070941,0.856269057403618,0.653608280345607,0.216285048834075
25.52,0,149.919105782964,0.159869726274265,0.854665445531051,0.652004257315272,0.214137764191307
25.53,0,149.366240595648,0.163562453682077,0.854692651787906,0.654256635161564,0.215482398475714
25.54,0,148.819275995757,0.164770100855159,0.856218972524028,0.654597328034535,0.216744055338924
25.55,0,148.278269395749,0.163708177374593,0.850632651268606,0.651019362553079,0.214332709554837
25.56,0,147.743276280498,0.166081869124381,0.852028853260254,0.654346161600252,0.211931071557173
25.57,0,147.21435022197,0.165371438197095,0.851737178740632,0.655221019111837,0.213740765772523
25.58,0,146.691542894493,0.168793614106842,0.849901334065486,0.654997837594581,0.21429827921764
25.59,0,146.174904090607,0.166713646759753,0.852913444288876,0.65599317036843,0.217059227501933
25.6,0,145.664481737423,0.163958757712523,0.855473553518836,0.653589486142495,0.213109389064363
25.61,0,145.160321913501,0.169506337375349,0.851380583174971,0.655159132635162,0.214688080523439
25.62,0,144.662468866171,0.169318676613833,0.850303038377942,0.655097229837466,0.21297476510738
25.63,0,144.170965029298,0.166464293546899,0.852815545487862,0.656679412080076,0.216612839233167
25.64,0,143.685851041437,0.168700374106147,0.849644687306478,0.655951179769265,0.214963767324208
25.65,0,143.207165764353,0.167809919293025,0.850328760761615,0.655045105345544,0.214555239020008
25.66,0,142.734946301879,0.167606201215124,0.848193261330406,0.655914270150249,0.210099109020579
25.67,0,142.269228019071,0.170539234071763,0.850249994171026,0.653766825233318,0.214315091252495
25.68,0,141.810044561636,0.171133557306078,0.848196632083449,0.65733857292556,0.215677112075005
25.69,0,141.357427875603,0.170025664070676,0.849920754522789,0.654362674718119,0.21507634481322
25.7,0,140.911408227206,0.172466792753859,0.847256736009472,0.656572468304055,0.216437754502752
25.71,0,140.472014222949,0.174105464323359,0.845999236543187,0.655776566691469,0.213214154106652
25.72,0,140.039272829828,0.169173908652179,0.850892335496008,0.655824550046755,0.215894876879454
25.73,0,139.613209395678,0.174117808532787,0.848217489028553,0.658325057027621,0.214112114510749
25.74,0,139.193847669631,0.172239319743761,0.848085293787608,0.655474591349877,0.218791615331228
25.75,0,138.781209822632,0.172799643575485,0.847372225234377,0.656025430137422,0.214753006655433
25.76,0,138.375316468029,0.174976387299925,0.844150940281658,0.657829113573596,0.215278286374858
25.77,0,137.976186682165,0.174027173278936,0.845221440431598,0.654828716982761,0.215814250433792
25.78,0,137.583838024993,0.172376568066441,0.84454665945754,0.656968517988945,0.212721671040051
25.79,0,137.198286560656,0.176323291762549,0.844667442755947,0.658321127324586,0.21562148447382
25.8,0,136.819546878035,0.172643380091458,0.842475385880499,0.655036189721555,0.215428452543726
25.81,0,136.447632111227,0.17594935348826,0.843881579654124,0.654224594393648,0.216982304408079
25.82,0,136.08255395994,0.17813027665283,0.845070871330782,0.657261912473472,0.213345721094009
25.83,0,135.72432270979,0.176620968387595,0.843853818164603,0.657487588028794,0.214434423221757
25.84,0,135.372947252471,0.176476985957279,0.844495237505553,0.655594730103766,0.215588915161814
25.85,0,135.028435105783,0.176748534679586,0.842505760948044,0.657781175355978,0.214495953059165
25.86,0,134.690792433513,0.175941505771224,0.84453718294389,0.655163797109677,0.215042387146354
25.87,0,134.360024065132,0.179875571692329,0.841805335005745,0.656809978377444,0.21222740975289
25.88,0,134.03613351531,0.178341946714128,0.843851291435855,0.653632615351036,0.215470892216216
25.89,0,133.719123003228,0.177255708300376,0.845510415803592,0.656956401098495,0.215961610713029
25.9,0,133.408993471671,0.176121993153294,0.842769310976172,0.657613213236857,0.216051545033047
25.91,0,133.105744605899,0.178326132100345,0.841837867445075,0.657713623544768,0.216351474901545
25.92,0,132.809374852265,0.178327746513114,0.842508697693869,0.656008131748081,0.213561873627254
25.93,0,132.519881436597,0.180849234203807,0.840660266397562,0.655507214623561,0.214742003355485
25.94,0,132.237260382307,0.181152434030388,0.840308990414299,0.657186821219208,0.214110594576208
25.95,0,131.961506528232,0.178769434910232,0.840832159870996,0.658757571143436,0.215200612600945
25.96,0,131.692613546199,0.181573289427639,0.842157533894335,0.65677382204004,0.215247585536434
25.97,0,131.430573958299,0.181200393282084,0.837436530432425,0.655357754336416,0.215911169356927
25.98,0,131.175379153873,0.177852525035772,0.83990751050771,0.65607866368827,0.21764825197976
25.99,0,130.927019406188,0.178939579932815,0.837867735071595,0.655553365810856,0.214978985509191
26,0,130.685483888825,0.182222661339356,0.838768861631106,0.656907583764078,0.21475302843134
26.01,0,130.450760691742,0.17900723262854,0.837951991718401,0.658443238092828,0.209528563384858
26.02,0,130.222836837037,0.182662526095713,0.837155497921424,0.656576664646149,0.214299733146212
26.03,0,130.00169829439,0.182038784398275,0.836120509875643,0.660380513219014,0.21573973206184
26.04,0,129.78732999619,0.17830102683863,0.838653922353042,0.655169443568256,0.215301706680802
26.05,0,129.579715852348,0.180564153931398,0.835534582391899,0.655598540372802,0.214627451962804
26.06,0,129.378838764787,0.18077221509901,0.833831389018213,0.657802758256741,0.217209232398976
26.07,0,129.184680641616,0.182583095374093,0.835657848016525,0.657511059877105,0.214502189588747
26.08,0,128.997222410996,0.180113041155826,0.83609911471607,0.655916821901473,0.213471566338098
26.09,0,128.816444034677,0.181190966558763,0.834094666938125,0.656680747027523,0.216237445742548
26.1,0,128.64232452124,0.183875213096597,0.833976464066656,0.655185070165782,0.214425135432927
26.11,0,128.474841939019,0.183869678130951,0.833824237647915,0.655916462350915,0.211179567922233
26.12,0,128.313973428725,0.185882086805755,0.834424485899405,0.657361213593876,0.215711993471118
26.13,0,128.15969521577,0.179927043312216,0.834412402601554,0.657738680254832,0.215337523940112
26.14,0,128.011982622299,0.182947081696027,0.833335328442641,0.65676825675898,0.212643846276151
26.15,0,127.870810078929,0.180571710738668,0.83368090639047,0.653782278094547,0.214432790384316
26.16,0,127.736151136214,0.183399128043294,0.834666805826065,0.653688824590692,0.213922393596034
26.17,0,127.607978475835,0.182054865951796,0.832063626762034,0.65487157693692,0.214487470943292
26.18,0,127.486263921519,0.183002759894959,0.831020854213665,0.656411282361582,0.215925409216633
26.19,0,127.37097844971,0.18421426704922,0.8344909669403,0.655782309017803,0.217758070132106
26.2,0,127.262092199981,0.183240092422056,0.829604487463015,0.654673691731481,0.212353742575787
26.21,0,127.159574485223,0.183675388829943,0.833308888859844,0.653926562815602,0.213404164848532
26.22,0,127.063393801588,0.182539005228212,0.832267401225658,0.655914791735156,0.214094688817352
26.23,0,126.973517838228,0.186193754757792,0.831774755794824,0.654462969869448,0.216909351977528
26.24,0,126.889913486822,0.183680764444715,0.832945169054811,0.656710600141761,0.213785048900243
26.25,0,126.812546850906,0.182458448251634,0.831504046129541,0.657805271937692,0.21565135265801
26.26,0,126.741016584301,0.185219914687123,0.829289898959485,0.655183911402779,0.215147619561134
26.27,0,126.671657839882,0.181854655543354,0.832733682907622,0.654974175872701,0.213959864487746
26.28,0,126.603616560647,0.184348120013276,0.830448027025491,0.654493723346453,0.215515775005513
26.29,0,126.536886460631,0.181561814164789,0.828714099802221,0.654441270157058,0.216284972537784
26.3,0,126.471460892338,0.181187172965659,0.831051310952951,0.654034478329038,0.214910296887858
26.31,0,126.407332851357,0.184719232459714,0.827255180318655,0.653565502238421,0.215713385246789
26.32,0,126.344494981169,0.184197196153032,0.828996584828822,0.652221440691236,0.216046591624593
26.33,0,126.282939578116,0.182028692490772,0.828342778914266,0.654682704676058,0.214942262374015
26.34,0,126.222658596558,0.184283842703171,0.827700152608396,0.655495375242558,0.215004087514044
26.35,0,126.163643654181,0.181711797395882,0.826320615062309,0.651719714629435,0.213430826002503
26.36,0,126.105886037483,0.181868589585634,0.829333610540592,0.654162481137111,0.214673332860577
26.37,0,126.049376707412,0.185069941460951,0.826512037324584,0.652559907039224,0.218498653790439
26.38,0,125.994106305167,0.182347927679121,0.828393101975989,0.654184230083694,0.212436431206177
26.39,0,125.94006515815,0.183000482578488,0.828790417875871,0.653356756058992,0.212544354789697
26.4,0,125.887243286068,0.18358005526307,0.82675991109416,0.653011885023542,0.216429971766398
26.41,0,125.835630407181,0.183366973417175,0.827175990308499,0.656375309015945,0.214626222248404
26.42,0,125.785215944691,0.182807646660284,0.825470332504567,0.653059992672109,0.217348879922296
26.43,0,125.735989033267,0.182485303015518,0.823881872612236,0.650755709727327,0.21514495804766
26.44,0,125.687938525707,0.184228985576229,0.823374813794566,0.654052617286633,0.217738167806849
26.45,0,125.641052999721,0.185500614482071,0.824838417504546,0.656806311796271,0.218778752231547
26.46,0,125.59532076485,0.185563960771664,0.824353957592253,0.65363442972968,0.216403008310583
26.47,0,125.550729869492,0.183122714663461,0.826229351906418,0.653810693380238,0.214901518909019
26.48,0,125.507268108049,0.183822450914348,0.824059758579894,0.65163469894951,0.217363223299768
26.49,0,125.464923028191,0.183846013856446,0.823774915543339,0.65050901027732,0.215847310499817
26.5,0,125.423681938209,0.182918664271921,0.825036227939001,0.652792356118299,0.216563963067667
26.51,0,125.383531914491,0.18282334462056,0.825490503856335,0.652766285002235,0.212777176913473
26.52,0,125.344459809072,0.184008953445666,0.825112972531607,0.652831571327683,0.214254582968396
26.53,0,125.306452257297,0.183505580098183,0.82415800294732,0.653865886013482,0.217433884604742
26.54,0,125.269495685553,0.184083089615612,0.823063200188037,0.652659857893765,0.214725560211424
26.55,0,125.233576319094,0.184868910062843,0.824323216987527,0.6518627880276,0.21543635527623
26.56,0,125.344108449757,0.18312105884865,0.821938519230482,0.652746247235925,0.219526671197933
26.57,0,125.674744162266,0.182058507311262,0.822964546636106,0.654131208710217,0.215662196073075
26.58,0,125.868077089598,0.181641674880398,0.823552903378002,0.652083578098983,0.215387803339274
26.59,0,126.00671207722,0.181314889221138,0.821103334138224,0.652368790523984,0.21552109628173
26.6,0,126.129800431751,0.179436835539502,0.822025206605231,0.650580182699558,0.214955746330897
26.61,0,126.25076657006,0.181163250983516,0.822777890607608,0.649182061858016,0.212914828478947
26.62,0,126.374008581708,0.179198623453413,0.823268182415242,0.650674521246655,0.215513955181138
26.63,0,126.500933191252,0.180242621765019,0.819959708436143,0.650532062245291,0.215540027929579
26.64,0,126.631963787884,0.180255360648329,0.81916823046676,0.648783915214199,0.215684299689332
26.65,0,126.767200665471,0.179701233316677,0.820231257543615,0.654177889597735,0.213576940184912
26.66,0,126.90663777442,0.178027403290952,0.820188498172056,0.650519981149735,0.213601412756238
26.67,0,127.050233889588,0.177927064651787,0.820721052209965,0.648134012320778,0.215356130536183
26.68,0,127.197935991371,0.18018612148721,0.821001812938293,0.649189415093776,0.214171121092746
26.69,0,127.349686956874,0.179933166171712,0.822089743192174,0.651776761212792,0.216405028886443
26.7,0,127.505428098018,0.179713503305456,0.819280724217415,0.649088315792888,0.215410859996743
26.71,0,127.665100006824,0.179315338666464,0.822304282520336,0.650813239328681,0.212403854997117
26.72,0,127.828642844609,0.177821844358194,0.820426636045099,0.648730019945989,0.21448954317144
26.73,0,127.995996448656,0.177776497058118,0.821188507092884,0.648414912308659,0.215287085712651
26.74,0,128.167100379166,0.178135352271146,0.821370087382524,0.64886791253858,0.217094978988137
26.75,0,128.341893946878,0.174604402275013,0.819761449619396,0.654274724996094,0.21663709293363
26.76,0,128.520316234641,0.179250813906571,0.818899484146475,0.64855084310374,0.214702113086685
26.77,0,128.70230611733,0.175081995695422,0.817233464071439,0.647836265140798,0.215629279025537
26.78,0,128.887802281529,0.177078461334946,0.816968430494582,0.649517462840177,0.213960358328056
26.79,0,129.076743245472,0.178382237802065,0.818544433279937,0.650173873725385,0.215456421116887
26.8,0,129.269067379389,0.177690958351564,0.816569206246101,0.649699397422971,0.218875166333332
26.81,0,129.464712926315,0.175558955435091,0.818314702112561,0.648698750727068,0.215342349833102
26.82,0,129.663618023385,0.176077692651202,0.819125332022596,0.647571322036924,0.21632832113657
26.83,0,129.8657207236,0.17260908148349,0.816644428702998,0.64635142918729,0.214415652564013
26.84,0,130.07095901809,0.172707461831576,0.816073367045579,0.649573556730534,0.214967571821412
26.85,0,130.279270858852,0.175010384785483,0.819949110921316,0.648765961592532,0.215110444833877
26.86,0,130.490594181974,0.175611694360306,0.818424346684569,0.648234174621674,0.215794130495612
26.87,0,130.704866931328,0.172543284932313,0.817513123132417,0.64816234384266,0.213556568105677
26.88,0,130.922027082741,0.171982602616596,0.818979558275701,0.645559621402641,0.214678090663742
26.89,0,131.14201266863,0.175704046784739,0.815975241671005,0.647432456082113,0.214992770864124
26.9,0,131.364761803095,0.17161896738065,0.818663151249138,0.647230716729618,0.213574316649145
26.91,0,131.590212707469,0.174205948757421,0.813999051165283,0.649008356944344,0.215959634953566
26.92,0,131.818303736305,0.170406482958101,0.819512717755494,0.6456894894187,0.216617466793904
26.93,0,132.04897340381,0.172008062011264,0.816759650060721,0.647939732007265,0.218556980017697
26.94,0,132.282160410697,0.174181073610501,0.816171819693165,0.644968241335821,0.217751342578706
26.95,0,132.517803671456,0.168812384085674,0.817094918677209,0.647333175916298,0.214784665816163
26.96,0,132.755842342028,0.167972059753304,0.816552005742588,0.64777266100499,0.213567026106896
26.97,0,132.996215847879,0.169963193654063,0.81366966377558,0.643784294212254,0.21695953161028
26.98,0,133.238863912446,0.170948060458596,0.816123464785091,0.646780524018301,0.216821417991155
26.99,0,133.483726585955,0.171684641148547,0.817601552524059,0.64264766598567,0.21117349437806
27,0,133.730744274589,0.16766484121838,0.816587642122519,0.645024731615083,0.21549143226741
27.01,0,133.979857769997,0.168705746204739,0.815261925534528,0.647601930861567,0.214991508855733
27.02,0,134.231008279126,0.16660602046715,0.819066551177971,0.646625073385768,0.213919763748772
27.03,0,134.484137454349,0.1695989792363,0.811880800187986,0.647533924045706,0.214462103435187
27.04,0,134.7391874239,0.166187292791156,0.814150517178186,0.644395327554537,0.216639271616866
27.05,0,134.996100822562,0.169334231765436,0.814532850450817,0.646691193638444,0.21366531268902
27.06,0,135.254820822616,0.168023593175103,0.81421589270954,0.644916643247081,0.213696145362615
27.07,0,135.515291165029,0.166255321400776,0.814572910862212,0.647796759759977,0.216721255117805
27.08,0,135.777456190845,0.164631929796673,0.813247441006567,0.645256216414887,0.215144153140238
27.09,0,136.041260872778,0.165062116787871,0.816671576171563,0.646788836572485,0.215586754410396
27.1,0,136.306650846978,0.164795204310077,0.814234328571062,0.644414059049621,0.216251536293397
27.11,0,136.573572444944,0.164827926626021,0.812049694083625,0.645467238706855,0.216425440945628
27.12,0,136.841972725576,0.16292688042015,0.815698031129657,0.644150492360449,0.214407256864721
27.13,0,137.111799507328,0.165662980154674,0.814767254164064,0.646901527701853,0.215698145153281
27.14,0,137.383001400449,0.164190761259138,0.81487026323776,0.64291939243873,0.217228158903081
27.15,0,137.655527839293,0.162919816871706,0.814447161252404,0.642901185721928,0.214101029047508
27.16,0,137.929329114654,0.160536117810459,0.815439918063494,0.644378840304636,0.213538382283778
27.17,0,138.204356406137,0.163676892058513,0.813332060345747,0.645806231864181,0.214611312178125
27.18,0,138.480561814503,0.15934690661611,0.814796484735045,0.643959710739931,0.215548688236754
27.19,0,138.75789839399,0.161440657536218,0.812284689166531,0.644620082795884,0.215880225749628
27.2,0,139.03632018458,0.159760258260181,0.815481663761016,0.644075546624083,0.212073549906168
27.21,0,139.315782244176,0.159158954081029,0.81326391118586,0.643697388517404,0.211604729824825
27.22,0,139.596240680682,0.157795235356148,0.813267714723739,0.645318542167309,0.214882751980147
27.23,0,139.877652683944,0.160693046068797,0.812359932797116,0.645818042471842,0.214061043187929
27.24,0,140.159976557542,0.159904327823216,0.815275522180697,0.643416968051801,0.214506430041692
27.25,0,140.443171750395,0.15912980259599,0.811752669184256,0.644418060129117,0.213288231880484
27.26,0,140.727198888164,0.160247212791414,0.813916834368703,0.643505175986904,0.217375591172368
27.27,0,141.012019804422,0.157330847543274,0.814839306266833,0.644743287140035,0.213821305968818
27.28,0,141.297597571569,0.15693990176379,0.812182072044409,0.641890067452201,0.212955495659271
27.29,0,141.583896531465,0.156957834318983,0.812668693086513,0.644968407469287,0.214301527043221
27.3,0,141.870882325756,0.157762432475463,0.810408250128954,0.643454679414117,0.217097239166602
27.31,0,142.158521925879,0.15766586149823,0.813285776527957,0.642848724919745,0.217711454519639
27.32,0,142.446783662698,0.15748662668945,0.813662721007988,0.644352064142473,0.21491726583424
27.33,0,142.73563725578,0.156881840429145,0.816152655435375,0.642148569421063,0.213916304035576
27.34,0,143.02505384225,0.154666097062461,0.812143417544282,0.644355498624775,0.216309258276175
27.35,0,143.315006005241,0.154760535738232,0.810649229824209,0.642913442674183,0.216066242640337
27.36,0,143.605467801878,0.156460761683526,0.811641956491891,0.642122015429023,0.213422635161102
27.37,0,143.896414790808,0.153458106429464,0.812617274779565,0.645291757923587,0.216317133126978
27.38,0,144.187824059226,0.151709424657142,0.812369743170434,0.641926089138311,0.213950652478867
27.39,0,144.479674249396,0.153196853885674,0.813136888251305,0.645345515689222,0.213523255412404
27.4,0,144.771945584628,0.151376236334098,0.812936381641562,0.640238320653581,0.215638549428488
27.41,0,145.064619894714,0.154232596925115,0.811945224602473,0.642804225974616,0.214496411192443
27.42,0,145.357680640776,0.153006310039045,0.81267957767089,0.644852499190325,0.214137921623292
27.43,0,145.651112939527,0.152332523519319,0.814537354611839,0.643072417198756,0.214986505981732
27.44,0,145.944903586921,0.14995560168345,0.809221742041832,0.64374265144944,0.215103192382979
27.45,0,146.239041081172,0.152669997102531,0.81362075442983,0.641409344084779,0.216261392685973
27.46,0,146.533515645119,0.149284900020106,0.812281141698895,0.643662032339581,0.217221190395461
27.47,0,146.828319247945,0.149915504863788,0.813883160869093,0.642769768335635,0.217655626470712
27.48,0,147.123445626196,0.148562659787522,0.810590534529484,0.643826030503777,0.214309710141289
27.49,0,147.418890304125,0.149783402351013,0.813149993985174,0.642108310876304,0.215102041998173
27.5,0,147.714650613319,0.148578863325669,0.813329812733529,0.64576975184431,0.214068577424587
27.51,0,148.010725711605,0.148248831709807,0.812655285070808,0.6425715390218,0.217285474351081
27.52,0,148.307116601234,0.146487788162831,0.812018145777371,0.642418398554842,0.216405652815084
27.53,0,148.603826146307,0.148065371459104,0.812061919249805,0.646925666683187,0.215186647381815
27.54,0,148.900859089458,0.146971389389018,0.814226296310657,0.643212018200204,0.212444334868746
27.55,0,149.198222067771,0.146734353980284,0.814161698658693,0.640202464836866,0.213328104963476
27.56,0,149.49592362792,0.147764256734238,0.81117346001648,0.642629594676317,0.216626129327255
27.57,0,149.793974240538,0.146873716003092,0.810433999774785,0.643762209538105,0.216167860955483
27.58,0,150.092386313796,0.144878764793188,0.813676638686039,0.643069263196423,0.21537901444076
27.59,0,150.391174206183,0.143009896441064,0.81317959242644,0.642757348683757,0.216199765361186
27.6,0,150.690354238506,0.145303171901059,0.814423818025574,0.643755773604159,0.21659125247594
27.61,0,150.989944705074,0.146558444381518,0.813841562088024,0.642391838982532,0.21701747097252
27.62,0,151.289965884089,0.142516529736563,0.812214753602132,0.642801259720881,0.213969146358624
27.63,0,151.590440047229,0.145622781327289,0.81210074560615,0.645344413216955,0.215099328921201
27.64,0,151.891391468426,0.144405572363421,0.816843136790159,0.643458125494355,0.212473878581578
27.65,0,152.192846431839,0.144408453944146,0.815946110167388,0.645246775531028,0.21454559009646
27.66,0,152.494833239022,0.142361017825162,0.813123493312876,0.64287370361786,0.213169815953985
27.67,0,152.797382215295,0.142610377453663,0.81136274501639,0.645198278469223,0.214008744382402
27.68,0,153.100525715312,0.142971587663315,0.813495805375225,0.644775976627177,0.215119085296016
27.69,0,153.404298127833,0.141326189143293,0.81415886431983,0.645248141954118,0.214955555718588
27.7,0,153.70873587971,0.140129447898484,0.812816190696494,0.643480782382062,0.212708317577924
27.71,0,154.013877439092,0.141845107110454,0.814023933816876,0.644270793947653,0.214127465309031
27.72,0,154.319763317845,0.139200939318892,0.814139071739213,0.644730871042323,0.215154016969158
27.73,0,154.626436073209,0.137624287297664,0.81269619908331,0.646317024642822,0.215317825890514
27.74,0,154.933940308694,0.139986962439601,0.814009496242945,0.644653322682701,0.215300417871713
27.75,0,155.242322674222,0.13811977909301,0.814957390295971,0.64322974495493,0.215978229937462
27.76,0,155.55163186553,0.138604927246236,0.813568998502376,0.643098335153328,0.218650809096303
27.77,0,155.861918622842,0.137643119213673,0.811440378170312,0.643126199397956,0.213800540875618
27.78,0,156.173235728828,0.138547867933958,0.814608651433932,0.646138621734582,0.213394691161576
27.79,0,156.485638005846,0.140474997591316,0.813337610994771,0.64486151822866,0.212185725202179
27.8,0,156.799182312507,0.136811026813486,0.813098056760168,0.646081576156163,0.215325343544308
27.81,0,157.113927539548,0.136991273742205,0.812461275674667,0.646372662681578,0.21401236545901
27.82,0,157.429934605047,0.137703128575292,0.811520376111227,0.645811984796335,0.216113839969025
27.83,0,157.747266448996,0.134334398126008,0.81441845930928,0.64488982660203,0.213554366618451
27.84,0,158.065988027229,0.133658043765109,0.815082804524249,0.644029892973046,0.213907609001937
27.85,0,158.386166304745,0.134198196602957,0.814220556190315,0.645232863661845,0.216176362318457
27.86,0,158.707870248425,0.135530857647616,0.816036458845649,0.645147075819816,0.21531170506815
27.87,0,159.031170819172,0.135436431784255,0.814025531860923,0.642477233948405,0.214340309355973
27.88,0,159.356140963486,0.132353277017121,0.815165239683811,0.645372516602786,0.213127277497023
27.89,0,159.682855604492,0.133682188115119,0.815026034300405,0.645918751543536,0.21558296281027
27.9,0,160.011391632445,0.134084323836689,0.814494661573789,0.646022482057494,0.213897164292792
27.91,0,160.341827894726,0.134877879278135,0.816762965595151,0.644450270791142,0.216321263876955
27.92,0,160.67424518535,0.129460881305841,0.814964420895086,0.645004801201171,0.215445704222045
27.93,0,161.008726234006,0.131300571223688,0.814094042809498,0.645704404835076,0.213733878632991
27.94,0,161.345355694649,0.131735183379876,0.814715736760237,0.645564891929218,0.214793644107452
27.95,0,161.684220133665,0.128013943907968,0.816046870315381,0.64608855368472,0.215126818294864
27.96,0,162.025408017626,0.130264802536604,0.818058000546133,0.647385488423812,0.213533149357067
27.97,0,162.36900970066,0.130193723749153,0.817899420388411,0.646026262440031,0.214227969918813
27.98,0,162.71511741145,0.128462998053146,0.81492002129842,0.64467425756828,0.215660898238239
27.99,0,163.063825239892,0.128777411853308,0.814158362300975,0.646149987080535,0.214096435475475
28,0,163.415229123423,0.129729433911058,0.815578443894734,0.647076474985633,0.214228851567893
28.01,0,163.769426833044,0.129130003173904,0.814076299161637,0.646464587861356,0.212754254366802
28.02,0,164.126517959056,0.12768395467381,0.815261009698385,0.647915000005908,0.216225325222685
28.03,0,164.486603896539,0.127052954643711,0.816365147809418,0.649158968921254,0.215130332758283
28.04,0,164.84978783057,0.127399372361101,0.815770631517586,0.644723829260933,0.214769598017937
28.05,0,165.216174721233,0.124215391918777,0.816886468653038,0.647732015452189,0.214658747847361
28.06,0,165.585871288414,0.124510913934149,0.81701244136984,0.648453980271705,0.214270674499324
28.07,0,165.958985996405,0.123559344316634,0.816691952983735,0.646653252583225,0.21421037115873
28.08,0,166.335629038352,0.123123872188728,0.819014985907938,0.649817135627649,0.215595794547033
28.09,0,166.715912320544,0.124440749684573,0.817432339313584,0.645508504418726,0.213390931954289
28.1,0,167.099949446577,0.12572459467089,0.816459769124632,0.648035794009291,0.213653075272454
28.11,0,167.4878557014,0.121933011559051,0.81762356114161,0.646195207708508,0.21492674846507
28.12,0,167.879748035267,0.124525257912137,0.818009133087529,0.648299007671718,0.214351953711726
28.13,0,168.275745047613,0.123013027159439,0.817916927575834,0.645271828756393,0.215762999417197
28.14,0,168.675966970859,0.119976381963503,0.817213683521169,0.647713461384011,0.215956618599547
28.15,0,169.080535654179,0.124032923803243,0.81628619451511,0.651371305174587,0.215795049245495
28.16,0,169.489574547225,0.122224241952766,0.818263797841294,0.645579905943552,0.212868621905103
28.17,0,169.903208683842,0.123124209204901,0.816100485795586,0.651444861757682,0.212847061140429
28.18,0,170.321564665775,0.121291824970445,0.818229153298141,0.650787955866977,0.215114762939123
28.19,0,170.744770646381,0.122584815905273,0.818830515505089,0.647480671267913,0.214408695049698
28.2,0,171.172956314369,0.118274433811559,0.820386535107927,0.649644503316151,0.215228496847782
28.21,0,171.60625287757,0.117035994180173,0.818365449369831,0.651202956898109,0.214713687555295
28.22,0,172.044793046745,0.118752138560355,0.816470391368156,0.647886637029277,0.212393291283558
28.23,0,172.488711019458,0.119310556604881,0.818520355420631,0.648997414031834,0.215548351690356
28.24,0,172.938142463995,0.114978149231584,0.816873533730125,0.648419156197882,0.218265072528915
28.25,0,173.393224503373,0.118160871700725,0.818763188426393,0.649635539177274,0.211864174830173
28.26,0,173.854095699409,0.115376449126588,0.817523541769497,0.648607020175759,0.214095711359565
28.27,0,174.320896036891,0.116996465729939,0.818100013022444,0.650830900679123,0.21566348615796
28.28,0,174.793766907822,0.114210274256875,0.821692358764526,0.648328717941402,0.213694015671934
28.29,0,175.272851095777,0.11425922269087,0.818842803185554,0.650152680772553,0.214056856223086
28.3,0,175.758292760346,0.1114934554002,0.819013849848539,0.653458435707863,0.213565630801634
28.31,0,176.250237421689,0.114209784526915,0.818055983487883,0.647913286930452,0.217177384117138
28.32,0,176.748831945187,0.114122009173964,0.821212069528767,0.648908026558717,0.212793200765461
28.33,0,177.254224526203,0.113134555024642,0.819472290840732,0.651005413369007,0.214641594146986
28.34,0,177.766564674954,0.109631883870754,0.821609897760413,0.653406570340989,0.214698063745938
28.35,0,178.286003201474,0.111967788293279,0.819773968121021,0.651733108420496,0.212714462968014
28.36,0,178.812692200693,0.113484667453233,0.821383088930632,0.650745147150014,0.214324340650873
28.37,0,179.346785037608,0.110666707572077,0.820143566760062,0.65005527169388,0.218323885425743
28.38,0,179.888436332554,0.109893657224501,0.820812466442888,0.650357162526549,0.214157317876275
28.39,0,180.437801946566,0.108946953913952,0.823710859846159,0.651338868251466,0.21457570377144
28.4,0,180.995038966824,0.109329452659883,0.823835063885129,0.652655341876883,0.214912030876035
28.41,0,181.560305692177,0.108325837171673,0.825160919394258,0.650600575489261,0.213443090045542
28.42,0,182.133761618741,0.109066825111658,0.822950396010734,0.652476486553472,0.217308820438988
28.43,0,182.715567425556,0.106385271305113,0.821979433398606,0.654901026837066,0.213184986444036
28.44,0,183.305884960294,0.104330748542881,0.82305094550217,0.651053422526454,0.213849945981717
28.45,0,183.904877225013,0.107778131459578,0.823756035240974,0.653058966222677,0.21522578976316
28.46,0,184.512708361934,0.106331584655423,0.821462127566513,0.653487516924766,0.214409220475081
28.47,0,185.129543639239,0.106820905892187,0.823866750888642,0.656171527395124,0.214403313882808
28.48,0,185.755549436872,0.104441475338214,0.822435487887212,0.653285938682267,0.214672327285914
28.49,0,186.390893232325,0.102125900246022,0.823149308353658,0.654791217657765,0.216094810374249
28.5,0,187.035743586401,0.104916897507241,0.823883138052826,0.653045413810524,0.216873501153832
28.51,0,187.690270128928,0.103624517276443,0.823213652532798,0.652528476985608,0.2157800620855
28.52,0,188.354643544415,0.100794342680019,0.825480106912011,0.651983881070744,0.213743800937433
28.53,0,189.029035557628,0.101506633823947,0.823901833014477,0.650495122184538,0.215977525138223
28.54,0,189.713618919064,0.0989319340691909,0.82495867151922,0.652263245272807,0.211996933183559
28.55,0,190.40856739031,0.0991109627009342,0.829342192708865,0.650060172171324,0.213884170844395
28.56,0,191.114055729257,0.0991827532627346,0.827043384336377,0.654433049598141,0.215434720641753
28.57,0,191.830259675154,0.0995294389444179,0.825757195540207,0.653880469959878,0.215714587291869
28.58,0,192.557355933478,0.0983752352426777,0.82389757917329,0.652030258093905,0.211410692077706
28.59,0,193.295522160595,0.0946807996328903,0.826857132569714,0.65439339572249,0.213798281738626
28.6,0,194.044936948185,0.096576662971534,0.825162557231322,0.651797971704405,0.214846530387265
28.61,0,194.805779807414,0.0925202258392502,0.827470774483833,0.651039670381245,0.212647437279451
28.62,0,195.578231152821,0.0947012145880982,0.827727466895687,0.653471746661797,0.216686941692582
28.63,0,196.362472285895,0.096760410401122,0.825824683738022,0.656045153241615,0.215456740753419
28.64,0,197.158685378313,0.094568055870175,0.828548332515846,0.652413507297643,0.214067446841737
28.65,0,197.967053454817,0.0919528119985716,0.828076804092464,0.654964343520957,0.213993256310577
28.66,0,198.787760375697,0.0910486821507187,0.829443458098019,0.652437854775457,0.211688010527458
28.67,0,199.620990818849,0.0927876676562627,0.826663065688163,0.656311493989362,0.215676958602758
28.68,0,200.466930261383,0.0912492577885395,0.829866907063765,0.655786052052789,0.213897544994238
28.69,0,201.325764960753,0.0892791815363128,0.827389296201881,0.656755646269771,0.213833939259598
28.7,0,202.197681935371,0.0896042986817109,0.830037103452753,0.65439265371555,0.21437820428027
28.71,0,203.082868944674,0.0869008647702601,0.828832204332596,0.652475054897254,0.215303609719242
28.72,0,203.981514468628,0.0851876516064601,0.83060980003457,0.65277490005877,0.215708525012548
28.73,0,204.893807686613,0.0869995749039384,0.830307161600765,0.656351549929004,0.216183707753953
28.74,0,205.819938455678,0.0880690109509742,0.831028274396947,0.652448765013991,0.216732635756104
28.75,0,206.760097288119,0.0841570184830781,0.829728896441829,0.657814082947545,0.215443922068224
28.76,0,207.714475328358,0.0841360738493022,0.83018273092469,0.657469039264679,0.214503476538728
28.77,0,208.683264329081,0.083189095247275,0.831917543396251,0.655229510112693,0.214926263056321
28.78,0,209.666656626608,0.0830958145179996,0.831498320290186,0.655706597633563,0.216962062517299
28.79,0,210.66484511546,0.0806436109007967,0.83103651386935,0.65758708914324,0.215842873153597
28.8,0,211.678023222086,0.079371831438378,0.832343159056839,0.65498514378192,0.213769908378636
28.81,0,212.70638487772,0.0813447964860136,0.833175565103939,0.656494846057298,0.217573375599884
28.82,0,213.750124490339,0.0813468789190461,0.833160719080157,0.655300953520846,0.215137432524987
28.83,0,214.809436915675,0.0777641858798126,0.833511666947036,0.655595260086746,0.216098567337735
28.84,0,215.884517427261,0.0775152995032033,0.833857131466694,0.655123454688377,0.214723775803004
28.85,0,216.97556168547,0.076002552175165,0.832733038570467,0.656824700804816,0.214936005902477
28.86,0,218.082765705518,0.0784653227141144,0.837381339599647,0.657472784402305,0.214779893490454
28.87,0,219.206325824395,0.0758918585949599,0.834255164456551,0.655067948619816,0.216120931046098
28.88,0,220.346438666688,0.073175010058062,0.835659538270466,0.65812478518366,0.211937995197047
28.89,0,221.503301109275,0.0714240330467757,0.83433654422681,0.655310431426229,0.217216239654592
28.9,0,222.677110244847,0.0723781086272058,0.835340138620539,0.657893573222343,0.214064970584966
28.91,0,223.868063344229,0.0723122248584154,0.836324417050814,0.655157575286438,0.216994677443723
28.92,0,225.076357817468,0.0686927960822166,0.836487345917526,0.657229823748926,0.216649032642618
28.93,0,226.302191173668,0.0695963902827873,0.836237205715462,0.65640607588686,0.212905865284369
28.94,0,227.545760979522,0.0686415219220685,0.835921623065284,0.657733840366511,0.213406859500369
28.95,0,228.807264816526,0.0675051858521689,0.835799146081833,0.655245518385258,0.217064327479067
28.96,0,230.086900236847,0.0675919093328807,0.84025041759099,0.656231622931468,0.215137331693569
28.97,0,231.384864717809,0.0662438942080764,0.841382108951792,0.658043088276593,0.212728559946569
28.98,0,232.701355614972,0.0667789286343367,0.838308967274339,0.657640080051524,0.215855327267616
28.99,0,234.036570113782,0.0656089322817288,0.834764929443095,0.658040490101039,0.215781274701199
29,0,235.390705179764,0.0645412795619323,0.838085264740175,0.657003964073926,0.214749484019078
29.01,0,236.76395750723,0.0596739422787301,0.839247403839846,0.654412699113325,0.215162182280223
29.02,0,238.156523466487,0.0637831980818784,0.839497529314934,0.653417334862899,0.216961457128218
29.03,0,239.568599049513,0.0571880570867551,0.840985216848619,0.654640774498142,0.215105423805272
29.04,0,241.000379814087,0.0570921676625742,0.839343156326145,0.656574941565747,0.215634386186792
29.05,0,242.452060826353,0.0580325421437761,0.838776123726951,0.65552152771504,0.215695513362419
29.06,0,243.923836601792,0.058117779590617,0.840254382845982,0.657806199984732,0.214837192308852
29.07,0,245.415901044599,0.0544671854576987,0.841057258656335,0.658573791710501,0.216571798247265
29.08,0,246.928447385432,0.0550681774237747,0.83928265110884,0.655431072896873,0.217926257740294
29.09,0,248.46166811753,0.0530600547884646,0.8409262807569,0.658479557502807,0.214921981977076
29.1,0,250.015754931192,0.0519252254585449,0.841722192335223,0.65473364854073,0.213164306776508
29.11,0,251.590898646588,0.0509325376134175,0.844306244256123,0.656446986264843,0.214990990559557
29.12,0,253.187289144914,0.0516302501039968,0.84341334323527,0.657587427037879,0.214603364288741
29.13,0,254.805115297864,0.049298459073536,0.838757656651592,0.655632614854137,0.214735393903048
29.14,0,256.444564895431,0.0484919631527272,0.840717112828326,0.654451828310939,0.218468595603423
29.15,0,258.105824572021,0.0482039692713241,0.844093551741872,0.655126497426031,0.212928736021122
29.16,0,259.789079730878,0.0464093461023042,0.843478725573494,0.654269221552445,0.213737242403644
29.17,0,261.494514466834,0.0453434359527993,0.843639256296243,0.656566385389079,0.216856384324081
29.18,0,263.222311487369,0.0399889103205738,0.841677405279018,0.656273624387788,0.214285158525795
29.19,0,264.972652031994,0.0448306293604344,0.846637440984337,0.656197090596214,0.212585261945787
29.2,0,266.745715789966,0.0415063114762108,0.846442108163882,0.657831850379068,0.215356255692248
29.21,0,268.541680816335,0.038801629311952,0.847402589980764,0.655954104181891,0.214072289291864
29.22,0,270.360723446345,0.0406517104245045,0.846484446940792,0.656399827954918,0.215247642986835
29.23,0,272.203018208197,0.037355420210581,0.847938465021846,0.654864396446119,0.216856382702174
29.24,0,274.068737734184,0.0362719595520143,0.849021507282541,0.656889360250144,0.215729257728653
29.25,0,275.958052670234,0.0337880757525512,0.845761447410701,0.654708120399199,0.215111744191003
29.26,0,277.871131583859,0.0378029316776022,0.848511242141674,0.654967406052267,0.212072846700007
29.27,0,279.808140870555,0.0337255124255527,0.849581927165195,0.65874530508361,0.21384548160224
29.28,0,281.769244658666,0.0319725733710465,0.848144718560098,0.656095694340861,0.215617644534353
29.29,0,283.754604712745,0.0327963895426802,0.848650419400817,0.656822177926578,0.215131318076846
29.3,0,285.764380335448,0.029267295546738,0.847800086051609,0.655962232100108,0.213813733822405
29.31,0,287.798728267987,0.0272787339870678,0.845642329849762,0.65716982244883,0.21531830574482
29.32,0,289.857802589188,0.0272998891593697,0.847987675245482,0.656001321792954,0.216876355797288
29.33,0,291.941754613187,0.0259165753309064,0.850937528527958,0.655351368767027,0.216497492694376
29.34,0,294.050732785813,0.0225477888568825,0.849994718374837,0.656760319914335,0.215073761776211
29.35,0,296.184882579703,0.0253446636888058,0.848104102421804,0.656111959880636,0.215368800421343
29.36,0,298.344346388197,0.0244485075028606,0.850177707281413,0.656599703663692,0.212877769086024
29.37,0,300.529263418062,0.0210957594665737,0.851347918349073,0.656479456866239,0.213428353789637
29.38,0,302.73976958111,0.0190466009336273,0.851049045228005,0.655118141529761,0.212207062269288
29.39,0,304.975997384754,0.0203309794293014,0.851639456824162,0.65543002062708,0.216500006949538
29.4,0,307.238075821579,0.0180228855777373,0.850052213756003,0.654800520047153,0.213191659716205
29.41,0,309.526130257983,0.0176396251453519,0.853986337559822,0.653422159415723,0.213956925417721
29.42,0,311.840282321953,0.0152233428200167,0.854107868120935,0.655430866669146,0.214215132982395
29.43,0,314.180649790055,0.0143485261081899,0.855774527435225,0.653870972238609,0.215893410681497
29.44,0,316.547346473709,0.00981019607753691,0.851820335390405,0.654610360616025,0.213690572134875
29.45,0,318.94048210482,0.00947594309391948,0.853385321333246,0.657337573324527,0.216055740700392
29.46,0,321.360162220854,0.0124367364738104,0.853870648011723,0.652947487769853,0.217086977822643
29.47,0,323.806488049435,0.00845831943838732,0.856467069294874,0.652476583539482,0.216687763845315
29.48,0,326.247647368553,0.00680518464873143,0.854316360170676,0.657658398562456,0.21581544656139
29.49,0,328.657841809914,0.00810549185724362,0.857662554628132,0.652324188016209,0.215451392125643
29.5,0,331.069956541199,0.0073369432478582,0.855950861842943,0.652670582960852,0.215018621872612
29.51,0,333.471437712504,0.00429472624567013,0.854156824380524,0.656962737656366,0.214730243795965
29.52,0,335.644878554778,0.00297128772667505,0.857269964238338,0.65234416955699,0.215745258214587
29.53,0,337.674637714186,0.00195989402451334,0.856473063407344,0.654128527633143,0.212521133333371
29.54,0,339.664213649502,0.00156597381043191,0.857260486023713,0.653878716298301,0.213643418173752
29.55,0,341.485918293441,0,0.857450285058006,0.654005104418379,0.216176519139668
29.56,0,341.892817661749,0.000611849069536827,0.858088075221618,0.653466495437158,0.216063295164855
29.57,0,342.300968905751,0,0.858837817747584,0.652142613408194,0.215184033280651
29.58,0,342.710318355173,0,0.860906916085475,0.652311402880754,0.216701520650618
29.59,0,343.120812107983,0,0.857273498610028,0.654993821234958,0.212717303220632
29.6,0,343.532396048946,0,0.859723264346,0.652579198514546,0.214772911169053
29.61,0,343.945015868141,0,0.862395648092852,0.652818448538964,0.215350999235701
29.62,0,344.358617079445,0.00160828778010155,0.862247751960195,0.651728116773309,0.213819774820347
29.63,0,344.77314503896,0.0011754641285978,0.86172619542561,0.65252382530679,0.215313999694283
29.64,0,345.188544963399,0,0.860768183501188,0.651636436944997,0.214793946956276
29.65,0,345.604761948394,0.0010022172457158,0.862101233466842,0.648848236283419,0.212586841481569
29.66,0,346.021740986748,0,0.860195965054767,0.650080932654901,0.217210862554832
29.67,0,346.439426986599,0.00198219112644632,0.858923241944578,0.654847312757378,0.215935352841205
29.68,0,346.857764789509,0,0.860520845197844,0.651634674617989,0.214808152416185
29.69,0,347.276699188453,0,0.864872544477018,0.652813264693604,0.215270073877107
29.7,0,347.696174945716,0.00163098468229113,0.863048006554206,0.651501809293004,0.212010187148494
29.71,0,348.116136810683,0,0.863693496437574,0.650368063172409,0.213603286216666
29.72,0,348.536529537522,0.00154158516749136,0.861462893741019,0.65008515954594,0.216154929924204
29.73,0,348.957297902745,0,0.864011843796325,0.649697667005198,0.215959979138717
29.74,0,349.378386722647,0,0.862949449875287,0.650671974788469,0.213165735801095
29.75,0,349.799740870621,0,0.864482549221164,0.6547206080033,0.214771242798723
29.76,0,350.221305294334,0,0.867897271442689,0.6529531518512,0.217094075866173
29.77,0,350.643025032762,0,0.866677137819121,0.651206956249069,0.215759123936931
29.78,0,351.064845233087,0,0.866003694240403,0.652377211097516,0.21340001918974
29.79,0,351.486711167437,0,0.865934418117665,0.653004571666591,0.21496148109828
29.8,0,351.908568249471,0.00306794401895894,0.867643534995522,0.650796745999779,0.21360895862256
29.81,0,352.330362050812,0,0.865698574156324,0.65099255313189,0.213679629543675
29.82,0,352.752038317304,0,0.867638648729323,0.652758371778065,0.215287395166593
29.83,0,353.173542985112,0.00103651423926636,0.867544567133178,0.650958667499392,0.21490990937652
29.84,0,353.594822196639,3.26469926214344e-05,0.869678081176228,0.650405358311331,0.21598220177876
29.85,0,354.015822316271,0,0.870292717965944,0.651109519900705,0.214848707666044
29.86,0,354.436489945939,0.00132108612325916,0.868728429972365,0.651061290045723,0.217379873319479
29.87,0,354.856771940503,0,0.869145699829101,0.64946086100361,0.21635973144141
29.88,0,355.276615422931,0.000736514781408333,0.870310443464519,0.645571884997577,0.214666213230762
29.89,0,355.695967799306,0.00060293672262996,0.872350745555246,0.651487239679774,0.21171786437914
29.9,0,356.114776773626,0,0.87074958313347,0.649591443651822,0.216517588761769
29.91,0,356.532990362405,0.000637789522954683,0.87092516200707,0.649189894635215,0.217828089023697
29.92,0,356.950556909079,0.000682565726456081,0.870225758825255,0.647614294541587,0.216286913911549
29.93,0,357.367425098202,0.0011646073344926,0.8711172692151,0.651291497959669,0.216471527888797
29.94,0,357.78354396944,0,0.874474810914076,0.648379942895332,0.216311187529721
29.95,0,358.19886293135,0,0.87214580311525,0.649632273398082,0.214471691390936
29.96,0,358.613331774953,0.000527666873770893,0.871685313066323,0.649444442983732,0.211635365542524
29.97,0,359.026900687082,0,0.874463027849039,0.6500724511463,0.215455554296497
29.98,0,359.43952026353,0.000240817308298658,0.873849267792176,0.647803396718579,0.21520553033619
29.99,0,359.851141521962,0,0.875016535256954,0.645225994277399,0.212435920587098
30,0.1,360.261715914617,0,0.875092109619822,0.645010827480171,0.214470293336551
30.01,0.1,360.671195340783,0,0.877342910784011,0.645981724983478,0.213122053251244
30.02,0.1,361.079532159049,0,0.874029513673863,0.648219755615452,0.211885032954897
30.03,0.1,361.486679199332,0.000795594889462314,0.877971595067205,0.649528762279153,0.215911411188744
30.04,0.1,361.892589774671,0,0.873912217470146,0.646711012487065,0.215376119583257
30.05,0.1,362.297217692802,0.000630422307312507,0.87778831320454,0.646809952477239,0.213480781231508
30.06,0.1,362.700517267489,0.000502745471318546,0.880371890241376,0.646824924834444,0.213813049090332
30.07,0.1,363.102443329639,0.00214582708287553,0.877354700844268,0.645805690828386,0.21675037369622
30.08,0.1,363.502951238169,3.32264109697195e-05,0.880415528055245,0.650240102851566,0.217064960307887
30.09,0.1,363.901996890651,0,0.879894437880212,0.645601406188928,0.212953237156273
30.1,0.1,364.299536733713,8.65707195036647e-05,0.877053268708702,0.648915120420137,0.214226432841296
30.11,0.1,364.695527773215,0,0.881586489883362,0.649441599677502,0.217135986793171
30.12,0.1,365.089927584174,0.000330986578342571,0.879040205940929,0.646595491428002,0.215570336037026
30.13,0.1,365.482694320466,0.00100993752425191,0.880275620394796,0.649840339774448,0.217127503663163
30.14,0.1,365.873786724282,0,0.882025451281481,0.647373314241764,0.216577147607996
30.15,0.1,366.263164135347,0.00333036205108022,0.882343463394596,0.646517379553454,0.213023216744762
30.16,0.1,366.650786499897,0,0.87991959845804,0.64537766730691,0.216286137183459
30.17,0.1,367.036614379427,0.00300959202941298,0.883397285160159,0.645374865375466,0.215158164959069
30.18,0.1,367.420608959184,0,0.881495674182139,0.645457869738775,0.215025785298451
30.19,0.1,367.802732056434,0.00129289080871593,0.882976824629745,0.644655763060279,0.216907821919222
30.2,0.1,368.182946128475,0,0.881392140590385,0.646038472734022,0.217860818058522
30.21,0.1,368.561214280424,0,0.883038946922038,0.647763765746453,0.214349325617095
30.22,0.1,368.937500272749,0,0.882959172142109,0.645881359085832,0.214919843117104
30.23,0.1,369.31176852857,0.00138448399292395,0.886473694692182,0.645059562699865,0.21504235444128
30.24,0.1,369.683984140714,0.0016100603669489,0.885475180360648,0.64605910429841,0.214019163958819
30.25,0.1,370.054112878529,0,0.885985611331697,0.645700517639754,0.215224628085928
30.26,0.1,370.422121194462,0,0.887479356724662,0.647263880363875,0.214584100220175
30.27,0.1,370.787976230388,0,0.884407880068379,0.643474722116129,0.214314396696758
30.28,0.1,371.151645823705,0,0.886060336821035,0.646983222254345,0.214136761705113
30.29,0.1,371.513098513187,0,0.887556097823107,0.643871996532697,0.213581204841954
30.3,0.1,371.87230354459,0.00166023986926858,0.886615197633941,0.64472245434585,0.215588033709121
30.31,0.1,372.22923087603,0.000880523573451104,0.887640819337736,0.64259958852884,0.213752165523154
30.32,0.1,372.583851183107,0.00191073465638691,0.88825204653192,0.644183350613133,0.215723786054176
30.33,0.1,372.936135863804,0,0.887270153976154,0.645186623257384,0.215735795382223
30.34,0.1,373.286057043132,0,0.886953860485868,0.645020806904943,0.214509595225967
30.35,0.1,373.633587577549,0,0.886801048099257,0.643284671391561,0.213239369311764
30.36,0.1,373.97870105913,0.000280663655293738,0.887745588002952,0.642986403164744,0.213788508675618
30.37,0.1,374.321371819506,0.00145695444699779,0.888290065665918,0.64352683410036,0.216020875338744
30.38,0.1,374.661574933562,0,0.892640132582299,0.645873186060397,0.215914151648328
30.39,0.1,374.999286222897,0,0.887579381392635,0.641775193205043,0.214068487774023
30.4,0.1,375.334482259052,0,0.891000680093656,0.644620065396274,0.214821962359297
30.41,0.1,375.667140366495,0,0.891149103258567,0.643937165821561,0.214876035969212
30.42,0.1,375.997238625376,0,0.893192534489062,0.646433014636245,0.213640276795603
30.43,0.1,376.324755874041,0.00240076840428893,0.891556751217774,0.64451609681549,0.217054000172275
30.44,0.1,376.649671711322,0,0.894343131385085,0.643393102200625,0.215099367853227
30.45,0.1,376.971966498577,0,0.892891872638409,0.645328569109922,0.215194534157297
30.46,0.1,377.291621361513,0,0.894019894334336,0.642912356566417,0.215651323685767
30.47,0.1,377.608618191765,0.00162087090151159,0.891777932501725,0.645173371066802,0.211878640638333
30.48,0.1,377.92293964825,0.00140152241176044,0.89409742050326,0.64549609278586,0.210475242746065
30.49,0.1,378.234569158282,0.00132541567170316,0.89443898187222,0.643618795563704,0.214850893622685
30.5,0.1,378.543490918464,0,0.894413226198814,0.642825857079385,0.213129827352431
30.51,0.1,378.849689895348,0,0.896467420299626,0.644074628111512,0.21561161239624
30.52,0.1,379.153151825861,0,0.895930535974084,0.642159210251612,0.214900586090285
30.53,0.1,379.453863217509,0.00014586028554936,0.897331136879475,0.644999520941328,0.217198406791109
30.54,0.1,379.751811348348,0.000510255680058027,0.895689835567888,0.644075746484887,0.213772154697819
30.55,0.1,380.046984266734,0,0.897679182544265,0.639860763728707,0.217462505925945
30.56,0.1,380.339370790839,0.000188005187075236,0.895553488956128,0.643904483809632,0.215486471623089
30.57,0.1,380.628960507946,0.000956893398358961,0.89600431990741,0.642202615392572,0.213838264923078
30.58,0.1,380.915743773525,0.00348403308836083,0.898067144501929,0.644240778211618,0.215261712966701
30.59,0.1,381.19971171007,0,0.895693285121596,0.644222048385389,0.215163502692384
30.6,0.1,381.480856205731,0.00163997466944298,0.90011222619696,0.644044448027675,0.215787320282949
30.61,0.1,381.759169912712,0.000253500413508432,0.89855241106116,0.643453621311526,0.217531080139854
30.62,0.1,382.034646245449,0.00232064458756521,0.899363985097498,0.642055301582453,0.215492211045699
30.63,0.1,382.307279378577,0.000963742383185419,0.898465602646268,0.642556131380842,0.215936635506568
30.64,0.1,382.577064244664,0.00011033500472676,0.898592992601658,0.64335605939242,0.214767598048539
30.65,0.1,382.843996531736,0,0.899547737155264,0.644068704494071,0.213711163686101
30.66,0.1,383.108072680585,0.000600690129049721,0.901271125110215,0.644330399528543,0.215057883109009
30.67,0.1,383.369289881855,0,0.89881080322199,0.641760852271492,0.21590584366329
30.68,0.1,383.627646072915,0,0.900407092041766,0.643193248557022,0.213293171509111
30.69,0.1,383.88313993452,0.000619401013947167,0.901078641300815,0.645392439983233,0.214161085353139
30.7,0.1,384.135770887259,0,0.901441472927464,0.642662518058007,0.214915301174831
30.71,0.1,380.391272013591,0.00315441279873597,0.900390867214371,0.643779639740249,0.212934159358315
30.72,0.1,376.318927883672,0.00273271265792039,0.900357901892773,0.643547161951275,0.215839985805542
30.73,0.1,373.576146511874,0.00297824830220581,0.903359105596491,0.643804511492839,0.214924845249314
30.74,0.1,371.362556038101,0.00780251875964414,0.902982757912272,0.642308122692415,0.215903137176863
30.75,0.1,369.310880490589,0.00922657666440798,0.903640017694696,0.643490963336388,0.214648103592975
30.76,0.1,367.306740876927,0.00878048527322093,0.905812179217172,0.643414449158679,0.215048395314211
30.77,0.1,365.316449522568,0.00882298835286206,0.904466732496635,0.643637613937322,0.215630352784383
30.78,0.1,363.330252332463,0.0127300497988896,0.904240321805245,0.643653739062451,0.215899790715846
30.79,0.1,361.34539828204,0.0132036708606898,0.906330718762462,0.646262003954922,0.215516453154812
30.8,0.1,359.361179241974,0.013124936337791,0.903961223600009,0.64438814918115,0.215359359960735
30.81,0.1,357.377483211841,0.0169389845299137,0.906539905851432,0.645270840075177,0.217555184535277
30.82,0.1,355.394373133315,0.0151811282307025,0.908457349028485,0.643504818592991,0.21375530829866
30.83,0.1,353.411964402962,0.0196349552705059,0.906201969409449,0.641686536893385,0.212892481602498
30.84,0.1,351.430389236586,0.0212494791029546,0.905861511877605,0.643277976051351,0.215696920261947
30.85,0.1,349.449786247817,0.0211235770604358,0.906524168158919,0.641907044545655,0.217708985131714
30.86,0.1,347.47029733573,0.0200754055717892,0.907139419008371,0.644216922334881,0.218339845437143
30.87,0.1,345.492066688233,0.0231657464739153,0.907349104318317,0.64609742569543,0.213050309571781
30.88,0.1,343.515240397336,0.0232259686814545,0.90692738792635,0.645766096354714,0.212138361662346
30.89,0.1,341.539966251506,0.0266764750928342,0.908423340364868,0.643979093984346,0.215650655276529
30.9,0.1,339.56639357964,0.0254899515803948,0.907570879632349,0.645743001992315,0.215448660507953
30.91,0.1,337.594673110559,0.0274542131902527,0.908744385370012,0.644057122081064,0.21752162793767
30.92,0.1,335.624956837696,0.0294024284361142,0.909772927518879,0.644681120638655,0.213512303817897
30.93,0.1,333.657397886063,0.0292828262110295,0.910994278916761,0.646436216720394,0.213014194632704
30.94,0.1,331.692150380735,0.0296308971215669,0.908904913428562,0.642438148179937,0.214582311253488
30.95,0.1,329.72936931668,0.0354884387869937,0.911582275332115,0.644570251327614,0.216605984891007
30.96,0.1,327.769210429957,0.0352146093547784,0.910749754818313,0.648116718271555,0.214293030618806
30.97,0.1,325.811830070331,0.035211004157504,0.907477575218419,0.645945500460055,0.217178196788139
30.98,0.1,323.857385075386,0.0362679975222508,0.910138946362627,0.64522720894918,0.21555875866263
30.99,0.1,321.906032646215,0.0370060535301343,0.910566731495122,0.642072097790768,0.216295429641973
31,0.1,319.957930224744,0.0418324553158684,0.911600448145059,0.645263590219694,0.21629010780007
31.01,0.1,318.013235372788,0.0404924196775851,0.914512121147639,0.644392544521237,0.215704659364219
31.02,0.1,316.07210565288,0.0405201554044213,0.910601877548386,0.644006726831632,0.214082656518393
31.03,0.1,314.134698510972,0.044783098882618,0.911035732966797,0.646461946044043,0.21713581221247
31.04,0.1,312.201171161038,0.0444705662438327,0.913134130258266,0.644811961912252,0.214026914573642
31.05,0.1,310.271680471679,0.0472662035438302,0.911446886981861,0.645854795394309,0.214333845744875
31.06,0.1,308.346382854755,0.0484906817727966,0.912352854546499,0.645558597780688,0.215571468678327
31.07,0.1,306.425434156136,0.0487202920148592,0.909166757625499,0.642527049088214,0.214741688132214
31.08,0.1,304.508989548588,0.0479924219818084,0.914298345127147,0.646660193287519,0.214814297928873
31.09,0.1,302.597203426888,0.0532545349065406,0.917091134546792,0.646603878243363,0.214579019227904
31.1,0.1,300.690229305181,0.0555360746307969,0.91384826775938,0.648393179469694,0.214398572482097
31.11,0.1,298.788219716648,0.0547689339151461,0.915337815110447,0.646716714619963,0.215867272601871
31.12,0.1,296.891326115522,0.0570906485810868,0.913980141258349,0.646087663971161,0.214146903979919
31.13,0.1,294.999698781489,0.0582450327126112,0.916097882407468,0.649402007584373,0.213617477398404
31.14,0.1,293.11348672652,0.0566244462245453,0.917260042027717,0.643780946150666,0.214017442187916
31.15,0.1,291.23283760416,0.061521103352596,0.918225213409492,0.644042917652131,0.21537855980191
31.16,0.1,289.357897621317,0.0634210628889832,0.913586432782978,0.648838290650367,0.215341704142677
31.17,0.1,287.488811452566,0.0609921882199476,0.917262925996232,0.647173465639936,0.212155050819663
31.18,0.1,285.625722157011,0.0664291116826198,0.917555975917548,0.646606528066409,0.21478046604877
31.19,0.1,283.768771097718,0.0662792373848363,0.918509136956712,0.647882354660892,0.214916943104856
31.2,0.1,281.918097863739,0.0672028028369677,0.915968706900862,0.647023076576174,0.213374177524435
31.21,0.1,280.07384019475,0.0707368231472217,0.918609926780682,0.64835034479963,0.216035337163047
31.22,0.1,278.236133908318,0.0695369523016849,0.91987169189546,0.646454998721331,0.214554226915252
31.23,0.1,276.405112829804,0.0696143239934024,0.918615367660361,0.648235391833722,0.213298911728818
31.24,0.1,274.580908724918,0.0721767407239978,0.9190052027576,0.649400412175372,0.212023961131356
31.25,0.1,272.763651234924,0.0734117930410221,0.920149139402226,0.648450279768908,0.21330367350977
31.26,0.1,270.953467814512,0.0754888014381557,0.921205694352818,0.648550271092577,0.215447777786581
31.27,0.1,269.150483672323,0.075780126176596,0.92040183085195,0.647895131565211,0.214378590969788
31.28,0.1,267.354821714137,0.075914689232741,0.918157017787438,0.648020876088012,0.212741570445854
31.29,0.1,265.566602488715,0.0780675047787108,0.917526023022322,0.649070222813502,0.212162997530973
31.3,0.1,263.912962733025,0.0803549345633735,0.918888984820717,0.65169266918,0.21578425256078
31.31,0.1,262.478475409778,0.0777076362635804,0.919078318809958,0.647266665415267,0.214394616895367
31.32,0.1,261.122399447211,0.084742781690605,0.918127771312347,0.648938173313928,0.216230447088079
31.33,0.1,259.888022291165,0.0856469228680472,0.921155506568308,0.647725602207939,0.216319963894596
31.34,0.1,259.51022985697,0.0861383795985654,0.923384237994334,0.651995208179382,0.215895655032845
31.35,0.1,259.561110032214,0.0814557209641282,0.920782280041888,0.650582496337289,0.213660594953072
31.36,0.1,259.622900320819,0.0834743270203344,0.923171409215572,0.647770569190075,0.214623088545498
31.37,0.1,259.683652337222,0.0856307822616507,0.922981427097261,0.647271595017874,0.216373618185145
31.38,0.1,259.743386579824,0.0831115643124083,0.923499818593914,0.650944730997043,0.21679879603865
31.39,0.1,259.802123596586,0.0860304778728419,0.921487178471397,0.649069703699905,0.217428180735069
31.4,0.1,259.859883976111,0.0854280912000059,0.925022330483803,0.650698347107158,0.217503448264209
31.41,0.1,259.916688338698,0.0843740378242673,0.922462401371882,0.652631075586026,0.214487064994786
31.42,0.1,259.972557327391,0.0841203569025592,0.922956571530302,0.651672030181975,0.214571298502897
31.43,0.1,260.027511599009,0.0845968637102561,0.923640172262495,0.647588576457437,0.216022912236521
31.44,0.1,260.081571815172,0.0862484964909337,0.923195186381946,0.652370898217183,0.216183795949041
31.45,0.1,260.134758633323,0.0853093620686531,0.924154323660129,0.651032620263797,0.213707727133175
31.46,0.1,260.187092697751,0.0809602604213507,0.925622093565311,0.651115808420279,0.212702436949529
31.47,0.1,260.238594630608,0.0848845499987637,0.922782756831057,0.648730550829985,0.214702506204823
31.48,0.1,260.289285022937,0.0826661582902387,0.92412731572058,0.648906112419462,0.212507879499864
31.49,0.1,260.339184425714,0.0827995208532792,0.924704240660454,0.651848049626405,0.217340738137387
31.5,0.1,260.388313340889,0.0868129443347467,0.925631307999165,0.65130395332571,0.215769030734274
31.51,0.1,260.436692212456,0.0847954691907793,0.927833207634335,0.650990577203958,0.215432664758439
31.52,0.1,260.484341417534,0.0836455298327754,0.924644739608114,0.649841675157846,0.214112862094071
31.53,0.1,260.531281257471,0.0848131471183054,0.925318894545613,0.653095171911982,0.215468427129145
31.54,0.1,260.577531948983,0.0816068130846446,0.92459761215715,0.655000150111688,0.216330746817912
31.55,0.1,260.623113615306,0.0850218010437239,0.926904554768747,0.650480772119319,0.218144032480962
31.56,0.1,260.668046277401,0.082933726488994,0.926418509968983,0.651359089178574,0.214844020404461
31.57,0.1,260.473149743974,0.082981379075037,0.926775947349582,0.651859377256669,0.21645005995454
31.58,0.1,258.87890169181,0.0860023122472111,0.927382877549046,0.651341795215323,0.216882860824622
31.59,0.1,257.845520506976,0.0863034619812915,0.92551306407733,0.651799303524672,0.214327924712343
31.6,0.1,257.049855886112,0.0865093476677532,0.926739302093599,0.651729446767238,0.21769648706367
31.61,0.1,256.376098667561,0.0887614791489669,0.928383714206406,0.651093696508032,0.212544582505922
31.62,0.1,256.188040912545,0.089301270280248,0.927766353753973,0.654621921126075,0.215216869410449
31.63,0.1,256.225883138623,0.087015080740026,0.9331762920306,0.652916160316292,0.218075566753699
31.64,0.1,256.265594711063,0.0887381874975323,0.929454899255272,0.652771569676824,0.214238792429086
31.65,0.1,256.304840058725,0.0860370438451626,0.927992476739199,0.653027959249839,0.217274161208038
31.66,0.1,256.34363736891,0.0844849480519149,0.928054703737441,0.654167020972386,0.214434505580518
31.67,0.1,256.382004636568,0.0860464546445546,0.928762041440408,0.654712512139565,0.215400060524771
31.68,0.1,256.419959656313,0.0891017678004668,0.929244823116953,0.65295543147526,0.217304160401794
31.69,0.1,256.457520014533,0.084715271381979,0.928763439208298,0.654631516447387,0.214894684773007
31.7,0.1,256.494703081562,0.0883113533588028,0.930669605141377,0.654219081483625,0.216807956621983
31.71,0.1,256.53152600396,0.087506297736698,0.92949922293793,0.654139077565213,0.215550874464066
31.72,0.1,256.568005696864,0.08896410656767,0.930232825548045,0.654186077223112,0.215855775795767
31.73,0.1,256.60415883644,0.0883351844849633,0.928650552593534,0.651335819475352,0.216077707668729
31.74,0.1,256.640001852435,0.0878160411150289,0.930806311287095,0.654421156303362,0.215981644715835
31.75,0.1,256.675550920815,0.0892938291078882,0.930623034294634,0.655058657734612,0.212268137972864
31.76,0.1,256.710821956523,0.0870279986606109,0.931640861858141,0.652679231766795,0.212853159308736
31.77,0.1,256.745830606331,0.0907514241086584,0.930811229934173,0.653467984568911,0.216804210008823
31.78,0.1,256.780592241807,0.0904336683114645,0.931852527215478,0.653607591723017,0.216387709694253
31.79,0.1,256.81512195239,0.0883325361854928,0.932029566377184,0.658008673803803,0.212553824884855
31.8,0.1,256.849434538595,0.0898627407852836,0.93002750256816,0.654982704819964,0.21610848746825
31.81,0.1,256.883544505317,0.0885514047515304,0.929477911409484,0.653395586082449,0.21750852830569
31.82,0.1,256.917466055274,0.0883248154921406,0.932930689471248,0.656553255080005,0.214313595040418
31.83,0.1,256.951213082573,0.0868246289554092,0.930911235439977,0.654625834479767,0.218395780331215
31.84,0.1,256.984799166398,0.0885991352169159,0.930673842555621,0.653683541938991,0.21551933169203
31.85,0.1,257.018237564836,0.08653388928255,0.930882381165812,0.65537209007979,0.214537599245805
31.86,0.1,257.051541208839,0.0878503404458228,0.930925229724659,0.654962890627361,0.215033812649109
31.87,0.1,257.084722696322,0.088382676200034,0.932631495944701,0.655744717646918,0.216437828632569
31.88,0.1,257.117794286398,0.0867065822435658,0.932153404261896,0.65673283924931,0.214241854705612
31.89,0.1,257.150767893768,0.0858570616244348,0.932698440711061,0.657015278204654,0.216356443803596
31.9,0.1,257.183655083245,0.0889011717746959,0.932198397772483,0.653989050874142,0.217083713104921
31.91,0.1,257.574033880449,0.0889495821818796,0.932709890654022,0.65568740544271,0.215670863993346
31.92,0.1,257.789727100725,0.088418582140916,0.935315832021517,0.653772948921435,0.215575392326317
31.93,0.1,257.860125616768,0.0870824659994369,0.936447513144792,0.656395216226857,0.213969397904378
31.94,0.1,257.892848979861,0.0926425432194893,0.934240371154282,0.652515153671921,0.216841242540246
31.95,0.1,257.925538243508,0.0861140799647661,0.931790673342203,0.652912519359988,0.215607713654428
31.96,0.1,257.958202787909,0.0890083810982913,0.934068253080675,0.655092596912306,0.216648025372468
31.97,0.1,257.990851608544,0.0863448304516054,0.935676498896376,0.654275452862874,0.215429947105743
31.98,0.1,258.023493311968,0.0864809070577793,0.936473610404663,0.656487981062616,0.215405648245586
31.99,0.1,258.056136111756,0.0873188409900795,0.934249014992991,0.656834050564429,0.213053068103878
32,0.1,258.088787824634,0.085761909061756,0.934452497694077,0.654782508407773,0.212266581797128
32.01,0.1,258.121455866775,0.0852399489699029,0.934782239311681,0.656116707530547,0.215070695622931
32.02,0.1,258.154147250274,0.0859088422773669,0.936359769712909,0.658158027808628,0.213730057471109
32.03,0.1,258.186868579795,0.0854469906127623,0.932882765138612,0.65590913559277,0.213429758507334
32.04,0.1,258.219626049403,0.089289793119802,0.933444471304123,0.656507161508332,0.21429343464426
32.05,0.1,258.252425439568,0.0861973854771465,0.935747857493386,0.657077540394983,0.214441012830215
32.06,0.1,258.285272114356,0.087045927201359,0.93586801200419,0.655199080041632,0.214372358289185
32.07,0.1,258.318171018804,0.0866705968643228,0.934402067895881,0.656793003651198,0.216864576455622
32.08,0.1,257.425722159247,0.0892833297179914,0.934988074988769,0.65671932974439,0.214249034560736
32.09,0.1,256.509327281437,0.0925884076833546,0.934794190807839,0.656135196192951,0.215876628524769
32.1,0.1,255.982162005313,0.0881474409927184,0.934729815787021,0.656055994512489,0.214762470432993
32.11,0.1,255.857723107879,0.0878094233789151,0.936246124273277,0.658656898177899,0.215251230192631
32.12,0.1,255.890609268399,0.0880048321474846,0.932937333781347,0.653198196818989,0.215483958870818
32.13,0.1,255.923567673302,0.0885216326139238,0.937250716002898,0.654803401362827,0.213940467341222
32.14,0.1,255.956600256856,0.0888958593203546,0.934953481110639,0.658399258110555,0.211942783812052
32.15,0.1,255.98970852435,0.0914054120904218,0.937150945626129,0.657617745511754,0.21469956590409
32.16,0.1,256.022893551171,0.0886920549272736,0.938101569637279,0.656429553900611,0.215750938346854
32.17,0.1,256.056155982067,0.0909121925378434,0.936928302882583,0.658080044628095,0.216359453188837
32.18,0.1,256.089496030605,0.0923773097770707,0.934235989348277,0.654453482913349,0.213582249457955
32.19,0.1,256.122913478819,0.0867070031457764,0.935758203122707,0.654459182273693,0.216204922607749
32.2,0.1,256.156407677044,0.0893999236228171,0.938479191505962,0.655047407600293,0.214708866357377
32.21,0.1,256.189977543946,0.0890047990609371,0.9352339818696,0.657496307188888,0.216254466825145
32.22,0.1,256.223621566742,0.087731059728259,0.937741122022746,0.656240898608213,0.213547581962352
32.23,0.1,256.257337801602,0.0887722627776573,0.933395670634142,0.655305244941395,0.214490393467234
32.24,0.1,256.291123874255,0.0896701862505107,0.935286563766223,0.656629551055291,0.21449680176346
32.25,0.1,256.32497698077,0.0884551217549086,0.937818244446164,0.655273360854135,0.215954346203189
32.26,0.1,256.358893888538,0.090230329027726,0.936837056290292,0.657783590137298,0.216746947619978
32.27,0.1,256.392870937434,0.0897104305778747,0.937937888485718,0.656105124641958,0.216371170834157
32.28,0.1,256.426904041174,0.0913578859044947,0.935089854090456,0.65644313671654,0.214147449704702
32.29,0.1,256.460988688849,0.0905566890101738,0.937484675955953,0.653787559569336,0.216448464243619
32.3,0.1,256.495119946657,0.090350613768868,0.936544390415968,0.655856108898988,0.214182298430621
32.31,0.1,256.52929245981,0.0879007170069519,0.93954501423179,0.65461051455404,0.213420909650262
32.32,0.1,256.563500454631,0.0894583411037064,0.935340964179625,0.656911798957418,0.216859064027632
32.33,0.1,256.597737740831,0.0900073370519835,0.938051327453206,0.65459362665941,0.215481353525723
32.34,0.1,256.631997713969,0.0910130270598395,0.936493494123491,0.654832114629692,0.213985601777072
32.35,0.1,256.66627335809,0.0906239293809173,0.937645086600441,0.655013687147564,0.214560811610833
32.36,0.1,256.700557248545,0.0894815683555332,0.939110844232307,0.656392962930539,0.213204822771423
32.37,0.1,256.734841554981,0.0881080728230726,0.937601006633075,0.656191625486153,0.215213024804747
32.38,0.1,256.769118044518,0.0902030744351873,0.938787697829675,0.65481697366266,0.212721723573671
32.39,0.1,256.803378085087,0.0892344498578229,0.938561037176734,0.653781773455671,0.214706299532086
32.4,0.1,256.83761264895,0.0888624720732227,0.936739667858272,0.658060700836966,0.213927360732921
32.41,0.1,257.061492636982,0.0893394648420775,0.93600374847285,0.65504406153241,0.214658279744741
32.42,0.1,257.472937172965,0.0878937619390382,0.937785093314756,0.658013204527398,0.215779369912093
32.43,0.1,257.716366638973,0.0877425935524977,0.936129936184768,0.65500501031857,0.215623923152736
32.44,0.1,257.901586488473,0.0899140884892152,0.93737110550134,0.654302151779142,0.21672562447764
32.45,0.1,258.06215651383,0.0877406895311493,0.93769803173045,0.65525461481204,0.217108499646443
32.46,0.1,258.145658088102,0.090224270328699,0.939125727638563,0.65632091922104,0.214937900375077
32.47,0.1,258.185734067122,0.0893051946918872,0.939400690488302,0.655347437474573,0.215479571847243
32.48,0.1,258.21953897031,0.0866741136691829,0.93443211990895,0.654280609973231,0.213764759880559
32.49,0.1,258.253219469591,0.0892805277934893,0.938214141056959,0.654668087205852,0.216056989658713
32.5,0.1,258.286762755119,0.0874905446810991,0.937502447192073,0.652229604277792,0.214269566750134
32.51,0.1,258.320155669287,0.0904840169245035,0.937972465347102,0.655871779783257,0.214993753064246
32.52,0.1,258.353384712152,0.0873057675492224,0.937565806774065,0.655587900241899,0.214948435085779
32.53,0.1,258.386436047009,0.0911935384720529,0.936988981025608,0.656960149577816,0.216981068233005
32.54,0.1,258.419295506097,0.08902959558494,0.939342083177967,0.656383179245264,0.218350075440597
32.55,0.1,258.451948596446,0.0880995036963333,0.937467423775756,0.65576837761825,0.216763262729789
32.56,0.1,258.484380505851,0.0905465121998155,0.935304682046362,0.657053167098714,0.215059862230645
32.57,0.1,258.516576108984,0.0871212755852342,0.939219479616962,0.654182529577642,0.21317119244004
32.58,0.1,258.548519973621,0.0895168936164502,0.938209830527323,0.653244843455645,0.213279096856628
32.59,0.1,258.580196367007,0.0864008177643963,0.938552605934277,0.655681316577978,0.214021727393528
32.6,0.1,258.611589262328,0.0863665313071212,0.937759444395493,0.654921068346574,0.214579530233574
32.61,0.1,258.642682345311,0.0891304147766474,0.937904748336824,0.652977565670149,0.21495635049738
32.62,0.1,258.67345902093,0.0876575494627195,0.935788578624043,0.654239140045868,0.213759592281337
32.63,0.1,258.70390242023,0.0874366911558638,0.934151366590944,0.653554210848414,0.21761249558278
32.64,0.1,258.733995407251,0.0893031546606766,0.936630732848533,0.653493705776568,0.214829914754211
32.65,0.1,258.763720586063,0.0878711477326509,0.93738580109593,0.65464456602893,0.214149985694019
32.66,0.1,258.793060307899,0.085613932096262,0.937085289531521,0.652979601638969,0.212530689611996
32.67,0.1,258.821996678384,0.0893382522292544,0.936525360504589,0.653404920547377,0.2163716062861
32.68,0.1,258.850511564862,0.0884964928864341,0.936457087968081,0.652762958043249,0.215323876480097
32.69,0.1,258.87858660381,0.0885461448340047,0.937872120687596,0.652420483814079,0.215727808230256
32.7,0.1,258.90620320834,0.0874100405283401,0.936666311914307,0.652590809708736,0.216710174073631
32.71,0.1,258.933342575787,0.0894758192405772,0.935803479023199,0.651775091445462,0.214386376759843
32.72,0.1,258.959985695377,0.090230037076614,0.938050178789743,0.652919986921455,0.216085438980761
32.73,0.1,258.986113355967,0.0886372411517309,0.935943852535711,0.653542771230212,0.213342281673609
32.74,0.1,259.011706153867,0.0875502033361154,0.935284873756252,0.655852225608118,0.211751605889949
32.75,0.1,259.036744500721,0.0898826544268275,0.937585093627139,0.65377862993613,0.217633452121236
32.76,0.1,259.061208631468,0.0883949746955873,0.936981512293195,0.651167234125047,0.216244423375446
32.77,0.1,259.085078612351,0.0873210711986744,0.936007212483291,0.652236260322758,0.212632003842511
32.78,0.1,259.108334348998,0.0892083794954907,0.941849970829429,0.654708769465868,0.21468816776411
32.79,0.1,259.130955594551,0.0878434692765509,0.936462464621532,0.653031821079552,0.214749109159143
32.8,0.1,259.152921957851,0.088655369594613,0.936203708925199,0.652146592794484,0.214871569876349
32.81,0.1,258.761109996851,0.0886969790305736,0.936136080105539,0.651008420643157,0.214955083979517
32.82,0.1,258.351769988757,0.0894818319865407,0.937764700510695,0.652483842687061,0.214095027668981
32.83,0.1,258.106027145087,0.090030932008642,0.936088354950313,0.651030861116808,0.213594855417812
32.84,0.1,257.982238571572,0.0896087111479155,0.938356861563255,0.652767291490347,0.218376608213437
32.85,0.1,257.986991721971,0.0893609375620736,0.93599449989702,0.649807464974102,0.215100132105157
32.86,0.1,258.004507638055,0.0891468269664529,0.935018271053074,0.649864803963779,0.21686490410954
32.87,0.1,258.021226499115,0.091838443193732,0.934609670548682,0.651929694433864,0.215833966105058
32.88,0.1,258.037127163044,0.0890904520179213,0.938246625955517,0.649465678971284,0.215015925680149
32.89,0.1,258.052188419211,0.0900272997166835,0.935578517210937,0.651352382269816,0.214700202946573
32.9,0.1,258.066388996944,0.0895252884673288,0.931931845252789,0.651435099411435,0.212817312199259
32.91,0.1,258.079707574018,0.0892887258416295,0.934804512341117,0.65104327147847,0.216816877481203
32.92,0.1,258.092122785161,0.0889717586499566,0.936933875744862,0.651160175386562,0.216785148511607
32.93,0.1,258.103613230567,0.0876024536556527,0.935509756154777,0.648717260108058,0.216536742039093
32.94,0.1,258.11415748441,0.0891769821944005,0.937197843382439,0.650519666193585,0.216911373522545
32.95,0.1,258.123734103363,0.0911049513195002,0.938271580398764,0.651281543481676,0.213851490250638
32.96,0.1,258.132321635117,0.0882160915510465,0.9364203014738,0.649852796903682,0.215952208071973
32.97,0.1,258.139898626894,0.0874325275012612,0.937329315268698,0.649761525607776,0.214552448761426
32.98,0.1,258.146443633953,0.0865237732568697,0.93133365407598,0.648480267837349,0.215349128523636
32.99,0.1,258.151935228081,0.0908549745129826,0.935068629029659,0.649699516917339,0.213638423505077
33,0.1,258.156352006082,0.0914849129513659,0.934316618964188,0.650297204824715,0.214400353415065
33.01,0.1,258.159672598233,0.0922007733582027,0.932576594933436,0.650591733953386,0.216265667101242
33.02,0.1,258.161875676736,0.0903009522714456,0.933988526199739,0.653105297996759,0.212464527819484
33.03,0.1,258.162939964141,0.0885842981746988,0.932140556081253,0.650945588449653,0.214457448976901
33.04,0.1,258.162844241737,0.088948529885666,0.932397811477968,0.650293028002249,0.214446595155745
33.05,0.1,258.161567357929,0.0899792264112712,0.935010195449466,0.649844298557472,0.214845182634223
33.06,0.1,258.159088236573,0.0897158377749362,0.935731151046109,0.647799111688694,0.216160021841252
33.07,0.1,258.155385885282,0.0918921560221261,0.934129862436153,0.650032890239116,0.214480334896391
33.08,0.1,258.150439403691,0.0870367342031146,0.935679908120889,0.648615519705924,0.214128582079465
33.09,0.1,258.144227991692,0.0897165078153914,0.936028389333718,0.647952047140097,0.21277508647027
33.1,0.1,258.13673095762,0.0875575004200322,0.933632689855071,0.648303892592583,0.212725852246657
33.11,0.1,258.127927726393,0.0896063599570051,0.93308450779524,0.647029909540665,0.21311856871797
33.12,0.1,258.015449990608,0.0872312425409805,0.930856077754231,0.6484999728859,0.216631553479309
33.13,0.1,257.823887226894,0.0886333217598097,0.93321165507082,0.646751394254297,0.21777195166309
33.14,0.1,257.688351455301,0.0912141969717604,0.932213095148396,0.648569387350219,0.214888626596521
33.15,0.1,257.566341768266,0.0887821962615687,0.934269103595055,0.648177451736521,0.21560233735589
33.16,0.1,257.443571706039,0.0880092658450161,0.932077197941595,0.648295876752226,0.215423972174298
33.17,0.1,257.314964490907,0.0885807521517711,0.932724850354483,0.648741699147481,0.213439070205178
33.18,0.1,257.178630892351,0.0891550832884668,0.932473982574767,0.649393265028218,0.216463045916277
33.19,0.1,257.034715753052,0.0923443945730411,0.932640806893407,0.645233558311047,0.216565379610795
33.2,0.1,256.883486383661,0.0914925738416732,0.932978761088757,0.646594895214692,0.215634629306082
33.21,0.1,256.724001219269,0.0917589302649127,0.931948444905724,0.647103391144337,0.214371092769306
33.22,0.1,256.556025017973,0.0905450231575839,0.930186361140649,0.646966623750449,0.214159037864478
33.23,0.1,256.380750912985,0.0938603765288905,0.931820209056171,0.645032956318969,0.215575318468014
33.24,0.1,256.197411044804,0.0917588506994713,0.932208183076019,0.64613204831131,0.215431693279203
33.25,0.1,256.00526978561,0.0931372586006133,0.930963788906111,0.64567217238441,0.21563183001914
33.26,0.1,255.805066363702,0.0897607412343406,0.928622031872741,0.648464228242994,0.212561335289019
33.27,0.1,255.597350230944,0.0951018927308097,0.931280415059087,0.646411724763327,0.214801337711665
33.28,0.1,255.380906443315,0.0933562191098312,0.929004663605023,0.648587899760419,0.2160671816744
33.29,0.1,255.155470496175,0.0909321736917732,0.927906532782498,0.642923303636296,0.211705720932665
33.3,0.1,254.922734133221,0.0906495160405204,0.927130831510606,0.644693620019505,0.213664403226135
33.31,0.1,254.681694939505,0.0899675086577116,0.928566144344564,0.645787706092884,0.215250316157718
33.32,0.1,254.431394527158,0.0912557746660228,0.929414208203117,0.644308381950777,0.215434198352718
33.33,0.1,254.172841433592,0.0890674403797165,0.929405526607884,0.645370459940118,0.216064608403983
33.34,0.1,253.906801307488,0.0904758377269761,0.926228304601237,0.647368156300624,0.214606002060874
33.35,0.1,253.631718703684,0.0920534732062245,0.928828305185215,0.644638828693711,0.214411176652865
33.36,0.1,253.347278143586,0.0937194590380209,0.927659321672914,0.64559616922241,0.215444954920265
33.37,0.1,253.055660205462,0.09259646263029,0.926994567655584,0.646389423943972,0.215237969738773
33.38,0.1,252.755631433968,0.0910386957290461,0.928522869527735,0.645258994283983,0.215957229162057
33.39,0.1,252.446015436605,0.0933631799399494,0.928608024352541,0.645818850453362,0.212745155604345
33.4,0.1,252.128104009857,0.0928308517028509,0.929314386725996,0.643311861389684,0.214853688375313
33.41,0.1,251.802888611972,0.0922876203823507,0.927954737984299,0.644710683548002,0.214595878851216
33.42,0.1,251.468463612078,0.0945025840054131,0.926914440078753,0.64458905227391,0.214438326822883
33.43,0.1,251.124405715444,0.0936460241150016,0.925497462228255,0.64632723223466,0.21397469177896
33.44,0.1,250.772970449709,0.0932045049495285,0.92707104081742,0.644519208420791,0.214990515185174
33.45,0.1,250.412892517636,0.0949901630155118,0.925692604190448,0.642264470576545,0.213449258700529
33.46,0.1,250.042972889972,0.0958833809316895,0.927266883166717,0.642198204904108,0.214558511017063
33.47,0.1,249.663765161595,0.0972738037693288,0.927563497851241,0.643435771920869,0.212385560069831
33.48,0.1,249.275779712005,0.0938545988970914,0.925663121724422,0.641946625631816,0.212526023945528
33.49,0.1,248.877955062746,0.095346452518718,0.924774613352956,0.645977646736377,0.215144736904472
33.5,0.1,248.470092746378,0.0969135781414594,0.922749795370577,0.644737626527018,0.215407142774467
33.51,0.1,248.053684453094,0.0951178033611046,0.923924082814412,0.641553354199601,0.21705570562037
33.52,0.1,247.62793043693,0.0956372218925067,0.925433938177572,0.64535132955784,0.214540846024835
33.53,0.1,247.192072115091,0.0955538028563832,0.922055490654157,0.645046227227952,0.215555474741297
33.54,0.1,246.746977905807,0.0973355850352992,0.925382155789345,0.644693213305264,0.216117317977826
33.55,0.1,246.293326576477,0.0968802008947925,0.92377491630379,0.643993982017688,0.216570641632587
33.56,0.1,245.829911773033,0.0964035271649596,0.923681580618224,0.643617779271358,0.215954356009774
33.57,0.1,245.356527916345,0.0985595157944745,0.924566043049291,0.643289769642873,0.2152280068041
33.58,0.1,244.874930463886,0.0975246765554218,0.922435138589613,0.645976562706369,0.216644153755668
33.59,0.1,244.384218134548,0.0971974764552177,0.923394863819424,0.643584302359816,0.215321365154305
33.6,0.1,243.883537060262,0.0979584577446768,0.92330077579131,0.64645442867287,0.215038512588887
33.61,0.1,243.385592984376,0.100315947728401,0.922168965843671,0.646659838271234,0.217703563551568
33.62,0.1,242.899001826997,0.101006133524465,0.921838373711022,0.644709014863011,0.215089275109429
33.63,0.1,242.4095527347,0.0992415358782785,0.92013309628495,0.644629037047574,0.215109985415938
33.64,0.1,241.920332683372,0.0998291836070325,0.924711699392025,0.643214063499963,0.214440447123674
33.65,0.1,241.494860063177,0.0994003868802051,0.921683786476834,0.642679342514408,0.212691340422256
33.66,0.1,241.101779984865,0.0989738581091665,0.922153546947114,0.643463490695471,0.213682523540071
33.67,0.1,240.710622493299,0.101674874829543,0.922323328476764,0.641184396232017,0.216875138731414
33.68,0.1,240.344415614297,0.100086967532736,0.920054618663727,0.642601782681005,0.217115192662548
33.69,0.1,240.022382543867,0.100671966495736,0.922407887323981,0.643527856803885,0.215363607899828
33.7,0.1,239.708461409571,0.101994317938616,0.92004758326113,0.64165366285487,0.215124726442124
33.71,0.1,239.393657634205,0.101912733933799,0.920741094025477,0.644521822862648,0.216431272644289
33.72,0.1,239.1108759627,0.103151524841546,0.920759545878202,0.643329285577913,0.214692422131548
33.73,0.1,238.841716773559,0.0992817458486246,0.920759409211617,0.645837244445225,0.214351109715772
33.74,0.1,238.56878894184,0.10261446155559,0.921095227151487,0.644803521328082,0.215047094357691
33.75,0.1,238.303847499753,0.101388668838759,0.918866601865177,0.644982008153179,0.215164594980746
33.76,0.1,238.056988716997,0.10295425856085,0.917829048625226,0.643535799532111,0.214930780895125
33.77,0.1,237.809201624654,0.100080001074942,0.918681112096106,0.644578656442694,0.216113466271108
33.78,0.1,237.55569850683,0.103139384911869,0.919099081227472,0.643141495475363,0.217554725948947
33.79,0.1,237.313521017185,0.10349068363011,0.92003271718936,0.644824562775766,0.211837245203247
33.8,0.1,237.073175936546,0.103920180334667,0.916965865308911,0.642870209998276,0.214232191608814
33.81,0.1,236.825671560402,0.102100471994693,0.918256823710667,0.644634911548173,0.216205501939959
33.82,0.1,236.568288807091,0.103927814471555,0.917081075488686,0.643910469377663,0.215510527221119
33.83,0.1,236.300332444264,0.102027746577492,0.917057544424242,0.646947510955787,0.215370837553094
33.84,0.1,236.021663441088,0.106093571524662,0.91718057533749,0.644596096970118,0.214660748723029
33.85,0.1,235.732293045728,0.104315401895815,0.916344787108382,0.643805729415114,0.215622037444829
33.86,0.1,235.432274936831,0.103094449415915,0.91521073300126,0.642142393893098,0.212950398298256
33.87,0.1,235.121676780849,0.102983191790389,0.914155494862892,0.643128313513776,0.211308257042891
33.88,0.1,234.800572718491,0.102659875468405,0.913396353299461,0.645535506855413,0.214858267729596
33.89,0.1,234.46904135622,0.106970356786838,0.914409869010202,0.64358157841624,0.212225600983031
33.9,0.1,234.12716520459,0.105896391044369,0.913244313325128,0.645636824596277,0.212079144512702
33.91,0.1,233.775030495724,0.10303125255769,0.914603881003507,0.642158861123111,0.216849690967974
33.92,0.1,233.412727098869,0.105283004116798,0.917758994598797,0.643729371724309,0.214676858833599
33.93,0.1,233.040348460062,0.104640412508847,0.916247459292694,0.645502408184864,0.215832719737679
33.94,0.1,232.65799154641,0.108372846850829,0.91477502139954,0.646092187538943,0.212031219395257
33.95,0.1,232.265756789911,0.106602997775967,0.912150782168902,0.644682946283763,0.217713482655001
33.96,0.1,231.863748029509,0.104521938496797,0.9133088829582,0.644759441321663,0.216435306690414
33.97,0.1,231.452072451083,0.105705734510122,0.914526361482398,0.643328959158901,0.212946463835468
33.98,0.1,231.030840525334,0.107486787040858,0.911540950092145,0.643042801628831,0.213832798099762
33.99,0.1,230.600165943622,0.103428480807775,0.913068627662213,0.641845077618068,0.214679683049508
34,0.1,230.160165551805,0.103176905935505,0.911045669738145,0.64310632513674,0.215362999487765
34.01,0.1,229.710959282142,0.105880228906709,0.91213293916726,0.645358802909305,0.214334640660031
34.02,0.1,229.252670083344,0.106099769299215,0.909640736057753,0.642365099489558,0.21384849675218
34.03,0.1,228.785423848838,0.109150692503433,0.910399783631222,0.641296312399063,0.214373760503479
34.04,0.1,228.309349343312,0.105577260107734,0.91110018516956,0.644398370541494,0.215323158092566
34.05,0.1,227.824578127635,0.107495892563654,0.910448556018264,0.64491773739411,0.213770909350358
34.06,0.1,227.331244482206,0.107430302711083,0.909915119460031,0.645454988546442,0.212487159435541
34.07,0.1,226.82948532883,0.108589201225012,0.910798857416086,0.645091309721525,0.215053442450283
34.08,0.1,226.319440151188,0.10781756707991,0.908076823521178,0.643256526261954,0.213513584265507
34.09,0.1,225.801250913994,0.110205642200216,0.909088623043479,0.643164913871134,0.216339911296927
34.1,0.1,225.275061980903,0.11022282491054,0.910403795496852,0.644527269784275,0.216962164653512
34.11,0.1,224.741020031268,0.107557641686941,0.90811891708013,0.643796821601742,0.21480930553983
34.12,0.1,224.199273975826,0.110393571941317,0.905239893895682,0.645766842911374,0.216259417414537
34.13,0.1,223.64997487139,0.112170344647254,0.90768974809083,0.646586412013822,0.212988928388803
34.14,0.1,223.093275834636,0.109524541673724,0.908392545518584,0.644986696000426,0.215115361398876
34.15,0.1,222.52933195507,0.111929094224189,0.907683545444184,0.643772336388191,0.213127165484021
34.16,0.1,221.958300207257,0.108793157151745,0.904570472127136,0.644660852577543,0.214415746450271
34.17,0.1,221.380339362403,0.111884355157098,0.905318664643159,0.646865822093092,0.215326834405405
34.18,0.1,220.795609899357,0.110686080509734,0.905943784703941,0.64336221487751,0.215692873925239
34.19,0.1,220.204273915148,0.113899367824184,0.905901280549862,0.644869017297677,0.214442585905435
34.2,0.1,219.606495035108,0.1127925927552,0.904026767669757,0.646039400343571,0.213779582982895
34.21,0.1,219.002438322687,0.112365732944183,0.901811111091981,0.646559232122516,0.214833168449745
34.22,0.1,218.392270189036,0.115164641653086,0.90564842267034,0.64453735045879,0.217230537210016
34.23,0.1,217.776158302441,0.116890205275042,0.904753802772574,0.644096582063695,0.216161886478451
34.24,0.1,217.154271497686,0.113052170235397,0.904042191329876,0.645078616177862,0.214232778125988
34.25,0.1,216.526779685442,0.11470994357892,0.902963569444358,0.644055344947246,0.217056728892017
34.26,0.1,215.893853761731,0.116349602139181,0.90468676528496,0.646914221760535,0.215739623025193
34.27,0.1,215.255665517581,0.115481678485356,0.90394721197421,0.646351267702441,0.217716772388571
34.28,0.1,214.612387548929,0.113914764584193,0.900223619700733,0.646074325803696,0.21382285677417
34.29,0.1,213.964193166843,0.116304378627844,0.90107418180566,0.647895950173965,0.21589928868278
34.3,0.1,213.311256308158,0.118412555256397,0.902443332896164,0.6458682690046,0.212599895657156
34.31,0.1,212.653751446586,0.117006469822382,0.903352159212377,0.644930391478959,0.216317949473734
34.32,0.1,211.991853504378,0.117107212097134,0.901201336810867,0.645605226293121,0.215020028074377
34.33,0.1,211.325737764605,0.119314944027821,0.900095071334933,0.645852483070734,0.213185171696221
34.34,0.1,210.655579784133,0.118715503773478,0.900400885652166,0.64833623448257,0.213855390613203
34.35,0.1,209.981555307354,0.11851828416906,0.900602374793101,0.647977164186136,0.216982375106493
34.36,0.1,209.303840180745,0.119716690129012,0.900564414801486,0.645641000924133,0.215052891309528
34.37,0.1,208.622610268309,0.118727246168643,0.901569221973156,0.645039509556852,0.214028697459431
34.38,0.1,207.938041367974,0.119162333321827,0.900662074148406,0.647267113829865,0.212924841864758
34.39,0.1,207.250309128998,0.121349451985799,0.898561930805797,0.64680032638727,0.214129561501374
34.4,0.1,206.559588970442,0.119580612804696,0.897263504036001,0.647060140909017,0.215303647412547
34.41,0.1,205.866056000773,0.124702216142671,0.89989671546732,0.648569010057385,0.21804066742535
34.42,0.1,205.169884938638,0.120666999748902,0.899175745629585,0.649210981382139,0.215675987520947
34.43,0.1,204.471250034871,0.122550591484759,0.896230034544726,0.65032909856105,0.213681250324413
34.44,0.1,203.770324995784,0.123351115492628,0.897444974437694,0.648346957593348,0.212442396784021
34.45,0.1,203.067282907776,0.122943929367703,0.893897676675166,0.651732346530132,0.215441503487569
34.46,0.1,202.362296163321,0.1232094383688,0.895403705888092,0.64935966372754,0.213837685276906
34.47,0.1,201.655536388366,0.123113081559657,0.895292718102346,0.648829950339257,0.214422983214265
34.48,0.1,200.947174371185,0.124946768855664,0.896749334387317,0.647338386825013,0.214457402924074
34.49,0.1,200.237379992726,0.125347693396534,0.892673801371263,0.650337718858646,0.216514703772294
34.5,0.1,199.526322158482,0.126867385031996,0.894575977929038,0.648153117883454,0.213544932717748
34.51,0.1,198.814168731932,0.126858590871189,0.893838424900928,0.648758290648929,0.21784918714428
34.52,0.1,198.101086469564,0.125663658970459,0.893852613488685,0.647568165314969,0.214333341361654
34.53,0.1,197.387240957527,0.127724560778117,0.894876389650823,0.649132313915847,0.216183271796551
34.54,0.1,196.672796549923,0.127420264387305,0.891397702496657,0.650624504745615,0.214379642770737
34.55,0.1,195.957916308778,0.12798238552243,0.890433592980728,0.65032790965529,0.214407290913207
34.56,0.1,195.242761945698,0.127828593980605,0.892636277831248,0.6481181284362,0.214410549915056
34.57,0.1,194.52749376524,0.130105904517086,0.890785682150521,0.647593588169826,0.217662638391163
34.58,0.1,193.812270610014,0.131101989130363,0.890264074878547,0.649501068039187,0.214522056593993
34.59,0.1,193.097249807521,0.130886586539732,0.887762505638911,0.650690272566785,0.213502289686333
34.6,0.1,192.382587118752,0.13236899980914,0.892149654330011,0.652119510971506,0.213393073964198
34.61,0.1,191.668436688553,0.130268744597479,0.889814925954217,0.653291601233477,0.215725244536033
34.62,0.1,190.954950997762,0.132020036632573,0.88936365209079,0.648610937857439,0.214619988776221
34.63,0.1,190.242280817121,0.133636082747686,0.890788860585829,0.649579266447974,0.2146464048342
34.64,0.1,189.530575162982,0.134445237559534,0.889193416904283,0.65172020469764,0.215120459553624
34.65,0.1,188.819981254782,0.135020149735855,0.888480378150423,0.648857236383815,0.216800405188411
34.66,0.1,188.110644474318,0.134916428960602,0.887570697744781,0.652547908760561,0.217265357768252
34.67,0.1,187.402708326793,0.13655786018804,0.888224541946327,0.650987709920173,0.215737228008257
34.68,0.1,186.696314403641,0.136319728764373,0.886550953048858,0.65196979569169,0.214246892296738
34.69,0.1,185.991602347123,0.13520930793703,0.885581567542615,0.650569118670239,0.215208300334024
34.7,0.1,185.28870981669,0.136861341645887,0.885970709839836,0.650500687180384,0.215496127774251
34.71,0.1,184.58777245709,0.13612440940748,0.885094275727168,0.650712003944543,0.214809670202249
34.72,0.1,183.888923868223,0.141033801870649,0.885337387387076,0.651308529625761,0.214965360779422
34.73,0.1,183.192295576717,0.136662864206201,0.884263852370314,0.652650797090097,0.214421998322383
34.74,0.1,182.498017009221,0.140403326997512,0.885416978092594,0.653741392245803,0.213223628295749
34.75,0.1,181.806215467392,0.140259241250408,0.885970752502787,0.651264711120239,0.215686840125838
34.76,0.1,181.117016104556,0.13975981657752,0.882767078935362,0.651219912206471,0.215531949658239
34.77,0.1,180.43054190403,0.140189532496516,0.883788116514353,0.65069912961268,0.215667786452639
34.78,0.1,179.74691365908,0.141074043640403,0.881782547140791,0.651999043603124,0.21594344981364
34.79,0.1,179.066249954489,0.138450217215375,0.883535937230562,0.65554135369597,0.214791558496874
34.8,0.1,178.388667149721,0.141505264162159,0.883578601185509,0.651977640692115,0.214921524421424
34.81,0.1,177.714279363648,0.141364600815432,0.88270073624647,0.652366308787153,0.215463094095792
34.82,0.1,177.043198460812,0.143663601701,0.881773061393636,0.651898368861321,0.216427085597201
34.83,0.1,176.375534039209,0.141793777880703,0.88005677750328,0.65568732272256,0.216041783644801
34.84,0.1,175.711393419544,0.141578119598895,0.881811320308243,0.654903764153495,0.216948798906659
34.85,0.1,175.050881635955,0.145657410290702,0.881903260429243,0.65221730542856,0.215780528326381
34.86,0.1,174.394101428151,0.146112841581498,0.880118544332765,0.65526776382869,0.214218450756358
34.87,0.1,173.74115323495,0.145987433408098,0.882458679081209,0.655219782158219,0.214761741300986
34.88,0.1,173.092135189178,0.145341770715942,0.880207404379489,0.653266326212282,0.214810743661174
34.89,0.1,172.447143113896,0.147791884296666,0.876303040104985,0.653557386410588,0.217564321629124
34.9,0.1,171.806270519934,0.145654208418427,0.879007996030718,0.653035570389649,0.214920774171578
34.91,0.1,171.169608604674,0.147942968890614,0.877590147343609,0.653872682730924,0.216748707167408
34.92,0.1,170.537246252078,0.149822439797406,0.877021856995626,0.654589459778149,0.215435286324291
34.93,0.1,169.9092700339,0.148611986412996,0.877321128930277,0.651099928045321,0.213566063231211
34.94,0.1,169.285764212071,0.149890394889286,0.875854775236281,0.654197234620064,0.216784888309286
34.95,0.1,168.666810742195,0.150036566976856,0.874814283230338,0.650722667960496,0.216902616168596
34.96,0.1,168.052489278151,0.150035491528499,0.876115282509855,0.657567251697282,0.213425897508477
34.97,0.1,167.442877177738,0.152273086164146,0.87828974021323,0.655124210662859,0.215936343082002
34.98,0.1,166.838049509346,0.151237128685537,0.875653731584167,0.654406930621205,0.21449021248056
34.99,0.1,166.238079059605,0.151545455732765,0.87780092574814,0.65604338492527,0.214977733753652
35,0,165.643036341991,0.153606346116763,0.876059145281121,0.654082840159625,0.216182279393721
35.01,0,165.052989606327,0.151782461919062,0.873072752347918,0.653327948168443,0.216208756832448
35.02,0,164.46800484918,0.150149515635054,0.876027343659679,0.655134518972931,0.214929391313223
35.03,0,163.888145825079,0.156315179921929,0.873670470891773,0.657376089403145,0.216877956426465
35.04,0,163.31347405855,0.153161837833815,0.874495115270595,0.654188668804725,0.215618502733438
35.05,0,162.744048856916,0.153534962819331,0.871876108939247,0.654200585775246,0.212912612230985
35.06,0,162.179927323829,0.154956338179108,0.873357196689322,0.655343524269404,0.21522218938845
35.07,0,161.621164373502,0.15501828991523,0.871852467995684,0.654599892901395,0.215571681226927
35.08,0,161.067812745606,0.156675556470791,0.872807576930414,0.656409227502796,0.214182215011146
35.09,0,160.5199230208,0.155852788047936,0.873650623045437,0.655947441251582,0.217090123774277
35.1,0,159.977543636851,0.158153709971357,0.871102463864217,0.655510585231776,0.216416777612321
35.11,0,159.440720905321,0.158326342600613,0.870878551408529,0.655045644450219,0.214961341587367
35.12,0,158.909499028787,0.159863425323585,0.870633151553521,0.653948451353218,0.217190366536083
35.13,0,158.383920118556,0.158951967706071,0.871162472949458,0.656382650413367,0.215971495827624
35.14,0,157.864024212844,0.158470997654253,0.869142432581803,0.65591187569395,0.211778251297787
35.15,0,157.349849295395,0.162198010614756,0.869124428170816,0.65577258526882,0.214463665636318
35.16,0,156.841431314504,0.161124865451674,0.868333300850225,0.655259159007443,0.214468167924261
35.17,0,156.338804202411,0.158676574943256,0.868793828354743,0.654102694726277,0.21702567861294
35.18,0,155.841999895045,0.158481170989143,0.868833304492677,0.65411292414687,0.216597642952877
35.19,0,155.351048352083,0.160878350052311,0.866675478262025,0.656564102043957,0.215270796365453
35.2,0,154.865977577298,0.161581235581494,0.865635862559392,0.655094856089943,0.217667370685981
35.21,0,154.386813639168,0.162487238173442,0.866597492176519,0.656480184992073,0.215521082504878
35.22,0,153.913580691726,0.160613125713005,0.865155078701989,0.656154863888178,0.214345806505228
35.23,0,153.446300995609,0.16410699411495,0.866559509230768,0.65254811598957,0.215512836706554
35.24,0,152.984994939308,0.164586564360975,0.865675785765985,0.658060482335346,0.214965800606905
35.25,0,152.529681060564,0.16231883786964,0.86361358704948,0.656367795900074,0.21413774474931
35.26,0,152.080376067913,0.16532488777944,0.864958454132697,0.657900255549332,0.213046769220015
35.27,0,151.637094862339,0.166674645880592,0.862856222978128,0.656943919872217,0.212787480938751
35.28,0,151.199850559031,0.163101675181162,0.865137509569973,0.65835953922504,0.214496274851579
35.29,0,150.768654509199,0.166896826350073,0.864800825705056,0.654081901407492,0.215235671781674
35.3,0,150.343516321959,0.166996050179385,0.862967267187181,0.656613328080615,0.215533366298895
35.31,0,149.924443886247,0.16525335132337,0.861644404763377,0.657297255178438,0.216213147792476
35.32,0,149.511443392741,0.164138011430389,0.861597182748034,0.656635775761756,0.214920160138971
35.33,0,149.104519355801,0.165759236751222,0.860987066617505,0.657189929778092,0.217365268117665
35.34,0,148.703674635375,0.167299242924047,0.862720221011362,0.657377504897702,0.214413852466871
35.35,0,148.308910458883,0.169370683887336,0.85990868169007,0.656690732156895,0.215060406188836
35.36,0,147.920226443052,0.167645816646076,0.862949948565933,0.65667604143751,0.21396654987165
35.37,0,147.537620615687,0.169306780827804,0.863303190550775,0.655874935570605,0.213247251478121
35.38,0,147.161089437375,0.167676764922432,0.858867955318426,0.656156101072516,0.214303750526486
35.39,0,146.790627823097,0.168562379207429,0.85951898649904,0.656966206368705,0.21332907461074
35.4,0,146.426229163753,0.167787187026658,0.858845073795784,0.658494456119883,0.214065350221592
35.41,0,146.067885347571,0.171595179757011,0.857577542193874,0.657834668463526,0.215412241908928
35.42,0,145.715586781406,0.17085329341017,0.85861706992485,0.657411139617774,0.215558487602616
35.43,0,145.369322411914,0.168154910494832,0.858654702330229,0.656620598230624,0.21472618740728
35.44,0,145.029079746591,0.171817097552076,0.85839430037814,0.657692869374797,0.213932125257047
35.45,0,144.69484487468,0.171957013984588,0.857634546619625,0.657000059424779,0.215213295685467
35.46,0,144.366602487927,0.169853318791971,0.857291666488917,0.655427297704997,0.213814942803351
35.47,0,144.04433590119,0.168123085375847,0.858213965029527,0.654441192875978,0.216818893226083
35.48,0,143.728027072893,0.171548980248017,0.854162392737287,0.655876617182202,0.212836468898746
35.49,0,143.417656625322,0.172914258401112,0.856103419098515,0.657815299284628,0.214398049264194
35.5,0,143.113203864762,0.170106509221294,0.853438178580536,0.657003166617689,0.216968825412175
35.51,0,142.814646801471,0.169361287084374,0.855545779392977,0.65637908501526,0.213337363759192
35.52,0,142.521962169486,0.172132353743927,0.852320349181526,0.658969310656293,0.216253672594226
35.53,0,142.235125446272,0.17411782686979,0.853269981944299,0.656683327293711,0.219353342963509
35.54,0,141.954110872197,0.172538636964616,0.854452448348341,0.657606946579649,0.214851219774171
35.55,0,141.678891469852,0.174112169360555,0.853742532129974,0.659150458489973,0.212204546827917
35.56,0,141.409439063205,0.172286425017983,0.853096097742346,0.655783312972752,0.214368047152332
35.57,0,141.145724296594,0.174942760398009,0.852966771997292,0.653176142361645,0.215719109695499
35.58,0,140.887716653564,0.174196998053577,0.850559751654896,0.654910204239721,0.215325587921379
35.59,0,140.635384475549,0.175448667394241,0.850575996600408,0.654799868541382,0.21616874803717
35.6,0,140.38869498041,0.173587079161659,0.852478248333729,0.655722333359048,0.216847816136793
35.61,0,140.147614280816,0.173166758438701,0.852099168047801,0.654426705089644,0.218421672505221
35.62,0,139.912107402497,0.175254459093178,0.853569672996488,0.65629741642425,0.214976006544811
35.63,0,139.682138302357,0.175524720057246,0.853951120974335,0.656234470628992,0.219717651363748
35.64,0,139.457669886458,0.175900895109577,0.852284104776523,0.655882701856481,0.21139432176633
35.65,0,139.238664027883,0.174286459004643,0.850036827877781,0.656041242629908,0.214593030337277
35.66,0,139.025081584488,0.171870100308084,0.850234898494383,0.655540023585135,0.216873231664484
35.67,0,138.816882416543,0.174135631126078,0.851008206122575,0.654208332909483,0.214554304147384
35.68,0,138.614025404277,0.17418042205787,0.847735240802088,0.655448043391904,0.215049629179593
35.69,0,138.416468465332,0.175812339648869,0.848149220157271,0.654987737276315,0.21558208782095
35.7,0,138.224168572134,0.175796863306339,0.847706325892473,0.650466776258359,0.217161156610067
35.71,0,138.037081769196,0.178103630087689,0.850105988186825,0.655963026699302,0.213351027836106
35.72,0,137.855163190353,0.172725854408115,0.848290172840359,0.654435615365203,0.215149401054523
35.73,0,137.678367075947,0.174478361874807,0.846745408692067,0.656539356121774,0.218084283894938
35.74,0,137.506646789967,0.176853861251346,0.847503437588995,0.6546303794775,0.212206242792656
35.75,0,137.339954837164,0.179354217151123,0.844937525734098,0.655127940228088,0.213271801095281
35.76,0,137.17824288013,0.175733000978794,0.846212257620128,0.654427132811646,0.218867012806197
35.77,0,137.021461756379,0.176445141072382,0.846170913848459,0.655843601698546,0.215361923028912
35.78,0,136.86956149542,0.17444209430493,0.844244473921612,0.653108367411139,0.214656996322147
35.79,0,136.722491335843,0.176372589811014,0.845049110846854,0.653151199492051,0.215581910539374
35.8,0,136.580199742428,0.176209094220884,0.844542966085764,0.654509544707643,0.215408314088796
35.81,0,136.442634423283,0.175115787017435,0.844104035173335,0.650738014230639,0.216631561590766
35.82,0,136.309742347033,0.17666714520859,0.842272292010049,0.65543163243272,0.214410531750453
35.83,0,136.181469760056,0.17509010809725,0.844980619187298,0.653768268050587,0.214392826423002
35.84,0,136.057762203798,0.17837908227494,0.844490306738207,0.651947250977816,0.213151433798993
35.85,0,135.938564532153,0.175864054668797,0.841532196068474,0.654107115302018,0.213911111580865
35.86,0,135.823820928945,0.173137507538206,0.843974576525871,0.654543827487867,0.213928914183551
35.87,0,135.7134749255,0.178207419950713,0.842746091447137,0.654039926493771,0.21572354452643
35.88,0,135.607469418344,0.175338468509582,0.84532810413195,0.653851982506947,0.213816662343367
35.89,0,135.505746687009,0.17672873990002,0.843454658324581,0.651071020565313,0.214086285561058
35.9,0,135.408248411987,0.177089706167401,0.840218294217174,0.654632176797113,0.215600632473115
35.91,0,135.31491569282,0.176096818870326,0.838129466834876,0.652339968803527,0.215951574743815
35.92,0,135.22568906635,0.177095462922008,0.841888942368581,0.653539770922515,0.2153317951624
35.93,0,135.140508525131,0.179339155269393,0.838116252327519,0.65344895164004,0.213774673579788
35.94,0,135.059313536025,0.176509733736887,0.843020229250184,0.652121640988871,0.215070338227801
35.95,0,134.982043058975,0.176698190330985,0.841211632915838,0.652430030181207,0.214439551549375
35.96,0,134.908533871567,0.176147617123551,0.84038852585812,0.652745834234744,0.216414627576362
35.97,0,134.836636884807,0.178380574877317,0.837183278287752,0.653769597150251,0.21510568589374
35.98,0,134.765502448197,0.178174954467322,0.83724327973331,0.651628561811259,0.215036393792144
35.99,0,134.695118470517,0.179982827744206,0.838660029179954,0.65157500888266,0.21487481286054
36,0,134.625472692671,0.178801117013146,0.837418339289112,0.65005671281608,0.214356507257311
36.01,0,134.556552694943,0.17592466081909,0.836689004736653,0.652670077294246,0.215122080801379
36.02,0,134.488345904321,0.175906766299483,0.836928021184796,0.651767344927418,0.215197831402182
36.03,0,134.420839601887,0.175400883214233,0.838217685200172,0.647752854880873,0.215879527882905
36.04,0,134.354020930263,0.176764890299254,0.835608022060829,0.65074651505589,0.214577523682394
36.05,0,134.287876901108,0.179758938797431,0.838497646292348,0.648730599386862,0.216658696851622
36.06,0,134.222394402675,0.177774041163331,0.835298061902011,0.651940527679269,0.215856342038721
36.07,0,134.157560207401,0.176819839917212,0.833704715428211,0.652857258769541,0.214889050231048
36.08,0,134.093360979552,0.178076866597564,0.835713232777852,0.650292269057109,0.214726243703747
36.09,0,134.029783282898,0.175605448756473,0.836052069290066,0.651198963616136,0.214654154762963
36.1,0,133.966813588426,0.176963834660334,0.833807467155066,0.65024172648273,0.215402943267889
36.11,0,133.904438282083,0.177297819884175,0.833703532187299,0.647446578257505,0.215371665089137
36.12,0,133.842643672543,0.177381197168163,0.83142165124481,0.649055152799903,0.215027990955288
36.13,0,133.781415999,0.178251488046191,0.834496213668898,0.650462453141396,0.213862217532989
36.14,0,133.720741438978,0.176929339903127,0.834173428338166,0.650692246297025,0.212107086221402
36.15,0,133.660606116154,0.177829726336626,0.834546806238127,0.648532821839524,0.216072679857286
36.16,0,133.600996108194,0.179605759154722,0.832996800218581,0.650487235017307,0.214283650373275
36.17,0,133.541897454597,0.175814934983341,0.832607309678004,0.650874654527548,0.217967512805061
36.18,0,133.483296164538,0.17752101066745,0.830028465891754,0.649289765166983,0.216739781332852
36.19,0,133.425178224713,0.177554315463364,0.835236862945002,0.649340131749708,0.216192329908915
36.2,0,133.367529607181,0.176871516117071,0.830605858633063,0.648333922293006,0.214505288627669
36.21,0,133.310336277195,0.178036506288297,0.830442541277755,0.650081769201945,0.214736812033156
36.22,0,133.253584201023,0.177912745250636,0.830461365615043,0.647328550784583,0.213962932264604
36.23,0,133.197259353753,0.177252667725217,0.831624160096023,0.646800871974502,0.214731633824611
36.24,0,133.141347727079,0.177919272250549,0.830895942864293,0.648486076515104,0.213193852152436
36.25,0,133.085835337067,0.178000960347842,0.829776576825691,0.649672413486422,0.215524311644046
36.26,0,133.030708231889,0.177238227290674,0.830642567002895,0.647712694519965,0.215007178680002
36.27,0,132.975952499537,0.176950632098639,0.829061315445371,0.64889829734259,0.217425166414437
36.28,0,132.921554275492,0.179321948338014,0.829469690415597,0.647591223015311,0.213806207650975
36.29,0,132.867499750372,0.17981151650143,0.828743429135275,0.648938080170562,0.214105799653148
36.3,0,132.813775177526,0.177164608953877,0.827228827152898,0.646701275524351,0.216540970624832
36.31,0,132.760366880594,0.18110701641633,0.828133587447327,0.643488013355278,0.217625164418127
36.32,0,132.707261261021,0.177634691062323,0.82957202715207,0.647106374905929,0.215494714904862
36.33,0,132.654444805516,0.177814992727224,0.829270945314374,0.647944579153041,0.215561654667897
36.34,0,132.601904093471,0.176399179585603,0.82792198539838,0.64718322291182,0.21478200952968
36.35,0,132.549625804307,0.17806430485077,0.828874047607002,0.645697256332794,0.212706899359282
36.36,0,132.497596724783,0.176174392758699,0.829430621926431,0.647113581423634,0.21612761146322
36.37,0,132.445803756226,0.178383940546172,0.828536886318075,0.646716596908726,0.213053947057198
36.38,0,132.649841576125,0.178377822082839,0.826824903730532,0.646995492504652,0.217748706452233
36.39,0,132.772801982704,0.177072560292914,0.826814040193771,0.647036637706464,0.214595517941038
36.4,0,132.836036213392,0.175674543062031,0.827355057111689,0.648539908240731,0.215374367772425
36.41,0,132.879196932097,0.174618845929319,0.827149222923527,0.645703798176906,0.215325139165599
36.42,0,132.916405982607,0.176083361044146,0.825178061308603,0.647380587395801,0.215821386813295
36.43,0,132.95223511699,0.177710092903614,0.828275544244348,0.645239737709643,0.213382187847133
36.44,0,132.988118987733,0.174883257416221,0.82602081736743,0.645956897364711,0.213993231167711
36.45,0,133.024481125242,0.173981003647675,0.824989964089121,0.643948341630287,0.214520991764433
36.46,0,133.061420384434,0.175448046813953,0.825981312331146,0.645960379287343,0.217588681213221
36.47,0,133.098931751658,0.17616609782633,0.8271876914595,0.645699767274737,0.216932230642707
36.48,0,133.136977364439,0.175000388683745,0.825616566129852,0.645186764091523,0.214172991003409
36.49,0,133.17550937412,0.176068900662607,0.823761261730698,0.647616124238797,0.216078824414971
36.5,0,133.214477321776,0.174816072985253,0.823653757505563,0.643831853883161,0.215293539599499
36.51,0,133.253830531786,0.17560961979987,0.82710077648132,0.647042052689255,0.214124840224773
36.52,0,133.293518901739,0.177529283836278,0.822376862177584,0.644219085403051,0.215998201544308
36.53,0,133.333493175875,0.173341476610936,0.824460189839986,0.645649603116974,0.213787990286534
36.54,0,133.373705052017,0.173970636481408,0.826166267149619,0.645272169475213,0.216891242377966
36.55,0,133.414107234687,0.173882262576346,0.821634500669198,0.644054912601607,0.214465317531207
36.56,0,133.454653470697,0.174701305775269,0.822518332706139,0.643851853456737,0.212747528747444
36.57,0,133.495298578894,0.172825256542999,0.823257009405491,0.641573164763742,0.214104516673379
36.58,0,133.53599847782,0.172525013678351,0.822272101944057,0.6431771298036,0.216562411321977
36.59,0,133.576710212476,0.174184603837975,0.82263462971483,0.646365000621478,0.217212996858729
36.6,0,133.617391980555,0.172512999923512,0.825044051017956,0.642691541725068,0.214006134718157
36.61,0,133.65800315827,0.173443305746204,0.822431839758645,0.644467855261657,0.214223329517674
36.62,0,133.698504325771,0.174779928143021,0.820409883603746,0.645367665772593,0.214393458990272
36.63,0,133.738857292158,0.170159856012575,0.822030332314876,0.644180234129063,0.21319735514057
36.64,0,133.779025120077,0.174599430680586,0.819586097742556,0.644480007031925,0.217076568748917
36.65,0,133.818972149857,0.172945200145766,0.82311932008941,0.645218890395248,0.215503521518618
36.66,0,133.858664023201,0.173680099511546,0.821601024669879,0.646074125019852,0.216097857823722
36.67,0,133.898067706376,0.16961601040263,0.821399125614556,0.645974673654387,0.215363360745639
36.68,0,133.937151512913,0.17484396871648,0.821144554417512,0.642991895531986,0.213174641833311
36.69,0,133.97588512577,0.173352574136554,0.822974813237734,0.645168634465847,0.214149227951986
36.7,0,134.01423961896,0.173308838461395,0.817775918124584,0.644458363411971,0.215760082515483
36.71,0,134.052187478614,0.173322921347603,0.821474555485384,0.644441489831753,0.216399365339758
36.72,0,134.089702623462,0.170192224481862,0.819167353308595,0.646429803455443,0.215572410850031
36.73,0,134.126760424717,0.17010541822247,0.81985576618523,0.643099663897754,0.215738428808784
36.74,0,134.163337725342,0.171574455181592,0.819723707895781,0.643088665262057,0.21694581933823
36.75,0,134.199412858683,0.171439509581781,0.82014935411082,0.644693523174375,0.216505774316293
36.76,0,134.234965666456,0.172023745015097,0.817915946581738,0.643666359050888,0.216556322652871
36.77,0,134.269977516064,0.169432994364527,0.816920415083996,0.644492967686976,0.214651831980939
36.78,0,134.30443131724,0.172405354431204,0.820430271403642,0.644702910739543,0.213037051328317
36.79,0,134.338311537993,0.170179039852997,0.81800916995936,0.642297826533194,0.214825883976581
36.8,0,134.371604219845,0.173826242707494,0.818691852343614,0.645131582946196,0.214877043185813
36.81,0,134.404296992352,0.170481321234498,0.817862789897737,0.643243101978966,0.214379734407917
36.82,0,134.43637908689,0.170080145432785,0.817026874836327,0.645468603010813,0.214495417261454
36.83,0,134.467841349696,0.172567444628613,0.81780298581214,0.643477061754986,0.214937298240751
36.84,0,134.49867625416,0.169722165345809,0.815087561044035,0.644244531397973,0.216995769444425
36.85,0,134.528877912349,0.170226138042965,0.819150384593821,0.645311826828601,0.214589942600832
36.86,0,134.558442085761,0.171387710040774,0.81807815245434,0.641290448633229,0.21565861328184
36.87,0,134.587366195297,0.171069691065571,0.815609392887626,0.644202483667466,0.215839377598206
36.88,0,134.615649330451,0.169985675069985,0.817205090227712,0.64418408374909,0.214086023528192
36.89,0,134.6432922577,0.170325105219566,0.813688014570091,0.644865669351496,0.215467834877693
36.9,0,134.670297428103,0.16826246313836,0.816539231849064,0.643561466704947,0.214664333255694
36.91,0,134.696668984089,0.169409233546378,0.815048066585112,0.642958232474305,0.218407384825089
36.92,0,134.72241276545,0.170760929910136,0.816527902322352,0.64380007548929,0.217373890486449
36.93,0,134.747536314515,0.16987131005491,0.819096588705935,0.644565887828339,0.217249432826229
36.94,0,134.772048880524,0.169326915754531,0.817220557646428,0.642391951718992,0.214391067711381
36.95,0,134.795961423185,0.168792364307965,0.816350301495348,0.64570843908298,0.216247314612455
36.96,0,134.819286615427,0.168873091092193,0.812064630318539,0.644240333719546,0.216488070809463
36.97,0,134.84203884534,0.170077001561066,0.816757557555241,0.643428872416622,0.215744153759697
36.98,0,134.864234217318,0.168907082518439,0.816115470202194,0.642699312304384,0.214898282626139
36.99,0,134.885890552387,0.168386739834993,0.816857593598919,0.643329226145013,0.214278705104063
37,0,134.907027387749,0.166595705400502,0.815439537767159,0.643860782080216,0.2135484485732
37.01,0,134.927665975525,0.168713409804534,0.81631453861783,0.643883764307344,0.217057245983828
37.02,0,134.947829280714,0.167332603579204,0.814753432285329,0.644025640860523,0.213734980630427
37.03,0,134.967541978373,0.168426493584254,0.81496353648217,0.641717315626683,0.212303100565319
37.04,0,134.98683045003,0.169738133368374,0.814643774068814,0.643287877169616,0.213407991049424
37.05,0,135.005722779328,0.169910397575329,0.81537020105826,0.644068316286361,0.213860519501965
37.06,0,135.024248746922,0.170501985888401,0.814175242566021,0.643189989275241,0.215790625682455
37.07,0,135.042439824636,0.168756681488914,0.814967299690587,0.645592733385713,0.21535843300388
37.08,0,135.060329168884,0.168653081948456,0.811957908267358,0.646407620281179,0.214125647871189
37.09,0,135.077951613379,0.169850762572376,0.815588884032464,0.643934360737456,0.21502994464174
37.1,0,135.09534366114,0.167202069353685,0.813707360475437,0.64472491009354,0.215286581506465
37.11,0,135.112543475805,0.168200075977802,0.813990492906533,0.64441376117074,0.210372674860239
37.12,0,135.129590872266,0.166968293790433,0.815884943070499,0.645588909175931,0.212855308626023
37.13,0,135.146527306657,0.16779649759331,0.814053278843758,0.643252270013805,0.212349753138169
37.14,0,135.163395865686,0.165526601233014,0.813630515428169,0.64279936610199,0.214961856142987
37.15,0,135.180241255346,0.166852468571901,0.812515083866362,0.645157541011978,0.213886501191687
37.16,0,135.197109789022,0.169115548648081,0.814012808349939,0.646036949593025,0.214325743009202
37.17,0,135.214049375001,0.168272047645097,0.814967131294961,0.644627839626437,0.215178496197674
37.18,0,135.231109503415,0.1646279104491,0.814861203338531,0.643521953743415,0.213436195453929
37.19,0,135.248341232633,0.165927316164487,0.814387551146042,0.644017622725148,0.215374983143084
37.2,0,135.265797175118,0.162793485001761,0.812711703731506,0.645154410367449,0.215592558328472
37.21,0,135.28353148278,0.166763047524096,0.813573090759006,0.641614489035027,0.214033649868002
37.22,0,135.30159983183,0.167133725158843,0.811373838845132,0.642547114956062,0.219946928643874
37.23,0,135.320059407174,0.164748693957791,0.811995810824203,0.645396705095728,0.212302252960491
37.24,0,135.338968886356,0.168171730754515,0.814363013218723,0.645801943149498,0.212790672602897
37.25,0,135.358388423077,0.166633518139785,0.813236900423565,0.644302839213171,0.217509298147873
37.26,0,135.378379630319,0.165182043407506,0.812058906972887,0.645283724603771,0.212797125859883
37.27,0,135.399005563078,0.165835926861141,0.811839097329181,0.646243254911191,0.214530484197685
37.28,0,135.420330700753,0.170839101444497,0.813952399288743,0.646875009614191,0.21541813715169
37.29,0,135.442420929196,0.165702535621115,0.818632216260239,0.645385951219026,0.217771894598731
37.3,0,135.465343522459,0.166000913563596,0.814947990123378,0.64855617535678,0.215182971487358
37.31,0,135.489167124249,0.1658545106083,0.812954069673296,0.64580138686957,0.216571050092769
37.32,0,135.513961729129,0.163412852001526,0.812187592546817,0.642869827097415,0.215957682587797
37.33,0,135.539798663475,0.163149249722109,0.811373676904002,0.645779761517705,0.21814767916726
37.34,0,135.566750566226,0.162537032846983,0.812317703074526,0.646404102900772,0.213833563264598
37.35,0,135.594891369439,0.164088503230011,0.813111171401369,0.646585302429908,0.216666995164542
37.36,0,135.624296278683,0.164775551180351,0.815272515746988,0.646181795592543,0.216504992588315
37.37,0,135.655041753286,0.164721187524679,0.811423688921575,0.648666766088635,0.216410806398808
37.38,0,135.687205486468,0.162762934013422,0.813322164418206,0.645835215910843,0.215253538963246
37.39,0,135.720866385373,0.163173383652447,0.814514266756568,0.647918941339459,0.214952983628803
37.4,0,135.756104551037,0.162835284930262,0.812934331476738,0.645038702422684,0.214133538062054
37.41,0,135.793001258304,0.163432160668516,0.813377705175256,0.644760912223852,0.215189820306314
37.42,0,135.831638935708,0.162807399941686,0.812678155481455,0.649233099892486,0.216396133221719
37.43,0,135.872101145367,0.166019373922353,0.812190605044941,0.649891125048925,0.214855267058
37.44,0,135.914472562878,0.160479743859098,0.813786815381049,0.648771469501263,0.214090446121724
37.45,0,135.958838957268,0.163950579673315,0.815487613729839,0.647512681244171,0.215972231571714
37.46,0,136.005287170992,0.160886574137506,0.813762689779955,0.648704292134969,0.212642389238347
37.47,0,136.053905100023,0.162979585707758,0.811782950432911,0.647182602876356,0.213965023406038
37.48,0,136.104781674041,0.162005193475028,0.814549921562783,0.647589178264471,0.215116011062801
37.49,0,136.158006836742,0.16277946709328,0.810307386099279,0.648524980932654,0.214764756765047
37.5,0,136.213671526295,0.163465328959019,0.813330221774482,0.647158837054173,0.2163816089756
37.51,0,136.27186765595,0.16231771077351,0.812755055600364,0.64923199524901,0.215254289513074
37.52,0,136.332688094834,0.160263340260662,0.80825272610857,0.648100863321789,0.216234190342244
37.53,0,136.396226648934,0.163708439906492,0.814014591061305,0.646013176614411,0.215509879638338
37.54,0,136.462578042306,0.160458584300173,0.813130115325747,0.650280867679219,0.215466693650364
37.55,0,136.531837898495,0.159384746022058,0.816221180912026,0.650021990278697,0.21594428730585
37.56,0,136.604102722217,0.160702974370172,0.81384861877177,0.647581883569191,0.213693514037886
37.57,0,136.679469881292,0.162020666584484,0.811196487834902,0.648109256547984,0.216011550387539
37.58,0,136.758037588852,0.159354332568659,0.812219048109926,0.649648039439164,0.215301337374509
37.59,0,136.839904885836,0.161754832050018,0.813666214563463,0.651109580476863,0.215331641941142
37.6,0,136.925171623788,0.161857273719138,0.813447089526705,0.650468294408954,0.215153824490089
37.61,0,137.013938447964,0.159655039410497,0.810554639790015,0.651122679813807,0.21477194715311
37.62,0,137.10630678076,0.161514464714037,0.816432770836118,0.651795231612886,0.215378543000325
37.63,0,137.202378805481,0.159751742198534,0.815401820004326,0.648739579364652,0.215383785165338
37.64,0,137.302257450442,0.160330227629677,0.815379627729291,0.648249112232738,0.215339306993879
37.65,0,137.406046373429,0.162642532556632,0.810235079421709,0.646152643106059,0.213948706014145
37.66,0,137.51384994651,0.159608288764689,0.813871739974245,0.647975394227789,0.2142091800583
37.67,0,137.625773241225,0.157896895003531,0.813894894987437,0.650983256905234,0.214011192701896
37.68,0,137.741922014135,0.15823718554059,0.8149737258675,0.648879795735252,0.214116733235037
37.69,0,137.862402692752,0.157765095307194,0.814631743803763,0.651943182354906,0.216519561516992
37.7,0,137.987322361855,0.158327166397624,0.815187777627509,0.650020374041435,0.213976865253072
37.71,0,138.116788750185,0.157505805955948,0.812272589111403,0.647938473798697,0.215870599039568
37.72,0,138.25091021753,0.155270183915345,0.813005554019136,0.652709520006896,0.214137679346654
37.73,0,138.389795742198,0.161156522831933,0.814424939947699,0.652253967577068,0.214480492632868
37.74,0,138.533554908879,0.156005279916774,0.809760920172861,0.64791947663632,0.213608977715742
37.75,0,138.6822978969,0.15660629289961,0.812269858615919,0.649901462165057,0.213736105315625
37.76,0,138.836135468864,0.15780185093569,0.813562920704695,0.649799984338156,0.214241819296884
37.77,0,138.995178959682,0.157095991162578,0.813191490800414,0.650362622246734,0.214587078973972
37.78,0,139.159540265977,0.158166320295302,0.814515702083535,0.653729708806285,0.214333579852114
37.79,0,139.329331835883,0.156840808753853,0.812639226453777,0.652214000927054,0.214443855035283
37.8,0,139.50466665921,0.156487070292148,0.813852079610818,0.650949986043505,0.218772881978009
37.81,0,139.685658257983,0.158673135199632,0.815204263566703,0.652076202463967,0.214008763668624
37.82,0,139.872420677343,0.155973363091189,0.812978772686103,0.650737479478896,0.216094490995043
37.83,0,140.065068476806,0.15747595435673,0.813339746093195,0.651141156991602,0.215677206289741
37.84,0,140.263716721874,0.15799213794193,0.811939148476496,0.649383778212382,0.213052965880683
37.85,0,140.468480975982,0.155465777469644,0.815717369386584,0.653215676311646,0.213385796915514
37.86,0,140.679477292778,0.153704817625459,0.815539253354832,0.652052787830195,0.214114830523096
37.87,0,140.896822208721,0.154215836149588,0.815964904654875,0.650253557861437,0.214660857285126
37.88,0,141.120632735993,0.152044156540118,0.814753569651548,0.652475587830011,0.214887844753001
37.89,0,141.351026355704,0.154324027937491,0.814003768031133,0.653144276582357,0.215387222665445
37.9,0,141.588121011383,0.153347101560294,0.813079651661916,0.651142825222134,0.210964475145644
37.91,0,141.832035102741,0.15203786855935,0.814432462309713,0.653640857989977,0.214992533608495
37.92,0,142.082887479687,0.150704176676294,0.814851489730096,0.654347161094187,0.215195408863084
37.93,0,142.340797436593,0.153159842053338,0.816071235952838,0.653655977619666,0.215766896813706
37.94,0,142.605884706775,0.152474801055094,0.814565386010378,0.653477979379532,0.213727082129933
37.95,0,142.878269457197,0.152379960288867,0.816062988653014,0.652339236587744,0.21573869038857
37.96,0,143.158072283353,0.151746020005499,0.816946554981688,0.652709286695779,0.21407628251689
37.97,0,143.445414204335,0.149091624166038,0.813693229259358,0.654540389912476,0.214698617660653
37.98,0,143.740416658056,0.149687597724494,0.814261107397256,0.652840790055542,0.212285824405783
37.99,0,144.043201496605,0.150128735977387,0.814760339708694,0.653529993756138,0.215541216733275
38,0,144.353890981729,0.150544610427178,0.814746162992837,0.651813977074311,0.216721803929972
38.01,0,144.672607780403,0.148930327577788,0.815650040979356,0.655127076219508,0.214121665954116
38.02,0,144.99947496049,0.145047988169542,0.816120512634577,0.652802079057778,0.215539080812131
38.03,0,145.334615986444,0.147581422819537,0.814981587742827,0.653224685050492,0.214071199682071
38.04,0,145.678154715058,0.146026697719815,0.817859725467167,0.65399584973849,0.21539155968865
38.05,0,146.030215391219,0.146542937394772,0.813526349343255,0.654869140850621,0.217032919293038
38.06,0,146.390922643655,0.144840706527219,0.817496072311467,0.654432339607122,0.215282879674768
38.07,0,146.760401480644,0.144445464796994,0.817899368889422,0.651999865665226,0.216277086620406
38.08,0,147.138777285672,0.144217204186016,0.816986540983929,0.654650146607826,0.212531408265769
38.09,0,147.52617581301,0.145168919745138,0.818144749506797,0.658017343322454,0.215200122896171
38.1,0,147.922723183174,0.144740121971575,0.819393593816854,0.655714610435254,0.213200647853635
38.11,0,148.328545878275,0.143074680200539,0.819465470832494,0.655176025614177,0.21670937748402
38.12,0,148.743770737191,0.143766060666281,0.81604469514868,0.654694337333435,0.215869415748621
38.13,0,149.168524950577,0.143604258639903,0.815506440346373,0.65336534040129,0.216617862073476
38.14,0,149.602936055662,0.142753759383498,0.817629693462351,0.657486258790581,0.213589160574331
38.15,0,150.047131930806,0.142864844710994,0.817076422021493,0.655781032554719,0.212200913921211
38.16,0,150.501240789816,0.140638415672609,0.819267909239348,0.654895932885457,0.214918851225138
38.17,0,150.965391175959,0.138256221545917,0.816655943880565,0.654973973767289,0.213947663159338
38.18,0,151.439711955679,0.138391013237031,0.817244050709957,0.655210370456681,0.217100222561292
38.19,0,151.924332311964,0.137507907619891,0.820654910154595,0.654176319776771,0.214980310724689
38.2,0,152.419381737359,0.139617840723355,0.819465053527554,0.656087047569525,0.21627091806633
38.21,0,152.924990026581,0.136701638697817,0.818316200417182,0.653360048670196,0.215381003846692
38.22,0,153.441287268719,0.137554757085397,0.820662323387264,0.65381681359579,0.21682103391106
38.23,0,153.968403838983,0.135461737427973,0.819404726966521,0.658481963361094,0.214118930722198
38.24,0,154.506470389991,0.13748474838045,0.819584632835969,0.655018851569405,0.213549930596152
38.25,0,155.055617842546,0.135195173066631,0.818654238659211,0.656331458623027,0.214196539344465
38.26,0,155.615977375893,0.136564433950788,0.822092251162475,0.657135527532001,0.212313813798938
38.27,0,156.187680417422,0.135431175258481,0.820571695444019,0.657458620549814,0.215539071470812
38.28,0,156.770858631793,0.133173453239107,0.820332408933228,0.653830762361611,0.214577002141626
38.29,0,157.365643909447,0.13486198297782,0.818053146592667,0.658077014467052,0.215821811285116
38.3,0,157.972168354492,0.132786462795943,0.819674317335897,0.657877480641997,0.213358675338836
38.31,0,158.590564271933,0.132190493027155,0.819290724549087,0.655463372551356,0.216744949471343
38.32,0,159.220964154202,0.128280924683167,0.818854591967136,0.655580062453938,0.217440235194055
38.33,0,159.863500666994,0.130653036679131,0.819063936821636,0.656407778610991,0.215786724110665
38.34,0,160.518306634358,0.130389772344133,0.819375835888756,0.657278557140864,0.213479170671831
38.35,0,161.185515023031,0.129632724721266,0.823009447204536,0.655466015377287,0.217312371198865
38.36,0,161.865258925977,0.126953470808881,0.821148802983393,0.653783609764965,0.213757830712585
38.37,0,162.557671545132,0.127097397832824,0.821275217463787,0.656364530748144,0.216213931449472
38.38,0,163.262886173298,0.129689469286494,0.824471731300807,0.657163584073916,0.215185401331136
38.39,0,163.981036175193,0.124721775973836,0.821496621877657,0.655910679085319,0.215708848422406
38.4,0,164.712254967612,0.125955445982288,0.819385229519359,0.656065302157315,0.212993546626065
38.41,0,165.456675998687,0.125493789646968,0.82247462491191,0.658892353989412,0.21529682756276
38.42,0,166.214432726228,0.123842376337898,0.823439875961797,0.65814148239959,0.215741537961626
38.43,0,166.985658595111,0.121649592327461,0.823094203019628,0.658380888856423,0.215058669966801
38.44,0,167.770487013703,0.123270073500734,0.822710299512378,0.656464561873864,0.214267031946299
38.45,0,168.569051329304,0.121901273704194,0.824397231980639,0.658043984908435,0.215906386101905
38.46,0,169.381484802582,0.118674516749143,0.824560031110564,0.657789374193435,0.215049997396266
38.47,0,170.207920580978,0.118652448689225,0.826207367536307,0.654641581931896,0.214793947057949
38.48,0,171.048491671086,0.118410379049403,0.825237905716922,0.656410037415327,0.21477884416337
38.49,0,171.903330909957,0.118720249118542,0.823696577756006,0.654674887171683,0.21560535951111
38.5,0,172.772570935345,0.116077303869179,0.825214543718399,0.656468234071528,0.21577853413847
38.51,0,173.656344154859,0.115208477891458,0.824205346523554,0.660312924523541,0.212203163159012
38.52,0,174.554782714011,0.114321002432187,0.826164920022869,0.657560396933073,0.215135216277887
38.53,0,175.46801846315,0.115587139253533,0.824275791262164,0.656323831560891,0.216508635460847
38.54,0,176.396182923278,0.114985422301788,0.828266081353451,0.656526133289145,0.215155396460412
38.55,0,177.339407250716,0.108465685145929,0.827110470199763,0.657606589130762,0.21470160197449
38.56,0,178.297822200629,0.111842097813151,0.826249429625888,0.655182396865484,0.215039875422969
38.57,0,179.271558089402,0.111555603642291,0.825660219488765,0.655407221528458,0.214485068891472
38.58,0,180.260744755839,0.109951411457028,0.826097565271805,0.655044474699335,0.212571145610948
38.59,0,181.265511521208,0.108954007718914,0.826885305355748,0.654100443478225,0.212629317210586
38.6,0,182.285987148105,0.105544134402132,0.824698225153241,0.656355963962759,0.215533405874535
38.61,0,183.32229979814,0.105901918734526,0.827200369019327,0.65465709949825,0.216545406621944
38.62,0,184.374576988451,0.107337368514746,0.826537937658947,0.656472737768357,0.214114828126673
38.63,0,185.442945547033,0.10686686531071,0.827322429024187,0.653392872056441,0.215781288883843
38.64,0,186.527531566892,0.104369383283122,0.830784239246761,0.656204880138929,0.216795369693677
38.65,0,187.628460359018,0.101929163038805,0.829027388555093,0.655053177279704,0.212772095237046
38.66,0,188.745856404194,0.102744361295037,0.82558292466695,0.655962959985497,0.215173242024111
38.67,0,189.879843303628,0.100944328615281,0.828892695622688,0.65572040137055,0.215781389450714
38.68,0,191.030543728434,0.0997588058993358,0.829987373115482,0.653528917852828,0.215254532019548
38.69,0,192.198079367955,0.0993556128359076,0.830148202934364,0.655331713187505,0.214414212545944
38.7,0,193.38257087695,0.0980141413358415,0.830408511248532,0.655791410019978,0.211552733967115
38.71,0,194.584137821647,0.0965598424487583,0.829515669272292,0.653718668030608,0.21446797994105
38.72,0,195.802898624682,0.100087846365883,0.826480964754654,0.655016011270252,0.215800541032096
38.73,0,197.038970508944,0.0939254942247821,0.828702887495864,0.655605958329328,0.216964943127734
38.74,0,198.292469440324,0.093913867439242,0.830207818342185,0.655781440088132,0.210913338304933
38.75,0,199.563510069417,0.0935113380042459,0.83205710577371,0.655561718775409,0.214164580945104
38.76,0,200.852205672164,0.0921138689018889,0.830444041749781,0.656077278398165,0.211831690703224
38.77,0,202.158668089488,0.0910569882430164,0.833026374781436,0.652992124040911,0.215128135568408
38.78,0,203.483007665927,0.0897574386299439,0.832906949143268,0.655667345344604,0.215072451967351
38.79,0,204.8253331873,0.0879140331791841,0.831698948384255,0.654501139794994,0.214643352395425
38.8,0,206.185751817432,0.0866314117190668,0.829864056222897,0.654148471328642,0.212373377186152
38.81,0,207.56436903397,0.0830095410284326,0.83148104558063,0.655884916244665,0.217134170159044
38.82,0,208.961288563327,0.0823987394666467,0.835240825651816,0.654373336733744,0.212917030685877
38.83,0,210.37661231477,0.0827053879340613,0.830288668620035,0.65190274743689,0.215283341104591
38.84,0,211.810440313719,0.0847902776747243,0.83602881361325,0.653655148704497,0.21720038749343
38.85,0,213.262870634261,0.0800538812990282,0.832340038004001,0.653916280339446,0.215959143804359
38.86,0,214.733999330954,0.0763344173865304,0.832959099087633,0.65593019785509,0.214576901229582
38.87,0,216.22392036993,0.0798173852993468,0.834112093704493,0.654818899345705,0.214178770823284
38.88,0,217.732725559372,0.076421351897154,0.835996720655747,0.652853921470816,0.2117248374912
38.89,0,219.260504479391,0.0779517474021848,0.834633030441038,0.652359558946762,0.216153166864947
38.9,0,220.807344411359,0.0753561358282424,0.834907950523324,0.656292750746256,0.212339612127256
38.91,0,222.373330266749,0.0719634138420254,0.835292664768819,0.654526275219238,0.213957024801452
38.92,0,223.958544515535,0.0708522597383995,0.835989444111936,0.65328392624616,0.214732492327123
38.93,0,225.563067114206,0.0729448705040304,0.837262491693503,0.656712337592294,0.216689656420173
38.94,0,227.18697543345,0.0693431999954322,0.835071000809637,0.652152794027861,0.215292656093214
38.95,0,228.830344185567,0.0691703277141084,0.839088612167163,0.655026506457916,0.214564190965872
38.96,0,230.493245351674,0.0670329407697074,0.838942534960421,0.65529915590623,0.213796497020172
38.97,0,232.175748108761,0.0667125707330928,0.83811739282676,0.653661084388818,0.215957328591431
38.98,0,233.877918756668,0.0672384749097069,0.835711671327409,0.650757592768889,0.213441027680806
38.99,0,235.599820645042,0.0658583768489474,0.837644329424327,0.651137218429669,0.21457046219569
39,0,237.341514100348,0.0612396992319462,0.836854079559003,0.649606824613387,0.215061574226628
39.01,0,239.103056353003,0.0622790621083971,0.840214484841618,0.655307436166687,0.21523204969065
39.02,0,240.884501464707,0.0603977110517052,0.83777760030395,0.652408271249868,0.216240137901907
39.03,0,242.685900256033,0.0602798324103571,0.839214994612884,0.654390921382921,0.214175859673562
39.04,0,244.50730023437,0.057389859564403,0.841062450175243,0.653457648899255,0.216162353836257
39.05,0,246.348745522285,0.0580778805510839,0.836012523877463,0.651022692562515,0.215230573864293
39.06,0,248.210276786371,0.054750333317156,0.839839430228081,0.654372640709563,0.216769656173877
39.07,0,250.091931166694,0.0525368693456704,0.841618582726986,0.653138760037761,0.215394799020914
39.08,0,251.993742206878,0.0523883584294091,0.840828733567602,0.654143001932329,0.212653874180179
39.09,0,253.915739784954,0.0503254375770461,0.842440894744818,0.652495465726147,0.214867912177557
39.1,0,255.85795004501,0.0494361651317263,0.837626568950419,0.653800430312389,0.214218487936554
39.11,0,257.820395329779,0.0492935103284892,0.841551409962086,0.652033596893014,0.216669902875965
39.12,0,259.803094114201,0.0480282431640508,0.844459775479904,0.650650152727255,0.214679865249528
39.13,0,261.806060940086,0.04529563768152,0.843217955610132,0.650975941885384,0.215797139752497
39.14,0,263.829306351944,0.0467126453936966,0.843698513068985,0.651496333564501,0.213587103425194
39.15,0,265.872836834072,0.0457594020256836,0.843635490929043,0.650934086686324,0.21553623638868
39.16,0,267.936654749002,0.0419658658719915,0.842461050501399,0.652609841981509,0.216082666400339
39.17,0,270.020758277384,0.0412573605814006,0.844388731809038,0.647280108071904,0.217728006858911
39.18,0,272.125141359408,0.0411172572434593,0.842723824163672,0.651486602468627,0.215548287356376
39.19,0,274.249793637841,0.0375945819950989,0.844204661277734,0.65146059663841,0.214406134295066
39.2,0,276.394700402793,0.0355567847473661,0.844358542146706,0.653614946722759,0.213804928987081
39.21,0,278.559842538278,0.0368486866971006,0.843780419758661,0.651124984585211,0.216063126425229
39.22,0,280.745196470686,0.0322599587269789,0.846123826023201,0.651740483682288,0.214240032933759
39.23,0,282.950734119238,0.0325447244430792,0.844413818183174,0.648459967923129,0.213148049578133
39.24,0,285.176422848531,0.0318408022003549,0.843736078791626,0.652061651033937,0.214560384527335
39.25,0,287.422225423255,0.0313175219085854,0.846285860673262,0.650249013994573,0.216878773472438
39.26,0,289.688099965177,0.0296978674153627,0.84652154876207,0.649413041651463,0.215766492498618
39.27,0,291.973999912482,0.0269670812861961,0.847113615024558,0.650358154861401,0.21414150148624
39.28,0,294.279873981561,0.02666235358578,0.846962231971261,0.649852132430952,0.214974715894307
39.29,0,296.605666131331,0.0275204691301777,0.847834535970021,0.652571488886195,0.216929907309173
39.3,0,298.951315530185,0.0234969981363325,0.8466516236144,0.650490688946587,0.216479383941588
39.31,0,301.316756525646,0.0230376613197939,0.847829022418629,0.650152258057793,0.218334610677876
39.32,0,303.701918616822,0.0218966816784839,0.848191624252185,0.647009128777805,0.212845856467178
39.33,0,306.106726429737,0.0223461338484386,0.848146091534282,0.652220363892639,0.214988753630038
39.34,0,308.531099695634,0.0165960396094519,0.8496149487996,0.651223062155932,0.212611748221566
39.35,0,310.974953232305,0.0204241984160368,0.852780936571975,0.649368280044005,0.216247446594307
39.36,0,313.438196928568,0.0185412490533829,0.852179103775934,0.649505504036235,0.214882841588622
39.37,0,315.920735731923,0.0167618189269572,0.852529018474728,0.64756124272031,0.217764643923911
39.38,0,318.422469639499,0.0145480954605971,0.84935124129941,0.648626664111048,0.21835339833314
39.39,0,320.94329369234,0.0121782317284158,0.850654738133358,0.649314333373706,0.215335644368594
39.4,0,323.483097973121,0.0109361187811783,0.851648037861341,0.64815085491696,0.214851908429487
39.41,0,326.041767607339,0.0115177623946628,0.85408735186675,0.648031613165117,0.211984444086236
39.42,0,328.617146749318,0.00791261795600572,0.851254373781284,0.648124694867194,0.21733921742172
39.43,0,331.207464663882,0.00679211895928734,0.850622687263152,0.648368358018082,0.216142168943614
39.44,0,333.8146862117,0.00286761734034334,0.853667795934135,0.647447772751413,0.215341100051616
39.45,0,336.405144219324,0.00460871070241811,0.85318055610198,0.648779972189146,0.213162279329081
39.46,0,338.702606475461,0,0.855202171660825,0.64514453307254,0.21466084296482
39.47,0,340.810061631912,0.0030611674186167,0.853616953898329,0.646533891026266,0.21584667428274
39.48,0,342.854975945934,0.00250070763194159,0.858085944613461,0.646630133891379,0.212965361063581
39.49,0,344.878606252045,0.0012184321625278,0.856382018148267,0.647661515515106,0.214949305743091
39.5,0,345.338021701113,0,0.857707265522615,0.648692267494212,0.215967729532939
39.51,0,345.743348811123,0.00191584034382403,0.853495748624088,0.645403410963154,0.214655401967199
39.52,0,346.147827722075,0.00257720621885899,0.857127483665523,0.646756563667941,0.213428009293442
39.53,0,346.551411355103,0.000355753901532035,0.859246333590069,0.644810332640367,0.214770029378385
39.54,0,346.95405323062,0,0.856623417185378,0.645404514789475,0.215638723123208
39.55,0,347.355707479027,0,0.855744282663932,0.645096913773766,0.215687163772234
39.56,0,347.756328851143,0.00060881065625822,0.856282847963957,0.645934670112686,0.214384748882345
39.57,0,348.155872728358,0,0.858918459793478,0.647623508833581,0.216891675326314
39.58,0,348.5542951325,0,0.860151690550668,0.641085987158942,0.213575298232539
39.59,0,348.951552735425,0,0.85909520484435,0.648011194181369,0.214741793837083
39.6,0,349.347602868328,0.000904041952788963,0.860609610649508,0.646433139531878,0.213615941729719
39.61,0,349.742403530772,0.000437338519372282,0.860876753363022,0.643515976788689,0.215632499260314
39.62,0,350.135913399436,0.00248759175907757,0.859268111128143,0.643679541372955,0.217829350037973
39.63,0,350.528091836586,0,0.860844685005184,0.644288974908976,0.216496000306615
39.64,0,350.918898898264,9.15789248505513e-05,0.860957038750473,0.648878268188791,0.216922227466088
39.65,0,351.3082953422,0,0.861894602069893,0.643410628353046,0.215990218274087
39.66,0,351.696242635444,0,0.862848157586691,0.645439855471354,0.212359457492773
39.67,0,352.082702961722,0.000567844281967906,0.861710675648882,0.643213421319915,0.216176198413907
39.68,0,352.467639228512,0,0.864117085231557,0.644549335314753,0.214301364024466
39.69,0,352.851015073842,0,0.863517772272504,0.644246091370388,0.213308885569958
39.7,0,353.232794872818,0,0.862044653854293,0.644650790506197,0.214142561989798
39.71,0,353.61294374387,0.000175333377841322,0.863200011615292,0.646566480365859,0.216214161835511
39.72,0,353.991427554724,0,0.863680299206603,0.644620045410004,0.214837939455933
39.73,0,354.368212928105,0,0.865636673426474,0.645700312224899,0.214887952626781
39.74,0,354.743267247159,0,0.865947387216947,0.644483836676425,0.217654949164605
39.75,0,355.116558660609,0.00304678570846481,0.863878814597318,0.641859919235593,0.214838729359372
39.76,0,355.488056087636,0,0.866845987042229,0.646097318202989,0.212377724900792
39.77,0,355.85772922249,0.000277428210176525,0.865312025502684,0.643280038648486,0.216759371248698
39.78,0,356.225548538831,0.000336245599095246,0.865018272978898,0.64324882863683,0.213716755621672
39.79,0,356.591485293805,0,0.867418079059605,0.6461265556583,0.214018173378926
39.8,0,356.955511531843,0.000567666269460383,0.869933195454852,0.646780535954251,0.215274405501085
39.81,0,357.317600088202,0.00022465198972732,0.868876512230963,0.644810624517575,0.21599848742603
39.82,0,357.677724592239,0.00172830283211423,0.869308099911087,0.645371837704652,0.213835287656238
39.83,0,358.035859470414,0,0.87025914330814,0.644175454904708,0.215220323188705
39.84,0,358.391979949036,0,0.866651594882286,0.644773751317602,0.215916880041574
39.85,0,358.746062056745,0.000646272459238905,0.871064078718985,0.644236077286714,0.216383624059809
39.86,0,359.098082626726,0.00213085365099744,0.870268639942057,0.644113758931255,0.214698059654709
39.87,0,359.448019298675,0.000323703578914707,0.869628216315369,0.646692730130198,0.214844496853163
39.88,0,359.795850520494,0,0.867645814602003,0.642331245061436,0.216258792620384
39.89,0,360.141555549732,0.000445844817133622,0.870258904063764,0.643168347655402,0.21404731852473
39.9,0,360.485114454769,0,0.870856774646083,0.641838302486878,0.214314754649796
39.91,0,360.82650811575,0.000109537476869959,0.871588467698671,0.643660269105625,0.214775192357206
39.92,0,361.16571822525,0.00125047895820958,0.871150635900031,0.64316244745256,0.215771194296328
39.93,0,361.502727288701,0.000359970238074496,0.874832460518421,0.643106497679446,0.214631334633187
39.94,0,361.837518624555,0.000248994712090099,0.87246745004862,0.643832645109221,0.216020604594615
39.95,0,362.170076364204,0.000748335000867112,0.872149023645991,0.64057780046953,0.214971712940511
39.96,0,362.500385451644,0,0.873072203703326,0.639796902672744,0.213502666704731
39.97,0,362.828431642896,0.00208203955991097,0.873783846140414,0.642753620723802,0.215562695969925
39.98,0,363.154201505175,0.000259696425666589,0.871788006294598,0.643862814342739,0.216248630724052
39.99,0,363.477682415813,0,0.872769959572083,0.643847667059622,0.213034573842365
40,0.1,363.798862560942,0,0.875573507415759,0.642906054438856,0.215380328454765
40.01,0.1,364.117730933927,0,0.874453161239725,0.64606339705524,0.215759882597354
40.02,0.1,364.434277333561,0,0.87722923659453,0.643237452558767,0.215413006790139
40.03,0.1,364.748492362016,0.000284869617989509,0.87790934251642,0.646116126771174,0.215520953671976
40.04,0.1,365.060367422559,0.00172578961252755,0.87439031987122,0.642050969303706,0.215107395824834
40.05,0.1,365.369894717025,0.00181947684325893,0.877517258428677,0.643514492163646,0.212565430185896
40.06,0.1,365.67706724305,4.70121771566579e-05,0.878866970806572,0.646149282078417,0.215768547397035
40.07,0.1,365.981878791081,0.000897383838510734,0.879586373734244,0.644961949235524,0.215418442317678
40.08,0.1,366.284323941135,0,0.877803103928613,0.643140691530125,0.215524106784203
40.09,0.1,366.58439805934,0,0.880333363600615,0.641967879269871,0.218054769701404
40.1,0.1,366.882097294234,0.000359686238080785,0.88174981712222,0.643497218919539,0.216752740595152
40.11,0.1,367.177418572837,0.00152315008255762,0.87828849660663,0.643041953924139,0.212694946978506
40.12,0.1,367.470359596498,0,0.879744044025095,0.644260192969903,0.214008022267089
40.13,0.1,367.76091883651,0,0.880585594482306,0.640030161764989,0.214756887971368
40.14,0.1,368.049095529499,0,0.88173004311562,0.643191969977497,0.214769856738572
40.15,0.1,368.334889672593,0.000900766913849552,0.879847947077183,0.644557783905019,0.215932915969601
40.16,0.1,368.618302018367,0.00203755353109715,0.883550570115008,0.646157182347987,0.212151403404266
40.17,0.1,368.89933406956,0.00195785104584418,0.882100941669742,0.64367865300685,0.213575147900259
40.18,0.1,369.177988073583,0.00142843732426511,0.884019341209303,0.644211550261192,0.215288955235564
40.19,0.1,369.454267016801,0.00134358290381305,0.882452412622695,0.643550841510065,0.214878038872888
40.2,0.1,369.728174618603,0.000254870724041071,0.883542022791052,0.642073895315626,0.215431987003734
40.21,0.1,369.999715325252,0,0.882867096837533,0.644016848937254,0.213393743990466
40.22,0.1,370.268894303529,0,0.882875831932035,0.645987398932988,0.215901996599432
40.23,0.1,370.535717434159,0.00203126448227284,0.8842475896642,0.645595664783323,0.2149383194672
40.24,0.1,370.800191305028,0.00113484097602895,0.883669605746547,0.64523446957491,0.219114153176582
40.25,0.1,371.062323204199,0.00126709639856108,0.884750221797064,0.643634738482195,0.212178973864098
40.26,0.1,371.322121112713,0,0.884412507263185,0.644451960832283,0.215371143380557
40.27,0.1,371.579593697187,0.00065373620545308,0.884232757843895,0.64585807587959,0.215071683287919
40.28,0.1,371.834750302216,9.15942471434843e-05,0.888426547420826,0.64500543883269,0.21609515327298
40.29,0.1,372.087600942568,0.000827578598236177,0.885857072597598,0.642561419514786,0.214618136764552
40.3,0.1,372.33815629518,0.000579519010167057,0.887860567847519,0.643472020030234,0.214338804575344
40.31,0.1,372.586427690963,0.000250742405480175,0.886935166806592,0.646394941556842,0.216506785393834
40.32,0.1,372.832427106406,0.00015211428882807,0.888162212120148,0.644812867673862,0.214454993433544
40.33,0.1,373.076167154992,0,0.886217196925737,0.644888799071318,0.216362706058038
40.34,0.1,373.31766107842,0.00126106395586395,0.890650592173463,0.647596838553783,0.218051252171847
40.35,0.1,373.556922737639,0.00145415514161399,0.8907681543643,0.643791452046662,0.213518616216593
40.36,0.1,373.793966603702,0,0.889135341690696,0.644238119767209,0.215658473344328
40.37,0.1,374.028807748425,0,0.887785286228559,0.642556916650758,0.216771259453353
40.38,0.1,374.261461834874,0,0.890046882659873,0.643968784630491,0.214483669928892
40.39,0.1,374.491945107667,0.000663852808579922,0.891031899076481,0.642211080670328,0.214114522328017
40.4,0.1,374.720274383104,0.00102246308264668,0.891559302696959,0.645271250368516,0.213835350195788
40.41,0.1,374.946467039117,0.00166087153929514,0.891938400036095,0.645705962954439,0.215024246254878
40.42,0.1,375.170541005051,0,0.89167351529731,0.647479352177149,0.21430091604791
40.43,0.1,375.392514751278,0.000680234554743791,0.89213782821406,0.646113232123916,0.214677054077187
40.44,0.1,375.612407278639,0.00054542034452207,0.892298013209241,0.644971765092885,0.216153818519696
40.45,0.1,375.830238107726,0,0.89415385115214,0.644194633788875,0.215925354543792
40.46,0.1,376.046027268001,0,0.892184159890256,0.645950929673216,0.214984273941326
40.47,0.1,376.259795286758,7.89713463357339e-06,0.891804360621056,0.643777034276934,0.21372688795106
40.48,0.1,376.471563177927,0,0.891955970091753,0.645594878593573,0.214845191280988
40.49,0.1,376.681352430725,0.00177466262689085,0.893416684063551,0.645834116869178,0.218829737496966
40.5,0.1,376.889184998165,0.000242506824201097,0.892705103142024,0.645229887118459,0.215000604067873
40.51,0.1,377.095083285402,0,0.894623050056816,0.645308961911159,0.215961160001313
40.52,0.1,377.299070137956,0,0.894919090765881,0.644969927777614,0.215566657855827
40.53,0.1,377.501168829778,0.00117204441689096,0.894398645377925,0.648361979189001,0.214570687242621
40.54,0.1,377.701403051186,0.00229041754859004,0.895408694337648,0.647204813028032,0.216637623927799
40.55,0.1,377.899796896668,0,0.895727123141926,0.648761073705775,0.215782838334018
40.56,0.1,378.09637485255,0,0.894900332145977,0.648346292985757,0.215015943522928
40.57,0.1,378.291161784544,0.00266444324192499,0.898841743818695,0.646700842845085,0.213809348713724
40.58,0.1,378.484182925166,0.00140052419507865,0.896456295115851,0.647530614483584,0.213084434243254
40.59,0.1,378.675463861036,0,0.898143276429968,0.647381424554052,0.214559453575488
40.6,0.1,374.350316847628,0.00128151939243414,0.89818786978763,0.646360355495208,0.21303357189268
40.61,0.1,369.855805719266,0.00347465554503625,0.898008584365341,0.647620369042739,0.215830340588923
40.62,0.1,366.751819674522,0.00804705942838768,0.897194361622875,0.649608155135865,0.214691082561621
40.63,0.1,364.216105441467,0.00770891653649941,0.895416038123893,0.647757184036319,0.213198905381556
40.64,0.1,361.863915527211,0.00892533235561038,0.89754024551833,0.648459165606178,0.21504362825013
40.65,0.1,359.573698109383,0.0120319102059885,0.897735639587238,0.645076562705191,0.215230224902338
40.66,0.1,357.309091500042,0.0143022294560446,0.899495791333038,0.646296185358229,0.213749651707264
40.67,0.1,355.059383964263,0.0128515244357525,0.895572303917243,0.647877338462447,0.214904055838553
40.68,0.1,352.821484553802,0.0169644742498294,0.900419964948327,0.648069788806069,0.213679888904465
40.69,0.1,350.594557670478,0.0144102036388728,0.899533563094684,0.648895539723982,0.215285800252425
40.7,0.1,348.378432898069,0.0213653324408402,0.900827162425655,0.647414049272591,0.214710515623353
40.71,0.1,346.173134565318,0.0210642750006655,0.903448292082905,0.647512219122173,0.214214237681363
40.72,0.1,343.978742744756,0.0189353883842722,0.90358805743073,0.64957961011918,0.215653921818852
40.73,0.1,341.795352209606,0.0222462827118906,0.902055757590595,0.648259168782389,0.214747937948644
40.74,0.1,339.623060303509,0.0230483626874281,0.905418433105228,0.648321603712148,0.214091972194362
40.75,0.1,337.461963333617,0.0222218219019581,0.903982176313904,0.649634675744518,0.215026029238516
40.76,0.1,335.312155474293,0.0270692135205204,0.903512395901326,0.65299982902244,0.216652142211329
40.77,0.1,333.173728410793,0.0288349911061097,0.900964017798601,0.647878452491519,0.215861193133789
40.78,0.1,331.0467712022,0.0274266832593474,0.90227976178967,0.649228434858816,0.216975713830471
40.79,0.1,328.93137021068,0.0337472497691346,0.906313651722021,0.648305337574899,0.21635699956873
40.8,0.1,326.827609052184,0.031847411878152,0.903341023874054,0.648811970411435,0.214500405390238
40.81,0.1,324.735568555448,0.0325904115213345,0.907011285141305,0.647745638056177,0.214923571629303
40.82,0.1,322.655326725399,0.0350981292287891,0.909322911400394,0.647599275999183,0.215781826410217
40.83,0.1,320.586958709821,0.0367706142131862,0.907679361540598,0.650126082098241,0.214346352180072
40.84,0.1,318.530536768913,0.0353990061001735,0.907700272806772,0.650931123522184,0.21538436515631
40.85,0.1,316.486130247601,0.0371515255070131,0.908759312654919,0.650494632443419,0.216120896704051
40.86,0.1,314.453805550544,0.0412119763761676,0.904244890718051,0.648221378381326,0.214607806446882
40.87,0.1,312.433626119766,0.0392209832173171,0.910492219157514,0.650241837203279,0.214257580476929
40.88,0.1,310.425652414891,0.0425194830326063,0.907711904863453,0.646735284182718,0.216498048579698
40.89,0.1,308.429941895909,0.0432775728385994,0.908679640309583,0.651603361155028,0.214039459151155
40.9,0.1,306.446549008443,0.0435322509541112,0.910419888552566,0.651627614166572,0.214381178778093
40.91,0.1,304.475525171469,0.0425628061689228,0.908806693826797,0.651704721547132,0.211575024106352
40.92,0.1,302.516918767425,0.052092650706995,0.909504581795023,0.651345450210881,0.216360428259863
40.93,0.1,300.570775134674,0.0488355266773904,0.912194282954006,0.648901010153083,0.212478753816428
40.94,0.1,298.637136562257,0.0517463772124738,0.911056005243433,0.652907922559534,0.215455481747143
40.95,0.1,296.716042286901,0.0530092836736582,0.912358925252159,0.651919971929231,0.217237829416502
40.96,0.1,294.807528492203,0.0551222081204037,0.911478012889837,0.653568252615533,0.214687800149923
40.97,0.1,292.911628309964,0.0541065612719151,0.910445406002652,0.649504105589118,0.21673951065445
40.98,0.1,291.028371823601,0.0558374616651708,0.911968553571516,0.648505541709085,0.214592113167102
40.99,0.1,289.157786073581,0.0553434977917051,0.913108251048658,0.650785476121839,0.216365907939207
41,0.1,287.299895064839,0.0604331658006302,0.914252245173715,0.650742621548317,0.216022837774345
41.01,0.1,285.454719776103,0.0584959519262926,0.912369993196795,0.652865266929018,0.215179557809593
41.02,0.1,283.622278171086,0.0602269792482919,0.912773124481591,0.651542314478973,0.217005208495143
41.03,0.1,281.802585211477,0.0641236377760288,0.915259332908071,0.651084951055356,0.215021832919159
41.04,0.1,279.995652871685,0.0629496144896526,0.911749282748478,0.65227252777516,0.214679891537669
41.05,0.1,278.201490155275,0.0655728675497419,0.912546693163185,0.651969490631721,0.2154819600364
41.06,0.1,276.420103113035,0.0657412994103097,0.91352851191317,0.650965618104855,0.214564172351632
41.07,0.1,274.651494862627,0.0676507479280096,0.914253262040248,0.652312367658723,0.21623853617906
41.08,0.1,272.895665609762,0.0689946370314094,0.916408796441508,0.652978601087768,0.217841616785632
41.09,0.1,271.152612670833,0.0711294701294433,0.913306550442981,0.654972922038521,0.215076238987394
41.1,0.1,269.422330496974,0.0711948969589844,0.913614740716294,0.656055456735515,0.211512867223273
41.11,0.1,267.704810699466,0.0732801651648641,0.916186732904688,0.652994979088977,0.2148666353311
41.12,0.1,266.000042076447,0.0726853975999928,0.91812210703829,0.653634794818604,0.213555531734099
41.13,0.1,264.3468757225,0.0743429165734195,0.915610095250214,0.656337144617663,0.212990068815093
41.14,0.1,263.042489595373,0.0777759082046141,0.915928492423368,0.652882146459779,0.21227552776163
41.15,0.1,261.946786630985,0.0797433813644089,0.916911780847808,0.652887738561958,0.215559452032064
41.16,0.1,260.918493837022,0.0792296563743463,0.917686635235813,0.654433208811833,0.211361141481926
41.17,0.1,260.316517003098,0.0794516861798814,0.916495606153955,0.654885418768356,0.215654604235125
41.18,0.1,260.356784766282,0.0799953517406085,0.918478385807411,0.650862095706693,0.214239669712126
41.19,0.1,260.450051371647,0.077508228626824,0.915984237433159,0.655516978494648,0.215680622787517
41.2,0.1,260.54328150774,0.0773856334182205,0.914536143126432,0.657105100530603,0.212462820995209
41.21,0.1,260.636489119881,0.080407825637358,0.916797101819882,0.653131146551078,0.214953781293966
41.22,0.1,260.729687828201,0.0777507034320318,0.918469023165411,0.652306112217914,0.215352981192885
41.23,0.1,260.822890920789,0.0788418658319225,0.91753215648334,0.653077431469959,0.214941564956573
41.24,0.1,260.916111346981,0.080409360328445,0.919476195661326,0.654357040328983,0.217077102970728
41.25,0.1,261.009361710798,0.080509926332468,0.918398451288742,0.653427699704238,0.214734507915508
41.26,0.1,261.102654264529,0.0811718972032793,0.91958734087566,0.655928692861047,0.215886866841685
41.27,0.1,261.196000902478,0.0777534210296137,0.918474575386071,0.658159226415628,0.216181393234442
41.28,0.1,261.28941315486,0.0802475068277372,0.919925058334492,0.654904268571836,0.215515256583327
41.29,0.1,261.382902181858,0.0771620212554116,0.91965594921213,0.654463454161312,0.213725616301269
41.3,0.1,261.47647876785,0.0788156112483268,0.919589414466505,0.653971853404308,0.215608817102951
41.31,0.1,260.582502484652,0.0804166955084021,0.92168384335228,0.654966778364458,0.214554184719757
41.32,0.1,259.294251094998,0.0791569770099663,0.921103591523067,0.655938900982165,0.216080913238065
41.33,0.1,258.271961608722,0.0824374621392084,0.920981898435772,0.657530122453214,0.215810791732298
41.34,0.1,257.423660006078,0.0814954618522373,0.922891323747351,0.655307407342315,0.217047608921063
41.35,0.1,257.297126893879,0.084902821765022,0.923049962168596,0.657343975597148,0.216962139035052
41.36,0.1,257.389759862756,0.0821035349548337,0.921341579702218,0.65621748674924,0.21285654029802
41.37,0.1,257.482542209737,0.0820348019113914,0.923732022582301,0.654960257143434,0.216965505546046
41.38,0.1,257.575481390448,0.0822564244104194,0.921148062605025,0.655770041962886,0.215590055616393
41.39,0.1,257.668584447926,0.0829334041382824,0.924819124349298,0.653629879177126,0.214292458724313
41.4,0.1,257.761858008687,0.081717296317537,0.92466211031081,0.655914030716433,0.214727493865584
41.41,0.1,257.85530827897,0.0831454005199309,0.922073914388068,0.656654055484782,0.214635135719795
41.42,0.1,257.948941041179,0.0831488523448604,0.924784002676111,0.658761000073513,0.214795159640146
41.43,0.1,258.042761650505,0.0826999737322665,0.924749162351064,0.657524317440082,0.213537871741519
41.44,0.1,258.13677503175,0.0824940493995547,0.923643421237013,0.658649930393962,0.215648627809759
41.45,0.1,258.230985676332,0.0827822138692164,0.925623760292111,0.655689578343109,0.214584192582974
41.46,0.1,258.325397639493,0.0822381703402115,0.923823707839327,0.656402489922955,0.217787586395247
41.47,0.1,258.420014537696,0.0844545858558321,0.923654583868867,0.656136537635574,0.214903598410961
41.48,0.1,258.514839546225,0.0844240256865172,0.925124575894368,0.652989955177392,0.216793438626549
41.49,0.1,258.609875396976,0.0844993051060927,0.924970694358995,0.656478503462354,0.21492795975976
41.5,0.1,258.705124376449,0.0846018953656717,0.924501901015873,0.654740122285159,0.216276291425737
41.51,0.1,258.800588323942,0.080925687658393,0.92397499330664,0.654825938513698,0.215549378288749
41.52,0.1,258.896268629942,0.0826693039424862,0.924457511332656,0.656771742870657,0.214538251092656
41.53,0.1,258.992166234718,0.081916045391232,0.927970015395031,0.656958504588027,0.213903137247167
41.54,0.1,259.088281627116,0.0817715637319508,0.925385378141088,0.656071252792123,0.214617362502079
41.55,0.1,259.184614843552,0.0839965046612401,0.929993664222435,0.658855673452236,0.215997465825251
41.56,0.1,259.044362409783,0.086875156856972,0.927238189715062,0.654940224460483,0.215088239472475
41.57,0.1,257.430960586349,0.0842241903579582,0.924692352068273,0.655627496103057,0.215916476789304
41.58,0.1,256.412421406834,0.0826895906353176,0.927308500996653,0.659416339060835,0.214312004393189
41.59,0.1,255.969989665139,0.0859378041690742,0.927813697034253,0.654144609711045,0.212390724221198
41.6,0.1,256.047726402534,0.0868883453735852,0.926636384623383,0.657561944018792,0.210966707329891
41.61,0.1,256.143980405011,0.0841282255312693,0.926708963793419,0.655466943701039,0.213804620231242
41.62,0.1,256.240436912195,0.0857407746994687,0.930963283315406,0.654941052791119,0.213665774140766
41.63,0.1,256.337092379354,0.0875262742544119,0.929299633738934,0.657419811318295,0.213694631551627
41.64,0.1,256.433942815699,0.0865659201508103,0.930640589190493,0.656662741416047,0.215240137120242
41.65,0.1,256.530983785386,0.0867512322632259,0.929132111785491,0.659204722879973,0.212724363734151
41.66,0.1,256.628210408708,0.0858367637832187,0.930252216525973,0.655895345646435,0.217338362119344
41.67,0.1,256.725617363493,0.0859567913443559,0.926460152500926,0.656291762011246,0.214143415285123
41.68,0.1,256.82319888668,0.0863093369381899,0.92751487031786,0.657082080222723,0.215870887806304
41.69,0.1,256.92094877611,0.0868875200617675,0.927210290171219,0.65587584964748,0.215315842651523
41.7,0.1,257.018860392489,0.0870009661142018,0.929806276731177,0.655450838975219,0.214716743424341
41.71,0.1,257.116926661553,0.0866675074959204,0.928213344087373,0.655709343673313,0.214091013830306
41.72,0.1,257.215140076422,0.085375894857346,0.929272268525226,0.655172290198383,0.213793043616003
41.73,0.1,257.313492700141,0.0873212652785709,0.92843446637716,0.655557515302231,0.21507645677027
41.74,0.1,258.027713413561,0.0857066812219622,0.928976250353879,0.657188442812623,0.214355955166812
41.75,0.1,258.474819323024,0.0875586961351199,0.931990701347245,0.656512688440307,0.216631370508764
41.76,0.1,258.694789619721,0.0855292686789748,0.930902880552183,0.65672979890127,0.215806082472287
41.77,0.1,258.794027612054,0.0867165880561874,0.928815121275473,0.656622190399382,0.215509782576433
41.78,0.1,258.893359171791,0.0862492694846556,0.929950684905944,0.655630540247227,0.216132928016235
41.79,0.1,258.992773801139,0.0840344666002187,0.929592237612474,0.656755588360729,0.214954308909502
41.8,0.1,259.092260593415,0.0863600764012179,0.931623457521807,0.653929030541314,0.21504857723226
41.81,0.1,259.19180823705,0.0870131026515715,0.931981047925716,0.656897640123967,0.216205011824298
41.82,0.1,259.291405019748,0.0833353455625541,0.933723858722943,0.660388427381007,0.214701706477045
41.83,0.1,259.39103883283,0.0832520473219746,0.932247780193742,0.659205314144288,0.21534744897782
41.84,0.1,259.490697175737,0.0863775295891617,0.932345051415128,0.65987933983079,0.215966635023283
41.85,0.1,259.59036716069,0.0825147313819184,0.933335201667513,0.655821372728445,0.215937876223042
41.86,0.1,259.554948928467,0.0871871401330989,0.933836059097083,0.654486358991725,0.214629517835706
41.87,0.1,257.748651231037,0.0844758916996024,0.935231957768721,0.653533310872001,0.214662751816412
41.88,0.1,256.70317270625,0.0856302284666499,0.932137823427069,0.654125146115275,0.219014092041841
41.89,0.1,255.991416474577,0.0879352377892584,0.934941774897092,0.65715438916019,0.215939160438646
41.9,0.1,255.443481291563,0.0894620155832454,0.933689317421484,0.659084838528808,0.21336538075214
41.91,0.1,255.450375910957,0.0878917190721325,0.933078957926952,0.655367624843997,0.216527010059526
41.92,0.1,255.54792593381,0.0886009718744357,0.934568472291175,0.6525227752027,0.214436380361253
41.93,0.1,255.64537307671,0.0877152914196487,0.932523648733221,0.657621256164471,0.217574193737602
41.94,0.1,255.742701496463,0.0882882766912232,0.933837232886002,0.655193446218251,0.213509441176537
41.95,0.1,255.839895023777,0.089292656407779,0.932596991309275,0.65595159541684,0.214931639176145
41.96,0.1,255.93693716943,0.0868122591547387,0.932469611389417,0.653509466593875,0.214850206833063
41.97,0.1,256.033811130561,0.0874557822009811,0.935512384171238,0.654234333089406,0.213532491003464
41.98,0.1,256.130499797087,0.0882171025414396,0.933650519690826,0.65573393140775,0.214008592922953
41.99,0.1,256.226985758236,0.0891542019380873,0.932510331826607,0.65498684160973,0.214876420798007
42,0.1,256.323251309195,0.0896091016358754,0.935432635144308,0.654616417954701,0.217282008104349
42.01,0.1,256.419278457879,0.0888155658927953,0.935035672828617,0.657400547155048,0.218561196597605
42.02,0.1,256.515048931801,0.0901753984906239,0.932680362136122,0.655127851234312,0.21345214527561
42.03,0.1,258.006003619122,0.0903133631217318,0.937017478399907,0.655924071655244,0.215214992292515
42.04,0.1,258.912152901972,0.0898627580018542,0.932295652041362,0.653967645819246,0.217389158673548
42.05,0.1,259.402099838906,0.0859724536731283,0.932448396668154,0.65295846324794,0.2155954224111
42.06,0.1,259.729755231883,0.0848551757322531,0.934081601706766,0.654501784179511,0.215764443818943
42.07,0.1,260.010409385597,0.0873178178471757,0.935782837554879,0.657032923812132,0.215772867825237
42.08,0.1,260.16061229923,0.0849289804694271,0.938411943331403,0.65350486458139,0.214475008696414
42.09,0.1,260.255170871047,0.0850402443839028,0.933824559148659,0.654102907992369,0.214749065594654
42.1,0.1,260.349312418776,0.0884756868508612,0.934177651516514,0.656380166743205,0.214983630211541
42.11,0.1,260.443016226823,0.0870105706051729,0.936080231857347,0.653134426263349,0.217024456637304
42.12,0.1,260.536261370687,0.087571219945617,0.936185556943308,0.65158750008018,0.214034931815117
42.13,0.1,260.629026724894,0.0893927532767252,0.933845173839121,0.654964952335022,0.215995919834643
42.14,0.1,260.721290971006,0.0882007558848661,0.93375787272919,0.653681121936221,0.215407936714113
42.15,0.1,260.81303260569,0.0860186614559597,0.934933336037439,0.653224051377801,0.212890564535347
42.16,0.1,260.904229948844,0.0854506756435538,0.935506842667987,0.653316327042143,0.213200000776326
42.17,0.1,260.99486115179,0.0857004816652366,0.937479064231527,0.653560730873211,0.217803734371542
42.18,0.1,261.084904205507,0.0856620732157062,0.936318942832285,0.654859041675861,0.214058209320233
42.19,0.1,261.174336948928,0.0842408765244147,0.935654300181482,0.652790082006835,0.214748070408569
42.2,0.1,260.48500440974,0.0868305145080271,0.937059898017016,0.652025989663808,0.214160887756782
42.21,0.1,259.319913238856,0.0904025634560443,0.938749678864587,0.651977489367369,0.217074069062613
42.22,0.1,258.892098508717,0.091339360658914,0.93753623618614,0.650723977789669,0.212728602402069
42.23,0.1,258.956352187433,0.0884485699326381,0.93633149817927,0.652918663636787,0.216377636925138
42.24,0.1,259.041550951263,0.0890288519697345,0.937050800735574,0.650885094433825,0.214188889579259
42.25,0.1,259.126011043513,0.0895401907667108,0.936300111667621,0.651131798979323,0.215352530647042
42.26,0.1,259.209709700179,0.0888961532153084,0.935839057198863,0.653660838298578,0.214712236455296
42.27,0.1,259.292624073727,0.0900178082465321,0.936251543160681,0.651438602530631,0.215101330742628
42.28,0.1,259.374731241585,0.089161262666508,0.936704337460376,0.654199303182801,0.215197995931113
42.29,0.1,259.456008214654,0.0887893308783061,0.936434620340527,0.649011288288602,0.214036356495882
42.3,0.1,259.536431945832,0.0887151062284348,0.937763021251024,0.649307018081977,0.216792456848908
42.31,0.1,259.61597933854,0.0884569816122412,0.937017979073899,0.65155681607352,0.215020201042556
42.32,0.1,259.69462725526,0.0883924841834142,0.937924105807793,0.653293727798089,0.215875828761683
42.33,0.1,259.772352526068,0.0881918418555862,0.935150139271225,0.652943236228481,0.212950856379214
42.34,0.1,259.849131957171,0.0893045169113892,0.937213416348657,0.652872649053009,0.214700520696089
42.35,0.1,259.924942339435,0.0904716713340892,0.938489025504094,0.649930423406732,0.214875136363653
42.36,0.1,259.999760456907,0.0887341755822444,0.937998819980394,0.651007760787843,0.213564453652674
42.37,0.1,261.00283650407,0.0867022865234411,0.936898598418134,0.653581896815579,0.214569965536664
42.38,0.1,261.799598172437,0.0887463078506023,0.938339798265831,0.653677178022191,0.215507099430388
42.39,0.1,262.26146675387,0.0878681759246619,0.938170523406911,0.646765383631875,0.217068433847428
42.4,0.1,262.350493263399,0.0881420651635952,0.939430883013736,0.651910763340093,0.216190524729015
42.41,0.1,262.42055278088,0.0865368535334483,0.938281212906232,0.64931763243204,0.212492123623766
42.42,0.1,262.489472109252,0.0872312812754347,0.937147031226362,0.650607935297756,0.215617094597366
42.43,0.1,262.557228039752,0.0879731826060629,0.939859471649821,0.647609653630147,0.215333659118087
42.44,0.1,262.623797424811,0.087327105981412,0.937250502432122,0.649412427909695,0.214075184135831
42.45,0.1,262.689157186435,0.0862761648311314,0.937022662076156,0.649674700544632,0.215069524901508
42.46,0.1,262.753284324554,0.0845514874737514,0.937213832481601,0.649657394111898,0.215570163320227
42.47,0.1,262.816155925323,0.0858176777488597,0.936305770847356,0.65108533629806,0.213734773829885
42.48,0.1,262.87774916939,0.0879153579359408,0.936966896637115,0.647506686387123,0.21449125808011
42.49,0.1,262.93804134011,0.0889475043002093,0.939325595372271,0.64853858948519,0.216992043473051
42.5,0.1,261.961319971127,0.087495862120535,0.937938086517498,0.650681767239253,0.214493290426575
42.51,0.1,260.572604627549,0.087095217674736,0.934514470075597,0.647872749465991,0.215967334203188
42.52,0.1,259.74585630939,0.0882712648655609,0.937519467090745,0.647725198438399,0.214423136406643
42.53,0.1,259.146599848485,0.0913824775020114,0.937572754167795,0.648540420040515,0.214737373625133
42.54,0.1,259.048309042408,0.0883791056996786,0.938890522263586,0.648583252357474,0.213103364961718
42.55,0.1,259.099500277234,0.0908471053994746,0.935152923083775,0.64845936934199,0.216751181840882
42.56,0.1,259.149258057485,0.0902586227503842,0.937560813839632,0.648950090516028,0.212386642461173
42.57,0.1,259.197561120132,0.090718391279667,0.938860891014233,0.649707061033668,0.213854464925926
42.58,0.1,259.244388373614,0.0915188103144901,0.937759804686541,0.646058794818983,0.216014863035652
42.59,0.1,259.289718905349,0.09257879392768,0.935683599833282,0.647402010874484,0.215020137857343
42.6,0.1,259.333531989173,0.0901427331063432,0.938326720237586,0.646944358191268,0.214515392774012
42.61,0.1,259.375807092713,0.0896956024141878,0.937200123090237,0.645225824415421,0.214837875418605
42.62,0.1,259.416523884685,0.0901480167316093,0.93851126001123,0.647714669494138,0.214746484321861
42.63,0.1,259.455662242109,0.0885977102808126,0.937333422617174,0.646908649461236,0.216786491943325
42.64,0.1,259.493202257455,0.087551419284594,0.936871344104787,0.646403983989276,0.214379964361832
42.65,0.1,259.529124245707,0.0898539439866757,0.935103667414977,0.646068172166666,0.212296196185779
42.66,0.1,259.563408751345,0.0916815016239253,0.93689966849978,0.647969879117725,0.215623840525794
42.67,0.1,259.596036555242,0.0922525320493538,0.937599155266461,0.646871811461348,0.216503534923881
42.68,0.1,259.626988681483,0.0902765931005134,0.938746814803606,0.646606942816167,0.212787807994318
42.69,0.1,259.656246404088,0.0896783222253697,0.93733992972342,0.646421914710661,0.215623570467056
42.7,0.1,259.683791253655,0.0873951365185599,0.933140570502014,0.646618048969952,0.214423235188917
42.71,0.1,259.709605023909,0.0917159725335954,0.938817314227506,0.6445968581618,0.215085218068379
42.72,0.1,259.733669778163,0.0898096808736691,0.933967749654725,0.645844782197603,0.215545507525135
42.73,0.1,259.755967855684,0.0895051966206118,0.936252064528075,0.64697100899805,0.215168637170709
42.74,0.1,259.776481877962,0.0916880074373907,0.935771232549978,0.646449178409899,0.214819964804867
42.75,0.1,259.795194754892,0.0894576629014311,0.934196572368273,0.645983488846785,0.213420668363177
42.76,0.1,259.81208969085,0.0903017341802676,0.936510785295263,0.6481669583436,0.214025105272433
42.77,0.1,259.827150190674,0.0906529563969945,0.934952139607653,0.645108532044539,0.215659068737463
42.78,0.1,259.840360065549,0.0877228030478897,0.936851345726742,0.642669455460164,0.216050009561067
42.79,0.1,259.851703438784,0.086620291317199,0.935506008731771,0.647472700229143,0.215217727967257
42.8,0.1,259.861164751493,0.0897034669920839,0.935806339600529,0.644332896199178,0.215529640909742
42.81,0.1,259.868728768166,0.0888076213591868,0.933184366875016,0.643159121894702,0.214602464335439
42.82,0.1,259.874380582146,0.0920402925190403,0.934988259968788,0.648313588852817,0.217051845905504
42.83,0.1,259.878105620985,0.0914044775871667,0.937333719461957,0.644693950142657,0.215915238349208
42.84,0.1,259.952963469645,0.0894089122072986,0.939859979551595,0.64566766963728,0.2140230701736
42.85,0.1,259.969633531416,0.0873796754503893,0.935760008389376,0.644509730096046,0.214260308048517
42.86,0.1,259.967493490345,0.0921231973742846,0.936817738708417,0.64464897253977,0.215048027469609
42.87,0.1,259.963371144402,0.0885655413392282,0.935192504441454,0.646845900583522,0.213318683861982
42.88,0.1,259.957253664462,0.0906555640542241,0.935285637083322,0.643905577034701,0.216653878086351
42.89,0.1,259.949128585647,0.0896031913432678,0.935971439967096,0.645714384712808,0.214766455317009
42.9,0.1,259.93898381192,0.0928053406170131,0.934402718733429,0.642917420777266,0.217684490652064
42.91,0.1,259.926807620571,0.0899158721768316,0.935286664394355,0.644789870871622,0.212782950824054
42.92,0.1,259.912588666582,0.0916969191496344,0.93501562433331,0.645272389533127,0.217790798641844
42.93,0.1,259.896315986882,0.0903027498695435,0.936869872165681,0.645925828854659,0.211850128828483
42.94,0.1,259.877979004483,0.0923073491251798,0.934120031876769,0.644464410402228,0.214169648287402
42.95,0.1,259.857567532497,0.0906165379677615,0.934611441939095,0.643139411438289,0.214844773130576
42.96,0.1,259.835071778043,0.0910431141591436,0.933590425760997,0.643398078869549,0.216188602787714
42.97,0.1,259.810482346024,0.089339714828992,0.936078105083631,0.646014520416596,0.215630777469849
42.98,0.1,259.783790242795,0.090191850076255,0.935714217194705,0.644828261943152,0.21389950543588
42.99,0.1,259.754986879705,0.0912861678890484,0.934869758168819,0.645096125970051,0.213202928158947
43,0.1,259.72406407652,0.0897580660119989,0.935793144744633,0.644473883812906,0.215134994075307
43.01,0.1,259.691014064729,0.0890783231819625,0.934510524955023,0.643906385473695,0.214732076890814
43.02,0.1,259.655829490718,0.0906361257788843,0.93386648120973,0.644574530733344,0.216023123243047
43.03,0.1,259.618503418835,0.090636984510435,0.933497674246115,0.641368195704571,0.216857186023448
43.04,0.1,259.57902933432,0.0902829571150553,0.933537333943983,0.644827458503807,0.216119236019267
43.05,0.1,259.537401146119,0.0883415274861452,0.933326283440226,0.640605890287451,0.214034679227958
43.06,0.1,259.493613189573,0.0912254561759415,0.933430122312253,0.640760418252059,0.217269007734037
43.07,0.1,259.447660228977,0.0928103006766921,0.933485499021836,0.645661210237057,0.210614178609857
43.08,0.1,259.399537460025,0.0898048576922328,0.93460787637494,0.644827479902142,0.214096952266827
43.09,0.1,259.349240512114,0.086558994957288,0.93238881111328,0.643800942050928,0.215631623792911
43.1,0.1,259.29676545054,0.0884817125903099,0.93239895675299,0.644435091251089,0.215982763263163
43.11,0.1,259.242108778555,0.0895908422462848,0.932852957388894,0.643756934819368,0.216019486742367
43.12,0.1,258.452423890365,0.0928001443270563,0.932255339696205,0.644937146759913,0.214522532473918
43.13,0.1,257.771984586183,0.090801928980142,0.934294818335707,0.644159602103321,0.215893791883205
43.14,0.1,257.303930821076,0.089578907960261,0.932191656445552,0.644395899106172,0.215994823519779
43.15,0.1,256.889624351387,0.0887148656201075,0.932122072676272,0.641652236541216,0.215375751707884
43.16,0.1,256.480920137766,0.0909255220198271,0.93069586260669,0.643024797181407,0.214569485653341
43.17,0.1,256.069717697775,0.0924023260525568,0.932033730103122,0.64310137771662,0.215515436521058
43.18,0.1,255.650455652953,0.0922671170815479,0.933855395778726,0.641031147325333,0.214008080544961
43.19,0.1,255.22012208397,0.0934687469183921,0.930618149289181,0.645328182573871,0.214622922180121
43.2,0.1,254.780280708941,0.0934287659023155,0.9318663770039,0.642433764859216,0.214006970683527
43.21,0.1,254.332347493233,0.0945747079017735,0.932684901740504,0.642709486930441,0.214340711831402
43.22,0.1,253.87371217014,0.0939385656244466,0.932378476512226,0.643649469697382,0.216165587855872
43.23,0.1,253.403896052793,0.0944636861034869,0.933590886965648,0.644593504460735,0.215632459315386
43.24,0.1,252.926180565553,0.0926370194399031,0.930496929449229,0.644568446146752,0.217673697649691
43.25,0.1,252.438899761386,0.0952105615559727,0.932256932957169,0.642655756531408,0.212847048072526
43.26,0.1,251.940498836897,0.0937099486500299,0.931863642010673,0.643349258971195,0.214422834501081
43.27,0.1,251.431843470879,0.0956733253511908,0.930245738866478,0.64154558707258,0.215186336114179
43.28,0.1,250.913737806,0.097295902838654,0.927867922656972,0.643711008428507,0.216299094779136
43.29,0.1,250.384853063319,0.0971092419061838,0.93046147507468,0.645141050909443,0.213028027074355
43.3,0.1,249.845037164316,0.0947878396309192,0.930035180037865,0.6437853454939,0.212151234528044
43.31,0.1,249.296405540753,0.0983213069907184,0.929676595883922,0.643693648528013,0.213302479084913
43.32,0.1,248.737989478256,0.095887687922017,0.927286727798951,0.643734861530018,0.214840990096307
43.33,0.1,248.168885816389,0.0964531527635414,0.927423248713231,0.645638020164985,0.212923596159627
43.34,0.1,247.590356858606,0.0986873620640518,0.931071196721732,0.643262792490368,0.213940538268254
43.35,0.1,247.003402492844,0.0982411791725119,0.930366404970608,0.646079358486208,0.214923650639119
43.36,0.1,246.406529066943,0.0994744162214448,0.92971786983668,0.644199734538698,0.214687637309393
43.37,0.1,245.802914636435,0.0969906446234097,0.927608743231959,0.64435040197559,0.213471430304296
43.38,0.1,245.220358677795,0.0998649661579747,0.927407213118251,0.644294940578404,0.213622503487933
43.39,0.1,244.64550369046,0.0992517366448283,0.927456201654839,0.642967201782631,0.216850094132433
43.4,0.1,244.065449766668,0.0963974347408239,0.927425312508194,0.645284664518218,0.216092064040373
43.41,0.1,243.525676292239,0.102043746522275,0.927144757430243,0.645063906424548,0.216268755292935
43.42,0.1,243.057941843541,0.102768251973387,0.928014230197144,0.644736161600589,0.216129608454679
43.43,0.1,242.607862839932,0.103015331657671,0.930189980295046,0.644040178902223,0.213035581927298
43.44,0.1,242.162714266188,0.101468083520386,0.925995599936103,0.645591516568574,0.214378446927284
43.45,0.1,241.777088491755,0.100395582669885,0.927284963889205,0.644850954751137,0.215087505354062
43.46,0.1,241.420730383404,0.103084327085296,0.926962174785916,0.644439983603654,0.216433068124679
43.47,0.1,241.065271523452,0.100851579762679,0.92967412496919,0.644864006618057,0.215809653089014
43.48,0.1,240.728615049004,0.101580404043968,0.925887109702396,0.643618367875634,0.214557506235583
43.49,0.1,240.426197931592,0.101209761387201,0.924978889143001,0.645011414083965,0.215350684798111
43.5,0.1,240.128574451557,0.101786734624893,0.922915782015097,0.644750943227988,0.214568172807236
43.51,0.1,239.826585690209,0.101934136854553,0.924911055400043,0.649376213873955,0.215724231206552
43.52,0.1,239.532221751795,0.101296469302804,0.925520683644872,0.644638741185449,0.217154045612257
43.53,0.1,239.237639490506,0.103377398029046,0.924785723174018,0.643503006498724,0.215596652924399
43.54,0.1,238.935760819146,0.101910896895675,0.924851311062061,0.646792100240974,0.213610004625888
43.55,0.1,238.624535600553,0.102841722485095,0.9254382756229,0.64713478082072,0.214205784320003
43.56,0.1,238.303511570339,0.103479764243466,0.921932551157608,0.648289893681535,0.212729823602079
43.57,0.1,237.972668838631,0.104270192507515,0.925666754980381,0.643050288514987,0.216213195500303
43.58,0.1,237.632102381537,0.104274607579574,0.922630920730885,0.644089275328361,0.213017653355367
43.59,0.1,237.281938986463,0.102194067869892,0.922251757295413,0.645769359813937,0.213963929672
43.6,0.1,236.922315662985,0.103534327088251,0.923247717760573,0.644779972287449,0.216066668823575
43.61,0.1,236.553373990729,0.104864572070145,0.923723107517691,0.644849974974762,0.214168282200772
43.62,0.1,236.175258590938,0.103634965238501,0.923465996286368,0.646100262907474,0.213696471217615
43.63,0.1,235.788116664608,0.106996206576662,0.921748447535198,0.644892381413119,0.21454323474723
43.64,0.1,235.39209780615,0.105451071026343,0.922412235697032,0.647563806258443,0.213775716058631
43.65,0.1,234.987353887803,0.104778369682738,0.924707121624591,0.645094951785431,0.213290428758535
43.66,0.1,234.574038961806,0.103920998083334,0.919738063501935,0.649068840238316,0.213909615345213
43.67,0.1,234.152309166644,0.103036504800157,0.920146942439892,0.646891658010761,0.215049841893187
43.68,0.1,233.722322633895,0.104427197053993,0.921054942831605,0.645186697560182,0.214415272922411
43.69,0.1,233.284239394837,0.103369586624029,0.920295256317601,0.64588101770104,0.214439805182534
43.7,0.1,232.838221286651,0.106945415453052,0.921668073416693,0.646594967954466,0.212658602421855
43.71,0.1,232.384431858254,0.1055796487704,0.919121329386747,0.648656289866441,0.215330004310532
43.72,0.1,231.923036275825,0.109146435971296,0.920214099222881,0.647434102398699,0.213589655327798
43.73,0.1,231.454201228115,0.106428186618707,0.919221469717126,0.645673080634124,0.217514410667248
43.74,0.1,230.978094831613,0.106452887781453,0.918699533177587,0.647029618662192,0.212963847641202
43.75,0.1,230.494886535658,0.109214916418604,0.919501047272692,0.646355264267135,0.215398040371677
43.76,0.1,230.004747027581,0.107039562270619,0.915449572786447,0.646829861860668,0.216448557754205
43.77,0.1,229.507848137949,0.108481277800892,0.917246997548069,0.649729555942018,0.21633774672468
43.78,0.1,229.004362746012,0.106003084196249,0.916441058927358,0.649579555190797,0.218458666822927
43.79,0.1,228.494464685401,0.110020347837687,0.917026712699355,0.650117073798622,0.214648645487128
43.8,0.1,227.978328650189,0.109644689298177,0.915844952168664,0.648379419589667,0.215704936560341
43.81,0.1,227.456130101365,0.110280261112649,0.918889803794468,0.65057128906129,0.214795643425935
43.82,0.1,226.928045173805,0.11069437757425,0.915658619006393,0.646423453288643,0.215339263119879
43.83,0.1,226.394250583819,0.108724783570151,0.916806412131972,0.648215349067836,0.216250670703344
43.84,0.1,225.854923537335,0.109529308443374,0.917876831982143,0.650928767958884,0.214715688101481
43.85,0.1,225.310241638794,0.108347321272803,0.916358563192205,0.649071809298767,0.214740423662839
43.86,0.1,224.760382800824,0.109165987088113,0.917613179946099,0.646634590985886,0.215316231840109
43.87,0.1,224.205525154763,0.1094353793312,0.91430506205811,0.647599657586372,0.214387148942308
43.88,0.1,223.645846962079,0.109137219615948,0.913412907958961,0.647884400717274,0.214576180266347
43.89,0.1,223.081526526768,0.112709442816571,0.914116154209333,0.650931682403079,0.215615349098479
43.9,0.1,222.512742108779,0.111105953524438,0.912857392875498,0.646533349271,0.215604184004347
43.91,0.1,221.939671838525,0.111605058478437,0.91526538535631,0.647879374402696,0.217549881087271
43.92,0.1,221.362493632534,0.112068777464928,0.915497412923768,0.649114024192162,0.215774886591738
43.93,0.1,220.781385110296,0.113377399787131,0.912016025936153,0.64886770730591,0.213388298359273
43.94,0.1,220.196523512352,0.114975344068657,0.911549231386343,0.651364169490084,0.214835522539875
43.95,0.1,219.608085619682,0.114445178226532,0.912898508813429,0.650566568372683,0.214834503503415
43.96,0.1,219.016247674432,0.117040552071757,0.913728601869785,0.651076329055141,0.214096782395103
43.97,0.1,218.421185302016,0.114164145832191,0.915057624475141,0.651403086341184,0.21768246895642
43.98,0.1,217.823073434653,0.114732508412057,0.914430899934228,0.650648897087839,0.215810451056801
43.99,0.1,217.222086236365,0.114399431196332,0.912777199855863,0.64983165261303,0.216569793042184
44,0.1,216.618397029472,0.116636741173151,0.911332190611041,0.650125425486765,0.21419496449977
44.01,0.1,216.01217822263,0.117467407338207,0.911666281038978,0.650368583493916,0.215926635760927
44.02,0.1,215.403601240426,0.117885757204257,0.910733500172783,0.650268010992396,0.212856888875317
44.03,0.1,214.792836454579,0.116004577702632,0.910794143557823,0.649204668472841,0.216083891445738
44.04,0.1,214.180053116762,0.118380164720351,0.908200359798617,0.648836812263512,0.214466221673133
44.05,0.1,213.565419293069,0.11627401763713,0.907953804562676,0.652163877657124,0.215237679309736
44.06,0.1,212.949101800163,0.11627199759128,0.910483900137593,0.651391936960147,0.215751259121043
44.07,0.1,212.331266143107,0.118454459398534,0.910092236418615,0.649052979673481,0.212966311950244
44.08,0.1,211.712076454907,0.120561241709415,0.90769866117395,0.647968389845087,0.214284438454056
44.09,0.1,211.091695437791,0.11665051428274,0.907864398171459,0.651512750464757,0.217415473188056
44.1,0.1,210.470284306208,0.119836299322976,0.908683735898246,0.651054049958367,0.214024493304863
44.11,0.1,209.8480027316,0.120925571598562,0.908138666936203,0.652860183020629,0.213271250135588
44.12,0.1,209.225008788917,0.121471331245381,0.908185904311171,0.650808943198338,0.215349243080518
44.13,0.1,208.601458904905,0.121717398397123,0.906939755581071,0.651512174619454,0.215677452380804
44.14,0.1,207.977507808171,0.121882988263059,0.905677704908524,0.654185405377905,0.215274939745389
44.15,0.1,207.353308481015,0.121972174314308,0.906169464674223,0.654499380723211,0.213256413328307
44.16,0.1,206.729012113041,0.121989299281213,0.904621314812441,0.653489403549196,0.215055428277378
44.17,0.1,206.104768056546,0.123545366087711,0.905933422239177,0.652492796791489,0.216163206022597
44.18,0.1,205.480723783674,0.123724154903599,0.904131996163267,0.652218919032458,0.215123978028793
44.19,0.1,204.857024845346,0.122516130325563,0.905477614745298,0.652185749345008,0.212059297306577
44.2,0.1,204.233814831941,0.123776392718757,0.902100147527732,0.64973415081353,0.215616098842106
44.21,0.1,203.611235335736,0.123344715994958,0.90530568131385,0.652982260610453,0.215419120048903
44.22,0.1,202.989425915087,0.127033723982097,0.903433615573129,0.650270399471135,0.213032067990202
44.23,0.1,202.368524060333,0.125595741559001,0.903607679767319,0.652863104362996,0.215619278989841
44.24,0.1,201.748665161432,0.126336595370115,0.904458976403819,0.652459660217652,0.214460716643388
44.25,0.1,201.129982477283,0.128775949797048,0.905495423656324,0.653632875238972,0.214455229585232
44.26,0.1,200.512607106743,0.126332684930813,0.903422187209854,0.653084282277055,0.216099756727552
44.27,0.1,199.896667961313,0.124054941116164,0.903516185167216,0.653412059702549,0.217087883699332
44.28,0.1,199.282291739467,0.129985830212164,0.900578345781409,0.655002433032982,0.212829095733379
44.29,0.1,198.669602902616,0.128784428634164,0.901278589746492,0.653729685481824,0.216398303618395
44.3,0.1,198.058723652677,0.127256242147607,0.9018549876217,0.65436053506348,0.216415329047724
44.31,0.1,197.44977391123,0.129348883895352,0.901670207073657,0.654725894063434,0.215360526007758
44.32,0.1,196.842871300228,0.129206810309781,0.902457543215944,0.651977154519772,0.217371813377295
44.33,0.1,196.238131124252,0.12829874008393,0.900728516900327,0.653241442493233,0.216105405728254
44.34,0.1,195.635666354275,0.127958252780257,0.901905080881789,0.653784497789869,0.215970388197061
44.35,0.1,195.035587612908,0.132639708060409,0.899907186859933,0.654943655659882,0.216366853218298
44.36,0.1,194.438003161103,0.131515966722921,0.899932990900282,0.65522632056616,0.217455043279619
44.37,0.1,193.843018886289,0.134503682860872,0.899894425478448,0.65478464955933,0.213832162737219
44.38,0.1,193.2507382919,0.130894322895483,0.898593793675071,0.654904679019692,0.214187029027997
44.39,0.1,192.66126248828,0.131973970248004,0.898950070118638,0.654880387714716,0.217372883962855
44.4,0.1,192.074690184928,0.131923386534243,0.89927024436027,0.656930751420372,0.216686060704124
44.41,0.1,191.491117684049,0.132001954722652,0.895103365003316,0.654330202798366,0.213450910817308
44.42,0.1,190.910638875383,0.135363554336782,0.89829870337439,0.655646195874939,0.214987140896791
44.43,0.1,190.333345232291,0.131452749951158,0.895648038531574,0.65636214308725,0.213238640042835
44.44,0.1,189.759325809041,0.134095078687658,0.896998560193593,0.654501791879695,0.218054088288914
44.45,0.1,189.18866723929,0.135321207261846,0.897032938487371,0.655128834581173,0.214308323691782
44.46,0.1,188.621453735712,0.135427373394973,0.895995448663704,0.657392000035111,0.215667619561235
44.47,0.1,188.057767090746,0.135822263872533,0.896230506117194,0.654848605738984,0.213992103114532
44.48,0.1,187.497686678425,0.133710717338155,0.897672233790178,0.656205546788339,0.214316817173615
44.49,0.1,186.941289457272,0.13505008052983,0.896305193258697,0.655876907907688,0.215041673872388
44.5,0.1,186.388649974199,0.135763504354318,0.893762795591104,0.654492717714452,0.213979254375645
44.51,0.1,185.839840369405,0.138524789275864,0.892935414399416,0.654805087059887,0.21512414427688
44.52,0.1,185.294930382233,0.137870888690886,0.891797318160782,0.657086627298111,0.213259128051557
44.53,0.1,184.753987357939,0.138987342737859,0.893182924747092,0.658844821664395,0.214341180216778
44.54,0.1,184.217076255365,0.137316198381272,0.893409451451936,0.657322131457077,0.213619816629457
44.55,0.1,183.684259655456,0.139628603167102,0.893306737117345,0.655911518500194,0.21514795434486
44.56,0.1,183.155597770625,0.137764994253865,0.891905094653036,0.657935621134483,0.215111400226154
44.57,0.1,182.631148454895,0.140374106920087,0.891780554910462,0.655728640827935,0.215890071525575
44.58,0.1,182.110967214815,0.141692623636718,0.89025162324478,0.656602457452367,0.216034684558125
44.59,0.1,181.595107221114,0.14086448509332,0.89070630328144,0.653721420086074,0.216453560693002
44.6,0.1,181.083619321054,0.141918935918826,0.891279032518856,0.655420794024694,0.214671067467284
44.61,0.1,180.576552051454,0.140935024325026,0.889950641926087,0.658614850443317,0.213938003858454
44.62,0.1,180.073951652374,0.141129888046313,0.889992399163516,0.656562660203241,0.213505419469938
44.63,0.1,179.575862081399,0.145732810015361,0.889634721847927,0.655903461021971,0.213778691233712
44.64,0.1,179.082325028524,0.142325955330319,0.889067244873375,0.656886100375372,0.211381685440554
44.65,0.1,178.593379931591,0.141839446708168,0.889815393070437,0.654705330844604,0.213495596590395
44.66,0.1,178.109063992268,0.144234579981687,0.891182377855214,0.6558395137485,0.216643339369213
44.67,0.1,177.62941219253,0.141674978299244,0.886167777110242,0.655295964150495,0.215245954648739
44.68,0.1,177.154457311625,0.144046547481557,0.890233637255408,0.658726682132722,0.214494663992977
44.69,0.1,176.684229943496,0.14212393002523,0.888110234693307,0.653588739614963,0.21446187150469
44.7,0.1,176.218758514635,0.145837492450989,0.884409745583302,0.657665346618092,0.21477834653511
44.71,0.1,175.758069302347,0.14339309833211,0.885722026956496,0.658004626065094,0.216011404190167
44.72,0.1,175.302186453402,0.146164641427048,0.885061224585339,0.654552875795438,0.215249076716699
44.73,0.1,174.851132003049,0.144162280963861,0.884714778117229,0.65597769164752,0.212912907615907
44.74,0.1,174.40492589437,0.145512338571742,0.883193975933422,0.654995787334574,0.211008984313049
44.75,0.1,173.963585997963,0.145039076401644,0.884253195236614,0.656551785796739,0.215554765383962
44.76,0.1,173.527128131923,0.145247667185272,0.885158097764835,0.6592613225623,0.215314008749462
44.77,0.1,173.095566082104,0.147893487225489,0.883307210741575,0.65581648807849,0.215229247610575
44.78,0.1,172.668911622654,0.148154771119677,0.883390966342842,0.657542404663286,0.213638435497382
44.79,0.1,172.24717453679,0.148402059218769,0.881889548600101,0.656060102622595,0.214273071660115
44.8,0.1,171.830362637806,0.148405187664862,0.883600686403569,0.65362443256223,0.215040127537811
44.81,0.1,171.4184817903,0.148545919909887,0.884783243702223,0.657870190355636,0.21570274058078
44.82,0.1,171.011535931598,0.149070744427342,0.88109488482239,0.655392158133818,0.215573959965035
44.83,0.1,170.609527093361,0.148314139342977,0.883089135657835,0.658773687049576,0.218061051221318
44.84,0.1,170.212455423373,0.147207169457602,0.881818560077838,0.65646035466365,0.216375315755534
44.85,0.1,169.820319207484,0.147975915059881,0.882180541320738,0.653206805048829,0.213238182155773
44.86,0.1,169.433114891698,0.149009150000591,0.881263605602702,0.658002611617173,0.215251611259365
44.87,0.1,169.050837104406,0.147154476367772,0.880532111638913,0.657664994246461,0.219208840083378
44.88,0.1,168.673478678741,0.146804017773408,0.880767381075728,0.656350250435856,0.214741122145447
44.89,0.1,168.301030675053,0.151985012767131,0.88245720088829,0.655007077464002,0.213686077013644
44.9,0.1,167.933482403491,0.150489404743196,0.877041686079387,0.658409186136943,0.216021551430363
44.91,0.1,167.570821446691,0.149611017713114,0.875623251521629,0.657992926456238,0.215132136591296
44.92,0.1,167.213033682549,0.150336858630804,0.877623758684461,0.656214349164861,0.213683438036086
44.93,0.1,166.860103307094,0.150649273725684,0.880516425925792,0.654715287867868,0.214214667516119
44.94,0.1,166.512012857434,0.150358917387578,0.877186986682348,0.655706505114406,0.215792161951918
44.95,0.1,166.168743234784,0.150777903967396,0.877510734801681,0.653929189122327,0.217014462268117
44.96,0.1,165.83027372756,0.152756307769211,0.878247071720542,0.654130228210134,0.215697346716553
44.97,0.1,165.496582034554,0.153211625794773,0.875474713655099,0.654926344538695,0.216912625193622
44.98,0.1,165.167644288167,0.153127194206764,0.873353598979408,0.655425851471382,0.215196376963006
44.99,0.1,164.843435077705,0.15247499675044,0.8761041163619,0.65632857019142,0.21318293726363
45,0,164.523927472749,0.155080850901581,0.874043842320126,0.656408660686231,0.213137975875794
45.01,0,164.209093046569,0.1568688767031,0.873992295539715,0.656176813751644,0.212008330506529
45.02,0,163.898901899615,0.155242285578156,0.875119174087073,0.655990780760065,0.212420506036619
45.03,0,163.593322683065,0.154024539237312,0.874869807782752,0.655752891544304,0.216229870614509
45.04,0,163.292322622427,0.154850821014824,0.874288071199738,0.654746194267525,0.213697401532963
45.05,0,162.995867541216,0.155038120921078,0.873716956588877,0.653997543328956,0.216592385686118
45.06,0,162.703921884689,0.155461453620188,0.872212193941133,0.657367560604347,0.215568469060452
45.07,0,162.416448743647,0.153377254905651,0.871734873966314,0.656423958621503,0.21699852841522
45.08,0,162.133409878313,0.155242800958191,0.870752274616666,0.656411138367204,0.215409268196761
45.09,0,161.854765742272,0.156120219002689,0.868022841818616,0.650874290598383,0.215029241946896
45.1,0,161.580475506499,0.15416825371713,0.872504689223043,0.654750207227028,0.216059751018961
45.11,0,161.310497083458,0.155213779518803,0.869289101991124,0.653949937411139,0.215275870466581
45.12,0,161.044787151292,0.157089099624289,0.872766439419999,0.651648324224952,0.218240981419613
45.13,0,160.783301178095,0.156350096478827,0.868922697475187,0.654038040807236,0.216839131828535
45.14,0,160.525993446283,0.156748861802354,0.867319093633465,0.654123895071015,0.213426916350171
45.15,0,160.272817077064,0.157073097147208,0.868680059464049,0.655560366610528,0.215716786105398
45.16,0,160.023724055003,0.159253855344166,0.869563084782634,0.65541990899106,0.21588669126733
45.17,0,159.778665252711,0.157035208986774,0.867768348606061,0.656663100931453,0.212625827577658
45.18,0,159.537590455631,0.154331955045532,0.86802066004151,0.655399559185064,0.214956753871358
45.19,0,159.300448386967,0.155968304446892,0.865235433524068,0.656164526626963,0.215215123547691
45.2,0,159.067186732716,0.157216418340411,0.867568722954147,0.654176994219966,0.215747447488864
45.21,0,158.837752166851,0.15597783965798,0.865628639226174,0.652912082975385,0.214908543069572
45.22,0,158.612090376635,0.158285142327384,0.869819085934038,0.656120543441075,0.216259674401698
45.23,0,158.390146088079,0.157451337610115,0.866542917640544,0.655065383499012,0.216091807779443
45.24,0,158.17186309156,0.158830684185938,0.864291829125973,0.652338796289641,0.21316739425384
45.25,0,157.957184267584,0.158513541491637,0.864701557362783,0.653422249988139,0.215559847059811
45.26,0,157.74605161272,0.154334144989503,0.866603863543071,0.654703035589373,0.214129989968314
45.27,0,157.538406265707,0.1568132669746,0.863790566759454,0.653687004093726,0.214548224666784
45.28,0,157.334188533727,0.156468358587757,0.863469788174064,0.650692842060593,0.214606698568037
45.29,0,157.133337918867,0.159013016346285,0.863016460972412,0.656935424432495,0.215444672636673
45.3,0,156.935793144766,0.157146709486165,0.861562272988767,0.654778819652282,0.214444045728518
45.31,0,156.741492183451,0.157621467957325,0.862499477475766,0.653826651776823,0.215193328611985
45.32,0,156.550372282375,0.1594061550417,0.86155675688975,0.653301771024273,0.217576332040307
45.33,0,156.362369991657,0.156649575883346,0.86191434743314,0.652425509424144,0.215988456884191
45.34,0,156.177421191528,0.157222867291487,0.858570775408418,0.650720985559021,0.216304262986951
45.35,0,155.995461119986,0.157660699814764,0.861190600186113,0.652908288352998,0.215501677175098
45.36,0,155.816424400674,0.160612873586396,0.862694927088114,0.651144353562781,0.212767199858648
45.37,0,155.640245070972,0.159208962499248,0.857687137338437,0.648071694310742,0.215771426812076
45.38,0,155.466856610313,0.1588461496476,0.858689211040958,0.651824260716004,0.216047387553935
45.39,0,155.296191968726,0.159034671784256,0.858860105713352,0.652768914930934,0.215066828635252
45.4,0,155.128183595607,0.159736384977171,0.858680603687925,0.655260997773791,0.213799416668009
45.41,0,154.96276346872,0.162748312729316,0.861826068600999,0.651506776218825,0.21832283690068
45.42,0,154.799863123432,0.158586846869696,0.857849266376226,0.651688507136516,0.212539561630667
45.43,0,154.639413682179,0.161782996332877,0.858348370844035,0.651713880761096,0.214146870188155
45.44,0,154.481345884172,0.157892572639666,0.858184256545006,0.649550759852598,0.214123160469768
45.45,0,154.325590115325,0.160684557980986,0.860617436091764,0.649405427422625,0.214997869045671
45.46,0,154.172076438433,0.160296528192748,0.859087052388884,0.652419637205975,0.214095878305894
45.47,0,154.020734623572,0.15928891909291,0.857760751136498,0.652046284182476,0.212844128496452
45.48,0,153.871494178731,0.156753391953182,0.854672375657508,0.647551268097027,0.21839152388841
45.49,0,153.724284380682,0.158911743451808,0.856042976484951,0.652783177149175,0.21495626383863
45.5,0,153.579034306064,0.160708309200874,0.856069547906258,0.652851328968211,0.214722764339403
45.51,0,153.4356728627,0.159543576326688,0.854204627595589,0.652224252817678,0.215660954826363
45.52,0,153.294128821133,0.160010478443683,0.855352928594459,0.651075202221892,0.21615889569205
45.53,0,153.154330846368,0.159372192145877,0.85662075724888,0.65118208126787,0.215952805669846
45.54,0,153.016207529837,0.160747566548157,0.853464752463317,0.649287066334879,0.216239171150751
45.55,0,152.879687421552,0.161541748179613,0.854724898643425,0.648812751325976,0.213472506243862
45.56,0,152.744699062472,0.160228832752338,0.851554152292951,0.650230760170486,0.213227783707405
45.57,0,152.611171017043,0.159605993721759,0.85465995124138,0.649370161247185,0.216222504280407
45.58,0,152.479031905933,0.162032862664321,0.851126809503246,0.648823142604551,0.215137114875023
45.59,0,152.348210438934,0.160454731709406,0.852354815755869,0.649882048833013,0.212882262042182
45.6,0,152.218635448025,0.163003080646813,0.853771639038742,0.649482120826277,0.216036250049512
45.61,0,152.0902359206,0.161190232403957,0.850028509368015,0.647732611466807,0.216448835424017
45.62,0,151.962941032824,0.161893054440591,0.851090043342012,0.6465870227585,0.215468579768705
45.63,0,151.836680183135,0.161765932199995,0.851401493196781,0.651332804604735,0.212926425249453
45.64,0,151.711383025854,0.159476908098047,0.85015316606094,0.649576973846981,0.21318821279616
45.65,0,151.586979504913,0.162840153544887,0.849677536851623,0.649086477218656,0.217566082993689
45.66,0,151.463399887666,0.162395722297613,0.849033523606674,0.646260732040462,0.216134747358198
45.67,0,151.340574798787,0.163220542291461,0.84734516813906,0.647490031493243,0.214491486562201
45.68,0,151.218435254234,0.161231441900733,0.851462581602286,0.648252584077747,0.214494477765679
45.69,0,151.096912695253,0.160397328172283,0.847284523047263,0.647835553687815,0.214860010249425
45.7,0,150.975939022425,0.161013359875586,0.84676899210533,0.647453560518513,0.214249766356425
45.71,0,150.855446629727,0.162924957960073,0.847265119623491,0.650347587926449,0.215156936606354
45.72,0,150.735368438595,0.160469334286798,0.84906053959806,0.650828228383362,0.214491310592395
45.73,0,150.61563793196,0.159717129058577,0.846539670864567,0.651728884195166,0.21556473033796
45.74,0,150.496189188261,0.159101524051354,0.846984578098799,0.647189406560171,0.215220567155298
45.75,0,150.376956915395,0.161792390636814,0.847321616088449,0.648264149906443,0.212726291220364
45.76,0,150.257876484589,0.162066873083928,0.846856394046391,0.64708489212874,0.216341142136056
45.77,0,150.138883964191,0.162604633058947,0.843964800119472,0.646447397849004,0.216605946458254
45.78,0,150.019916153327,0.164195610256795,0.845800074621234,0.647810995698341,0.215532647364895
45.79,0,149.900910615443,0.161625200963509,0.846217269224214,0.646597275795572,0.214384553191135
45.8,0,149.781805711672,0.162913012481365,0.845206339586371,0.644791056339452,0.213900945214036
45.81,0,149.662540634033,0.161570211348033,0.846487916448524,0.647449475710826,0.216243734591265
45.82,0,149.543055438427,0.162859451449313,0.844546378105437,0.64621571584306,0.217051173881142
45.83,0,149.423291077407,0.162081652267221,0.844952348439862,0.647590704743501,0.215329600055406
45.84,0,149.303189432705,0.160901553195154,0.844049130140736,0.645614246140623,0.215956893410607
45.85,0,149.182693347492,0.161430550079481,0.841628496295147,0.64838916214924,0.216336134534432
45.86,0,149.06174665834,0.16317336459501,0.841850610164779,0.644792462813181,0.217345531525217
45.87,0,148.940294226872,0.162698511282073,0.842074866443112,0.646354784014811,0.215887616926408
45.88,0,148.818281971075,0.164211860277813,0.842105709777666,0.647659957283903,0.21507591417156
45.89,0,148.695656896245,0.160808578216536,0.842528732403745,0.645685863270333,0.212154176543086
45.9,0,148.572367125551,0.162652086369439,0.839673511762398,0.64633048065566,0.217599074020489
45.91,0,148.448361930179,0.161838551792486,0.840729729839708,0.645193124978107,0.212994435968504
45.92,0,148.323591759054,0.160667039352552,0.839906968363075,0.645237998394939,0.213432210704478
45.93,0,148.198008268092,0.163996211648505,0.841616316131357,0.64486123805644,0.2134332952695
45.94,0,148.071564348973,0.164202482065528,0.839722246477985,0.643983485519384,0.21506593762814
45.95,0,147.94421415741,0.162772561205298,0.841679067772403,0.646299075199427,0.214160519108568
45.96,0,147.815913140883,0.163067758653233,0.842414981676953,0.645245747034187,0.215117534330534
45.97,0,147.686618065822,0.16111104758139,0.838310488804426,0.644116007282663,0.215465971695249
45.98,0,147.556287044211,0.164043594627135,0.837099461361124,0.64562346525549,0.21459316133703
45.99,0,147.424879559593,0.161387048557742,0.838959740751536,0.645008926897854,0.21685747727357
46,0,147.292356492451,0.160674885746622,0.841953703318351,0.644509333726293,0.217153324210864
46.01,0,147.158680144939,0.160999706025896,0.838597099074414,0.645201968130769,0.216198292262379
46.02,0,147.023814264951,0.16664026557966,0.837475392662271,0.644375441936242,0.213269531931916
46.03,0,146.887724069498,0.163887177280329,0.837300888471385,0.646959800889025,0.21553968453968
46.04,0,146.750376267369,0.163942300734326,0.83650477099048,0.644189760597627,0.21745619175557
46.05,0,146.611739081069,0.163721709129101,0.837521944541373,0.647500126480317,0.215155113779018
46.06,0,146.471782267993,0.162169917792925,0.835988612249507,0.643470381633023,0.214806369771153
46.07,0,146.330477140838,0.164028101181838,0.836142446751519,0.645401331779133,0.216649986761979
46.08,0,146.187796587217,0.165041845827966,0.83660983074399,0.64559510272707,0.214018483242131
46.09,0,146.043715088463,0.164842526751377,0.836036054308093,0.646921797082368,0.215899089253472
46.1,0,145.898208737612,0.163169499323273,0.836195327412724,0.644263184427957,0.2144319525714
46.11,0,145.75125525653,0.164464151982352,0.830937235177774,0.64293239464913,0.214316935798488
46.12,0,145.602834012185,0.164185470254115,0.834553881536669,0.643376862248876,0.214172156565473
46.13,0,145.452926032045,0.164052948556388,0.835163892240552,0.645593058696663,0.217704937935392
46.14,0,145.301514018571,0.163900368796641,0.832162903572257,0.644934908550979,0.216067775728496
46.15,0,145.148582362818,0.164422744462067,0.834692737099974,0.642501419392999,0.214909481528966
46.16,0,144.99411715711,0.165889936808604,0.833159077977809,0.643031782682578,0.214800682466338
46.17,0,144.838106206778,0.166793836673136,0.834086296201161,0.644069380992701,0.215424619109368
46.18,0,144.680539040968,0.162715319411761,0.834157845762793,0.644208624236375,0.21544001801138
46.19,0,144.521406922481,0.161802813031477,0.833773085776622,0.643228722457351,0.213486255397205
46.2,0,144.360702856661,0.165719423815866,0.832153848752908,0.641954775173477,0.215013030329304
46.21,0,144.198421599305,0.16288458123215,0.832308783090036,0.642532972755341,0.214255934966548
46.22,0,144.034559663598,0.16158625167944,0.833839622772984,0.64506216829264,0.213221310012721
46.23,0,143.869115326057,0.163856873266854,0.831000277981347,0.646240791865318,0.214225937659659
46.24,0,143.702088631494,0.165728812714742,0.830706012034935,0.643105214200138,0.216495725284501
46.25,0,143.533481396975,0.16303932341146,0.830463332554377,0.642396464104374,0.216984859584959
46.26,0,143.363297214782,0.16687414817347,0.831559215442417,0.642488208347982,0.215328110242957
46.27,0,143.191541454378,0.166693689675983,0.832277060073054,0.643835679900635,0.21595088542252
46.28,0,143.018221263373,0.167576765438365,0.82853196280655,0.642041270629105,0.215156879292447
46.29,0,142.843345567479,0.167075295174319,0.830956452998973,0.642518900928922,0.215203665729221
46.3,0,142.666925069472,0.166571747266143,0.830110686686351,0.644853575599315,0.217779768538117
46.31,0,142.488972247159,0.166638871531013,0.830596550045731,0.643104222445931,0.21560308744389
46.32,0,142.309501350342,0.167309552663904,0.830629426186572,0.642962490549871,0.216126914601715
46.33,0,142.128528396797,0.165100269373776,0.830873787330762,0.64412804452629,0.213959147777467
46.34,0,141.946071167273,0.166229733429833,0.827671729970819,0.645630120282825,0.213834701753453
46.35,0,141.762149199505,0.16739846846653,0.828521528292612,0.642817826143532,0.213818798565671
46.36,0,141.576783781266,0.164741203835727,0.826549413200329,0.642740855681442,0.21572618946621
46.37,0,141.389997942449,0.164011889654527,0.828349860912399,0.64203994203991,0.216444767268371
46.38,0,141.201816446212,0.164376430425809,0.827135183492624,0.643186764021824,0.218006723863281
46.39,0,141.012265779173,0.163877729659672,0.826681531152253,0.642853800233872,0.215329252291401
46.4,0,140.821374140681,0.165639909006806,0.826170193040286,0.645348703683136,0.212984975762798
46.41,0,140.629171431178,0.16569460853678,0.827813174468312,0.645846826803503,0.216430471286112
46.42,0,140.435689239656,0.165661806056448,0.828518881900103,0.642140146682104,0.213487414307776
46.43,0,140.240960830235,0.166015179108847,0.82577324328648,0.643222067665755,0.214096869353033
46.44,0,140.045021127871,0.168592469909873,0.825575795402737,0.644839686889781,0.21504475020345
46.45,0,139.847906703217,0.167118917648443,0.824794223452143,0.642763768551713,0.213890772569704
46.46,0,139.649655756649,0.167735324939158,0.82655227268369,0.644468747942409,0.214398337281569
46.47,0,139.450308101482,0.171534216148965,0.825700176282901,0.643495187033168,0.216652946816289
46.48,0,139.249905146395,0.167920781800441,0.823248365301297,0.644595899290464,0.218029456223937
46.49,0,139.048489877083,0.167969670501738,0.824050966510641,0.645297276276812,0.215148434414139
46.5,0,138.846106837158,0.165535646035145,0.823537945065425,0.642666556832857,0.212386851938874
46.51,0,138.642802108327,0.166919964987716,0.825401643112485,0.641376619167295,0.216841690430562
46.52,0,138.438623289869,0.169866347657766,0.825400708456795,0.645070069843204,0.213491058600722
46.53,0,138.233619477423,0.165155381696176,0.824371295988721,0.644425173250352,0.214172157804254
46.54,0,138.027841241135,0.166010613915845,0.823157070388478,0.645994801316946,0.213596662650745
46.55,0,137.821340603163,0.167141265733061,0.821352434531937,0.645368469908243,0.213967271129186
46.56,0,137.614171014591,0.169380920107895,0.821957613589923,0.642455062147683,0.21500875765706
46.57,0,137.406387331764,0.170018077369888,0.820848159682449,0.643701839099677,0.212905089528063
46.58,0,137.198045792067,0.167516166443186,0.821706849997112,0.646620840988782,0.21597145599013
46.59,0,136.989203989193,0.169946879347576,0.823875328699537,0.642777699538119,0.215134361078746
46.6,0,136.779920847914,0.170242247846863,0.818576824377215,0.644502156813359,0.215580971881959
46.61,0,136.570256598391,0.168746847531568,0.820145542326071,0.643334410193235,0.211795037715913
46.62,0,136.360272750044,0.171475557402713,0.825799755795195,0.645497524597425,0.215198117200371
46.63,0,136.150032065019,0.170112154716758,0.817806441908933,0.644172466742185,0.21318263681526
46.64,0,135.939598531285,0.168407286276656,0.821669722875545,0.646184720213068,0.215105688522623
46.65,0,135.729037335373,0.170580729958118,0.821580248432591,0.645863167466793,0.213465108904543
46.66,0,135.518414834811,0.169748307515147,0.821592647747307,0.648210071331583,0.212604287515743
46.67,0,135.307798530267,0.169493145298703,0.819466744052083,0.644558554435214,0.216832800951991
46.68,0,135.097257037436,0.173241838516602,0.821639693850109,0.642710306701039,0.212703505338047
46.69,0,134.886860058705,0.171246641925991,0.817895005369177,0.64726792530679,0.214816411343413
46.7,0,134.676678354624,0.169277399198919,0.823557115815983,0.64428823347748,0.213312666809949
46.71,0,134.466783715211,0.17339790008518,0.821201739311972,0.648205981314385,0.21283865799379
46.72,0,134.257248931122,0.169702719517896,0.819192505018332,0.646478313121961,0.21647510088101
46.73,0,134.048147764718,0.17287133775378,0.82010694682048,0.645302916438337,0.21329376729898
46.74,0,133.839554921065,0.169640798982303,0.81809284386399,0.646773696755223,0.21504945062011
46.75,0,133.631546018878,0.171035718384538,0.81967586649155,0.646901680281163,0.216089603482328
46.76,0,133.424197561463,0.171826907350994,0.819912427129889,0.646332404033306,0.21292726604143
46.77,0,133.217586907666,0.171043394337697,0.819196788018411,0.646517334027117,0.216130278187388
46.78,0,133.011792242869,0.171714404515307,0.818953758479551,0.644687818443032,0.215157634856896
46.79,0,132.806892550061,0.172650481323785,0.819754132754279,0.647312488898562,0.215183213187349
46.8,0,132.602967581007,0.172860211810475,0.81948847267731,0.646374089358611,0.217391143132897
46.81,0,132.400097827545,0.171890518358037,0.816461135280218,0.64620306544047,0.21495299626292
46.82,0,132.198364493046,0.174667429911775,0.819068790694354,0.647744046202071,0.212803212467182
46.83,0,131.997849464047,0.17176236841625,0.818977009784257,0.645490572579393,0.216086936065142
46.84,0,131.798635282097,0.175402889338504,0.819219506066502,0.649855596270995,0.21517222729974
46.85,0,131.600805115848,0.172170387051654,0.815623575762533,0.646567751127352,0.216404008738558
46.86,0,131.404442733384,0.170276262795098,0.81538717257947,0.646498942401737,0.215687892547245
46.87,0,131.209632474859,0.169509836536913,0.815623717983858,0.644229770248011,0.215612115914842
46.88,0,131.016459225421,0.172166259270499,0.814988605370692,0.647612323580349,0.218359364408949
46.89,0,130.825008388484,0.17495297469052,0.818199289694836,0.649695414937078,0.214710621439191
46.9,0,130.635365859341,0.174387138689732,0.81646330936302,0.645275491430025,0.214659912899534
46.91,0,130.44761799916,0.172787732675177,0.817204147927118,0.646017245692776,0.213423414156871
46.92,0,130.261851609372,0.174106496503087,0.81576473683647,0.648470207746835,0.2149380019281
46.93,0,130.078153906471,0.173421906846116,0.818393778487882,0.645454165063953,0.216071260583821
46.94,0,129.896612497255,0.175881862929644,0.816866573257336,0.645344387185051,0.21561400340062
46.95,0,129.717315354514,0.17465146943757,0.814862122973755,0.649539185063801,0.214817175561372
46.96,0,129.540350793193,0.173322820498633,0.819919375433118,0.646546389484847,0.216253603035946
46.97,0,129.365807447039,0.172926026835451,0.815362162800026,0.647692543995083,0.215867155977368
46.98,0,129.193774245745,0.172048024315564,0.816539172004602,0.648328393671395,0.214730553290437
46.99,0,129.024340392621,0.175368543313502,0.813403361810668,0.647423598335321,0.216740890916768
47,0,128.857595342789,0.17518515158267,0.814963361812891,0.649260485265557,0.215685563376335
47.01,0,128.693628781921,0.17354971782052,0.816290248687468,0.645229952005359,0.214660085260662
47.02,0,128.532530605533,0.172314307260997,0.813607332853614,0.64942087566166,0.21497557653105
47.03,0,128.374390898849,0.175189787285202,0.815644043752045,0.648750004790069,0.215145531524543
47.04,0,128.219299917234,0.173929482506137,0.815906286811359,0.647764183755511,0.216679857927267
47.05,0,128.067348067219,0.177247438598332,0.815480883453501,0.646122919747696,0.214899385949425
47.06,0,127.918625888114,0.175097581457561,0.814688948173363,0.647953907948346,0.213762129915304
47.07,0,127.773224034221,0.174017675366609,0.815285680588777,0.651254423742948,0.215698497878411
47.08,0,127.631233257659,0.175534610445309,0.813427437679097,0.64907948750374,0.214614200526249
47.09,0,127.492744391794,0.17675750237229,0.813861477123795,0.649997069568923,0.214397025913774
47.1,0,127.357848335288,0.176667815388669,0.813313985841246,0.649087363762405,0.216113089276062
47.11,0,127.226636036762,0.177556529554586,0.813699319660483,0.64938574403419,0.216002675025397
47.12,0,127.09919848009,0.177402757752251,0.815384441469436,0.650526812612896,0.21749857526204
47.13,0,126.9756266703,0.174721425520665,0.811980615260431,0.649011177342085,0.213953843612777
47.14,0,126.856011620113,0.176543570983702,0.81593243166737,0.650567813054858,0.216192073828687
47.15,0,126.740444337093,0.178479478167329,0.813122420463179,0.652254482206683,0.214899537490707
47.16,0,126.629015811422,0.175234310287157,0.815913156528492,0.652812578070159,0.215080831360698
47.17,0,126.521817004293,0.174420180985488,0.81399616401145,0.653406350234365,0.21561839802675
47.18,0,126.418938836912,0.178637219334967,0.813154126079132,0.649933858165298,0.216439835188969
47.19,0,126.320472180121,0.176841289890367,0.817214514171464,0.647855555105983,0.213025941441676
47.2,0,126.226507844616,0.17705640438577,0.814971223461124,0.652451084823946,0.216663154345593
47.21,0,126.137136571767,0.178855154715603,0.813771994879168,0.650550088964176,0.212300439423455
47.22,0,126.052449025034,0.174453423667096,0.812131669336055,0.651647964729017,0.21443748979327
47.23,0,125.972535781962,0.176913228467185,0.812754077957318,0.652246663049507,0.214135150355532
47.24,0,125.897227245504,0.176828623796197,0.815503271329437,0.650318083142469,0.214510059928154
47.25,0,125.823741285707,0.176042155381279,0.814998008403252,0.654008421809156,0.212164187097341
47.26,0,125.751414368323,0.176635828274263,0.812373340982618,0.6517917680143,0.215743768569557
47.27,0,125.680268986976,0.178345259101005,0.814333958008104,0.652133473178122,0.215022133378922
47.28,0,125.610327506789,0.175997960877664,0.813679364630125,0.650095594677073,0.21405407398494
47.29,0,125.541612154072,0.179061682398658,0.81306436312956,0.651711237433237,0.214905409834627
47.3,0,125.474145005999,0.177890401973023,0.813213162014771,0.652809812964888,0.215087871907047
47.31,0,125.407947980292,0.176735980549539,0.811995966022041,0.652374646317197,0.214120756073001
47.32,0,125.343042824901,0.175561362590273,0.816112960334811,0.651084827977391,0.2139251725875
47.33,0,125.279451107703,0.174948964352636,0.812550279238109,0.652706225087065,0.21207546449728
47.34,0,125.217194206219,0.177474959549681,0.810257455289898,0.653420012323405,0.215183713210787
47.35,0,125.156293297356,0.174954756305011,0.814240524570576,0.655482840470494,0.213939339775291
47.36,0,125.09676934718,0.175441963265586,0.813359396927778,0.652998963352423,0.213273238447481
47.37,0,125.038643100725,0.175359042948786,0.813734063838417,0.649767802613589,0.211052551377946
47.38,0,124.981935071852,0.176414034622066,0.811170082987597,0.654738740220406,0.216436277764256
47.39,0,124.926665533156,0.17901623176616,0.811998016161193,0.653972158015325,0.213757877351839
47.4,0,124.872854505933,0.178833441721912,0.814556384650468,0.652125805638385,0.215893543153597
47.41,0,124.820521750212,0.177272081960953,0.8120079923366,0.652158467998352,0.2143570470501
47.42,0,124.769686754859,0.176880184308403,0.812796581147012,0.654759180970068,0.215878860028433
47.43,0,124.720368727762,0.179084990311862,0.815416967474473,0.653424048237897,0.215841703419069
47.44,0,124.6725865861,0.176522991138686,0.81275501968669,0.653738657759601,0.214619819808294
47.45,0,124.626358946703,0.176870742632725,0.810597244019723,0.649241356088282,0.214766382131752
47.46,0,124.58170411652,0.176856307777185,0.812950969739908,0.651764676089283,0.212070654175066
47.47,0,124.538640083189,0.175961583107375,0.812218684992608,0.653170853774388,0.21581306957954
47.48,0,124.497184505718,0.17591467639938,0.812507609499926,0.655494873100667,0.214998738654421
47.49,0,124.457354705291,0.176018553881105,0.812681388734941,0.652877817779419,0.215695852773905
47.5,0,124.419167656208,0.176217646567982,0.812603538013465,0.653487684378007,0.215128160448458
47.51,0,124.382639976946,0.177820646481009,0.816666487785651,0.656547989365422,0.21647269454811
47.52,0,124.347787921376,0.176873904840949,0.809698610521325,0.656839599535313,0.214649111413025
47.53,0,124.314627370121,0.178195009701278,0.811756326413393,0.656182847336529,0.214083061944147
47.54,0,124.283173822071,0.176099507220757,0.813618835273939,0.653358325374804,0.213821387814697
47.55,0,124.676436779918,0.174872599309739,0.816002851104139,0.65540442768146,0.215521032391156
47.56,0,124.951110823031,0.176637590197818,0.811082879937306,0.655210086582028,0.215153362912488
47.57,0,125.138140892368,0.174032962513672,0.81227849255159,0.654439193423919,0.214135624019457
47.58,0,125.298267960006,0.176634720795486,0.811012236617828,0.655091123188853,0.213166393147307
47.59,0,125.454341859686,0.175510973323738,0.814015639878548,0.655238689793132,0.215182415403591
47.6,0,125.614299022675,0.174441300182324,0.80995031661322,0.654038127330276,0.215690475409481
47.61,0,125.780901172269,0.174783423797411,0.812076752015147,0.656406124602848,0.214694538629404
47.62,0,125.955144400675,0.174521107230055,0.814101286881974,0.654824288587078,0.216714252839738
47.63,0,126.137423661036,0.172725347727733,0.811938385520404,0.655538549301465,0.21473838121738
47.64,0,126.327929213624,0.172453804580148,0.813983860292139,0.654546050704943,0.211375741087227
47.65,0,126.526781562791,0.17295927691042,0.813844186889349,0.657312653131348,0.215788282996418
47.66,0,126.734077396381,0.172537975595288,0.812023858421019,0.657097511484062,0.215805402240039
47.67,0,126.949905231088,0.175212388415702,0.811604173948676,0.655893510077722,0.215191436192138
47.68,0,127.174350742669,0.170842353964984,0.813159183435512,0.654445945162491,0.216866574074902
47.69,0,127.407498582601,0.172396546873223,0.810047116746979,0.656227587685217,0.215347065803917
47.7,0,127.649432997393,0.17090621516376,0.813140471331335,0.656667182750459,0.214365447647613
47.71,0,127.900238039605,0.17102406542499,0.814794755981685,0.65616384812224,0.213724711549484
47.72,0,128.159997639415,0.168810770044876,0.81428368437482,0.655268474720625,0.2124192741464
47.73,0,128.428795628368,0.169840150012513,0.811281200013383,0.656753568949934,0.215127830923984
47.74,0,128.706715746549,0.169668882800218,0.814398878421483,0.653300908942993,0.213589698599014
47.75,0,128.993841643796,0.169352376216539,0.811713342324482,0.658501633797504,0.21470599522929
47.76,0,129.290256878598,0.168877124116109,0.813503079398348,0.656543914843521,0.215807756920177
47.77,0,129.596044915868,0.166770304439106,0.811426128552713,0.656247485870008,0.216096117157984
47.78,0,129.911289124022,0.167158287511444,0.812628307121658,0.656399146209976,0.213437678296622
47.79,0,130.23607277147,0.168645611078003,0.813999413783127,0.659104961735464,0.215620925194438
47.8,0,130.570479022562,0.166640954374414,0.815500923752919,0.654246208180663,0.215486318090245
47.81,0,130.914590932978,0.166601932219567,0.813369290289404,0.653672786537219,0.214516721371625
47.82,0,131.268491444565,0.165112045179514,0.815074693847738,0.657899103299216,0.215303923970836
47.83,0,131.632263379578,0.168825433679699,0.815640828125859,0.655671589315334,0.21517414137652
47.84,0,132.005989434345,0.163337578682439,0.815478522620203,0.656108733520583,0.214237282969171
47.85,0,132.389752172305,0.162250054202283,0.814134735232559,0.656484735213183,0.214922383671575
47.86,0,132.78363401643,0.164302863774264,0.812145527676993,0.657695216536909,0.216499159193322
47.87,0,133.187717240995,0.161538807653863,0.813568629498517,0.657663425448082,0.21383105314035
47.88,0,133.6020839627,0.162514111021264,0.815358174714479,0.659141596502434,0.214383959828479
47.89,0,134.026816131114,0.162280094205445,0.815310580246844,0.654931366326779,0.214102601271509
47.9,0,134.461995518436,0.162078871159328,0.814752017482252,0.655966986541445,0.215258663314869
47.91,0,134.907703708559,0.161433167541221,0.814860854581278,0.656146655476339,0.219609375650535
47.92,0,135.364022085424,0.160028000779325,0.813702395709008,0.655658940343855,0.214330305600786
47.93,0,135.83103182065,0.158425904354447,0.811989707075118,0.654646910587247,0.215863330651814
47.94,0,136.308813860436,0.156993401795954,0.817012154551366,0.656002143856455,0.214452901579834
47.95,0,136.797448911714,0.156804928311102,0.812539975753906,0.65692343917087,0.214262793234517
47.96,0,137.297017427559,0.15815953837412,0.813674232705669,0.65256417560224,0.213058173529162
47.97,0,137.80759959183,0.156400028205577,0.816283355408912,0.65777591285857,0.214722965915759
47.98,0,138.329275303048,0.15629609014174,0.816842852615281,0.656815939538202,0.212911747170894
47.99,0,138.862124157501,0.155301781174905,0.81687100614862,0.65639972935392,0.213220455476886
48,0,139.406225431556,0.153499712416388,0.81732390729359,0.65832918805603,0.212724555584297
48.01,0,139.961658063204,0.154704768173356,0.815724898921018,0.655183798522155,0.215644391352553
48.02,0,140.528500632797,0.154234703038543,0.814384346257819,0.653940498167991,0.213331746001443
48.03,0,141.106831343,0.150980161988869,0.814772259009217,0.656401303035254,0.213560901756673
48.04,0,141.696727997941,0.153081128414256,0.817376432695811,0.657386703299114,0.212891746535877
48.05,0,142.298267981575,0.14855851149791,0.815807606493276,0.656732340008888,0.21758172350559
48.06,0,142.911528235229,0.15130029871885,0.816979019132351,0.655485630296671,0.215016742786465
48.07,0,143.536585234369,0.147316239547002,0.815257668849753,0.655859317111702,0.214465933475042
48.08,0,144.17351496456,0.148157608523666,0.816834382905732,0.656199981630018,0.214814948166596
48.09,0,144.822392896631,0.148014284860404,0.817280851550077,0.65717871690076,0.213199890629071
48.1,0,145.483293961055,0.144840970880021,0.817545575856591,0.656189163056435,0.215080402847574
48.11,0,146.156292521537,0.147563306459392,0.815704247786062,0.653606599731772,0.214178016819706
48.12,0,146.841462347829,0.145295929118628,0.815038719362244,0.654184047608097,0.214515292709148
48.13,0,147.538876587763,0.145022587296533,0.818894025288079,0.656822031458831,0.216733680149439
48.14,0,148.248607738524,0.144740727861035,0.817872292649653,0.656029101263187,0.215605813790471
48.15,0,148.970727617166,0.142823239259533,0.817383216385907,0.655482985486751,0.215294620130798
48.16,0,149.705307330379,0.139453710062597,0.8155520309854,0.656173687255729,0.215547793514997
48.17,0,150.452417243528,0.140809335125934,0.817278396734065,0.65494919621244,0.214772424003453
48.18,0,151.21212694896,0.140516803097641,0.822414992902218,0.654439313811103,0.218477901777362
48.19,0,151.984505233609,0.137011711424167,0.81786899929677,0.654346255459888,0.215137598457695
48.2,0,152.769620045911,0.138728502779188,0.819685789937352,0.655753350768454,0.213436895156312
48.21,0,153.567538462034,0.140107901569878,0.817759205349179,0.656193786365807,0.21250533406811
48.22,0,154.378326651454,0.135969114701274,0.820621322108633,0.655208328270156,0.216371253234596
48.23,0,155.202049841891,0.13513048730085,0.818551582944107,0.657130161658381,0.214624914162471
48.24,0,156.038772283622,0.132464188124756,0.819365428985527,0.656232063950842,0.215053186217534
48.25,0,156.888557213196,0.13559550632488,0.822380699001924,0.65665401710163,0.216603825344546
48.26,0,157.751466816573,0.132034305462896,0.819165002929533,0.654111475872876,0.217055050645423
48.27,0,158.627562191714,0.133512945021385,0.818363977451136,0.654616523053145,0.212772721035146
48.28,0,159.516903310633,0.131750703161403,0.819605224602767,0.653836045166411,0.216245924989203
48.29,0,160.419548980964,0.129771118755682,0.821164489555306,0.652692337662058,0.216890198906652
48.3,0,161.335556807041,0.131037855491889,0.821107762589678,0.655594709349476,0.216360887760701
48.31,0,162.264983150544,0.128267170897593,0.820745136894816,0.65374300513893,0.21389442022576
48.32,0,163.207883090726,0.126510466397908,0.823070182788861,0.655572332591212,0.219109740602129
48.33,0,164.16431038426,0.126912516682739,0.817966901687988,0.653524186237871,0.215730894030269
48.34,0,165.134317424741,0.123544346232919,0.820500557531808,0.653026166164671,0.214296304818298
48.35,0,166.117955201865,0.125272119229857,0.821720628713199,0.653727453586286,0.216810853748077
48.36,0,167.115273260339,0.124282999056823,0.821454375671029,0.655077146414728,0.213496348008212
48.37,0,168.126319658542,0.122062977319446,0.821457382396893,0.6523317463434,0.213458668892615
48.38,0,169.151140926988,0.120585221376617,0.819733072710942,0.654434057749672,0.214337913367862
48.39,0,170.189782026612,0.11703663767368,0.823678391444709,0.653630253114739,0.214942328407236
48.4,0,171.242286306951,0.11994981729884,0.823523056904204,0.652569195206328,0.214651634788105
48.41,0,172.308695464221,0.118680165707473,0.821219560338098,0.65530878866744,0.215959317029783
48.42,0,173.389049499373,0.117753722175469,0.822278909601633,0.654136588121712,0.215831781439292
48.43,0,174.483386676136,0.115580906741533,0.824253891661747,0.654597551326813,0.213151802633571
48.44,0,175.591743479124,0.114221969753947,0.823988174510453,0.651354418753765,0.212413192311036
48.45,0,176.71415457203,0.111441319430843,0.822301482157125,0.653306638337137,0.216833319201288
48.46,0,177.850652755959,0.11218741172791,0.822084093410744,0.65501728733081,0.216071828264333
48.47,0,179.001268927962,0.108173667057318,0.821703332548458,0.652661854310787,0.216206029220844
48.48,0,180.166032039802,0.11174178456438,0.824330312064828,0.652397109243193,0.216119903490713
48.49,0,181.344969057014,0.109078539475654,0.823947436791597,0.652813702371499,0.21610695695539
48.5,0,182.5381049183,0.108655035152431,0.823559234352992,0.65203986361966,0.214350628800504
48.51,0,183.745462495327,0.107070105287226,0.823202379852535,0.652539583250813,0.215902338654411
48.52,0,184.96706255296,0.104743260874891,0.826185844978633,0.650456955647588,0.212555769916099
48.53,0,186.202923710003,0.104847109863471,0.825793536298758,0.653733177318102,0.216222059646046
48.54,0,187.453062400488,0.105278466947438,0.826465609865344,0.651071264454803,0.214868182177785
48.55,0,188.717492835576,0.1055341073729,0.824400622050408,0.652619969260106,0.21779082863014
48.56,0,189.996226966116,0.101151628437309,0.826579656626908,0.65111220073268,0.215582349365079
48.57,0,191.289274445936,0.100273222766429,0.828437310087391,0.652169246736807,0.214720371498423
48.58,0,192.596642595896,0.100267125297431,0.824565772003416,0.653421134328198,0.215613311009397
48.59,0,193.918336368785,0.0990665405410178,0.824075359795317,0.65262261635125,0.21460763931651
48.6,0,195.254358315109,0.0966933947398394,0.828373929007342,0.651015580081759,0.213556996962944
48.61,0,196.604708549816,0.094690515815035,0.825476967458524,0.649962046412753,0.215746760377784
48.62,0,197.969384720047,0.0947336550078816,0.825708331899169,0.652473908778864,0.216919710745077
48.63,0,199.348381973934,0.0934014046818522,0.827819292847774,0.648642837637228,0.214902453478428
48.64,0,200.74169293053,0.0922266979985683,0.827736927158096,0.651419905492856,0.214081063252847
48.65,0,202.14930765092,0.0916608152956875,0.828759737041792,0.649999568573891,0.213790593509699
48.66,0,203.571213610569,0.0934020581011291,0.830046134563616,0.652349106116088,0.21326257146674
48.67,0,205.00739567297,0.0882455903344121,0.82891315987259,0.647250795420899,0.214993873560203
48.68,0,206.457836064641,0.0872426718373517,0.83020476310862,0.650751782136006,0.215566256320096
48.69,0,207.922514351543,0.085101792965394,0.828057444238824,0.649229908289498,0.213639055350112
48.7,0,209.401407416964,0.0831004798488726,0.828280237846139,0.648060095215053,0.216217838057103
48.71,0,210.894489440927,0.0841467829608912,0.83108506033822,0.648771321502019,0.214895994802489
48.72,0,212.401731881185,0.0840501756168895,0.829854519292382,0.648314000968564,0.214769939145419
48.73,0,213.92310345585,0.084204634258801,0.830421659743106,0.64988360094939,0.215209451868057
48.74,0,215.458570127718,0.0806516505324165,0.83046916371885,0.646460150780272,0.21603348048099
48.75,0,217.008095090338,0.0817782606193897,0.832532672494202,0.650728397448625,0.214283733014794
48.76,0,218.571638755883,0.0804738667899934,0.828629907898059,0.650392686936759,0.216778260527152
48.77,0,220.149158744871,0.0771986999623179,0.832000738836086,0.651875647571365,0.214953523453868
48.78,0,221.740609877787,0.0765166333503638,0.831900011226748,0.648400345347274,0.214661492496919
48.79,0,223.345944168664,0.0735701834326933,0.832811050819544,0.650372520259566,0.213558557207489
48.8,0,224.965110820655,0.075559059841982,0.830868479918171,0.647266816152626,0.216487361781916
48.81,0,226.598056223662,0.0702699726281677,0.831633372237332,0.650381707713631,0.215246004453735
48.82,0,228.244723954052,0.0687819519755617,0.833228605022996,0.648937685560423,0.215262245566043
48.83,0,229.905054776518,0.0686767890777761,0.834479917355912,0.648479191076909,0.215975943068524
48.84,0,231.578986648113,0.0664245222541899,0.835400524450716,0.649601087244365,0.217161706300008
48.85,0,233.266454724509,0.0666999304535292,0.831487352632916,0.648674662911317,0.214890977307727
48.86,0,234.967391368519,0.0660160857432211,0.830706861098444,0.645445921956928,0.217230118306162
48.87,0,236.681726160909,0.0654184472950111,0.836324475533093,0.647924961669707,0.213580240432814
48.88,0,238.409385913552,0.0630723478201952,0.833338102647804,0.645810302643239,0.215606555025174
48.89,0,240.150294684939,0.0620644668847349,0.834130569179891,0.645933954855631,0.215220186091163
48.9,0,241.904373798098,0.0617379260925499,0.836026590080976,0.646326170696251,0.213356476103671
48.91,0,243.671541860925,0.0576586510183381,0.836939950231594,0.646061311158447,0.214920194419281
48.92,0,245.451714788977,0.0571712367776856,0.834418915408261,0.648096028530452,0.212973064610156
48.93,0,247.244805830744,0.0558556351665437,0.83821829137546,0.65225786685995,0.21428225170498
48.94,0,249.050725595407,0.0551602476341849,0.837405375424079,0.64433696749905,0.218643175907715
48.95,0,250.869382083126,0.0554027710142413,0.83617388956946,0.649021082610124,0.214429946614725
48.96,0,252.700680717855,0.0538071944673793,0.836854325853091,0.647769186021658,0.216220345668896
48.97,0,254.544524382713,0.0513525725229651,0.837420413733824,0.64510533698717,0.212175424827367
48.98,0,256.4008134579,0.0510516041404231,0.836945071160004,0.642864164513042,0.216468190085887
48.99,0,258.269445861202,0.0493895626402802,0.836576121138849,0.648555673860085,0.215180215744921
49,0,260.15031709105,0.0481504484331853,0.838741767670332,0.645628042121224,0.21407535710053
49.01,0,262.043320272172,0.0476602438366076,0.839973299972508,0.645837192298814,0.212778132153459
49.02,0,263.948346203814,0.0463522126723389,0.840658627913123,0.646221349507597,0.214152593618383
49.03,0,265.865283410535,0.0456743858872631,0.839493236166106,0.64525233957486,0.214398595819883
49.04,0,267.794018195575,0.045112140204963,0.842791353813863,0.645715382189236,0.214336120429607
49.05,0,269.734434696783,0.0423188049730104,0.838167630816234,0.645638219128903,0.215388312843009
49.06,0,271.686414945085,0.0399738801489853,0.842044598205079,0.648012721311039,0.214956291166269
49.07,0,273.649838925499,0.039217421496542,0.839443394835967,0.643183900289342,0.214038083706555
49.08,0,275.624584640648,0.0373334555864681,0.839121322717682,0.646885271475298,0.216173266188028
49.09,0,277.610528176785,0.0383872502334322,0.840579107290191,0.645806985649466,0.215625317600466
49.1,0,279.607543772272,0.036996912282756,0.839594069559469,0.644707456587086,0.216376149224914
49.11,0,281.615503888511,0.0332087575184621,0.842917323753201,0.646159550285927,0.215470678451449
49.12,0,283.634279283285,0.0341362853614113,0.842087062999647,0.64495224102988,0.212744652283381
49.13,0,285.663739086475,0.0315437122141412,0.8432323276573,0.645472743339207,0.21540493553607
49.14,0,287.703750878123,0.0310395823696054,0.844368811714825,0.642862877662788,0.213348155477488
49.15,0,289.754180768793,0.0302718655533707,0.841455179998742,0.642004411176106,0.213938557105959
49.16,0,291.814893482194,0.0284741177606838,0.843378126084175,0.644663741341108,0.215756468069957
49.17,0,293.885752440017,0.0272334863705414,0.845005782511566,0.646413504208446,0.213060254393075
49.18,0,295.966619848935,0.0281420415753537,0.844903312127575,0.646102951517449,0.216301470205689
49.19,0,298.057356789716,0.0259633736638035,0.843442436080105,0.645084501718729,0.216733413176317
49.2,0,300.157823308398,0.0227801478157301,0.845243253417712,0.643052665919255,0.216887281431375
49.21,0,302.267878509457,0.0209236921383601,0.846530422474996,0.645453012062384,0.214927279971686
49.22,0,304.387380650926,0.0224442542600966,0.847902016301506,0.643810563114258,0.213877343971914
49.23,0,306.516187241383,0.0228852749819005,0.847796302715589,0.645075490313395,0.218053943015463
49.24,0,308.654155138749,0.0186480635215226,0.845981372194108,0.646262716305381,0.216333350724268
49.25,0,310.801140650839,0.0173900748439067,0.846073750489419,0.64291175971124,0.212992831570565
49.26,0,312.956999637571,0.0151354010142605,0.844671720192157,0.645392668169157,0.21623514442425
49.27,0,315.121587614785,0.0183460763795098,0.846987383992453,0.642371453475171,0.216113516395181
49.28,0,317.294759859574,0.0152418316808002,0.848112278594569,0.644317428779791,0.214653978243799
49.29,0,319.476371517066,0.0149677059456687,0.847864910355542,0.64551712333634,0.215835645039914
49.3,0,321.666277708563,0.0131067179744133,0.847278304885919,0.641813796096057,0.21778263968867
49.31,0,323.864333640963,0.0121689118323042,0.849152616371453,0.643798898438709,0.216616935416845
49.32,0,326.070394717376,0.00954881189670865,0.849363949245431,0.646764033039745,0.214018413188638
49.33,0,328.284316648851,0.00956777510990365,0.84933422426896,0.644769552895996,0.218235653985165
49.34,0,330.505955567116,0.00759918528765985,0.85006329317746,0.644859909550425,0.214631471418758
49.35,0,332.735168138255,0.00610832679551515,0.849067304397782,0.645302877184805,0.214918638813121
49.36,0,334.835593408012,0.00634030567573639,0.84975112300735,0.642801058547784,0.211927794498568
49.37,0,336.698087560755,0.00342255945849199,0.851777713312585,0.64402338759101,0.217674999005675
49.38,0,338.463686399884,0.00295276248863636,0.851184506538133,0.644205483603019,0.215509099906874
49.39,0,340.189354752227,0.00391270859438352,0.849963568146509,0.642139788862676,0.21379036750102
49.4,0,341.838142154406,0.00175728557159024,0.85120532203302,0.643654280629006,0.214157632891477
49.41,0,343.439821960214,0.000384387727629025,0.851427417685977,0.644092683455375,0.212693341907482
49.42,0,345.024145654821,0.00342053644875449,0.852673658563664,0.641539629376342,0.214991839360217
49.43,0,346.152356624272,0,0.852990033755342,0.644103525815874,0.214882373604524
49.44,0,346.466112021305,0.0012683595246151,0.850540951064471,0.642320794480412,0.21615600929166
49.45,0,346.778148790117,0,0.851140911771064,0.643777686192973,0.216653890831921
49.46,0,347.088456555834,0.00117107374787912,0.857230623063476,0.643651107506507,0.214512516728484
49.47,0,347.397025781941,0.000462416903330774,0.852251770888091,0.645512421177411,0.213797216010263
49.48,0,347.70384776741,0,0.856087632257445,0.642374280107273,0.211557096996145
49.49,0,348.008914643543,0.00209462399954261,0.859302467122098,0.643833028993166,0.214706041139111
49.5,0,348.312219370572,0,0.856241811975174,0.643492303605278,0.215328694885534
49.51,0,348.613755733982,0.00276664013779084,0.856093266886401,0.643974614077101,0.214623583112118
49.52,0,348.913518340585,0.0024403611100577,0.853153536058678,0.643731087239138,0.216252867618473
49.53,0,349.21150261433,0.00150957138459658,0.856358543692735,0.643445711300101,0.214806863319634
49.54,0,349.507704791864,0.00090887724572066,0.857640589698075,0.641807246835094,0.212136387733519
49.55,0,349.80212191783,0.00111434972447123,0.856608491843915,0.643130974629451,0.212836131038762
49.56,0,350.094751839924,0,0.857169811798476,0.643194408776154,0.216290607235418
49.57,0,350.385593203692,0.000393872868558178,0.858679456819338,0.642785639994401,0.21706624408002
49.58,0,350.67464544709,0.000526902731138266,0.857300651174635,0.644572011822053,0.215043465076756
49.59,0,350.961908794787,0,0.859536440227506,0.643973510688606,0.217861163318569
49.6,0,351.247384252229,6.29685312391189e-06,0.862680438382396,0.644701884406514,0.215854863672148
49.61,0,351.531073599465,0,0.859448573307823,0.642575196437932,0.213385193348796
49.62,0,351.812979384725,0,0.859076390136799,0.645153795180087,0.213608835398439
49.63,0,352.093104917767,0.000289193474140579,0.86353806398502,0.642986035408152,0.214167494340531
49.64,0,352.371454262983,0.000843460157986039,0.862082430655435,0.643237700898378,0.212180987708538
49.65,0,352.648032232278,0.00259864383792718,0.863471082600337,0.645395831568157,0.214594651987309
49.66,0,352.922844377708,0,0.860224613246985,0.645717936477729,0.218454161728105
49.67,0,353.195896983896,0.0028446237206345,0.862582994868432,0.643281706029049,0.214982797652073
49.68,0,353.467197060221,0.00175171736236616,0.861827372914991,0.645203407654431,0.215788843818731
49.69,0,353.736752332777,0,0.863118254282934,0.64416156937278,0.214914267323723
49.7,0,354.004571236115,0.000828164831516468,0.864111532000315,0.641856127445043,0.215953893781786
49.71,0,354.270662904757,0.000470255808955964,0.86578203819982,0.646022521303574,0.215659606229453
49.72,0,354.535037164505,0,0.865285584861609,0.648606591603695,0.212687799467957
49.73,0,354.797704523519,9.81856045997358e-05,0.86667317877612,0.643327612691897,0.215548954571924
49.74,0,355.058676163193,0.00109271363182302,0.864334928518396,0.64585287747317,0.212655924228385
49.75,0,355.317963928818,0.000855245220345776,0.863241596533866,0.645532795155555,0.215263874148851
49.76,0,355.575580320034,0,0.866212883754416,0.644138843442064,0.214027481670703
49.77,0,355.831538481079,0.000201086108321748,0.867151162422528,0.646695161576592,0.215177040974285
49.78,0,356.085852190835,0,0.864510932446748,0.645143944232086,0.213474870812115
49.79,0,356.338535852674,0,0.867553021026999,0.645197518262971,0.215522877943665
49.8,0,356.589604484105,9.54979683712991e-05,0.86549737824576,0.646944758762398,0.21546553032694
49.81,0,356.839073706229,0.000734761810995653,0.866456109182557,0.645641694590922,0.216151360858806
49.82,0,357.086959733002,0,0.867590386771993,0.647320786710882,0.2147687129633
49.83,0,357.333279360304,0.00154342821660745,0.868885907433332,0.644707325457048,0.214522084789251
49.84,0,357.578049954831,0.0025421135660041,0.867268140070916,0.645005221276645,0.215321588056739
49.85,0,357.821289442798,0,0.8693211966098,0.645128838388061,0.213288706882196
49.86,0,358.063016298461,0,0.867902769675287,0.644787550850739,0.214348518909326
49.87,0,358.303249532472,0.000560323686347439,0.869566909833543,0.643830452549875,0.21608450542933
49.88,0,358.542008680047,0.000906257042878427,0.870888426058281,0.645578965712807,0.213346846342692
49.89,0,358.779313788975,0,0.870087766339259,0.647491746489618,0.214498102227505
49.9,0,359.015185407456,0,0.872837102673277,0.645192882033525,0.218289485863485
49.91,0,359.249644571774,0,0.869044618660483,0.646964853275713,0.216666519251996
49.92,0,359.482712793817,0.00055547029525755,0.872990922498458,0.648081213329539,0.214292595326119
49.93,0,359.71441204843,0,0.873572011538256,0.646722405661597,0.214302165367286
49.94,0,359.944764760628,0,0.871453635963161,0.646202972783131,0.214092750981853
49.95,0,360.173793792647,0.000778542368549596,0.873297269344663,0.646355412776007,0.216495908513349
49.96,0,360.401522430866,0.00077173832581499,0.872456034164804,0.647234142316583,0.21313683092837
49.97,0,360.627974372568,0.00217422148424487,0.87450557225639,0.648416218728073,0.214400930959236
49.98,0,360.853173712583,0,0.873048164516835,0.647013957213462,0.214917454241062
49.99,0,361.077144929785,0.00316849098605725,0.875223441846403,0.64658041191375,0.214571596460667
50,0.1,361.299912873467,0,0.87621609574339,0.646937338174701,0.21578215899322
50.01,0.1,361.777174783277,0.00110169059367293,0.874596204624716,0.646635274649111,0.215609632341071
50.02,0.1,362.252882933538,0.000295911805180898,0.874703566371958,0.647421232045971,0.212305064223222
50.03,0.1,362.727068608511,0.000160879959568754,0.876692930721126,0.644822055630726,0.215354423745014
50.04,0.1,363.199763224031,0.00150372480398274,0.876687348966794,0.646404025256181,0.214083743388383
50.05,0.1,363.670998313014,0.000418621109770283,0.87566696556884,0.644206288518989,0.215512554138792
50.06,0.1,364.140805510949,0,0.876099002452781,0.646537840040358,0.215563913320211
50.07,0.1,364.60921654138,3.99402896906518e-06,0.877628085763382,0.645604728935492,0.214348473917323
50.08,0.1,365.076263201394,0,0.877626012403914,0.644697567384328,0.214609978508476
50.09,0.1,365.541977347108,0,0.8802510789301,0.644146358000963,0.213200999257558
50.1,0.1,366.006390879161,0.0010700850273277,0.879056658261913,0.644216053953622,0.216956256396941
50.11,0.1,366.469535728228,0.0016449085867515,0.879140825615741,0.644434013257986,0.215506696336931
50.12,0.1,366.931443840542,0,0.879834978476055,0.644560270051354,0.216044075826294
50.13,0.1,367.392147163451,0,0.878982851626055,0.644078229903255,0.214757315850025
50.14,0.1,367.851677630994,0.00234371158012017,0.878901383562244,0.644052689251498,0.214715721980377
50.15,0.1,368.310067149517,0.0032727992900876,0.883105421161865,0.641883343789717,0.214258928938872
50.16,0.1,368.767347583327,0.000160872939953466,0.88320471630713,0.642034057547583,0.213915696903505
50.17,0.1,369.223550740387,0.000868746777096548,0.877850430122028,0.643533718567191,0.21611188549602
50.18,0.1,369.678708358065,0.000219765264482494,0.880931862321313,0.641674893112455,0.214038777841515
50.19,0.1,370.132852088941,0,0.882403620917991,0.642172676315707,0.216557010657544
50.2,0.1,370.586013486665,0.00206579192141571,0.883643885046457,0.641994427357697,0.216723084375555
50.21,0.1,371.038223991888,0.00237439683232984,0.882151674287511,0.641464655480535,0.214472637054352
50.22,0.1,371.489514918264,0,0.883745398128991,0.644350078330232,0.21288583506726
50.23,0.1,371.939917438526,0,0.885029363389677,0.644782372091467,0.214529902966127
50.24,0.1,372.389462570647,0,0.884506606588203,0.638933670616176,0.212597602162557
50.25,0.1,372.838181164085,0.000868589757342869,0.888135323086549,0.642597167879578,0.214565163851704
50.26,0.1,373.286103886122,0,0.886630080953372,0.641402865651141,0.213532676365309
50.27,0.1,373.733261208306,0,0.882221708843432,0.642150447694427,0.214355004295382
50.28,0.1,374.179683392988,0.00331407299286018,0.886010998776997,0.641452552189446,0.21332964973086
50.29,0.1,374.625400479975,0,0.887418537514707,0.640822367555099,0.215298581296114
50.3,0.1,375.070442273297,0,0.88759407017493,0.640715885715842,0.217820235841255
50.31,0.1,375.514838328087,0.00209411743645155,0.885307822790287,0.641224483148345,0.218074796043856
50.32,0.1,375.958617937596,0.00148660062984636,0.8881600841931,0.639978911217597,0.215263767788919
50.33,0.1,376.401810120331,0,0.887777378135362,0.640256949719793,0.213050229532122
50.34,0.1,376.844443607333,0.00148114516005854,0.887488552308977,0.639105097262187,0.214831627206134
50.35,0.1,377.286546829591,0,0.888906664693255,0.638967722174747,0.216189282501087
50.36,0.1,377.728147905611,0,0.887285354376959,0.641842534941199,0.216580419646168
50.37,0.1,378.169274629127,0.000396701384701159,0.889491156176505,0.635622485973815,0.214083758546955
50.38,0.1,378.609954456974,0,0.891882896740293,0.639516753709683,0.214699643207144
50.39,0.1,379.050214497121,0,0.891002018381579,0.6375549030754,0.215157664727654
50.4,0.1,379.490081496872,0.000615019044141301,0.89224471647888,0.638654963636995,0.214418983492276
50.41,0.1,379.929581831238,0.000475007143599036,0.893818198151755,0.638528176936393,0.214726501349696
50.42,0.1,380.368741491481,0.00231147819694876,0.8919190548647,0.63899931331051,0.213957178819065
50.43,0.1,380.807586073851,0,0.893330150233032,0.636789705079991,0.214723474925219
50.44,0.1,381.246140768498,0,0.89069938858197,0.639571918129125,0.213602068690588
50.45,0.1,381.684430348581,0.00350470887404384,0.887642759602658,0.640221399479349,0.213961003284904
50.46,0.1,382.122479159566,0.000994371408349128,0.892603068105051,0.636345030613317,0.21890709733448
50.47,0.1,382.560311108739,0.00140870352802544,0.890181962484646,0.640735707223245,0.214542980102609
50.48,0.1,382.997949654905,0.00265115480358881,0.89426439445582,0.637586238479073,0.215178953467888
50.49,0.1,383.435417798309,0,0.893480212069141,0.636884123517896,0.215957896509469
50.5,0.1,383.872738070769,6.63400830548342e-05,0.893658071008998,0.635909167700303,0.215513891995768
50.51,0.1,384.309932526021,0.00229785628177774,0.894119750070688,0.636789505131033,0.217416244813339
50.52,0.1,384.74702273029,0,0.894758052581324,0.634361222073448,0.21594234576872
50.53,0.1,385.184029753088,0,0.895939987684714,0.637061904793899,0.215465569040815
50.54,0.1,385.620974158241,0,0.893337706674125,0.635163708536145,0.217742602435589
50.55,0.1,386.057875995146,0,0.896182520576828,0.635485980341205,0.216806108120969
50.56,0.1,386.494754790269,0,0.895848034421782,0.635654040351668,0.216314349015961
50.57,0.1,386.931629538888,0,0.895897271731528,0.633581258253753,0.216164071671655
50.58,0.1,387.368518697071,0.00162535983786674,0.896130960613357,0.633851320681559,0.215155710527373
50.59,0.1,387.805440173907,0.00299423634180408,0.899269322553971,0.633216569814101,0.215215637776864
50.6,0.1,388.242411323991,0,0.89780245532504,0.634196058978059,0.214149288302592
50.61,0.1,388.67944894016,0.000195357792174968,0.898921403394045,0.63486471362084,0.215662779524252
50.62,0.1,389.116569246482,0,0.899680723401849,0.635317527972148,0.21314160281247
50.63,0.1,389.553787891517,0.00186679509645987,0.896968224069241,0.634583478920934,0.214336195583881
50.64,0.1,389.991119941826,0.000521565269723066,0.901580235078398,0.633470031140495,0.212853108733092
50.65,0.1,390.428579875759,0.00333243497226069,0.898409634675547,0.633170791619813,0.215005554567729
50.66,0.1,390.866181577503,0,0.897961468323068,0.631620689564874,0.215201124299268
50.67,0.1,391.303938331399,0.000946601861033983,0.899480326414785,0.630671579961373,0.214283700725531
50.68,0.1,391.741862816541,0,0.901932346627973,0.632245895389229,0.216014707948644
50.69,0.1,392.179967101636,0.000516104271014184,0.899732458577214,0.632430902678867,0.21708857044593
50.7,0.1,392.618262640156,0.00276367088154851,0.902676231366229,0.631270337436421,0.216245237792717
50.71,0.1,393.056760265751,0,0.901653668907331,0.633014810961051,0.214991351800079
50.72,0.1,393.495470187956,0.000402533596305843,0.89948713745727,0.631986883607121,0.214585690234005
50.73,0.1,393.934401988173,0.000643207601743391,0.90053522675341,0.63053624752489,0.214280589999816
50.74,0.1,394.373564615933,0,0.902850756139501,0.629734552151325,0.213160923662221
50.75,0.1,394.81296638545,0,0.901272135126748,0.632998481464054,0.213540809154826
50.76,0.1,395.252614972449,0.00221444228697027,0.902853337994564,0.629360375245,0.215038566468854
50.77,0.1,395.692517411292,0,0.904496946362547,0.631552830630039,0.215249765371261
50.78,0.1,396.132680092374,0.0015147497314731,0.906108813274567,0.629757096569396,0.214597033398159
50.79,0.1,396.573108759826,0.00206751225861865,0.904690716799778,0.628695749890335,0.216469123828181
50.8,0.1,397.013808509483,0.00291575375791419,0.905659736319505,0.631212791720857,0.214445639102376
50.81,0.1,397.45478378716,0,0.903163001108516,0.630550566313003,0.216755486358077
50.82,0.1,397.896038387202,0,0.908819043606931,0.627220160203543,0.215387535803832
50.83,0.1,398.337575451326,0,0.906717320980114,0.632329001201027,0.214127303083474
50.84,0.1,398.779397467749,0.000654009013120852,0.906622898179016,0.626755343800147,0.214007089068241
50.85,0.1,396.248704114073,0.00241932115541167,0.906130415032581,0.62713834685297,0.214221521666747
50.86,0.1,393.97880143318,0.00397808121081718,0.90867812673605,0.626745646816673,0.216608594544634
50.87,0.1,392.629972142938,0.0045481806563265,0.909442338403761,0.627969469259882,0.213495042069161
50.88,0.1,391.638739813205,0.00606752932548512,0.903935096902424,0.624147501253725,0.215780051048658
50.89,0.1,390.758754153018,0.00463915622582613,0.90684832784138,0.626602957728146,0.215277385594262
50.9,0.1,389.916153011864,0.0063130767416528,0.908366407394765,0.624632172248895,0.213117598894801
50.91,0.1,389.089992110541,0.00630557399057672,0.910541815462994,0.626624070453326,0.214953744824569
50.92,0.1,388.27436942976,0.0080412068858242,0.911118153212377,0.629484071125649,0.214819756319117
50.93,0.1,387.467590295862,0.00824018067937439,0.909454708193894,0.626536029074785,0.213544442633689
50.94,0.1,386.669129824166,0.00771981200444996,0.910739337128169,0.625083526456058,0.215313226793802
50.95,0.1,385.878786057967,0.00755282277983792,0.908005014952809,0.62604654304701,0.215056470171095
50.96,0.1,385.096444515836,0.00994427417383915,0.909275976803092,0.625015067549466,0.213757420252115
50.97,0.1,384.322012886195,0.00901388782828557,0.909406552564656,0.625283827571125,0.216225817513155
50.98,0.1,383.555402970131,0.00974333965725483,0.909764482381382,0.625825416460104,0.216354069374028
50.99,0.1,382.796525718461,0.00910051741701392,0.910417592165595,0.624242392999025,0.214082050057312
51,0.1,382.045289890786,0.0105819798461657,0.912153250348559,0.623978899505403,0.215128808969836
51.01,0.1,381.301601714671,0.013690625843496,0.913544865345406,0.621459365889764,0.214520107573289
51.02,0.1,380.565364820712,0.0127669330521851,0.91448326884393,0.62297551540373,0.215312703806376
51.03,0.1,379.836480253816,0.0132078230017751,0.910638286584053,0.622154474509541,0.213537337715794
51.04,0.1,379.114846505761,0.0135819095020317,0.912130784150396,0.623397884554139,0.215404715095223
51.05,0.1,378.400359553934,0.0153730511486491,0.914761532875792,0.621849567451404,0.21498717632251
51.06,0.1,377.692912902146,0.0163584787608504,0.913502993285814,0.621100763294584,0.214361102202574
51.07,0.1,376.99239762236,0.0157001043198348,0.912956164848937,0.621914127881609,0.215564519512543
51.08,0.1,376.298702397045,0.0157827029424776,0.915537157973581,0.62130760067721,0.216896480765832
51.09,0.1,375.611713562074,0.0179332417939537,0.914983107666129,0.619048629648225,0.214294121629397
51.1,0.1,374.93131515013,0.0180157776242477,0.916194887710148,0.622088591979739,0.219280663432218
51.11,0.1,374.257388934641,0.0197069418849821,0.914610405840291,0.620899269283102,0.216561022888881
51.12,0.1,373.589814474222,0.0193499089154525,0.912246233008997,0.619815425387603,0.216082780040019
51.13,0.1,372.928469157638,0.0189256321131927,0.915765061053962,0.617798255391641,0.215326384957618
51.14,0.1,372.2732282493,0.018198163970228,0.916976574060491,0.617883103306059,0.215579711872858
51.15,0.1,371.623964935276,0.0207571337740289,0.917934829985408,0.616223095217691,0.217304218112028
51.16,0.1,370.980550369843,0.0196537097218584,0.917953792874639,0.618666719156344,0.219170977188819
51.17,0.1,370.342853722571,0.0250820243802415,0.918780258357812,0.619550012733166,0.211337436890351
51.18,0.1,369.710742225951,0.0220562808648691,0.917491138036141,0.617401419229809,0.217280907400154
51.19,0.1,369.084081223563,0.0229123307424243,0.917267514346423,0.61391418389436,0.215667865005239
51.2,0.1,368.462734218798,0.0221009493674659,0.915516007763077,0.61726027792415,0.217629281714144
51.21,0.1,367.846562924134,0.0225154912813051,0.91763070305686,0.615143691420384,0.215112099983427
51.22,0.1,367.235427310963,0.024377535823525,0.919180067337201,0.614036757684786,0.216759634453776
51.23,0.1,366.629185659993,0.0263217131543545,0.919455964831796,0.615112454564164,0.215058043101149
51.24,0.1,366.027694612203,0.0272666338799428,0.919495696847594,0.615378874079297,0.215795866444552
51.25,0.1,365.430809220375,0.0270869103752093,0.918110640980003,0.615754470690805,0.215050856847795
51.26,0.1,364.838383001198,0.0275055163520154,0.921098978031284,0.615288766275652,0.214211369992838
51.27,0.1,364.25026798795,0.0282823200594893,0.921133222330608,0.614009926132485,0.215172415601474
51.28,0.1,363.66631478375,0.0304602217925664,0.919723591064852,0.612009778857628,0.216365238531303
51.29,0.1,363.086372615404,0.0284254409896097,0.920360774196835,0.611829079058385,0.215444972957753
51.3,0.1,362.510289387828,0.0275544832833876,0.921120131647427,0.61121893692049,0.216612478955761
51.31,0.1,361.937911739048,0.02937817175057,0.920785433126336,0.61190376966152,0.217471787637506
51.32,0.1,361.369085095799,0.031989815714931,0.92042530184505,0.613670662600063,0.215446529930925
51.33,0.1,360.803653729702,0.0316668828868932,0.923280369095072,0.611112355077578,0.213533410789489
51.34,0.1,360.24146081402,0.0327628817873162,0.92198969912989,0.614739373944883,0.214755718368572
51.35,0.1,359.682348481006,0.0316728599587383,0.919679184694276,0.612304680145139,0.214344804229725
51.36,0.1,359.12615787983,0.0338382139170001,0.922317231085902,0.610443686524862,0.217526329469657
51.37,0.1,358.572729235085,0.0336352651803405,0.923648321810487,0.609031139575633,0.21545411686348
51.38,0.1,358.021901905866,0.0335616619245319,0.924749913383895,0.609985318834465,0.213980137648231
51.39,0.1,357.473514445424,0.0366455183558509,0.924052966488486,0.60819004739356,0.215875950023804
51.4,0.1,356.927404661383,0.0354424961614873,0.925108351330575,0.611596590907884,0.213745740173736
51.41,0.1,356.383409676519,0.0335802788635941,0.923705199161738,0.608184226575104,0.213791314670041
51.42,0.1,355.841365990091,0.0367136151378315,0.921859566655018,0.608489930768143,0.215439625424856
51.43,0.1,355.301109539723,0.0371826755310157,0.925830635264991,0.610187028258637,0.21330576710303
51.44,0.1,354.762475763811,0.0348996312421694,0.924088665764991,0.605977881436449,0.215067241229759
51.45,0.1,354.225299664466,0.0360545575677182,0.924387318137907,0.605482159215028,0.214753630308247
51.46,0.1,353.689415870974,0.0384523294184602,0.925253947148418,0.608210061969711,0.213547387161984
51.47,0.1,353.154658703752,0.0368358909836112,0.923702046340592,0.607202320671326,0.213431421884728
51.48,0.1,352.620862238803,0.0406040741326537,0.926095841837284,0.603198338922436,0.212050855936567
51.49,0.1,352.087860372638,0.0388006738344398,0.926390100004919,0.605305698827177,0.21591061538885
51.5,0.1,351.555486887672,0.0404700238054641,0.924862526168566,0.606791461140685,0.213397824713148
51.51,0.1,351.023575518057,0.0375423302489698,0.92611390259937,0.603492853228072,0.215977118386253
51.52,0.1,350.491960015944,0.0420988043195173,0.928366567485584,0.604717872575688,0.215353472769957
51.53,0.1,349.960474218153,0.0418301834954979,0.925715260462696,0.604080472031798,0.21509085002562
51.54,0.1,349.428952113237,0.038727680060029,0.927889338726999,0.605176176419277,0.214990296505383
51.55,0.1,348.89722790891,0.0397891586785124,0.923481167533513,0.602175061675296,0.217741003946807
51.56,0.1,348.365136099819,0.0455563777534207,0.926190062410967,0.599352113088732,0.215969669429901
51.57,0.1,347.832511535646,0.0436963822104282,0.927477858801075,0.599320713758301,0.21638192844543
51.58,0.1,347.299189489503,0.0437443311353353,0.926464727729001,0.601824902874627,0.213683064459829
51.59,0.1,346.765005726596,0.0459810156938102,0.9265644434489,0.601124451674091,0.217801156078678
51.6,0.1,346.229796573144,0.0432100608244229,0.924364299544372,0.599760049712935,0.215004009535155
51.61,0.1,345.693398985505,0.0447098867873247,0.927149831732751,0.602592281984663,0.21378462033308
51.62,0.1,345.155650619498,0.044745684165518,0.926256641070731,0.599311032548464,0.213797759662105
51.63,0.1,344.616389899877,0.0463786026264055,0.927877531805584,0.601004758663829,0.211869238485643
51.64,0.1,344.075456089935,0.0452364903145374,0.928061311471671,0.599394167653248,0.214277353706137
51.65,0.1,343.532689361199,0.0453569228162431,0.930616767189102,0.595722586471272,0.216346590135421
51.66,0.1,342.987930863187,0.0495321449225385,0.928196003882848,0.597897950172596,0.214497151656126
51.67,0.1,342.441022793183,0.0471971087534909,0.929976351520192,0.597998578385804,0.217962573770249
51.68,0.1,341.891808466009,0.0479631877931397,0.92803771750332,0.599015313693274,0.214158268015433
51.69,0.1,341.340132383748,0.0493998358998108,0.927014563517979,0.59634433106494,0.213622885862414
51.7,0.1,340.785840305372,0.0514821118239642,0.927831066546039,0.597924664509714,0.21250294892882
51.71,0.1,340.228779316251,0.0493579555340801,0.930169747145735,0.594346409565768,0.213660939173795
51.72,0.1,339.668797897503,0.0492823361409984,0.931193686214703,0.596277917474915,0.214498369063093
51.73,0.1,339.105745995121,0.0533503069397165,0.930095794633805,0.593704573904672,0.216377677238645
51.74,0.1,338.53947508887,0.0502689120286839,0.929535773564478,0.593179778516389,0.214952558102388
51.75,0.1,337.969838260882,0.0530128645950796,0.930185184960297,0.591446534371448,0.215752581299173
51.76,0.1,337.396690263918,0.0510626205534885,0.930944036665896,0.59354936597427,0.213085706862499
51.77,0.1,336.819887589262,0.0517279189877072,0.929770983169688,0.592451905414368,0.215643194463838
51.78,0.1,336.239288534177,0.0524703373847807,0.932423327300539,0.592368780565555,0.213460201099703
51.79,0.1,335.654753268904,0.055228868400364,0.931677953303148,0.590898867683455,0.215926299936777
51.8,0.1,335.066143903141,0.0555631160049896,0.931945751352795,0.593654769752118,0.217905391915799
51.81,0.1,334.473324551965,0.0556539609217968,0.930169416821856,0.588556389909783,0.213319741127012
51.82,0.1,333.876161401139,0.0566305734443086,0.933635434188857,0.589088025790825,0.215454377848821
51.83,0.1,333.274522771771,0.0580024760806308,0.935595921328271,0.592174485889971,0.215592886301677
51.84,0.1,332.668279184264,0.0566227123444635,0.931090734013663,0.591751197047822,0.216185435075246
51.85,0.1,332.057303421513,0.056956090994255,0.932954799088228,0.591649414438107,0.214269644606534
51.86,0.1,331.441470591302,0.0575840614220855,0.933884621040938,0.588708077935076,0.214620469096222
51.87,0.1,330.820658187854,0.0567221725222004,0.930191355118265,0.590085104695569,0.21561304963969
51.88,0.1,330.19474615248,0.0596038107098776,0.93093286196457,0.590166107358132,0.215318617122344
51.89,0.1,329.563616933274,0.0597722552190164,0.933352528150857,0.587733072466624,0.212975301216433
51.9,0.1,328.927155543826,0.0606553559530767,0.931398806001665,0.586510784708944,0.213710797828429
51.91,0.1,328.285249620872,0.0602383724162499,0.934593631626309,0.584912004329323,0.214491006822083
51.92,0.1,327.63778948086,0.0615391873969286,0.931612137531902,0.585900699494353,0.213318355372542
51.93,0.1,326.984668175369,0.0601436353164425,0.936193151241109,0.586540520951353,0.214534956383148
51.94,0.1,326.325781545334,0.0621990008626161,0.933873111852514,0.587009358511545,0.214437160318062
51.95,0.1,325.661028274035,0.0642363544344249,0.931975402301299,0.585141750862333,0.215420836171694
51.96,0.1,324.990309938795,0.0649965805875857,0.934114774043424,0.583902971376789,0.213296160683884
51.97,0.1,324.313531061341,0.0621175157337564,0.934864885341715,0.583518683504885,0.213482017383544
51.98,0.1,323.63059915679,0.0660903650608838,0.934536828941876,0.582823146150237,0.214414844722087
51.99,0.1,322.941424781196,0.0636493666674567,0.932757646478283,0.583787775288895,0.215372171358814
52,0.1,322.245921577637,0.0668962638151089,0.934385073869157,0.581994680159666,0.216534459065079
52.01,0.1,321.544006320769,0.0674410482830008,0.931322530621331,0.583794194894857,0.213568309567421
52.02,0.1,320.835598959833,0.0651670238335731,0.934798418539612,0.581677548961384,0.21413645845866
52.03,0.1,320.120622660043,0.0694908667483591,0.9365585838837,0.584145082518512,0.212911036330833
52.04,0.1,319.399003842338,0.070494557933988,0.936656541930156,0.582390426375499,0.215204349112247
52.05,0.1,318.670672221439,0.0681381151773066,0.934146393756394,0.581242809074419,0.213666761854679
52.06,0.1,317.935560842187,0.0699927141636603,0.935740419283486,0.580186968867269,0.214782100920345
52.07,0.1,317.193606114101,0.070425681291412,0.935542383755451,0.578884657473806,0.214539672536803
52.08,0.1,316.444747844145,0.0696031605606296,0.934717695907932,0.580199658088286,0.21744957050657
52.09,0.1,315.688929267651,0.0728571833192338,0.934070800946654,0.580023878655553,0.217448013060564
52.1,0.1,314.926097077366,0.0745643481155007,0.933388766952853,0.581626998679754,0.21322715324163
52.11,0.1,314.15620145059,0.0748889907869801,0.93615423846382,0.577010093070621,0.215483796582409
52.12,0.1,313.379196074379,0.074004921781561,0.934964662060073,0.576706484908309,0.217247792762707
52.13,0.1,312.595038168777,0.0766631443582134,0.932198125549531,0.5771765505582,0.21384864438346
52.14,0.1,311.803688508044,0.0750287805481604,0.936116393342275,0.576875614429007,0.214117964989611
52.15,0.1,311.005111439867,0.0754796115308319,0.936438248323387,0.577066367233846,0.213941920094236
52.16,0.1,310.199274902512,0.0762467733151334,0.93500421107108,0.576221856945859,0.214827710470119
52.17,0.1,309.38615043991,0.0771764613454863,0.937925950662836,0.578082895604948,0.214503305403799
52.18,0.1,308.565713214639,0.0789084858097754,0.93641255401791,0.575469141212204,0.214686978323059
52.19,0.1,307.737942018794,0.0792330275335359,0.938434641383251,0.574785294902948,0.215215824140303
52.2,0.1,306.902819282727,0.0794405723789296,0.936073827810858,0.573868270581444,0.216401655000608
52.21,0.1,306.060331081631,0.0811886131833078,0.936004867016595,0.576771700315026,0.215565098687488
52.22,0.1,305.21046713996,0.0791189020178592,0.939631870478598,0.571672841355682,0.212676049382146
52.23,0.1,304.353220833682,0.0812903684502299,0.933247990746862,0.574076426956172,0.213632420995699
52.24,0.1,303.488589190339,0.0833895429347887,0.938101142227823,0.571380101792017,0.212435475266378
52.25,0.1,302.616572886911,0.0830444224420532,0.938144663231081,0.570684294536318,0.212505736772927
52.26,0.1,301.73717624549,0.0797778892725137,0.936961972098042,0.573501746725571,0.21669087084822
52.27,0.1,300.850407226747,0.0845612637769987,0.937637829393369,0.573564380373443,0.213472659044461
52.28,0.1,299.956277421189,0.0852366317940146,0.939094862082182,0.56976287995297,0.215712812811971
52.29,0.1,299.054802038222,0.0841900751950339,0.937434069565693,0.57070186047646,0.215442623571238
52.3,0.1,298.217061388188,0.0857302596899039,0.937144912102687,0.570829286293769,0.213966434329861
52.31,0.1,297.484307419048,0.0863455652920017,0.940010802732661,0.571078220775863,0.21468497495068
52.32,0.1,296.776649794754,0.0864308054795496,0.935643153563767,0.567273206483807,0.215326309205024
52.33,0.1,296.14430366934,0.0843969093160889,0.93710210990647,0.568693644836193,0.21371150789564
52.34,0.1,296.140538116298,0.0881040346435584,0.936882112321153,0.56935381543421,0.216625158121412
52.35,0.1,296.309746798897,0.0871247091066716,0.938152083750345,0.569591350647761,0.213542341415739
52.36,0.1,296.477055062327,0.0889281084763188,0.937203117760231,0.567688668343403,0.215049160804139
52.37,0.1,296.642457534575,0.0884187082230998,0.93905723413367,0.568851228729085,0.215381554438011
52.38,0.1,296.805949197703,0.0854040285727822,0.935646389917837,0.568263871215194,0.214506468061788
52.39,0.1,296.967525389269,0.0893004768173058,0.936741878172554,0.567756073815444,0.214324081693206
52.4,0.1,297.127181803631,0.08750228537531,0.936654655272054,0.566185379979332,0.215018453629919
52.41,0.1,297.284914493134,0.088170157945644,0.940428328821003,0.564781193370109,0.213699263311273
52.42,0.1,297.440719869188,0.08910257256256,0.936594411243857,0.565680198889508,0.215795699846672
52.43,0.1,297.594594703232,0.087899500801957,0.934735030031273,0.565568923636165,0.215090825835318
52.44,0.1,297.746536127581,0.0851988702276885,0.934880681536226,0.564107758013594,0.214796549008747
52.45,0.1,297.896541636164,0.086274879139026,0.936803379104578,0.56519059430924,0.216066268743993
52.46,0.1,298.04460908514,0.0863886255442052,0.939574400948191,0.564079355138292,0.217133464627285
52.47,0.1,298.190736693412,0.0858057119430232,0.937514372468165,0.563209243213629,0.214781448726501
52.48,0.1,298.334923043019,0.0872841648355027,0.937753372332004,0.565093633349771,0.215810402348637
52.49,0.1,298.477167079414,0.0868193208174091,0.936007079960123,0.564611454683639,0.214809297867407
52.5,0.1,299.32225276817,0.0858474436397556,0.938477480883834,0.56424402785034,0.212440391397525
52.51,0.1,299.918325242702,0.0872633176953145,0.93805075683395,0.56393866402755,0.216877633857991
52.52,0.1,300.122260242481,0.0850131999631656,0.935660617816907,0.561741573912768,0.21567342641461
52.53,0.1,300.257285137978,0.0877663976414764,0.937679519248125,0.561073573466489,0.212142845816983
52.54,0.1,300.390359908323,0.0865322970795141,0.936381588217574,0.560530875085909,0.218606221349281
52.55,0.1,300.521485683676,0.0853686772328451,0.937861628660561,0.562383806640031,0.216375724617048
52.56,0.1,300.650663957912,0.0873220420550961,0.937985495858404,0.560321043172388,0.216302616960543
52.57,0.1,300.777896587999,0.0865274687346309,0.938499998900138,0.560098174924263,0.215969532959834
52.58,0.1,300.903185793264,0.0882931188205425,0.939006189635909,0.560553657158201,0.216351642994857
52.59,0.1,301.026534154549,0.0889776502607293,0.936361555953437,0.561937818222725,0.214353475476597
52.6,0.1,301.147944613257,0.0871502534722125,0.936807569303128,0.561075790639749,0.213294565494162
52.61,0.1,301.267420470282,0.0849171467108879,0.939374769493225,0.559094650274544,0.213018606449276
52.62,0.1,301.384965384834,0.0864068078802975,0.938782610178805,0.560388519258864,0.214535774876424
52.63,0.1,301.500583373154,0.0858156906215527,0.939404480710002,0.559958540690915,0.214141539095752
52.64,0.1,301.614278807117,0.0874241003290226,0.934883388334017,0.557198234197405,0.214288542383637
52.65,0.1,301.726056412728,0.0865618035393724,0.938294305733508,0.556316030068779,0.216223629496605
52.66,0.1,301.835921268509,0.0887256046517391,0.933544516089615,0.559033233173308,0.215230718011686
52.67,0.1,301.943878803779,0.0876014528419365,0.937230956873855,0.55573909861555,0.212527133173513
52.68,0.1,301.261511267574,0.0851764283217712,0.937940007902511,0.559966961763025,0.21521529363409
52.69,0.1,300.274993586122,0.0880927387835457,0.938660750214672,0.556643895916218,0.212490287931788
52.7,0.1,299.732129356503,0.09045129638376,0.9370757260947,0.555691933542892,0.216681531043242
52.71,0.1,299.298222848092,0.0876428434303954,0.93418459259197,0.558311901750327,0.214546961066071
52.72,0.1,299.188494376918,0.0882414915271033,0.939621740102221,0.557435002420164,0.213477481214812
52.73,0.1,299.284097534829,0.0887791664055121,0.935757660842896,0.557673646116299,0.212606780300786
52.74,0.1,299.377861118793,0.0878091773384491,0.936126402818223,0.555449325062173,0.215354313364753
52.75,0.1,299.469793201676,0.0910993296133421,0.937065751498084,0.554079257735191,0.214309364089568
52.76,0.1,299.559902183338,0.0848531005114894,0.935883322786373,0.555792628638204,0.215416985404729
52.77,0.1,299.648196787891,0.0868586471998951,0.934407359784032,0.555330150036039,0.213729980159442
52.78,0.1,299.734686060875,0.0875303953864532,0.938013488701382,0.55620718378543,0.216160233435458
52.79,0.1,299.81937936632,0.0912133413497447,0.937031121590682,0.553407942663472,0.212864950662149
52.8,0.1,299.902286383721,0.0868156030470843,0.937969753722827,0.552744053120764,0.214528982498097
52.81,0.1,299.983417104907,0.0865068635712351,0.93841969207085,0.549932421340224,0.218117325336723
52.82,0.1,300.062781830825,0.0858612839030152,0.932771680885191,0.55381264796137,0.212822346569049
52.83,0.1,300.14039116822,0.0884544212117142,0.935627870901633,0.5508317328982,0.214521276098161
52.84,0.1,301.22665403349,0.0878813418356647,0.937179652337327,0.552232150502764,0.214270728599397
52.85,0.1,302.228226977291,0.0867040930146895,0.934945940242395,0.551409387670456,0.216461777856335
52.86,0.1,302.62584657277,0.0876672235316701,0.934781222131103,0.549379652281506,0.214319220806805
52.87,0.1,302.697079098053,0.0858671880992917,0.932836386356828,0.551058700092568,0.214806175071825
52.88,0.1,302.766600940333,0.0886063021621143,0.936461165263911,0.553312781650036,0.215150577027395
52.89,0.1,302.834424559472,0.0881642038581446,0.93330910819798,0.552161623212936,0.216003281839098
52.9,0.1,302.900562697445,0.0851960155785925,0.936095397002083,0.552147196156243,0.216100371509071
52.91,0.1,302.965028374271,0.0848724253588962,0.935250624016545,0.552523528935295,0.215084493752863
52.92,0.1,303.027834883852,0.0889061121756371,0.935064249069486,0.550337605439827,0.214615714475875
52.93,0.1,303.088995789738,0.0871836555836807,0.936789943648145,0.551910028333315,0.217996082194999
52.94,0.1,303.148524920794,0.0853583240782678,0.933372102849015,0.547767098776535,0.212690886580268
52.95,0.1,303.206436366793,0.0850021792463252,0.936032299129494,0.549875689046128,0.212297323304028
52.96,0.1,303.262744473931,0.0878500812252983,0.938298702604067,0.54753882330328,0.215417990876201
52.97,0.1,303.317463840249,0.0889928601041163,0.933641632340659,0.54932187563721,0.214338834127638
52.98,0.1,303.370609310992,0.0877583234576814,0.933455582301274,0.549284790865883,0.213464131317101
52.99,0.1,303.422195973878,0.0873856520808621,0.934833846875303,0.548686513436709,0.215406499357569
53,0.1,303.360558774649,0.0858975694950867,0.932205252914581,0.551365075500629,0.217251975292206
53.01,0.1,301.958936866762,0.0856130122868143,0.933531426471332,0.550210096855641,0.218268947078189
53.02,0.1,301.208707152457,0.0887146486406746,0.933741431744537,0.547128222418183,0.216272712123062
53.03,0.1,300.735758610632,0.0880349024548027,0.935956660662424,0.549262992096115,0.215162043752346
53.04,0.1,300.701995802433,0.0895092422250165,0.9360706178862,0.549174129092116,0.213128614609858
53.05,0.1,300.74414518088,0.0861223044876138,0.932250458603965,0.547681081487518,0.214035953998798
53.06,0.1,300.784861823109,0.0887080542906188,0.933894196297119,0.547024947916653,0.214954694358827
53.07,0.1,300.824162413703,0.087820612546897,0.93417256060956,0.546191576668142,0.216852479999925
53.08,0.1,300.862063832022,0.0871657521092235,0.932011467905172,0.546461595367283,0.215394695932501
53.09,0.1,300.898583146841,0.0920783095111511,0.933181891344055,0.545928682664614,0.215998568390711
53.1,0.1,300.93373761092,0.0882199762454551,0.933388641190365,0.548828298349196,0.21636229564418
53.11,0.1,300.96754465552,0.0923347117789014,0.932835746776546,0.545580879777235,0.214875111789016
53.12,0.1,301.000021884859,0.0867682052659343,0.934024531905286,0.545341332809629,0.216809806932015
53.13,0.1,301.031187070514,0.0881993093961446,0.932983270742214,0.546301171995195,0.21470744688501
53.14,0.1,301.061058145776,0.0879932663020341,0.933735142632322,0.542483422683661,0.216242972228638
53.15,0.1,301.08965319994,0.0887631301041541,0.930507879024074,0.545085980685676,0.213592428582898
53.16,0.1,301.116990472558,0.0875056822990147,0.92982304205138,0.545394897814819,0.216330734215769
53.17,0.1,301.143088347638,0.08908381236572,0.929407723687675,0.543855814312676,0.21441944289056
53.18,0.1,301.167965347795,0.0888737198253005,0.930021286170365,0.541975535832631,0.215805861654943
53.19,0.1,301.191640128368,0.090231714163023,0.932286755691432,0.544215231008774,0.215157733984647
53.2,0.1,301.214131471479,0.0895319452053853,0.93148079120525,0.543250402618754,0.214403581277352
53.21,0.1,301.235458280066,0.0883062135815981,0.930375001604724,0.544252584504187,0.214177952579917
53.22,0.1,301.255639571869,0.0878357982759313,0.929820899661199,0.543304146900586,0.217349245787672
53.23,0.1,301.274694473385,0.0883458484561422,0.930106992088943,0.544625891610333,0.214569106031619
53.24,0.1,301.292642213783,0.0898238102555797,0.928251220141419,0.542637881367514,0.214225258557503
53.25,0.1,301.309502118791,0.0893913549619226,0.931407361689889,0.54325760756833,0.21580632808051
53.26,0.1,301.325293604551,0.0890913426066741,0.930103190942899,0.540341857341461,0.214235256537859
53.27,0.1,301.340036171445,0.089389417784233,0.932474386545316,0.540994693910157,0.215529981826031
53.28,0.1,301.3537493979,0.0894810242550805,0.928019517771079,0.540842650667417,0.215002339870738
53.29,0.1,301.366452934158,0.0906396757513308,0.929929734321251,0.542833574419192,0.214024884643152
53.3,0.1,301.378166496037,0.0886892259585573,0.930140978236791,0.540329504132705,0.21451082056742
53.31,0.1,301.388909858663,0.0905366067103523,0.927640626344027,0.542675963832894,0.215265852708832
53.32,0.1,301.398702850188,0.0897725175557452,0.928673513039362,0.541042833539696,0.216802193791204
53.33,0.1,301.407565345494,0.0892863597554598,0.92795312875382,0.539711246040907,0.214401591946495
53.34,0.1,301.41551725988,0.0865813224959223,0.92841874715286,0.54037568559368,0.210146503108463
53.35,0.1,301.422578542742,0.088975797558765,0.92749743235339,0.539185579872728,0.213928137148233
53.36,0.1,301.428769171242,0.0883246250182049,0.930410183169944,0.538546669032761,0.213855870199912
53.37,0.1,301.434109143972,0.0884897364729002,0.925844638185408,0.538977382961586,0.213696915414256
53.38,0.1,301.438618474614,0.0908072936391717,0.928026413288534,0.540573166449026,0.215029356669724
53.39,0.1,301.442317185595,0.0896410811295727,0.927066696109291,0.539697783222987,0.213694930742498
53.4,0.1,301.445225301749,0.088856247420973,0.926609543603517,0.538200092846401,0.213198646713429
53.41,0.1,301.447362843979,0.0862295824235871,0.926646193849628,0.536625632210519,0.214657954904846
53.42,0.1,301.448749822919,0.0916678720807323,0.925914581067872,0.540418136732346,0.214826945066588
53.43,0.1,301.449406232612,0.0898687804940528,0.929932811210703,0.537952761349315,0.214653455865342
53.44,0.1,301.449352044194,0.0882759727243573,0.928773832233211,0.538603185085653,0.215426529923153
53.45,0.1,301.448607199591,0.0912412953991437,0.925355780698136,0.537342671820228,0.216191297067482
53.46,0.1,301.447191605233,0.0911672987185893,0.92583980008275,0.539056285572001,0.21406132433656
53.47,0.1,301.445125125778,0.0897662476708365,0.928180536430356,0.537990822681174,0.214596140963693
53.48,0.1,301.442427577866,0.086870403947707,0.923982105955294,0.535865653736556,0.213264856594666
53.49,0.1,301.439118723889,0.0902213369298438,0.927169763036724,0.534759751382387,0.215942882895978
53.5,0.1,301.435218265786,0.0886217932324135,0.922906475932992,0.538165616079066,0.217238685223913
53.51,0.1,301.430745838864,0.0900761352936332,0.924447541896068,0.537463386971552,0.216340246573409
53.52,0.1,301.425721005656,0.089385431349471,0.925498888620241,0.537352993013798,0.216543943651571
53.53,0.1,301.420163249797,0.0921968722845806,0.927800625574617,0.534959752965785,0.213312597977673
53.54,0.1,301.414091969952,0.0885843508879438,0.927444657055155,0.534685071122824,0.213982032766898
53.55,0.1,301.407526473761,0.0885200222239211,0.924974067547383,0.536171804811523,0.214221947881295
53.56,0.1,301.400485971842,0.0908006671238407,0.925323341359384,0.537887076835717,0.213626803343961
53.57,0.1,301.392989571823,0.0903863352648834,0.924790531852991,0.534908844263734,0.212871994759893
53.58,0.1,301.385056272422,0.0863975440080877,0.921923792141339,0.53523159398343,0.213440252849677
53.59,0.1,301.376704957579,0.0867704223230599,0.924578313170131,0.534093788491551,0.215951711154263
53.6,0.1,301.367954390623,0.0881203466493992,0.924759530884282,0.535922692510977,0.215329795496955
53.61,0.1,301.358823208507,0.093018738096133,0.921772550645491,0.533844767980668,0.215712669811915
53.62,0.1,301.349329916086,0.0875766477165759,0.920551143222794,0.535086580786833,0.216315833300666
53.63,0.1,301.339492880453,0.0875652223560998,0.921672920345387,0.53752105943351,0.213999880789147
53.64,0.1,301.329330325338,0.0898891040281136,0.920967278395812,0.534339824813421,0.21690073360959
53.65,0.1,301.318860325562,0.0896406004908932,0.923666446557932,0.534723068268657,0.215518395012361
53.66,0.1,301.308100801558,0.0890337109049841,0.918860870108922,0.533741747791987,0.213276552715787
53.67,0.1,301.297069513956,0.0881228390577542,0.921150892198655,0.535802173357553,0.215110202553969
53.68,0.1,301.28578405824,0.0893825087012414,0.922935995953672,0.53549654428743,0.219192792641027
53.69,0.1,301.274261859467,0.0854076045309483,0.92119300184986,0.532201636485565,0.216791114195467
53.7,0.1,301.262520167066,0.0883319886983337,0.920299588628237,0.533055298838423,0.215596130735467
53.71,0.1,301.250576049713,0.0888072551455532,0.921049668029171,0.531262936505998,0.214708103791296
53.72,0.1,301.23844639027,0.0875718073037765,0.920960185874289,0.533040436552657,0.215462110972696
53.73,0.1,301.226147880824,0.0884236983625943,0.921082204514559,0.53472862278238,0.213552517489197
53.74,0.1,301.213697017789,0.08958972641033,0.916652385684115,0.531889663994213,0.213253185788404
53.75,0.1,301.201110097101,0.0868552265663143,0.916892662519491,0.532416420980968,0.217500495986197
53.76,0.1,301.188403209496,0.0901280430273517,0.920402518305903,0.531833273725729,0.215860658127761
53.77,0.1,301.175592235881,0.0874216463617781,0.918030178094576,0.530913196634344,0.216081230420886
53.78,0.1,301.162692842782,0.0879782179436115,0.91998914876623,0.530473985496045,0.215996900158383
53.79,0.1,301.149720477903,0.0902063150673171,0.918688451692645,0.531543468686654,0.216854949311713
53.8,0.1,301.136690365759,0.0905781292718609,0.919789395670185,0.528540379254048,0.217361235154826
53.81,0.1,301.123617503422,0.0900973875710066,0.914517458213945,0.529809905196297,0.213171682943249
53.82,0.1,301.110516656354,0.0890936235148224,0.918069777338039,0.529708827499089,0.215390420445852
53.83,0.1,301.097402354343,0.0879342601796844,0.915152556040907,0.529123307801526,0.214044032610966
53.84,0.1,301.084288887543,0.0878531638934062,0.914041301363466,0.528946157062023,0.213635388902486
53.85,0.1,300.706208770032,0.0900864478378495,0.915819056054835,0.527614037078315,0.213612702432528
53.86,0.1,300.489709536414,0.0874188009696271,0.914928260760021,0.527759543785179,0.215201455548672
53.87,0.1,300.344283630419,0.0899002892769589,0.913867493594442,0.528882167070889,0.214040232995231
53.88,0.1,300.217067599755,0.0903566022105457,0.91395857028007,0.529619027023471,0.217524423420005
53.89,0.1,300.09445086735,0.0876264411373297,0.913584325286519,0.531231155887883,0.217968526139425
53.9,0.1,299.973196822673,0.0903254527266302,0.914498690040847,0.526545999145804,0.215630713667663
53.91,0.1,299.85347634842,0.0938734178350103,0.915484952996893,0.529589507325775,0.21167150583429
53.92,0.1,299.735675930235,0.0938637429124896,0.914137890251576,0.525814356940222,0.216136412689884
53.93,0.1,299.619019118914,0.0893749913669262,0.913242788730421,0.527317184525864,0.215293841848523
53.94,0.1,299.503459337028,0.089092976079056,0.912673517194616,0.527994023629958,0.215359777270821
53.95,0.1,299.390069041973,0.0899904089657947,0.914982953463023,0.523838047287347,0.215866006565638
53.96,0.1,299.278334916199,0.0894608424110617,0.912104400806461,0.5251924288385,0.218047761542765
53.97,0.1,299.167857045327,0.0921445506187593,0.915335690114048,0.524513802021781,0.215066325664437
53.98,0.1,299.059223947541,0.0921478406835334,0.91156434801064,0.525718747515009,0.21363266509753
53.99,0.1,298.95284234227,0.0935074089029752,0.913032944256687,0.523741032638046,0.211826418810953
54,0.1,298.848072144467,0.0898168607711366,0.910115248355454,0.526808139048472,0.212306561429417
54.01,0.1,298.744881091843,0.090538391106459,0.909564038166536,0.526466193849773,0.215775617976383
54.02,0.1,298.644213024676,0.092456337032677,0.911777935071865,0.525754152720477,0.216100327527315
54.03,0.1,298.545610568316,0.0932934785363815,0.911849453206729,0.524333057584641,0.213408501897289
54.04,0.1,298.448715552547,0.0900426009449175,0.911615490749802,0.521694573278693,0.216670767389939
54.05,0.1,298.354063647904,0.091486796380279,0.910356418201184,0.520224560075814,0.213249287242124
54.06,0.1,298.26202034446,0.0900775990443983,0.908858443849015,0.526288976922534,0.211976850406413
54.07,0.1,298.171989705899,0.0931984079781546,0.913235755263979,0.524483403308787,0.215019138001209
54.08,0.1,298.083928682073,0.0908605174068271,0.909786217894363,0.520954283648549,0.216023986444464
54.09,0.1,297.99866163919,0.0929383755719162,0.90907562306389,0.522688795640497,0.215425033614524
54.1,0.1,297.915777541212,0.0896886189949182,0.90733656589641,0.522219867933072,0.21524192822824
54.11,0.1,297.834952805028,0.0899071491291997,0.908843555725087,0.522128751423299,0.216781866531422
54.12,0.1,297.756616007949,0.0902474330775532,0.907426839076933,0.523143237847467,0.217080142283209
54.13,0.1,297.68106112778,0.0921751084836887,0.90923221707457,0.520706410954217,0.216127383208866
54.14,0.1,297.607794898853,0.0932819509021049,0.906052292696454,0.522701670586848,0.214137661403944
54.15,0.1,297.53677190578,0.0899297996351283,0.907125396559293,0.518890200335051,0.214937445142585
54.16,0.1,297.468625716424,0.0916294913212909,0.906533586226997,0.52297376193814,0.216195399630087
54.17,0.1,297.403033926832,0.0930018771555874,0.904360751964697,0.518470317383923,0.214543228771227
54.18,0.1,297.339741671687,0.0929399423991911,0.905894302687539,0.519477062644122,0.215134526230824
54.19,0.1,297.279077871288,0.0933759208283948,0.905051135103895,0.519292293907531,0.216711375021056
54.2,0.1,297.221266211526,0.0929775407641144,0.904864734687326,0.520643632262659,0.21438332120175
54.21,0.1,297.165917575879,0.0923750398038438,0.905030557365198,0.518332461219391,0.216431858061455
54.22,0.1,297.11299059561,0.0917602730763688,0.903017764528276,0.51750303470886,0.216467312728646
54.23,0.1,297.062970958656,0.0928616611062168,0.902595264116437,0.51817053701382,0.216443749709578
54.24,0.1,297.015601648031,0.0916596737496938,0.90172883870163,0.517848853446032,0.216115953901394
54.25,0.1,296.970677635992,0.0898185359526096,0.903463716963252,0.515844437839295,0.213720285888622
54.26,0.1,296.928421244638,0.0888973792987226,0.902938096979184,0.518752517461495,0.215734868254618
54.27,0.1,296.888983766882,0.0919632592270398,0.903136096647687,0.516471595236274,0.212928714497084
54.28,0.1,296.852083405035,0.0924931122829651,0.901978359276907,0.517316948641472,0.218869646412535
54.29,0.1,296.817682079003,0.0924105738603927,0.902293571651402,0.514077444296983,0.214875921025309
54.3,0.1,296.786102719087,0.0923025696101182,0.903113885848725,0.513004602258687,0.215562748547156
54.31,0.1,296.75716274879,0.0920663338562563,0.901909579324544,0.514462654005892,0.214116889889202
54.32,0.1,296.730714508492,0.0942287581153895,0.90085064510333,0.513673231481911,0.213987771364598
54.33,0.1,296.706899654705,0.0899272805911444,0.902518004140735,0.514284714474846,0.213544584251096
54.34,0.1,296.68581145616,0.0918419475299124,0.898471835391316,0.513097944804264,0.21461470991185
54.35,0.1,296.667249619756,0.0923968250750231,0.901032898929765,0.512621959069091,0.21363030080695
54.36,0.1,296.651177035618,0.0918704929700567,0.900911815432152,0.512842252259376,0.214757570615153
54.37,0.1,296.637792856667,0.0920983792065058,0.899588191532111,0.511483763179742,0.214079139317959
54.38,0.1,296.626967178926,0.0930635265644981,0.898488257357844,0.513952624488966,0.215468508751637
54.39,0.1,296.618592326609,0.0937588659558961,0.897440036179162,0.511250235663926,0.213542853637091
54.4,0.1,296.612739837338,0.0955346172728913,0.897348547789889,0.51335118096025,0.215297316272177
54.41,0.1,296.609452916752,0.0935687810801189,0.89745847152335,0.511901160667233,0.214436688299766
54.42,0.1,296.608597593758,0.0915406509689617,0.898747393933247,0.51040957840261,0.214291063002636
54.43,0.1,296.610097294271,0.093818475944585,0.899171022895979,0.512212042750885,0.215209891085415
54.44,0.1,296.612617181802,0.0913688911653912,0.898463147535683,0.508356379600289,0.215738127342051
54.45,0.1,296.615469872526,0.0927842436167843,0.895122470190853,0.510499824780039,0.216016800458789
54.46,0.1,296.618652132175,0.0929120707525447,0.893029132016853,0.510008942213265,0.216090180253442
54.47,0.1,296.622160487783,0.090890286330025,0.896784267101451,0.508213733663334,0.215108745122857
54.48,0.1,296.625991231492,0.0914167687321275,0.894043248484437,0.508297148144873,0.215256533270537
54.49,0.1,296.630140424454,0.0883727456876161,0.894127484112156,0.508616886177923,0.216352559987684
54.5,0.1,296.634603900824,0.0926209272403111,0.895319574844111,0.509588315653248,0.216175800975539
54.51,0.1,296.639377271855,0.0895076700045536,0.8956753011683,0.509489870989037,0.214197864459411
54.52,0.1,296.644455930073,0.0934428777111948,0.89467818518163,0.504984636221781,0.213821078466948
54.53,0.1,296.649835053552,0.0936569135731304,0.893480618798735,0.504969650964277,0.215060870260984
54.54,0.1,296.655509610268,0.0928561050943002,0.892171599496442,0.509505327978413,0.212672011329029
54.55,0.1,296.661474362543,0.0963623722712386,0.893755127456786,0.505637535626453,0.215509562601024
54.56,0.1,296.667723871568,0.0902335038556492,0.891080333415786,0.504980245617289,0.215150574710216
54.57,0.1,296.674252502008,0.0914340841719503,0.893478172827379,0.505913805494579,0.213868092640543
54.58,0.1,296.681054426686,0.0901213504658083,0.891647346338388,0.505699889455786,0.215889491187702
54.59,0.1,296.688123631342,0.0892009414101383,0.890923243421862,0.504715368364791,0.216263950527634
54.6,0.1,296.695453919465,0.0915090701241269,0.891317576638019,0.505540060929465,0.213604925737953
54.61,0.1,296.703038917199,0.0911566167965696,0.890595023046475,0.501254480664648,0.216138611176284
54.62,0.1,296.710872078313,0.0915740980921984,0.888683787556799,0.503665924465266,0.216620736710612
54.63,0.1,296.718946689242,0.0916746700290377,0.889811777912047,0.503432129019626,0.212428746957407
54.64,0.1,296.727255874191,0.0929627371835279,0.888586284601184,0.502773036592138,0.212718348058991
54.65,0.1,296.7357926003,0.0941778452459713,0.888485680176767,0.500637296729731,0.216611802041875
54.66,0.1,296.744549682869,0.0918309259958611,0.887644883663143,0.503595127789542,0.213479716902204
54.67,0.1,296.753519790637,0.0909036236755503,0.888435833891565,0.501971961619997,0.212725065895191
54.68,0.1,296.76269545112,0.091724525030943,0.889463374466001,0.502188516966017,0.215883270273569
54.69,0.1,296.772069055998,0.0934396217452886,0.889524525905655,0.500409935830128,0.216271650644906
54.7,0.1,296.781632866552,0.0938553028518029,0.888715335179192,0.500885292200771,0.215281237611602
54.71,0.1,296.791379019146,0.0936544436125782,0.88339245139854,0.496560888134073,0.216618753844582
54.72,0.1,296.801299530755,0.0905165742517952,0.885700078727839,0.496315890573084,0.214354074596884
54.73,0.1,296.811386304535,0.0913110972817877,0.885695636363177,0.499125072263226,0.216852984975689
54.74,0.1,296.821631135433,0.0922536699060681,0.883655046115885,0.49689066382502,0.214688593304617
54.75,0.1,296.832025715827,0.0890221988555518,0.882670350844541,0.495867593548717,0.214243500531423
54.76,0.1,296.842561641211,0.0931057555945403,0.881670926202926,0.498794135847961,0.213843571021925
54.77,0.1,296.8532304159,0.0911514324247992,0.885458984932295,0.498079577798017,0.216879761061317
54.78,0.1,296.864023458775,0.0919695660031168,0.883469146171621,0.494413601439019,0.216732800797771
54.79,0.1,296.874932109041,0.0904865540370627,0.883463583058682,0.496710073663506,0.21638093330133
54.8,0.1,296.885947632022,0.0905333481842254,0.883926513763567,0.497127693888829,0.215121626024092
54.81,0.1,296.897061224971,0.0937191004675016,0.883783692980542,0.497178080369097,0.215521699960565
54.82,0.1,296.908264022895,0.0930010736226326,0.881176735121855,0.495069405011621,0.215935606556446
54.83,0.1,296.919547104401,0.090782759010356,0.88224986178808,0.494749823658289,0.215229354847779
54.84,0.1,296.930901497558,0.0922465826487009,0.883106830478579,0.492463468012686,0.214681664725795
54.85,0.1,296.94231818576,0.0936644197467594,0.882278980321859,0.496707255242268,0.215878622850314
54.86,0.1,296.953788113606,0.0909514120127833,0.880833445281747,0.4925920813836,0.213537346253827
54.87,0.1,296.965302192785,0.09286718104052,0.878741541471678,0.491381824906208,0.214481270260163
54.88,0.1,296.976851307959,0.0916044654399612,0.878960860670121,0.492548587890314,0.213388730412799
54.89,0.1,296.988426322648,0.0914802499025442,0.880085415024678,0.490457582649376,0.215378929764931
54.9,0.1,297.000018085122,0.0915858433494413,0.879564922681815,0.489956744015204,0.215711464350142
54.91,0.1,297.011617434274,0.0926018536314681,0.881259642074179,0.492935937777656,0.216188693831275
54.92,0.1,297.0232152055,0.0926750525375014,0.879717276196562,0.49131331330452,0.217209848857483
54.93,0.1,297.034802236558,0.0899833287730703,0.877790530655231,0.49046795589381,0.213773893803244
54.94,0.1,297.046369373425,0.092141882449738,0.879330518471765,0.489500865275711,0.215278616178054
54.95,0.1,297.057907476136,0.0922196111127674,0.877814409174156,0.489011927832996,0.215011444274385
54.96,0.1,297.0694074246,0.0935435048834505,0.877012357272731,0.489158639115997,0.213775441912678
54.97,0.1,297.080860124412,0.0911871359406074,0.876690044040857,0.48701207213258,0.215920983490336
54.98,0.1,297.092256512628,0.0916098026882093,0.874102298558197,0.487380679566442,0.215726070374281
54.99,0.1,297.103587563524,0.0938197978028923,0.874668164630951,0.487546212219862,0.211682242380026
55,0,297.114844294333,0.0930303952677625,0.874651204488152,0.484518728840286,0.216350846452196
55.01,0,297.126017770941,0.0923196165786069,0.87391258307042,0.487919300095731,0.212469349426708
55.02,0,297.137099113566,0.0923666705672092,0.876853174209836,0.485880093077592,0.214950257949116
55.03,0,297.148079502395,0.0919310223552649,0.874314538258597,0.486530292063833,0.214393983862437
55.04,0,297.15895018319,0.0918448418971364,0.873628965042291,0.483426399923596,0.218895667110642
55.05,0,297.169702472856,0.0940572631684713,0.870797318713947,0.485278525005259,0.215921455935651
55.06,0,297.180327764968,0.0927442059595724,0.872297843435294,0.483924546889039,0.213169042445682
55.07,0,297.190817535255,0.0943775377533158,0.871952817621712,0.485349642739823,0.213756877753246
55.08,0,297.201163347048,0.0908915044045396,0.871572124107943,0.484615759113269,0.213909110680449
55.09,0,297.211356856671,0.0911021849348473,0.874183883780153,0.484329745545843,0.214606723108562
55.1,0,297.221389818791,0.0921719439103983,0.867495382246026,0.482275371406102,0.213402247491674
55.11,0,297.231254091718,0.0928699851556394,0.869554953079425,0.480623921529576,0.214536362500295
55.12,0,297.240941642647,0.0919723915501948,0.872002188152525,0.481641479038811,0.215905141710606
55.13,0,297.250444552854,0.0918665976654946,0.870684942632306,0.481891756436199,0.218316064104572
55.14,0,297.259755022829,0.0919881173911932,0.871289735927307,0.476947798423616,0.216581835054217
55.15,0,297.268865377353,0.0942190414772775,0.869501076248398,0.481410268670704,0.215874306170727
55.16,0,297.277768070519,0.0932163338378956,0.866306592344139,0.479297690744719,0.21655314771165
55.17,0,297.286455690686,0.0925016025579038,0.869281592667072,0.482524355323175,0.215957551845143
55.18,0,297.294920965368,0.0927037309104256,0.86753186667684,0.479884779593215,0.213026399361254
55.19,0,297.303156766067,0.0950394660283339,0.869602763650507,0.481088183885148,0.21489734062186
55.2,0,298.125424684431,0.0927428976972957,0.866982718618984,0.481587392759792,0.216041021841699
55.21,0,299.142644939773,0.0917631898268901,0.866967876917224,0.47943335913194,0.213721158833403
55.22,0,299.900143349087,0.0897658103915552,0.868287785129026,0.477340733597406,0.217145698249308
55.23,0,300.590771124104,0.0923256524002966,0.866712784070273,0.477855642485978,0.21301633842251
55.24,0,301.26765045082,0.0927298833232017,0.864821806100999,0.478824258619748,0.217262502062946
55.25,0,301.941676272543,0.0890186702470409,0.863157077823911,0.477551750309,0.21521184077408
55.26,0,302.614861787628,0.0893676140186329,0.865571028345907,0.477786928016774,0.216701990453324
55.27,0,303.287532494475,0.0894259637014045,0.863110558538837,0.477860235529864,0.215070613508499
55.28,0,303.959705693426,0.0889879479261834,0.864604468966668,0.475399278905627,0.214943910640801
55.29,0,304.631343905942,0.0869469462253316,0.865049573427384,0.476802649569784,0.216332545504364
55.3,0,305.302400660258,0.0854323995702684,0.864007992548664,0.474058781316439,0.213445745003034
55.31,0,305.972828735426,0.0860378690045724,0.865213513376269,0.474540347356613,0.214174049566702
55.32,0,306.64258167131,0.0864504393029822,0.864792683372148,0.470954423126957,0.216430443974766
55.33,0,307.311614074192,0.0861145163508828,0.861364147509276,0.475984863580807,0.211913089169916
55.34,0,307.979881706995,0.0850052004429051,0.859580807447939,0.472904831458075,0.214674630324427
55.35,0,308.647341540777,0.0831350919539927,0.861119286599735,0.470074736252205,0.214726712776039
55.36,0,309.313951799046,0.0830644444701259,0.862050329594466,0.473758754762786,0.215910217240034
55.37,0,309.979672000502,0.0844054887578532,0.859503176830558,0.472047107653035,0.213356255147323
55.38,0,310.644463001199,0.0844120513604412,0.861511593599989,0.470384558083451,0.214216714463836
55.39,0,311.308287036266,0.0803638485616108,0.858787679089971,0.470577576536228,0.216608904831362
55.4,0,311.971107761208,0.0860111835577712,0.859223657315241,0.473013221179644,0.21485497031114
55.41,0,312.63289029276,0.0803036803590573,0.858434493190185,0.470954476473115,0.215236638715438
55.42,0,313.293601249258,0.0827389549801092,0.85941823653817,0.470520578761801,0.214034874945576
55.43,0,313.953208790529,0.0788299118240269,0.858610303859371,0.468576400574623,0.216450616864677
55.44,0,314.61168265725,0.0823535705469159,0.859360450777025,0.4709217023807,0.210715116474611
55.45,0,315.268994209758,0.0815237833295913,0.859526367447274,0.46590226344299,0.217355045014746
55.46,0,315.925116466295,0.0793053830349263,0.857980017512708,0.468150399178209,0.214618753258414
55.47,0,316.58002414065,0.0797780052750781,0.856310248775453,0.470438772050119,0.216391494312204
55.48,0,317.233693679191,0.0782664391238274,0.854742874318835,0.4685021008914,0.215270406059102
55.49,0,317.886103297244,0.0787062916466721,0.853121866391671,0.467799208788688,0.214857019208111
55.5,0,318.537233014814,0.0769903622416385,0.856753284968682,0.465871484828849,0.215795635930316
55.51,0,319.187064691619,0.0753808317818588,0.855438063501951,0.467176211553236,0.216119639923872
55.52,0,319.835582061411,0.0780033566825592,0.85363712340925,0.467729230844899,0.21630176184654
55.53,0,320.48277076557,0.0762887272968864,0.856936545086484,0.466708143646695,0.215356840244016
55.54,0,321.128618385947,0.0773944300908924,0.854393421274167,0.465351747617306,0.215546016861232
55.55,0,321.773114476939,0.0762236698340859,0.852854119529877,0.466095909951824,0.215624669271513
55.56,0,322.416250596771,0.0747375877943188,0.855033996171223,0.46438175152016,0.218122862966749
55.57,0,323.058020337977,0.0756081120643976,0.849258567515264,0.464870319334697,0.212498882995373
55.58,0,323.698419357048,0.0755248436924974,0.853153681123678,0.467306888024926,0.215484184345076
55.59,0,324.337445403246,0.0736825415529682,0.849787592893681,0.4659946964728,0.214566575611984
55.6,0,324.975098346555,0.0741715676074055,0.852040226651102,0.465088963500691,0.213492947074018
55.61,0,325.611380204756,0.0756424881943927,0.852561149633819,0.464704543251846,0.215925236875646
55.62,0,326.246295169622,0.0733958426448934,0.853141058435424,0.461534731003065,0.216162704061234
55.63,0,326.879849632203,0.0722685371949911,0.852478850090337,0.46084892428001,0.212204894048483
55.64,0,327.512052207204,0.0738308734369244,0.851349320385694,0.462924987420265,0.215843203589648
55.65,0,328.142913756423,0.0719124709219252,0.850624085303357,0.463029979164616,0.217923566346082
55.66,0,328.772447411265,0.0736471794106991,0.84961115856097,0.463123527146462,0.216327220316631
55.67,0,329.4006685943,0.0715789874541704,0.850123243713606,0.460051562645076,0.214059625339652
55.68,0,330.027595039857,0.0725933088205931,0.848711394939623,0.460275817338617,0.213401583119836
55.69,0,330.65324681367,0.0698845171441694,0.846764492187298,0.461856050105509,0.216309046241448
55.7,0,331.277646331522,0.0712340665973132,0.84945446032955,0.459697778146539,0.217025513686033
55.71,0,331.900818376934,0.0712325566665776,0.848069095089205,0.460221170985116,0.214597122712456
55.72,0,332.522790117847,0.071327179547353,0.848820524485583,0.458386187317276,0.215237819256691
55.73,0,333.143591122325,0.068573840857877,0.847989627793041,0.458324324975741,0.215304591712474
55.74,0,333.763253373254,0.0694751821797669,0.848106570307902,0.45916393315513,0.215591109237071
55.75,0,334.381811282044,0.068787319447509,0.845849720252804,0.459467576860758,0.214790131954174
55.76,0,334.999301701331,0.0698066982620608,0.845589787749233,0.45667284977509,0.214160802099586
55.77,0,335.615763936673,0.0674118551301691,0.844628197135488,0.459657885508244,0.217976676784799
55.78,0,336.231239757251,0.0694478221795321,0.843532650744438,0.456124666917889,0.214047588363493
55.79,0,336.845773405555,0.0669865712578711,0.84456031077104,0.459354548153202,0.214747335191546
55.8,0,337.459411606081,0.0656701206162327,0.845774282860525,0.45628465446225,0.210561281877819
55.81,0,338.072203573029,0.0690601460417974,0.844558615871721,0.454615864500438,0.213884162047855
55.82,0,338.684201016997,0.0650502412450729,0.842595627218569,0.456019351309818,0.214665941274047
55.83,0,339.295458150698,0.0656917514258037,0.84598022170103,0.455362578395465,0.216390067497722
55.84,0,339.906031693685,0.0656731679475191,0.84251038715015,0.456079977209154,0.215553528911649
55.85,0,340.515980876098,0.0669377553624982,0.839961226932673,0.457239115090998,0.2144866650555
55.86,0,341.12536744144,0.063370222351006,0.841451970884729,0.457878732616929,0.214183106180347
55.87,0,341.734255648396,0.062653198727432,0.842384249181337,0.452616056484124,0.215038227058105
55.88,0,342.342712271686,0.0623611773431973,0.843460207892644,0.456211857814176,0.214507163544576
55.89,0,342.950806601984,0.0630962818649517,0.840860656450605,0.453486094914856,0.216279860895828
55.9,0,343.558610444898,0.064319052995182,0.837883323381753,0.453204415732826,0.212309551739571
55.91,0,344.166198119026,0.0606765837881985,0.842749954449834,0.453171408430793,0.212921791531231
55.92,0,344.773646453103,0.0625295876766812,0.839432274634556,0.451155220849156,0.215260905430765
55.93,0,345.381034782254,0.0617388843141481,0.840889383494047,0.455408175718037,0.216023178588181
55.94,0,345.988444943356,0.0604692203682698,0.842067430023283,0.455202497332504,0.215017711917509
55.95,0,346.595961269531,0.0608634937159661,0.840510459101301,0.451633570738389,0.213078319640244
55.96,0,347.203670583795,0.0612130435856359,0.841486570398975,0.45349493284062,0.214993381987645
55.97,0,347.811662191848,0.061734695664337,0.838093327256139,0.451144243765738,0.215687036809735
55.98,0,348.420027874063,0.0620494656756492,0.838888014715129,0.450394417918193,0.211801553713565
55.99,0,349.028861876655,0.0621945060380765,0.83846207096981,0.449233002132632,0.215663916618455
56,0,349.638260902066,0.0593169670153834,0.837539528155873,0.453597680615966,0.212910835890778
56.01,0,350.248324098583,0.0571837173378077,0.838537918776788,0.449399431314218,0.215218270060578
56.02,0,350.8591530492,0.0586066191429033,0.838126141905217,0.450659820089086,0.214949004191136
56.03,0,351.470851759758,0.0573477443687032,0.839317300173418,0.449749271974904,0.212411203316927
56.04,0,352.083526646359,0.0581451788920586,0.83620510782543,0.451784837051881,0.214677627844868
56.05,0,352.6972865221,0.0592481039113118,0.837363617684659,0.448833425114245,0.212149815175495
56.06,0,353.312242583131,0.0580281494845975,0.835541526004089,0.448677456360289,0.217383212921055
56.07,0,353.928508394068,0.0547209820455374,0.837003450771051,0.44846411747938,0.21393695359934
56.08,0,354.546199872769,0.0567539760497016,0.837383381557444,0.447915466551757,0.215856621365844
56.09,0,355.165435274511,0.055845917116837,0.832673593768073,0.448675701799169,0.214705963018346
56.1,0,355.786335175579,0.0584807932366412,0.834512359565976,0.446120681662932,0.214362723255428
56.11,0,356.409022456298,0.0527319665257092,0.83490023527884,0.448020664994999,0.2139858153012
56.12,0,357.033622283515,0.0547156900377471,0.835153457156943,0.446840228667843,0.213648544116454
56.13,0,357.660262092577,0.05592999838357,0.830667086600298,0.444906809373671,0.217302639763673
56.14,0,358.289071568806,0.053381152644572,0.8356133915558,0.450400342123864,0.213584868626807
56.15,0,358.920182628509,0.0547726616805774,0.832716782902334,0.446056316991184,0.21692364375974
56.16,0,359.553729399537,0.0524420798702089,0.831335479261173,0.448211906056278,0.21421956036755
56.17,0,360.189848201424,0.0513543273653112,0.831123044934877,0.446015943426932,0.218323288794696
56.18,0,360.828677525121,0.0526317944117065,0.83047520744682,0.446639658189184,0.213067407421811
56.19,0,361.470358012359,0.0528085009656289,0.833348406581328,0.447830704816859,0.212909755830289
56.2,0,362.115032434654,0.0514652571172253,0.833915925558104,0.443842488932979,0.21623773374549
56.21,0,362.762845671982,0.0525092201048142,0.833585485342439,0.443329101492044,0.214406044980671
56.22,0,363.413944691151,0.052017843096513,0.831999767973237,0.443830049556538,0.214106459884673
56.23,0,364.068478523884,0.0510842268383666,0.831702168962994,0.443371954944004,0.214455087510087
56.24,0,364.726598244647,0.0524625182301329,0.831431655601531,0.443319676380948,0.214199394287464
56.25,0,365.388456948235,0.0498863970744676,0.830182213317385,0.44418819296839,0.214354069593705
56.26,0,366.054209727147,0.0523162242652842,0.831162790465284,0.445857803761445,0.213462440903012
56.27,0,366.724013648764,0.0458861564424357,0.832582808289763,0.44313856547824,0.215421091353869
56.28,0,367.398027732361,0.049192707854176,0.82849211556102,0.444021171915457,0.21679762984226
56.29,0,368.076412925969,0.0471432613113354,0.831358627592422,0.44359177927464,0.212435805686534
56.3,0,368.759332083113,0.0491367698678944,0.827079753557763,0.443393773612017,0.214943110076726
56.31,0,369.44694993944,0.0491049487414466,0.829912898993244,0.44258609136225,0.215788251017771
56.32,0,370.139433089266,0.0484715319174787,0.830895866257646,0.443840709853689,0.215380147382661
56.33,0,370.836949962062,0.0470550989780986,0.827570558860668,0.442353702680074,0.213489797223286
56.34,0,371.539670798893,0.0466428850354598,0.829545539082183,0.443579713278358,0.215400148364875
56.35,0,372.247767628834,0.0450734103678726,0.830911944597603,0.439689626858723,0.214807457678628
56.36,0,372.961414245383,0.0469931245645041,0.826639288366928,0.442512229663288,0.216727652548446
56.37,0,373.680786182889,0.0468262120520654,0.824467145255682,0.4423701302156,0.214722104875592
56.38,0,374.406060693012,0.0465484530955979,0.829648103797259,0.44159943750082,0.213700414468521
56.39,0,375.137416721236,0.0447377588232667,0.829429990131038,0.439151205542562,0.213120610132316
56.4,0,375.875034883445,0.0447467315580312,0.826112760294823,0.440221808271857,0.213590329173374
56.41,0,376.619097442597,0.045832730909117,0.828419921249309,0.439809647365002,0.215483138152699
56.42,0,377.369788285482,0.0412203802272278,0.824801444266951,0.439550968361718,0.214005362885615
56.43,0,378.12729289961,0.0425606684879697,0.828247285945715,0.438664596815875,0.215021606193257
56.44,0,378.891798350229,0.0414616096387889,0.827858697344588,0.436819175356077,0.213741454893305
56.45,0,379.663493257485,0.0432048893550514,0.826082109559254,0.440831437359971,0.214177023772487
56.46,0,380.442567773748,0.0416624282423689,0.824841472966302,0.438514000279726,0.215122854849774
56.47,0,381.229213561112,0.0410835693416963,0.826216586281216,0.438640506231584,0.214775452945928
56.48,0,382.023623769071,0.0403352397869821,0.824752217265905,0.440268591435886,0.214415412809618
56.49,0,382.825993012413,0.04072522105818,0.825070260894667,0.440876773616044,0.214301147856295
56.5,0,383.636517349304,0.0412846722152962,0.823539157395458,0.440946438518603,0.21357954606409
56.51,0,384.455394259604,0.038733216911723,0.82354803923446,0.43767738525899,0.216259907468461
56.52,0,385.282822623412,0.0406891753138566,0.823562394800008,0.438172684593329,0.215405641562681
56.53,0,386.119002699845,0.039538981016121,0.826313581412897,0.435412917256122,0.216011155683748
56.54,0,386.964136106073,0.0425189276483948,0.823900517475454,0.436035377947045,0.216404663575656
56.55,0,387.818425796603,0.03763537156401,0.825054842505378,0.438022172368907,0.21452051982826
56.56,0,388.682076042833,0.0367607436255285,0.822305057804724,0.435806908427942,0.215868580112335
56.57,0,389.555292412868,0.0370619048281431,0.824669175184048,0.436553365585464,0.215418111206695
56.58,0,390.438281751623,0.0379570384988414,0.824185127213801,0.436625788663524,0.217023043915558
56.59,0,391.331252161194,0.0371360069207576,0.822295414588041,0.43751893928263,0.214445884108845
56.6,0,392.234412981521,0.0355476439282034,0.823554821925401,0.434959045351422,0.213500568102283
56.61,0,393.147974771347,0.0359593593019419,0.82239154483122,0.435326204545825,0.215534450514094
56.62,0,394.072149289451,0.0363151568212147,0.823725796712009,0.438300803783747,0.214521862230594
56.63,0,395.007149476194,0.038266510998905,0.822314624015852,0.435208473245417,0.211368727924458
56.64,0,395.953189435353,0.035678929246716,0.820770637094542,0.434079798526994,0.214524768402817
56.65,0,396.910484416253,0.0313377685675126,0.821485396804127,0.435501995985481,0.213950606107651
56.66,0,397.879250796194,0.0333199423300343,0.822204574361486,0.436377818237487,0.211837713551969
56.67,0,398.859706063181,0.0314732642099517,0.823939984488752,0.436447157178632,0.214438536092983
56.68,0,399.852068798949,0.0321906713407332,0.823153662300405,0.434370028138597,0.213455220990298
56.69,0,400.856558662283,0.0287942333499757,0.822533706410357,0.433098115567896,0.216067239491532
56.7,0,401.873396372625,0.0319175783717405,0.82113219755007,0.432232679351862,0.214061843854066
56.71,0,402.902803693984,0.0303792707233253,0.817839125892205,0.433815713411832,0.215803140270592
56.72,0,403.945003419117,0.0297979197878638,0.81889676590869,0.431373310796571,0.21876332231431
56.73,0,405.000219354006,0.0307636487888006,0.819378432301342,0.433174666519435,0.216559858332054
56.74,0,406.068676302606,0.0285987596460449,0.818485900080028,0.43526621496818,0.216270659127842
56.75,0,407.150600051865,0.0317369888945758,0.817608475977705,0.432165854052211,0.213653305597192
56.76,0,408.246217357015,0.0292879929563239,0.817425824364958,0.433282111097189,0.216578152270424
56.77,0,409.355755927126,0.0263247238587862,0.81821987397566,0.428188966913553,0.212681316991326
56.78,0,410.479444410904,0.0273489920887362,0.819728748136553,0.431645599622589,0.215057854662949
56.79,0,411.617512382744,0.030760808405035,0.818783055594327,0.429726973065169,0.216033947700394
56.8,0,412.770190329022,0.0287221284441562,0.821430929059408,0.432573908589917,0.215767551145521
56.81,0,413.937709634614,0.0264216215021462,0.818607223381986,0.430340993842976,0.213209887283475
56.82,0,415.120302569638,0.0239311318385019,0.816800047308524,0.429278526591775,0.213730741864174
56.83,0,416.318202276408,0.0250971301523198,0.81833869802228,0.431347934763338,0.214521488732071
56.84,0,417.531642756595,0.02249827167758,0.817823427391048,0.429431960715681,0.21631326985202
56.85,0,418.760858858574,0.0252361464376235,0.816505467324025,0.429165361628702,0.214794320415138
56.86,0,420.006086264959,0.0219852358875232,0.817831823076929,0.427192433679242,0.214684025218728
56.87,0,421.267561480309,0.023047640014714,0.818445754611037,0.427775815181571,0.214113035872842
56.88,0,422.545521818993,0.021021547209737,0.817544875348322,0.428659927814804,0.215529228653627
56.89,0,423.840205393202,0.0194174121196,0.818639501477321,0.430768522090064,0.213552020434694
56.9,0,425.151851101108,0.0184371112476918,0.818713532951531,0.43168586120914,0.215558345960799
56.91,0,426.480698615131,0.017974773692398,0.816565925630171,0.42801422217426,0.217382551229076
56.92,0,427.82698837034,0.0195529475876559,0.817033345331363,0.429067264595166,0.216639712675399
56.93,0,429.190961552934,0.0175078302506132,0.81459930847208,0.428652509553403,0.215432882559476
56.94,0,430.572860088828,0.0191390238705671,0.816953491721643,0.426881671379609,0.215795665177786
56.95,0,431.972926632297,0.0161549150735589,0.816295936470043,0.428178393253159,0.214078148431033
56.96,0,433.391404554699,0.0165414872033097,0.815868628721032,0.427936609304442,0.214568882031397
56.97,0,434.828537933228,0.0191670378882502,0.817740833398848,0.425823366003425,0.214401497581481
56.98,0,436.284571539717,0.0170068315972131,0.81258326863298,0.427932336610431,0.21749718324828
56.99,0,437.759750829451,0.0159581970822917,0.814838930233498,0.427009877072256,0.21504641138595
57,0,439.254321929991,0.0158092867330728,0.815423752591689,0.425806948956561,0.215263631529615
57.01,0,440.768531629997,0.0143300154476197,0.816613272802626,0.42199446462717,0.215798602625619
57.02,0,442.302627368016,0.0132553802662553,0.81446290915835,0.425013030981135,0.213933426037906
57.03,0,443.856857221257,0.0117457059316244,0.814098303219832,0.426006236198468,0.215076759046831
57.04,0,445.431469894295,0.0112418844902305,0.814467516980075,0.426209281096948,0.212906719166741
57.05,0,447.026714707734,0.0115613127731599,0.815192770833644,0.42344716108597,0.215522001207398
57.06,0,448.642841586779,0.0116035403071554,0.813940376892918,0.422425927232821,0.216364963695962
57.07,0,450.28010104973,0.00663998489805233,0.817425713267471,0.426796394952643,0.215768954823928
57.08,0,451.938744196365,0.00868841724480838,0.814798817231995,0.423198976505968,0.216064880039054
57.09,0,453.595419812797,0.00969193722788683,0.813635452584813,0.423811780097171,0.215080699114376
57.1,0,455.074710486705,0.00852778025176036,0.815093460439539,0.42146891250272,0.214781163330519
57.11,0,456.468398933423,0.00483051355529147,0.812939063377611,0.420473521328074,0.212158704713011
57.12,0,457.855936214001,0.00914280497903736,0.813844330788362,0.42616258909918,0.216954628705383
57.13,0,459.101507818056,0.00590892410864043,0.813088117282781,0.423607641849852,0.213662703886107
57.14,0,460.115066637985,0.00574711940442993,0.814527776746109,0.422454896809631,0.214259979316905
57.15,0,461.07101244837,0.00726625345824589,0.814024806572862,0.421019295545577,0.21604618655344
57.16,0,462.023840457349,0.00452025081076064,0.813544774101428,0.42287630388585,0.213661401152134
57.17,0,462.956187923967,0.00376933137653913,0.813349180758721,0.420194922367832,0.214833128525155
57.18,0,463.887265137508,0.00258137180417447,0.812415715014978,0.420386852396225,0.215194418112952
57.19,0,464.831777718782,0.00466367517281459,0.814641496985699,0.418930933792906,0.212380959810637
57.2,0,465.790760901745,0.00548411770446316,0.813336132587068,0.421951512641814,0.214543510502142
57.21,0,466.763448311874,0.000594817159651552,0.812118287205895,0.421197067706351,0.213680979886267
57.22,0,467.753253408662,0.00208088993788381,0.815330695765657,0.417174304532423,0.216034617857097
57.23,0,468.760764054191,0.00258395680691685,0.813828103247905,0.421935857531281,0.215945550992248
57.24,0,469.781756978668,0.0031135519342793,0.813618138664485,0.420523686851293,0.215956639222774
57.25,0,470.818817709446,0.00215353985742414,0.816695634722927,0.417680473560288,0.214354009893264
57.26,0,471.87415276712,0.000881842800293667,0.812173378712286,0.419153544071279,0.214937963975878
57.27,0,472.944731158402,0.00168356524425532,0.81279989680379,0.419072202115818,0.215677706364183
57.28,0,474.028564238248,0.000409479202939391,0.812928842935122,0.419250575713869,0.213664075755554
57.29,0,475.129874783209,0,0.813084280261668,0.415741781545179,0.215372265978061
57.3,0,475.897833283752,0,0.81231643067924,0.415080450262082,0.213715936893933
57.31,0,476.063247218296,0.000166853301099202,0.811069362726222,0.417347187178194,0.21584674674815
57.32,0,476.231068181882,0.000244497226324986,0.814718382872206,0.419337510060018,0.214412068767729
57.33,0,476.401293128259,0.00113078631906148,0.81333925357796,0.414986208772001,0.214279372580375
57.34,0,476.573918524012,0.000569882326636921,0.812134644846281,0.415023797522938,0.213583428298187
57.35,0,476.748940350978,0.000417718403977515,0.811240834057895,0.414055709063167,0.215981140962449
57.36,0,476.926354108861,0.000697764531610808,0.81336491082208,0.417713298501783,0.217438338310967
57.37,0,477.106154818043,0.00402986530280513,0.812496462867604,0.416744547972776,0.215749803101745
57.38,0,477.288337022567,0.00210837529523201,0.810244639630893,0.414926592012889,0.214239878011558
57.39,0,477.47289479332,0,0.81439557363908,0.413369137872785,0.21816220000509
57.4,0,477.659821731395,0,0.810816929811414,0.412163694425653,0.216061330725861
57.41,0,477.849110971633,0.000668822957989071,0.810949093906701,0.414051566792323,0.213159387298824
57.42,0,478.040755186346,0,0.81255755246616,0.414196391125343,0.213792107799039
57.43,0,478.234746589217,0.00184527798406423,0.812700620806901,0.415169332238626,0.216580283560918
57.44,0,478.431076939377,0,0.812645976484396,0.414763538583148,0.21714452987236
57.45,0,478.629737545647,0.000240305458614521,0.811607494581436,0.410579131527581,0.214739262299634
57.46,0,478.83071927096,0.00229486045957744,0.813863337897514,0.410434710135011,0.215905314079138
57.47,0,479.034012536939,0,0.810918976632002,0.41210890519085,0.214755826247091
57.48,0,479.239607328645,0.00190988806019283,0.813555352007195,0.409507083703248,0.218072204818089
57.49,0,479.447493199489,0,0.808624877564525,0.412138901708786,0.213646915512489
57.5,0,479.657659276292,0,0.814857499931528,0.409470768607902,0.215510658297176
57.51,0,479.870094264513,0,0.811079102268938,0.409837520938596,0.216514805101585
57.52,0,480.084786453619,0,0.813028435233652,0.408364762411536,0.215220541699524
57.53,0,480.301723722606,0.00164260827236602,0.810792565661388,0.407771261072102,0.214259391020049
57.54,0,480.520893545672,0,0.811441443911189,0.410379453509945,0.217035177519011
57.55,0,480.742282998024,0,0.813390168825031,0.410253625244927,0.215589454808632
57.56,0,480.965878761832,0.00155147826619411,0.812451101827479,0.409896380090204,0.213701210859324
57.57,0,481.19166713231,0,0.813543668443782,0.404101382246162,0.212536282717068
57.58,0,481.419634023938,0,0.812766426374107,0.404605773183999,0.215451177994428
57.59,0,481.649764976807,0.00149409150520585,0.813618875255901,0.410857964457194,0.213482666781631
57.6,0,481.882045163092,0.000592386543598507,0.81087462089804,0.404698057591335,0.215037280019807
57.61,0,482.116459393647,0,0.815348564694737,0.405125485701224,0.212931497829669
57.62,0,482.352992124714,0.000820669527641206,0.81257976660274,0.406576999224539,0.215953472631446
57.63,0,482.591627464752,0,0.811622020921385,0.40454374723748,0.214762432266399
57.64,0,482.832349181371,0.0015791067885225,0.81133353725785,0.40647663719872,0.211266477559427
57.65,0,483.075140708379,0,0.814401643764196,0.402508614953651,0.214481433905754
57.66,0,483.319985152927,0.00114482908010006,0.812114367179364,0.403992617505826,0.214812748486088
57.67,0,483.566865302754,0.00186884745882346,0.81141958715869,0.404625426308182,0.213093440640477
57.68,0,483.81576363353,0,0.810523130107971,0.402910544253377,0.216175081405773
57.69,0,484.066662316286,0,0.816521584003689,0.403093610193884,0.213586846957071
57.7,0,484.319543224938,0.00107142020667309,0.811494320847629,0.402020570679246,0.215609042631628
57.71,0,484.574387943887,0,0.811180303159031,0.40213767968763,0.215279062545652
57.72,0,484.831177775705,0.00111769474422142,0.813623200805028,0.40173447681017,0.214893287599011
57.73,0,485.089893748895,0,0.813695843101088,0.399983288203534,0.21673566212338
57.74,0,485.350516625716,0.000218917633909778,0.811444265333279,0.40208018723895,0.21306361450102
57.75,0,485.613026910091,0.000104119799697358,0.814066252948665,0.401253831325569,0.213458630178635
57.76,0,485.87740485556,0,0.814715828825899,0.399667443568331,0.215285630113181
57.77,0,486.143630473309,0,0.814248512104693,0.402548000686119,0.213601322875397
57.78,0,486.411683540244,0.00184063789162347,0.812615310362992,0.399308672555347,0.216884445427285
57.79,0,486.681543607123,0,0.813850046853505,0.400016922988813,0.212667401139946
57.8,0,486.95319000673,0,0.812531034741636,0.400202577872135,0.213287750437049
57.81,0,487.2266018621,0.00328491894846041,0.813281862803974,0.397215914098942,0.217051325789581
57.82,0,487.501758094776,0.000855202004210294,0.812459613193785,0.398303214922045,0.212210518935061
57.83,0,487.778637433109,0.00180162842151378,0.813114744065712,0.397285463207357,0.214449667257425
57.84,0,488.057218420585,0,0.812944690359033,0.397555628886835,0.21368354098159
57.85,0,488.337479424178,0.000600495421837624,0.812723991159294,0.394529258933693,0.211904046227095
57.86,0,488.619398642735,2.80632069770004e-05,0.813550527567524,0.398787184907781,0.215487743218559
57.87,0,488.902954115374,0,0.814823811866132,0.397043261719138,0.213769247464274
57.88,0,489.188123729898,0,0.812004922104509,0.393709144526362,0.211963326317046
57.89,0,489.474885231226,0.00134584970807888,0.812334299960512,0.395121813741768,0.216482393048577
57.9,0,489.763216229828,0.000921334524390113,0.814419953792799,0.394903097663949,0.214362687219757
57.91,0,490.053094210168,0,0.814600720476268,0.395941687588654,0.217262448324936
57.92,0,490.344496539141,0.00129170767651079,0.816354161099169,0.392963163854492,0.215683979063623
57.93,0,490.637400474519,0.000332151278105191,0.814562638881885,0.395484010754528,0.214692905249918
57.94,0,490.931783173373,0,0.813589649625058,0.394685885624887,0.215581016503066
57.95,0,491.227621700506,0,0.819343572211597,0.392929565206622,0.215682152563438
57.96,0,491.524893036847,0,0.816284553311267,0.394268550870749,0.213327001453216
57.97,0,491.823574087853,0,0.814012537108581,0.392639119544756,0.215125099735992
57.98,0,492.123641691865,0.00062743138860842,0.816804486088923,0.391673806346169,0.212975769257686
57.99,0,492.42507262846,0,0.815229569432237,0.392283257656607,0.215954546980639
58,0,492.727843626759,0,0.816825045895042,0.392959379115314,0.214211554605687
58.01,0,493.031931373711,0,0.814802084075959,0.390104125313925,0.215464384157949
58.02,0,493.337312522341,0,0.810337548309891,0.389673774115296,0.213594350088759
58.03,0,493.643963699955,0,0.817301944209838,0.390495193624764,0.211734044581982
58.04,0,493.951861516308,0.000406054787061354,0.815045329477837,0.389106907447191,0.213300873133714
58.05,0,494.260982571721,6.44958749841178e-05,0.818171441261172,0.390674403546283,0.215188985108731
58.06,0,494.571303465157,0.000986028862217955,0.816395003395373,0.387737472946207,0.214685036159821
58.07,0,494.882800802235,0.00247206316281361,0.816314593462666,0.389195209331456,0.214990370721076
58.08,0,495.195451203199,0.00100712747485692,0.817630368527584,0.386218026997997,0.216019956834953
58.09,0,495.509231310819,0.000149566965404456,0.816060253270331,0.388809216064307,0.215160302734269
58.1,0,495.824117798241,0,0.815220571453919,0.388972795928449,0.213358830177347
58.11,0,496.140087376765,0.000620537532226175,0.817091229488472,0.387208307958316,0.213912670772845
58.12,0,496.457116803558,0,0.816767393751556,0.387439351304229,0.216238485821826
58.13,0,496.775182889298,0.00225815050206677,0.817490573813426,0.385242424042665,0.214826569292401
58.14,0,497.094262505745,0,0.819357010288614,0.387893494478157,0.214046098438704
58.15,0,497.414332593236,0,0.818492219736044,0.383146405653604,0.214181999269534
58.16,0,497.7353701681,0.000288647937839565,0.819724370962336,0.385415574877063,0.215362764555309
58.17,0,498.057352329996,0,0.819277679667158,0.386167778917138,0.215424267411983
58.18,0,498.380256269163,0.000412610713867005,0.817349228285466,0.384106278722803,0.213940301031367
58.19,0,498.704059273586,0,0.819054557401537,0.380537039259299,0.215249983354501
58.2,0,499.028738736074,0.00200444558769449,0.817446718774983,0.382021722695988,0.214289745592747
58.21,0,499.354272161246,0,0.819403713031777,0.382718119638866,0.214517553237878
58.22,0,499.680637172423,0.001703082857733,0.818300296850297,0.382760164954322,0.214250025318866
58.23,0,500.007811518428,0,0.818110743719854,0.381089277417487,0.214879844480206
58.24,0,500.335773080279,0.00323341067563847,0.819478505691342,0.38435490821264,0.215888543799711
58.25,0,500.664499877794,0,0.819897699643357,0.381211242884546,0.217630795848969
58.26,0,500.993970076085,0,0.821865591421679,0.379207453912252,0.215664843227987
58.27,0,501.324161991952,0.000152690500144073,0.818234486444488,0.380424070522363,0.214719757534019
58.28,0,501.655054100168,0.000724749366052673,0.821056052807597,0.381338795349847,0.216955042882256
58.29,0,501.986625039656,0,0.821607357686213,0.382122035811304,0.215330152629199
58.3,0,502.31885361956,0,0.819485011093522,0.379233126729982,0.213916282268671
58.31,0,502.651718825197,0.000682703842230332,0.82157074388712,0.378424138154963,0.214878303574085
58.32,0,502.985199823904,0,0.821182161269667,0.378521484203545,0.217649868793856
58.33,0,503.319275970759,0,0.821340939063794,0.37784971871262,0.215946296686779
58.34,0,503.653926814199,0.00209759997577177,0.817666075885673,0.378515134875499,0.214253777916679
58.35,0,503.989132101503,0,0.821156969094977,0.377528877990483,0.213298937235113
58.36,0,504.324871784169,0,0.821625997238208,0.375908047746987,0.214125535295691
58.37,0,504.661126023163,0.00191511929232275,0.821052224026013,0.377279436585735,0.214980048873646
58.38,0,504.997875194043,0,0.822602436964854,0.377236204694115,0.213966894168758
58.39,0,505.335099891965,0,0.82152103772958,0.375436057571812,0.215216949242289
58.4,0,505.672780936562,0,0.823649574346906,0.372877656331845,0.212404272804576
58.41,0,506.010899376689,0.00091218739416142,0.821173492909747,0.374807045870455,0.214797053728981
58.42,0,506.34943649505,0.00228442410170534,0.819777056918257,0.373778201005701,0.213983781353886
58.43,0,506.688373812692,0,0.820785405587018,0.373819651486665,0.216218361026792
58.44,0,507.027693093367,0.000227686272203999,0.82376732547805,0.373559734484503,0.215368876493244
58.45,0,507.367376347768,0,0.821440361919724,0.373670637922651,0.214002155966862
58.46,0,507.707405837627,0.00202912932903329,0.824617728614343,0.372071974932131,0.216597015194995
58.47,0,508.047764079686,0.000745172915004138,0.82278965258259,0.370170487268501,0.216502928851759
58.48,0,508.388433849533,0,0.82409337319932,0.371201914674763,0.214000180350851
58.49,0,508.729398185302,3.31264300193828e-05,0.824540183909625,0.370494044356489,0.215521795949246
58.5,0,509.070640391237,0.000491223788300785,0.823756413977562,0.372996963072111,0.212241253932689
58.51,0,509.412144041129,0.00239018565783677,0.822660149833854,0.369787541319106,0.215781536653189
58.52,0,509.753892981603,0.000756694135168235,0.826967571061432,0.373676660476402,0.214550549124968
58.53,0,510.095871335286,0.00170717895529352,0.825932825084006,0.372383370587588,0.217101842308064
58.54,0,510.438063503816,0,0.826475236914739,0.371198060179896,0.216029971795975
58.55,0,510.78045417074,0,0.825660065098375,0.369833851359376,0.213204015117918
58.56,0,511.123028304248,0,0.826289159310158,0.370605429807627,0.215594918591466
58.57,0,511.465771159788,0.0015993294482763,0.82816739365586,0.366372771746543,0.214056273094094
58.58,0,511.808668282536,0.000160492492955365,0.828553246891493,0.368374890268314,0.215683894676337
58.59,0,512.151705509724,0.000866179575873608,0.827066658152932,0.36918294691746,0.213024885204533
58.6,0,512.494868972837,0,0.826607242390942,0.367232556414865,0.215050782457546
58.61,0,512.838145099665,0,0.827288488348264,0.366759946644715,0.214313694020606
58.62,0,513.181520616221,0.000541220579545447,0.827511826595482,0.364019112250299,0.213936260288769
58.63,0,513.524982548515,0.000401862658786156,0.826115856674189,0.364741259139851,0.215443125460594
58.64,0,513.868518224197,0.00102313008973705,0.825663681653653,0.366982036823551,0.216616092034704
58.65,0,514.212115274055,0,0.825411850559249,0.365912100093948,0.214862871250236
58.66,0,514.555761633377,0,0.82802317574808,0.366432112534937,0.214322760347024
58.67,0,514.899445543176,0.000919401330420117,0.827947173624183,0.367029650829291,0.214387478458059
58.68,0,515.243155551278,0,0.832438189734734,0.363914097551545,0.214327224432889
58.69,0,515.586880513268,0.00027536494705865,0.83100197056298,0.365450021754628,0.215217312610692
58.7,0,515.930609593305,0.00140194925327095,0.83006137133612,0.363309123487176,0.215054277152508
58.71,0,516.274332264797,0,0.829589063767086,0.362726641982058,0.214755882765953
58.72,0,516.61803831094,3.47625068936464e-05,0.830169209022558,0.362719934233131,0.214111962769409
58.73,0,516.961717825124,0,0.829052588597832,0.3631349918107,0.214902681035308
58.74,0,517.305361211198,0.00105107695007316,0.830916059604072,0.366277359705525,0.215056122740028
58.75,0,517.648959183611,0.000406075014746955,0.830918441159002,0.361688805007902,0.216139494257845
58.76,0,517.992502767407,0,0.831418466486549,0.364394444604757,0.215829960506406
58.77,0,518.335983298097,0,0.832698333499893,0.362146024870644,0.215051050794842
58.78,0,518.679392421392,0.00118072026033111,0.829889128299686,0.359215573750338,0.214473351600884
58.79,0,519.022722092812,0.000973072654439535,0.831454817514089,0.361893137687022,0.214818788294428
58.8,0,519.365964577153,0.000813331352628493,0.832572171338057,0.360493920110054,0.2151402285428
58.81,0,519.709112447834,0.00311581921846428,0.832699433792279,0.362497334866844,0.214482788491874
58.82,0,520.052158586115,0.000542471232199295,0.831262956857571,0.35926648655853,0.213248508088162
58.83,0,520.395096180178,0,0.835942037057858,0.35979018708844,0.214062540860854
58.84,0,520.737918724094,0,0.835822183730314,0.361873739100919,0.215029026028234
58.85,0,521.08062001665,0,0.834728938738047,0.361575614056896,0.21327432812285
58.86,0,521.423194160065,0.00154053036238477,0.832260971572689,0.357400063903617,0.214903807549505
58.87,0,521.765635558572,0,0.83416510813759,0.355876949071066,0.216196266659129
58.88,0,522.107938916882,0,0.83415833740738,0.360105299466917,0.211990949320987
58.89,0,522.450099238529,0,0.837297245461262,0.355641089862193,0.215859690280012
58.9,0,522.792111824087,0.000541298546604221,0.832443068370828,0.356898728320427,0.213730307631966
58.91,0,523.133972269277,0.00222765953106112,0.834289615972886,0.358719938345419,0.216257601299916
58.92,0,523.475676462951,0.00070580706898698,0.833798553146138,0.356621981660953,0.213965511166274
58.93,0,523.817220584964,0.000323909105706077,0.836801377852677,0.355996213397681,0.2154529226836
58.94,0,524.158601103923,0,0.834653464331663,0.356148524723434,0.216709346331684
58.95,0,524.499814774837,0.000276425979535206,0.835682655856627,0.355209669579382,0.214249707260274
58.96,0,524.840858636638,8.69088580378366e-06,0.839026866607689,0.355528850993359,0.215427423064163
58.97,0,525.181730009605,0.00120849936415906,0.835971044826661,0.357368313910388,0.215018668321044
58.98,0,525.522426492675,0,0.837357068243737,0.356674985994455,0.215642262135611
58.99,0,525.862945960641,0.000401584207638753,0.838561815591418,0.353619847811439,0.216784173691137
59,0,526.203286561255,0,0.839555255878119,0.354089283181572,0.215372763403358
59.01,0,526.543446712217,0,0.838027575494873,0.353852129427452,0.213089657271379
59.02,0,526.883425098066,0,0.838379861606919,0.351767472090409,0.217233110091743
59.03,0,527.223220666971,0,0.842199967395965,0.353118345989131,0.214091346070214
59.04,0,527.562832627422,0.000479532548939144,0.838883363440454,0.354316338102967,0.21387180476329
59.05,0,527.902260444819,0.00152034937807331,0.839413716430897,0.353384987947088,0.215799163364075
59.06,0,528.241503837977,0,0.838974905075287,0.354391598729526,0.215849938092077
59.07,0,528.580562775522,0,0.84228454780846,0.3519332681447,0.214712327691324
59.08,0,528.919437472209,9.41148506364061e-05,0.841691119178999,0.35200629398751,0.214369356977052
59.09,0,529.258128385139,0.00131634448702848,0.840650274822627,0.351640954117275,0.21369825848538
59.1,0,529.596636209896,0,0.843629965567838,0.351027941131192,0.21604488123362
59.11,0,529.934961876593,0,0.84284478755019,0.352042333599983,0.213386082437139
59.12,0,530.273106545833,0.000249699426857015,0.840451523736863,0.348448352349482,0.214320213741783
59.13,0,530.611071604593,0,0.841460739693954,0.353682272715683,0.215371216488094
59.14,0,530.948858662019,0,0.843191830227008,0.349745023224225,0.216461603215715
59.15,0,531.286469545155,0,0.840450257894218,0.349975125434793,0.212771633497725
59.16,0,531.623906294577,0,0.843440717368971,0.348574810750684,0.215229339312474
59.17,0,531.961171159974,0.00130586905066595,0.843641336940492,0.350039659038624,0.212889175695592
59.18,0,532.298266595641,0.000844914137385045,0.845745202546022,0.351652879600555,0.214520626516059
59.19,0,532.635195255907,0,0.843691818150239,0.350482487136129,0.214935218520258
59.2,0,532.971959990497,0.00100527042426595,0.846055662188762,0.349264695505197,0.212620199961659
59.21,0,533.308563839825,0,0.846401571438588,0.345729217337576,0.215061146056528
59.22,0,533.645010030225,0.000447517707641842,0.843323468018984,0.347699165336273,0.215961265617174
59.23,0,533.981301969117,0,0.844287609126469,0.346434876796542,0.213552512486237
59.24,0,534.317443240121,0.00393200976121614,0.845979112325332,0.347854756283421,0.216333105134377
59.25,0,534.653437598103,0,0.847138261570212,0.346711052354392,0.213546072787555
59.26,0,534.989288964178,0,0.845328009506037,0.347007768840592,0.213354877992834
59.27,0,535.325001420647,0,0.846780878609932,0.347105403424337,0.217311756149142
59.28,0,535.660579205899,0,0.846353086169333,0.345964025421942,0.215098699961413
59.29,0,535.99602670925,0,0.847850760088706,0.345873321671533,0.215723174851768
59.3,0,536.331348465744,0,0.846417212619032,0.340987192461558,0.212975332600588
59.31,0,536.666549150911,0.000244645959751696,0.848673272678781,0.345741559230365,0.216923663733672
59.32,0,537.001633575477,0.0011492794267471,0.849217965598932,0.345139071468303,0.214852798030046
59.33,0,537.336606680045,0.000710666940244311,0.852414578406289,0.346345679822692,0.214421692725765
59.34,0,537.67147352973,0.00192218009399203,0.848735777524262,0.342041155142753,0.215145858750219
59.35,0,538.006239308761,0.000377617692817895,0.847858291500262,0.344862017472682,0.213925968742357
59.36,0,538.340909315059,0,0.85067838814911,0.341572102254981,0.213730250114235
59.37,0,538.675488954777,0,0.848416588240369,0.342720752267107,0.216083908666625
59.38,0,539.009983736812,0.00108014555459605,0.851767141997641,0.342593969068538,0.217211857230878
59.39,0,539.344399267301,0.000278058783948837,0.852424558731075,0.34261356642462,0.21715199181621
59.4,0,539.678741244085,0.000810817973393038,0.854081664898319,0.343757205779427,0.218967049151031
59.41,0,540.013015451156,0,0.853918486341069,0.342510480173401,0.214462972084597
59.42,0,540.347227753091,0,0.851604966292236,0.343272418644373,0.214102636380875
59.43,0,540.68138408946,0,0.854292690583627,0.342450981116276,0.215785841809012
59.44,0,541.015490469233,0,0.85422375303898,0.342379933110589,0.215667264462036
59.45,0,541.349552965167,0.00164377536661749,0.854698792121497,0.339531445322971,0.211679456860727
59.46,0,541.68357770819,0.00297316980471548,0.855797175844684,0.341218425908791,0.216305745552083
59.47,0,542.017570881777,0,0.856681801384625,0.340813251043424,0.215662326365055
59.48,0,542.351538716322,0.00195266214484934,0.85691208409607,0.342958257888561,0.211651713585159
59.49,0,542.685487483513,0.00352180404912311,0.857437671543277,0.339471854626039,0.217206567928156
59.5,0,543.019423490699,0,0.856705694458743,0.34064777330983,0.215232788298659
59.51,0,543.353353075273,0,0.85631227262939,0.342777541809129,0.216284109647742
59.52,0,543.687282599051,0,0.858477040021328,0.339016884676104,0.213438174309511
59.53,0,544.021218442666,0,0.856073131985532,0.339024540433034,0.213826138354429
59.54,0,544.355166999965,0,0.858865226191656,0.337514985530863,0.213553813067825
59.55,0,544.689134672431,0,0.858117119390157,0.339479877559875,0.213328808000077
59.56,0,545.023127863607,0.00172259983920135,0.859574651814104,0.337674497832037,0.21409484945895
59.57,0,545.357152973544,0,0.856352446274223,0.341525499173032,0.215620566867186
59.58,0,545.691216393277,0,0.85864842412136,0.33872113617472,0.212843420055925
59.59,0,546.025324499305,0.00109136050103744,0.860676980800223,0.336460735121272,0.21582499897912
59.6,0,546.359483648114,0,0.858021125511867,0.339274579442634,0.216407020450434
59.61,0,546.693700170716,0.000355246121138365,0.85970236746437,0.336801961158787,0.214788507734455
59.62,0,547.02798036722,0,0.860026805708499,0.334802283488869,0.21467124385269
59.63,0,547.362330501434,4.4015195704699e-05,0.860363466895955,0.336594427050215,0.215781494886589
59.64,0,547.696756795506,0.000933486164240416,0.860231538632696,0.334740391863496,0.217287121982719
59.65,0,548.031265424589,0.000550901461615635,0.861213715223074,0.33419718500317,0.216289125558575
59.66,0,548.365862511561,0.000781552486422882,0.861914919548623,0.335726917936206,0.215517595072817
59.67,0,548.700554121765,0,0.860582375810551,0.336500489954498,0.216034413934816
59.68,0,549.03534625781,0.00186000687861897,0.86295689522766,0.335028093413363,0.215080728112362
59.69,0,549.370244854407,0,0.862607865563183,0.333232447711405,0.214231840434467
59.7,0,549.705255773251,0,0.861711856358123,0.332771681174409,0.218051266151433
59.71,0,550.040384797956,0,0.864562240516413,0.332676540844486,0.212933031303029
59.72,0,550.375637629041,0,0.862370030812492,0.334867195283329,0.214130647131717
59.73,0,550.711019878962,0,0.86177704509599,0.336163595549231,0.216482687718387
59.74,0,551.046537067208,2.34394493723351e-05,0.864033846937413,0.331636661461974,0.216053083185836
59.75,0,551.382194615448,6.53599746749733e-05,0.866737397728604,0.332386252176023,0.216166104466682
59.76,0,551.71799784274,0.00221293076305796,0.864100110752528,0.3314379097427,0.215930367192951
59.77,0,552.053951960796,0.00303133480088136,0.865584925245848,0.329879464561406,0.216716672295197
59.78,0,552.390062069317,0,0.867841252232167,0.330992629404468,0.214200798267754
59.79,0,552.726333151385,0,0.868296182600288,0.329486785739579,0.213734094217441
59.8,0,553.062770068928,0,0.865718751086416,0.332601913448412,0.214087211697015
59.81,0,553.399377558249,0.000697319533039643,0.868141907681676,0.332827685431031,0.216378155016925
59.82,0,553.736160225623,0.000884184710702088,0.870201352572653,0.33131723454482,0.214300302629536
59.83,0,554.073122542975,0,0.866936342531763,0.332858714717477,0.214967021733742
59.84,0,554.410268843621,0,0.871336023047321,0.330722712143906,0.216380938145981
59.85,0,554.747603318088,0,0.867011547480259,0.328442456321742,0.215069169628554
59.86,0,555.085130010013,0.000951554951722435,0.871462953261431,0.329399211216326,0.216009539785132
59.87,0,555.422852812118,0,0.868568404823411,0.330810177720694,0.214316364647063
59.88,0,555.760775462266,0.00128760162815557,0.870908847738843,0.329938697988001,0.213466098763556
59.89,0,556.098901539594,0,0.866429951103648,0.329488559270636,0.215019901577401
59.9,0,556.437234460739,0,0.869959551713181,0.328280947317442,0.214958722622619
59.91,0,556.775777476138,0,0.872917003529148,0.327818718812662,0.215061147928904
59.92,0,557.114533666416,0.00216181821019577,0.870597998931728,0.329351934035715,0.211444133315822
59.93,0,557.453505938867,0.00103005834871186,0.873041664049114,0.328324259860963,0.214997771819903
59.94,0,557.792697024019,0,0.872731282986305,0.325398843490256,0.214031188793441
59.95,0,558.132109472287,0.0016158253697349,0.872686426772772,0.327948364655544,0.21482866707166
59.96,0,558.47174565072,0.00239834329072244,0.872103149812448,0.327934196623318,0.215143210891228
59.97,0,558.811607739839,0,0.872576437338586,0.328286656435515,0.216771241173674
59.98,0,559.151697730571,0,0.877457983013063,0.327513425186563,0.213958592718816
59.99,0,559.492017421272,0,0.8732251175714,0.326997182483153,0.214953646688534
60,0.1,559.83256841485,9.68509360249122e-05,0.875225016344562,0.325683256115248,0.213146918230846
60.01,0.1,560.173352115984,0,0.872913278732321,0.326848212887655,0.214505212898295
60.02,0.1,560.514369728439,0.000624693854376826,0.876800715573157,0.325222028230304,0.217431321726937
60.03,0.1,560.855622252478,0.000440541390255404,0.878080618446523,0.325867510711838,0.214222889975789
60.04,0.1,561.19711048238,0,0.875985278302474,0.324824562328787,0.215052173869102
60.05,0.1,561.538835004051,0,0.876261667779497,0.327083642894397,0.215715203792246
60.06,0.1,561.880796192737,0,0.876709850553475,0.323685355224637,0.215587043686998
60.07,0.1,562.222994210841,0,0.878625723246676,0.323350672301718,0.214198008917081
60.08,0.1,562.565429005847,0.0021227247503463,0.876165476835001,0.325763313837774,0.213460087567762
60.09,0.1,562.908100308335,0.0010691658754395,0.877379078764227,0.324313386074763,0.216590385600907
60.1,0.1,563.251007630106,0.000595772704245447,0.876082779317123,0.324921785293083,0.21487545404099
60.11,0.1,563.594150262417,0,0.878437323318984,0.322304108513976,0.216302528771346
60.12,0.1,563.937527274313,0,0.879660769334198,0.323246477193316,0.21320582291585
60.13,0.1,564.281137511063,0,0.882583456669155,0.324872136285795,0.215920711927891
60.14,0.1,564.624979592709,0,0.881320835178806,0.322675396093268,0.213478173676643
60.15,0.1,564.969051912715,0.00160987709647319,0.880921595223891,0.322310926940554,0.214599545506483
60.16,0.1,565.313352636725,0,0.88156301657033,0.323799644964933,0.214082318841665
60.17,0.1,565.657879701424,0,0.881163374627388,0.321610994852954,0.216198191832414
60.18,0.1,566.002630813512,0,0.882754501881196,0.324099583356326,0.214136620257044
60.19,0.1,566.347603448775,0,0.882398028898856,0.32111149786119,0.214694325892262
60.2,0.1,566.692794851279,0.000280326503002543,0.882677554601102,0.31943860503488,0.216795302123108
60.21,0.1,567.038202032648,0.00104945353662836,0.881006012931796,0.322411740307237,0.214447730098928
60.22,0.1,567.383821771473,0,0.88373552622361,0.318654542564866,0.216441564385246
60.23,0.1,567.729650612811,0,0.882239186902056,0.31677587410796,0.212603660020014
60.24,0.1,568.0756848678,0.00133544596190468,0.88428701270954,0.322398644898879,0.213244672422002
60.25,0.1,568.421920613376,0,0.885785527191421,0.317884861829951,0.21401487817512
60.26,0.1,568.768353692096,0,0.885339023513953,0.319072038586353,0.214767287264542
60.27,0.1,569.114979712077,0.000392099569469983,0.887006052650215,0.321431247023679,0.215222423044424
60.28,0.1,569.461794047026,0,0.884744419948237,0.319263100584331,0.215960891941565
60.29,0.1,569.808791836387,0.000776889684996763,0.885631102921997,0.318887290406125,0.214262114133598
60.3,0.1,570.155967985593,0,0.885843562222351,0.319432015892657,0.214416218946449
60.31,0.1,570.503317166415,0,0.886520445419922,0.315880939084826,0.213876297713663
60.32,0.1,570.850833817422,0.000516410466214657,0.888875389292491,0.319447870237724,0.215235867027682
60.33,0.1,571.198512144547,0,0.887345811994849,0.317179262683756,0.216552265582207
60.34,0.1,571.54634612175,0,0.889360539106283,0.314231264985273,0.213241312578008
60.35,0.1,571.894329491788,0.000589730559333536,0.888296330642687,0.313945953563204,0.215643121200111
60.36,0.1,572.242455767088,0.00229523761364205,0.891139523617548,0.314943939125567,0.213048990794497
60.37,0.1,572.590718230718,0.0031273317500244,0.888456607874081,0.315692227367831,0.216796543329459
60.38,0.1,572.939109937463,0.00235532393024269,0.887355489367829,0.318007563620547,0.212323048239218
60.39,0.1,573.287623714997,0,0.887507093228426,0.313110956731712,0.215082900993484
60.4,0.1,573.636252165158,0.00332854693547073,0.890519715139926,0.315621604335527,0.214210685373588
60.41,0.1,573.98498766532,0,0.890214729983851,0.314913173122198,0.216175549743431
60.42,0.1,574.333822369864,0.000378682660227389,0.89069522416527,0.315374474161853,0.2133359202891
60.43,0.1,574.682748211738,0.000397957720634759,0.893814054976976,0.313705630685141,0.21408343239456
60.44,0.1,575.031756904128,0,0.889491776677911,0.315358651693413,0.21337035444728
60.45,0.1,575.380839942208,0.00112216317414027,0.89315998084524,0.313336408004088,0.215783096589267
60.46,0.1,575.72998860499,0,0.891131422414993,0.313966799577627,0.215073097821638
60.47,0.1,576.079193957271,0,0.895654652353709,0.314505996464871,0.214164437372501
60.48,0.1,576.428446851665,0,0.893996525618333,0.310481092383333,0.214183123773486
60.49,0.1,576.777737930725,0.000230942663530118,0.893053992074298,0.313428566417232,0.213072714495786
60.5,0.1,577.12705762916,0,0.896303457026932,0.308997378395478,0.214255686806766
60.51,0.1,577.476396176134,0.000431178135530111,0.895829742814866,0.309142417581178,0.214422740162277
60.52,0.1,577.825743597655,0,0.893002080263157,0.311998255203381,0.216831925308916
60.53,0.1,578.175089719049,0.00207177350593599,0.896631275421884,0.312665438674079,0.213594343560478
60.54,0.1,578.524424167512,0.000674910431083495,0.894876670224834,0.309854089083381,0.214888150040277
60.55,0.1,578.873736374757,0,0.896755143476808,0.310263840131943,0.214343508624274
60.56,0.1,579.223015579729,0,0.896914035700689,0.311742375927968,0.214030842420096
60.57,0.1,579.572250831409,0,0.896977694483155,0.310403118426285,0.214568005902771
60.58,0.1,579.921430991692,0,0.898555345407947,0.307370816943998,0.214799855641041
60.59,0.1,580.27054473834,0,0.897257975400068,0.307732428947786,0.213377773378305
60.6,0.1,580.619580568019,0,0.89892967175195,0.308785227789317,0.214563948312763
60.61,0.1,580.968526799399,0.000160420271173802,0.898287872682691,0.308359397239288,0.21286653877189
60.62,0.1,581.317371576334,0.00268169054367084,0.901343878226268,0.307731135298153,0.215083819550809
60.63,0.1,581.666102871107,0,0.900517644726309,0.308636007394015,0.214034117885241
60.64,0.1,582.014708487753,0,0.901669411243751,0.307759007299469,0.21556966137421
60.65,0.1,582.363176065434,0.000747057389633063,0.895690879875644,0.305678289892831,0.217750897573564
60.66,0.1,582.711493081902,0.000521833822073509,0.89921165922034,0.308259354373663,0.214882475507792
60.67,0.1,583.059646857,0,0.900629971251774,0.307172801647831,0.215644054728348
60.68,0.1,583.407624556251,0,0.901168580949771,0.302885065545019,0.214198168090489
60.69,0.1,583.755413194486,0,0.90211863081888,0.305351923806552,0.216843814542096
60.7,0.1,584.102999639548,0,0.901064487974914,0.30713285733449,0.211517900914853
60.71,0.1,584.450370616043,0.000142666236838465,0.902588705334118,0.30525394463749,0.214016510604745
60.72,0.1,584.797512709149,0,0.900224345009292,0.30666257876953,0.215558790336898
60.73,0.1,585.144412368481,0.00123577170375811,0.90288875475433,0.304646373655124,0.214814842040216
60.74,0.1,585.491055912005,0,0.903270833321729,0.304040418249715,0.216135921609613
60.75,0.1,585.837429530007,0,0.902344493731578,0.303193764838121,0.21239200649868
60.76,0.1,586.183519289101,0,0.904402515387168,0.305566441119079,0.211469810251485
60.77,0.1,586.529311136296,0.00282465300748882,0.905899239104282,0.302305527451203,0.215851826607788
60.78,0.1,586.874790903095,0.000575382018854409,0.903547921265662,0.303744784337476,0.21647260504724
60.79,0.1,587.21994430965,0.00215656415350734,0.904181517233201,0.300797603252625,0.21417972006434
60.8,0.1,587.564756968944,0.00168936087791415,0.902984721369986,0.301918395486865,0.217023833783486
60.81,0.1,587.909214391025,0,0.903380725626536,0.298746824569603,0.2158475272233
60.82,0.1,588.253301987269,3.36197389423161e-05,0.907103103516064,0.299751706917719,0.214962504400235
60.83,0.1,588.597005074679,0,0.904184239206081,0.299720540562088,0.214268488809584
60.84,0.1,588.940308880226,0,0.905013020662442,0.301540356836833,0.214195466133558
60.85,0.1,589.283198545207,0.000272093692536734,0.906940957290969,0.299157670524456,0.216104850600806
60.86,0.1,589.625659129647,0.00246786233137931,0.90752953487743,0.300125991748314,0.216651107233341
60.87,0.1,589.96767561672,0,0.906798106837424,0.298205355764692,0.21428485410452
60.88,0.1,590.309232917201,0.000928707671782366,0.909525049873706,0.300092922796107,0.217306568745629
60.89,0.1,590.650315873936,4.20742459176174e-05,0.906681037057338,0.300134031556999,0.216004917918158
60.9,0.1,590.990909266345,0.000515921809384526,0.908111239560316,0.300335714356373,0.213775281290979
60.91,0.1,591.330997814929,0,0.909381877210373,0.298710150190028,0.214713335189721
60.92,0.1,591.670566185812,0.00133116382233686,0.910642334190185,0.298068664704962,0.216857383734211
60.93,0.1,592.009598995293,0,0.910879052788979,0.297780946589948,0.215192748246061
60.94,0.1,592.348080814406,0,0.910240452967718,0.298144042264571,0.213892375427733
60.95,0.1,592.685996173504,0.00021241302208041,0.910064438901497,0.296737781672584,0.211726323940264
60.96,0.1,593.023329566847,0.00022437795690578,0.913021550659841,0.295341152621708,0.215498513480516
60.97,0.1,593.360065457201,0,0.910130517433319,0.296093950891696,0.213520981549285
60.98,0.1,593.696188280443,0.00130428056745589,0.912324556057304,0.295295864230031,0.213190135990584
60.99,0.1,594.031682450175,0,0.912328124469463,0.294866671038305,0.214827074898537
61,0.1,594.366532362337,0.0013388845287317,0.912880289265107,0.29376436916164,0.21564709216729
61.01,0.1,594.700722399821,0.000235445178603443,0.910700291588252,0.29337884613,0.213682260833116
61.02,0.1,595.034236937094,0.00134030534170274,0.910880037125867,0.293974079060479,0.215576140302017
61.03,0.1,595.367060344804,0,0.911076833592559,0.29082401873885,0.216422198981011
61.04,0.1,595.699176994398,0.000530639598109748,0.912460622194909,0.293468871091608,0.215287435299001
61.05,0.1,596.030571262722,0.00132046557139625,0.913139926180181,0.293271363737293,0.214673413999917
61.06,0.1,596.361227536618,0,0.914102898872972,0.291288276806654,0.214875024259982
61.07,0.1,596.691130217518,0.0016539978746192,0.914588533187641,0.291616948397868,0.216111971373572
61.08,0.1,597.020263726016,0,0.914693558353156,0.28863754228961,0.216870292093622
61.09,0.1,597.348612506434,0.000212520510872305,0.914652209107925,0.286789254062627,0.212286394013699
61.1,0.1,597.676161031373,0.0010582743353542,0.914033897842272,0.288346892472688,0.21576566407018
61.11,0.1,598.002893806248,0,0.915467413014375,0.289930613751902,0.214172396569643
61.12,0.1,598.328795373803,0,0.914248372786307,0.289759736493368,0.216122730023436
61.13,0.1,598.653850318608,0,0.913363214640045,0.290630657840071,0.217276835979861
61.14,0.1,598.978043271537,0,0.916321631338566,0.28820340604059,0.213988463325206
61.15,0.1,599.301358914219,0,0.91654787705686,0.289856443110453,0.21562619667797
61.16,0.1,599.623781983466,0,0.916223955263757,0.28997515212191,0.21416959438345
61.17,0.1,599.945297275679,0.00167898905897275,0.914273468832023,0.291136694072844,0.213202517544654
61.18,0.1,600.265889651221,0.00195838844546766,0.91596655007646,0.287229806230892,0.213602881254101
61.19,0.1,600.58554403876,0,0.914445642770611,0.285245987104269,0.217036629700339
61.2,0.1,600.904245439592,0.000282160743601699,0.917523708285683,0.290629766060915,0.213591639305839
61.21,0.1,601.221978931914,0,0.919165227904704,0.289099284153394,0.214955873922517
61.22,0.1,601.538729675082,0,0.918354148658471,0.286019159989234,0.214274985483213
61.23,0.1,601.854482913819,0.000338225812381461,0.917535368073658,0.282517160166501,0.216217574512397
61.24,0.1,602.169223982394,0.000828945905552253,0.920105858512387,0.284562177156109,0.214628207867978
61.25,0.1,602.482938308762,0,0.917400543866911,0.283398912144343,0.214025701666261
61.26,0.1,602.795611418661,0.000227136158648367,0.923709649230122,0.283136419006031,0.215260704968572
61.27,0.1,603.107228939673,0.00216450219764359,0.919253035273107,0.282219408363997,0.214497126917691
61.28,0.1,603.417776605239,0,0.920928411425659,0.282582209559432,0.211765007749112
61.29,0.1,603.727240258629,0,0.9202209196426,0.282854654962718,0.216048050453243
61.3,0.1,604.035605856874,0,0.920548616611351,0.280893316343705,0.216644068609414
61.31,0.1,604.34285947464,0,0.922213792902459,0.281529833970314,0.217616075784415
61.32,0.1,604.64898730807,0,0.919691130436318,0.278507274771587,0.212965248295594
61.33,0.1,604.953975678561,0.001765801589668,0.921547898126556,0.281045284518148,0.214817368224716
61.34,0.1,605.2578110365,0,0.920616103853409,0.278113172996944,0.216616876919969
61.35,0.1,605.56047996495,0,0.922473961484567,0.278857077234824,0.214597259570284
61.36,0.1,605.861969183274,0,0.923320990914764,0.284251327372523,0.213807490432576
61.37,0.1,606.162265550721,0,0.919556291148038,0.27781783222357,0.211817291518812
61.38,0.1,606.461356069937,0.000827071651552742,0.923074715398577,0.279511769812793,0.213685984826088
61.39,0.1,606.759227890441,0.000477021943636521,0.922178227668418,0.28131242719681,0.214440370431053
61.4,0.1,607.055868312025,0.000610217284307619,0.922836567736932,0.278775549900743,0.215129144343723
61.41,0.1,607.351264788114,0,0.923038239586159,0.278733684836427,0.215323261586677
61.42,0.1,607.64540492905,0.00231144851308884,0.919806290146167,0.279751923567261,0.21506983306406
61.43,0.1,607.938276505328,0.00140290715483459,0.923589215227683,0.279567193714814,0.213866461212479
61.44,0.1,608.229867450766,0.000118344888117115,0.922897645427017,0.275846567559025,0.214231830091788
61.45,0.1,608.520165865616,0.000299437647723917,0.925997447376801,0.275461022964798,0.214722338410987
61.46,0.1,608.809160019606,0,0.923272412046047,0.276826607547372,0.213323559592643
61.47,0.1,609.096838354924,0,0.924901743664667,0.276321339797282,0.214828783974541
61.48,0.1,609.383189489138,0.00014030525849591,0.924451350011408,0.275047915666329,0.211730668268377
61.49,0.1,609.668202218044,0.00214064928381049,0.923930325490834,0.274624549961316,0.21624797498005
61.5,0.1,609.951865518458,0,0.926252560527407,0.277917885724823,0.214627841735637
61.51,0.1,610.234168550928,0,0.924555915874328,0.275508846741734,0.213953150658061
61.52,0.1,610.51510066239,0.000926544137483363,0.928159321573191,0.273597675434353,0.214710600108955
61.53,0.1,610.79465138875,0,0.925451656187347,0.27455325386209,0.21594578583196
61.54,0.1,611.072810457395,0.00031799836236427,0.927471284899613,0.271755895687901,0.211463731340922
61.55,0.1,611.349567789641,0.000333175337984101,0.926468185029826,0.271809899660344,0.21622709652902
61.56,0.1,611.624913503103,0,0.926708738618577,0.273242938986886,0.214673414294985
61.57,0.1,611.898837913998,0,0.927426170845502,0.274436710617846,0.216936327161067
61.58,0.1,612.171331539375,0.000481227573851031,0.924566449873765,0.272951871997395,0.214792913872899
61.59,0.1,612.442385099276,0,0.92676238372883,0.270296745307962,0.216315845847221
61.6,0.1,612.711989518817,0.00347645037483952,0.927489566783111,0.270513459173763,0.213935626280982
61.61,0.1,612.980135930205,0.00067412352729037,0.927565834725084,0.27017659449508,0.215463343979994
61.62,0.1,613.246815674673,0,0.928038645875323,0.271210295596489,0.216881163732811
61.63,0.1,613.512020304347,0.00144681242749618,0.927277376361715,0.269679995958001,0.216465119628105
61.64,0.1,613.775741584034,0,0.928513615297423,0.268759773511105,0.213359616797819
61.65,0.1,614.03797149294,0,0.929978725775661,0.267890946307525,0.217521375660351
61.66,0.1,614.298702226305,0.000890150155090439,0.929996243354621,0.268615770605829,0.217374624143442
61.67,0.1,614.557926196973,0.000578749212386015,0.928328215106737,0.269347590079937,0.217112549648594
61.68,0.1,614.815636036875,0,0.930698144280816,0.269096633625774,0.215954655804854
61.69,0.1,615.071824598445,0.00120350379319112,0.928848929796177,0.269039090470578,0.216851939619837
61.7,0.1,615.326484955954,0.000981279971513899,0.930197133220365,0.267912520495853,0.21540525900337
61.71,0.1,615.579610406767,0,0.929187416232428,0.268339537990219,0.217518344379497
61.72,0.1,615.831194472532,0,0.932359123284244,0.267083076079066,0.218561493625348
61.73,0.1,616.081230900277,0.00124473385406693,0.930842722581293,0.266703146776665,0.214988025504347
61.74,0.1,616.329713663445,5.30498187002901e-05,0.932153026055165,0.266753775793979,0.213510680909122
61.75,0.1,616.576636962839,0,0.930978094260466,0.26619150124449,0.21454303992114
61.76,0.1,616.821995227502,0.000247260160326085,0.930587456423779,0.264669615289491,0.215520534728882
61.77,0.1,617.06578311551,0.00122284603759827,0.930425486792407,0.266953180670522,0.212291227036293
61.78,0.1,617.307995514691,0.0021575967731551,0.930243133284856,0.26306212865232,0.21478682270832
61.79,0.1,617.548627543267,0,0.928907248741147,0.265012384263065,0.213559307985819
61.8,0.1,617.78767455042,0,0.933698385202089,0.265783693200802,0.213508659725469
61.81,0.1,618.025132116778,0.000193224163957539,0.930780994975527,0.263318572369188,0.215994084879521
61.82,0.1,618.260996054824,0,0.930912585888517,0.261950507776646,0.215513673689232
61.83,0.1,618.495262409233,0,0.931825369754331,0.263318661398052,0.217606142841917
61.84,0.1,618.727927457122,0.00108955864000176,0.933202411997872,0.26243381680734,0.215262452305644
61.85,0.1,618.958987708237,0,0.930601780383281,0.26225791639195,0.215676718309336
61.86,0.1,619.188439905047,0,0.93207116451913,0.263558864688679,0.213240058101135
61.87,0.1,619.416281022781,0.00379629097853573,0.933561699981298,0.261983701219397,0.21459943483883
61.88,0.1,619.642508269367,0.00185063200391391,0.931283042391824,0.260385828395531,0.214837026875527
61.89,0.1,619.867119085318,0,0.93395518924339,0.259853800234226,0.214084521656382
61.9,0.1,620.09011114352,0,0.932928572488455,0.26208768659351,0.214258966531218
61.91,0.1,620.311482348967,0.00104408993236126,0.933135397226073,0.259893358030344,0.214763198585662
61.92,0.1,620.531230838401,0,0.931588929405928,0.256616416027486,0.214179051602396
61.93,0.1,620.749354979891,0.000411734641490185,0.93415806427211,0.25938999289973,0.215330715633491
61.94,0.1,620.965853372332,0,0.933315532299794,0.260254986839795,0.214701265709225
61.95,0.1,621.180724844874,0,0.935558956036127,0.258545770106665,0.214748076073879
61.96,0.1,621.393968456274,0,0.933934648662013,0.258204850583374,0.213796879300934
61.97,0.1,621.605583494173,0,0.934021545822149,0.260509927589342,0.21610347738617
61.98,0.1,621.815569474313,0.000602248893426827,0.935110107196737,0.255815866923862,0.214837037283056
61.99,0.1,622.023926139665,0.000256180183496853,0.933715356140901,0.256600622557912,0.216750787694796
62,0.1,622.230653459502,0,0.933866421111335,0.258131037175081,0.216398037649258
62.01,0.1,622.435751628388,0.000625764489350016,0.934091489514327,0.254546916133391,0.217238315154184
62.02,0.1,622.639221065105,0,0.933165054069604,0.25822957859557,0.216016730841675
62.03,0.1,622.841062411508,0.000130781510680044,0.933832414056586,0.255564384049127,0.217121793142619
62.04,0.1,623.041276531313,0,0.936719877906875,0.255002558902466,0.212623403527844
62.05,0.1,623.239864508812,9.78686667162561e-05,0.934189875900458,0.256339425313559,0.213531431450286
62.06,0.1,623.436827647527,0,0.934770619143634,0.253823380936584,0.21456850705982
62.07,0.1,623.632167468791,0,0.936266100440902,0.25532436353383,0.215763852727022
62.08,0.1,623.825885710268,0,0.934461070778952,0.25274920628317,0.216737473806738
62.09,0.1,624.017984324403,0,0.933381400975801,0.255168725698016,0.210811921168485
62.1,0.1,624.208465476812,0.00160753355569546,0.936708569416042,0.251672598231753,0.21548419284005
62.11,0.1,624.397331544603,0.00130599538182486,0.935049070381412,0.25207502074729,0.213915397806832
62.12,0.1,624.58458511464,0,0.933404244953991,0.254426863966269,0.215098752848613
62.13,0.1,624.77022898174,0.000518371436637414,0.938044662656811,0.254854862496722,0.215984976303155
62.14,0.1,624.954266146807,0,0.935414355618277,0.253207891945294,0.213832524495708
62.15,0.1,625.136699814916,0.00306822403314247,0.93499856411038,0.250583421504432,0.213346279702345
62.16,0.1,625.317533393323,0.00101801915773663,0.938177084225649,0.251979243936792,0.215987670197094
62.17,0.1,625.496770489425,0.00139210358409593,0.932925287741901,0.250813546427923,0.214451469976567
62.18,0.1,625.674414908663,0,0.935911614951419,0.250800814882603,0.213986264192137
62.19,0.1,625.850470652361,0.000413900796868927,0.933713697216698,0.250406650236556,0.216010384861551
62.2,0.1,626.024941915516,0.00163126368637873,0.938237202253172,0.252602160771828,0.214280483398674
62.21,0.1,626.197833084532,0.000272653119421151,0.935284251039076,0.250945045079221,0.215135550646717
62.22,0.1,626.369148734895,3.58907384249961e-05,0.935274947035607,0.248304211060619,0.213504240731125
62.23,0.1,626.538893628798,0.000420072254005443,0.93504821683526,0.250256565827622,0.215865195908582
62.24,0.1,626.707072712719,0.00160425355081243,0.933170821655679,0.246877534409068,0.217791616173551
62.25,0.1,626.873691114938,0,0.93615469147805,0.248462693443173,0.213730847258887
62.26,0.1,627.038754143014,0.002442303205747,0.9376139987174,0.248746261400208,0.2131401450892
62.27,0.1,627.202267281204,0,0.941207895881771,0.249119621184051,0.217891656465029
62.28,0.1,627.364236187843,0,0.935798589469089,0.251071521329782,0.215169002221796
62.29,0.1,627.524666692672,0,0.937581334060725,0.247548995334788,0.214696524496794
62.3,0.1,627.683564794119,0,0.93492386139398,0.250078871865564,0.219119475425657
62.31,0.1,627.840936656543,0.00140915156961074,0.934966773785169,0.247408640576776,0.215785153992071
62.32,0.1,627.996788607426,0,0.936933780526905,0.245426675965145,0.213591899655264
62.33,0.1,628.151127134529,0.00128945284225102,0.936292218115786,0.246790812433177,0.215222127198413
62.34,0.1,628.303958883002,0,0.936545378560041,0.246915017002671,0.214939057718746
62.35,0.1,628.455290652463,0.00103977768679592,0.938119034705381,0.247910792088222,0.214588882364747
62.36,0.1,628.605129394024,0.00241593319011983,0.940397774407661,0.247077784115794,0.213793468379677
62.37,0.1,628.753482207296,0.000757383116494241,0.939787477213429,0.245677548887652,0.216728169726754
62.38,0.1,628.900356337346,0,0.938607363251804,0.24738075209425,0.215210497573042
62.39,0.1,629.045759171622,0.000746085480407678,0.937433427336389,0.242543507527488,0.214635757265097
62.4,0.1,629.18969823685,0.000141542675096894,0.936857004734194,0.244356906948753,0.215353709611758
62.41,0.1,629.332181195887,0,0.935263941359432,0.24299955325607,0.214724706997184
62.42,0.1,629.473215844556,0,0.9377323691696,0.245071739576846,0.216847180258889
62.43,0.1,629.612810108442,0,0.935219181881096,0.244455691929814,0.214965206210812
62.44,0.1,629.750972039659,0.000109776462061135,0.937687505462396,0.241966834930098,0.214607473050918
62.45,0.1,629.887709813599,0,0.935599690986115,0.243075666850528,0.214041776668423
62.46,0.1,630.023031725644,0.000546531157711899,0.935220818519452,0.240975048244574,0.215204918720717
62.47,0.1,630.156946187857,6.18620539053511e-05,0.934698940388875,0.242935657168677,0.214609820439693
62.48,0.1,630.289461725657,0.00287989157786884,0.937290260464436,0.243227590236724,0.215374776401926
62.49,0.1,630.420586974454,0.000430676138892304,0.937484001242016,0.242099736387458,0.212888537686722
62.5,0.1,630.550330676286,0.00284225527455277,0.934989895293044,0.242674254224086,0.215743630452337
62.51,0.1,630.678701676417,0.000635177622923089,0.939831373642239,0.241493215249574,0.212912227663999
62.52,0.1,630.805708919927,2.28055736660387e-05,0.937077753211812,0.241058972293782,0.212529938474389
62.53,0.1,630.931361448284,0.000911704287696504,0.93616029768881,0.242171009263366,0.21413653931596
62.54,0.1,631.055668395897,0,0.936355879492018,0.241519597202244,0.214930571921665
62.55,0.1,631.178638986659,0,0.93828589707941,0.242039053736591,0.21665815478053
62.56,0.1,631.300282530473,0,0.940463578996106,0.23867223676982,0.216884293512651
62.57,0.1,631.420608419773,0,0.937595152544484,0.239472630888169,0.213951957278256
62.58,0.1,631.539626126025,0.000372434992476653,0.936724808249697,0.238718820144063,0.213217496156332
62.59,0.1,631.657345196232,0,0.937818248343964,0.241432263399199,0.215862268536732
62.6,0.1,631.773775249417,0,0.935638870457914,0.23824303444047,0.214669135951954
62.61,0.1,631.888925973113,0,0.936202442865199,0.23648603220312,0.216204539509792
62.62,0.1,632.002807119844,0.000249262528674303,0.938889408688576,0.239207247184359,0.213600876455896
62.63,0.1,632.115428503594,0,0.941042263656221,0.235760761635782,0.213252855818102
62.64,0.1,632.226799996291,0,0.936165550612374,0.237385175952416,0.214136514759562
62.65,0.1,632.336931524277,0,0.935854569801205,0.238416741303181,0.215362881254608
62.66,0.1,632.445833064781,0.00221728879935771,0.938574591090267,0.237346196107099,0.214817515505422
62.67,0.1,632.553514642398,0,0.936926498731311,0.23870370238871,0.213609531833822
62.68,0.1,632.659986325573,0,0.939974094450716,0.23601299248176,0.215671646888739
62.69,0.1,632.76525822308,0,0.937091812927078,0.2366785269306,0.214618613506133
62.7,0.1,632.869340480518,0,0.937805683050097,0.239384314933853,0.215987545252834
62.71,0.1,632.97224327681,0.00197691382327041,0.935747633121494,0.23538730067327,0.215528509600818
62.72,0.1,633.07397682071,0,0.936386627308547,0.23610317600569,0.217665233234612
62.73,0.1,633.174551347319,0,0.93607281810522,0.234832320916079,0.214834741010006
62.74,0.1,633.273977114622,0,0.938735845682224,0.235925527714643,0.214146242947128
62.75,0.1,633.372264400021,5.0402470608367e-05,0.935476787229671,0.236083348899773,0.215462416544469
62.76,0.1,633.469423496901,0.00243214001200323,0.937597641715056,0.234869432508333,0.217090530835243
62.77,0.1,633.565464711196,0,0.937541975630862,0.235312580442656,0.216524802635189
62.78,0.1,633.660398357983,0.00183219966520701,0.936924950505104,0.234646457073248,0.215138088242699
62.79,0.1,633.754234758084,0,0.934225577002505,0.234333037361806,0.213446039313385
62.8,0.1,633.846984234698,0,0.93540480418017,0.234894476113287,0.216842045192119
62.81,0.1,633.938657110044,0.000612250997110108,0.933117029280731,0.233874001701104,0.212330127917271
62.82,0.1,634.029263702036,0,0.935887239863993,0.231159573409342,0.216929050596947
62.83,0.1,634.118814320967,0,0.936224837567346,0.229723496508376,0.215742958329491
62.84,0.1,634.207319266235,0.000717685707190421,0.934891529425964,0.233374901761255,0.216131190700052
62.85,0.1,634.294788823077,0.00010947052893149,0.934220686849136,0.22916601398914,0.214968346456022
62.86,0.1,634.381233259348,0.001614345461629,0.935795762815162,0.23272183510447,0.213456888710158
62.87,0.1,634.46666282231,0,0.935981788643411,0.233392018097617,0.218050374315513
62.88,0.1,634.551087735462,0,0.938116498749023,0.23225509385012,0.214917363667365
62.89,0.1,634.6345181954,0,0.9356137913401,0.229779320700863,0.216801709997264
62.9,0.1,634.716964368704,0.0022525333893303,0.937785734968709,0.232565944497528,0.21533261676794
62.91,0.1,634.798436388856,0.00256520773896046,0.935652945771966,0.230445104677293,0.214434453606598
62.92,0.1,634.878944353205,0,0.937946393006065,0.230661969062522,0.215316709044228
62.93,0.1,634.958498319949,0.000214303798198283,0.933744690899366,0.229122542819842,0.215203757774353
62.94,0.1,635.037108305169,0.000935291504133106,0.932875463029077,0.230325535885346,0.214480121145071
62.95,0.1,635.114784279886,0,0.934637566812897,0.230229056600185,0.213174616400878
62.96,0.1,635.191536167174,0.00303081336296966,0.933404727051895,0.22605308082522,0.217871918543078
62.97,0.1,635.267373839294,0.00122917232792432,0.934726765635435,0.228992286277729,0.21333580218723
62.98,0.1,635.34230711488,0.0010558034842118,0.93434512331912,0.230067181423114,0.216404798062183
62.99,0.1,635.416345756164,0.00248157017715499,0.930051242662937,0.229093916042685,0.213598503315986
63,0.1,635.489499466244,0.000498108037379075,0.935599934636636,0.22872072564489,0.214813959417881
63.01,0.1,635.56177788639,0.000670654163898166,0.933857421598091,0.230541417828903,0.215513874894672
63.02,0.1,635.633190593406,0,0.932795307264457,0.229551074839398,0.216566961990391
63.03,0.1,635.703747097025,0,0.934604450840951,0.228434773172576,0.215638477481687
63.04,0.1,635.773456837358,0,0.931355295810383,0.228175985643865,0.214671451688958
63.05,0.1,635.842329182391,0,0.933418446976346,0.226913382382205,0.214299524610171
63.06,0.1,635.910373425522,0,0.935030550148636,0.227809398275291,0.216294916889812
63.07,0.1,635.97759878316,0.000268445999431639,0.933769420384083,0.225177846060569,0.214693802530289
63.08,0.1,636.04401439236,0,0.937831188486212,0.227711181466157,0.217934110978614
63.09,0.1,636.109629308519,0.000306145801148719,0.934120219538577,0.22573926370693,0.215050636899284
63.1,0.1,636.174452503121,0.000910313064335555,0.934147721045118,0.225270474575405,0.212728640120478
63.11,0.1,636.238492861531,0.00219874366503073,0.932646968524163,0.226720834894613,0.216436952391915
63.12,0.1,636.301759180846,0,0.934284392929969,0.224629013435818,0.214917404072141
63.13,0.1,636.364260167799,0.00139460272011286,0.933474262375916,0.225418635218911,0.212623999901214
63.14,0.1,636.426004436717,0,0.936165180534032,0.225350295330288,0.214437579303481
63.15,0.1,636.487000507532,0.00244952338741797,0.933361807236868,0.225339668384875,0.215138751719486
63.16,0.1,636.547256803857,0,0.932798016580583,0.223507642352132,0.217650111936765
63.17,0.1,636.606781651103,0.00140654160265665,0.932754167009556,0.22522493172839,0.215662275920883
63.18,0.1,636.66558327467,0,0.929821957066697,0.223896189533941,0.214697934160077
63.19,0.1,636.723669798186,0.000857029982577104,0.932239320727564,0.22264376866904,0.214841487261267
63.2,0.1,636.781049241804,0,0.933306578234392,0.221616824138386,0.215734844398786
63.21,0.1,636.837729520562,0,0.930443619184946,0.22271371097307,0.214084183647233
63.22,0.1,636.893718442805,0.00314480881451573,0.935383351264139,0.22341347909978,0.215238316838747
63.23,0.1,636.949023708655,0.000122322093069355,0.931106149916378,0.22351876557897,0.212547627051234
63.24,0.1,637.003652908556,0.00141070973814112,0.932069321851936,0.221368611395515,0.213138418967037
63.25,0.1,637.057613521872,0,0.929559583051816,0.222981775427513,0.215557247195531
63.26,0.1,637.110912915544,0.00187617313967964,0.9319882960781,0.218525594051223,0.21585379407055
63.27,0.1,637.163558342816,0.000564314672807507,0.932048200440724,0.223335029116322,0.21558595162141
63.28,0.1,637.215556942017,0,0.929002919706115,0.220069125666141,0.214530456828457
63.29,0.1,637.266915735409,0,0.932009546684366,0.217590159583925,0.2155242461623
63.3,0.1,637.317641628096,0.00192693629268976,0.927415763061896,0.219477259710001,0.215580273350052
63.31,0.1,637.367741406995,0,0.927171187270907,0.218030548675082,0.216147162830837
63.32,0.1,637.417221739872,0.00273338094171525,0.93045771763747,0.220414183312206,0.215289274833278
63.33,0.1,637.46608917444,0,0.928913343914531,0.22012297567343,0.215731637985856
63.34,0.1,637.514350137523,0,0.927200669934022,0.217694902209525,0.214011104354436
63.35,0.1,637.562010934283,0.00197666213310227,0.928519259564454,0.215245077370889,0.214275233742637
63.36,0.1,637.609077747504,0,0.928191713095293,0.216998934238362,0.213176317042542
63.37,0.1,637.655556636955,0.000329956967334809,0.928120353687823,0.215949801565813,0.216692563418797
63.38,0.1,637.7014535388,0,0.929297857104025,0.216286492996261,0.212585949083348
63.39,0.1,637.746774265087,0,0.927201715326376,0.216394196086482,0.213365839752728
63.4,0.1,637.791524503289,0.000841366927915884,0.929204841721753,0.215844773807346,0.21377269093464
63.41,0.1,637.835709815918,0,0.927759344715632,0.215623955065652,0.215048431586925
63.42,0.1,637.879335640202,0,0.926596417250958,0.217453804731563,0.214468642650671
63.43,0.1,637.922407287817,0,0.927222553433425,0.213915661104204,0.214533824226994
63.44,0.1,637.964929944699,0,0.926572826936436,0.214402827981973,0.21562574250389
63.45,0.1,638.006908670904,0.000219707963922806,0.926704719155405,0.21447747242197,0.216531615102643
63.46,0.1,638.048348400543,0,0.925539687261296,0.214305667397999,0.214588871322376
63.47,0.1,638.089253941774,0.000381907690279667,0.926188502318139,0.214318016080071,0.214217971227002
63.48,0.1,638.129629976861,0.00128256859072527,0.929061506558012,0.216882211193048,0.21304516283392
63.49,0.1,638.169481062299,0,0.926275908576586,0.212955656239205,0.21424553461792
63.5,0.1,638.20881162899,0.0015490388492039,0.927769911835536,0.213077399448387,0.21474744574333
63.51,0.1,638.247625982497,0.00191777174583738,0.925541106557574,0.212997268130905,0.216254501795258
63.52,0.1,638.28592830335,0.0014744432394021,0.926116834606114,0.213321230587201,0.214315935945079
63.53,0.1,638.323722647419,0.00141192801760307,0.924358845291278,0.212202052991503,0.215778325290982
63.54,0.1,638.361012946347,0,0.92678577302106,0.211552894545504,0.213767969574267
63.55,0.1,638.397803008042,0,0.923839022533294,0.213847594954032,0.216162008504981
63.56,0.1,638.434096517237,0.00228577669758918,0.924382100418553,0.213528028646328,0.214039118787943
63.57,0.1,638.469897036102,0,0.923619742596492,0.210327719964201,0.21579768502897
63.58,0.1,638.505208004922,0,0.92338793076879,0.210749651682202,0.213394864597324
63.59,0.1,638.540032742831,0,0.92247838977486,0.212412852382086,0.215287227712617
63.6,0.1,634.710210067026,0,0.923483345900803,0.209393354581949,0.215882438650467
63.61,0.1,629.19549570483,0.00287666937541677,0.923130709988821,0.211842574348055,0.214627567926776
63.62,0.1,625.878023969443,0.0028168891854329,0.921821814154684,0.211559455114927,0.214473785106056
63.63,0.1,623.055633147441,0.00621929652127404,0.920488766438728,0.208293917721864,0.216211171432445
63.64,0.1,620.279455993951,0.00674033375480513,0.918816952938456,0.209237055431113,0.210526140413207
63.65,0.1,617.513255653786,0.00876991075601139,0.920449015875484,0.206780604382801,0.216713510012125
63.66,0.1,614.757592579177,0.00669771444241962,0.920395854616538,0.207289109667,0.21066930968036
63.67,0.1,612.012922645639,0.0112795604371481,0.920035204376755,0.206300125011817,0.214573644910481
63.68,0.1,609.279276028615,0.00908025971030903,0.919135339101282,0.210514312513496,0.216303054844391
63.69,0.1,606.556631048086,0.00948805502136776,0.919525873357547,0.208740296076506,0.212701849352204
63.7,0.1,603.844963477934,0.0124710729422958,0.921988080689047,0.204978662515325,0.214471751498511
63.71,0.1,601.144248408754,0.0133432574045539,0.922578451418764,0.206507805214996,0.218798780585455
63.72,0.1,598.454459954473,0.0114632300079252,0.917905211629733,0.204537344431345,0.215975876965249
63.73,0.1,595.775571227007,0.0126555008697372,0.919102956342944,0.206647980618731,0.212594091705323
63.74,0.1,593.107554367421,0.0152303137952261,0.920677092686417,0.203551664357432,0.214117059860768
63.75,0.1,590.450380580779,0.0144933185509005,0.921853795027214,0.206993322556401,0.215115171284068
63.76,0.1,587.804020170627,0.0164646475488157,0.918620048562899,0.204912222205185,0.215943458039078
63.77,0.1,585.168442573194,0.0189985110805844,0.919074010923236,0.204592512874829,0.214582433582214
63.78,0.1,582.543616391361,0.0193391675624849,0.916988555867747,0.202830756666678,0.214131483203873
63.79,0.1,579.929509428394,0.0213743920814318,0.918180728961737,0.203409600257443,0.218024797162241
63.8,0.1,577.326088721419,0.0224211247755768,0.915963846989168,0.201449926229277,0.214129932249706
63.81,0.1,574.733320574637,0.0204636626512664,0.915574599839109,0.203232866326958,0.21713696236678
63.82,0.1,572.151170592255,0.0214225807043026,0.916019901210182,0.199318219545727,0.216329545743271
63.83,0.1,569.579603711134,0.0216409600361939,0.916788150474406,0.201711603550687,0.213782399147842
63.84,0.1,567.018584233139,0.0230601915480068,0.919573111538607,0.200342181900702,0.215825088851235
63.85,0.1,564.468075857175,0.0247674628244725,0.916216681822364,0.201617028829095,0.214585822636748
63.86,0.1,561.928041710901,0.0254540218148279,0.916743890451188,0.201334273534416,0.214303737959607
63.87,0.1,559.398444382123,0.0266132162310101,0.915477678511968,0.200662272283045,0.212896810949584
63.88,0.1,556.879245949833,0.0284509989281367,0.913930104119592,0.199672925359646,0.213415324422118
63.89,0.1,554.370408014912,0.0287483510327498,0.915780888275652,0.201898784024142,0.214416788872046
63.9,0.1,551.871891730457,0.0318555195888967,0.915003577169534,0.200325775420353,0.214384114359804
63.91,0.1,549.383657831757,0.0295204038576538,0.915345270911999,0.200892626409652,0.217068556783203
63.92,0.1,546.905666665877,0.0320520547287657,0.915842526704897,0.198460983444759,0.214907389140697
63.93,0.1,544.437878220866,0.0332020805750073,0.913394652952223,0.200895240653421,0.217510269866559
63.94,0.1,541.98025215457,0.031117718487809,0.911593212381533,0.19924391392162,0.217008182927785
63.95,0.1,539.532747823039,0.0335796128736588,0.913556955183678,0.195442323645209,0.214879996639525
63.96,0.1,537.09532430853,0.0328911699543296,0.912887887995353,0.198178909733967,0.214860643033313
63.97,0.1,534.667940447092,0.0338773042123528,0.912093215546777,0.197259494872822,0.212400803068534
63.98,0.1,532.25055485573,0.036695812703515,0.912832918512674,0.195970315826456,0.211823226716326
63.99,0.1,529.843125959132,0.0365550036731788,0.912242815596352,0.193997228901286,0.215251044502432
64,0.1,527.445612015975,0.0396817615877304,0.911817122398219,0.196248355880109,0.21456551947903
64.01,0.1,525.057971144774,0.0378175322248976,0.910267536569522,0.195299911259175,0.215375785456788
64.02,0.1,522.680161349291,0.0420001164654219,0.910518416382317,0.194943842508279,0.214828063601346
64.03,0.1,520.31214054349,0.0412275383499176,0.909097415563772,0.194474656617116,0.215350473277167
64.04,0.1,517.95386657603,0.0421661544228026,0.908539767051082,0.195198864119909,0.217001280388348
64.05,0.1,515.605297254303,0.0434633655208492,0.908845732740626,0.194429282854197,0.214091039658053
64.06,0.1,513.266390367993,0.0407926184779015,0.909649565343107,0.195783985439499,0.21341086184487
64.07,0.1,510.937103712173,0.0454598700248152,0.908625683350006,0.192061574215294,0.214759488786304
64.08,0.1,508.617395109916,0.047648464359989,0.908339664852553,0.195226431838839,0.214155461143715
64.09,0.1,506.307222434434,0.0481110709863217,0.909572937175449,0.193715868241033,0.214342219899356
64.1,0.1,504.006543630725,0.0474160352502515,0.909262906198159,0.192955857219106,0.21609373031918
64.11,0.1,501.715316736744,0.0462372137946107,0.905998619017173,0.194103204383357,0.214303050392875
64.12,0.1,499.43349990407,0.049066956408597,0.90840808859042,0.19148115852105,0.214364454758207
64.13,0.1,497.161051418085,0.0511252453945853,0.908538451081546,0.192262571091643,0.217160396669028
64.14,0.1,494.897929717668,0.0523863112640652,0.90630311483666,0.190446594206517,0.214039826133213
64.15,0.1,492.644093414369,0.0508693725901733,0.906697795221914,0.190792130809197,0.214961922871955
64.16,0.1,490.399501311108,0.0520295188858265,0.904623673647545,0.189348518643204,0.213997801281349
64.17,0.1,488.164112420349,0.053186906580536,0.907320739324007,0.189606380348868,0.215132271276585
64.18,0.1,485.937885981784,0.0553947478407339,0.906408048620317,0.192058469360041,0.215023329371601
64.19,0.1,483.720781479514,0.0559177997108063,0.90505086455475,0.18975477453943,0.213723568067482
64.2,0.1,481.512758658711,0.0590846022179348,0.905387165127309,0.188711334732866,0.216062452268052
64.21,0.1,479.313777541787,0.0586712665914636,0.907463703709053,0.187022037660401,0.218062404253863
64.22,0.1,477.123798444048,0.0569383168362309,0.904384147831506,0.18917332869729,0.21735306698647
64.23,0.1,474.942781988847,0.0584220154916995,0.903429501927291,0.187426231003138,0.214246578421484
64.24,0.1,472.770689122217,0.0611640807502209,0.902105081339532,0.18767466923289,0.21294059043918
64.25,0.1,470.607481127013,0.061436627729553,0.906514470183699,0.18869583039816,0.213766203294797
64.26,0.1,468.453119636534,0.0636013268042002,0.901910335099765,0.187032711768387,0.215622168982686
64.27,0.1,466.307566647641,0.0629562631967215,0.902355934397266,0.185884848471272,0.216195856509781
64.28,0.1,464.170784533377,0.0625072229932848,0.900826967469026,0.186325807934838,0.214216810322105
64.29,0.1,462.042736055071,0.0665132198977582,0.902875610715734,0.186654393877789,0.214509517316468
64.3,0.1,459.923384373946,0.0655736535851952,0.902790483250659,0.18804586193329,0.21565664623667
64.31,0.1,457.812693062224,0.0679340183231349,0.899765603878306,0.183247696659018,0.214409547070074
64.32,0.1,455.710626113728,0.0673806369796406,0.901480059490035,0.186186430268599,0.214822097925856
64.33,0.1,453.617147953988,0.0667240321806635,0.899970341465699,0.185211259954338,0.216052486105439
64.34,0.1,451.532223449855,0.0661513779061208,0.901195498015994,0.182336029672907,0.213893552800385
64.35,0.1,449.455817918608,0.0681140220726891,0.901890726323973,0.184500808539049,0.215717652996261
64.36,0.1,447.38789713659,0.0715543605065536,0.898109119632496,0.182885798556484,0.214332031409934
64.37,0.1,445.328427347333,0.0736916156088454,0.897520712683771,0.184924827040093,0.217796774079935
64.38,0.1,443.277375269217,0.0727030897455272,0.897306373614637,0.18074956445286,0.213807687317488
64.39,0.1,441.234708102637,0.0756096166532488,0.898707081464183,0.182131182730507,0.215660884008806
64.4,0.1,439.200393536693,0.0759864026596153,0.898482121393959,0.181434045155384,0.213289462773913
64.41,0.1,437.174399755403,0.0737021308010752,0.898302743803265,0.181115747341356,0.214622799509442
64.42,0.1,435.156695443448,0.0776134008096229,0.898460626002583,0.181550261692706,0.214270054475932
64.43,0.1,433.147249791451,0.0788399270347101,0.895263393396772,0.18174360274402,0.212336997218636
64.44,0.1,431.146032500783,0.0793826003394755,0.897504504520881,0.181570068736538,0.21347144555666
64.45,0.1,429.153013787925,0.0799768941216108,0.89788353704305,0.181639270092264,0.21551055568049
64.46,0.1,427.168164388363,0.0822428894021988,0.894694532517717,0.179075287411761,0.215745644939072
64.47,0.1,425.191455560035,0.0831852857203893,0.897450738281194,0.178788970549131,0.216867868835234
64.48,0.1,423.222859086344,0.0819929886097017,0.894920672022999,0.177602409970434,0.215237436411124
64.49,0.1,421.262347278716,0.0825853769397079,0.895658438294019,0.178906930402666,0.215405911716599
64.5,0.1,419.309892978734,0.0838903832449691,0.895406595025756,0.1771257120363,0.21573140458658
64.51,0.1,417.368255925173,0.0842330978626012,0.892057091692146,0.178891053320247,0.212348831371025
64.52,0.1,415.455271039824,0.0880870122872623,0.891919749759866,0.177731568236759,0.215243959864798
64.53,0.1,413.557016013766,0.0889450491838229,0.893215644776552,0.176548035020975,0.216892669029337
64.54,0.1,411.666890545586,0.0886044761391023,0.893705510760781,0.177105968012106,0.216651953594524
64.55,0.1,410.407371516232,0.089559541841125,0.893885068873496,0.175623572396569,0.21481154173722
64.56,0.1,409.946521776736,0.089467868750973,0.89196739372126,0.178016981260787,0.212408477242597
64.57,0.1,409.593729907247,0.0920261168997509,0.891390822215673,0.176108889009387,0.216723731956192
64.58,0.1,409.264905768078,0.0901776758998154,0.89323317164706,0.17431896421219,0.212185223009138
64.59,0.1,409.110272781022,0.0891420508692207,0.891093109095494,0.173170151973512,0.214201306759557
64.6,0.1,409.013183811852,0.0884667695081865,0.888832237761172,0.175332855991122,0.216268759888093
64.61,0.1,408.917835979522,0.0885009606012823,0.891143395695857,0.171178748293468,0.215748491998319
64.62,0.1,408.820390229632,0.0901778063549398,0.887679651085513,0.172174597253051,0.215550188526239
64.63,0.1,408.721200667803,0.0893157343762505,0.887614587078945,0.171773597827328,0.213648205762504
64.64,0.1,408.619577552962,0.0919426198412444,0.890587706786492,0.173174407721136,0.213538173344718
64.65,0.1,408.515520271816,0.0884530688420137,0.89072736791458,0.172075654198726,0.214498881587158
64.66,0.1,408.409694481534,0.0897677146936221,0.888289618950814,0.175590027263739,0.214721480680757
64.67,0.1,408.301613702695,0.0913158530895451,0.884756928766609,0.172048147265822,0.215648901725879
64.68,0.1,408.191053888182,0.0896089654232157,0.885927813634936,0.171193167019062,0.214077875374271
64.69,0.1,408.078524880033,0.0906816344890601,0.888408811924194,0.172393743709115,0.21442032161169
64.7,0.1,407.964186731735,0.0895549747788942,0.889298679572308,0.172080099900754,0.213087268375252
64.71,0.1,407.847489074255,0.0903641826665084,0.886056650369519,0.17032408938637,0.215095058643055
64.72,0.1,407.728482388395,0.0909510795943911,0.885932921303847,0.171416869625651,0.217173047802729
64.73,0.1,407.607968062374,0.0891928137103757,0.885519902072052,0.171200395095623,0.213264444155735
64.74,0.1,407.485364888295,0.0878041554635428,0.88688591862938,0.171335479301182,0.214312440370877
64.75,0.1,407.360406279647,0.0912891757586081,0.887065329203797,0.168711190984847,0.214097822801194
64.76,0.1,407.233674010518,0.0897984596020584,0.883737465767809,0.170122311536774,0.215926334362628
64.77,0.1,407.10535283169,0.0924719925815981,0.88302229407759,0.170524329961911,0.215346219998123
64.78,0.1,406.97481890569,0.0917803192082691,0.885714929099654,0.168573454785667,0.215627031665488
64.79,0.1,406.842128022463,0.0907592752740097,0.882126689882775,0.169536424933516,0.215430734392829
64.8,0.1,406.708167854648,0.0910267294090114,0.882094920432684,0.169438316715999,0.212912386199524
64.81,0.1,406.57229967024,0.0894805572095777,0.882525428671427,0.168082720383708,0.213783363202691
64.82,0.1,406.434232069534,0.0919161000833112,0.879197214117045,0.169025124801141,0.214954243160215
64.83,0.1,406.294618864554,0.0902310559042037,0.880638573731913,0.165125753329052,0.216450775969434
64.84,0.1,406.153669193078,0.0912437410314674,0.882672149027666,0.166394720830194,0.215470626614639
64.85,0.1,406.010687494409,0.0910839686233117,0.880413362894045,0.166796088886493,0.215199411484475
64.86,0.1,405.865739985102,0.0894980681039618,0.880242532616825,0.168492481783094,0.214215728538599
64.87,0.1,405.71983137085,0.0899918073010759,0.880458354318678,0.166031372857489,0.214062441268508
64.88,0.1,405.572242064553,0.0901517433575791,0.881005168583588,0.164970601368786,0.213956459601693
64.89,0.1,405.422644758311,0.091823001166551,0.881249500752214,0.165721900110543,0.215635709495809
64.9,0.1,405.271757421192,0.0889969366451283,0.879367867253214,0.164223184623311,0.215238970568942
64.91,0.1,405.119811689593,0.0910869036734594,0.876660278386535,0.161179759230628,0.215321870817022
64.92,0.1,404.966048052499,0.0916689067521059,0.876391915163288,0.163255101605926,0.214551579271985
64.93,0.1,404.810542558815,0.09208369509322,0.879087115426104,0.163002939640113,0.214355012944953
64.94,0.1,404.654405368912,0.0898667180133888,0.877367893299928,0.162368267879509,0.215833620469154
64.95,0.1,404.496844868479,0.0928040321633154,0.87935131199369,0.165027898838733,0.215133715675889
64.96,0.1,404.337502002049,0.0934845398202743,0.876795034206481,0.164443698674808,0.216098347526268
64.97,0.1,404.177161120886,0.0915126384354025,0.87489642469181,0.164342486527975,0.211580451397171
64.98,0.1,404.016076824486,0.0909152070973882,0.875638832470149,0.161442724717137,0.217310592911955
64.99,0.1,403.853423387992,0.0916552619051502,0.875390631841812,0.161354504936931,0.213424327250898
65,0,403.689277293303,0.0884258659281545,0.874462567819282,0.159923791724278,0.216958757520537
65.01,0,403.524796392229,0.0914281139889165,0.871921891023827,0.161767786400146,0.216086973116246
65.02,0,403.359160956349,0.0912837494582046,0.877029794807718,0.161293452420314,0.215489381063784
65.03,0,403.192000990361,0.0919608804253661,0.873461187818498,0.160742481911947,0.215513960168936
65.04,0,403.025509549448,0.0919235866775384,0.871996523668216,0.161967136039131,0.21527365571106
65.05,0,402.860337765619,0.0927750199701941,0.872615978779827,0.159548036880945,0.212772931371963
65.06,0,402.69411307101,0.0909813744342811,0.869041713281466,0.158951792937795,0.212631617988291
65.07,0,402.527592212804,0.0922477336557523,0.872563249047902,0.161697042404734,0.214007693190158
65.08,0,402.367853312943,0.0953720892792563,0.871204641168381,0.155822979441562,0.213658326848362
65.09,0,402.209556479014,0.0961683018080018,0.87312047503662,0.159007298683834,0.213309268090183
65.1,0,402.050179867562,0.0947663173809363,0.871390893877562,0.157684539607319,0.212734931400643
65.11,0,401.895765084848,0.0925606072369179,0.872403569854515,0.157870836820859,0.215020832833761
65.12,0,401.748095034017,0.0931973255450406,0.871565978509743,0.154709679551504,0.212826985613629
65.13,0,401.600365965377,0.0926186649706433,0.872282239585221,0.155683229005999,0.212409821668206
65.14,0,401.48072282851,0.0913118665635931,0.869144468148676,0.157016174787063,0.215616463476844
65.15,0,401.461828352116,0.0933043319295852,0.869511172755693,0.158110226950986,0.215669089992385
65.16,0,401.442818712214,0.0938192204908084,0.868150243753308,0.155934048788753,0.215754261174573
65.17,0,401.423699103693,0.0909455800087245,0.869345092791381,0.157817513941695,0.217063865022431
65.18,0,401.404474791948,0.0925723869388084,0.868700004065525,0.153516100994853,0.215649473952585
65.19,0,401.385151112074,0.0934655857013366,0.868192137032088,0.153903146633953,0.215566137592748
65.2,0,401.365733468029,0.0930774957918172,0.86604957518095,0.155801322703021,0.214978905530334
65.21,0,401.346227331771,0.0912605255021492,0.866701916218781,0.15459929940875,0.214893784548887
65.22,0,401.326638242358,0.0943000917018907,0.868593003959871,0.153462261023784,0.217143049543034
65.23,0,401.306971805033,0.0953795379745377,0.866365878399364,0.152730188668683,0.215259470844308
65.24,0,401.287233690266,0.0906871250956143,0.864449831735935,0.151831252906561,0.216300978679731
65.25,0,401.267429632782,0.0918490142184403,0.866146312456779,0.154482316006336,0.216495999211183
65.26,0,401.247565430552,0.091252060399875,0.864980244601086,0.150524878216547,0.213679605953263
65.27,0,401.227646943765,0.0957516973587445,0.865199285369244,0.154151573272899,0.215112234924267
65.28,0,402.804945537429,0.0908650250197686,0.862855411345499,0.152748066273034,0.213212276729365
65.29,0,403.755787075975,0.0893938378771039,0.865145127305167,0.1498475040654,0.21472571062055
65.3,0,404.389893118152,0.0897455875895484,0.862415029126641,0.147813895004708,0.215155963390426
65.31,0,405.002762371499,0.0916583375834223,0.864817391021403,0.151880570044082,0.218985743115272
65.32,0,405.617632996862,0.0933719711631374,0.860026863719154,0.151833447208882,0.217856002967781
65.33,0,406.233693444149,0.089818366104353,0.862040168090783,0.149024939172628,0.211795170985167
65.34,0,406.850661063157,0.0906399673414097,0.860901958765531,0.150678943166014,0.213625442330418
65.35,0,407.468569571339,0.0916176859474081,0.859534436065611,0.150681318563841,0.214175234403714
65.36,0,408.087479832929,0.0888627530688905,0.862434502131238,0.149112132021159,0.214873207225492
65.37,0,408.707452785821,0.0896842946629486,0.86134616838001,0.148001813401443,0.215463681624006
65.38,0,409.328549832785,0.0891760137580858,0.859711662387183,0.148933657883989,0.215449321670788
65.39,0,409.950833170035,0.0869791004169116,0.860062545844819,0.146541314045523,0.21290493884699
65.4,0,410.574365810036,0.0853169318894268,0.859219302454871,0.149476950810102,0.21349233018153
65.41,0,411.199211573655,0.0865449629853769,0.857768453699588,0.148051517018805,0.21607162040709
65.42,0,411.825435082359,0.0870816294837869,0.858067108300339,0.145840292137343,0.216320891742077
65.43,0,412.453101750599,0.0873018694260124,0.856360114941629,0.148534579436031,0.213411021357961
65.44,0,413.08227777804,0.0841622941558901,0.860340316424348,0.146751071462093,0.217062176404894
65.45,0,413.713030141649,0.0850608063360595,0.855667696755764,0.147564069965836,0.216130496839158
65.46,0,414.345426587605,0.0869027576808517,0.857409280178924,0.144847236211769,0.215532902651257
65.47,0,414.979535623073,0.0858631743622995,0.857668018669283,0.147044413799684,0.21547153565381
65.48,0,415.61542650782,0.0866658200784401,0.854728419664051,0.142997039002196,0.216659461930171
65.49,0,416.253169245701,0.0865358838151091,0.85772191541071,0.144647798209741,0.214269469232425
65.5,0,416.892834576,0.0861135520443518,0.855828031417813,0.145816354039154,0.214662371519696
65.51,0,417.534493964655,0.0830161239493755,0.854173878374002,0.143850681318355,0.213585420227519
65.52,0,418.178219595351,0.0853253003059185,0.854724992516247,0.141759214538783,0.21269668124967
65.53,0,418.824084360507,0.0855024777510087,0.855603681013463,0.145032633876605,0.212914970926836
65.54,0,419.47216185214,0.0834175004333116,0.854325230383165,0.144410448966873,0.214184136887829
65.55,0,420.122526352642,0.082771480688599,0.854644180925765,0.144055838401448,0.214250318667383
65.56,0,420.775252825443,0.0840257606330154,0.853536455438547,0.139913238159185,0.213433922069005
65.57,0,421.430416905597,0.0833048786544966,0.854329592424172,0.140383229246436,0.215772837493679
65.58,0,422.088094890272,0.083217588176914,0.852960421067494,0.144182486089427,0.214286905153033
65.59,0,422.748363729165,0.0814443133103593,0.85208254781274,0.142002451261946,0.213845653044339
65.6,0,423.411301014847,0.0800598891927792,0.852202969989331,0.14197715627598,0.215271809910153
65.61,0,424.076984973032,0.0846871088650268,0.851935857319864,0.142499013135743,0.214138014197129
65.62,0,424.745494452794,0.081211474236688,0.852846453673009,0.142544333732241,0.217592041113009
65.63,0,425.416908916725,0.0810221646145625,0.852634100380408,0.141070260985569,0.218130202618892
65.64,0,426.091308431043,0.0796507672003424,0.848404757744404,0.141545215872606,0.210782725096053
65.65,0,426.768773655655,0.0794370901766341,0.849791652561709,0.13813615828548,0.214907598466914
65.66,0,427.44938583419,0.0798576099995734,0.850501926457791,0.140651693845647,0.213840272398912
65.67,0,428.13322678399,0.0760467547818794,0.848551810807681,0.139704725823682,0.215239839372994
65.68,0,428.820378886083,0.0804391884896308,0.8481764526974,0.140396742364579,0.214720875929147
65.69,0,429.510925075136,0.0780138021656567,0.850427410606986,0.137100996937823,0.217090770194013
65.7,0,430.204948829385,0.0770434482216541,0.845970815633412,0.140642631066043,0.216054714180517
65.71,0,430.902534160563,0.0767612134117361,0.84963495142078,0.139059454265147,0.211865509630916
65.72,0,431.60376560383,0.0772828297507389,0.849789537158956,0.139188961079884,0.21423086402252
65.73,0,432.308728207688,0.0770650342718226,0.846828562168553,0.137963250806164,0.21601666795617
65.74,0,433.017507523925,0.0769082202861059,0.848090754237656,0.136581118618653,0.213348868400449
65.75,0,433.730189597556,0.0783039984850711,0.848428547706681,0.136151827023614,0.217741553471748
65.76,0,434.446860956786,0.0770031907423851,0.847887937540311,0.1368591060678,0.21485579695659
65.77,0,435.167608603003,0.0766376203283231,0.846087614653333,0.137494846026665,0.216953663143686
65.78,0,435.892520000789,0.0738017854635795,0.845466425215178,0.134285858124741,0.214690277269308
65.79,0,436.621683067977,0.0766383277462619,0.843314367461329,0.136298957218018,0.214424308213029
65.8,0,437.355186165734,0.074402422932129,0.845601163136434,0.136110624799349,0.21268349032247
65.81,0,438.093118088696,0.0736543634350207,0.844187771969287,0.13845826854097,0.213693444053822
65.82,0,438.835568055151,0.0744821381509072,0.841572937835543,0.133700990638494,0.212266780250594
65.83,0,439.582625697269,0.0728997714643686,0.842127055872174,0.134212665059932,0.212104524108207
65.84,0,440.334381051397,0.0715060344294381,0.845902293527906,0.136014437973317,0.213590872010335
65.85,0,441.090924548414,0.0709420465267256,0.841162068546122,0.134147184129325,0.216634278550163
65.86,0,441.852347004147,0.0713907760337358,0.843426076937084,0.134819641421253,0.216138159253666
65.87,0,442.61873960987,0.0722055364719003,0.838312287659157,0.133705328912423,0.21634985254386
65.88,0,443.390193922866,0.0714616982681355,0.840347638257482,0.134466276500391,0.214481984871579
65.89,0,444.166801857079,0.0722651950425732,0.843043313342261,0.134958013449895,0.213798626421849
65.9,0,444.948655673841,0.0728132027927456,0.839657805770669,0.133278264252862,0.213672617509846
65.91,0,445.735847972694,0.0713589896892191,0.84274700270172,0.132036900097508,0.211743902303304
65.92,0,446.528471682298,0.0718729108769468,0.840862857459327,0.132638103121101,0.214858121020229
65.93,0,447.326620051444,0.0724046203822725,0.83942594608447,0.134798252408831,0.213191622561705
65.94,0,448.130386640151,0.0701546972952449,0.840921954856509,0.133269482283689,0.215176447344049
65.95,0,448.939865310877,0.0703789844056305,0.840032210839552,0.131668049442786,0.215878262951525
65.96,0,449.75515021984,0.0685946881587822,0.838155948728543,0.130916149881551,0.214197328264325
65.97,0,450.576335808435,0.0701959643701628,0.83728043182282,0.131964531393915,0.216499499922512
65.98,0,451.403516794778,0.0688418875637355,0.837849370848413,0.13015450258407,0.215972081392837
65.99,0,452.236788165358,0.0688636361096496,0.837958901237894,0.12984479369018,0.217052912630425
66,0,453.076245166812,0.0700999846669531,0.837377018856201,0.12949618167864,0.215596787368616
66.01,0,453.921983297825,0.0669695788580855,0.836803051176411,0.128449138400118,0.217825182955857
66.02,0,454.774098301151,0.0687708905278024,0.837130390888338,0.131340965287562,0.215587686240414
66.03,0,455.632686155765,0.0685214867322299,0.837689535604804,0.128836407415645,0.215760570802653
66.04,0,456.497843069148,0.0658228529322677,0.835859105207041,0.129388389782579,0.215204012799774
66.05,0,457.369665469706,0.0633445400651589,0.836862331213069,0.12795359535213,0.216169650258904
66.06,0,458.24824999932,0.0665655779547726,0.836279485735475,0.128856535613494,0.215049611876779
66.07,0,459.133693506046,0.0642437038630676,0.836521704094081,0.129259484066173,0.212996092521724
66.08,0,460.02609303695,0.0640967358334315,0.834997377300656,0.127757349430814,0.214726673371428
66.09,0,460.925545831085,0.0665575481945945,0.832317699928658,0.12609670599993,0.216730625898013
66.1,0,461.83214931262,0.0637140837274679,0.835228103875284,0.126603011516074,0.214095331764694
66.11,0,462.746001084119,0.0641378412185453,0.833661162384779,0.125664851052861,0.217044333822444
66.12,0,463.667198919964,0.0645971801666346,0.835442703890095,0.126997901472491,0.216085350495767
66.13,0,464.595840759935,0.0664260147214448,0.837566774123766,0.125658922028219,0.218890506373437
66.14,0,465.532024702947,0.0624205278130837,0.835263045646578,0.125896170426565,0.213250374457699
66.15,0,466.475849000937,0.0647492388415996,0.834416962819748,0.125114648982547,0.216370134136054
66.16,0,467.427412052923,0.063326733454758,0.831909903390833,0.129254584697225,0.213615775786287
66.17,0,468.386812399202,0.062098347425042,0.833607218948764,0.125867693349534,0.215384836506793
66.18,0,469.354148715734,0.0604436512807952,0.832739956202447,0.126973709840493,0.21492093410575
66.19,0,470.329519808669,0.0604283907592333,0.831952850103882,0.123752739800385,0.217208601625566
66.2,0,471.313024609057,0.0577524572680091,0.830528653910133,0.123526714839113,0.215654671913295
66.21,0,472.304762167709,0.0596542151447046,0.831578827042319,0.122942624069929,0.212075738569698
66.22,0,473.304831650236,0.0602649731077128,0.830820022748209,0.123493166642422,0.214086680961183
66.23,0,474.313332332256,0.0583338784490475,0.829834353285335,0.12778263931021,0.214322444359928
66.24,0,475.330363594768,0.0590217006036218,0.831868876729485,0.121188673006661,0.213873139773305
66.25,0,476.3560249197,0.0571133884438183,0.830433978910384,0.122484353908098,0.213787621303798
66.26,0,477.39041588563,0.0560080347292911,0.830193830747799,0.119770371087535,0.215615547700244
66.27,0,478.433636163686,0.0548584181406768,0.831486436269061,0.123639238210008,0.215490391251648
66.28,0,479.485785513607,0.0566457965883403,0.830877578505603,0.1226123045311,0.215786422498431
66.29,0,480.546963780002,0.0532813242850354,0.82988367638538,0.1191576204215,0.216561091828103
66.3,0,481.617270888764,0.0582180358816793,0.830002641866981,0.119065813586536,0.214928939295029
66.31,0,482.696806843675,0.0564128976104884,0.828168567176189,0.118787560965609,0.213704453354931
66.32,0,483.785671723189,0.0535136164241928,0.829027951372036,0.120332847516086,0.212478090489373
66.33,0,484.883965677394,0.0534117266182146,0.829271278502158,0.119235741450857,0.21436033010759
66.34,0,485.991788925145,0.0535489150588781,0.828017579944483,0.121215007132748,0.215509913135808
66.35,0,487.109241751399,0.0525432865365711,0.830252093081123,0.119250092327305,0.21258870735277
66.36,0,488.236424504713,0.052986183521671,0.827593501203985,0.117841076339294,0.211622745767242
66.37,0,489.373437594927,0.0508797211432492,0.828948539352993,0.120204925031032,0.215128805414268
66.38,0,490.520381491042,0.0520355967833504,0.826949925035314,0.117780067737491,0.216169878614201
66.39,0,491.677356719273,0.0513255462247038,0.826817083547157,0.119682645447087,0.214605273723338
66.4,0,492.844463861284,0.0515656567347567,0.827166611196106,0.116062112473618,0.216705397330621
66.41,0,494.021803552617,0.0488855993010154,0.828715480511215,0.117616504049281,0.216096937836541
66.42,0,495.209476481298,0.0490653279089888,0.827972869390294,0.115794493265696,0.214027700146347
66.43,0,496.40758338663,0.050591021478685,0.826871524371143,0.116691361578144,0.216030909560477
66.44,0,497.61622505818,0.0463421476827926,0.825679114353492,0.11504999485771,0.216116713255438
66.45,0,498.835502334945,0.0479306905639542,0.825113478821104,0.116498489003203,0.214634141990166
66.46,0,500.065516104705,0.0462927317305117,0.824700884254149,0.11313842468698,0.215563144217059
66.47,0,501.306367303571,0.0453964155462815,0.824977459529573,0.117625601806256,0.214406598332829
66.48,0,502.558156915709,0.0439109201279775,0.827097243557947,0.113727544713036,0.213180039957336
66.49,0,503.820985973269,0.0472848722631722,0.825111780381678,0.113307921884392,0.214717512995796
66.5,0,505.094955556485,0.0459119411324729,0.825557351864298,0.115721497325807,0.214679984226459
66.51,0,506.380166793972,0.0466416490724674,0.82490507020772,0.113640251812399,0.216059044449009
66.52,0,507.676720863219,0.0448692547510703,0.824661791029166,0.112630946009662,0.215114521146738
66.53,0,508.984718991259,0.0455939067182928,0.823580031050885,0.115105332605841,0.216360286544181
66.54,0,510.304262455535,0.0443214573544624,0.82323052008182,0.116316667093379,0.218959665362099
66.55,0,511.635452584956,0.0424129089401266,0.821910604126887,0.111582421566531,0.21661661657807
66.56,0,512.978390761146,0.0434667389894641,0.822253763988664,0.110793745432424,0.217122034037773
66.57,0,514.333178419874,0.0437298678197603,0.822671371261363,0.112382061068828,0.2151396799786
66.58,0,515.699917052686,0.0442530406910552,0.823065709763962,0.112194466646111,0.214149160360364
66.59,0,517.078708208721,0.0428020749433708,0.821661806218467,0.110031947244879,0.213696531906209
66.6,0,518.469653496723,0.0421135324788152,0.820367653692191,0.113435248557444,0.217775696693925
66.61,0,519.872854587237,0.0404926879252192,0.821926349390142,0.109832664180115,0.213209179370324
66.62,0,521.288413215005,0.0421440366486966,0.822731221095295,0.114027191089154,0.215400913479293
66.63,0,522.716431181552,0.0391031809815746,0.8241870864806,0.112132645569376,0.21266700152243
66.64,0,524.157010357953,0.0387358091498858,0.823450677211982,0.111397410515427,0.214146015991586
66.65,0,525.610252687814,0.0403399328273013,0.822200327624841,0.110579999523864,0.214336853450935
66.66,0,527.076260190423,0.0380862924079197,0.822809135053537,0.108578140323016,0.214124623009545
66.67,0,528.555134964105,0.036641410907372,0.819327881226949,0.109223608595495,0.216255490350528
66.68,0,530.046979189774,0.0402918106283944,0.821642288050493,0.110448290211853,0.21614657572591
66.69,0,531.551895134661,0.0386795336010222,0.82340255908622,0.10703958835662,0.213492593666495
66.7,0,533.069985156257,0.0370077880690417,0.819406466164065,0.106972075803411,0.217063877662785
66.71,0,534.601351706427,0.0365302143270635,0.822609366586534,0.107785482128665,0.213549871791275
66.72,0,536.14609733574,0.0329884077480872,0.821435388213305,0.109945933444393,0.214645998515299
66.73,0,537.704324697966,0.0341206103715172,0.822042962822777,0.107338273043963,0.216222674285335
66.74,0,539.276136554798,0.0349526019564809,0.817574927556999,0.105510518848767,0.214148288397201
66.75,0,540.861635780732,0.0334906359816679,0.820622741399599,0.106902032106199,0.216266374714702
66.76,0,542.460925368179,0.0315659076934795,0.82058217224266,0.104606808571431,0.215762037491436
66.77,0,544.074108432735,0.0309354842812076,0.820005936717976,0.105954353483873,0.215117391033252
66.78,0,545.70128821867,0.0320422852275392,0.816303030006347,0.105870046004831,0.216705223518624
66.79,0,547.342568104601,0.0341066311156941,0.816715209515967,0.104168588288821,0.216896653910863
66.8,0,548.99805160936,0.0314806054950135,0.818361226833602,0.104228128376164,0.214945665579585
66.81,0,550.667842398055,0.0305034637136404,0.818281892083243,0.101836672363335,0.218036230144713
66.82,0,552.352044288332,0.0304629412958602,0.820618377639325,0.103603846446678,0.213742411172738
66.83,0,554.05076125682,0.0265973220525482,0.816476873978989,0.104667378691297,0.214731243181106
66.84,0,555.764097445783,0.0272071152548155,0.81758566952665,0.106308944902189,0.217107801386982
66.85,0,557.492157169954,0.028156401510902,0.81771954422239,0.103373825046726,0.216273044136012
66.86,0,559.235044923575,0.0270481650334806,0.816221652928641,0.105542397335452,0.218614877535629
66.87,0,560.992865387622,0.0270746605894945,0.817962937367876,0.10196519397962,0.214256887884055
66.88,0,562.76572343723,0.0255844406031106,0.815492874419694,0.103996034464193,0.213476672077158
66.89,0,564.553724149306,0.0268943217549537,0.817572108729057,0.105922754922124,0.21348737506163
66.9,0,566.356972810348,0.0237894309221883,0.815943110367756,0.101876279222754,0.214901846489375
66.91,0,568.175574924444,0.0233274248985339,0.81716138928331,0.101313326832877,0.213040023038591
66.92,0,570.009636221473,0.0241668418482038,0.818318745527929,0.101189322789991,0.21340932261304
66.93,0,571.859262665498,0.0211151397534725,0.816391681060659,0.102437509818193,0.21434433971424
66.94,0,573.724560463355,0.0226312920268704,0.816212443999336,0.103194534183704,0.214779227183244
66.95,0,575.605636073428,0.0184917556105988,0.814193513725332,0.0999165654548194,0.216488462604759
66.96,0,577.502596214629,0.0213155966068769,0.815116644524763,0.0992647323745117,0.216389570801755
66.97,0,579.415547875561,0.0210366836781342,0.813614123668713,0.100898901092391,0.216641359177508
66.98,0,581.344598323872,0.0199266383532728,0.816983097393356,0.0995232770969174,0.215160092107877
66.99,0,583.289855115812,0.0167071438770808,0.817363815771254,0.0975961287261085,0.215544273438133
67,0,585.251426105977,0.0178658728228227,0.815335746918598,0.100102075136556,0.215278765988682
67.01,0,587.229419457235,0.0178606774822399,0.815549427251359,0.095353303940797,0.217497190806321
67.02,0,589.223943650863,0.0163099347680341,0.814809485979854,0.0979030459727146,0.215519161728676
67.03,0,591.235107496851,0.0161560692403314,0.815513854411649,0.0962492169641331,0.216529903849991
67.04,0,593.263020144416,0.0133773315738144,0.814595771072206,0.0965106357159941,0.214127897380368
67.05,0,595.307791092697,0.0165425772662296,0.815828102897119,0.0986695485562359,0.216465400940033
67.06,0,597.369530201635,0.014087815033712,0.814628171568306,0.0976670533849196,0.215363714857215
67.07,0,599.44834770305,0.0137714727209479,0.815490291566596,0.0947805157591717,0.215421777891212
67.08,0,601.544354211897,0.0166891548243901,0.813775367339087,0.0990609567426963,0.214621508047188
67.09,0,603.657660737714,0.0115873450615951,0.813583208269403,0.0942290502036974,0.215083182958003
67.1,0,605.788378696257,0.0135329375917262,0.81356501260201,0.0970674915621637,0.216063680252874
67.11,0,607.936619921314,0.00968865828318234,0.813281734620113,0.0946888752007492,0.214823614104234
67.12,0,610.102496676709,0.00842705437572631,0.812412463472896,0.0956049434846559,0.213699082700956
67.13,0,612.286121668485,0.0100202627603618,0.813674154747139,0.0924180342342345,0.216729293365337
67.14,0,614.402498198609,0.00955693288188468,0.813986574866729,0.0934262099852371,0.215498608476027
67.15,0,616.42374665472,0.0095820953842388,0.816181287486377,0.0914652115840999,0.214392927236846
67.16,0,618.444071165251,0.00614824442248206,0.814566851340544,0.0949353152424741,0.215193900031688
67.17,0,620.418834206514,0.00797277927202161,0.814446489845046,0.0919036724947113,0.216436058630493
67.18,0,621.944233276329,0.00839179358403822,0.815149512906964,0.0911803036682,0.216727482661298
67.19,0,623.314690709892,0.00670859874160195,0.814570033996519,0.089062353533308,0.21511197976656
67.2,0,624.682594666778,0.00362265608680268,0.811881048437441,0.0947757352955565,0.216231252045396
67.21,0,625.949519638936,0.00604130067140421,0.815929406263917,0.0911087072595016,0.214079967996229
67.22,0,627.078687160068,0.00618089182975751,0.812373478306673,0.0922410181426887,0.215707585355781
67.23,0,628.196246768023,0.00394727325020632,0.814660009228748,0.0883044857970025,0.212524820901492
67.24,0,629.323526035643,0.00575859618868798,0.814206448616799,0.093578178742964,0.214095806283869
67.25,0,630.455337542432,0.004415981631325,0.812231578752428,0.08701024741437,0.213190260321725
67.26,0,631.596327822827,0.00509231584524707,0.813946557511363,0.0896718417079756,0.213500635382467
67.27,0,632.74893430879,0.00378800431273649,0.816212201198687,0.0884325939934476,0.212828498795402
67.28,0,633.909046694082,0.00241314997893235,0.811054880117327,0.0909173638653908,0.216042266913873
67.29,0,635.075276991677,0.00224807859843451,0.813052829714051,0.0897735065587471,0.216680009969241
67.3,0,636.252508026651,0.000767806027158777,0.813861356390715,0.0894906917533601,0.217032577048843
67.31,0,637.44063178255,0.00377497014252003,0.814944807813277,0.0910649803594213,0.215604280784784
67.32,0,638.633193162678,0.00284312145137129,0.811985402759238,0.0846058677138974,0.215625534654543
67.33,0,639.834984959972,0.00102619062985609,0.814169952059352,0.0865414847269089,0.214602011217738
67.34,0,641.048493052438,0.00174482471414946,0.814109278742446,0.0881848229547496,0.213820614128885
67.35,0,642.26856372377,0.0015836542814555,0.813032332931331,0.0885869280161052,0.213486205355411
67.36,0,643.493471221415,0.00120168862518765,0.813016881442007,0.0864931172510444,0.212673153243916
67.37,0,644.684558929179,0,0.80995631440044,0.0848026887401069,0.215777250727822
67.38,0,644.822590518473,0,0.812442161548171,0.0841932057073235,0.214154033369996
67.39,0,644.961678736999,0,0.814914456590078,0.0856611585686807,0.216572588255096
67.4,0,645.101819997391,0,0.812612603103132,0.0847067573596645,0.21428885789238
67.41,0,645.243010692793,0,0.811697422294544,0.0833167357586077,0.213776292831239
67.42,0,645.385247198409,0,0.810952057722711,0.0804939798796208,0.213578534876062
67.43,0,645.528525873029,0.00125809326363223,0.814270300397628,0.0825915303875492,0.21392414323229
67.44,0,645.672843060533,0,0.815813254224111,0.0828216736511383,0.217284492226368
67.45,0,645.818195091382,0.00246090199686717,0.811407298325618,0.0807142519777086,0.214609017688074
67.46,0,645.964578284081,0,0.812487427946252,0.083756076352819,0.219417087916618
67.47,0,646.111988946616,0,0.81158484071871,0.0818462138685129,0.214684049676992
67.48,0,646.260423377881,0.00230965494643593,0.810817332101776,0.082561761870592,0.214743577379575
67.49,0,646.409877869068,0,0.811142122158483,0.0823322150665874,0.214316305503836
67.5,0,646.560348705039,0.00123825545508215,0.810243020292945,0.0804050595933681,0.215498763225055
67.51,0,646.711832165676,0,0.816075783897304,0.0805154932476435,0.21593975073021
67.52,0,646.864324527198,0.000294944547352478,0.811005825841503,0.0816664827114881,0.217685648177006
67.53,0,647.017822063462,0.000412049334506457,0.812383419445757,0.0800660722505295,0.213320605760741
67.54,0,647.172321047227,0.000952993829515849,0.812804447248613,0.0801730729524289,0.214884300236379
67.55,0,647.327817751401,0.00163609151212906,0.81418864378995,0.0803312809182113,0.214886816676018
67.56,0,647.484308450258,0,0.811425397969189,0.0780736935364572,0.215280244025611
67.57,0,647.641789420621,0.000438375636343049,0.813188094973256,0.079254998201253,0.216242029139125
67.58,0,647.800256943025,0,0.812391163646901,0.0790274852684077,0.214701014458361
67.59,0,647.959707302851,2.02787812462442e-06,0.814643245823294,0.0763506553745922,0.216730353680658
67.6,0,648.120136791424,0.00195435297357352,0.812078166319445,0.0769030594301674,0.212537926687099
67.61,0,648.28154170709,0.0020537194684708,0.813665775895992,0.0796036067526028,0.214010972183792
67.62,0,648.443918356255,0,0.81427542195519,0.0741931372437459,0.215702394742207
67.63,0,648.607263054406,0,0.810617535193966,0.0757690383954782,0.216398312432519
67.64,0,648.771572127088,0.000152219549471156,0.810909279409289,0.0763177997859409,0.215842342702105
67.65,0,648.936841910859,0,0.815669171608157,0.074829646437211,0.21339249405832
67.66,0,649.10306875421,0.00160471011013122,0.814834253155557,0.0788701738699538,0.213916629963905
67.67,0,649.270249018459,0.000822310388963422,0.813311418571738,0.0777002318387241,0.212029035683466
67.68,0,649.438379078606,0.00237376793066713,0.814104029292917,0.0756517919312459,0.215660334524142
67.69,0,649.60745532416,0,0.813371590909066,0.0742550557847886,0.214438254671437
67.7,0,649.777474159938,0.000861686917853081,0.813038571444546,0.0756501081628078,0.216624524699199
67.71,0,649.948432006825,0.001427041815683,0.813589856745367,0.0749214138054264,0.215330655209403
67.72,0,650.120325302501,0,0.813777128342497,0.0733700379850895,0.217510186272619
67.73,0,650.293150502148,0,0.811450888961996,0.0726027406317494,0.215413705483329
67.74,0,650.466904079105,0.00200559183338131,0.814421611923538,0.0711799251101345,0.215129461458901
67.75,0,650.641582525507,0.00132642406772158,0.813042504200363,0.0730834726287084,0.214689265536739
67.76,0,650.81718235288,0.00202129765159771,0.813831517976743,0.07247963839205,0.214092960155635
67.77,0,650.99370009271,0,0.811965491169526,0.0688849515950278,0.214354903753257
67.78,0,651.171132296976,0.000112278997715172,0.814111095676997,0.0694392502461104,0.216651018348869
67.79,0,651.349475538646,0.000133480079361109,0.816188851564116,0.0718502029483876,0.215108401279849
67.8,0,651.528726412148,0,0.814279063106655,0.0696274050521896,0.212987278978738
67.81,0,651.708881533801,0.00260798407332815,0.811758821263278,0.0704450897578626,0.215282954668893
67.82,0,651.889937542213,0.000833241782019607,0.813570988976169,0.0686142769075821,0.215446760132988
67.83,0,652.071891098651,0.00148716517652881,0.810395436506878,0.0698354091070905,0.217059393967077
67.84,0,652.254738887373,0,0.81164201968005,0.0684165230599512,0.216878619477331
67.85,0,652.438477615925,0,0.812810248936905,0.0717298188529183,0.214770495097213
67.86,0,652.623104015413,0.000102609789209839,0.813764204189203,0.0685420402689189,0.21624177030411
67.87,0,652.808614840731,0,0.811364261284505,0.0686527022373726,0.213478434369602
67.88,0,652.995006870767,0.000846656139014217,0.811965529326945,0.0696648405278425,0.214028094973848
67.89,0,653.182276908567,0.00130787617757394,0.814313874943638,0.0667721882382915,0.214060774822308
67.9,0,653.370421781472,0.00354626518094589,0.815882034286069,0.0693869229741444,0.21194036667774
67.91,0,653.559438341219,0,0.816360731407558,0.0643507178190118,0.215488229543758
67.92,0,653.749323464011,0,0.814382339764819,0.0678806806256713,0.215069488898364
67.93,0,653.940074050558,0,0.813686699315212,0.0656213515435986,0.214891455280728
67.94,0,654.131687026078,0.00316288795438418,0.814440192478052,0.066359061480732,0.214002347825802
67.95,0,654.324159340273,0,0.815807193919794,0.0664363490189747,0.21684013656032
67.96,0,654.517487967273,0,0.815672942532615,0.0653064957901137,0.214949397389924
67.97,0,654.711669905543,0,0.817108267340752,0.0655366848617948,0.2160610541193
67.98,0,654.906702177765,0,0.816162087951063,0.0655404735724782,0.215371583050577
67.99,0,655.102581830688,0.000314788857253494,0.814060564073307,0.0632640820706167,0.214478730022155
68,0,655.299305934946,0.00310428993787109,0.816906007195352,0.0655919931919688,0.213768836261534
68.01,0,655.496871584842,0.0033996812235398,0.817652533506708,0.0632293490535723,0.216416306954465
68.02,0,655.695275898113,0.00218985337541403,0.814431354376375,0.0653666298426893,0.215292869927349
68.03,0,655.894516015656,0.000476914906456886,0.814896895166817,0.062601786973427,0.216070275191549
68.04,0,656.094589101225,0,0.813818091384691,0.0635637077229678,0.214010514857101
68.05,0,656.295492341105,0.000923886263825896,0.816594323995008,0.0600311281620105,0.21674211977137
68.06,0,656.497222943756,0.00161664762884219,0.816807945993628,0.0599417393628625,0.216527163058172
68.07,0,656.699778139423,0.000740053005151824,0.817751752485717,0.0619051782518689,0.217844555440293
68.08,0,656.903155179725,0,0.816976402393598,0.0623704484613337,0.216250627034411
68.09,0,657.107351337215,0,0.815045566371706,0.0617100423259639,0.215140741811272
68.1,0,657.312363904912,0.000202109875193773,0.813746670245184,0.061171749331561,0.2145011831462
68.11,0,657.518190195809,0.000621406208207733,0.81596150554939,0.0600065693182908,0.212780705928112
68.12,0,657.724827542352,0,0.819903733892124,0.0592981311738734,0.212293253517687
68.13,0,657.932273295897,0.00289628803651488,0.818181830113472,0.0622282203682331,0.216968079075529
68.14,0,658.140524826138,0.000207509915722822,0.818108076317979,0.0581209435335339,0.216404753969801
68.15,0,658.349579520517,0.00120871459601014,0.818189719412503,0.0583766991704735,0.21315378502967
68.16,0,658.559434783603,0.00181962814217116,0.817144317193495,0.0594936619937744,0.216430325046773
68.17,0,658.770088036452,0.00154413575194968,0.815940019561342,0.0579602623305443,0.213625547215535
68.18,0,658.981536715945,0.000372452912438724,0.817402053701483,0.0562043952071593,0.2139361923129
68.19,0,659.193778274099,0,0.815930796470629,0.058029310494107,0.215483589238207
68.2,0,659.406810177362,0,0.81850100433819,0.056614877644509,0.215619385314568
68.21,0,659.620629905881,0,0.818555921527378,0.0597854190550486,0.215108863974013
68.22,0,659.835234952757,0,0.81679605334275,0.0551632633954598,0.216185364717693
68.23,0,660.050622823272,0.00182880061399041,0.816826505629084,0.0584749894881332,0.215064568805883
68.24,0,660.266791034101,0,0.820670981114052,0.0577182821824456,0.218453013088458
68.25,0,660.483737112506,0.000139444040178021,0.820884047593319,0.0553953895678773,0.213440363081899
68.26,0,660.701458595508,0.000697436816193628,0.819844748648825,0.0572641830874698,0.213630927269217
68.27,0,660.919953029047,0.00327353354580018,0.8218405323898,0.0581097160492704,0.218378835137373
68.28,0,661.139217967119,0.00262758647311834,0.819200057273206,0.0523921787410788,0.215540641104641
68.29,0,661.3592509709,0.00156819066348791,0.824047462881849,0.0546991897495148,0.218142411013849
68.3,0,661.580049607854,0,0.821393934000908,0.0538909408082291,0.215193222993625
68.31,0,661.80161145083,0,0.819794373569474,0.0514709290946846,0.213794652096397
68.32,0,662.023934077133,0.00164645893091414,0.820280461002462,0.0540565807384501,0.216217915675917
68.33,0,662.247015067595,0.00148326991829766,0.820169445498445,0.054933387504482,0.213554610315811
68.34,0,662.470852005624,0,0.820605209158905,0.0543142998923811,0.214276742023066
68.35,0,662.695442476244,0,0.821992995244084,0.052493140360224,0.214920738572172
68.36,0,662.920784065124,0,0.822363743279558,0.0522526197457913,0.213568425225135
68.37,0,663.146874357594,0.00123735496840298,0.820850905381729,0.0511120380498392,0.214449694730258
68.38,0,663.373710937649,0.0009558082896252,0.819345030930673,0.0503722604861817,0.214200320973249
68.39,0,663.60129138695,0,0.822078972299467,0.0525766278622819,0.213957498554593
68.4,0,663.82961328381,0,0.821105265472071,0.0527894427669076,0.214789485691017
68.41,0,664.058674202172,0.000120422792316224,0.824198106179043,0.0514126754581708,0.21530210004684
68.42,0,664.288471710583,0,0.821125371867541,0.0492075722697028,0.21258987389263
68.43,0,664.519003371158,0.00151557933132716,0.823999111548921,0.0510464703147741,0.213790475717098
68.44,0,664.75026673854,0,0.824494045070865,0.0490641270823658,0.217112068780523
68.45,0,664.982259358853,0.00093804282132694,0.823592359329602,0.0503099747032595,0.210453592493292
68.46,0,665.214978768647,0.00120232850117094,0.825190333359691,0.0491736765888836,0.215460419777659
68.47,0,665.448422493849,0.000777827207716433,0.823541722394537,0.0481747583592013,0.217330152751323
68.48,0,665.6825880487,4.14342355015883e-05,0.823105771973629,0.0497870152942373,0.214130887193941
68.49,0,665.917472934693,0,0.824029131543849,0.0475800574177791,0.214097570097393
68.5,0,666.153074639511,0.000414701761249212,0.822431134263859,0.0483706344979916,0.215025049282058
68.51,0,666.389390635962,0,0.824454863229204,0.0494352618721577,0.214703268742532
68.52,0,666.626418380912,0,0.825650578616912,0.0482383332997156,0.216272281448235
68.53,0,666.864155314222,0,0.824195660718325,0.0463361275855218,0.215049803961475
68.54,0,667.10259885768,0.000544507150591726,0.825908389983708,0.0463953032740738,0.214833788465579
68.55,0,667.34174641394,0.000900118333704537,0.824943260401035,0.0466361539879013,0.214265868598318
68.56,0,667.581595365461,0,0.825558601382552,0.0479601107584043,0.215643554901736
68.57,0,667.82214307345,0,0.825359232263437,0.046045478905261,0.214425833192572
68.58,0,668.063386876801,0.000156404812830661,0.824755508333712,0.0446823359508672,0.21478143327421
68.59,0,668.305324091055,0,0.827409949012191,0.0439484255937226,0.214027414227561
68.6,0,668.547952007344,0.000652372948795549,0.82742619715196,0.0446172438191985,0.214485551626632
68.61,0,668.791267891357,0.000266820107783232,0.826400618567937,0.0456243186911708,0.214385564811295
68.62,0,669.035268982306,0,0.82663513584163,0.045633401996177,0.212795630521418
68.63,0,669.279952491895,0,0.828846567403845,0.0427851004587447,0.218515656755003
68.64,0,669.525315603305,0.00112151753884552,0.827768430158092,0.0451113963317654,0.217091908333892
68.65,0,669.77135547018,0,0.827387959350092,0.0451728418267075,0.215897445679884
68.66,0,670.018069215626,0,0.829320022002939,0.0421428502374527,0.215198436505723
68.67,0,670.265453931217,0.00245009621259193,0.827136332445217,0.042446973272901,0.213192918638158
68.68,0,670.513506676011,0,0.830114665282996,0.0424120194352192,0.214421179278953
68.69,0,670.762224475581,0,0.828990793106167,0.04342908801208,0.215889330685394
68.7,0,671.011604321051,0,0.828322926456401,0.042093013748473,0.213376558624814
68.71,0,671.261643168148,0.000565193134534461,0.828963461621661,0.0404261126387673,0.213499734935267
68.72,0,671.512337936264,0,0.829961749734187,0.0382369081164784,0.21352596106965
68.73,0,671.763685507537,0.000339956839600584,0.830160445681218,0.0432260276667743,0.214787551908905
68.74,0,672.015682725935,0,0.829599596549666,0.0409169453627829,0.213213277167299
68.75,0,672.268326396365,0.000529117397055811,0.831615539335069,0.0383476727723925,0.217463871971939
68.76,0,672.521613283791,0,0.830448695799139,0.0386915017044664,0.215779985877437
68.77,0,672.775540112366,0.000171427113859843,0.83059262333797,0.0383750618463874,0.213669792100225
68.78,0,673.03010356459,0.00070375760152701,0.833394808532053,0.0383913894239835,0.215865193811566
68.79,0,673.285300280468,0,0.832131198194734,0.0391324774015461,0.214655060148263
68.8,0,673.541126856698,0,0.832874013988484,0.0400078310796255,0.216707672249727
68.81,0,673.797579845876,0.000108552768655768,0.834051275453458,0.0362793013040599,0.215074307102707
68.82,0,674.054655755709,0.00222787899258978,0.834100637948373,0.0355816978000352,0.21633840310414
68.83,0,674.312351048255,0.000287873738137192,0.832520482943092,0.0399760006410746,0.215417254314055
68.84,0,674.570662139184,0,0.832587017912557,0.0371087517161662,0.213026072814627
68.85,0,674.82958539705,0,0.83440454589882,0.0385184767728641,0.216511181513715
68.86,0,675.089117142586,0.00257106572937399,0.834868604508903,0.0363667993045297,0.214663709697136
68.87,0,675.349253648027,0,0.832534736765974,0.0345489125151022,0.215436058674208
68.88,0,675.609991136439,0.00137907739234899,0.835143924762854,0.0364884872743792,0.215208566842835
68.89,0,675.871325781085,0,0.835057471374618,0.0354546428883791,0.213999494588604
68.9,0,676.1332537048,0.00117732783724285,0.834485028095945,0.0356409230003263,0.215577919305356
68.91,0,676.395770979393,0.00104046320282526,0.835320973783885,0.0353314284683772,0.214133002171343
68.92,0,676.658873625077,0,0.831496474112836,0.0371086336801351,0.214584211143561
68.93,0,676.92255760991,0.000936068800247356,0.835766174320813,0.0336977234682213,0.215787657271553
68.94,0,677.186818849266,0,0.836241901604769,0.0332310636265867,0.213812667890197
68.95,0,677.451653205334,0.000895127641975332,0.835046316947001,0.035051789744875,0.216795861012629
68.96,0,677.717056486629,0,0.83830076248331,0.0299799864013795,0.21451619643346
68.97,0,677.983024447535,0.000813900882800694,0.836374108357244,0.0333047480848856,0.214475252537397
68.98,0,678.249552787875,0.000207880519629878,0.839118977437223,0.0341596745818626,0.214767621641885
68.99,0,678.516637152496,0,0.837202643769309,0.0348089884234763,0.215980189157294
69,0,678.784273130889,0.000954061885657041,0.83845006394845,0.0365892625047728,0.214890849990677
69.01,0,679.052456256828,0,0.836475194745866,0.0299477876014654,0.21285540362489
69.02,0,679.321182008032,0,0.840278139541482,0.0282340159425463,0.215082892013946
69.03,0,679.590445805865,0.000122636391236192,0.837784450876619,0.030268543478502,0.213059542391761
69.04,0,679.860243015049,0.00244403815187101,0.839808419062538,0.031530252654664,0.214859129969258
69.05,0,680.130568943406,0,0.842235169430162,0.0326042680255056,0.214279824495662
69.06,0,680.401418841633,0.00021239732574545,0.838960730106859,0.0317139363792381,0.215578265346832
69.07,0,680.672787903094,0.00298945661711918,0.843062448446657,0.0299107455875668,0.215592771286304
69.08,0,680.944671263646,0.00132940397200602,0.840561815297387,0.028028721312562,0.214173108289839
69.09,0,681.217064001488,0.000744909612414748,0.842093212452533,0.0279468895357986,0.21822947402844
69.1,0,681.489961137039,0,0.840640953185983,0.0275334120529115,0.215971081469438
69.11,0,681.763357632839,0.00244579211445722,0.840479711008115,0.0291192850962129,0.21655382098254
69.12,0,682.037248393483,0.00238867997690865,0.8423826117879,0.0270823024495445,0.216480673819786
69.13,0,682.311628265577,0,0.844362351930217,0.027071693178474,0.216503357540992
69.14,0,682.586492037725,0.00122610793528775,0.84231946346235,0.025817670438298,0.21606398578019
69.15,0,682.861834440541,0.000430292079599632,0.842656871643462,0.028722398651784,0.215392854902764
69.16,0,683.137650146688,0.00173993172772593,0.84269358309169,0.0268291536564008,0.217157804712991
69.17,0,683.413933770947,0.00289353383532137,0.842819664216932,0.0286744460835617,0.214108773422936
69.18,0,683.690679870311,0.00146162752974079,0.844364515060186,0.0254649716702071,0.214046602241737
69.19,0,683.967882944108,0.0018329244021178,0.846640407344113,0.0258344174467642,0.216945286069168
69.2,0,684.245537434147,0.00225159084790849,0.843065874209671,0.0271201141324563,0.21588267867203
69.21,0,684.523637724902,0.00117294010654795,0.845768161953448,0.0255399004741327,0.214283969754922
69.22,0,684.802178143707,0,0.845600789319194,0.0252494863962891,0.212792717701114
69.23,0,685.081152960997,0.00140948547155188,0.843676524152204,0.0252165591278286,0.217351033651313
69.24,0,685.360556390555,0,0.845548295765207,0.0254928060807373,0.216058255778431
69.25,0,685.640382589811,0,0.846609660137896,0.0234937983454519,0.215030286804362
69.26,0,685.920625660143,0.000205418433654381,0.848774939906369,0.0238334733391461,0.213484472619723
69.27,0,686.20127964722,0.00026802289681858,0.847726654334178,0.0231212098268289,0.214003377996349
69.28,0,686.482338541372,0.000721088015082945,0.850733637506166,0.0221984431342208,0.217902110365749
69.29,0,686.763796277975,0,0.848302884697139,0.0225650935592817,0.213201443502269
69.3,0,687.045646737876,0,0.849200615663739,0.0224439187272275,0.214153840066462
69.31,0,687.327883747834,0.000987484379230755,0.84767173217303,0.0247154932434809,0.215097265687287
69.32,0,687.610501080994,0,0.850497099662129,0.0233290946450479,0.215074146527148
69.33,0,687.89349245738,0.00159615029524781,0.848875129627313,0.0206097889830315,0.214202452662597
69.34,0,688.176851544421,0.000148452129242855,0.848115489502743,0.0213230470107677,0.215480613456653
69.35,0,688.460571957497,0.00156305314919977,0.84806176608175,0.0208415435027363,0.215811089808966
69.36,0,688.74464726051,0.00247395811752577,0.849204739209777,0.019829529453622,0.218008301472701
69.37,0,689.029070966486,0.000354262226960867,0.853292375811288,0.0194344048235006,0.214053143411828
69.38,0,689.313836538192,0,0.848565694647521,0.0205294682105991,0.215393493499853
69.39,0,689.598937388785,0.00340645514084345,0.854181684665167,0.0188498894052273,0.216397717282
69.4,0,689.884366882482,0.00159084157636549,0.853586947189297,0.0184903131769115,0.215089636434626
69.41,0,690.170118335254,0,0.850932811785224,0.0192692979928567,0.215198847317095
69.42,0,690.456185015545,0.00225402265427804,0.854102671699167,0.0213107939446014,0.211875055757684
69.43,0,690.742560145009,0.00112294051081478,0.85515356656705,0.0198730574709834,0.214922397336812
69.44,0,691.029236899274,0.00122798248892891,0.853509487951591,0.0185937073410131,0.212811808878148
69.45,0,691.31620840873,0.000875448210221328,0.852456784915287,0.0163117992142804,0.21770124278303
69.46,0,691.603467759335,0.00348940990958322,0.854234615810612,0.0183226465957258,0.214147842664353
69.47,0,691.891007993442,0.000509836686118439,0.853247438027064,0.0191187452681308,0.212230282753277
69.48,0,692.17882211065,0,0.858160842040945,0.0192427866036474,0.213782292806706
69.49,0,692.466903068679,0.00198806586876486,0.855928916882797,0.0185669896379861,0.216105259662302
69.5,0,692.755243784253,0,0.856661154990847,0.0147530173934264,0.212053034146095
69.51,0,693.043837134021,0,0.856191454373811,0.0172633403177273,0.213218669787086
69.52,0,693.33267595548,0.00218062791208227,0.856183806111832,0.0173942696863776,0.21663339883517
69.53,0,693.621753047927,0,0.857967073503959,0.0156352500127428,0.214245653028567
69.54,0,693.911061173433,0,0.856367594245856,0.016538265821399,0.217139299210346
69.55,0,694.200593057819,0,0.856121225293169,0.0134321480629848,0.215896460263084
69.56,0,694.490341391673,0,0.857435522444875,0.0131486353089291,0.214576526654286
69.57,0,694.78029883136,0.000711745504017631,0.858388450763564,0.0153590674082845,0.215841529692668
69.58,0,695.07045800007,0,0.857228329404145,0.0139371207373119,0.214344779886362
69.59,0,695.360811488866,0,0.86080842082753,0.0112060180939787,0.21746505562625
69.6,0,695.65135185776,0.000965705985721981,0.858099336606503,0.0120276325367511,0.216295637469662
69.61,0,695.942071636793,0,0.859493256093045,0.0137732944836796,0.21485522807774
69.62,0,696.232963327143,0,0.859146253681494,0.0110812522141447,0.215704625369267
69.63,0,696.524019402232,0.0011465262987878,0.861546919517093,0.0121260132243567,0.215408392573375
69.64,0,696.815232308862,0.000813218871569556,0.861949575846665,0.0117961546877329,0.21537991195431
69.65,0,697.106594468349,3.0977356576865e-06,0.861684883961963,0.00891598252180207,0.214044438437903
69.66,0,697.398098277687,0.00113579499301912,0.86121951627127,0.0116348112857197,0.214174925521445
69.67,0,697.689736110704,0,0.865125397589297,0.0114244562913441,0.215177425122962
69.68,0,697.981500319251,0,0.862415231026711,0.0123289654620537,0.216167051748276
69.69,0,698.273383234379,0.000367392978606702,0.860938947575906,0.0111215762988474,0.215473794743357
69.7,0,698.565377167553,0.00065206971016884,0.864162852797699,0.00917158354445531,0.216785032838236
69.71,0,698.857474411846,0.00124889194782,0.86305859623985,0.010355225359038,0.216143612517036
69.72,0,699.149667243171,0.00179975517691835,0.864910609797906,0.00803757252838559,0.216154793639781
69.73,0,699.441947921501,0.000374266316262092,0.864169976191316,0.0107215096540699,0.213076747420099
69.74,0,699.734308692105,0,0.86408916611413,0.0125270779468211,0.215602599716613
69.75,0,700.026741786796,0.0014021818251865,0.864637792009779,0.00784155012922338,0.214027629690775
69.76,0,700.319239425177,0.00383105721950469,0.866707974583122,0.00694287237533142,0.214550335096825
69.77,0,700.611793815897,0,0.866762131891264,0.0072912837263455,0.215311687226805
69.78,0,700.904397157918,0,0.867755059155589,0.00809494892432651,0.215416784023707
69.79,0,701.19704164178,0.00120414950206834,0.86710005494384,0.00754054492935472,0.216466040873699
69.8,0,701.48971945087,0,0.868043185556071,0.00833544912540302,0.212202217141453
69.81,0,701.782422762706,0,0.867781169035428,0.00862888974966589,0.215980363707315
69.82,0,702.075143750212,0.00242268651069173,0.868410401332666,0.00571799636620882,0.211876804892332
69.83,0,702.367874583,0,0.868451665113129,0.00423087919162774,0.214783658213643
69.84,0,702.660607428658,0,0.869600842674541,0.00291287956596907,0.215337520691709
69.85,0,702.953334454036,0,0.866795793334149,0.00223079442202472,0.211793344532888
69.86,0,703.246047826531,0,0.869564142283848,0.00626906182674417,0.214924494700241
69.87,0,703.538739715381,0,0.868938325187527,0.00200102628461781,0.214695971140584
69.88,0,703.831402292946,0,0.869463205769972,0.00291993967104284,0.213709745013511
69.89,0,704.124027736001,0,0.870859004248172,0.00366303240045843,0.214778809751917
69.9,0,704.416608227022,0,0.87170936560854,0.0012142440589491,0.214864151040988
69.91,0,704.709135955464,0.000779077307186313,0.870134506811741,0.00344762141036037,0.214787858423352
69.92,0,705.001603119052,0.000867236826664423,0.871909776434679,0.00211642682211921,0.215496427163205
69.93,0,705.294001925052,0,0.872993878260174,0.00311879089388468,0.214660999355821
69.94,0,705.586324591551,0,0.873461217052989,0.00203736519103979,0.215972377994032
69.95,0,705.795164400206,0.000944391572236069,0.873604732072446,0.00127363203237958,0.215670548577044
69.96,0,705.954437620659,0.00119430940938637,0.873165690595583,0.00444568722569868,0.216012708490214
69.97,0,706.113700301566,0.00210287140507491,0.872580322461993,0.00363530269254926,0.214202201769379
69.98,0,706.272946164862,0,0.874365170854209,0.00110107365321572,0.213930137589359
69.99,0,706.432168937364,0,0.875222582978212,0.000421269013190244,0.213060619167269
70,0.1,706.591362351005,0.000792116132736876,0.876689418418605,0.00112085224763444,0.212955171687641
70.01,0.1,706.75052014308,0.000366798091955428,0.875895088219007,0,0.215970090524244
70.02,0.1,706.909636056478,0,0.875100158521753,0,0.216097610580704
70.03,0.1,707.068703839928,0.000951792460591591,0.878343465238059,0.00192506179182384,0.214111196494378
70.04,0.1,707.22771724823,0.00136746282719188,0.878023252520961,0,0.212887379811079
70.05,0.1,707.386670042494,0.000862517479599975,0.876854303452296,0,0.215955683052633
70.06,0.1,707.545555990379,0,0.877945352512153,0.00105607659671123,0.215750085497996
70.07,0.1,707.704368866319,0,0.876125309601744,0,0.214212847259715
70.08,0.1,707.863102451764,0,0.879704970337152,0.00099639851095037,0.213993152199643
70.09,0.1,708.021750535412,0.000121615927017369,0.877734675571252,0,0.213804392645855
70.1,0.1,708.18030691344,0.000687174627271178,0.88052514482382,0.000613012644858238,0.215013360778098
70.11,0.1,708.33876538973,0,0.877421941347112,0,0.215790845787816
70.12,0.1,708.49711977611,0,0.879184064364653,0.00208622203148758,0.21499204648959
70.13,0.1,708.655363892573,0.00193268295546148,0.878000153861049,0,0.216032853501843
70.14,0.1,708.813491567511,0,0.879309983369108,0,0.215553264942022
70.15,0.1,708.97149663794,0.000356777166822746,0.883189989255372,0,0.213293866714982
70.16,0.1,709.129372949726,0,0.881498099049512,0.00179820394954066,0.218211360567713
70.17,0.1,709.287114357813,0.00387594005313731,0.883352312512286,0.000719936481555269,0.216754267079846
70.18,0.1,709.444714726446,0.00327794637999152,0.881758886411173,0.000528637408829452,0.213471120423867
70.19,0.1,709.602167929393,0.000225062969793542,0.881022215547918,0,0.214516994414819
70.2,0.1,709.75946785017,0,0.885529833275091,0.00161687507426635,0.215497102581746
70.21,0.1,709.916608382261,0,0.884080527847405,0,0.210900611543818
70.22,0.1,710.07358342934,0,0.880852938038094,0,0.214248684097431
70.23,0.1,710.23038690549,0.00167416401298992,0.885382755487324,0.000408724472254293,0.217312201462686
70.24,0.1,710.387012735419,0,0.884010149397992,4.37249057700811e-05,0.215721394231542
70.25,0.1,710.543454854685,0.00096055589038432,0.886545268826987,0,0.214825556221735
70.26,0.1,710.699707209904,0,0.885194810480393,0,0.214889685549702
70.27,0.1,710.855763758972,0,0.882932659236332,0,0.216721913621009
70.28,0.1,711.011618471276,0.00303299847560382,0.885925819474312,0.00114497001887804,0.215941219713209
70.29,0.1,711.167265327911,0,0.887828403264738,0,0.214617407204257
70.3,0.1,711.322698321889,0.00364509011109404,0.888500049163997,0.00103096033341859,0.217031993283938
70.31,0.1,711.477911458356,0,0.885661946431792,0.00243769719179349,0.213732843732138
70.32,0.1,711.632898754797,0,0.885955934982472,0.00282570349821754,0.211894445402011
70.33,0.1,711.787654241248,0,0.888214815713977,0,0.218173081892936
70.34,0.1,711.942171960508,8.05834845645075e-05,0.887580407225461,0.00119189313372743,0.213853931374129
70.35,0.1,712.09644596834,0,0.885829661242061,3.14865794758757e-05,0.213697567720935
70.36,0.1,712.250470333685,0,0.887892780422743,0,0.21602995297842
70.37,0.1,712.404239138862,0.00152228687391421,0.888443912706346,0,0.215746204911175
70.38,0.1,712.557746479775,0.000561304160179111,0.891055705826639,0.00193242592641409,0.214423457129545
70.39,0.1,712.710986466119,0.00142299416375172,0.888890745834834,0,0.215604819755612
70.4,0.1,712.863953221577,0,0.888459557419811,0,0.216026709221108
70.41,0.1,713.016640884025,9.73316934662266e-05,0.891888884433897,0,0.215623174030232
70.42,0.1,713.169043605737,6.78947518268355e-06,0.891970578337558,0,0.216620489823164
70.43,0.1,713.321155553573,0.00308188242530975,0.891096797128829,0,0.215838847403518
70.44,0.1,713.472970909188,0.00207120963799518,0.891829346797624,0,0.213576136246894
70.45,0.1,713.624483869227,0,0.892562255872436,0,0.215086184642464
70.46,0.1,713.775688645518,0,0.894727758083716,0,0.21639819691526
70.47,0.1,713.926579465269,0,0.8909473022135,0.0011893345103802,0.214806268117309
70.48,0.1,714.077150571266,0.00247644494002073,0.894420317837641,0.00283578854002563,0.21569876221046
70.49,0.1,714.227396222061,0.00141109603328017,0.892847037543669,0.00017366362973727,0.217580332095962
70.5,0.1,714.377310692166,0,0.894815545209092,0,0.214254729872874
70.51,0.1,714.526888272247,0.00171186107749897,0.893545948450136,0.000935790384614184,0.2171419890815
70.52,0.1,714.67612326931,2.75469439852137e-05,0.894417090786815,0.000284424130960752,0.212111949792863
70.53,0.1,714.825010006892,0,0.894081818402238,0,0.216150545155256
70.54,0.1,714.97354282525,0,0.897534327523029,0,0.216181432690486
70.55,0.1,715.121716081547,0.000994836847418758,0.895879648194465,0,0.214843898831764
70.56,0.1,715.269524150036,0,0.895926824269655,0,0.216181494117221
70.57,0.1,715.416961422249,0,0.898822384180877,0,0.215611943063991
70.58,0.1,715.564022307177,0.00437422420708983,0.897147901978211,0,0.213922301518023
70.59,0.1,715.710701231457,8.98630338715113e-07,0.894498487799574,0,0.215946227603199
70.6,0.1,715.85699263955,0,0.897132427026548,0.00103442826040315,0.213798651170069
70.61,0.1,716.002890993919,3.09373568128611e-05,0.898311620058067,0.00138049962012506,0.214765494827668
70.62,0.1,716.14839077522,0,0.899692831907487,0,0.21884815018263
70.63,0.1,716.293486482466,0,0.89954447065694,0,0.21500819395475
70.64,0.1,716.438172633217,0,0.900813383052073,0.000381529213418247,0.213592746799594
70.65,0.1,716.582443763746,0,0.897835410018962,0.00278048515034136,0.218662679513347
70.66,0.1,716.726294429222,0,0.900103049578819,0.00123056486817037,0.214747786616452
70.67,0.1,716.869719203884,0.000622304273063392,0.902214483332103,0,0.215657562200614
70.68,0.1,717.012712681206,0.000972157639295558,0.902171385057799,0,0.212400134986998
70.69,0.1,717.15526947408,0,0.902412869473511,0.000396867753443102,0.214155460325069
70.7,0.1,717.29738421498,0.00301428801819641,0.902437974051082,0,0.217068064565009
70.71,0.1,717.439051556136,0,0.900549127919995,0,0.214043654459165
70.72,0.1,717.580266169698,0.00203108704507238,0.903436109974656,0,0.215535746630541
70.73,0.1,717.721022747911,0.000982805013596773,0.902300045081846,0,0.214860568708438
70.74,0.1,717.861316003276,0.00175069003762463,0.904148741769598,0,0.215424243557113
70.75,0.1,718.001140668719,0,0.903217042329025,0.000175395074177916,0.213503388463266
70.76,0.1,718.140491497753,0,0.903334553568626,0.000638011038634242,0.214923682800545
70.77,0.1,718.279363264645,0,0.905394528868775,0.000606688388274061,0.216634147504052
70.78,0.1,718.417750764578,0,0.903468965614935,0.000769291727023141,0.215161052927478
70.79,0.1,718.555648813808,0.000264896841138794,0.906977394398474,0.000632902395527422,0.217998846217382
70.8,0.1,718.693052249833,0.000195851945346993,0.905919728564488,0.000313692435090954,0.213643264300428
70.81,0.1,718.829955931543,0,0.90578258121779,0,0.216170712475588
70.82,0.1,718.966354739386,0,0.906418256168754,0.00138816509373227,0.215816927932373
70.83,0.1,719.102243575523,0.00155819443108722,0.905186758233535,0,0.214556512641607
70.84,0.1,719.23761736398,0.00121458429702781,0.906275129451685,0,0.215839393167161
70.85,0.1,719.372471050812,0,0.906173016466363,0.00268833336506793,0.216098450177166
70.86,0.1,719.506799604247,0,0.909656796686828,0,0.216478642511966
70.87,0.1,719.640598014849,0.00166230383719521,0.909321489129423,0,0.215735213584448
70.88,0.1,719.773861295663,0.00046864332310925,0.908372479362567,0,0.215169544301829
70.89,0.1,719.906584482367,0.00179433140013066,0.90996092322041,0,0.214650221984259
70.9,0.1,720.038762633426,0.000894953437935654,0.907739660976358,0.00183873631237109,0.214559186551879
70.91,0.1,720.170390830237,0,0.908558355626136,0.000157995861433391,0.213627652990648
70.92,0.1,720.301464177279,2.54143145777726e-05,0.908449256373379,0.00155931757129555,0.216688966171987
70.93,0.1,720.431977802258,0,0.90914771461632,0.00313187739535065,0.215119398983933
70.94,0.1,720.561926856254,0,0.911677277775564,0,0.215694881247696
70.95,0.1,720.691306513866,0,0.908014792080142,0.000121396000361548,0.214976830559859
70.96,0.1,720.820111973356,0,0.909522711695339,0,0.217414618597368
70.97,0.1,720.948338456787,0,0.91290271649833,0.000514314366717508,0.218322676850592
70.98,0.1,721.075981210173,0.00111942153758128,0.910188010220054,0.00180599884155122,0.216146535271213
70.99,0.1,721.203035503612,0,0.910546289282834,0,0.213336862066837
71,0.1,721.32949663143,0.00014549329405052,0.910777088033749,0,0.21483491673186
71.01,0.1,721.455359912318,0,0.911976904167056,0,0.215871568421258
71.02,0.1,721.580620689468,2.36441460670595e-05,0.911769097042941,0,0.216087735244689
71.03,0.1,721.705274330712,0.000487420581486185,0.913210274793809,0.000112609392282018,0.216522588056887
71.04,0.1,721.829316228655,0.00238951427101333,0.914104178200076,0,0.213481399269546
71.05,0.1,721.952741800812,0.000530872241981263,0.913630299093627,0.000749554026813484,0.215233484995128
71.06,0.1,722.075546489739,0.00311564476922497,0.912665182682177,0.00192399484527972,0.214584597240834
71.07,0.1,722.197725763165,0.000646821733159735,0.913946881335727,0,0.21410502804334
71.08,0.1,722.319275114126,0,0.913910388059114,0,0.214378484432701
71.09,0.1,722.440190061093,0.00161313795664834,0.91422697048747,0.00138969397947891,0.214061082254353
71.1,0.1,722.5604661481,0.000767617030957826,0.912586542380195,0,0.213317447032255
71.11,0.1,722.680098944875,0.00151839680968609,0.916197017718441,0.000398460691318045,0.215069391951935
71.12,0.1,722.799084046968,0,0.915332306308363,0,0.214333917374087
71.13,0.1,722.91741707587,0,0.919383677317149,0,0.215617641702447
71.14,0.1,723.035093679149,0.00175970986022384,0.917243573836996,0.000412461503879826,0.212478326392862
71.15,0.1,723.152109530563,0.00149569228068359,0.914133071995082,0,0.215188405667031
71.16,0.1,723.268460330192,0,0.916312801429907,6.14224973421505e-06,0.212509280075569
71.17,0.1,723.384141804554,0.00189356412220645,0.916524376519347,0,0.214392459783219
71.18,0.1,723.49914970673,0,0.917789182025064,0,0.214023317422044
71.19,0.1,723.613479816479,0.000128852889067282,0.916301067373385,0,0.213116540746765
71.2,0.1,723.727127940365,0,0.915699410190415,0,0.213726819495737
71.21,0.1,723.840089911867,0.001088283439198,0.918856016037244,0.00413608744392311,0.215544820857493
71.22,0.1,723.9523615915,0.00326780944145224,0.916634084322782,0.00151651260773889,0.213651022578597
71.23,0.1,724.063938866931,0,0.917378651591132,0.000675311723459285,0.214717441393761
71.24,0.1,724.174817653092,0,0.920960779270745,0.000289662690257733,0.214178929326538
71.25,0.1,724.284993892296,0,0.920527427546696,5.27223823994758e-05,0.216444626856489
71.26,0.1,724.394463554349,0,0.920254514279773,0,0.214555039967073
71.27,0.1,724.503222636664,0,0.921862518192643,0.00187858310833888,0.214641702459923
71.28,0.1,724.611267164365,4.57374860613777e-05,0.92069798919494,0,0.21676565316506
71.29,0.1,724.718593190409,0.000395932388869854,0.920964516541544,0.00121055356232461,0.215737579304068
71.3,0.1,724.825196795683,0.00059183420180203,0.918667911211458,0.000876916289183646,0.212911405296648
71.31,0.1,724.931074089118,0,0.921127507602694,0.00159775275414987,0.215251116084315
71.32,0.1,725.036221207798,0.000587104026469499,0.920492618263789,0.00146338434581327,0.21582131196409
71.33,0.1,725.140634317061,0,0.921167975121252,0.000152582452705061,0.215618150388676
71.34,0.1,725.244309610604,0.00198990237386393,0.922363100772917,0.000761631803806048,0.215765484148628
71.35,0.1,725.347243310596,0,0.922951745511996,0.000555541570652444,0.21509151210863
71.36,0.1,725.449431667766,0.00255803015703875,0.922252588542296,0,0.216919150683039
71.37,0.1,725.550870961522,0.000713590272058731,0.922888938208936,0.00200980759641891,0.216268838793977
71.38,0.1,725.651557500036,0.000225439586338558,0.924022729477536,0.00116576907555584,0.214634974181076
71.39,0.1,725.751487620358,0.000368791708281802,0.922189315576458,0,0.215418135223496
71.4,0.1,725.850657688505,0.00121170752550662,0.923987868369477,0.000775093829284749,0.213449030757918
71.41,0.1,725.949064099565,0,0.921103884135921,0,0.213921612920384
71.42,0.1,726.046703277792,0,0.925635458847811,0,0.21571907326394
71.43,0.1,726.143571676703,0,0.923449569319147,0,0.216793430233869
71.44,0.1,726.239665779174,0.00310157080107063,0.925139532191892,0,0.213308378795791
71.45,0.1,726.334982097531,0,0.922998355903488,0,0.216752529341392
71.46,0.1,726.429517173648,0.00155901196574601,0.921966285563103,0.000336948569134227,0.215594771585173
71.47,0.1,726.523267579037,0.00185371631526827,0.924698823289088,0,0.214271306756501
71.48,0.1,726.616229914939,0.000833923031625133,0.923260165075349,0.000749897053917694,0.214628891083943
71.49,0.1,726.708400812416,0,0.923067345272016,0.00186957579593661,0.216385811130735
71.5,0.1,726.799776932439,5.7800429324918e-05,0.925405287272165,0.000874699841262247,0.214963868315172
71.51,0.1,726.890354965979,0.000712239098186466,0.926946491137043,0,0.214557675826532
71.52,0.1,726.980131634091,0,0.926458443320308,0.00139738197804188,0.21302159987378
71.53,0.1,727.069103688005,0.000417277137075628,0.925479339786844,0,0.215191772356645
71.54,0.1,727.157267909208,0,0.928043490054083,0.000362281858879142,0.214235789625632
71.55,0.1,727.244621109532,0,0.928425684379659,0.000677585592467442,0.211293537811191
71.56,0.1,727.331160131235,0,0.931266803533452,0.00176907917365908,0.21732200565692
71.57,0.1,727.416881847087,0,0.927755692216346,0,0.2140289237452
71.58,0.1,727.501783160449,0,0.92723828763987,0.000726119973405294,0.215663151117614
71.59,0.1,727.585861005355,0.000278629998424227,0.930151782865032,0.00036055773779214,0.213169240677358
71.6,0.1,727.669112346594,0.0016089683735003,0.925883037259946,0.00213150403704037,0.215573098500261
71.61,0.1,727.751534179787,0,0.928515723667803,0.00157860481573644,0.213850256736013
71.62,0.1,727.833123531467,0.000445859899723237,0.926710953871824,0.000205847272067488,0.214058034173077
71.63,0.1,727.913877459154,0,0.929121783824257,0.00353378560215003,0.215159464989217
71.64,0.1,727.993793051435,0.00167798310978876,0.926154087602166,0.00148811206476313,0.214867180406116
71.65,0.1,728.072867428035,0,0.929131006721151,0,0.214869749529821
71.66,0.1,728.151097739895,0.00109430302420274,0.930660472866776,0,0.214711677961108
71.67,0.1,728.228481169246,0.00101092171300724,0.929296380669431,0.000618472603778575,0.215937921768216
71.68,0.1,728.305014929679,0,0.929341557944351,0,0.215528485677218
71.69,0.1,728.380696266218,0.00125381712893257,0.928298479769824,0,0.215412310898912
71.7,0.1,728.455522455392,0.00118050753887892,0.926964620465046,0.00119402404194058,0.216502859762521
71.71,0.1,728.529490805304,0,0.930477383025291,0,0.217017659538635
71.72,0.1,728.6025986557,0,0.930493054574354,0.00174421979600823,0.214619549034134
71.73,0.1,728.674843378039,0,0.931016757125193,0,0.212879181703374
71.74,0.1,728.746222375555,0.00093360362447833,0.931133972291568,0,0.215418967039459
71.75,0.1,728.816733083332,6.46527013993669e-05,0.932471701529828,0,0.214630788759432
71.76,0.1,728.886372968361,0.00157096872558792,0.930787862126611,0.000845764761802874,0.213740803551296
71.77,0.1,728.955139529609,7.30784468474978e-05,0.930277605888666,0,0.215866326357236
71.78,0.1,729.023030298082,0.000472197254343653,0.931684840545854,0,0.2167975520352
71.79,0.1,729.090042836889,0,0.930176719310212,0.000260589361187737,0.21468626373583
71.8,0.1,729.1561747413,0,0.932012394887973,0,0.215311102811119
71.81,0.1,729.221423638812,0.00180598001267726,0.930105848406401,0,0.216008355142736
71.82,0.1,729.285787189203,0,0.934303301354208,0.00185152272868728,0.212970353075204
71.83,0.1,729.349263084598,0.000773463807479522,0.930690163268372,0.0020240300971947,0.214003764149016
71.84,0.1,729.411849049523,0.001772286915642,0.933341031336345,0,0.216431978032965
71.85,0.1,729.473542840962,0.00161932830412355,0.932414679308825,0,0.213504832164727
71.86,0.1,729.534342248417,2.12322639806747e-05,0.936204189099343,5.46330793606658e-05,0.214590209141009
71.87,0.1,729.594245093961,0.00121040665695204,0.934468054514948,0.00090991675508132,0.213681168517847
71.88,0.1,729.653249232292,0.000149267816324896,0.929973056668803,0.0012345576372125,0.214252579766678
71.89,0.1,729.711352550789,0.000798885261393369,0.931743448098998,0.000812078054063626,0.213548814117263
71.9,0.1,729.768552969565,0,0.932914055156784,0,0.213994275179127
71.91,0.1,729.824848441516,0.000910746672167793,0.932672410150006,0.00137564844837015,0.215686237926446
71.92,0.1,729.880236952378,0,0.933284054972729,5.13401104859052e-05,0.215532569381416
71.93,0.1,729.93471652077,0,0.934348276101091,0.00187658024468813,0.216320908984324
71.94,0.1,729.988285198249,0.00149217500081573,0.93483402204629,0,0.212008171763592
71.95,0.1,730.040941069359,0,0.934960771630126,0,0.213971174395354
71.96,0.1,730.092682251672,0,0.932747790113364,0.00142047715152502,0.21297330680783
71.97,0.1,730.143506895844,0,0.934373439799502,0.0029696405825865,0.215302048623532
71.98,0.1,730.193413185653,0,0.935320942427155,0.000524708397920416,0.215777647217564
71.99,0.1,730.24239933805,0,0.934052742501691,0.00087772959810838,0.216371747686625
72,0.1,730.290463603199,0,0.93601463488483,0.00171280293018152,0.216715602328533
72.01,0.1,730.337604264525,0,0.938271435953702,0.00044472196023325,0.216745353965786
72.02,0.1,730.38381963875,0.00178439518170555,0.932683742685419,0,0.213949805331987
72.03,0.1,730.42910807594,0,0.934071499875079,0.000443914337143253,0.216766884607938
72.04,0.1,730.473467959547,6.46816957251553e-05,0.936491820194295,0,0.214840000178556
72.05,0.1,730.516897706441,0.000524470507426685,0.937043088826409,0,0.217090522752034
72.06,0.1,730.559395766958,0,0.933127474575432,0,0.217970246175774
72.07,0.1,730.600960624934,0,0.934893006619712,0,0.212762378497731
72.08,0.1,730.64159079774,1.23369232007006e-05,0.934551817104379,9.23518947751986e-05,0.215965731981623
72.09,0.1,730.681284836325,0,0.934579765828914,0.000438974692936373,0.212277144105823
72.1,0.1,730.720041325246,0,0.936878582497671,0,0.213221136189666
72.11,0.1,730.757858882704,0,0.935329205382974,0.000749047377373836,0.213850111949175
72.12,0.1,730.79473616058,9.53112103340057e-06,0.934013306579148,0,0.214521361428896
72.13,0.1,730.830671844467,0,0.9361046945822,0,0.214586593869574
72.14,0.1,730.865664653702,0,0.936168706854471,0,0.215061836886886
72.15,0.1,730.899713341394,0.00342866803836349,0.936015499116448,0.000326639866417845,0.213999339961889
72.16,0.1,730.932816694464,0,0.936796339962581,0.00282683041753698,0.215637806258201
72.17,0.1,730.964973533663,0,0.935170389075142,0.000168919875304236,0.214838030453265
72.18,0.1,730.99618271361,2.13826042123147e-05,0.935763516980647,0,0.213640449071237
72.19,0.1,731.026443122814,0,0.93845979459525,0.000494496532170298,0.213012028210641
72.2,0.1,731.055753683706,0.00128147204800791,0.936472722693006,0,0.216165041898589
72.21,0.1,731.084113352662,0,0.936108490055014,0.000895767049001743,0.213295803391736
72.22,0.1,731.111521120028,0.00157810805833922,0.937271048796245,0.000524234160236527,0.212835701929094
72.23,0.1,731.137976010148,0.000958512439483706,0.937054795646671,0.00184640246603172,0.213291397654825
72.24,0.1,731.163477081384,0,0.938734311465052,0.00161247018289563,0.214942292406829
72.25,0.1,731.188023426143,0,0.936558145581007,0.00154293772673081,0.215948543018914
72.26,0.1,731.211614170895,0.00101277583414444,0.939156875201549,0,0.214281365241379
72.27,0.1,731.234248476196,0.000688953130433659,0.936427320708118,0,0.216311166901456
72.28,0.1,731.25592553671,0.000644838479744524,0.935304174332936,0,0.219090562073504
72.29,0.1,731.276644581226,0,0.935277626905237,0.0011712056754009,0.215385170039939
72.3,0.1,731.296404872678,0,0.9353650422501,0.000788500755217746,0.215589316727754
72.31,0.1,731.315205708163,0,0.937431911224494,0.000439440686630132,0.217397180880348
72.32,0.1,731.333046418957,0.00104501453774155,0.936483894581966,0.000303157595171037,0.216069677641526
72.33,0.1,731.349926370533,0.00069017167742986,0.936702693173361,0.00041705757303419,0.215445533235846
72.34,0.1,731.365844962575,0.0023389590943828,0.942331673584203,0,0.216103943424247
72.35,0.1,731.380801628994,0.000427838099189335,0.938339028436708,0,0.214966570062055
72.36,0.1,731.394795837939,0.000247075234758367,0.940204056219017,0,0.215034048222248
72.37,0.1,731.407827091812,0,0.936295245984303,0,0.21642023079386
72.38,0.1,731.419894927282,0,0.937955624117388,0.00102815687633894,0.21644611858552
72.39,0.1,731.43099891529,0.0013791651609296,0.935638913304281,0,0.214695551162265
72.4,0.1,731.441138661067,7.51727911893049e-05,0.937201194955855,0,0.214835192324331
72.41,0.1,731.450313804138,0,0.937864850888311,0.00082149411343559,0.215274602940447
72.42,0.1,731.458524018333,0,0.936824540173221,0,0.213235445978266
72.43,0.1,731.465769011793,9.63626796940616e-05,0.939093722668304,0,0.217896759220299
72.44,0.1,731.472048526982,0.00147320851065003,0.938733035975439,0.00181073109434437,0.214841940838859
72.45,0.1,731.477362340687,0.000752693809643906,0.93723460775353,0,0.214782595233645
72.46,0.1,731.481710264026,0,0.93534621445411,0.00102905931908875,0.214993928694339
72.47,0.1,731.485092142456,0.00109723954334187,0.936733077732409,0,0.212868141721125
72.48,0.1,731.487507855769,0,0.936825183259358,0,0.215711454704194
72.49,0.1,731.488957318103,0,0.937393562034809,0.000881688956938831,0.218401964122966
72.5,0.1,731.489440477939,0,0.935832477862987,0.000155615805432116,0.212509919713032
72.51,0.1,731.488957318103,0.000516075487950415,0.93798784960076,0,0.218372017203251
72.52,0.1,731.487507855769,0,0.938140094606498,0,0.213413259420176
72.53,0.1,731.485092142456,0,0.939057105185534,0,0.212486411535548
72.54,0.1,731.481710264026,0,0.937179745539566,0,0.21378217620319
72.55,0.1,731.477362340687,0.00024634332241693,0.937382885605806,0,0.211883038240627
72.56,0.1,731.472048526982,0.00232063848203667,0.936876776004725,0.000606226056932668,0.215824438677293
72.57,0.1,731.465769011793,0.00175310682001584,0.938912617138277,7.74816829308762e-05,0.215600969778682
72.58,0.1,731.458524018333,0.000378209473351514,0.937132940389423,0,0.214351772844683
72.59,0.1,731.450313804138,0.00187993615263864,0.936336855765666,0,0.215128496255092
72.6,0.1,731.441138661067,0,0.937873865532016,0.00437919636955355,0.215946698975202
72.61,0.1,731.43099891529,0,0.934344787589181,0,0.215702640816912
72.62,0.1,731.419894927282,0,0.937452427402518,0.00151995604176235,0.215880117021899
72.63,0.1,731.407827091812,0,0.937756181255884,0,0.214842200544393
72.64,0.1,731.394795837939,0,0.940847059826632,0.000615394209722414,0.213562248540015
72.65,0.1,731.380801628994,0.000256754927860823,0.936278861934412,0,0.215861338593811
72.66,0.1,731.365844962575,0.000597420361398356,0.937111958940523,0,0.21181188429775
72.67,0.1,731.349926370533,0.000217322037429906,0.93668355304004,0.00103716871831238,0.21355199335078
72.68,0.1,725.947975771911,0,0.938387857946489,0,0.216459018731473
72.69,0.1,720.938472645239,0.00433199418811215,0.937064294498876,0,0.215651969003869
72.7,0.1,717.621282761441,0.00491893541773231,0.9382279912955,0,0.216189778454275
72.71,0.1,714.536693534559,0.0046382388925946,0.93627452760587,0.00296359001247964,0.213988817509065
72.72,0.1,711.451806561128,0.00610351042724271,0.933433380901821,0,0.214969933186029
72.73,0.1,708.370410111451,0.00657842310046383,0.937379938090485,0,0.215124705975024
72.74,0.1,705.294964137553,0.00702347402554945,0.938877968151774,0,0.216149553334997
72.75,0.1,702.225581075339,0.00784746341804156,0.937393497976081,0.00214527961385627,0.211921606423176
72.76,0.1,699.162283333511,0.00854199863733761,0.936670160062492,0,0.214504646076347
72.77,0.1,696.10511197904,0.0109525107524211,0.936809649519861,0.00214811589950238,0.214748071662089
72.78,0.1,693.054109646109,0.0119218000082448,0.936343427874506,0,0.215032678626129
72.79,0.1,690.009318737416,0.013034611614889,0.937756158795265,0,0.217364729891955
72.8,0.1,686.970781504826,0.0126322456144476,0.936371944427692,0.00101120793579845,0.214256514771873
72.81,0.1,683.938540063564,0.0137089340916731,0.938360978095653,0,0.216008467812688
72.82,0.1,680.912636385473,0.0137511204686225,0.938708822157442,0,0.213936384799379
72.83,0.1,677.893112292081,0.015638310091602,0.937124619019646,0,0.215150280127501
72.84,0.1,674.880009447926,0.0121572554833505,0.936554337356759,0,0.214422380520058
72.85,0.1,671.873369353974,0.0171655092950928,0.938295085094495,0.00103696484044743,0.215538742293514
72.86,0.1,668.873233341093,0.0173706893902226,0.936097085685304,0,0.213877238730685
72.87,0.1,665.879642563609,0.0183224362857073,0.937620768038678,0.000461080818918657,0.217174831893975
72.88,0.1,662.892637992936,0.0192801048608708,0.936997339025024,0,0.21689171617827
72.89,0.1,659.912260411267,0.0183180207017532,0.932940832199803,0.000443288950582416,0.215088497855557
72.9,0.1,656.938550405355,0.0198181076796471,0.93574347738005,0,0.215841518859122
72.91,0.1,653.971548360355,0.0204325713961683,0.933448755462854,0.000809670923994203,0.215133235942341
72.92,0.1,651.01129445375,0.020688913494017,0.93494480702867,0.000904177365365408,0.215424812647555
72.93,0.1,648.057828649343,0.0236494559394518,0.932040910232346,0.000649905265821819,0.216959802356131
72.94,0.1,645.11119069134,0.0235366005516902,0.935163394829451,0.00122083488735539,0.215164563792239
72.95,0.1,642.171420098491,0.0251436658148302,0.9354346138632,0,0.214122064597677
72.96,0.1,639.238556158322,0.0246552631205062,0.934089417491826,0.00144125711979455,0.21671320298897
72.97,0.1,636.312637921435,0.0254343645036331,0.935576424212589,0.00056385971517826,0.216229640706622
72.98,0.1,633.393704195894,0.0258468038222231,0.935221736299384,0.00160094762989836,0.216319349019031
72.99,0.1,630.481793541681,0.027407213574027,0.932611207899695,0.00106577748036396,0.214563424376423
73,0.1,627.576944265234,0.0279676864229631,0.933686539562362,0.00095791396589012,0.213864551624544
73.01,0.1,624.679194414066,0.028083934849798,0.937219551461595,0.00105039960542156,0.218982907927123
73.02,0.1,621.78858177146,0.0323261822949789,0.932193288734589,0,0.215136845441929
73.03,0.1,618.905143851243,0.0321458497571115,0.933223685123236,0.000415388217260607,0.216010747490693
73.04,0.1,616.028917892641,0.0322210945254486,0.929873409094438,0,0.212378528504814
73.05,0.1,613.159940855218,0.0348347264471924,0.931978913557814,0.00124460060873981,0.216640880953442
73.06,0.1,610.298249413888,0.0360523231762844,0.931607341602106,8.9572271885205e-05,0.212515570735406
73.07,0.1,607.443879954011,0.0351789182292436,0.934041217045895,0.00027853694040689,0.217075068617936
73.08,0.1,604.596868566574,0.0345713596990821,0.932632367159289,0,0.214536069480212
73.09,0.1,601.757251043448,0.0369825638972611,0.933785513162846,0,0.214906908880974
73.1,0.1,598.925062872725,0.0390469057639987,0.931451910582187,0,0.216404938861983
73.11,0.1,596.100339234144,0.0399965001863249,0.93363754242613,0.00249939318603149,0.21657677899019
73.12,0.1,593.283114994592,0.0423304157911283,0.931686530182555,0,0.21403993205977
73.13,0.1,590.47342470369,0.0393100502024507,0.930286105494581,0,0.215728171373975
73.14,0.1,587.671302589461,0.0403432933359917,0.933309630327983,0.000503075006245648,0.21530754210491
73.15,0.1,584.876782554082,0.0441687948180905,0.93171015651084,0.000999456185920965,0.21403250210711
73.16,0.1,582.089898169713,0.0408881755251283,0.931668790533952,7.99165257127061e-05,0.21592612816667
73.17,0.1,579.310682674413,0.0457006676575233,0.930226352808577,0.000699042626180891,0.216226098995873
73.18,0.1,576.539168968143,0.0466197572482489,0.933601838519931,0,0.216160561200359
73.19,0.1,573.775389608838,0.0459675205193876,0.933258469477805,0.0025177310561529,0.214790837509556
73.2,0.1,571.019376808579,0.0458286105538408,0.934677426209232,0.00105997099432379,0.217053983963657
73.21,0.1,568.271162429835,0.0493619032443269,0.930410413982813,0,0.214995932304278
73.22,0.1,565.530777981794,0.0500820087696448,0.932437887697509,0.00116541650104886,0.214672422357967
73.23,0.1,562.798254616775,0.0474035502704365,0.934674885269661,0,0.215525871616819
73.24,0.1,560.073623126726,0.0514085409426585,0.930325366897708,0.00371811148065949,0.21822167181554
73.25,0.1,557.356913939796,0.0486968472110045,0.930926147516669,0.00110774998592946,0.215414559367188
73.26,0.1,554.648157117006,0.051043227534889,0.930461339899926,0,0.215149345407532
73.27,0.1,551.947382348987,0.0514307347049217,0.929651725623784,0,0.215296533956993
73.28,0.1,549.254618952811,0.0533371632156457,0.928103052261462,0,0.217001691000395
73.29,0.1,546.569895868898,0.0541395588340798,0.931422512465312,0,0.216031991570979
73.3,0.1,543.893241658014,0.0557274562786044,0.931751439423962,0,0.215837506568767
73.31,0.1,541.224684498342,0.0567401630078893,0.92828982740304,0.00166733225839068,0.214732976847078
73.32,0.1,538.564252182644,0.0569932550425027,0.929447746761002,0,0.21512518233237
73.33,0.1,535.911972115497,0.0586971726853022,0.929820369534491,6.34478958516673e-05,0.216046328140718
73.34,0.1,533.267871310624,0.0604144405224488,0.92815576724888,0,0.211951207341163
73.35,0.1,530.631976388292,0.0587258354867062,0.929024034465755,0,0.214270759342792
73.36,0.1,528.004313572804,0.0607741713222931,0.930159466002644,0,0.212690038097012
73.37,0.1,525.384908690063,0.063773105881011,0.930268724541464,0,0.214371883176906
73.38,0.1,522.773787165229,0.0644809300579148,0.929885936215361,0.000532012363933403,0.214831729529291
73.39,0.1,520.170974020446,0.0632873510486456,0.927350291446785,0,0.215466683431631
73.4,0.1,517.576493872657,0.0643450810302492,0.926275651115911,0.000522494663867061,0.214574165043356
73.41,0.1,514.990370931499,0.0652983934549852,0.926949764044654,0,0.216024877783036
73.42,0.1,512.412628997275,0.0663195400224042,0.928927151603724,0,0.215897171147614
73.43,0.1,509.843291459014,0.0660958156803421,0.927512164244972,0.00314647716443121,0.213637996751931
73.44,0.1,507.282381292596,0.070806468835303,0.928694562320746,0.000485218225408804,0.214043039492349
73.45,0.1,504.729921058981,0.0695836954568091,0.926928474607556,0,0.215294105807566
73.46,0.1,502.185932902492,0.0699359798629666,0.927037229431141,0,0.214447115197092
73.47,0.1,499.650438549194,0.0708402082060614,0.926690588657784,0.000460112887230081,0.215134938366151
73.48,0.1,497.123459305345,0.0718864838630725,0.925566022080722,0,0.213752009872041
73.49,0.1,494.605016055928,0.0738966232240175,0.928644118243077,0.00141145186375511,0.214936047158609
73.5,0.1,492.095129263259,0.0741080627916388,0.925817856022201,0.0001154581244746,0.214409784469785
73.51,0.1,489.593818965672,0.07558703036909,0.925255348868311,0,0.214462650986613
73.52,0.1,487.101104776287,0.075270924621941,0.926288020286442,0,0.217231776742402
73.53,0.1,484.617005881849,0.0786353762466017,0.926293905610085,0,0.214276480841148
73.54,0.1,482.141541041646,0.0780939363006219,0.921743451943377,5.25669508003715e-05,0.214678137067378
73.55,0.1,479.6747285865,0.0776545583640179,0.923157583496811,0,0.214442272657417
73.56,0.1,477.21658641784,0.0825985374345087,0.923954825336086,0.000222913629207106,0.21633314173603
73.57,0.1,474.767132006847,0.0811628463762986,0.924016093551459,0.000538941810272695,0.213078865063345
73.58,0.1,472.326382393671,0.0800735998242977,0.921707385312095,0,0.216517765262408
73.59,0.1,469.894354186724,0.0809629399867104,0.921991015533592,0.00102174995319455,0.216205985189175
73.6,0.1,467.471063562051,0.0820947338343529,0.92308638669423,0,0.212721359917247
73.61,0.1,465.056526262769,0.0841927679520104,0.923544847428392,0,0.214283690426034
73.62,0.1,462.65075759858,0.087870710974226,0.920555142457135,0,0.215341389141966
73.63,0.1,460.253772445355,0.0881129494849968,0.922541838232885,0,0.213765231826319
73.64,0.1,457.8655852448,0.0858293677946599,0.920036039975322,0,0.215398532968769
73.65,0.1,455.958901873991,0.0894808728903191,0.922095362717448,0.0014422695272266,0.214250467621434
73.66,0.1,454.587110925972,0.0884327232738726,0.922614975682159,0.00206327905126343,0.214224369663344
73.67,0.1,453.251527675889,0.0907172293769008,0.92425199016904,0,0.214691599229644
73.68,0.1,451.977273528239,0.0892347789030897,0.922102189611313,0,0.215590006940556
73.69,0.1,451.159872075558,0.0913886790909055,0.923592915984397,0.00124567773045738,0.217198281675589
73.7,0.1,450.454761012866,0.090224963893252,0.919262358902592,0.00150558071692975,0.216847571137521
73.71,0.1,449.745471079784,0.0905270530955384,0.920054102898975,0,0.21493148601885
73.72,0.1,449.035063763082,0.0912730601213578,0.920309777487758,0.00175291432211465,0.215698793491385
73.73,0.1,448.325093688319,0.0905582713698744,0.917497281836708,0,0.216228993056934
73.74,0.1,447.611928503481,0.091230932920291,0.918754711774524,0.00141822630884858,0.216016105720478
73.75,0.1,446.895993133319,0.0929329109136706,0.918104492524178,0,0.213465949247223
73.76,0.1,446.181487165804,0.0924563419882459,0.917848822431241,0.000131730573672978,0.213478773851385
73.77,0.1,445.46483439201,0.092394933954567,0.917854810319869,0.00170348261070146,0.215230208208781
73.78,0.1,444.744853752766,0.0927155340811335,0.916545533380613,0,0.214473903473111
73.79,0.1,444.024651315112,0.0927520894015648,0.919462500438306,0.00131454406502393,0.21622744365208
73.8,0.1,443.30465703993,0.0947628690081588,0.91857479561424,2.82690534520889e-05,0.216076523063172
73.81,0.1,442.581693265101,0.0939730478557686,0.918503504889971,0.000430162876500866,0.213573868053185
73.82,0.1,441.856242453371,0.0915249015875801,0.917973523018628,0,0.214132033727065
73.83,0.1,441.132551703506,0.0946687354063819,0.917729858167368,0,0.214168425760887
73.84,0.1,440.40700069151,0.0935734674762059,0.91884309695088,0.000475241078207839,0.214695749603903
73.85,0.1,439.678393091818,0.09079276107186,0.917106424332225,0.000672941880733943,0.213723037889109
73.86,0.1,438.949784162903,0.0935812624216718,0.91468441035863,0,0.213583679624749
73.87,0.1,438.221598195327,0.0954630761049643,0.915644360116834,0.00331460993288205,0.215059166493995
73.88,0.1,437.49071036879,0.0951921862060794,0.917413712591311,0.000165385038545006,0.216920194969135
73.89,0.1,436.75759020879,0.0965016481177183,0.912402975940171,0,0.216105223462992
73.9,0.1,436.026383588157,0.095336728821549,0.913618347086674,0.000744994448683129,0.215554312122386
73.91,0.1,435.293558721834,0.0960573292657333,0.916736594179717,0,0.213350200275248
73.92,0.1,434.557948576322,0.0973325707483559,0.913444064968241,0.000942614949343808,0.214777309160841
73.93,0.1,433.822632440107,0.093753361925739,0.912774499612262,0,0.213679252688258
73.94,0.1,433.088037783513,0.09792419973955,0.915897205675411,0,0.215571862059419
73.95,0.1,432.351013880858,0.0967653661002858,0.913311323813112,0,0.216022325658435
73.96,0.1,431.61203074476,0.0957868621534912,0.913093565948135,0,0.214005718671
73.97,0.1,430.875253260105,0.0977280207185753,0.912720551132033,0.000130076006928041,0.214913726992937
73.98,0.1,430.137133434682,0.0994143702737968,0.91319424890917,0.00082552374807497,0.212692080551567
73.99,0.1,429.396497782884,0.0969813878671498,0.911527289344915,0,0.21404113611992
74,0.1,428.673276903695,0.0976254538950722,0.909546671139548,0,0.219412976494882
74.01,0.1,427.969962578493,0.0976730419935328,0.911686591261663,0.000624547117858442,0.214115429575819
74.02,0.1,427.265683076552,0.0994587060757075,0.909779107416106,0,0.213525728965444
74.03,0.1,426.580373909311,0.0989360970691509,0.911145606578883,0,0.216987590300254
74.04,0.1,426.042930760713,0.0990740224104592,0.909174136760276,0.00191925813361089,0.212465343818085
74.05,0.1,425.540607203023,0.100971396655344,0.910701422026286,0,0.212432590446155
74.06,0.1,425.03516496847,0.100807898712048,0.908493464966464,0,0.215886543630624
74.07,0.1,424.596030332171,0.102382640212721,0.909957432275074,7.17748922482247e-05,0.215834639425855
74.08,0.1,424.232309572351,0.100194970497615,0.910988391937883,0,0.213458242554129
74.09,0.1,423.870936342688,0.101696894183018,0.910636276355221,0,0.212181403236887
74.1,0.1,423.516540723944,0.0988980878345994,0.907574568556092,4.73885110285694e-05,0.217343850769454
74.11,0.1,423.233263481949,0.102566784685926,0.907904966394958,0,0.215871160840066
74.12,0.1,422.965662010636,0.102000566507909,0.908600912569559,0,0.21696728134145
74.13,0.1,422.694851601965,0.0983092491064692,0.905991568479106,0.000990957730734548,0.215551285225066
74.14,0.1,422.453396229976,0.100470051598088,0.907338232509966,0.00116617899760292,0.214920377983049
74.15,0.1,422.245680046667,0.103129789379036,0.905139573193675,0.000129561953274032,0.215885286695537
74.16,0.1,422.037454571405,0.100870415053855,0.905678055894283,0.000348732343580399,0.214518346602547
74.17,0.1,421.830924712357,0.100911932655938,0.906063245809398,0,0.215986628920512
74.18,0.1,421.65644320071,0.104399879283941,0.905526655358605,0.00249681239282213,0.214248398416424
74.19,0.1,421.487859806604,0.101745721163332,0.905851363861434,0,0.213199782741383
74.2,0.1,421.316243859315,0.102966117591001,0.902781167216182,0.000664097232099673,0.215559027242349
74.21,0.1,421.15687357446,0.102235355393725,0.903039059230684,0,0.215246811511852
74.22,0.1,421.01185467949,0.103408065156968,0.904267977416624,0,0.214837140432766
74.23,0.1,420.865141336712,0.103180020893647,0.905699297026944,0,0.216164842524653
74.24,0.1,420.717970480771,0.102181915754612,0.901788165963638,0,0.213188230731883
74.25,0.1,420.585783579427,0.103763488055498,0.905874126395316,0,0.215852170768511
74.26,0.1,420.455319959087,0.099617979069324,0.902897769866015,0,0.211990611787225
74.27,0.1,420.322043914604,0.104190603886609,0.901034778582262,0.00181910106473872,0.213374736455691
74.28,0.1,420.194819435553,0.103076720887997,0.899684056771681,0.000135490761842236,0.216938752929883
74.29,0.1,420.074891013795,0.102342376160589,0.902316861521507,0,0.211045110826527
74.3,0.1,419.95297309098,0.101824745704706,0.900080389693845,0.000981788248432968,0.216154410437358
74.31,0.1,419.829860760899,0.101759146596171,0.900265647512192,0,0.215714538699557
74.32,0.1,419.714949744931,0.102591477964313,0.900062098206717,0.000362224960429095,0.214809810135162
74.33,0.1,419.600204981552,0.100833513836057,0.902265766656281,0.000400889440778703,0.217202909312444
74.34,0.1,419.482875731897,0.100368604643296,0.90133240509581,0,0.214159479608579
74.35,0.1,419.368191613074,0.100851500172231,0.898917901354036,0,0.213197770383677
74.36,0.1,419.256909684672,0.104896597445011,0.900584409343646,0,0.216011690529797
74.37,0.1,419.143573949941,0.100832687294042,0.897453355666997,0.000746942200423996,0.214680620574439
74.38,0.1,419.028785907385,0.10091794622669,0.896609360343793,0,0.215614135503103
74.39,0.1,418.918837023804,0.101475470950313,0.898565401941199,0,0.214619452212915
74.4,0.1,418.808371115057,0.101823468988643,0.897728962515484,0,0.214020029677049
74.41,0.1,418.695554707314,0.102360469289674,0.898167089229557,0.00117666346680338,0.214117033913037
74.42,0.1,418.585109725218,0.102508550645507,0.895451716647636,0,0.21682513576503
74.43,0.1,418.477724979751,0.101688163903424,0.896810811767191,0,0.216733762044901
74.44,0.1,418.368481884628,0.103891349970198,0.897304348025454,0,0.213557348614689
74.45,0.1,418.257812199088,0.103634303505197,0.894971264579586,0.00149074901784369,0.213939851413751
74.46,0.1,418.150736658406,0.101066191725559,0.899572217293323,0.000200650945997368,0.212971618361991
74.47,0.1,418.043004895298,0.100297887530236,0.895634458223284,0.000258780090906385,0.213846325633083
74.48,0.1,417.93316031651,0.103461990130495,0.894822371346487,0,0.214713804517147
74.49,0.1,417.824796639543,0.101115261171444,0.892947679972262,0.000894675468284186,0.214573383413786
74.5,0.1,417.718453022117,0.102752530057145,0.893647230807371,0.000280000298525931,0.214324227372249
74.51,0.1,417.610399281629,0.101898974911386,0.893156055037372,0,0.213457193045962
74.52,0.1,417.501226796955,0.104164956205555,0.892394229935136,0,0.213045723068473
74.53,0.1,417.396309044124,0.102690050418889,0.892852825774154,0,0.216749499873793
74.54,0.1,417.291089562136,0.102027196799934,0.891666330522867,0,0.214215725213278
74.55,0.1,417.183999137984,0.100378278960339,0.891481567441496,0,0.216699610408484
74.56,0.1,417.078398436671,0.10151075833118,0.889981428533722,0.00223033402328678,0.213237131810983
74.57,0.1,416.974802575283,0.103796827892292,0.890901501938804,0,0.213599666136237
74.58,0.1,416.869722747547,0.103471566306647,0.890635531120785,0,0.215330719342601
74.59,0.1,416.76346433825,0.10222145356485,0.891325555744569,0,0.215109205163641
74.6,0.1,416.659575931057,0.101972675965715,0.89212141044096,0,0.215067114834547
74.61,0.1,416.555083167153,0.101318276388844,0.892108345909084,0,0.213939936967631
74.62,0.1,416.448964862408,0.102742663197732,0.887005598480445,0.000299276556774762,0.213675597621233
74.63,0.1,416.343282348418,0.102108697175003,0.890571944209173,0,0.21419535273739
74.64,0.1,416.23836844972,0.104797744581179,0.8878391797485,0.00263344349461948,0.213353458003688
74.65,0.1,416.132108868659,0.101104389384732,0.890116045965982,0,0.21470024687779
74.66,0.1,416.024885706159,0.101364243775003,0.886619313101484,0.00097118066071245,0.213573680331319
74.67,0.1,415.919982380466,0.104047778612449,0.890022592606781,0.000959269465582553,0.214308331889149
74.68,0.1,415.814649212657,0.100488127215463,0.886348627826776,0,0.217542200650622
74.69,0.1,415.707940221854,0.102252550345883,0.886433334876295,0.00174309085584946,0.213348407885714
74.7,0.1,415.60217759298,0.104369850991254,0.888868565562486,0,0.214395232990116
74.71,0.1,415.49773489901,0.105064246907159,0.887317834806315,0,0.216956483979473
74.72,0.1,415.392221343404,0.100735752548238,0.885554173459239,0,0.213531600497896
74.73,0.1,415.285815450179,0.102487773553933,0.88480530943141,0,0.218198798184715
74.74,0.1,415.180739824989,0.102405291146164,0.888443284691449,0,0.215477798285851
74.75,0.1,415.075164815494,0.102863131265359,0.88361635565761,0,0.213154035539094
74.76,0.1,414.96846562377,0.101309659926188,0.88518072476879,0.00260842931764433,0.216447688776654
74.77,0.1,414.861322485967,0.104295381026602,0.884149396926481,0.000546587202774542,0.216438762703801
74.78,0.1,414.753872476119,0.0996438002664094,0.883393097115691,0,0.214775026266751
74.79,0.1,414.64546281759,0.1006562859325,0.88608045484879,0.00331673047367532,0.214164002799819
74.8,0.1,414.536067468452,0.102203881959199,0.882905219933728,0.00121577006264338,0.215319686427424
74.81,0.1,414.425727519742,0.10050816735752,0.881721229662875,0.00037511940646268,0.214360422264742
74.82,0.1,414.314480497861,0.101712999417227,0.883666887527128,0,0.214041849742731
74.83,0.1,414.202363197349,0.102585173393284,0.879528268660898,0.0010967302077844,0.21700396116398
74.84,0.1,414.089412457306,0.101158287624925,0.882032645354997,0.00221923121206962,0.21674798525607
74.85,0.1,413.975665160003,0.103424597024335,0.87954264019878,0.000431626318209246,0.215256353121667
74.86,0.1,413.861158221352,0.103946476360675,0.879566317401399,0.00216814168282153,0.214217079681175
74.87,0.1,413.745928588557,0.101701405842865,0.875323149534648,1.19656731209981e-05,0.217522272292543
74.88,0.1,413.630013238135,0.104128173880021,0.880960625071667,0,0.216472318479973
74.89,0.1,413.513449173897,0.102651984533346,0.88159257475262,0.0008413747118607,0.214965795689526
74.9,0.1,413.396273424963,0.101251775243121,0.879893543127886,0.00202556620119768,0.216621888900887
74.91,0.1,413.278523043792,0.104847654334966,0.876802502530593,0.000182761194212756,0.214796430590039
74.92,0.1,413.160235104246,0.100715709629257,0.87663897451665,0,0.215663075458304
74.93,0.1,413.041446699679,0.103054787270793,0.877842113486393,0,0.214652691665451
74.94,0.1,412.92219494105,0.103757501408995,0.880281518068787,0,0.215157350380785
74.95,0.1,412.802516955072,0.103388601243706,0.878650248162635,0.000332438609609927,0.215498794632626
74.96,0.1,412.68244988238,0.101385116251872,0.877420972952026,0,0.215552263179617
74.97,0.1,412.562030875731,0.102824396599462,0.874513875143404,0.00281536972341336,0.217051651818867
74.98,0.1,412.441297098235,0.103080865657741,0.875396466055502,0,0.212321013250489
74.99,0.1,412.320285721602,0.100815338789193,0.876007128961535,0.00178946066973759,0.213432213124067
75,0,412.199033924435,0.104368183679906,0.877525622950046,0,0.214908560014193
75.01,0,412.077578890535,0.102353183098125,0.87361236889574,2.23105181781906e-05,0.215251515378936
75.02,0,411.955957807252,0.102439658129611,0.871491661184749,0,0.214047052693757
75.03,0,411.834207863841,0.100045548150186,0.87549590111077,0.00177763984370486,0.217404249328294
75.04,0,411.712366249875,0.101204211367127,0.873034368802111,0,0.215768923665422
75.05,0,411.590470153665,0.103248643734725,0.874406558816812,0.00194440116299545,0.213484506292506
75.06,0,411.468556760717,0.102869202555857,0.872041622134615,0.0011554815381559,0.215272730986282
75.07,0,411.346663252224,0.101429761253761,0.870262017498398,6.87900615501341e-05,0.21405937874223
75.08,0,411.224826803572,0.101456379930621,0.870709181042113,0.00099399412743902,0.215840439714417
75.09,0,411.103084582901,0.103669040703429,0.872928139792223,0.00224103835813929,0.214945756761083
75.1,0,410.981473749664,0.103766751692873,0.87054696180378,0,0.215889803098044
75.11,0,410.860031453243,0.102595332784971,0.870963712665482,0.000421282169167181,0.215311152116318
75.12,0,410.738794831577,0.103495104447768,0.870759582769579,0,0.213749351773796
75.13,0,410.61780100983,0.103769817633216,0.871297144023809,0.00145872221683361,0.214961050324294
75.14,0,410.497087099087,0.102623806767709,0.870174854491757,0.00201401537877493,0.214564692327997
75.15,0,410.376690195073,0.101346276775921,0.870299819365923,0.00110099495291605,0.213766176178273
75.16,0,410.256647376913,0.10246936745326,0.872005888724675,0,0.216084241939265
75.17,0,410.136995705915,0.10373228223824,0.867468758691954,0.00173872264426066,0.216491400684959
75.18,0,410.017772224383,0.100784126577697,0.865780921807044,0.00260607889175444,0.217065918417742
75.19,0,409.899013954464,0.101498328821913,0.867567761029106,0.000678779856603819,0.214235349471998
75.2,0,409.780757897025,0.10094895094728,0.866435137389386,0.0005685317093457,0.214529006908183
75.21,0,409.663041030557,0.103919627084321,0.864149269288282,0,0.214423564436318
75.22,0,409.545900310108,0.104997689249232,0.866861811683138,0.000176065105150108,0.215569149428353
75.23,0,409.429372666256,0.103262050605207,0.86570330868704,0.000787013573663051,0.215957973335152
75.24,0,409.313495004099,0.103338459963056,0.866462819945891,0,0.217446276152266
75.25,0,409.198304202286,0.100821769115052,0.864531473237267,0,0.21652983367823
75.26,0,409.083837112075,0.104004179854457,0.865291286250103,0,0.215253383292103
75.27,0,408.970130556417,0.103052676629098,0.86560174585415,0,0.219266674274334
75.28,0,408.857221329077,0.102011127501449,0.866954270594249,0.00113916381961349,0.21683509812553
75.29,0,408.745146193781,0.104216973988934,0.863561091526943,0,0.213962563915703
75.3,0,408.633941883396,0.104486071189811,0.863634587758783,0,0.21439280346806
75.31,0,408.523645099138,0.102683413927109,0.861906287861507,0.000365009637691585,0.214359470985003
75.32,0,408.414292509812,0.0988124271478667,0.862239928048825,0.000701870559015636,0.216808113999162
75.33,0,408.305920751078,0.102137212355521,0.861309756105029,0,0.214731897861528
75.34,0,408.198565623636,0.104233629310467,0.863756055144432,0.000542976537872347,0.214827306221108
75.35,0,408.092262972332,0.103724844874481,0.86243402445412,0,0.213879819941815
75.36,0,407.987050855282,0.101647178477496,0.860358280473156,0,0.215872844152632
75.37,0,407.882965768952,0.103822302071443,0.859727660906471,0,0.21338726791699
75.38,0,407.78004417346,0.10440771439554,0.860277634040516,0.000489464127218765,0.216683859413966
75.39,0,407.678322492032,0.102756299359544,0.859087135171625,0,0.214529004219367
75.4,0,407.577837110473,0.102714116795847,0.859470665893724,0.00135426805385309,0.216059763125451
75.41,0,407.478624376683,0.103011407179468,0.86023218930425,0,0.217369909472899
75.42,0,407.380720600192,0.101634811259725,0.85820903268273,0.00256037126453709,0.215902205480496
75.43,0,407.284162051728,0.101820790304834,0.855994055501209,0,0.216513355261897
75.44,0,407.188984962818,0.104994646818409,0.855932751613787,0,0.218032035770625
75.45,0,407.09522552541,0.103350107591328,0.857004420676225,0,0.215791593604539
75.46,0,407.002919891534,0.102940902724876,0.853712264033991,0,0.215394872895518
75.47,0,406.912104172982,0.102886268760555,0.857538169354219,0.000540974651220689,0.215493167248045
75.48,0,406.822535992956,0.102442999677852,0.857717505808703,0.000326358819301582,0.21922438493442
75.49,0,406.733203719729,0.103494182380661,0.855702659806498,0.000128000488913474,0.213907654629983
75.5,0,406.644030312633,0.103718580471141,0.852350332214981,0,0.215091691150622
75.51,0,406.555019397011,0.103245020633257,0.857054288855345,0.00017975361443638,0.216328055024151
75.52,0,406.466174593987,0.104527337222989,0.857327309762928,0.00111696886317433,0.211313144224092
75.53,0,406.377499520309,0.101304561844238,0.853326184012506,0.000815411808072469,0.213981097229753
75.54,0,406.288997788191,0.101733956670683,0.852529197801304,0,0.214167979455797
75.55,0,406.200673005154,0.103205950689435,0.855558040692489,0,0.215952563494645
75.56,0,406.112528773869,0.102194313015214,0.851446799646603,0,0.215023119193247
75.57,0,406.024568691994,0.101251841925403,0.853554946153038,0.000204922040151401,0.214589233299047
75.58,0,405.936796352022,0.105137224697585,0.853380334944195,0.000127588249018307,0.216896437288738
75.59,0,405.849215341115,0.102476915615915,0.853059154174739,0,0.214398917691025
75.6,0,405.76182924095,0.102208776937176,0.851565154374927,0,0.215272775663798
75.61,0,405.674641627556,0.105395550562485,0.852513078998171,0.000813678428702458,0.215027989814196
75.62,0,405.587656071158,0.102700442121793,0.851855114262211,0.001439457869047,0.214793943629107
75.63,0,405.500876136014,0.10234382908676,0.853213979513916,0.000399783957570934,0.21514845591819
75.64,0,405.414305380256,0.101013033140257,0.851191922397774,0,0.214772024812889
75.65,0,405.327947355733,0.102205182755794,0.851113405102342,0.0028447668035104,0.215928409464463
75.66,0,405.241805607846,0.102106040677578,0.849177725355243,0.00031541798954484,0.213551869369366
75.67,0,405.155883675392,0.103868544453033,0.847739310885437,0,0.2141366718089
75.68,0,405.070185090402,0.103466117652062,0.849230784926972,0.000297815821186992,0.216642084753468
75.69,0,404.984713377983,0.103539337252792,0.850295768076708,0,0.214810355709692
75.7,0,404.899472056152,0.105606793845639,0.848084751604671,0.000192299127435399,0.216947411402193
75.71,0,404.814464635682,0.104967221200419,0.848628304317904,0.000445362015665736,0.214837346312836
75.72,0,404.729694619938,0.101870465163026,0.849670619107139,0.000410240553230185,0.214589728317255
75.73,0,404.645165504717,0.100581500406704,0.849813208776921,0,0.213223013367187
75.74,0,404.560880778089,0.103266515352465,0.849146329010161,2.33351230395746e-05,0.215600701708847
75.75,0,404.476843920234,0.103397085938814,0.845223371579124,0,0.213565532464578
75.76,0,404.393058403281,0.105074482900133,0.844497060556576,0.00151807531642037,0.214240281412048
75.77,0,404.309527691151,0.103576583691397,0.84285891680761,0.000103579053432196,0.214696216312161
75.78,0,404.226255239395,0.101452112529571,0.845283022653493,0,0.21522712216793
75.79,0,404.143244495029,0.104609284834092,0.844315908772995,0.00132083674711979,0.213022899639122
75.8,0,404.060498896379,0.104665331065959,0.844235804462281,0,0.214090601254188
75.81,0,403.97802187292,0.103056009587796,0.841905281526284,0,0.216409654394574
75.82,0,403.895816845112,0.10424085785553,0.844191362564554,0.00118961347126259,0.215038225046732
75.83,0,403.81388722424,0.103542726525941,0.845559780561375,0.000943507192019829,0.215648615371048
75.84,0,403.732236412258,0.10329556782796,0.845664622527741,0,0.216257562906545
75.85,0,403.650867801624,0.104161782767285,0.841818219530451,0.00113462361591334,0.213059026234917
75.86,0,403.56978477514,0.105449648832778,0.845747567955213,0.00286073949792845,0.21428831987791
75.87,0,403.488990705796,0.103752888932181,0.844544706832062,0.000339393999470719,0.214272734521135
75.88,0,403.408488956605,0.103360614089021,0.841956762590072,0.00182536295470596,0.217040625120086
75.89,0,403.328282880444,0.102486645593426,0.84145188204623,0,0.216831872422787
75.9,0,403.2483758199,0.102512468033743,0.839375366044767,0,0.216711474246381
75.91,0,403.168771107099,0.103145411986992,0.841791589708377,0,0.213259905932801
75.92,0,403.089472063558,0.102407671833849,0.84155262784011,0.000452704801857962,0.216356278928889
75.93,0,403.010482000018,0.103361293659461,0.839722422319557,0.000202339253957024,0.211445891003098
75.94,0,402.931804216288,0.106205390707753,0.841823963991548,0,0.215015728512926
75.95,0,402.853442001083,0.105159706480594,0.839463780159037,0,0.214643911821848
75.96,0,402.775398631872,0.102013521117123,0.83882881972786,0,0.212157199292536
75.97,0,402.697677374709,0.103690650134984,0.838530336783114,0.000377695455107642,0.216857403062619
75.98,0,402.620281484083,0.103097724663909,0.841412849332923,0,0.215652807204775
75.99,0,402.543214202757,0.10583881227486,0.83694236988708,0.000511929127069352,0.215493126013177
76,0,402.466478761608,0.0999828869682251,0.837072900608955,0,0.215412081252701
76.01,0,402.390078379472,0.105304123697547,0.837380034802333,0,0.216012295305194
76.02,0,402.314016262985,0.103921095641223,0.837947905518546,0.000185908008835385,0.213643202628223
76.03,0,402.238295606425,0.102621968385471,0.836436215348045,0.000507997344218645,0.216064022836315
76.04,0,402.162919591557,0.101516403768257,0.839335915193968,0,0.214120726832205
76.05,0,402.087891387475,0.102575839691795,0.838122527875082,0,0.21463192151844
76.06,0,402.013214150446,0.102579450907937,0.836352555612602,0.000477400804573329,0.215370355569124
76.07,0,401.938891023753,0.104536252141185,0.83659421976037,0.00109629972491924,0.21628874930614
76.08,0,401.864925137539,0.102257260995784,0.836472943621472,0.00214295842243602,0.215215727063288
76.09,0,401.791319608654,0.099498995715536,0.834257532852499,0.000867915673803401,0.217714180816423
76.1,0,401.718077540498,0.102800708824326,0.835760186086835,0.000115735673794088,0.215575175162208
76.11,0,401.645202022864,0.102535856872572,0.833619097036604,0,0.216342260496268
76.12,0,401.572696131788,0.104546052089092,0.832664493420821,0.0013948111887737,0.216590957243158
76.13,0,401.500562929393,0.102365370376937,0.833841897405172,0.000772837864801962,0.215709618593333
76.14,0,401.428805463734,0.1048853798962,0.831388556722889,0,0.215385867191747
76.15,0,401.357426768646,0.102693698055906,0.833924041114991,0,0.214444240122227
76.16,0,401.286429863592,0.103761833674306,0.833706824881604,0.000264554107224356,0.214011029438732
76.17,0,401.215817753508,0.102809531630138,0.832690244521995,0,0.215951437402458
76.18,0,401.145593428654,0.104826820918283,0.835266496782646,0.00249042881063612,0.217674564033487
76.19,0,401.075759864461,0.100020066121759,0.832782508552207,0.000178203038010544,0.211850355326673
76.2,0,401.006320021377,0.104267292670265,0.834878398710324,0,0.215238410703723
76.21,0,400.937276844724,0.102836871132138,0.831685295352537,0,0.213239743091299
76.22,0,401.360810900154,0.102033274491378,0.832448084502896,0.000260671983430272,0.213440724077649
76.23,0,401.543290797573,0.102939216768427,0.832604650081227,0.000990050393785725,0.215505546955732
76.24,0,401.671452075671,0.101803062736926,0.830055479417428,0,0.218301593665888
76.25,0,401.803498499577,0.101974604085566,0.832663539636967,0,0.214051738715087
76.26,0,401.940290461414,0.10248936650717,0.830106029823083,0.000379757600176527,0.215859441817974
76.27,0,402.081327884373,0.101070916734258,0.831193456343818,0,0.216876238425122
76.28,0,402.226607708899,0.102765867236472,0.829837588629584,0,0.216843247723642
76.29,0,402.376167026769,0.102109014601783,0.829853032056515,0,0.215041147997924
76.3,0,402.530040162752,0.101970289484287,0.830043585762019,0,0.213988925534117
76.31,0,402.688260912673,0.100694591954222,0.827994928641717,0.00146174804895792,0.213262658238591
76.32,0,402.850863091844,0.101542517313559,0.828710244460029,0.000750819980164618,0.215357883136807
76.33,0,403.017880543786,0.101616126259702,0.828325723053502,0.00181951691503026,0.214915623623996
76.34,0,403.189347136666,0.102489113527518,0.830730747497562,0.00155192440154869,0.216872647778676
76.35,0,403.365296764442,0.102562009921423,0.826474024767771,0.000835313404181917,0.213111681772508
76.36,0,403.545763348397,0.10100871365605,0.82639115281927,0.00109177597664993,0.214032886991815
76.37,0,403.730780838658,0.102913246468987,0.828536788090977,0.0015192543719997,0.215738192595244
76.38,0,403.920383215718,0.101151818901989,0.824877468548362,0,0.216210812634081
76.39,0,404.114604491964,0.100376782725736,0.826846025719368,0.00222356932045202,0.216554004365882
76.4,0,404.313478713222,0.101611677425612,0.823096340010824,0.00274339201857384,0.213468727652639
76.41,0,404.5170399603,0.100575897299752,0.82888190753218,1.49637831255401e-05,0.213593592991166
76.42,0,404.725322350552,0.0992924259039257,0.824523707237077,0,0.215278341251562
76.43,0,404.938360039442,0.104533853792564,0.824958423907573,0.000392569364410806,0.217015487502294
76.44,0,405.156187222115,0.102477094444091,0.825470923183888,0,0.212316479561427
76.45,0,405.378838134983,0.0997063190905117,0.825139761078795,0.00237387520636125,0.214638362037828
76.46,0,405.606347057309,0.10043683316239,0.826308677286992,0.000990371609386179,0.215982566258898
76.47,0,405.838748312812,0.101402385951022,0.826424572489785,0.000583060033753143,0.214794169952489
76.48,0,406.076076271261,0.101338265172393,0.826889211124146,0,0.213168361873751
76.49,0,406.318365350092,0.0987096148761422,0.824218542524496,0,0.215183240298642
76.5,0,406.565650016021,0.0997124612170631,0.82381745013371,0.00104402341706929,0.213732775865332
76.51,0,406.817964786671,0.0994478511608865,0.825037857857591,0,0.217727187504574
76.52,0,407.075344232197,0.0998782562248903,0.821721423912745,0,0.215649136451087
76.53,0,407.337822976923,0.10027516064813,0.822770315248525,0,0.216355431821044
76.54,0,407.605435700982,0.100396814229603,0.82393852677493,0.00222091963471945,0.211422460654934
76.55,0,407.878217141961,0.098422597634383,0.822197825266375,0.00269742031157631,0.214924206443247
76.56,0,408.156202096553,0.0979826165465185,0.821666593696314,0,0.215166653041902
76.57,0,408.439425422207,0.0998059278809045,0.823221167808891,0.00193947220505133,0.217057129756076
76.58,0,408.727922038796,0.100992973882472,0.823783533908806,0.000589172156835238,0.215246928066284
76.59,0,409.021726930271,0.0958873115314558,0.823904882705686,0,0.218169129028307
76.6,0,409.320875146337,0.0978219732903304,0.819488592401504,0.00110886030071233,0.216335991064211
76.61,0,409.625401804117,0.0988776348071735,0.824587032898061,0.00217256803700078,0.214881971690519
76.62,0,409.935342089835,0.0942357080610254,0.821013565639234,0.000819006680833591,0.216448834571669
76.63,0,410.250731260484,0.0978921624928823,0.82071140819021,0.00202587909357484,0.214289376318461
76.64,0,410.571604645514,0.0968915040885413,0.819383990367471,0.00157797211888086,0.215340457844799
76.65,0,410.897997648513,0.096386619422672,0.820419263945822,0.00156230647755915,0.215910150146737
76.66,0,411.22994574889,0.0999532901866383,0.818258964944785,0,0.214140767135879
76.67,0,411.567484503568,0.0984162946048223,0.820412449809604,0,0.213973673221636
76.68,0,411.910649548666,0.0971512170606254,0.822499164093952,0,0.216487958332049
76.69,0,412.259476601198,0.0925036104242564,0.821101044765612,0.000805687905211442,0.21629297419355
76.7,0,412.614001460758,0.094336679101425,0.822127923772479,0.000663291491085843,0.215377114065751
76.71,0,412.97426001122,0.0952385092879581,0.819321016146225,0,0.216161487341651
76.72,0,413.340288222426,0.0948560865803439,0.820992623707308,0.000831963066480263,0.214379734417259
76.73,0,413.712122151884,0.0955870275073005,0.817513430029877,0,0.21517992464146
76.74,0,414.089797946462,0.0939367434488184,0.818649796812308,0.000728250039846624,0.215697129134582
76.75,0,414.473351844083,0.0947141577178706,0.816536520231628,0,0.216500628585751
76.76,0,414.862820175418,0.0943126340269755,0.820288101329455,0.00235858228784408,0.213800914600766
76.77,0,415.258239365581,0.0938515321570169,0.820285523276008,0,0.214352135402895
76.78,0,415.659645935823,0.0938639517901502,0.818678257538608,0.000380140948993592,0.214155647434512
76.79,0,416.067076505222,0.0967964834620565,0.819113235153567,0,0.214885733564145
76.8,0,416.480567792374,0.0947118116807198,0.818015664107317,0.00152732233567678,0.215890330390932
76.81,0,416.900156617082,0.094113030241742,0.816118128260804,0,0.215794577388279
76.82,0,417.325879902043,0.0936037805399064,0.818899796659184,0.00016543430983316,0.214987003872874
76.83,0,417.757774674534,0.0903584458385299,0.817213857135486,1.6162888487292e-07,0.212331684753835
76.84,0,418.195878068091,0.09068362130645,0.817453638685215,0,0.218853970783793
76.85,0,418.640227324192,0.0922715534377718,0.819306240530938,0,0.215940728121837
76.86,0,419.090859793933,0.0944268737799925,0.816742999577424,0.000510944562484384,0.215653682844185
76.87,0,419.547812939699,0.092699586941452,0.818060882757253,0,0.215557819068493
76.88,0,420.011124336834,0.0913642628641602,0.819100562003564,0.0022657654283998,0.215470113221462
76.89,0,420.480831675311,0.0939251463811934,0.818050088696994,0.000739828335813952,0.214803655105701
76.9,0,420.956972761389,0.0933366050358007,0.817148256674663,0.00071628824788702,0.217333447815752
76.91,0,421.439585519273,0.0922119572578742,0.814784745566395,0,0.216443779006716
76.92,0,421.928707992766,0.091833439106129,0.816788591587149,0.000855773876480895,0.215161920452109
76.93,0,422.424378346915,0.0933360415378515,0.814462026733748,0,0.214872684032114
76.94,0,422.926634869657,0.0922614324152979,0.815629955547974,0.000945699237384654,0.213313832447735
76.95,0,423.435515973455,0.0913820245610379,0.813660254930316,0.000659465543083465,0.215067314199573
76.96,0,423.951060196928,0.0908384265499935,0.815577383904002,0.0012246377503913,0.213197287909528
76.97,0,424.473306206474,0.0896266674370572,0.815577888697166,0,0.215687815689314
76.98,0,425.002292797896,0.088942730929941,0.815441903399425,0.00118327597868578,0.214490619149831
76.99,0,425.538058898007,0.0899772199005519,0.812817083747817,0,0.215206261675993
77,0,426.080643566239,0.0887620759204611,0.817506664629993,0,0.214172379409991
77.01,0,426.630085996241,0.0917948038068226,0.815705773102668,0.00156080202939585,0.21445295404863
77.02,0,427.186425517466,0.088704409755386,0.817179065091855,0,0.212660117402499
77.03,0,427.74970159676,0.0874570269687934,0.814439663336543,0,0.215262418536841
77.04,0,428.319953839929,0.0878410076144542,0.812646708606034,0,0.21505931002989
77.05,0,428.897221993312,0.0870463016964207,0.814959904901141,0.000422825603139015,0.214791210806722
77.06,0,429.481545945336,0.0879848604247736,0.813781978371096,0.00156422952740925,0.212575965232236
77.07,0,430.072965728061,0.0859814335145195,0.813045756688608,0.000665693632831071,0.212796987304671
77.08,0,430.671521518727,0.0880768224827151,0.813770544214737,0.00153164100878241,0.214580785666058
77.09,0,431.277253641276,0.0887573030572163,0.814193713162995,0,0.214184619610593
77.1,0,431.890202567878,0.0867536664853006,0.814354294100442,0.000214540051444994,0.215401234209539
77.11,0,432.510408920436,0.0833424360794026,0.813244261252538,0,0.212713583322064
77.12,0,433.137913472087,0.0878346221453537,0.813472407447565,0,0.216088438351462
77.13,0,433.772757148692,0.085459569266348,0.81260274671436,0,0.212623423698211
77.14,0,434.414981030312,0.0865085851010988,0.814661403300174,0.00194408823477679,0.216497560799591
77.15,0,435.064626352671,0.0872514594318146,0.813622957934824,0.00186683576472666,0.214564118148626
77.16,0,435.721734508616,0.0832212915837831,0.812910867092005,0,0.214675775451645
77.17,0,436.386347049553,0.0854373645642207,0.81328495664752,0,0.218174181009709
77.18,0,437.058505686884,0.0859585460903453,0.814485050501472,0.000267977752811264,0.216030247377097
77.19,0,437.738252293416,0.0862344235718618,0.812540509399061,0.000266436085541255,0.21516817392436
77.2,0,438.425628904771,0.0821403869821649,0.811758994700787,0,0.216688392629124
77.21,0,439.120677720778,0.0868876106236284,0.813573544193788,0,0.215698911667359
77.22,0,439.823441106842,0.0838986933929421,0.810988663117996,0,0.213727943652175
77.23,0,440.533961595316,0.0855238903244798,0.813822093605881,0,0.216346251185257
77.24,0,441.252281886847,0.0839240069077643,0.813381820451054,0,0.213270659801993
77.25,0,441.97844485171,0.0832738336670452,0.813899732591091,0.000184266036075911,0.215792261854407
77.26,0,442.712493531126,0.0806476281770615,0.811951774340715,0,0.214969718091752
77.27,0,443.454471138574,0.0818235351908429,0.810840909244965,0.00142222369397763,0.216127905229702
77.28,0,444.204421061068,0.0814635609716096,0.812294697861836,0.000535482182840461,0.213714693980663
77.29,0,444.962386860439,0.0803235114880274,0.809327337727409,0,0.213300718099385
77.3,0,445.728412274588,0.0811903468836242,0.81190671797319,0.00122960036300047,0.215792191042707
77.31,0,446.502541218728,0.0791251722430588,0.812559979168646,0.00191763676327613,0.216129551131549
77.32,0,447.284817786603,0.0796000110282251,0.814162383969513,0,0.215530892087009
77.33,0,448.075286251701,0.0783212472926692,0.812955086952103,0.00106383287318857,0.21579447607487
77.34,0,448.873991068433,0.0817667203436491,0.811842303025833,0.000391385829035391,0.212948113416598
77.35,0,449.680976873312,0.0782013151869321,0.811421739865369,0,0.217195102691446
77.36,0,450.496288486098,0.0782047725416306,0.812261419917383,0,0.214621131646806
77.37,0,451.319970910936,0.0785964146645119,0.810900978313182,0.000439488223200246,0.21405571793442
77.38,0,452.152069337468,0.0797444705260599,0.813665815140851,0,0.215071489793394
77.39,0,452.992629141929,0.0790008571467165,0.813638190384603,0,0.215239979132184
77.4,0,453.841695888222,0.0751087117023248,0.812046038761561,0,0.216341989879444
77.41,0,454.699315328971,0.0758697545634435,0.812206646566624,0,0.213352790162206
77.42,0,455.565533406559,0.0781506472892806,0.812043080245382,0,0.215750264430923
77.43,0,456.440396254139,0.0763414656662043,0.812858491890121,0.00252777113594747,0.216391355161976
77.44,0,457.32395019663,0.0762529775226469,0.815142491761666,0,0.213614365532914
77.45,0,458.216241751682,0.0768991472745442,0.813708422177875,0.000321645183456818,0.216394580658367
77.46,0,459.117317630633,0.0763582824103091,0.812709118157884,0,0.216997347380401
77.47,0,460.027224739429,0.0736597930589582,0.812361353595797,0.000599756569958825,0.215760970200111
77.48,0,460.946010179532,0.076304795984557,0.809651199633386,0.000298844059148289,0.214363465922362
77.49,0,461.8737212488,0.074383839995619,0.812291999589899,0,0.214946813205556
77.5,0,462.810405442345,0.0715984349039405,0.809420157874969,0.000430225394766867,0.214789806413441
77.51,0,463.756110453367,0.0749421579420735,0.813340695540381,0.00428657933727406,0.217384417207548
77.52,0,464.710884173961,0.0704102370326289,0.813016132842123,0.00207149615711849,0.215612979632814
77.53,0,465.674774695907,0.0727282361551357,0.808021344312247,0.000286483672034365,0.216939288581737
77.54,0,466.647830311425,0.0717934475030233,0.81367794037948,0,0.214241311849878
77.55,0,467.630099513914,0.0727920645052322,0.8110729444924,0,0.213890393393465
77.56,0,468.621630998657,0.0697636530221078,0.811886345563815,0.000808220533684281,0.217032463663974
77.57,0,469.622473663507,0.0728127641900592,0.813171207637217,0,0.216660926544713
77.58,0,470.632676609539,0.0700544004126717,0.81322029093651,0,0.213581562544933
77.59,0,471.652289141686,0.0679391410121555,0.813417145717026,0,0.215747755111557
77.6,0,472.681360769332,0.0669737402939095,0.812290399641688,0.00170965262206428,0.216576430880533
77.61,0,473.719941206894,0.070521268437384,0.814346858803201,0.00134759203775121,0.215833161903474
77.62,0,474.768080374362,0.0688559730588066,0.811634605495877,0.0013553359132818,0.215688746689692
77.63,0,475.825828397818,0.0701060276141748,0.813703886071802,0.00180066539874486,0.215104139120679
77.64,0,476.893235609927,0.0658465733161218,0.814518420136205,0,0.217015905090373
77.65,0,477.97035255039,0.0686190566899465,0.811174268669698,0,0.213454749694325
77.66,0,479.057229966377,0.0657148799044876,0.815182145729558,0.00185904680716302,0.215900628177714
77.67,0,480.153918812925,0.0679717133316487,0.813956020943585,0,0.216541514043109
77.68,0,481.260470253304,0.0655644949782232,0.813644838367608,0.00181306907688296,0.215961743002465
77.69,0,482.376935659353,0.0676053630673499,0.81155190234608,0.00224090699656863,0.214055443051811
77.7,0,483.503366611789,0.0630515979840351,0.812684863736981,0.00245577127860662,0.213301160931524
77.71,0,484.639814900475,0.0644254123498201,0.814101517007821,0,0.217267141549742
77.72,0,485.786332524665,0.0648776862903946,0.813326374707252,0,0.212708908008847
77.73,0,486.942971693208,0.0647324379908504,0.814926562800865,0.00238608161738053,0.216105911922292
77.74,0,488.109784824723,0.0642412495350133,0.812384611665039,0.00150816318219572,0.216047057028873
77.75,0,489.286824547742,0.0661138578564825,0.812799742878123,0.0008830272135074,0.216644477411665
77.76,0,490.474143700812,0.0633154773516409,0.81431584040938,0,0.215751114554875
77.77,0,491.671795332572,0.0587780233052097,0.811395423574639,0.000867865652021092,0.214609359718997
77.78,0,492.879832701783,0.0632955411789014,0.813950246085585,0,0.216931280729135
77.79,0,494.098309277335,0.0620025765679037,0.816929874211585,0,0.216172341922606
77.8,0,495.327278738208,0.0601095884011137,0.812267142218561,0.00165871575841416,0.21617957728119
77.81,0,496.566794973401,0.0609107205077605,0.813108563641895,0,0.21636648330972
77.82,0,497.816912081826,0.0590589334445063,0.812169947654269,0.00112494190378412,0.213910354922158
77.83,0,499.077684372158,0.0579617710224593,0.815905625402258,0,0.213804582908143
77.84,0,500.349166362653,0.0594259232171333,0.815403745496906,0.000845117768419303,0.215127285494974
77.85,0,501.63141278093,0.0570673972804149,0.816733824391097,0.0010723722808766,0.21288107862005
77.86,0,502.924478563701,0.0574933548479225,0.81203004142965,0,0.214136853732409
77.87,0,504.228418856479,0.056655227322476,0.812956726488563,0.000604069679341792,0.214012654935066
77.88,0,505.543289013235,0.0551048802948672,0.817362443663879,0,0.21547611302559
77.89,0,506.869144596017,0.0543215103585858,0.812352110079133,0.000874218403812092,0.214323178653506
77.9,0,508.20604137453,0.0559855451406845,0.814318410476298,0.000214494272413343,0.214486862574016
77.91,0,509.554035325674,0.0525295271021301,0.813901614270989,0.00147095371727041,0.21670902469469
77.92,0,510.913182633042,0.0549572525034079,0.815891959731175,0.00165910706192013,0.211743799346479
77.93,0,512.283539686369,0.0546985363731964,0.813535462030299,0,0.215947906790628
77.94,0,513.665163080952,0.0557790662801849,0.812858077903423,0,0.213948289994815
77.95,0,515.05810961701,0.0546014084636436,0.812395989250767,0,0.213705456003983
77.96,0,516.462436299016,0.0509551711660481,0.815121484845159,0.000683349975478316,0.214659662801938
77.97,0,517.878200334972,0.0515174524691144,0.815202446688446,0.000153983597823161,0.216149481633748
77.98,0,519.305459135651,0.0540963143188843,0.814391355984798,0.000344454319375745,0.214047140490429
77.99,0,520.744270313783,0.0512637212926437,0.816363028201011,0,0.215452226875322
78,0,522.194691683206,0.0498958584225612,0.815520321578046,0,0.215463863436894
78.01,0,523.65678125796,0.0528592690441502,0.817458203584358,0,0.216157683634016
78.02,0,525.130597251347,0.048078562402822,0.815527253498804,0.000213922817842582,0.215547266024685
78.03,0,526.616198074931,0.0487660654673093,0.814252528324965,0,0.217514389724878
78.04,0,528.113642337502,0.0522065581798168,0.815477613467514,0,0.216354253288509
78.05,0,529.622988843983,0.0468576475272055,0.815803941942308,0.000264836572134239,0.214057894369061
78.06,0,531.144296594295,0.0488047237532801,0.815245715980115,0,0.213353115504089
78.07,0,532.677624782169,0.0454209120654336,0.814166136687328,0,0.217237078503126
78.08,0,534.223032793909,0.0477149899518321,0.817306795668236,0.000112796829456262,0.213486936764903
78.09,0,535.780580207107,0.0462426060904126,0.817366575923355,0,0.215184702125699
78.1,0,537.350326789307,0.0444711052500109,0.815716018024738,0.000510924233805444,0.214437029741429
78.11,0,538.932332496617,0.0426792604717522,0.818479753222364,0,0.215175697917684
78.12,0,540.526657472267,0.0429241579117007,0.816109032941534,0.000883820908254708,0.215149504596387
78.13,0,542.133362045123,0.0421797158844455,0.819448576589978,0.00166542057489494,0.213277246967966
78.14,0,543.75250672814,0.0426954717937948,0.821198622145765,0.00115614808584221,0.213689807188506
78.15,0,545.384152216765,0.0448304857668786,0.816562559801632,0,0.215702024492698
78.16,0,547.028359387288,0.042016373738337,0.817645653370276,0,0.213185269240564
78.17,0,548.685189295138,0.0394641548189815,0.818975140985118,0,0.215993637737817
78.18,0,550.354703173124,0.0411701339498616,0.816311006335233,0,0.213536402497478
78.19,0,552.036962429621,0.0402008673542114,0.819401670961097,0,0.215449812308126
78.2,0,553.732028646703,0.0396361094157504,0.818829804343048,0,0.216117659871081
78.21,0,555.439963578213,0.0367710584206742,0.817008145651457,0,0.213825353267575
78.22,0,557.160829147786,0.03909082543652,0.818212827824001,0.00273633489707387,0.216875980696569
78.23,0,558.894687446808,0.038746776345047,0.815529762481232,0.00106881559518722,0.2164444704878
78.24,0,560.641600732321,0.0395110476135072,0.817751609818971,0,0.216236873564175
78.25,0,562.401631424866,0.0370354600498725,0.819864279566485,0,0.213332200852598
78.26,0,564.174842106274,0.0360439911709715,0.820542533490114,0.000648254735470327,0.213196147127397
78.27,0,565.96129551739,0.0346553076512514,0.821587679737434,0,0.214087686944915
78.28,0,567.761054555748,0.0347193208048237,0.819405048948516,0,0.21455547651054
78.29,0,569.57418227317,0.0366766488069152,0.819634066946364,0,0.215190697238837
78.3,0,571.400741873324,0.0353569651316633,0.821931992008292,0.000146772857121692,0.215122917114465
78.31,0,573.240796709207,0.0336987009967527,0.819509101669875,0.000181295635388092,0.215657197769771
78.32,0,575.094410280569,0.0294776537546168,0.820456658501833,0.00287779635459591,0.21507719844813
78.33,0,576.96164623128,0.033993917781547,0.821565941617076,0,0.213734151350227
78.34,0,578.842568346629,0.0307849411339341,0.821576502033937,0.00213228034697303,0.213700873019826
78.35,0,580.737240550562,0.0322386340863316,0.822255697209655,0,0.215375036683671
78.36,0,582.645726902861,0.0315684668694714,0.82181757365789,0,0.215234950658104
78.37,0,584.568091596252,0.028871016360416,0.820373198108405,0,0.213717056589234
78.38,0,586.50439895345,0.0279748254708818,0.822498550328911,0.000492107060817344,0.214992053516827
78.39,0,588.454713424145,0.0289585727133781,0.823457155215585,0,0.216234504199369
78.4,0,590.419099581916,0.0294401556368846,0.823285051636753,8.70679172982527e-05,0.214530610513525
78.41,0,592.397622121082,0.0283148167422581,0.819212342073979,0.000190088612486459,0.215799876109986
78.42,0,594.39034585349,0.0250101316881495,0.824620491592452,3.47368546758088e-05,0.217665822307851
78.43,0,596.397335705227,0.0275993358109008,0.820201433927217,0.00101470950031139,0.214416749300623
78.44,0,598.418656713274,0.0258603574184545,0.821193298752931,0.00123580930465359,0.216356930382705
78.45,0,600.454374022089,0.0252823600701897,0.82510384658511,0,0.213580093966421
78.46,0,602.504552880124,0.0266708667237036,0.823051215747797,0.00364072504871881,0.214529788349159
78.47,0,604.569258636269,0.0218173465899523,0.82506094223474,0,0.21476886066363
78.48,0,606.648556736228,0.0187411101421706,0.825673202187032,0,0.216521543765004
78.49,0,608.742512718833,0.0209946160918277,0.82250737826142,0.00081727486242588,0.214235072736075
78.5,0,610.851192212277,0.0227586754742382,0.823958517308896,0.00214235213798929,0.213757044515961
78.51,0,612.974660930285,0.0242431664629036,0.824423612601348,0,0.214735477439661
78.52,0,615.11298466821,0.0224119237495936,0.827436679152626,0.00259402369558291,0.21441659367006
78.53,0,617.266229299064,0.0209645559121324,0.82530129155099,0,0.215459454677995
78.54,0,619.434460769464,0.0205138779340307,0.82468949826919,0,0.215288893416104
78.55,0,621.617745095525,0.0184298583608991,0.826759101325347,0,0.214831054895176
78.56,0,623.816148358666,0.017786515507303,0.824120562172155,0.00251705136724211,0.217187351971711
78.57,0,626.029736701348,0.0184563756235161,0.826693940536514,0,0.213465257765648
78.58,0,628.25857632274,0.0165413125724149,0.826954000745593,0,0.215080773445694
78.59,0,630.502733474311,0.0152440428604843,0.828910702411846,0,0.215624372217567
78.6,0,632.762274455345,0.016364479124535,0.826633074313556,0.00231481961399002,0.215940453752083
78.61,0,635.037265608392,0.015175917421649,0.824973057476121,0.000531627256522754,0.215363776275296
78.62,0,637.327773314627,0.0132473181221828,0.827073569035755,0,0.214976054979976
78.63,0,639.633863989151,0.0138624434620332,0.827402398616007,0.00119014760789702,0.213688722626689
78.64,0,641.95560407621,0.0128530873942046,0.829789971623603,0,0.214496597448246
78.65,0,644.293060044334,0.0109734426651984,0.830733595820624,0,0.216076971803036
78.66,0,646.646298381409,0.0103409120509111,0.826422979680244,0,0.21453954225638
78.67,0,649.015385589664,0.0133071716162844,0.828167610886677,0.00216657361183826,0.212593949780864
78.68,0,651.400388180588,0.00881947317420214,0.828263189187435,0,0.215962092035836
78.69,0,653.801372669769,0.0106150121703521,0.831218299815429,0,0.214804753707638
78.7,0,656.218405571649,0.0107484758577539,0.826445958646557,0.00197029095739257,0.21466474370713
78.71,0,658.651553394212,0.00828340813262503,0.830368523300341,0,0.214164317426199
78.72,0,661.051983638041,0.00864941691472487,0.828511935951262,0.000857161619986441,0.21735647821264
78.73,0,663.109373964739,0.00617891864555686,0.829911243814927,0.00167323810039869,0.215157922751781
78.74,0,665.067098656185,0.00639437110302496,0.828826263711649,0,0.217022491919819
78.75,0,667.031945355449,0.00573759420233238,0.832040301631408,0.000462831180373124,0.214238343972831
78.76,0,668.708689817264,0.00860582546129786,0.832681637273256,0.000971097570615705,0.215021383830382
78.77,0,670.022829718256,0.00451965523574837,0.830424966376894,0.00054982952913034,0.214236347754346
78.78,0,671.302217768541,0.00320040555196182,0.830060220464312,0,0.214878212534962
78.79,0,672.581391659429,0.00416369671134388,0.830426102735397,0.0020573892528672,0.214603054842367
78.8,0,673.79836007218,0.00456538846882868,0.830591315417255,0,0.217711851486202
78.81,0,675.001593379078,0.00199774484874144,0.831937612473695,0,0.216348794195139
78.82,0,676.212454261203,0.00377732991412874,0.831345901313887,0.00116397478181099,0.214622695100222
78.83,0,677.427042431527,0.00316318006542245,0.835133247711733,0.0018978047161949,0.212829768938201
78.84,0,678.643971429069,0.00265659445664651,0.833125675500659,0,0.214524787032891
78.85,0,679.868820147635,0.00558447049228943,0.830497184239359,0,0.21440008232819
78.86,0,681.101191609286,0.00364472216289262,0.832050529232363,0.00133184151357263,0.215914598178736
78.87,0,682.333844990858,0.00383178543527109,0.833619012986757,0.000824532578369353,0.212578991284847
78.88,0,683.572461588712,0.00328957191738729,0.836519464752049,0,0.217782658655043
78.89,0,684.819519727048,0.00239435761008964,0.836997075379589,0,0.21295673885129
78.9,0,686.069925715993,0.0023140940623923,0.836463157416329,0.00115439925455259,0.216395198230399
78.91,0,687.322383665169,0.000226409470570758,0.836569205061333,0,0.215356879611128
78.92,0,688.582562962644,0.000639946881403862,0.837431713160048,0.000188986195358821,0.215143897053319
78.93,0,689.849857210792,0.000169611629656767,0.836976554174963,0.00142572475679569,0.214920760656713
78.94,0,690.762237705374,0.0020066372666911,0.837107013122595,0,0.217092648581258
78.95,0,690.890552431209,0.00307961640501307,0.835252950250787,0,0.214792148743266
78.96,0,691.01947020883,0,0.83821564255495,0,0.215541368962086
78.97,0,691.148985614958,0,0.837852851303908,0,0.214534279868544
78.98,0,691.279093204273,0,0.836564746114798,0,0.215080083888027
78.99,0,691.409787509684,0.00121889774426096,0.833972850224245,0.00102581843778085,0.216220063855247
79,0,691.541063042597,0,0.837011529630948,0,0.214446143676487
79.01,0,691.672914293187,7.61977039464137e-05,0.840430977473425,0,0.217439275409859
79.02,0,691.805335730664,0.000371645733388689,0.837321826601371,0.000205651055796751,0.214494497267769
79.03,0,691.938321803549,0,0.838517182633144,0,0.215289173603726
79.04,0,692.071866939941,0.00213929764233337,0.842497251943603,0,0.213764460954392
79.05,0,692.205965547791,0.00178938190766217,0.839464351350482,0,0.212446336616726
79.06,0,692.340612015172,0,0.841350420958766,0,0.214642199947323
79.07,0,692.475800710554,0.00130081594812329,0.840919635767509,0,0.215586423236801
79.08,0,692.611525983075,0,0.840942238909027,0.00111896904447443,0.2167450162602
79.09,0,692.747782162813,0.000703985095861198,0.841179598662259,0.00136214979384964,0.212739706444308
79.1,0,692.884563561062,0.000691654821958313,0.840932526712424,0,0.216233827020812
79.11,0,693.021864470603,0.000325265942363821,0.843319845800729,0.001524079964204,0.215989777465982
79.12,0,693.15967916598,0,0.84230802241452,0.00106362298287591,0.21536336986456
79.13,0,693.298001903774,0,0.841766279189894,0,0.215690401486387
79.14,0,693.436826922875,0.000641774045883342,0.843614560268281,0,0.216033987581898
79.15,0,693.576148444762,0,0.845346295081206,0.00019428434735573,0.213772069272269
79.16,0,693.715960673769,0.00030453584007241,0.844591998603345,0.000670131371446754,0.215130406421405
79.17,0,693.856257797371,0,0.845759415001425,0.00133647622807615,0.21414125336604
79.18,0,693.99703398645,0.000854876264941541,0.842992212647307,0,0.216501862410187
79.19,0,694.138283395576,0.000124893836290985,0.844393180642013,0.00070751632846494,0.21512164868914
79.2,0,694.280000163281,0,0.845120685196511,0.000123325590165387,0.213175101011064
79.21,0,694.422178412332,0.000207661947130539,0.84420235302413,0.00158034705964086,0.213050804311442
79.22,0,694.56481225001,4.93301665321842e-05,0.843862972103917,0.00143056572058514,0.213369174116744
79.23,0,694.707895768387,0.00177176810858223,0.847353858431685,0,0.215707693587697
79.24,0,694.851423044598,0,0.847933708707867,0.00101219803121562,0.21384221157692
79.25,0,694.995388141118,0,0.84942588182107,0,0.216609152740834
79.26,0,695.139785106041,0.000574305196591943,0.848204724920858,0,0.21567974366837
79.27,0,695.284607973351,0.000453741416590924,0.847119499292715,0.000486286019808163,0.214075734712284
79.28,0,695.429850763204,0.000277384132984253,0.847355229030185,0,0.216822297884732
79.29,0,695.575507482199,0.00245965314708985,0.848214718009983,0,0.216666300227152
79.3,0,695.721572123654,0.00110118734897534,0.845922805575279,0.000885516606927162,0.212981976081352
79.31,0,695.868038667888,0,0.847190851978665,0,0.214969007033269
79.32,0,696.014901082489,0.00200806918952625,0.847689980878789,0,0.214527256237856
79.33,0,696.162153322594,0,0.852132517028756,0,0.215642388777116
79.34,0,696.309789331165,0.000652700741391802,0.853681044082599,0,0.215981154846316
79.35,0,696.457803039262,0.00212707630072198,0.849527824931147,0.000539832869616315,0.212107817736809
79.36,0,696.60618836632,0,0.849403244784991,0,0.215141041238541
79.37,0,696.754939220427,0.00104659710150498,0.852482351955872,0,0.215184926486754
79.38,0,696.904049498592,0.000832838556690697,0.854475041480075,0,0.214708023096807
79.39,0,697.053513087028,0.000981641468577681,0.850695097898098,0.00209768067034726,0.214522944778166
79.4,0,697.203323861421,0,0.849986663709919,0.000739090116006354,0.214746051006794
79.41,0,697.353475687205,0.000332039044427757,0.852072476294679,0,0.213446506622973
79.42,0,697.503962419843,0.000287656749676165,0.853056219398227,0.00387120575252052,0.214023967056187
79.43,0,697.65477790509,0.000576332704328524,0.852374567402456,0,0.215010919055538
79.44,0,697.805915979278,0,0.852517933171905,0,0.214172796722944
79.45,0,697.957370469579,0,0.853721386731344,0,0.213383978580991
79.46,0,698.109135194289,0,0.854897319717988,0,0.214888499851441
79.47,0,698.261203963092,0.000466539290841848,0.855128319082199,0,0.214770183764271
79.48,0,698.413570577339,0.000352370219277951,0.856160869380185,0.000998384637763187,0.214337998245822
79.49,0,698.566228830315,0.000405289206979678,0.854586105247266,0.00276831934547637,0.216457889543078
79.5,0,698.719172507516,0,0.856172015600449,0,0.212488284138901
79.51,0,698.872395386917,0.00214142940675925,0.858433027128214,0,0.213421170993949
79.52,0,699.025891239245,0,0.855563881105546,0.00159169672218698,0.216868197015187
79.53,0,699.179653828252,0,0.857612591622197,0,0.218804126509844
79.54,0,699.33367691098,0,0.857126668699311,0,0.2138192706588
79.55,0,699.487954238037,0,0.856559623071347,0,0.215050234983893
79.56,0,699.642479553863,0.000571433328183719,0.86213303727646,0,0.213290155254978
79.57,0,699.797246597,0,0.85760992457068,0,0.217734550986676
79.58,0,699.952249100363,0.000463285871210065,0.857454732661489,0.00176622564146217,0.213457200806705
79.59,0,700.107480791506,0,0.8595030935206,0.000826437073570502,0.21551205869894
79.6,0,700.26293539289,0,0.859098877445542,0,0.214810439710995
79.61,0,700.418606622153,0.000771915723285141,0.857715599885432,0.00101390268400366,0.213954854689753
79.62,0,700.574488192374,0,0.859722734733893,0,0.217413718069666
79.63,0,700.730573812343,0,0.858613392898399,0.000165203160363827,0.214880422713258
79.64,0,700.88685718682,0,0.86005869245657,0.00041357225356686,0.21386042473846
79.65,0,701.04333201681,0,0.85845147424859,0,0.214297380340811
79.66,0,701.199991999821,0,0.862628949462658,0.000427931043219981,0.218313279462867
79.67,0,701.356828209074,5.19338396003327e-05,0.862125337384905,0.000784904406630193,0.214412555792445
79.68,0,701.513835577281,0.000837834842929178,0.860353098850125,0,0.213548258433712
79.69,0,701.671009169366,0,0.861870017206758,5.81739341748925e-05,0.214147073894856
79.7,0,701.828342671659,0,0.864810272293047,0,0.213729091873534
79.71,0,701.98582976831,0,0.862653960527248,0.000202599933817281,0.215642393853526
79.72,0,702.143464141553,0,0.864759889547776,0.00127580791270937,0.214445840930678
79.73,0,702.301239471965,0.00334794857566906,0.861644524360822,3.07098586089937e-05,0.215968743421168
79.74,0,702.459149438725,0.00301863385375915,0.863961658530391,5.98985550294352e-06,0.215066366157929
79.75,0,702.617187719879,0,0.866571996811275,0,0.215549058141965
79.76,0,702.775347992591,0,0.863412878465154,0.000200470446878326,0.213440344958292
79.77,0,702.933623933407,0.00115323797454132,0.863766423051331,0,0.214448075480774
79.78,0,703.092009218512,0.000644011040734775,0.866589148269091,0,0.213735903777599
79.79,0,703.250497523985,0.00114693098595193,0.868888042853274,0.000437372080802296,0.213325026032992
79.8,0,703.409082526056,0.00313033276982841,0.864910733178346,0.000799488077271495,0.2154009050204
79.81,0,703.567757901361,0,0.865884320263346,0.000758276770941481,0.214447462485013
79.82,0,703.726517327201,0.00216456155167818,0.871050928832986,0.00109763655103905,0.213619223821871
79.83,0,703.885354481788,0,0.869280726539027,0,0.21902153032428
79.84,0,704.044263044507,0.000819468951631574,0.867008698821006,0,0.214484903297133
79.85,0,704.203236696163,0,0.870514960125036,0,0.214354528781003
79.86,0,704.362269119235,0.000193012934227066,0.869481978049044,0,0.214246722737429
79.87,0,704.521353998127,0,0.868893571522478,0.000615689340296095,0.214021561940079
79.88,0,704.68048501942,0.000242466179837204,0.868905716636384,0,0.212284935335638
79.89,0,704.839655872117,0.000877248148332027,0.870815166107197,0,0.213616484905229
79.9,0,704.998860247898,0.00159987525679305,0.870555474148671,0,0.212787815548155
79.91,0,705.158091841364,0,0.871966913111387,0,0.213791413062611
79.92,0,705.317344350286,0,0.872830410399642,0,0.21484884912346
79.93,0,705.47661147585,0.000694844812528722,0.871132690126231,0.000161961459749743,0.216137383303899
79.94,0,705.635886922904,0,0.870354553931157,0,0.21533285574859
79.95,0,705.795164400206,0.000420766998574009,0.874315331260596,0.00216982774773286,0.215613566006181
79.96,0,705.954437620659,0,0.871275089294895,0.00017440000030595,0.215135277745955
79.97,0,706.113700301566,0,0.872264395266895,0.0034250973684147,0.216454379030388
79.98,0,706.272946164862,0.00121667566019689,0.876690428820774,0.00136129250161882,0.212646382383143
79.99,0,706.432168937364,7.74902700369871e-05,0.876020192913199,0,0.215277751828243
80,0.1,706.591362351005,0,0.876423323620318,0.00150470533878485,0.217750126513199
80.01,0.1,706.75052014308,0,0.8748587624993,0.00195637726213562,0.215358412636779
80.02,0.1,706.909636056478,0.00142891326464853,0.873313874777213,0,0.216548915571772
80.03,0.1,707.068703839927,0.000796583604006167,0.874244236000634,0.0022598081860821,0.215431251859997
80.04,0.1,707.22771724823,0,0.877193217021374,0,0.215391077723095
80.05,0.1,707.386670042494,0.000451507196781752,0.877075270515823,0.00308715394415471,0.212469407890956
80.06,0.1,707.545555990379,0.000385957657018453,0.876676041410843,0.000588408860779789,0.213804959716428
80.07,0.1,707.704368866319,0,0.879741585475522,0,0.2131614526479
80.08,0.1,707.863102451764,0,0.87822646217642,0.000396669343230756,0.214443779785643
80.09,0.1,708.021750535412,0.00132640158737877,0.877275941485374,0.000526090863673275,0.214165102503982
80.1,0.1,708.18030691344,0,0.878909393352383,0.00207085033252199,0.212841465814423
80.11,0.1,708.33876538973,0.000990359518113967,0.88066946713057,0,0.21608704286586
80.12,0.1,708.49711977611,0.000233932838872936,0.881230254253191,0.00359392948915723,0.214815889855305
80.13,0.1,708.655363892573,0,0.880156935236443,0.00120276753255796,0.211719819940033
80.14,0.1,708.813491567511,0.00139596655416121,0.879366589940919,0.00117422999503665,0.213807832417238
80.15,0.1,708.97149663794,0.000727370415266324,0.880431738574004,0.000350150406251627,0.214952649275047
80.16,0.1,709.129372949726,0,0.879596375069832,0.000405781554283606,0.213604659507032
80.17,0.1,709.287114357813,0,0.881067837771831,0.000165449254310972,0.215241939298195
80.18,0.1,709.444714726446,0.00186681319327269,0.882916391160747,0,0.213365960014192
80.19,0.1,709.602167929393,0,0.883976459431669,0,0.215873112677136
80.2,0.1,709.75946785017,0,0.881527735747295,0,0.215692791161186
80.21,0.1,709.916608382261,0,0.882567783898595,0.000811663743904353,0.214342526774923
80.22,0.1,710.07358342934,0.000996086457138455,0.886116980915718,0,0.212402823309858
80.23,0.1,710.23038690549,0.000392522059992842,0.885640805582928,0.00114065017701242,0.216584171139486
80.24,0.1,710.387012735419,0.00131714660516721,0.882389007207179,0,0.21685869356862
80.25,0.1,710.543454854685,0,0.884504320514102,0,0.213614094230812
80.26,0.1,710.699707209904,0,0.883744016825551,0.00073950745435049,0.214422170151356
80.27,0.1,710.855763758972,0,0.885845506877278,0.000187280734183986,0.214251600274229
80.28,0.1,711.011618471276,0.000649287384162782,0.885976060910607,0,0.215356846667243
80.29,0.1,711.167265327911,0,0.885644394849904,0.000462757756476951,0.215822046112342
80.3,0.1,711.322698321889,0,0.887467862231749,0,0.216485778445679
80.31,0.1,711.477911458356,0,0.884570090812035,0,0.212543834891677
80.32,0.1,711.632898754797,0,0.886894203721851,0,0.213091802487247
80.33,0.1,711.787654241248,0,0.889380762699349,0.00149487659219041,0.215463744372679
80.34,0.1,711.942171960508,0,0.88749142531259,0,0.213941531369088
80.35,0.1,712.09644596834,0,0.888833288340866,0,0.217753029298273
80.36,0.1,712.250470333685,0.000547194895022389,0.889350671653343,0.00212162211326073,0.216202754740935
80.37,0.1,712.404239138862,0,0.88943149191865,0,0.213812921491196
80.38,0.1,712.557746479775,0,0.891494720349109,0,0.213406663596732
80.39,0.1,712.710986466119,0.000927734600148601,0.889923273563267,0.00169311684916061,0.214879810697319
80.4,0.1,712.863953221577,0.00115404943305054,0.890772388955253,0,0.213842617676006
80.41,0.1,713.016640884025,0,0.890478163189632,0.00340876738334299,0.215189768438358
80.42,0.1,713.169043605737,0.00273845880694155,0.891283296123061,0,0.214249013631091
80.43,0.1,713.321155553573,0.00124111145711172,0.89385585177952,0.000536170386466954,0.215620503851172
80.44,0.1,713.472970909188,0.00147447251516606,0.890555670845837,0.000553528355468401,0.215762227009038
80.45,0.1,713.624483869227,0.00159293458347439,0.89365307669778,0,0.215058480763477
80.46,0.1,713.775688645518,0.00239454192377559,0.893087376458823,0.000915033763403197,0.216158338428385
80.47,0.1,713.926579465269,0.000715501388127124,0.895482173731738,0.000281488356124187,0.214143379325797
80.48,0.1,714.077150571266,0.000372145422213818,0.894099774415237,0,0.215165349697914
80.49,0.1,714.227396222061,0,0.894205302423979,0.00021227041737327,0.214691709768139
80.5,0.1,714.377310692166,0.00127263115177105,0.893891757297997,0.000961144386262647,0.215454251188964
80.51,0.1,714.526888272247,0,0.895314721793034,0.000727113460931614,0.214701983898081
80.52,0.1,714.67612326931,0.00290787426933241,0.896653955184279,0.00193544202719011,0.213986643355158
80.53,0.1,714.825010006892,0.00101842414000714,0.896255156085143,0,0.216052244369501
80.54,0.1,714.97354282525,0.000237344593106749,0.895470291477787,0.00486770146363247,0.21599402343195
80.55,0.1,715.121716081547,0.00172026333022884,0.895307769383449,0,0.215161474164566
80.56,0.1,715.269524150036,0.00227366468770401,0.898135610688598,0,0.215957315819138
80.57,0.1,715.416961422249,0,0.897218769786825,0,0.213032538532939
80.58,0.1,715.564022307177,0,0.899251188295821,0,0.216478450044545
80.59,0.1,715.710701231457,0.000827300194723392,0.898078410653754,0.00192920609689211,0.215803813569144
80.6,0.1,715.85699263955,0.000374443768034036,0.89785473573892,0,0.21495529271435
80.61,0.1,716.002890993919,0.00127107536805442,0.899902906327542,0,0.215523493219914
80.62,0.1,716.14839077522,0,0.898284595419358,0,0.21706763007807
80.63,0.1,716.293486482466,0.00153197636965261,0.894305294388826,0.00106415958607433,0.213041828144677
80.64,0.1,716.438172633217,0.0011744006033862,0.899882526158175,0.00405316954458087,0.211974779474744
80.65,0.1,716.582443763746,0,0.89904915976527,0,0.214199447486551
80.66,0.1,716.726294429222,0,0.89886943720793,0,0.215108613590571
80.67,0.1,716.869719203884,1.7108907877165e-05,0.901344879759422,0,0.216113392661428
80.68,0.1,717.012712681206,0.00111751732294957,0.902503037815924,0,0.214279849450733
80.69,0.1,717.15526947408,0.00214248908052568,0.898862572760555,0.000839686784375726,0.215361139088726
80.7,0.1,717.29738421498,0.00115674461295535,0.902495224796395,0.000988385551801561,0.213763104602805
80.71,0.1,717.439051556136,0.00112772921535443,0.902925162530768,0.00235087750635739,0.215142515361775
80.72,0.1,717.580266169698,0,0.902219198289618,0,0.216054860294305
80.73,0.1,717.721022747911,0.000476657147908859,0.901812366642649,0,0.214591869018949
80.74,0.1,717.861316003276,0,0.903670656747925,0,0.215189326495938
80.75,0.1,718.001140668719,0.000859447796189975,0.903173863420456,0,0.21342026683871
80.76,0.1,718.140491497753,0,0.902839989144873,0.0007650167902443,0.214201616852586
80.77,0.1,718.279363264645,0,0.906835091807132,0.000292437608275952,0.216733666470321
80.78,0.1,718.417750764578,0.000196359232161494,0.908924293254979,0.0020853320707528,0.217281271086187
80.79,0.1,718.555648813808,0,0.904146124817506,0,0.215692065073244
80.8,0.1,718.693052249833,0,0.905612804275593,0.000111577594285575,0.216904484682353
80.81,0.1,718.829955931543,0,0.905093513535474,0,0.214231466167392
80.82,0.1,718.966354739386,0,0.90623792377579,0,0.212983477294186
80.83,0.1,719.102243575523,0,0.902730566521152,0,0.215148484537543
80.84,0.1,719.23761736398,0.000535336262129548,0.904765696139195,0.00200192328141474,0.212973040304459
80.85,0.1,719.372471050812,0.00239847657447051,0.906451368135781,0,0.214840587098707
80.86,0.1,719.506799604247,0,0.907944550360762,0.00125562262590122,0.215841633157461
80.87,0.1,719.640598014849,0,0.908634184943345,0.00162060977064698,0.217479105130581
80.88,0.1,719.773861295663,0,0.907431607744404,0,0.216449497047893
80.89,0.1,719.906584482367,0.000199695655552049,0.905941236902724,0.00154771607081301,0.213420478791838
80.9,0.1,720.038762633426,0.00389211548942104,0.90596047959108,0.000651567962041393,0.214161177840246
80.91,0.1,720.170390830237,0.000508650248207192,0.91008998515293,0,0.214181078814474
80.92,0.1,720.301464177279,0.00252337913744101,0.908859207161737,0.00289718090347905,0.215602953809188
80.93,0.1,720.431977802258,0,0.90773424287405,0.000199749531540171,0.214484228960554
80.94,0.1,720.561926856254,0.000480535460759733,0.91015649034425,0,0.216733812337991
80.95,0.1,720.691306513866,0,0.908031078987718,0.00103001991411341,0.213604046405223
80.96,0.1,720.820111973356,0,0.909471574474164,0,0.213384205564856
80.97,0.1,720.948338456787,0,0.909477696933806,0.00133719576239057,0.215554269306616
80.98,0.1,721.075981210173,0.00245995421879742,0.911605549779652,0,0.213134558875078
80.99,0.1,721.203035503612,0,0.909339616835172,0,0.217797682394118
81,0.1,721.32949663143,0.00128535177589561,0.911038198267556,0,0.216162437663452
81.01,0.1,721.455359912318,0,0.914941369969154,0,0.213846670181744
81.02,0.1,721.580620689468,0,0.911561190403296,0,0.217446231081874
81.03,0.1,721.705274330712,0,0.911392150356076,0.000731988274256297,0.216188910986104
81.04,0.1,721.829316228655,0,0.912704083539305,0,0.212213864358636
81.05,0.1,721.952741800812,0,0.915436758471926,0.000347251389403322,0.213572160917937
81.06,0.1,722.075546489739,0,0.911965209792317,0.00102521352837124,0.213093783355391
81.07,0.1,722.197725763165,0,0.913369513611546,0,0.214253271652634
81.08,0.1,722.319275114126,0,0.91285687181202,0,0.215761460584714
81.09,0.1,722.440190061093,0,0.913566941398237,0.00227299016080233,0.215096324514303
81.1,0.1,722.5604661481,0,0.914598344400435,0.00135001247585029,0.213980178887029
81.11,0.1,722.680098944875,0.000789137740655371,0.916486306868114,0.000367416063982188,0.216038342811542
81.12,0.1,722.799084046968,0,0.915130973179249,0,0.215138872594354
81.13,0.1,722.91741707587,0,0.91447839436637,0.00039158162371511,0.214338396391457
81.14,0.1,723.035093679149,0,0.913082167816702,0.00119901650851714,0.214491946594851
81.15,0.1,719.221125805941,0.00263222273642233,0.915970101825796,0,0.216233909242314
81.16,0.1,716.42196715801,0.00314000832082359,0.917852063813707,0,0.212962799569075
81.17,0.1,714.519284137274,0.00223768663438611,0.914119714179471,0,0.212960819510512
81.18,0.1,712.743760914114,0.00197280181633432,0.917049140621296,0.00116342631757016,0.216099142429246
81.19,0.1,710.965905949923,0.00340054677406579,0.917899395298992,0,0.216879368046443
81.2,0.1,709.186622048138,0.00257219248609276,0.918151092849368,0.000392537698475889,0.213166423414622
81.21,0.1,707.407207577496,0.00509014879170421,0.918791153113839,0,0.218308592151402
81.22,0.1,705.627699051881,0.00407872601074979,0.91821876942829,0,0.216272789673726
81.23,0.1,703.848065996985,0.0075244123544423,0.917451496573404,0,0.211683727241929
81.24,0.1,702.068287610518,0.00718493447362999,0.917371243981957,0,0.215422652629452
81.25,0.1,700.288344869296,0.00696920303955488,0.920020960373206,0,0.21416728355331
81.26,0.1,698.508219377846,0.00587450257288771,0.919743610180876,0,0.214938268943263
81.27,0.1,696.727893385607,0.00692506233588438,0.920853094590919,0,0.215922752483111
81.28,0.1,694.947349796146,0.0105580068235576,0.921616796423067,0.00227982641150115,0.216713235809878
81.29,0.1,693.16657216448,0.00583150644851709,0.919696352409609,0,0.216179634436548
81.3,0.1,691.385544693859,0.00867308345777363,0.922568780038707,0,0.210872386134114
81.31,0.1,689.604252232612,0.00979247423343835,0.921193434822701,0.000548612929606987,0.215642292285576
81.32,0.1,687.822680270984,0.00776498522153037,0.922500326259612,0.00251912712254329,0.216402481923559
81.33,0.1,686.04081493793,0.0102199415497835,0.920374955975839,0,0.21348433136729
81.34,0.1,684.258642997895,0.0149236037009313,0.923095404562359,0,0.214942174236926
81.35,0.1,682.47615184755,0.0113287891990539,0.921666086630031,0,0.213351493318431
81.36,0.1,680.693329512517,0.0128143926034265,0.922319745571061,0.00131289496062274,0.214718114276055
81.37,0.1,678.910164644048,0.0135859563026074,0.923306639955473,0,0.214904890015863
81.38,0.1,677.126646515689,0.0124418911161354,0.922762789537246,6.77134943044506e-05,0.216109241379752
81.39,0.1,675.342765019903,0.0152799395224461,0.921463926701626,0,0.214926934390138
81.4,0.1,673.55851066467,0.0120390066341719,0.921132564104817,0.00190274797466196,0.214837181340898
81.41,0.1,671.773874570055,0.0149796274986835,0.924394792397893,0.00141236482995603,0.216041788520973
81.42,0.1,669.988848464746,0.0142190868314399,0.923529702234665,0.00234914890873922,0.21690789433588
81.43,0.1,668.203424682561,0.0153691726459451,0.923651673385827,0.000326485011166363,0.214358023100632
81.44,0.1,666.41759615893,0.0151484817016009,0.922235442623796,0.000245557561897929,0.21496852691753
81.45,0.1,664.631356427334,0.0184823224419739,0.923709510875095,0.000628453447258693,0.215710303520026
81.46,0.1,662.844699615727,0.0155637261557586,0.924810792414178,0,0.215306345144629
81.47,0.1,661.057620442924,0.0191278062608257,0.924718805784973,0.000211091315576045,0.215042628043027
81.48,0.1,659.270114214949,0.0154885384745701,0.922853389492476,2.29705155022994e-05,0.216511700246278
81.49,0.1,657.482176821362,0.020485078175178,0.924594946974632,0.000288637083865662,0.215259809370992
81.5,0.1,655.693804731554,0.0171899153589185,0.927098092573246,0,0.214745054678443
81.51,0.1,653.904994991009,0.0205420179016205,0.92596524665506,0,0.213264370857292
81.52,0.1,652.11574521753,0.0213051764407223,0.925187984363672,0,0.216529578797444
81.53,0.1,650.326053597444,0.02225893449826,0.925179927783267,0.000387566359566556,0.216444075703799
81.54,0.1,648.535918881771,0.0212468222864712,0.925984246765384,0,0.216791494357411
81.55,0.1,646.745340382357,0.0229127883121617,0.927202933706831,0.0002487828671993,0.214802182940638
81.56,0.1,644.954317967988,0.0239423487129235,0.927591232809336,0,0.213566582304976
81.57,0.1,643.162852060459,0.0232682280904135,0.929212756042306,5.99921259947631e-05,0.216994187778459
81.58,0.1,641.370943630623,0.0241672627713282,0.924868216860388,0,0.2152752427802
81.59,0.1,639.578594194403,0.0236743595061975,0.923573245444705,5.12673657949728e-05,0.216885823785573
81.6,0.1,637.785805808777,0.0241407904296753,0.926004836417295,0.000599751276573268,0.213859635161103
81.61,0.1,635.99258106773,0.0263049567517171,0.928442920113423,0.000161545864706912,0.215195815848011
81.62,0.1,634.198923098173,0.0260409409197191,0.928781783298646,0.000965829077869603,0.212503385330964
81.63,0.1,632.404835555841,0.0260219910916137,0.926034324888303,0.000635047093163358,0.216662103908264
81.64,0.1,630.610322621148,0.0281370330097486,0.929217402910416,0,0.214180150041008
81.65,0.1,628.815388995019,0.0271634161998917,0.928843103685401,0,0.215172723202797
81.66,0.1,627.020039894691,0.0279340686378909,0.928396999058758,0.000470365457942115,0.214115377183811
81.67,0.1,625.224281049487,0.0304600839183722,0.930945342347844,0.00136881999253133,0.215894865179121
81.68,0.1,623.428118696551,0.0305213889727706,0.930842118200603,0,0.215587416488995
81.69,0.1,621.631559576566,0.0319969500923567,0.927668660143873,0.000932314940568282,0.212022621367591
81.7,0.1,619.834610929427,0.0303603433911734,0.928490074838138,0.000719507998292594,0.21324056952233
81.71,0.1,618.037280489906,0.0318027042028049,0.931598185960321,0.00281980295307524,0.21491432964301
81.72,0.1,616.239576483267,0.0306374546650609,0.930636776870579,0,0.214861654065197
81.73,0.1,614.441507620864,0.032609975220533,0.93119066942479,0,0.215782054055337
81.74,0.1,612.643083095707,0.0322366185895067,0.927917744507867,0.000721904564428546,0.215393579507736
81.75,0.1,610.844312578005,0.0326469907890624,0.92917712910313,0.000310059670368989,0.211217398449818
81.76,0.1,609.04520621067,0.0355708731047812,0.930038858040453,0,0.21453600332378
81.77,0.1,607.245774604808,0.0353170702787269,0.929521037344529,0.000718486125329793,0.214631622491156
81.78,0.1,605.446028835168,0.0346462171219264,0.933192949293522,0,0.215513825680699
81.79,0.1,603.645980435576,0.03418064490063,0.930165670045778,0.0019569128623835,0.213189376796016
81.8,0.1,601.845641394335,0.0363253869835101,0.928803295705106,0.00108934143905985,0.215311694809543
81.81,0.1,600.045024149599,0.0391891078953249,0.9312545715091,0.00141841522566669,0.214549656656429
81.82,0.1,598.244141584731,0.0345581142168814,0.932665262847568,0,0.212726999560492
81.83,0.1,596.443007023617,0.0383243753935538,0.933449089653397,0.000862867934467071,0.215441131127536
81.84,0.1,594.641634225972,0.0375315223620285,0.932763565399342,0,0.216737765676909
81.85,0.1,592.84003738261,0.0424234228035743,0.932212661523097,0.00248014652716579,0.215993632861787
81.86,0.1,591.038231110701,0.036645464805545,0.933089100782141,0.00140653785475073,0.215281970423204
81.87,0.1,589.236230448986,0.0406304366544464,0.933189574405015,0,0.215503873034817
81.88,0.1,587.434050852987,0.0451501232247247,0.932084046855941,0.00216352590392454,0.216003711218109
81.89,0.1,585.631708190182,0.0404189240319171,0.933921438037615,0.00117128330659934,0.215610821321583
81.9,0.1,583.829218735161,0.0435977339780933,0.932622197578797,0.000934685084774308,0.215190851471024
81.91,0.1,582.026599164761,0.0439175565123992,0.932701015398433,0,0.214780717060853
81.92,0.1,580.223866553176,0.0446346966249413,0.932375396777531,0.000590507203964755,0.214963844495332
81.93,0.1,578.421038367045,0.0451626374521575,0.931944490262423,0.00157534739673553,0.216386212306428
81.94,0.1,576.618132460525,0.0459059735934202,0.934185644710859,0,0.216454855146084
81.95,0.1,574.815167070334,0.0472672607986287,0.932029990184782,0,0.216473988924579
81.96,0.1,573.012160810781,0.0473240893816603,0.933294662283853,0,0.215657354721534
81.97,0.1,571.209132668778,0.0433137405040732,0.935017624884713,0,0.218430429089965
81.98,0.1,569.406101998822,0.0470681657027319,0.935952437110079,0.000558081878356109,0.214589150380566
81.99,0.1,567.603088517971,0.0495578528155446,0.936388658204457,0,0.215445488485037
82,0.1,565.800112300797,0.0504123572222296,0.936869823265267,0.000195424123654613,0.216454016382796
82.01,0.1,563.997193774315,0.0495069110563307,0.93465132439459,0.000288810166512698,0.212630279078497
82.02,0.1,562.194353712909,0.0475429354478126,0.934268663901882,0,0.212545362567464
82.03,0.1,560.391613233225,0.0520550916004484,0.934105378944008,0,0.214528560520941
82.04,0.1,558.588993789063,0.051145307326851,0.931864879158144,0,0.215618392635755
82.05,0.1,556.786517166243,0.0522574199543225,0.937217953125221,0,0.217148645681394
82.06,0.1,554.984205477462,0.0527977480322364,0.936923420020912,0,0.21347926675804
82.07,0.1,553.182081157138,0.0538692044839196,0.936635222182141,0.00079896711985885,0.21408444597115
82.08,0.1,551.380166956231,0.0530616732311227,0.93360687052221,0,0.215230935704249
82.09,0.1,549.578485937059,0.053119737951236,0.936603091100882,0.000673773912743728,0.213387193105888
82.1,0.1,547.777061468104,0.0553817598596794,0.93632514580774,5.13508207136319e-05,0.217115552785123
82.11,0.1,545.975917218796,0.0583405215688923,0.937670780323474,0.000978557301820176,0.216623948175701
82.12,0.1,544.175077154293,0.0579377215538681,0.934306377622521,0.00071229721164999,0.215193068788601
82.13,0.1,542.374565530255,0.058704666675157,0.935605789949771,0.00288352876165036,0.210350563751034
82.14,0.1,540.574406887589,0.0566394634592882,0.93414121492032,0,0.214180806372892
82.15,0.1,538.774626047209,0.0569894912436379,0.935751708874783,0.00279167812150121,0.214110795868191
82.16,0.1,536.97524810477,0.0592281645828243,0.937095515284848,0.000914615373445489,0.216306063149622
82.17,0.1,535.176298425399,0.0595726657214424,0.937585685210721,1.39922833524277e-05,0.215999033710733
82.18,0.1,533.377802638417,0.0594131570522591,0.935473994440661,0.000420860833757637,0.21515244772459
82.19,0.1,531.579786632061,0.0587093483329769,0.936613931778007,0,0.213647519376537
82.2,0.1,529.78227654819,0.0608863157876618,0.936063990691226,0,0.215979977072458
82.21,0.1,527.985298776988,0.062938250419515,0.93540719129863,0.00219726089063562,0.214463687967304
82.22,0.1,526.18887995167,0.0643565258537408,0.935286276550058,0.00146519454513428,0.216300089142799
82.23,0.1,524.393046943167,0.0617504397175357,0.93620909844433,0,0.215373665215175
82.24,0.1,522.597826854829,0.0659090576083313,0.938041527922688,0.00117666876872866,0.215474716651497
82.25,0.1,520.803247017106,0.0641446890049572,0.936024370882727,0,0.215795386227851
82.26,0.1,519.009334982234,0.0652160423853396,0.937076969410943,0,0.21317523440581
82.27,0.1,517.216118518924,0.0659653355601722,0.938447012697843,0,0.212798476280638
82.28,0.1,515.423625607041,0.0657017544301851,0.937227183560909,0.000320809855650565,0.214955883462205
82.29,0.1,513.631884432291,0.0674631967770652,0.936546094293535,0.00104381918056581,0.2150139477502
82.3,0.1,511.840923380897,0.0683669752069413,0.934926608994105,0.000290313745768604,0.213102764014937
82.31,0.1,510.050771034294,0.0681153072810196,0.934524371635445,0,0.215968194963833
82.32,0.1,508.261456163805,0.0701895865301116,0.936050204054836,0.00251394580396488,0.21428606255874
82.33,0.1,506.473007725334,0.072107728996191,0.936112805240371,0,0.216314367718015
82.34,0.1,504.685454854059,0.0714119919272133,0.936769104024204,0.00176492846154109,0.214640587489517
82.35,0.1,502.898826859122,0.0730849454251399,0.935596922968929,0,0.213383820550608
82.36,0.1,501.113153218333,0.0714360563405722,0.938444398628983,0,0.215977008543792
82.37,0.1,499.328463572873,0.0732550162392279,0.937277937777696,0,0.214971906488145
82.38,0.1,497.544787722003,0.0755911670518291,0.937486522561137,0,0.214642361550524
82.39,0.1,495.762155617783,0.0762603927376354,0.938046828306903,0.00314731330643851,0.215182122922638
82.4,0.1,493.980597359794,0.0771537479935418,0.937470308697805,0.00148001755276444,0.216300277937652
82.41,0.1,492.200143189872,0.0751099155859506,0.937258644837532,0.000853863210655788,0.215072883848846
82.42,0.1,490.420823486848,0.0761830444624979,0.938881273811923,0.000269561808117924,0.214357560617884
82.43,0.1,488.642668761295,0.0740788590703926,0.936464694485079,0,0.214687241200854
82.44,0.1,486.865709650288,0.0776243072676695,0.938015251856339,0.0017290857768963,0.214144843878923
82.45,0.1,485.08997691218,0.075478356555916,0.936979388751543,0.000604973955030125,0.213045619080636
82.46,0.1,483.315501421374,0.0768561086317755,0.937105886439628,0.00160112094641555,0.212959219388018
82.47,0.1,481.542314163125,0.0779623962135168,0.93641258844005,0.00104257036781107,0.216136872938767
82.48,0.1,479.770446228338,0.0814781539114559,0.935448280155238,0,0.213268553526448
82.49,0.1,477.999928808393,0.0807192357355756,0.935601575192451,0,0.216188874642286
82.5,0.1,476.230793189976,0.0801669750138488,0.939198462964476,0,0.213468122347013
82.51,0.1,474.46307074993,0.0842822391125897,0.937317399197461,0,0.215499802926199
82.52,0.1,472.696792950112,0.0823442029759291,0.937575161526041,0,0.215924428994204
82.53,0.1,470.931991332278,0.0831068017752759,0.938654819573555,0.00222014603005734,0.214951024932727
82.54,0.1,469.168697512976,0.0860123234484726,0.938054787238352,0,0.214335419827458
82.55,0.1,467.406943178462,0.0866269722648774,0.937318675867913,0.000514882213866924,0.213871803348867
82.56,0.1,465.646760079627,0.0856239241897157,0.93688372167626,0.00124185146162875,0.215299265526333
82.57,0.1,463.949589592008,0.0861566543063645,0.937163923092067,0,0.214931815406688
82.58,0.1,462.677705254579,0.0883002221608538,0.937638566233309,0,0.215954356421214
82.59,0.1,461.508274112653,0.0877138523264492,0.938608196289863,0.000984313506895787,0.212485299382601
82.6,0.1,460.335044333892,0.0877337015256134,0.935743480840149,0.000129059901275029,0.215233109302923
82.61,0.1,459.516817561345,0.0929985940464302,0.937373354656955,0,0.213943055412112
82.62,0.1,459.094092642616,0.0894747261699902,0.935960884231953,0,0.21298121163384
82.63,0.1,458.691425926304,0.0883441059945969,0.935155670567547,0,0.216784603792073
82.64,0.1,458.310643991598,0.0890963749345625,0.936298827678156,0.000702085792514038,0.213316763341686
82.65,0.1,458.137589543667,0.090486433630729,0.938402159933715,0.000915587512278264,0.214093118564714
82.66,0.1,458.011090280848,0.0885794731413484,0.93660081409112,0.00161287519670155,0.217837164766695
82.67,0.1,457.877833210328,0.0887209031572744,0.93636120155449,0,0.214243422660331
82.68,0.1,457.738579967881,0.0871230796468995,0.934288554430377,0.00163341978312547,0.212539700707729
82.69,0.1,457.593920526614,0.0886321169317479,0.938840292383401,0.000302887419418665,0.21294043928372
82.7,0.1,457.443122966372,0.0891029665084451,0.936537363222973,0,0.217974744536176
82.71,0.1,457.286263945638,0.0879317812262946,0.937138129251626,0.000674788003192037,0.213824537814122
82.72,0.1,457.124124440363,0.0906522627654925,0.935832695102699,0.00147245360438051,0.216945348640431
82.73,0.1,456.956041904722,0.0891162642766242,0.937941040513507,0.00025874120120324,0.212306941632505
82.74,0.1,456.781805230795,0.0897777839131328,0.935614129476799,0.0020785754937523,0.216397482226546
82.75,0.1,456.602100686955,0.0906599906727732,0.93488657018584,0.00156419518658955,0.216219635500405
82.76,0.1,456.41702012753,0.0891260875536017,0.935214727767144,0,0.216223432167419
82.77,0.1,456.225872445149,0.0884785012378236,0.936035776180876,0,0.215375007703456
82.78,0.1,456.028793909581,0.0897727427520074,0.937032320141371,0.00284660791062393,0.214612347009263
82.79,0.1,455.826854916156,0.0860250310072218,0.936281641358278,0.00119245255199803,0.214920027092297
82.8,0.1,455.619142942036,0.0909360245357862,0.937242388572714,0.000276614174623301,0.216514308476816
82.81,0.1,455.405366447934,0.0906266861916222,0.936862267825362,0.000602169956772385,0.216834029857649
82.82,0.1,455.186412940811,0.0905621503389313,0.936287033747603,0.00145893230236211,0.215258891394489
82.83,0.1,454.962400558985,0.0895276358927835,0.935000122974158,7.38027130462477e-05,0.217541255351702
82.84,0.1,454.732434119084,0.0902652814715765,0.93690531522258,0,0.212152570046371
82.85,0.1,454.496677080908,0.0920459873977771,0.933736841082123,0.000686978159217985,0.218350340515471
82.86,0.1,454.256442749354,0.093848712127084,0.934733218236336,0.00097739739852597,0.216134369453072
82.87,0.1,454.010611111453,0.0914924616827197,0.934663619670504,0.000653489409325773,0.216759534827876
82.88,0.1,453.758824041881,0.0906969848395086,0.934665874197183,0.00175799445836234,0.213771179832405
82.89,0.1,453.502160215659,0.093405967389069,0.935666445123953,0.00102754491963424,0.214577146485289
82.9,0.1,453.240762593983,0.0918021424220788,0.934927760955504,0.00105470409112902,0.212863961595968
82.91,0.1,452.973542101013,0.0886063843136293,0.935374832744771,0,0.215248942417837
82.92,0.1,452.700687001574,0.0911443969930395,0.936474044055192,0,0.217026121517385
82.93,0.1,452.423735256795,0.0914181423321784,0.934043331272044,0,0.215354641762628
82.94,0.1,452.141375059615,0.0931282209453692,0.933611888595609,0.00150099244869915,0.214193407957912
82.95,0.1,451.853186775645,0.0921317643765493,0.936209337442482,0.000780080559221184,0.214934528952873
82.96,0.1,451.560394028675,0.091269815226817,0.935179470794207,0,0.214182896394778
82.97,0.1,451.263159114606,0.0917083062479221,0.933166838166008,0.000396411539053351,0.217874778215084
82.98,0.1,450.960246997846,0.0923400766838051,0.936174791338145,0,0.212509358147508
82.99,0.1,450.651869250903,0.0919082475202029,0.933534245445526,0.000376955821561662,0.214865981179977
83,0.1,450.339757995826,0.0931067919763817,0.933422301105891,0.00146610245769467,0.21396967689309
83.01,0.1,450.022435857556,0.0916218388686361,0.934108009465139,0.000710520546411082,0.218393636857071
83.02,0.1,449.699430238653,0.0916474855062252,0.936168296887398,0.00233912881291917,0.214686193145027
83.03,0.1,449.372083853784,0.0910734747734782,0.932981902548051,0,0.214844373486828
83.04,0.1,449.040575164507,0.0926823031350184,0.934402590104746,0,0.217089320794844
83.05,0.1,448.703549823062,0.0925765950108402,0.932640160470379,0.000552837827602591,0.214968665262804
83.06,0.1,448.36124112891,0.093462879937726,0.93488867753888,0,0.215122733916346
83.07,0.1,448.015554379349,0.0925156638166115,0.931820493542573,0,0.215925541424343
83.08,0.1,447.664864636982,0.0931879398620384,0.93460575560893,0.000780815314430325,0.214512064043981
83.09,0.1,447.308652149013,0.0915388383052789,0.933143720369712,0.00109617678958687,0.216118188538487
83.1,0.1,446.948406998678,0.0934555547564966,0.933020291021907,0,0.21250511361056
83.11,0.1,446.584326843243,0.0925242120938115,0.931380313008956,0,0.21658589775369
83.12,0.1,446.214908082095,0.0959309403942093,0.931804241546974,0.00158691847547807,0.216554008921697
83.13,0.1,445.840407093474,0.0931360997786125,0.931365192597809,0,0.21205654013472
83.14,0.1,445.462925223113,0.0952771712741077,0.93281384580939,0,0.218340070767373
83.15,0.1,445.080669678074,0.0956043818169369,0.930795918510693,0,0.217358689715765
83.16,0.1,444.693066674915,0.0942347845845379,0.930559304612555,0.00115021912277106,0.212907554973858
83.17,0.1,444.301730721419,0.094927377937972,0.933809582729255,0.0015056696096147,0.215511358872923
83.18,0.1,443.906875916383,0.0954938320369115,0.92939040300519,0,0.216795913999237
83.19,0.1,443.506872921234,0.0957813462232521,0.931289663618974,0.00104897230484433,0.216196104427345
83.2,0.1,443.101996843547,0.0958073885398364,0.932548290512637,0,0.212927303415434
83.21,0.1,442.694509291326,0.0969062554990992,0.933399668407088,0.00153797135156617,0.215201835383522
83.22,0.1,442.2824805714,0.0933705575594671,0.931261039570811,0,0.215495379066926
83.23,0.1,441.865292931318,0.0947209380445937,0.934158147858409,0.000515260122908046,0.2112277473712
83.24,0.1,441.444684643761,0.0967205061527144,0.931145837890917,0,0.214491389151139
83.25,0.1,441.02088599778,0.0952558593857746,0.932129656070088,0,0.215322496627786
83.26,0.1,440.592142184523,0.097583103955589,0.930569699578947,0,0.215705354969965
83.27,0.1,440.158744047758,0.0958974007025531,0.930026783463406,0.00272829356080075,0.216347520196415
83.28,0.1,439.723096712614,0.0950012139426777,0.930434869398207,0,0.214661665547073
83.29,0.1,439.283148157148,0.0967639885495311,0.932031455110306,0.000304584210399161,0.214125161635169
83.3,0.1,438.838241266182,0.0962074343141072,0.930627358463861,0,0.214266730283066
83.31,0.1,438.390212315753,0.0957102467054532,0.931090970889494,0,0.216435417414557
83.32,0.1,437.939304713711,0.0955865137061681,0.929854369350044,0,0.214374343904299
83.33,0.1,437.483664667104,0.0995185699653107,0.92830231874398,0,0.215227836234935
83.34,0.1,437.023597420651,0.0960740979674287,0.928560507959266,0.000840382760420309,0.213490106101041
83.35,0.1,436.561632428713,0.0993653500765229,0.929533373397852,0,0.216299418363301
83.36,0.1,436.095611780269,0.0968221695631629,0.927802102678868,0.000506284615073546,0.214227946279964
83.37,0.1,435.624844235254,0.0983592786686887,0.929073343048853,0.00143753328456841,0.216126113072713
83.38,0.1,435.151256075739,0.0969001950685698,0.92870434445562,0.0001471779729183,0.213954508261616
83.39,0.1,434.675102769951,0.0962308724090197,0.927783933826326,0,0.215065769936849
83.4,0.1,434.194439448964,0.101018239076273,0.928051556191371,0.000360833819375637,0.217274672159047
83.41,0.1,433.709586319822,0.0973563046703093,0.926027512901657,0.000389273400432128,0.215502067375903
83.42,0.1,433.223197917074,0.0985358263358924,0.927741293227603,0,0.212399292914341
83.43,0.1,432.733009417065,0.101970541420683,0.929286094981094,0,0.215641860328962
83.44,0.1,432.238294908298,0.100945309326958,0.926805908062708,0.000565791301823693,0.214575597176619
83.45,0.1,431.790461102159,0.100036911388213,0.927908827662479,0,0.216298550663679
83.46,0.1,431.395404170657,0.0993730231010689,0.928189643325567,0,0.216138513218462
83.47,0.1,430.999435587685,0.100605228824916,0.925050392138919,0,0.213736399228409
83.48,0.1,430.610585711026,0.0983058037492622,0.926923316656299,0,0.215911067460081
83.49,0.1,430.301484800262,0.0994160590108872,0.923832647120355,0,0.215521109543142
83.5,0.1,430.008530635068,0.101681545475138,0.925085177207391,0.000558761124883366,0.215627261587244
83.51,0.1,429.71066771919,0.100374323135799,0.926115158387147,0,0.215115422955479
83.52,0.1,429.446419885802,0.101215481514297,0.926115532765478,0,0.218042948138419
83.53,0.1,429.22047454557,0.100572078378608,0.924723836631131,0.00133441475621203,0.215156639764369
83.54,0.1,428.992620679314,0.102366074546297,0.92725640828308,0,0.215521434610736
83.55,0.1,428.765996097229,0.0988090559793631,0.925026996555337,0.0017712327348621,0.214697074890424
83.56,0.1,428.578058516849,0.0993351131952527,0.92443932050436,0.000229046131660603,0.216059499361895
83.57,0.1,428.396180734229,0.0982513763906396,0.9228465109236,0.000641744158747782,0.214696677385221
83.58,0.1,428.209537843367,0.1002410651452,0.924107697147955,0.00084030113208307,0.21529072380437
83.59,0.1,428.038008212352,0.10264797617033,0.925517973009537,0.00134932804298118,0.215867783826342
83.6,0.1,427.884052747686,0.0984949835071281,0.923495941833209,0.000284936282467762,0.213180698227757
83.61,0.1,427.726939856217,0.10216964181886,0.923941944534719,0.00153021642930235,0.212494544916731
83.62,0.1,427.568371801009,0.0997374177170324,0.923018287621398,0.00193111958518701,0.216401822720144
83.63,0.1,427.428174961159,0.102842419363572,0.925304555759038,0.00156912324911802,0.212530312331457
83.64,0.1,427.289120072801,0.0989175223355287,0.921316449338804,0,0.214207500527766
83.65,0.1,427.14548356567,0.100609748195394,0.922593151535907,0,0.213950852957388
83.66,0.1,427.009080286046,0.102845753075729,0.92396206485186,0,0.212835174693784
83.67,0.1,426.88139181005,0.101101234490609,0.919890936406598,0.000407810674948794,0.213821289285328
83.68,0.1,426.750110638844,0.0991542693451028,0.922527433585518,0,0.215114482912919
83.69,0.1,426.61650459146,0.0998364017326353,0.923797634411786,0.00322788540192637,0.21478852934869
83.7,0.1,426.493866596919,0.099824410149772,0.92157392240141,0,0.217386543452985
83.71,0.1,426.370662452409,0.103154123294757,0.919395755859328,0,0.215606588033323
83.72,0.1,426.243056008084,0.102466786229026,0.921539043380388,0.000264361929793314,0.215501744471709
83.73,0.1,426.119935473031,0.100840175315102,0.919462259651915,0,0.216356273987873
83.74,0.1,426.002428972036,0.0996634497711086,0.919813276184163,0,0.214305404982929
83.75,0.1,425.881285955102,0.101493335623377,0.918343940590572,0.00166764597561526,0.217843039940897
83.76,0.1,425.757709874345,0.101003348144112,0.918625808281459,0,0.216076756101485
83.77,0.1,425.643184485671,0.10074405290167,0.921237587164408,0,0.215276648886419
83.78,0.1,425.527753760459,0.098577030789497,0.916178238859727,0.00292059505704855,0.215362626019097
83.79,0.1,425.408099625533,0.0981903899122185,0.91605791555448,0.00015145533520716,0.214520240920016
83.8,0.1,425.291774564008,0.102258217874608,0.917632060724829,0.00136294700470652,0.2140891893654
83.81,0.1,425.179752197739,0.100523942069857,0.917476236142043,0.00380366061602988,0.215930922612037
83.82,0.1,425.064175707928,0.100367872551709,0.917863255442537,0,0.214469942323402
83.83,0.1,424.946033804341,0.102748512140921,0.914138136961864,0,0.212589824517916
83.84,0.1,424.834893147583,0.101720620989202,0.916717209436626,0.00256019418948567,0.21440455861393
83.85,0.1,424.722479960131,0.100299246272283,0.915448841416926,0.0025155480291221,0.215176020799144
83.86,0.1,424.60603142164,0.101830976776198,0.916160010851968,0.000649003041382843,0.217013848076768
83.87,0.1,424.492127604242,0.101180182736554,0.913048209266106,0,0.213321908358365
83.88,0.1,424.381628637077,0.104567797165241,0.91262554313145,0,0.215565383064569
83.89,0.1,424.267692855325,0.101104791250044,0.917112573473234,0.00163078332042477,0.215522191667825
83.9,0.1,424.151135958903,0.102476333734847,0.914641312002062,0.00258167605796126,0.21316897631065
83.91,0.1,424.04002971469,0.101772986189179,0.915396223191851,0.000224969238558948,0.210723482356722
83.92,0.1,423.927412432143,0.102160481565476,0.914677709302927,0,0.216631367378412
83.93,0.1,423.810954999209,0.0974945230636459,0.911285323209192,0,0.214478820558632
83.94,0.1,423.69629368011,0.102504561748462,0.914538990318975,9.30102677457176e-05,0.214278873498838
83.95,0.1,423.58417738638,0.103414563771813,0.913876921514315,0,0.216187332626866
83.96,0.1,423.46875094256,0.0991839066418187,0.912750004062123,0,0.21379986073461
83.97,0.1,423.350730476623,0.102199909145353,0.912634682877261,0,0.213788490202743
83.98,0.1,423.237135900812,0.0998949493214664,0.912518875389405,0,0.2161558585665
83.99,0.1,423.121927720422,0.105996065898531,0.9128622453574,0,0.21632481216183
84,0.1,423.003081398735,0.0984750631277602,0.911001139568301,0,0.215474381404483
84.01,0.1,422.886338382308,0.102549275343922,0.91068059844142,0,0.215581516940225
84.02,0.1,422.772466956359,0.102981153291498,0.910200826198415,0,0.217980771235703
84.03,0.1,422.655499294738,0.099472878927551,0.912637211688859,0,0.214721670663497
84.04,0.1,422.536217567644,0.10002384132989,0.910764207769666,0,0.213931324030684
84.05,0.1,422.422115676993,0.101233536975176,0.910447235555802,0,0.215132635794773
84.06,0.1,422.306749730072,0.101160431302504,0.910907248094573,0,0.213711146192181
84.07,0.1,422.187950974086,0.100881122982346,0.909399944482138,0.000491609917227016,0.216600070496937
84.08,0.1,422.071148908862,0.102010979840473,0.906947880904598,0,0.21713026020558
84.09,0.1,421.957083157701,0.103151242819415,0.906048393171275,0.00054348073365418,0.215391810919956
84.1,0.1,421.840108873609,0.0998992833696811,0.91146808715334,0.00154800797464119,0.215794497296634
84.11,0.1,421.721180178881,0.103097367063413,0.908711361152597,0.00196019721963655,0.21553024796662
84.12,0.1,421.608681882873,0.101276679395183,0.907832099842541,0,0.213925882191305
84.13,0.1,421.495400122552,0.102595679651612,0.908203587603688,0.00220174671904438,0.216001672674237
84.14,0.1,421.378896142493,0.101541285507203,0.90843164320628,0,0.217430937043438
84.15,0.1,421.265014694814,0.102193610807104,0.907277846893679,0.00150989127796751,0.217438635196356
84.16,0.1,421.154561040125,0.104034326176553,0.909301407876675,0.00174580999926088,0.216555821095832
84.17,0.1,421.04144876021,0.10236381822947,0.905213092169059,0,0.216694883600233
84.18,0.1,420.926433061567,0.101382827404864,0.906677143506915,0,0.215418899631942
84.19,0.1,420.816962813925,0.102841014203822,0.905901180762367,0,0.216893177061658
84.2,0.1,420.706653365792,0.102822361578125,0.903667677619826,0.00123520011778827,0.214667175609684
84.21,0.1,420.593340166949,0.101703873463732,0.906057641497599,2.56338587451966e-05,0.215694307985829
84.22,0.1,420.482852434015,0.101994279939143,0.903852238851582,0,0.216527436078372
84.23,0.1,420.376001101778,0.100456080507389,0.902652876866842,0,0.213315183924251
84.24,0.1,420.266712997414,0.0996330287052238,0.903309702357049,0.000146026328668047,0.215181702092493
84.25,0.1,420.155731060179,0.10147490598854,0.90273138084267,0,0.213283767500352
84.26,0.1,420.050454488232,0.0999010084281507,0.901134753400605,0,0.215441747739298
84.27,0.1,419.944551607105,0.100579255515592,0.904504072139835,0,0.213096272042245
84.28,0.1,419.835867580676,0.101348659917051,0.901225222865528,2.53210747360702e-05,0.213893183321575
84.29,0.1,419.729456064412,0.102328923347579,0.903472705623061,0,0.2137811518542
84.3,0.1,419.626036112301,0.102591470345025,0.903332755071042,5.36184316611857e-05,0.214833362140365
84.31,0.1,419.520345424809,0.102452957185346,0.904635710859959,0.00155521522983917,0.214117762930471
84.32,0.1,419.412922128401,0.101681450580934,0.900849640793505,0.00161547263655484,0.214839747209463
84.33,0.1,419.309553430103,0.101523283010113,0.90155698852313,0,0.215235852194272
84.34,0.1,419.205312155542,0.102097430107869,0.899011385457376,0,0.214011101754031
84.35,0.1,419.098519391068,0.101855695971835,0.89798795673881,0.000595091486468393,0.214112794989256
84.36,0.1,418.993109655635,0.102641101387326,0.899278002004438,1.76621362895423e-05,0.213991573970572
84.37,0.1,418.889656776482,0.102846404691715,0.900451001003344,0.000864788726161265,0.217219102703293
84.38,0.1,418.784075645858,0.101981327029331,0.900179923957777,0,0.21558257207528
84.39,0.1,418.676906229858,0.100799329669715,0.899517015608415,0,0.21427169725867
84.4,0.1,418.573360207024,0.101889850354538,0.898264394292078,0,0.216249415525282
84.41,0.1,418.469009473723,0.101440122722278,0.8961174051471,0,0.216130661642996
84.42,0.1,418.362341528467,0.100777497221056,0.89599331473684,0,0.216168060277784
84.43,0.1,418.256639670304,0.10156434241879,0.897574181362819,0.000233282473923172,0.213628865216731
84.44,0.1,418.152395269913,0.102510574161978,0.895074576287541,0,0.21650650661355
84.45,0.1,418.046207257237,0.103534606413013,0.896588319734827,0,0.213979244228744
84.46,0.1,417.9385578288,0.103429732920899,0.894574551525488,0.00230595968067767,0.215686434126535
84.47,0.1,417.833974163781,0.0997652771729555,0.893734630591349,0.00241086648916506,0.218193202319079
84.48,0.1,417.728623723685,0.10005007670728,0.892952273047642,0,0.217224718899404
84.49,0.1,417.621195090991,0.100014271918159,0.893647872423649,0.00296595282623555,0.217138622531251
84.5,0.1,417.514953910562,0.102420116298165,0.893374233859341,0,0.213504939207318
84.51,0.1,417.410393538419,0.105059740364775,0.89431045899735,0,0.213011537212246
84.52,0.1,417.304130625344,0.101192684240038,0.893308967065457,0,0.213806567318965
84.53,0.1,417.196577178095,0.100050983079328,0.892784443570074,0.00301552245467844,0.215110439488145
84.54,0.1,417.091848476518,0.102738486661189,0.892543805863559,0.00431804412075633,0.213544739061324
84.55,0.1,416.986474671577,0.104162280653499,0.892024264667599,0,0.217391325044708
84.56,0.1,416.879265453503,0.103002682888966,0.892262439750405,0.000150198090415838,0.214655080762411
84.57,0.1,416.773532141951,0.101087799642118,0.893612006895511,0.00268159808440474,0.215984158055084
84.58,0.1,416.669779713836,0.0994609605001416,0.89115757876791,0,0.214259306965775
84.59,0.1,416.564575079957,0.0990660122885678,0.892176479219361,0,0.212724272215981
84.6,0.1,416.458428466014,0.101765099035645,0.889012742545798,0,0.214923790672271
84.61,0.1,416.356090783309,0.101863745477956,0.889999091358416,0,0.214862388196814
84.62,0.1,416.253549726294,0.104938143415956,0.887938324405606,0.00115085527375146,0.214795135850963
84.63,0.1,416.149419438442,0.100464108623163,0.892387602422777,0,0.214945082056223
84.64,0.1,416.046719916576,0.103439455996238,0.889468339245001,0.000808855182924507,0.215803884955009
84.65,0.1,415.945923815382,0.104042740606146,0.889627299422909,0,0.215534237830977
84.66,0.1,415.843900334477,0.0993892024776461,0.888569769638782,0.00230310692706631,0.21500803256635
84.67,0.1,415.740930277524,0.100520031156353,0.887558315458014,0.00232922788258256,0.213131179919086
84.68,0.1,415.640241946713,0.103057545793944,0.886532619175351,0,0.216887260255324
84.69,0.1,415.539140566448,0.105422570705429,0.888160492851248,0,0.214307287420766
84.7,0.1,415.436698549234,0.103754061404657,0.889229340073727,0.00130439497383353,0.212743985600906
84.71,0.1,415.334959358981,0.103627451678902,0.886729206328073,0,0.21700936401243
84.72,0.1,415.234257080205,0.101299607799277,0.884485130123911,0,0.214659578617898
84.73,0.1,415.132495283743,0.100161460010995,0.882960850389891,0,0.214770187499877
84.74,0.1,415.029518058426,0.101491049078651,0.886341703391529,0,0.214199585889786
84.75,0.1,414.925375500022,0.101564220560747,0.88329637203429,0.000933480598071789,0.21398222886151
84.76,0.1,414.82010639792,0.103030094658864,0.883229625974028,0,0.216956790956179
84.77,0.1,414.71374722725,0.102066504445471,0.884105212210378,0,0.215436392748208
84.78,0.1,414.606334539726,0.103749313999485,0.883015643694813,0,0.215083447008207
84.79,0.1,414.497904959218,0.102832391163503,0.880355512323059,0,0.214133152143682
84.8,0.1,414.388495156534,0.103050916459302,0.882651050374902,0,0.215615285191301
84.81,0.1,414.278141846401,0.102188698531953,0.883546033641809,0,0.21666501224069
84.82,0.1,414.166881785467,0.102264102963914,0.882468649547311,0,0.21612500392355
84.83,0.1,414.054751770139,0.102659000383631,0.881147278383923,0,0.217632323005237
84.84,0.1,413.941788634445,0.100043702139259,0.882063473677563,0,0.214684650585124
84.85,0.1,413.828029247905,0.102855714556903,0.877850113811918,0.000192545439894493,0.216107179417077
84.86,0.1,413.713510513435,0.10205686784116,0.879245434227733,0.000761580280170307,0.215027830295171
84.87,0.1,413.598269365289,0.101664569267898,0.881641233989224,0.000562201866599825,0.213395169553334
84.88,0.1,413.482342766998,0.102675626374829,0.879183630795563,0,0.217736180686762
84.89,0.1,413.365767709369,0.102265065504448,0.877980512723484,0,0.216000382699332
84.9,0.1,413.248581208483,0.101194612207495,0.87729157796565,0,0.215400532760146
84.91,0.1,413.130820303737,0.100473610298756,0.879311154902839,0.00147698854268903,0.212370288614173
84.92,0.1,413.012522055903,0.103733114663102,0.877855674410693,0,0.213376968889732
84.93,0.1,412.89372354522,0.102332513959214,0.876888594625108,0.00129033669494294,0.216366721279902
84.94,0.1,412.77446186951,0.103502765183702,0.878574949752052,0.00172804303363839,0.216738632506455
84.95,0.1,412.65477414232,0.101536731829294,0.87750213614916,0,0.214029921915141
84.96,0.1,412.534697491101,0.102761162600799,0.875612680363053,0,0.215329549857133
84.97,0.1,412.414269055398,0.101141259161133,0.877607921032976,0,0.211748071187509
84.98,0.1,412.293525985088,0.100590090238288,0.876689566934347,0.00176429304216967,0.215752017828511
84.99,0.1,412.17250543863,0.100873709528838,0.876112077153664,0,0.215463937570453
85,0,412.051244581352,0.10252774170983,0.874292524446105,0.00382604292549129,0.214102415523065
85.01,0,411.929780583761,0.102820846153305,0.873185399062765,0,0.21694288605573
85.02,0,411.80815061989,0.100916386208544,0.876754053012886,0.00139038364179422,0.21403937066103
85.03,0,411.686391865664,0.102732365656236,0.8750026285496,0.00104288319465198,0.215727630964342
85.04,0,411.564541497301,0.104289624734608,0.873672437165343,0,0.216966958109872
85.05,0,411.442636689741,0.100778355612645,0.87351008092872,0,0.214635705029508
85.06,0,411.320714615103,0.101884037543558,0.871023663504394,0.00187707681053079,0.215437885351903
85.07,0,411.198812441174,0.104603599332439,0.871883863701907,0.000238391847677645,0.215362370071072
85.08,0,411.076967329922,0.101062756236221,0.873725220301662,0,0.213922101022862
85.09,0,410.955216436046,0.103065656578832,0.874259573769447,0.00252769391079231,0.215054656852234
85.1,0,410.833596905547,0.100747728311589,0.868665709290412,0.00528855272262132,0.212433867600907
85.11,0,410.71214587434,0.103800948408707,0.872437166615819,0,0.213828403191143
85.12,0,410.590900466883,0.103321520126833,0.869590535314447,0.000987910849906113,0.217026795299882
85.13,0,410.469897794843,0.101997579749115,0.868465586616851,0,0.216988639675663
85.14,0,410.349174955795,0.101974745733055,0.868188400501758,0,0.214091926661635
85.15,0,410.228769031943,0.101436110875177,0.868066065180189,0,0.21654955935867
85.16,0,410.108717088876,0.104028722363141,0.870458061355061,0,0.214498065024281
85.17,0,409.989056174355,0.101008793663573,0.867254327200535,0.000782607836366138,0.213455788069
85.18,0,409.869823317127,0.1032116378315,0.86734099691558,0,0.216356302977981
85.19,0,409.751055525768,0.100491001268433,0.867632330947538,0.000578417039644119,0.213623558400739
85.2,0,409.632789787564,0.104046350660993,0.86763356464763,0.000391786351465526,0.216010784412337
85.21,0,409.515063067414,0.10492319861621,0.866989647911529,0,0.214385342482954
85.22,0,409.397912306766,0.102182191941219,0.865388094323973,0,0.214889128221753
85.23,0,409.281374422587,0.100667829479444,0.865091923001464,0.00102575348234576,0.213097366821633
85.24,0,409.165486306356,0.104073662560349,0.865110677779675,0,0.215540409290184
85.25,0,409.050284823093,0.104029258804696,0.862793243640258,0.00199073394077224,0.214438698584035
85.26,0,408.935806810417,0.100487807831457,0.866757742678771,0.00282352935934445,0.214505089703308
85.27,0,408.822089077635,0.10079912222645,0.863230989696176,0.00153697509759545,0.215929487943729
85.28,0,408.709168404858,0.103208753921184,0.861528352212747,0,0.216754120703573
85.29,0,408.597081542152,0.10383795501427,0.861921082492002,0.000647554223344184,0.215186899534614
85.3,0,408.485865208713,0.105093539370976,0.862580053552705,0.000377148530082935,0.21600335916968
85.31,0,408.375556092085,0.101492909655093,0.865198890867478,0,0.212547783973553
85.32,0,408.266190847389,0.104875718693895,0.861524659727154,0,0.215186132130125
85.33,0,408.157806096597,0.103355918035342,0.861018980852519,0.00267653245588248,0.215183300550078
85.34,0,408.050437627008,0.104088787364002,0.860553285221665,0.000489803188507971,0.211887240204864
85.35,0,407.944121270026,0.103820217138668,0.862193788950243,0.0017842544012134,0.214452003723317
85.36,0,407.838895069511,0.102345753321453,0.860674189204657,0.00160039213858115,0.214938962520942
85.37,0,407.734795508218,0.102972293417631,0.860528143358171,0,0.214798476097778
85.38,0,407.631859032547,0.10201639577969,0.860254677680499,0,0.214075687115401
85.39,0,407.530122052004,0.105041578538626,0.859144982181423,0.00257030796593141,0.214851543313301
85.4,0,407.429620938667,0.101947931050275,0.859512500784768,0.000690813804271969,0.214587550439674
85.41,0,407.330392026708,0.102939606559367,0.858644788735745,0,0.214452006441707
85.42,0,407.232471611921,0.101378373913347,0.85653763139551,0,0.218795518891518
85.43,0,407.135895951296,0.102701792384103,0.86004509359689,0.000923475304451284,0.212712805838766
85.44,0,407.040701262615,0.104110140230733,0.857650733791706,0.00041123734565679,0.214393217657739
85.45,0,406.946923724082,0.104671149646952,0.857531210185251,0,0.215988133300072
85.46,0,406.854599473975,0.102702462010325,0.85745846421762,0,0.213467621892907
85.47,0,406.763764610333,0.103821668901731,0.854538295941319,0.000217400892962789,0.21715464315962
85.48,0,406.674208697181,0.104637407087777,0.856704472564126,0.00170538019916883,0.215106893161106
85.49,0,406.584908994457,0.105384820966663,0.854571688940585,0.00192974910355405,0.217868057875523
85.5,0,406.495768099941,0.101528181826796,0.855822536254295,0.000838826371153772,0.214903687675323
85.51,0,406.406789637655,0.101568012686161,0.856009706485739,0.000149601366579666,0.215107287646899
85.52,0,406.317977227402,0.103943084475266,0.854648519640104,0.00212980853248478,0.216297164404075
85.53,0,406.229334484612,0.101197289464091,0.853343190937627,0.000928866858097744,0.21339000383231
85.54,0,406.140865020182,0.102129314704864,0.85484578274913,0,0.215907040551364
85.55,0,406.052572440317,0.102815404724783,0.855063870397616,0.000649673444682235,0.215529345618009
85.56,0,405.964460346375,0.102048066141036,0.856881405766297,0.000542669569829039,0.214281868127053
85.57,0,405.876532334703,0.103185167731166,0.855121084966264,0.000941078257796185,0.212565224175043
85.58,0,405.788791996482,0.103388420434398,0.852056377793967,0.00288805914697602,0.215907903242283
85.59,0,405.701242917568,0.101723079577164,0.85062083436339,0.000229924065721723,0.216498697793507
85.6,0,405.613888678332,0.102041065852152,0.853005599006221,0.00141234215008502,0.217570725042563
85.61,0,405.5267328535,0.102871909608187,0.855110157012904,0.000119398403354729,0.215447730863223
85.62,0,405.439779011993,0.106208886636901,0.851734335711059,0.00010780814144379,0.214489046594943
85.63,0,405.35303071677,0.10135908925906,0.853753941338407,0,0.214925481458471
85.64,0,405.266491524667,0.10255970601851,0.850475165915532,0,0.21722614861779
85.65,0,405.180164986237,0.102789516098567,0.850025843838153,0.000209294813554927,0.216567486349328
85.66,0,405.094054645588,0.103619523272065,0.850694833208612,0,0.214140176640496
85.67,0,405.008164040229,0.103659397397992,0.849820171031816,0,0.215530857704087
85.68,0,404.922496700901,0.105219788637702,0.848396776096545,0.000413138770067794,0.215373724297826
85.69,0,404.837056151425,0.103637512524451,0.848391847569742,0,0.216013052367686
85.7,0,404.751845908538,0.101896114480953,0.847230601780417,0.000971860279265731,0.214763186540869
85.71,0,404.666869481732,0.104231751754516,0.846580933666744,0,0.2153494290341
85.72,0,404.582130373094,0.104046868485955,0.845780925697105,0,0.21525137360228
85.73,0,404.497632077147,0.103734119655551,0.847451030692474,0.00265279433519573,0.213931884548676
85.74,0,404.413378080689,0.103222008233903,0.845679525601769,0,0.2137514053231
85.75,0,404.32937186263,0.104169321582219,0.847339516027655,3.68437338375918e-05,0.215680060718617
85.76,0,404.245616893835,0.10338469285697,0.845862471433352,0,0.215340373233547
85.77,0,404.162116636962,0.10222904377788,0.846030924963504,0.000607968763167669,0.213857957993809
85.78,0,404.0788745463,0.10326859721311,0.844238320453325,0.00100817535673541,0.214533298712836
85.79,0,403.995894067611,0.102125385861158,0.845785117457762,0,0.212978924701796
85.8,0,403.913178637966,0.104217346095823,0.845416583200367,0.00108384758758157,0.215197519486723
85.81,0,403.830731685589,0.101368353898617,0.847877657380555,0.000836631216554227,0.216092082351062
85.82,0,403.748556629693,0.103228391000275,0.846316530783688,0.00290993578255551,0.21182310556956
85.83,0,403.666656880321,0.103940396671383,0.843583052249388,0,0.213386787499568
85.84,0,403.585035838184,0.10325508318622,0.845458076977242,0,0.216342731602326
85.85,0,403.503696894505,0.103821648521399,0.844604965342707,0.000498027842901677,0.214039150152
85.86,0,403.422643430853,0.103313862987714,0.843270105226322,0.0011097115143604,0.2131875157442
85.87,0,403.341878818986,0.101473957187316,0.839800220140462,0.000800453154112978,0.214476221242055
85.88,0,403.261406420693,0.102465192566777,0.841963462617356,0.0016157437151053,0.215740576157347
85.89,0,403.181229587629,0.0997393849747777,0.842016519215013,0,0.215105371388239
85.9,0,403.101351661159,0.101477185351001,0.84156423567901,0.0015351544972033,0.21397781276781
85.91,0,403.021775972198,0.105693117480888,0.842940283224064,0,0.214101138110467
85.92,0,402.942505841049,0.102136922341348,0.841298366559551,0,0.215678818436092
85.93,0,402.863544577247,0.103684484955157,0.838318045474275,0,0.21624770640765
85.94,0,402.784895479397,0.102043007740004,0.839191377534159,0,0.215498862944927
85.95,0,402.706561835018,0.102714241729529,0.839396845778218,0.000932140317783221,0.216439400259853
85.96,0,402.62854692038,0.103268445933052,0.842686448482317,0,0.21564981016946
85.97,0,402.550854000349,0.100928171124711,0.841548920920777,0,0.215162327391595
85.98,0,402.473486328227,0.103650208368374,0.83837862883675,0.000476311831425222,0.216709530603119
85.99,0,402.396447145594,0.102021743801389,0.840346383491382,0.0014420189708928,0.21374205739378
86,0,402.319739682149,0.102453392438586,0.839050727797579,0,0.215289848778814
86.01,0,402.243367155555,0.102202978848294,0.838867701519424,0.00096211454396609,0.216640405361015
86.02,0,402.167332771277,0.10373415088535,0.839030947067074,0,0.217763367000276
86.03,0,402.091639722431,0.105994164016659,0.839515943249734,0.0028699089794148,0.216453116787433
86.04,0,402.016291189621,0.104222715578518,0.835698134832279,6.30437050858939e-05,0.214192815091065
86.05,0,401.941290340786,0.101776318317066,0.835926773889516,0.00163973757822711,0.214968947453198
86.06,0,401.86664033104,0.103448728982856,0.836824014980684,0,0.215452447872418
86.07,0,401.792344302522,0.104598038984296,0.837806416320908,0.000646521937063534,0.214045557864466
86.08,0,401.718405384234,0.103322791964843,0.836240315182731,0,0.213784948025517
86.09,0,401.644826691889,0.102323041275867,0.832669678014762,0,0.215301876196086
86.1,0,401.571611327754,0.103432288823239,0.834137858273646,0.000698873272537978,0.214842969775106
86.11,0,401.498762380498,0.10227060093354,0.83527218418863,0,0.213517084969438
86.12,0,401.426282925035,0.106374938947293,0.835140095988121,0,0.215006644650997
86.13,0,401.35417602237,0.101632809595049,0.832439740117059,0,0.215914863869551
86.14,0,401.282444719447,0.101871601341135,0.831267073672407,0,0.215896214936819
86.15,0,401.211092048996,0.105129593191336,0.832476845932643,0,0.211943084214531
86.16,0,401.140121029379,0.102366259597786,0.83219036886673,0.00039040109239485,0.214425383170362
86.17,0,401.069534664435,0.102226995117672,0.832365806448863,0,0.216933025772314
86.18,0,400.999335943335,0.104002382959435,0.833294897658124,0.00311336122927548,0.214241477344582
86.19,0,400.929527840425,0.100617466580806,0.830948303966457,0,0.213221944483969
86.2,0,400.860113315074,0.100800879933615,0.833479697385279,0.000273391526192692,0.217487984505849
86.21,0,400.791095311529,0.102391512191581,0.831356851274771,0.000910217387816499,0.217034486698436
86.22,0,401.207394899156,0.104089040909179,0.832380968376602,0,0.21752588074395
86.23,0,401.392897258752,0.10225540017169,0.83140239900428,0,0.216021648331456
86.24,0,401.521096058628,0.104104432489154,0.831074588211292,0,0.214227253340939
86.25,0,401.653016708992,0.10552093710534,0.83091644456911,0,0.21730278738997
86.26,0,401.789702281031,0.102321357192388,0.830063847915676,0,0.212829751437488
86.27,0,401.930634409314,0.102328311204921,0.829871355815818,0,0.215364878259678
86.28,0,402.075807236639,0.100511415020884,0.831209605722939,0.00182746491788756,0.213440508827739
86.29,0,402.225257873254,0.101756856304696,0.827317805153841,0.000542919153861678,0.216223896065857
86.3,0,402.379020658932,0.103701311078289,0.827482981879742,0,0.215904043940985
86.31,0,402.53712937637,0.101805158128438,0.82949435326778,0.000934095237955168,0.215801641121639
86.32,0,402.699617826249,0.102544200956745,0.831665670790252,0.000412269833170473,0.215180012126233
86.33,0,402.866519837635,0.102877010688118,0.82848080599961,0.000661017870635438,0.214599311460891
86.34,0,403.037869264238,0.100427570307714,0.830684688490715,0,0.216692308343494
86.35,0,403.21369998553,0.0998223464676724,0.826704724712113,0,0.215020414188721
86.36,0,403.394045908283,0.101101979649345,0.827769177254151,0.000491088043341104,0.211794610076642
86.37,0,403.57894096808,0.101606597262846,0.829165904091466,0,0.216529465637524
86.38,0,403.768419130842,0.100049584007889,0.827784480597696,0.00131881749858767,0.215379785523531
86.39,0,403.962514394355,0.100739115288269,0.829135932321252,0,0.213190817969012
86.4,0,404.161260789813,0.0996850040854592,0.829230934922793,0.000469839608206041,0.215785988818037
86.41,0,404.364692383361,0.0982846528934497,0.825852839783943,0.000641864591447675,0.215972259686854
86.42,0,404.572843277657,0.0992374587156864,0.824462597758978,0,0.213479477002447
86.43,0,404.785747613437,0.100653339843311,0.826665785910664,0,0.217847008120246
86.44,0,405.003439571087,0.101464986168564,0.8273276496411,0.00213467242029578,0.216673086704227
86.45,0,405.225953372222,0.101269724830752,0.826970461040715,0,0.216149358340034
86.46,0,405.453323281281,0.102402574447465,0.826058505761995,0.00142573917187219,0.215493434058342
86.47,0,405.685583607114,0.101904876217298,0.824217836548217,0.000468983131215631,0.213072560870998
86.48,0,405.922768704594,0.0986905476565954,0.823746043760477,0.00166777982737998,0.216139652233035
86.49,0,406.164912976221,0.0992317167247637,0.823595332134934,0,0.216525769204463
86.5,0,406.41205087374,0.0987082292084435,0.8248772633082,0.00165903103140057,0.21360109571536
86.51,0,406.664216899762,0.100093039366078,0.824502563635888,0.00145938758254344,0.214721105201735
86.52,0,406.921445609396,0.0983729160075138,0.825567764023917,0.00122769292785284,0.215926013070427
86.53,0,407.183771611878,0.100510325613929,0.825159112816232,0,0.216709483872086
86.54,0,407.451229572215,0.100695992134305,0.827270021812023,0.00134755720416471,0.214267883019503
86.55,0,407.723854212828,0.0970454205224501,0.824386907035539,0,0.214473245968689
86.56,0,408.0016803152,0.101480881241389,0.822573987808168,0.000996525749086072,0.214930528927583
86.57,0,408.284742721535,0.0953621323443981,0.820498476792348,0,0.214645230616328
86.58,0,408.57307633641,0.0969043380962685,0.821745950265286,0,0.213717123466497
86.59,0,408.866716128446,0.0978781653742293,0.822394567230434,0,0.215991333197525
86.6,0,409.165697131968,0.0992026475097995,0.821345976723326,0.000859314949486063,0.215923142759501
86.61,0,409.470054448679,0.0977938779713749,0.823046591672139,0.00213933876955456,0.2150211331881
86.62,0,409.779823249335,0.097386802351368,0.819604428510491,0,0.217801291206954
86.63,0,410.095038775416,0.0979238212697463,0.822770259367319,0.00137524443393421,0.213284940693878
86.64,0,410.415736340815,0.0945352171986347,0.821021135740321,0.000615482474889201,0.214892354276206
86.65,0,410.741951333513,0.0958264325276362,0.82388515627573,0.000723299928766858,0.211711524455087
86.66,0,411.073719217265,0.0959128753059963,0.820978901035499,0,0.215465357184294
86.67,0,411.411075533291,0.0962038461678888,0.820633618150135,0,0.21789828760774
86.68,0,411.754055901963,0.0963648530497527,0.820692175463795,0,0.215414139577195
86.69,0,412.10269602449,0.0975213582830558,0.820811893103073,0.00177695426817288,0.215215968500796
86.7,0,412.457031684618,0.0958951626716645,0.819520853290731,0.000521299635930379,0.216144977591252
86.71,0,412.817098750314,0.0973942006153193,0.823527503345581,0,0.21595977516653
86.72,0,413.18293317547,0.0968369294855312,0.818202305809677,0.000182437120250149,0.213188461497694
86.73,0,413.554571001583,0.0925207934213768,0.818136911725663,0,0.216670799807929
86.74,0,413.932048359464,0.0941280574665316,0.820747229425633,0.000495179438930935,0.215648371933127
86.75,0,414.315401470918,0.095141331761168,0.818550246030914,0.00201380384086992,0.214692462629853
86.76,0,414.70466665045,0.0972769977794936,0.816822810362112,0.00091463531728913,0.211825154251017
86.77,0,415.099880306946,0.0931272564225371,0.819092676180037,1.80929243145933e-05,0.214986972268858
86.78,0,415.501078945377,0.0959147733534383,0.817658519819452,0,0.215161674959781
86.79,0,415.908299168483,0.0971890152195306,0.820191956146281,0.000992641116907746,0.212152564464364
86.8,0,416.321577678464,0.0953457380186165,0.81929151351007,0,0.214857663805615
86.81,0,416.74095127867,0.0952286461748123,0.819465449181537,0,0.213401458877309
86.82,0,417.166456875284,0.0943679975066064,0.817807883735919,5.12918725760049e-05,0.217326626733928
86.83,0,417.59813147901,0.0956508276341798,0.817545538439197,0.000546758723740056,0.214446055355974
86.84,0,418.036012206752,0.0956014358936252,0.816569604251831,0,0.215117323058504
86.85,0,418.480136283293,0.0889098389022126,0.817629589427959,0,0.214090915955895
86.86,0,418.930541042971,0.0916445368891933,0.819405383418197,0.00274356188851171,0.213888273226446
86.87,0,419.387263931351,0.094071989180832,0.816926932452328,0,0.214627254943612
86.88,0,419.850342506898,0.0922632177448432,0.815985931314606,0,0.214965916179671
86.89,0,420.319814442636,0.0913906549393078,0.817268687768121,0.000303103547809487,0.214488382610036
86.9,0,420.795717527812,0.0913961271886033,0.817345775330367,0,0.215746753501511
86.91,0,421.278089669555,0.0920004286865132,0.818095173211549,0,0.217243285041252
86.92,0,421.766968894523,0.0919656558383101,0.817944503780378,0,0.215894792340188
86.93,0,422.262393350555,0.0925696153688982,0.816149095909552,0.000932156414753975,0.214201564237896
86.94,0,422.76440130831,0.091413191038161,0.816396569954596,0.000705916812584121,0.214342409465433
86.95,0,423.273031162902,0.0870449787623223,0.816411755311671,0.00274201827222825,0.216344706219982
86.96,0,423.788321435536,0.0893969568782725,0.815316028787878,0,0.215123966836937
86.97,0,424.310310775125,0.0913263827125728,0.815194842081606,0.000489395812449196,0.217116838702549
86.98,0,424.839037959915,0.0908972517296139,0.812502316488381,0.00268765290883881,0.212906899146603
86.99,0,425.374541899093,0.0901946661050957,0.814251876236151,0.000342150127832741,0.2151764198703
87,0,425.916861634391,0.0912262374596964,0.817000796627515,0,0.215437805660649
87.01,0,426.466036341686,0.089494983243026,0.814723019076781,0,0.214590769165209
87.02,0,427.022105332588,0.087199768724897,0.815919479612364,0.00088297434153783,0.216615483691053
87.03,0,427.58510805602,0.0884987409258475,0.813515183538338,0,0.216767810239087
87.04,0,428.155084099797,0.0902892245102851,0.814399742010664,0,0.214444994515324
87.05,0,428.732073192187,0.0882477418412333,0.813666930060468,0.000805344457802584,0.215960437983763
87.06,0,429.316115203472,0.0879572071491936,0.816704317901204,0,0.214802779610873
87.07,0,429.90725014749,0.0894142064422687,0.814368958920861,0,0.215828562013668
87.08,0,430.50551818318,0.0868695026971941,0.812456412023788,0,0.215419405341964
87.09,0,431.110959616105,0.0841830131221603,0.815201566084082,0.000341879408757701,0.212987572618576
87.1,0,431.723614899978,0.0848776214573241,0.812684007238713,0.000503896724328994,0.213113974480394
87.11,0,432.343524638165,0.0860569984158604,0.813725413169956,0.00103909100527263,0.216438534009721
87.12,0,432.970729585187,0.0858745939132262,0.813523378159154,0,0.214001312034481
87.13,0,433.605270648206,0.0857016873419444,0.815301402702599,0,0.212842691692594
87.14,0,434.2471888885,0.0845426543070861,0.811809413051053,0.000947347596686829,0.213565152737387
87.15,0,434.896525522936,0.0836230049705534,0.814864827275781,0,0.213606477225514
87.16,0,435.55332192541,0.0853870084791922,0.810014269017293,0.000463440523396477,0.214808547833626
87.17,0,436.217619628303,0.0854740714849856,0.815303568272024,0,0.212893338821681
87.18,0,436.889460323902,0.0855472977676945,0.814998713344565,0,0.216499578555863
87.19,0,437.568885865816,0.0843063843786305,0.812253170533902,0,0.215515186025168
87.2,0,438.255938270382,0.0850127705947611,0.814135570649102,0.00118855438348884,0.213950922735813
87.21,0,438.950659718059,0.0841117119303254,0.814568488981593,0.00332327788328031,0.217851695668877
87.22,0,439.653092554795,0.0836593251205381,0.813321352662751,0,0.216250795438791
87.23,0,440.363279293398,0.0836608313594555,0.814290201394905,0.00320364703941392,0.214722326751507
87.24,0,441.081262614881,0.0820129482239394,0.810148982876486,0,0.213343704413908
87.25,0,441.807085369798,0.0833559772128497,0.814871041342394,0,0.212740356830945
87.26,0,442.540790579559,0.0803061774337796,0.809398076834463,0,0.217156128032376
87.27,0,443.282421437739,0.0812421688377451,0.814189498953612,0.0015028947184345,0.214963773992193
87.28,0,444.032021311361,0.0785641339181084,0.813661796517292,0.0010496998496151,0.214336111680666
87.29,0,444.789633742171,0.0800104399533741,0.813520626053303,0,0.214915530466923
87.3,0,445.555302447897,0.0805104510400008,0.813096395701838,0,0.215088049544358
87.31,0,446.32907132348,0.082893970814655,0.813366435571892,0.000459081021749649,0.212871571278878
87.32,0,447.110984442307,0.0779334637284125,0.813603340694294,0.00229811225451218,0.217780289760271
87.33,0,447.901086057405,0.0799614372516378,0.813885360790536,0.00161818145945178,0.214501604019096
87.34,0,448.69942060264,0.0769849005308202,0.811068830384596,0.000723245373104787,0.214189913679394
87.35,0,449.506032693877,0.0811066288832014,0.812401833707449,0.00191005794444922,0.215481538141332
87.36,0,450.320967130138,0.0773967917089726,0.81346884438707,0.00110435692598765,0.213210093254306
87.37,0,451.144268894731,0.0773525469494184,0.811771810368597,0,0.213536225279478
87.38,0,451.975983156365,0.0779398924706474,0.811942872508807,0,0.218264314466399
87.39,0,452.816155270247,0.0790825637301041,0.812340768412338,0.000941036042639141,0.213245122452351
87.4,0,453.66483077915,0.0783637720793495,0.812488875447721,0,0.215549284403541
87.41,0,454.522055414473,0.0761893372768743,0.811815141462595,0,0.214697784424896
87.42,0,455.387875097275,0.0774987585906112,0.813548201652053,0.000635880128418327,0.217066801987092
87.43,0,456.262335939284,0.0760896790537968,0.811899077277822,0,0.215801243479689
87.44,0,457.145484243895,0.077347079326186,0.814918553737467,0,0.213364136668197
87.45,0,458.037366507133,0.0757995470481497,0.816622077105036,0,0.214487145161735
87.46,0,458.938029418614,0.0782579492349195,0.810885447448612,0.00119207460440225,0.213325072485803
87.47,0,459.847519862455,0.0770921921206007,0.811361868614898,0.000762915393685647,0.212942554610222
87.48,0,460.76588491819,0.0761859969668526,0.81351241907044,0.000824138152675912,0.214520375715246
87.49,0,461.693171861647,0.075330854691781,0.810560468959709,0.00148213223504998,0.215666420531282
87.5,0,462.629428165805,0.0769948337461222,0.814191213852758,0.000708896746241264,0.214741924674044
87.51,0,463.574701501625,0.075307393771208,0.814163273419686,0,0.217868378809271
87.52,0,464.529039738864,0.0721300912837394,0.812811559424755,0.00104204164762252,0.213254340851321
87.53,0,465.492490946858,0.0715815249585367,0.813793244526977,0,0.215623133113775
87.54,0,466.465103395276,0.0726801694453489,0.812065294513106,0.000984383651002867,0.216227915458028
87.55,0,467.446925554863,0.0725836130792673,0.812819638100598,0.00112136090084077,0.213186704087702
87.56,0,468.438006098144,0.072303600251631,0.811783877053615,0,0.214339324397475
87.57,0,469.438393900107,0.069133779996183,0.812835849478718,0.000269651137114366,0.216880267144576
87.58,0,470.448138038854,0.069642781612732,0.810943596798317,0,0.215885827964606
87.59,0,471.46728779624,0.0685744809844638,0.814778176076946,0,0.211632352626064
87.6,0,472.495892658466,0.0700789752010877,0.813823455519631,0,0.214812740437862
87.61,0,473.534002316654,0.0704779454987115,0.813553879642516,0,0.216230230047842
87.62,0,474.581666667395,0.0711690909433125,0.812736546893074,0.00116325342410274,0.213834285700159
87.63,0,475.638935813263,0.0663722826489995,0.812604171504932,0,0.21570248176141
87.64,0,476.705860063306,0.0634001328242281,0.815019464398561,0,0.213365512316959
87.65,0,477.782489933501,0.0677836969188516,0.812664318398241,0.000936124172652166,0.213750242097851
87.66,0,478.868876147184,0.0656924690396003,0.813633756724822,0.000593154113022002,0.213779346459774
87.67,0,479.965069635447,0.0646718301860081,0.814690278465573,0,0.216820140816613
87.68,0,481.071121537509,0.0680170599611007,0.814560839576346,0.000584378503250058,0.213263104666387
87.69,0,482.187083201045,0.063762712012,0.813866869021891,0.00115835471094853,0.215469409301394
87.7,0,483.313006182498,0.0660698050717421,0.811136025818501,0.00289625604113833,0.213109619137034
87.71,0,484.448942247348,0.0647512362962095,0.814134104373134,0.000773859856050112,0.216286623736953
87.72,0,485.594943370357,0.0654373758246716,0.815216049448458,0.000140697365200404,0.217190125602308
87.73,0,486.751061735767,0.0624734758603169,0.814778387783002,0.000133776092148657,0.216455900625056
87.74,0,487.917349737482,0.0627023637713211,0.814482899187912,0.00275898042055379,0.214492796820333
87.75,0,489.093859979207,0.0640030666038525,0.811591858693412,0,0.217331830124232
87.76,0,490.280645274551,0.0619999942866303,0.812070940752102,0.000272462904462816,0.215422148879492
87.77,0,491.477758647102,0.0632748204737733,0.813952369778659,0.00106121366614324,0.214605085149909
87.78,0,492.68525333046,0.0618407615871267,0.813150773889853,0.00126046675225138,0.214956520559385
87.79,0,493.90318276824,0.0609223992659811,0.812966074678556,0.00162466818186576,0.216980640955086
87.8,0,495.131600614038,0.0605600986831357,0.816572853813334,0,0.215282521025263
87.81,0,496.370560731354,0.0582554663274455,0.815033178484904,0.00115922838232893,0.215480005798887
87.82,0,497.620117193489,0.0588229264438386,0.813480219356594,0,0.21423058742352
87.83,0,498.880324283398,0.0597226620492786,0.812735085698416,0,0.21373164951327
87.84,0,500.151236493501,0.0596075315495151,0.814314174002287,0.00138718976244928,0.21535730759167
87.85,0,501.432908525468,0.0552801546727948,0.815367109602851,0,0.214483227446885
87.86,0,502.725395289954,0.059026681285468,0.811691222979185,0,0.214446245322257
87.87,0,504.028751906298,0.057994705751128,0.812894428199297,0.00125981012902441,0.211750974845628
87.88,0,505.343033702187,0.0558534728554527,0.814124106851907,0,0.216405974884339
87.89,0,506.668296213271,0.0567752826084291,0.815379604666979,0,0.213696945350569
87.9,0,508.004595182746,0.0572144929177948,0.816046825948284,0.00235772800494477,0.211852756396324
87.91,0,509.351986560889,0.0551928426404251,0.814235745432565,0.000124409483905059,0.214127268005401
87.92,0,510.710526504558,0.0549033321952471,0.814638248277119,0.00134205936864469,0.215375051275348
87.93,0,512.080271376643,0.0563491150209872,0.813274368383599,0,0.216816355159738
87.94,0,513.46127774548,0.0551883422914697,0.815390405232413,0.000502755091460145,0.21508649432424
87.95,0,514.853602384218,0.0542185349786526,0.815335760757296,0.000662041181119243,0.215372167182149
87.96,0,516.257302270146,0.0547901913547637,0.813878373115272,0.00185290583582463,0.216294870226819
87.97,0,517.672434583971,0.0513026212263447,0.814714536499313,0.000663265027211312,0.214615218742135
87.98,0,519.09905670906,0.0530731252288295,0.8189612555127,0.000484143375559891,0.214505385958671
87.99,0,520.537226230624,0.0522966003806292,0.815154218305577,0.00156967932993653,0.21673980033395
88,0,521.987000934871,0.0502424914761529,0.816955822039056,0,0.214516270393734
88.01,0,523.448438808102,0.0485566853120492,0.817399655177781,0,0.215514740092374
88.02,0,524.921598035767,0.0509156171107829,0.816605249427473,0.000236769738924327,0.214628655065206
88.03,0,526.406537001468,0.0474178440776458,0.813010689865151,0.000580721211756256,0.213121950030204
88.04,0,527.903314285922,0.0496407115307337,0.816688448217629,0.00178138138963794,0.214259152461597
88.05,0,529.411988665871,0.048241005594748,0.815677089456902,0.00117193510443898,0.214852626839657
88.06,0,530.932619112945,0.0482960188752703,0.815425574568134,0.00135118076330407,0.212419760095673
88.07,0,532.465264792471,0.04729866081233,0.817582740222307,0.00123231850060107,0.216395826853344
88.08,0,534.009985062245,0.0486065467231382,0.81625846125271,0,0.215133405157127
88.09,0,535.56683947124,0.0464199412445142,0.81752491784139,0.00139844390193641,0.214762956372261
88.1,0,537.135887758273,0.0460952704310515,0.818148001528692,0,0.213367049603305
88.11,0,538.717189850617,0.0432546237905685,0.816164436552572,8.70946799583073e-05,0.216445456186645
88.12,0,540.310805862561,0.0438271612153479,0.816800245456436,0.0010355016413527,0.213332843952007
88.13,0,541.916796093923,0.0441314131975454,0.817919569580288,0,0.216014967177236
88.14,0,543.535221028501,0.0436875199175079,0.815076051425951,0.000555175248108721,0.216696892684629
88.15,0,545.166141332482,0.0408236818212609,0.818315370113447,4.12582708648495e-05,0.215084853645373
88.16,0,546.80961785279,0.0423164819782283,0.815814074468269,0.00281608040104494,0.215012446422712
88.17,0,548.465711615383,0.0423266913811389,0.816637911128789,0,0.213119072817974
88.18,0,550.134483823494,0.0427983005028322,0.818024246126657,0.00110462890693588,0.211875413731975
88.19,0,551.815995855822,0.0401063238651096,0.818649700594857,0,0.214544106373234
88.2,0,553.510309264656,0.0402194978895137,0.818755163141716,0.00189459555271305,0.215044111228608
88.21,0,555.217485773956,0.0419548465020723,0.8190356055584,0,0.21468263950453
88.22,0,556.937587277374,0.0386010740007007,0.820057941046675,0,0.215627015902483
88.23,0,558.670675836207,0.0376633226947276,0.816732100196438,0,0.212455720324249
88.24,0,560.416813677311,0.0373477573770638,0.820791512632001,0.000586141431737985,0.215687794554557
88.25,0,562.176063190941,0.0383208951497582,0.819412384235991,0.000782147836003801,0.213177332359447
88.26,0,563.948486928544,0.0361529093024422,0.818956400291777,0.000754015067239103,0.213405759713342
88.27,0,565.734147600485,0.0346885325119111,0.822310253129775,0,0.213161162890338
88.28,0,567.533108073712,0.0351123635934229,0.817843962680411,0,0.215564725756968
88.29,0,569.345431369378,0.036320974614057,0.81891160524249,0,0.216437164091814
88.3,0,571.171180660378,0.0341672375470476,0.816993772480918,0.000740684577526233,0.215283443678224
88.31,0,573.010419268842,0.0349670372671158,0.821426656052562,0,0.214469957936411
88.32,0,574.863210663563,0.0329806150974991,0.82502561453926,0.000586344628422079,0.213110133730181
88.33,0,576.729618457357,0.033149966428413,0.819262746206779,0,0.214657661321901
88.34,0,578.609706404373,0.0326874994732649,0.821352097793845,0,0.216062509371761
88.35,0,580.503538397324,0.0314508697797104,0.821885216929463,0.0013843419333401,0.215242719584441
88.36,0,582.411178464669,0.0305387706829203,0.821455050319769,0,0.212718871022248
88.37,0,584.332690767722,0.0317694839521168,0.81973422820689,0,0.216394416207837
88.38,0,586.268139597701,0.0282086680587269,0.821570288288256,0.000254876270014835,0.215979127915378
88.39,0,588.21758937271,0.0278569264500118,0.82377314766024,0,0.214536749772039
88.4,0,590.18110463466,0.0273614996890392,0.821687360567902,0,0.216112823920221
88.41,0,592.158750046116,0.0294159959524859,0.825068994164548,0,0.21515385641826
88.42,0,594.150590387088,0.0275951917071053,0.82456207429172,0.00265339909044865,0.213767175940088
88.43,0,596.156690551746,0.025314344138632,0.826048397325084,0,0.213736738750695
88.44,0,598.177115545076,0.0261540755767013,0.825528759427727,0,0.213693900542395
88.45,0,600.211930479458,0.0253045347419014,0.823209980019373,0,0.214459007372892
88.46,0,602.261200571191,0.0244287586740944,0.824858756219826,0,0.217155997985319
88.47,0,604.324991136933,0.0221628266642463,0.822660011590441,0,0.213087082050657
88.48,0,606.403367590089,0.0259620855154508,0.82448739273406,0,0.215896974054164
88.49,0,608.496395437107,0.0225377452987181,0.823882723035544,0,0.217989342060484
88.5,0,610.604140273734,0.0212176946288212,0.823793282915013,0,0.216583154519035
88.51,0,612.726667781175,0.0255148484775599,0.826453107629728,0,0.214241053532469
88.52,0,614.864043722194,0.0220233470265243,0.825143313987166,0.000196617899698465,0.213458845144303
88.53,0,617.016333937146,0.0188641171963475,0.823740635985016,0,0.213538621117276
88.54,0,619.183604339928,0.0215140535639674,0.822043976985061,0.00240335809493074,0.214147520493845
88.55,0,621.36592091387,0.0178684805815939,0.826503454952883,0,0.215870083390649
88.56,0,623.56334970754,0.0196718019612326,0.823163575849178,0,0.218884897858652
88.57,0,625.775956830492,0.0186548550117585,0.825515067739302,0,0.214738431544369
88.58,0,628.003808448927,0.0175836378277955,0.824375865984188,0.00120742113337386,0.214423466226564
88.59,0,630.246970781287,0.0168618682131068,0.827487817802568,0,0.214800138271792
88.6,0,632.505510093779,0.0142311063321055,0.826655639108206,0,0.215334733683348
88.61,0,634.779492695815,0.017130268708015,0.826876348975654,0.00300012799635343,0.213855395577977
88.62,0,637.068984935386,0.0147958130422043,0.829178578828777,0,0.21615220367097
88.63,0,639.374053194358,0.0146894999232122,0.826586399896534,0.00154200100438592,0.215668346698227
88.64,0,641.694763883691,0.013308561756707,0.826860689280668,0,0.213871918636918
88.65,0,644.031183438585,0.0121094730666774,0.830937101145912,0,0.21557390750813
88.66,0,646.383378313552,0.0115582213242825,0.828362781465372,0.000413371700845638,0.211635995042002
88.67,0,648.751414977404,0.0121983368832969,0.827173958291333,0.000988346698610008,0.214921139772035
88.68,0,651.135359908173,0.0100948430016552,0.827506705885077,0.000297626046277541,0.215085911372351
88.69,0,653.535279587954,0.0093663367470281,0.830338250165336,0.000370504395020135,0.213996659269154
88.7,0,655.951240497657,0.00843475957092074,0.82811569257295,0.00143718714239069,0.21739255044149
88.71,0,658.383309111704,0.00669152665244273,0.829003870354748,0.00165699766526515,0.214945993451402
88.72,0,660.831551892631,0.0082287203652733,0.828884138646772,0,0.214807835257301
88.73,0,663.224990329713,0.00738754330650149,0.831114652884197,0.00172305181487193,0.216716566258288
88.74,0,665.112787809822,0.0050191125249479,0.830514215689364,0.000169704873389145,0.216016834813656
88.75,0,666.848664277751,0.00502522235215144,0.830801582988867,0.00196540761766431,0.216437613448836
88.76,0,668.587793921008,0.0059748954597498,0.832314141754511,0.000533982408738031,0.215122943309401
88.77,0,670.097197341855,0.00455702173384877,0.831094624747283,0.000985292563618781,0.21369968579721
88.78,0,671.316833552599,0.00452778750313661,0.830884107221646,0.000521596202030611,0.212618674865986
88.79,0,672.510004373504,0.0047685210745334,0.832895159384664,0.000621925031715557,0.215484352612759
88.8,0,673.711092314862,0.00544002124497344,0.831870961975987,0,0.21272458449556
88.81,0,674.912430959154,0.0020923089870527,0.833312348749513,0,0.215220254660016
88.82,0,676.119730778255,0.00450213764060852,0.833112968335211,9.92197501065677e-05,0.213444180224321
88.83,0,677.335613857234,0.00506410430698173,0.832602577145365,0.00148685840059399,0.216736605368456
88.84,0,678.555142853163,0.00176125095378406,0.836650255749734,0.000127657890946224,0.215372631864035
88.85,0,679.777057311296,0.000971046420668054,0.831167838516524,0,0.212931322894309
88.86,0,681.006875387354,0.00330266015642867,0.831385504651355,0.000422985521182107,0.215662593976489
88.87,0,682.244180872836,0.00272755064506522,0.835757952085276,0.00136277857371979,0.214670579227884
88.88,0,683.481680375402,0.00267419982391361,0.835921409468405,0,0.212996946401341
88.89,0,684.725096032884,0.00308578684976481,0.833664691245686,0.000463494619187886,0.21376290326163
88.9,0,685.976923423402,0,0.834719041649825,0,0.213469718775688
88.91,0,687.231970063673,0.0024791558434848,0.838815354915081,0,0.215446747796892
88.92,0,688.488915759647,0,0.835327900611527,0,0.211354584111212
88.93,0,689.753537377343,0.000241112254044444,0.838498948654543,0.000709728765685694,0.215698478151953
88.94,0,690.762237705374,0,0.835381038505993,0.000275312171665106,0.216256544545608
88.95,0,690.890552431209,0,0.834920403657817,0.00119702356286952,0.216808003042501
88.96,0,691.01947020883,0,0.835499387844269,0,0.216456981540366
88.97,0,691.148985614958,0.000439757640396144,0.836137261896176,0.00160052314740379,0.213613433089543
88.98,0,691.279093204273,0.00227705484984752,0.838296370355451,0,0.213897820474268
88.99,0,691.409787509684,0.00133164966671005,0.839257855586918,0,0.213357239481423
89,0,691.541063042597,0.00147961257001736,0.840750080339666,0,0.215365583985813
89.01,0,691.672914293187,0.000651269358638157,0.838420504162414,0,0.214772970982349
89.02,0,691.805335730664,0.00148111192911184,0.838522558216915,0.000292800410400609,0.214426283513633
89.03,0,691.938321803549,0,0.838910978506908,0,0.213771449247421
89.04,0,692.071866939941,0,0.837737501805382,0.00116673984253252,0.21407765615926
89.05,0,692.205965547791,0.00126131101205726,0.839197282700681,0.000495361017916404,0.211672309470246
89.06,0,692.340612015172,0,0.840131266090556,0.00097013491408723,0.217511291976795
89.07,0,692.475800710554,0.0035568276155849,0.841058792496918,0.00057319572042535,0.217073638080445
89.08,0,692.611525983075,0,0.840763196885813,0,0.213292990533824
89.09,0,692.747782162813,0.000274814758063696,0.84067589529129,0.00244744274818957,0.215953477637618
89.1,0,692.884563561062,0.000801105091314857,0.843258376902615,0.000273472310327069,0.213349533016348
89.11,0,693.021864470603,0,0.842064207206575,0.00139132540184091,0.216343278556877
89.12,0,693.15967916598,2.3872427554875e-05,0.843028670266016,0.000420010044660121,0.216793555097773
89.13,0,693.298001903774,0,0.840868510060113,0.00110219409895598,0.213946257660848
89.14,0,693.436826922875,0.000121021048932079,0.842464162152801,0,0.215055268993
89.15,0,693.576148444762,0,0.842633379768062,0.00013433940215447,0.215037035892545
89.16,0,693.715960673769,0.00194416548026896,0.844832952207702,0.00170361007962683,0.213939518131904
89.17,0,693.856257797371,0.000699964953163553,0.84465853625634,0.000275191064549,0.213682126775863
89.18,0,693.99703398645,0.00175095233986159,0.845981772020525,0,0.213923471105364
89.19,0,694.138283395576,0,0.843130017007576,0,0.214858779055187
89.2,0,694.280000163281,0,0.845540466625138,0,0.212620367983392
89.21,0,694.422178412332,0,0.843427264148587,0.000623240854104039,0.216679821724976
89.22,0,694.56481225001,0,0.844544728856321,0,0.213934564471593
89.23,0,694.707895768387,0.00128468307646695,0.844889187284399,0.00269223398936642,0.215987588622791
89.24,0,694.851423044598,0,0.847023461123434,0,0.215121388973994
89.25,0,694.995388141118,0.000485850598059486,0.846429931477843,0.00142486479122465,0.214607785850182
89.26,0,695.139785106041,0,0.847027295402892,0.00189842417458947,0.214481755016556
89.27,0,695.284607973351,0.003551174222352,0.848590601098394,0,0.215057739087412
89.28,0,695.429850763204,0.00292143269106357,0.848320327467177,0,0.214847730757312
89.29,0,695.575507482199,0.00101787713946266,0.847947350964209,0.00186640586230379,0.215642838438117
89.3,0,695.721572123654,0,0.849578085829297,0.000913708291001049,0.214966129005212
89.31,0,695.868038667888,0.00144510484964584,0.848369163955897,0,0.216291084747576
89.32,0,696.014901082489,0,0.849836564642288,0.00111711591491046,0.213038054682755
89.33,0,696.162153322594,0,0.851531926363145,0.00212287515172406,0.215005539929747
89.34,0,696.309789331165,3.23854092221027e-05,0.850035866071584,0,0.216191999880482
89.35,0,696.457803039262,0,0.851626179229631,0.000764903962800696,0.213358897813174
89.36,0,696.60618836632,0.000907761069552361,0.851959130408217,0.000378543455267296,0.214521801645757
89.37,0,696.754939220427,0,0.851115167091964,0,0.213913181091406
89.38,0,696.904049498592,0,0.850153658621796,0.00187019768731002,0.214940368176843
89.39,0,697.053513087028,0,0.850301150023245,0.000263315689075721,0.216639599348834
89.4,0,697.203323861421,0.000504645343222503,0.85373866281334,0,0.215872709332272
89.41,0,697.353475687205,0.00100787607002659,0.854982557336271,0,0.214661812173671
89.42,0,697.503962419843,3.18483924469485e-05,0.855386602544407,0.000603345204936616,0.213390883275532
89.43,0,697.65477790509,0.00329302813945413,0.853172438381477,0,0.21550667621553
89.44,0,697.805915979278,0,0.852616592049994,0.00151280098891379,0.214253846903351
89.45,0,697.957370469579,0.00216724152539178,0.852630577604586,0.00277673505773455,0.215172309781865
89.46,0,698.109135194289,0.00240218396246906,0.856480238655708,0.00250959636022535,0.216875283258705
89.47,0,698.261203963092,0.00420425343391151,0.853923650819394,0.000758177345976516,0.213063324550664
89.48,0,698.413570577339,0.000703811368210324,0.852872836378315,0,0.213245820881018
89.49,0,698.566228830315,0,0.855112121078803,0.0016245733543714,0.215332645236872
89.5,0,698.719172507516,0.00136993576032395,0.857212346184556,0.000360592705976288,0.215941322155941
89.51,0,698.872395386917,0.00220225059082496,0.857224215592932,0,0.214810461327399
89.52,0,699.025891239245,0.000770816814100527,0.857883924059783,0.000923905505524572,0.2153790347958
89.53,0,699.179653828252,0,0.856223822694215,0,0.217173618649114
89.54,0,699.33367691098,0.00237745749537865,0.856170657560854,0,0.211824958402843
89.55,0,699.487954238037,0,0.858601897832305,0.00235718121919682,0.214948475970836
89.56,0,699.642479553863,0,0.859214600124105,0,0.211921134376741
89.57,0,699.797246597,0,0.857335601283166,0,0.214004347334429
89.58,0,699.952249100363,0,0.858906265233043,0,0.21558948840328
89.59,0,700.107480791505,0.00215114554423677,0.859380178205997,0.000980169628831678,0.215730706297062
89.6,0,700.26293539289,0,0.857845461625949,0,0.216599498163011
89.61,0,700.418606622153,0,0.857559823786358,0.00127551606230369,0.215547465803911
89.62,0,700.574488192374,0,0.86328684635944,8.88629735885303e-05,0.213983493970373
89.63,0,700.730573812343,0.00447474167865396,0.861426902863603,0,0.215271063585726
89.64,0,700.88685718682,0,0.86025041187732,0,0.217291623451356
89.65,0,701.04333201681,0.000422917204091751,0.860001781304748,0,0.216053210663982
89.66,0,701.199991999821,0,0.862149117911354,0.000665066172351399,0.213905687722577
89.67,0,701.356828209074,0,0.860363699133746,0,0.214328619568787
89.68,0,701.513835577281,0.00107097431892517,0.862616574953125,0.000561474161550546,0.215844600967246
89.69,0,701.671009169366,0.00123780330492939,0.863115059648152,0,0.214769444397867
89.7,0,701.828342671659,0,0.86313844131962,0.0018422538286917,0.21366117559667
89.71,0,701.98582976831,0,0.860438161957651,0,0.213518850774145
89.72,0,702.143464141553,0,0.863681656822642,0.000296592418617537,0.215733552521944
89.73,0,702.301239471965,0.000425499337005771,0.863112958507845,0,0.214002535404834
89.74,0,702.459149438725,0,0.863785443726307,0,0.213241876529239
89.75,0,702.617187719879,0.00143102826368144,0.867305253835379,0.000708811521361172,0.21450863422824
89.76,0,702.775347992591,0,0.864162272464123,0.000802366818616385,0.218108532587443
89.77,0,702.933623933407,0,0.866036225819243,0.00179702179289082,0.214334012317933
89.78,0,703.092009218512,0,0.86670883243774,1.97022537131148e-05,0.214089005828411
89.79,0,703.250497523985,0,0.865319461067077,0.00028525352462101,0.214672003439513
89.8,0,703.409082526056,0,0.867936608417372,0.00142935196194425,0.215885649412992
89.81,0,703.567757901361,0.00288461232649879,0.86719783041397,0.00101235921557741,0.21113874772543
89.82,0,703.726517327201,0,0.867378308953233,0.000406658414260659,0.214723244184901
89.83,0,703.885354481788,0,0.867103069436164,0,0.215728104928945
89.84,0,704.044263044507,0.00162881477366765,0.868256490771915,0.00230463041063783,0.215116967271102
89.85,0,704.203236696163,0.00121843871435201,0.870440083947505,0,0.214178654170056
89.86,0,704.362269119235,0,0.873014340683373,0,0.2147600908499
89.87,0,704.521353998127,0,0.870210437400877,0.00244080610761522,0.21261857197312
89.88,0,704.68048501942,0,0.870794108072644,0.00116202851964714,0.213992058531897
89.89,0,704.839655872117,0.000250089578038045,0.873150256617695,8.97024002943103e-05,0.215229456742319
89.9,0,704.998860247898,0.00103704788336152,0.870431046527931,0.000755292713000767,0.215405212815945
89.91,0,705.158091841364,0,0.870079717150052,0.00065515288874187,0.213593006112669
89.92,0,705.317344350286,0,0.87190685178199,0,0.214469939583149
89.93,0,705.47661147585,0.000988807655216451,0.874141335143218,0,0.214728402462322
89.94,0,705.635886922904,0,0.869879321020596,0.00147007876865118,0.214269978014027
89.95,0,705.795164400206,0,0.873067935074953,0.000282651166839113,0.214313532498596
89.96,0,705.954437620659,9.94140970492378e-05,0.8752633280409,0.00159916550960786,0.21326594300433
89.97,0,706.113700301566,0,0.873308891564826,0,0.214109467930198
89.98,0,706.272946164862,0.00212070765394286,0.872692158531557,0,0.21677011820573
89.99,0,706.432168937364,0.000306004640353304,0.874883529448505,0.00150640627434126,0.216829926558201
90,0.1,706.591362351005,0,0.87674269078577,0.000225944242164905,0.213913757159015
90.01,0.1,706.75052014308,0,0.877457967412632,0,0.213916826510766
90.02,0.1,706.909636056478,0.00176582502877895,0.877183929447183,0,0.215908644631547
90.03,0.1,707.068703839927,0.0014838777130377,0.876507639627335,0,0.216191997970071
90.04,0.1,707.22771724823,0.00265438523196772,0.874382860377891,0.00168839722101239,0.214651371392832
90.05,0.1,707.386670042494,0.0013905310481856,0.876549598674696,0.000819012547139701,0.21560425091656
90.06,0.1,707.545555990379,0,0.878128640557102,0.00218046078966216,0.212554048440997
90.07,0.1,707.704368866319,0,0.878180238738453,0.000147877137389456,0.215180448828346
90.08,0.1,707.863102451764,0,0.877119996968016,0.000988686486445595,0.214879312809306
90.09,0.1,708.021750535412,0.00044629048301199,0.880634390205065,0,0.213302940048409
90.1,0.1,708.18030691344,0.0011373595663426,0.882257211723765,0,0.214104275428927
90.11,0.1,708.33876538973,0.00023127095171456,0.879972364616498,0.00302358423204984,0.216220836462477
90.12,0.1,708.49711977611,0.000340097379576678,0.879319612509926,0.000576863604536135,0.214841401321844
90.13,0.1,708.655363892573,0,0.882016703867402,0.00026978737271287,0.214839064072467
90.14,0.1,708.813491567511,0,0.8820482943723,0,0.216331559760289
90.15,0.1,708.97149663794,0.00117495384038634,0.87920132971614,0.0024966203804528,0.215168629452225
90.16,0.1,709.129372949726,0,0.882282097981162,0.00399127948930231,0.214757803728359
90.17,0.1,709.287114357813,0.000609538694496215,0.883715583571866,6.11919870279467e-06,0.214869622803219
90.18,0.1,709.444714726446,0.000319946059365081,0.884355910696222,0,0.213639027610105
90.19,0.1,709.602167929393,0.00047265772671857,0.881008513127228,0.00267872831939531,0.214770099581476
90.2,0.1,709.75946785017,0.00151153467524149,0.882102492648335,0,0.215120061671683
90.21,0.1,709.916608382261,0.00131335999078452,0.884048604151774,0.00106269531100014,0.217169694777626
90.22,0.1,710.07358342934,0,0.886376408575862,0,0.214491691670094
90.23,0.1,710.23038690549,0.000702860739848797,0.884898791419568,0.000999058222398381,0.211774382132803
90.24,0.1,710.387012735419,0.00278936849319014,0.88387207689616,0.00130117268530006,0.211743721599554
90.25,0.1,710.543454854685,0.00212167016957569,0.885131188439115,0,0.214585479050051
90.26,0.1,710.699707209904,0.000754117551677779,0.885315257046346,0,0.215209007815419
90.27,0.1,710.855763758972,0,0.885186849796819,0.000540446586030515,0.215545853805446
90.28,0.1,711.011618471276,0,0.885428102948452,0.00183371037621781,0.215530883873804
90.29,0.1,711.167265327911,0,0.887285298559823,0.000114530598989569,0.214607296059097
90.3,0.1,711.322698321889,0,0.886419570729914,0,0.215051005582094
90.31,0.1,711.477911458356,0,0.886828197328034,0.00171863435077425,0.213497967068989
90.32,0.1,711.632898754797,0.00119792128580919,0.88834196284601,0,0.215714014355155
90.33,0.1,711.787654241248,0,0.889671173227394,0.000156347189284144,0.214729191438744
90.34,0.1,711.942171960508,0,0.890885378391306,0.000241519581461154,0.215696388645734
90.35,0.1,712.09644596834,0,0.886373930545283,0,0.215624538402174
90.36,0.1,712.250470333685,0.000572069356675168,0.888245837411945,0,0.215780191361462
90.37,0.1,712.404239138862,0,0.888344598949584,0.00371433835965525,0.216870194715971
90.38,0.1,712.557746479775,0,0.886641472434912,0,0.217073521401319
90.39,0.1,712.710986466119,0,0.888608727648143,0,0.21433777509543
90.4,0.1,712.863953221577,0,0.891519638176679,0.00202072624941026,0.213520587217748
90.41,0.1,713.016640884025,0,0.894530015611285,0,0.214184947424032
90.42,0.1,713.169043605737,0.000259299652198824,0.890925871210148,0.00137866430414849,0.218455322611192
90.43,0.1,713.321155553573,0,0.891409673272423,0,0.214485418571128
90.44,0.1,713.472970909188,0.00135929493833098,0.892994161757045,0,0.21586611411908
90.45,0.1,713.624483869227,0.000584922538794193,0.89348976525314,0,0.215366072390594
90.46,0.1,713.775688645518,0.000221017536594545,0.891999609198004,0.0015004942629074,0.216376626460521
90.47,0.1,713.926579465269,0,0.891563811018849,0.00151523239460492,0.21838614356687
90.48,0.1,714.077150571266,0,0.896631969032615,0,0.216661713818856
90.49,0.1,714.227396222061,0,0.896521553246471,0.00113652064835613,0.213665020124223
90.5,0.1,714.377310692166,0,0.890699167316911,0.000169605041849229,0.216289298618998
90.51,0.1,714.526888272247,0.000313999935577019,0.896416730239226,0.00246853466659981,0.215241631310625
90.52,0.1,714.67612326931,0.00097091166499804,0.896662319081953,0,0.214994832744077
90.53,0.1,714.825010006892,0,0.895654883251173,0,0.213142700503899
90.54,0.1,714.97354282525,0,0.896585215372871,0.000376890042144609,0.214910007307573
90.55,0.1,715.121716081547,0,0.896793705971265,0.00270356583316306,0.215475286563645
90.56,0.1,715.269524150036,0,0.898680350952397,0,0.211969205901608
90.57,0.1,715.416961422249,0,0.897222353645171,0,0.214866251537686
90.58,0.1,715.564022307177,6.68252979396435e-05,0.89817505652275,0,0.214295791882105
90.59,0.1,715.710701231457,0.0012751172514805,0.895413703763637,0,0.211452208167874
90.6,0.1,715.85699263955,0.000351278839828361,0.897526680349602,0.00100574360843281,0.217319605540782
90.61,0.1,716.002890993919,0.00026732432990825,0.89564340832251,0,0.212488770505115
90.62,0.1,716.14839077522,0.00132984853264866,0.897766736813661,0,0.217551233302136
90.63,0.1,716.293486482466,0.00209751614003299,0.896124413003485,0,0.215191275008607
90.64,0.1,716.438172633217,0,0.8981151920723,0,0.215041336436655
90.65,0.1,716.582443763746,0,0.897262353266212,0,0.215284478203157
90.66,0.1,716.726294429222,0.00105250203820202,0.898475693494296,0,0.21361653968282
90.67,0.1,716.869719203884,0,0.900657189918843,0,0.214424149182212
90.68,0.1,717.012712681206,0,0.901074599855996,0,0.21234624907738
90.69,0.1,717.15526947408,0,0.900614533743871,0.00107149953054153,0.215201602087116
90.7,0.1,717.29738421498,0.000373595009671929,0.902178708364059,0,0.216192615864137
90.71,0.1,717.439051556136,0.000853601506826528,0.902404110213033,0,0.213930663477452
90.72,0.1,717.580266169698,0,0.901570007270655,0.0020589143354144,0.215831061942943
90.73,0.1,717.721022747911,0.00214897245511819,0.902322203050173,0.000737917139593713,0.218421035205065
90.74,0.1,717.861316003276,0,0.901814709859668,0.00260304615740519,0.216411444214031
90.75,0.1,718.001140668719,0.00223103876458288,0.90593221755508,0,0.215838993345906
90.76,0.1,718.140491497753,0,0.902844943727018,0.00138685566641014,0.213481241839765
90.77,0.1,718.279363264645,0.00122814475116998,0.90373369939146,0.00113668981652605,0.214840932583684
90.78,0.1,718.417750764578,0.00125824974355429,0.901326284260495,0.000437931799661572,0.214423452501256
90.79,0.1,718.555648813808,0.00131101948032296,0.902806291932376,0,0.217085874518067
90.8,0.1,718.693052249833,0,0.906612619342046,0.000551642426724893,0.214095722216774
90.81,0.1,718.829955931543,0.00100087308900441,0.905127979667058,0.00196234607154337,0.215664582962769
90.82,0.1,718.966354739386,0.000663968791601893,0.90514764336487,0.000975121168539168,0.217373799650037
90.83,0.1,719.102243575523,0,0.905852705421517,0,0.214348671719909
90.84,0.1,719.23761736398,0,0.90913233970769,0.0013876090291589,0.21532907519753
90.85,0.1,719.372471050812,0,0.907376254484597,0.000628278163468604,0.216096392855569
90.86,0.1,719.506799604247,0.000624934145936011,0.908823306487784,0.000993981936576281,0.216578659791292
90.87,0.1,719.640598014849,0.001004495263145,0.907686013273287,0.00305798598817822,0.215514052341632
90.88,0.1,719.773861295663,0.000481765241944997,0.906191524675782,0,0.215279486939524
90.89,0.1,719.906584482367,0,0.906533526967793,0,0.212995346377612
90.9,0.1,720.038762633426,0,0.910425424475764,0.00237576408997085,0.213040871138695
90.91,0.1,720.170390830237,0.000445099968826007,0.908623098569996,0,0.21326531746319
90.92,0.1,720.301464177279,0,0.909674335655894,0,0.214711237333846
90.93,0.1,720.431977802258,0.00150316770685646,0.909193911359397,0,0.213396554307076
90.94,0.1,720.561926856254,0,0.913202589548963,0,0.216195620587958
90.95,0.1,720.691306513866,0,0.90973259870199,0.000258023526595027,0.215870011502166
90.96,0.1,720.820111973356,0,0.909661903987166,0,0.215579755775342
90.97,0.1,720.948338456787,0,0.910009726451855,0,0.214020389224007
90.98,0.1,721.075981210173,0,0.911722387121897,0.000817093890822967,0.212940588674576
90.99,0.1,721.203035503612,0,0.912135147516386,0,0.214091962183158
91,0.1,721.32949663143,0,0.909426561301285,5.49843227790449e-06,0.215068507195178
91.01,0.1,721.455359912318,0.00165263046788612,0.914038484525005,0,0.215494073880853
91.02,0.1,721.580620689468,0.00226766316910064,0.914334870431957,0.000316427245091349,0.216179404876362
91.03,0.1,721.705274330712,0,0.914126969539335,0.00119953152621475,0.215683215166111
91.04,0.1,721.829316228655,0.000273280990060684,0.911968331916121,0,0.218052084709474
91.05,0.1,721.952741800812,0,0.912393949751583,0,0.216601225984243
91.06,0.1,722.075546489739,0,0.910549064155668,0,0.213742313968431
91.07,0.1,722.197725763165,0,0.910837263623394,0,0.213700921424268
91.08,0.1,722.319275114126,0,0.913866690248097,0.000525244957992741,0.211845930814743
91.09,0.1,722.440190061093,0,0.914805792352626,0,0.214945760737082
91.1,0.1,722.5604661481,0,0.914664512521133,0.000929712168090133,0.214211594773723
91.11,0.1,722.680098944875,0.000645799476310785,0.914737463431002,0,0.214456224578342
91.12,0.1,722.799084046968,0,0.915925410408354,0.00111511958966206,0.214680667257528
91.13,0.1,722.91741707587,0.0017109108549237,0.915185630994924,0.000490912530557222,0.214477171704219
91.14,0.1,723.035093679149,0.00139981136129231,0.917921693237432,5.65172420596513e-05,0.215439160766331
91.15,0.1,720.493547816214,0.00125970501482513,0.916823298310682,0,0.213504571151127
91.16,0.1,716.9159014276,0.00137144510178995,0.916455681686744,0.0029218001047845,0.216967787282411
91.17,0.1,714.926242020577,0.00335270083338317,0.917202089301072,0.000783607238286913,0.213644023192925
91.18,0.1,713.152735006442,0.00200101071255557,0.916635648575568,0.00089893664124297,0.211993777879034
91.19,0.1,711.374655477733,0.00378884435473534,0.918033128474154,0.00368560984962497,0.213016649704146
91.2,0.1,709.594159410175,0.00419360435172987,0.916743896255187,0,0.217551006861923
91.21,0.1,707.813505974967,0.00483085929632396,0.918000433025219,0,0.21650086650924
91.22,0.1,706.032767944719,0.00414759092976553,0.919270824640761,0,0.214218160596949
91.23,0.1,704.251907216281,0.00675269767323652,0.919156965139043,0,0.216316565329864
91.24,0.1,702.470902236243,0.00437754501772925,0.916599357161859,0,0.214875902973341
91.25,0.1,700.689734006709,0.00650790275043003,0.920379428841005,0.000759475245864944,0.215250635086302
91.26,0.1,698.908384129101,0.00834715252332876,0.918415444011887,0.00148534330617937,0.215364038479131
91.27,0.1,697.126834841105,0.00671690727013157,0.919003306844977,0.000467378730350033,0.21392979703578
91.28,0.1,695.345069034775,0.0083280168338656,0.920555711787584,0,0.211927167867076
91.29,0.1,693.563070254089,0.00978042721898362,0.919443566828975,0.00133328374650327,0.215183408183225
91.3,0.1,691.780822691658,0.00839173671265369,0.919107770267531,0,0.216123351888194
91.31,0.1,689.99831118557,0.00986902245575202,0.920851974923563,0.00113213770222417,0.214077233174808
91.32,0.1,688.215521216211,0.0108417465523127,0.920523608843189,0.00036845336407245,0.213808006247187
91.33,0.1,686.432438903069,0.0111311632041849,0.919393763856604,0.000957605952203426,0.214629788218707
91.34,0.1,684.649051001502,0.00965933913379862,0.923205118396031,0,0.214935479914774
91.35,0.1,682.865344899477,0.0115905948585891,0.923476675034851,0,0.21500680296098
91.36,0.1,681.081308614292,0.0116891283525716,0.92287956294007,0,0.218389121866677
91.37,0.1,679.296930789248,0.0129000478051058,0.923134239172549,0,0.215464206933746
91.38,0.1,677.512200690314,0.0116940288688016,0.924355969891157,0,0.217582068713143
91.39,0.1,675.727108202744,0.0138809207173747,0.924691623265815,0,0.215614000993192
91.4,0.1,673.941643827678,0.0130090667932218,0.924112982577676,0,0.21314958018616
91.41,0.1,672.155798678707,0.0152388026328881,0.923673645256569,0.00139936738186436,0.215605452532142
91.42,0.1,670.3695644784,0.0146956114671366,0.923777947714158,0,0.210987960231145
91.43,0.1,668.582933554823,0.0181628705560653,0.92387697754414,0.000558759620531183,0.216069461830287
91.44,0.1,666.795898838001,0.0155375390324514,0.92382891272654,0.000531097173206344,0.214991835892501
91.45,0.1,665.008453856371,0.0181365304473628,0.923848415025332,0.000256483400766252,0.216007285438399
91.46,0.1,663.220592733185,0.0184664472374534,0.924502244999394,0.00256830271578443,0.217138600255027
91.47,0.1,661.432310182911,0.0180508067804662,0.92399741142063,0,0.215600858580635
91.48,0.1,659.643601507562,0.0219251763393293,0.925265964678157,0,0.217906122941659
91.49,0.1,657.854462593036,0.0183903737679498,0.922328701866702,0.000533094195425069,0.214120351148278
91.5,0.1,656.064889905396,0.0197741953723106,0.925437381264023,0.00169205198120915,0.217030257219124
91.51,0.1,654.27488048713,0.0196085175969668,0.926329065307753,0,0.215058677418656
91.52,0.1,652.484431953385,0.0213435533046159,0.926918714197567,0,0.215124191821857
91.53,0.1,650.693542488157,0.0207369014606573,0.92732815309501,0.00101253074936641,0.215517991900487
91.54,0.1,648.902210840459,0.0188118603744776,0.92641943557139,0,0.216950886243301
91.55,0.1,647.110436320461,0.0236204488306731,0.925993675794104,0.00289147192896403,0.215576249443098
91.56,0.1,645.318218795585,0.0240253123060436,0.928165607289574,0.00159262271479368,0.214503580041088
91.57,0.1,643.525558686583,0.0233051245626157,0.92948970179942,0,0.216131288819137
91.58,0.1,641.732456963582,0.0249397782593978,0.926151157436871,0,0.213970308696897
91.59,0.1,639.938915142088,0.0238138412661738,0.927060072988528,0,0.215752758227836
91.6,0.1,638.14493527897,0.0222743772949958,0.928513083193895,0,0.214157175668395
91.61,0.1,636.350519968411,0.0248109102686726,0.930971425873223,0.000524498247377161,0.213458419925741
91.62,0.1,634.555672337821,0.0261594243241506,0.926208771367501,0,0.214388106478283
91.63,0.1,632.760396043735,0.0278477190552849,0.927847204270968,0.00348908671636589,0.214872668580565
91.64,0.1,630.964695267662,0.0293387516819808,0.928964121152231,0.000723412172391698,0.216816149045114
91.65,0.1,629.168574711913,0.0296671686360142,0.931528249148008,0,0.214089865525084
91.66,0.1,627.372039595407,0.0283442925427857,0.927667941783235,0,0.214217146310458
91.67,0.1,625.575095649431,0.0258830547704941,0.927157343206829,0.00143532429111469,0.216208468116737
91.68,0.1,623.777749113378,0.0295774876119988,0.929213877001482,0,0.215573692848401
91.69,0.1,621.980006730461,0.030779145792473,0.929606329207727,0.000712715724739044,0.216934168946728
91.7,0.1,620.181875743387,0.0305841246473685,0.928032307598403,0,0.211677543662983
91.71,0.1,618.383363890007,0.0292123741763568,0.928358127792854,0,0.214765602187143
91.72,0.1,616.584479398941,0.0325380838765843,0.930448136105285,0,0.217053786383446
91.73,0.1,614.785230985165,0.0308094142786316,0.930591583206463,0.000180001132895116,0.215935764426949
91.74,0.1,612.985627845579,0.0347255460895607,0.930523782772109,0.000163323369160616,0.213832746292785
91.75,0.1,611.18567965454,0.0342525261257106,0.93097379424211,0.000830289447352381,0.217240992660721
91.76,0.1,609.385396559372,0.0344354508100751,0.930618515457858,0.00105204094271153,0.215990237521554
91.77,0.1,607.584789175843,0.0342864863530407,0.928150125689432,0,0.214320032991548
91.78,0.1,605.783868583621,0.0369352045641009,0.931223626726487,0,0.214898414496577
91.79,0.1,603.982646321701,0.0369367302463122,0.93041972660015,0.000924870818775006,0.21602015613537
91.8,0.1,602.181134383796,0.0354678905683147,0.933430491098686,0.00110846662567361,0.214060354857549
91.81,0.1,600.37934521372,0.0368370423600559,0.930535265318627,0.00220894202635313,0.217463815128125
91.82,0.1,598.57729170073,0.0383720846537403,0.93051693434972,0,0.216184072479317
91.83,0.1,596.774987174845,0.0366927859773605,0.934381262479392,0,0.215931588706015
91.84,0.1,594.972445402148,0.0367965057086716,0.932279974829252,0,0.214271128344049
91.85,0.1,593.169680580051,0.0380898268948719,0.929933225194393,0.00150152199672676,0.210711377625136
91.86,0.1,591.366707332547,0.0397048156757185,0.932609588492922,0,0.213713641847003
91.87,0.1,589.563540705425,0.0382946142329057,0.933455853207309,0,0.216052025605621
91.88,0.1,587.760196161476,0.0397135546874899,0.930774849341466,0.00146452956319367,0.215670528822623
91.89,0.1,585.956689575663,0.0417978465264908,0.935119762444374,0.000186464595267178,0.215910597257578
91.9,0.1,584.15303723028,0.0428744972316825,0.934586515256576,0,0.214593905523442
91.91,0.1,582.349255810072,0.0410285628876599,0.933099963771857,0,0.215612206103779
91.92,0.1,580.545362397353,0.0426406541928477,0.93210694606734,0.000584213065205101,0.215050899201095
91.93,0.1,578.741374467086,0.0423826651991623,0.933083199751522,0,0.216513282379859
91.94,0.1,576.937309881952,0.0462641046208203,0.932626217572155,0,0.217427949070125
91.95,0.1,575.133186887392,0.0453153329981454,0.932581949103242,0,0.214613579359328
91.96,0.1,573.329024106636,0.0460858381502888,0.934851518824512,0.00142317554060496,0.212869434987067
91.97,0.1,571.5248405357,0.0482634842720688,0.933131681936057,0,0.213398915832124
91.98,0.1,569.720655538383,0.0487615922441654,0.933511781150601,0,0.215665536336228
91.99,0.1,567.916488841225,0.0484753938725033,0.933526736361568,0,0.214075249538762
92,0.1,566.112360528459,0.0487776629340728,0.934161774548804,0.000540896862396,0.21426065730722
92.01,0.1,564.308291036946,0.0488074462592588,0.933870373178936,0.00283405177237383,0.214124630955805
92.02,0.1,562.504301151086,0.0482706495598876,0.932301093364838,0,0.215139309630615
92.03,0.1,560.700411997717,0.0498419952122684,0.934529388118633,0,0.214203107524295
92.04,0.1,558.896645040998,0.0495878660099201,0.935238938912385,0,0.215546638356963
92.05,0.1,557.093022077272,0.0532422367381707,0.932567413582448,0,0.215626300431923
92.06,0.1,555.289565229925,0.0527417453738228,0.935810879317018,0,0.214627984360506
92.07,0.1,553.486296944217,0.0516757692344162,0.934650827837456,0.00112033188935515,0.216915765960407
92.08,0.1,551.683239982111,0.0531939759182068,0.936407555151671,0,0.216193898296714
92.09,0.1,549.88041741708,0.0535970100298177,0.93615739985148,0.00134087988518562,0.214937428894252
92.1,0.1,548.077852628907,0.0530682528648342,0.935460809284855,0,0.215640199343332
92.11,0.1,546.275569298472,0.0548318474935118,0.935534012498338,0,0.213860148477016
92.12,0.1,544.473591402527,0.0566549652955494,0.936434310042574,0.000174545732375099,0.213080619911618
92.13,0.1,542.671943208459,0.0596356846654215,0.936081662871803,0,0.214528817642624
92.14,0.1,540.870649269046,0.054047331310572,0.936614664661454,0,0.217122616055819
92.15,0.1,539.069734417201,0.0567097876088267,0.936360409836162,0.00116364843066233,0.214705474044192
92.16,0.1,537.269223760709,0.0588541868786013,0.936695971616248,3.7885236180398e-05,0.215423856754849
92.17,0.1,535.469142676955,0.0567686035471565,0.934514243038347,0.00189244071972245,0.214267925512343
92.18,0.1,533.66951680764,0.0586742929830181,0.936376040831033,0,0.21497296691143
92.19,0.1,531.8703720535,0.0611559884283266,0.937449262297058,0,0.213637174901832
92.2,0.1,530.071734569013,0.0609138762687707,0.934962653070564,6.74881922632654e-05,0.216042353373927
92.21,0.1,528.273630757094,0.0605634749480197,0.936819503937306,0.00108109924564894,0.215910402987585
92.22,0.1,526.476087263798,0.065924281175889,0.935142782063523,0,0.215737207594059
92.23,0.1,524.679130973006,0.0623783860255161,0.9363773931297,0,0.216345541536419
92.24,0.1,522.882789001122,0.0646567045431798,0.936691849379865,0.00168874681344884,0.215169571164436
92.25,0.1,521.087088691748,0.0611734383335609,0.939214760760955,0,0.214879651278054
92.26,0.1,519.292057610372,0.0659897210222373,0.936667982767388,0,0.214551164998381
92.27,0.1,517.497723539052,0.0663582687404562,0.93576032289693,0.000445590491058146,0.214876636926918
92.28,0.1,515.704114471092,0.0664049897512976,0.938322732786363,0,0.21791199056701
92.29,0.1,513.911258605721,0.0664283473682789,0.93710252795539,0,0.215764496596066
92.3,0.1,512.119184342777,0.0678301498528359,0.938197608779951,0.000974189396948759,0.216169665460097
92.31,0.1,510.327920277385,0.0682295966171191,0.938404900512891,0.00122628605174742,0.214515892951903
92.32,0.1,508.537495194642,0.069846843601887,0.93700418565171,0.00152588047499308,0.215041390799213
92.33,0.1,506.7479380643,0.0705168103835592,0.937286768498363,0,0.217604133444857
92.34,0.1,504.959278035456,0.0706678642662199,0.937519354762351,0.000773126282940474,0.215870546055877
92.35,0.1,503.171544431244,0.0712247636399387,0.937429548662481,0,0.215376112692071
92.36,0.1,501.384766743531,0.0725331935645426,0.938980830047725,0.0012772641341957,0.216660909125523
92.37,0.1,499.598974627615,0.0720477395699726,0.936843088713257,0,0.214521272791095
92.38,0.1,497.814197896942,0.0720208347816558,0.938063052021442,0.0025201815494255,0.212230495069292
92.39,0.1,496.030466517808,0.0735060051745606,0.935635541056843,0.000568672573044349,0.214125286760808
92.4,0.1,494.247810604087,0.0733637466078302,0.938302093407173,0,0.215558914698523
92.41,0.1,492.466260411959,0.0760964804611864,0.937473477685453,0,0.217120466757121
92.42,0.1,490.685846334644,0.0765144954521868,0.937930081181678,0,0.214622426838923
92.43,0.1,488.906598897155,0.0749117252305198,0.937238098882994,0,0.214816939613989
92.44,0.1,487.128548751047,0.0777332556198613,0.937720205812787,0.00063650279411643,0.215519444861941
92.45,0.1,485.35172666919,0.0770583614287755,0.937559743622074,0.00141028636988737,0.214305641884448
92.46,0.1,483.576163540544,0.0778149120348168,0.938172674846679,0,0.216225350748517
92.47,0.1,481.80189036495,0.0798476151893731,0.936480952591574,0,0.215115241502006
92.48,0.1,480.028938247935,0.0796755181878688,0.937074254174243,0.000761107774314377,0.214754681726116
92.49,0.1,478.257338395525,0.0776948539338009,0.935950633086309,0,0.214686793043974
92.5,0.1,476.487122109079,0.0807227414671832,0.938996497548004,0,0.213112157200915
92.51,0.1,474.71832078013,0.0806420825300272,0.938121951474558,0,0.215839019920968
92.52,0.1,472.950965885251,0.0838506496291676,0.936757638328123,0.00113347902696415,0.213813761509044
92.53,0.1,471.185088980924,0.0822019297240303,0.935131506750113,0,0.216941958780039
92.54,0.1,469.420721698441,0.0831995183996321,0.936193902350167,0.00105042613375532,0.213792608508298
92.55,0.1,467.657895738807,0.083024138677283,0.935947379172365,0.00126529241022925,0.214637075543526
92.56,0.1,465.896642867678,0.0855457068651153,0.938528171237174,0,0.213027216108744
92.57,0.1,464.136994910297,0.0883802309367039,0.939504296857715,0.00202396848838726,0.218465173416461
92.58,0.1,462.474164608734,0.0895243460713958,0.939266233700335,0.00215233795934573,0.215387516903619
92.59,0.1,461.469791388102,0.0875752816416666,0.936232277405773,0.00148371883154235,0.214615571209715
92.6,0.1,460.623914492817,0.0884978952053149,0.936090939438853,0,0.216293903620165
92.61,0.1,459.77197591973,0.0865852935268645,0.935610720250055,0,0.214398240067628
92.62,0.1,459.195106500222,0.0883175624639577,0.939568011645297,0.00348111934766753,0.216124213252111
92.63,0.1,458.926294533042,0.0921593711227475,0.937980847313407,0.000340472714765974,0.214585530616431
92.64,0.1,458.671671612936,0.0882505554768745,0.935591790399776,4.26202058275904e-05,0.214087304683802
92.65,0.1,458.423328080104,0.0895101041508216,0.938458005382311,9.09170915626502e-05,0.216585980646454
92.66,0.1,458.271548851711,0.0895452325949913,0.937062408601552,0,0.212998805678693
92.67,0.1,458.13894345314,0.0889390885199744,0.938242977961455,0,0.213674003078334
92.68,0.1,457.999865112036,0.0908025487032195,0.939269246750105,0,0.214272357823171
92.69,0.1,457.854972004707,0.0907114687976833,0.937255320093827,0,0.217110012074708
92.7,0.1,457.704586450174,0.0899677741446439,0.937657008806599,0,0.216157819625241
92.71,0.1,457.548060579821,0.0869395781217977,0.937109747257417,0,0.213893603423442
92.72,0.1,457.385494130513,0.0884162254383919,0.938043118569651,0.00114154691956724,0.217184981488596
92.73,0.1,457.217747702711,0.0888629358003357,0.93403661768812,0,0.214067478070516
92.74,0.1,457.044088764733,0.0901482688620416,0.936935740553843,0.000679572374616285,0.215210862694293
92.75,0.1,456.864283396999,0.0903634391140108,0.938031537531434,9.97442060440218e-05,0.216375248178502
92.76,0.1,456.679067240298,0.0898433520269215,0.937156127848444,0.00111470873632283,0.214342859210401
92.77,0.1,456.488538429805,0.0915629878245262,0.935614479141829,0,0.21481686761164
92.78,0.1,456.291955156383,0.0909270876736882,0.937174558500813,0.000494122944383383,0.213410269127041
92.79,0.1,456.089454430897,0.0916621551744214,0.936117821965418,0.00108286021445869,0.214679043082178
92.8,0.1,455.882132941243,0.0897653259957135,0.933513515173335,0.00092261564053115,0.214106683782175
92.81,0.1,455.669056167683,0.0887164602213042,0.936045898444785,0,0.216533745073999
92.82,0.1,455.449925527806,0.0888205222528593,0.935101030071607,0,0.213116566414998
92.83,0.1,455.225645292513,0.0893068660688314,0.936523604379503,0.000185599106936371,0.215810803283402
92.84,0.1,454.996335986088,0.0871921489225241,0.932491581018225,0.000508432865987884,0.214362960129439
92.85,0.1,454.761085719083,0.0908341321226988,0.935864943718523,4.52912918674987e-05,0.218202819257797
92.86,0.1,454.52005758036,0.0901526637205549,0.937050498102005,0,0.215211829860907
92.87,0.1,454.27456882761,0.089047460149313,0.93632133666063,0.000963323863667967,0.213315021607772
92.88,0.1,454.023496876856,0.0891813563195901,0.937138153388376,0,0.215317068273698
92.89,0.1,453.766482961674,0.0906513860643667,0.934619987073811,0,0.215523931811741
92.9,0.1,453.504590655047,0.0897091981242638,0.937737968392117,0.000352323620602594,0.215393996953791
92.91,0.1,453.237961598637,0.0912387276946893,0.934857838045942,0,0.213408946137866
92.92,0.1,452.965523251617,0.091908683050183,0.935620943188199,0.000760976401551865,0.214564172040104
92.93,0.1,452.687467365244,0.0908228119100189,0.932792618383769,0.000969824434610617,0.214544978377922
92.94,0.1,452.405343298059,0.0895253987608261,0.933613162181843,0,0.21617682590341
92.95,0.1,452.117829830686,0.0928679420902535,0.934630257010653,0.00251653190111554,0.214006989656877
92.96,0.1,451.824504417277,0.0918496168221171,0.935429918279359,0,0.213442442944671
92.97,0.1,451.526599084744,0.0905209757193035,0.93380668249871,0.000866141395468988,0.214519355786017
92.98,0.1,451.224277511222,0.0931958978758647,0.935451647488549,0.00018750511135531,0.216410863398047
92.99,0.1,450.916296597959,0.0900985580224749,0.932942656853772,0,0.213302875207826
93,0.1,450.602871789648,0.0922438901070722,0.934666169970689,4.2479572777379e-05,0.214611198431049
93.01,0.1,450.285760490079,0.091576668451752,0.936194782243982,0,0.214037611988037
93.02,0.1,449.963463814913,0.092394582006522,0.93498618264526,0.00217086716332955,0.214628802465152
93.03,0.1,449.635502226597,0.0916277533459872,0.934047681796356,0,0.21601483222493
93.04,0.1,449.303262022373,0.0910315802581576,0.931265556061407,0.00118250860831562,0.216314787029521
93.05,0.1,448.966927082936,0.0934831218187949,0.932630413660506,0.000423648098035432,0.217822891231102
93.06,0.1,448.625098185254,0.0912845135834843,0.93325582618311,0,0.213504021330318
93.07,0.1,448.278016620379,0.093688897945586,0.932711249949355,0.000495422194762399,0.214200878592208
93.08,0.1,447.927654690797,0.0939083274992416,0.931994579122707,0,0.216176024196393
93.09,0.1,447.572329354363,0.0949950659140471,0.935361640616026,0.00250975398961983,0.212843799818559
93.1,0.1,447.211501791021,0.0921748488714053,0.933872113892242,0,0.214922815666242
93.11,0.1,446.846724830622,0.0920284039430574,0.933617058074389,0.000213468556859429,0.216500263683362
93.12,0.1,446.478203829749,0.0901007555695271,0.931391865933006,0,0.216889543838649
93.13,0.1,446.104370219047,0.0953766050401176,0.932262724563127,0.00122889001471194,0.21712158795046
93.14,0.1,445.725482502381,0.0921377258872704,0.9350858841606,0,0.215722890436049
93.15,0.1,445.34368387256,0.0955089303113796,0.933050509125283,0,0.214462912603649
93.16,0.1,444.957145721882,0.0942594485614758,0.932590860118439,0,0.212710348568798
93.17,0.1,444.565282517134,0.0909168066714013,0.930816645814688,0,0.215373582000077
93.18,0.1,444.169721842767,0.0965951419151009,0.928193240386545,0,0.214961238444269
93.19,0.1,443.770679754537,0.0929752775939358,0.931824786768855,0.00247207195647635,0.213425463856396
93.2,0.1,443.366513771846,0.0925817285653853,0.932542546967135,0.000182942985505058,0.215823647131749
93.21,0.1,442.957500650746,0.0958242277217606,0.931225789578857,0,0.216645769733571
93.22,0.1,442.545917000035,0.0928750165369112,0.933606049744444,0,0.214741905565496
93.23,0.1,442.129820614943,0.0969517443160559,0.931216668992259,4.72038033924881e-05,0.21330199467174
93.24,0.1,441.70858966976,0.0960138117801733,0.930186802915973,0,0.216306425726827
93.25,0.1,441.2839740435,0.093492052811699,0.931594447811733,0,0.215417558598884
93.26,0.1,440.856205748032,0.0945649919840653,0.929535754141505,0.000514598629146612,0.21488211328775
93.27,0.1,440.423518306991,0.0958603991321566,0.929036169302561,0,0.214781785587944
93.28,0.1,439.986204726205,0.0934917783650603,0.931007053616049,0.000183239090467467,0.21485372023985
93.29,0.1,439.546687652042,0.0957693156168865,0.930923171207794,0.00134851111858231,0.217133295227546
93.3,0.1,439.102900281229,0.0980301505921375,0.930546112618217,0,0.215927955390782
93.31,0.1,438.654180641939,0.095673540809474,0.927320362007455,0.00260073984386877,0.213694851993563
93.32,0.1,438.202393290923,0.0952353382038784,0.930619585674288,0.000237804173587225,0.215312376132015
93.33,0.1,437.747785254371,0.0978531192304869,0.931342781515281,0.00120547572278287,0.214828546019965
93.34,0.1,437.28847357203,0.0975483681479312,0.930133841598682,0.00217476225836911,0.218574360381611
93.35,0.1,436.824769636476,0.0954208951064997,0.930194805733496,0,0.213544446197917
93.36,0.1,436.359252393557,0.0979549766877211,0.92958418375342,0,0.214581038165608
93.37,0.1,435.889721008275,0.0976656885289101,0.92741288427563,0.00122797215053637,0.212704979876838
93.38,0.1,435.415470039678,0.0991454705197172,0.930154856652579,0.00103761732254676,0.2176109174494
93.39,0.1,434.938449099468,0.0985630197502695,0.926377139094801,0.00141210789832545,0.216029406661767
93.4,0.1,434.458916792741,0.0972861011238266,0.925944884813422,0,0.21439408291623
93.41,0.1,433.974904191105,0.0946914886063201,0.927583091151982,0,0.215499064191702
93.42,0.1,433.488849166757,0.0978477505032901,0.926261310600434,0,0.218880746536728
93.43,0.1,433.015955840592,0.100337679374727,0.923914809734603,0.000806737165314743,0.215382233126605
93.44,0.1,432.542875243494,0.0994352200857276,0.92706576055952,0,0.211732054708349
93.45,0.1,432.065215862715,0.0977353899638091,0.92837397001985,0.00266105962715205,0.214632360035789
93.46,0.1,431.646381981777,0.0968595472906019,0.927686402826395,0.000470050697958599,0.214607024998739
93.47,0.1,431.293692510366,0.0997793766999623,0.924947418532014,0,0.212031960246694
93.48,0.1,430.940915120671,0.0974691044998409,0.92707976173567,0.00203031868608431,0.215968196865887
93.49,0.1,430.59368065944,0.0988127164279887,0.925402469975329,0,0.21681914132485
93.5,0.1,430.316338976935,0.10125639352237,0.924097201056189,0.000558992567042551,0.216760697963129
93.51,0.1,430.05270950711,0.0989608416249522,0.924055476727706,0.000470437050982576,0.21670044575879
93.52,0.1,429.784178146009,0.100418154735929,0.925089153062345,0.000109136277324493,0.214684442045279
93.53,0.1,429.544347760604,0.100194384613389,0.925213136218583,0,0.214433927130594
93.54,0.1,429.337325083768,0.0981912176476263,0.925235941227826,0,0.216407693088751
93.55,0.1,429.12803946933,0.0993219329891377,0.922121124064293,0.000373394501669336,0.21577595922318
93.56,0.1,428.919260760694,0.100747948009225,0.922700495006413,0.000922348398663502,0.214186606011182
93.57,0.1,428.743866928395,0.0991851297010802,0.922433043953392,0.00229979195391867,0.21451595423565
93.58,0.1,428.573232584758,0.101993492944778,0.923593409636771,0.00110794881592414,0.217965791323235
93.59,0.1,428.397856749291,0.09821408283736,0.923334728879275,0.000125838067334978,0.217361902875903
93.6,0.1,428.235432304949,0.101128636221011,0.921380480008995,0.00228055056900943,0.215172998828338
93.61,0.1,428.088156379127,0.101495139124836,0.923178377178895,0,0.214372782590395
93.62,0.1,427.937579872553,0.100377066126517,0.92459466848842,0,0.217775303144572
93.63,0.1,427.785290804392,0.101195743342673,0.923758445462605,0.00128777316449059,0.216394174252185
93.64,0.1,427.649368922172,0.100670193196324,0.923240147394339,0,0.215340047376052
93.65,0.1,427.514107530303,0.0998512987494239,0.922102063606644,0.000739551870982507,0.215115789738608
93.66,0.1,427.374287225677,0.10000044273313,0.921963446955103,0.00172019707442795,0.215996405930712
93.67,0.1,427.240981713594,0.101161497233373,0.921972453606935,0.00030714798487037,0.217247010356679
93.68,0.1,427.115582991854,0.102553878179222,0.919070489339842,0.00178389942615136,0.218945057776778
93.69,0.1,426.986557366937,0.100402506890657,0.923454624694488,0.000358170316096985,0.216885237025169
93.7,0.1,426.855179477833,0.100849359259774,0.920049984871388,0.00170779469922747,0.212101316240611
93.71,0.1,426.73442240445,0.102128693415694,0.919022697041032,0,0.21488101994021
93.72,0.1,426.613029878793,0.100259180617899,0.92101652741528,0.00126684559201881,0.214983090831018
93.73,0.1,426.48725635042,0.10111723564082,0.920867909916047,0.000815946827646905,0.214859235774824
93.74,0.1,426.365309872559,0.102434776912514,0.919713591479774,0.00152474069863004,0.215616114663258
93.75,0.1,426.248238479725,0.100633793672508,0.918733073525925,0,0.216807526554784
93.76,0.1,426.127502213366,0.103330535465797,0.918413927614221,0,0.214225936005443
93.77,0.1,426.004137353084,0.10039518213819,0.919811853797154,0,0.214293157335248
93.78,0.1,425.888299321409,0.102407416784648,0.919328518450577,0,0.215687699603317
93.79,0.1,425.77119454627,0.100650449808718,0.919444089936518,0.0014038611619766,0.215358551917189
93.8,0.1,425.649892495789,0.100805186610351,0.915912823529649,0.00115562776088732,0.213991548290549
93.81,0.1,425.531645196828,0.100940122961827,0.920898562546699,0,0.214348462355801
93.82,0.1,425.417388240755,0.100180794347008,0.919177494029032,0.000613042553989769,0.214625123518421
93.83,0.1,425.299579161123,0.0977716014973021,0.916816052627753,0,0.215166803229581
93.84,0.1,425.17925886699,0.102097895157411,0.918088367276991,0.00153425091669503,0.215270710852958
93.85,0.1,425.066157876071,0.101453016433697,0.914586935866875,0.000749798148314032,0.215568836026455
93.86,0.1,424.951858641086,0.102310009273929,0.916719655557868,0,0.214955702175369
93.87,0.1,424.833548355929,0.101072761993054,0.91478705484558,0.00170039755890561,0.215711267438622
93.88,0.1,424.71734011666,0.101322140721621,0.918147744074349,0,0.214785531624831
93.89,0.1,424.604039062184,0.101151419772148,0.915143279979599,0,0.213926610120401
93.9,0.1,424.487291783702,0.102106541587597,0.913508839279281,0.00123276135207117,0.215698547334004
93.91,0.1,424.367884528947,0.0995039856446952,0.916983534804005,0.000471749167385958,0.215085932726747
93.92,0.1,424.25348010155,0.10027523022996,0.912169054985539,3.96458796313849e-05,0.214142851368985
93.93,0.1,424.137473038885,0.100618300088469,0.915639217524343,0,0.215630192740044
93.94,0.1,424.01765306025,0.102949758092558,0.915596658567996,0,0.212590695580732
93.95,0.1,423.899621780555,0.101023090436575,0.915173178004688,0,0.216620555543711
93.96,0.1,423.784124376039,0.102405009101533,0.913122056984113,0,0.214581484642342
93.97,0.1,423.665341747093,0.100506371985191,0.914232978077818,0,0.215424127325738
93.98,0.1,423.544226435919,0.101760504523477,0.90943520330128,2.14728779403969e-05,0.214958641270983
93.99,0.1,423.42919334146,0.101854349959206,0.911308838685626,0,0.216027614279172
94,0.1,423.31298480782,0.100108879137303,0.913144117537479,0,0.216966596367419
94.01,0.1,423.193162749487,0.10112097363253,0.911372110889009,0.00180275198140228,0.21509289452075
94.02,0.1,423.076049266489,0.101913807628249,0.913205850897251,0.00102163205732166,0.218227433166266
94.03,0.1,422.962491688289,0.100572626043236,0.911265963097066,0,0.216695132791679
94.04,0.1,422.845910657525,0.0988365759126607,0.909580438179888,0,0.21382598999689
94.05,0.1,422.727286815828,0.100680813340572,0.910619750895983,0.0020038802173535,0.214638680781183
94.06,0.1,422.615607520973,0.100503047782085,0.910591511910777,9.45612707441362e-05,0.215823850299101
94.07,0.1,422.503131103563,0.10207289575646,0.908412998861204,0,0.216057534915367
94.08,0.1,422.387246224023,0.100591443073659,0.910259176284776,0,0.216284134081965
94.09,0.1,422.274036355003,0.0985279539591653,0.907688005081338,0,0.212670241476141
94.1,0.1,422.164330792853,0.0988530111873844,0.909016673671981,0.000621532032869953,0.216210907934455
94.11,0.1,422.051795205939,0.101410951502856,0.908903362725629,0,0.214208979010117
94.12,0.1,421.937227358887,0.101851510599509,0.907070764690991,0,0.213641751389581
94.13,0.1,421.828431806169,0.0972190679305906,0.906642326637879,0.00154740187631723,0.215850916157237
94.14,0.1,421.718707770901,0.101409683217507,0.909236302143872,0.00276304076703529,0.215170135903497
94.15,0.1,421.605789277815,0.100766048896108,0.907443979540742,0.00145775839008811,0.214635078415146
94.16,0.1,421.495179653816,0.100153814748503,0.905561794282751,0,0.215322071051511
94.17,0.1,421.387640449115,0.103782183924444,0.907715844714747,0.000266433396153368,0.216203212708563
94.18,0.1,421.277443786675,0.101926021367793,0.906088906120641,0,0.21607911004651
94.19,0.1,421.16533618854,0.10066800148307,0.904244338889678,0,0.213965731511177
94.2,0.1,421.058539070502,0.100433161810507,0.904842957672088,0.000445731860456182,0.21222762832782
94.21,0.1,420.950865253348,0.100729101574429,0.905261751739577,0.000931710276581618,0.213558894044403
94.22,0.1,420.840216192056,0.101412717720178,0.905507300347204,0.000252677957161463,0.217688728524996
94.23,0.1,420.731436069499,0.101813215934349,0.905607774183558,0,0.215653277228874
94.24,0.1,420.625208443374,0.102469824236396,0.903056849458071,0,0.215998967759267
94.25,0.1,420.516494923303,0.0992435721201811,0.902922874166556,0,0.213314743936989
94.26,0.1,420.405953375613,0.10349150125871,0.903137869770206,0.000520382490888939,0.213212610343666
94.27,0.1,420.299950845657,0.101355647019866,0.903764532356423,0.000728638950815874,0.215179154250165
94.28,0.1,420.193047874006,0.101232165671318,0.903256272904071,0,0.213037882066692
94.29,0.1,420.08339495996,0.102885359631154,0.901803352390625,0,0.212446679043802
94.3,0.1,419.975591564773,0.102414486929988,0.903018485120755,1.23553590890664e-05,0.214783631221781
94.31,0.1,419.870295269952,0.101721251856162,0.904517851180326,0,0.215485195015581
94.32,0.1,419.762722894585,0.100711718238045,0.901478578444487,0.00228418646711624,0.217058726043026
94.33,0.1,419.653455024339,0.102041494707608,0.902931324226839,0,0.214384355253501
94.34,0.1,419.548290137696,0.100515133596538,0.900252447528513,0,0.21649035071642
94.35,0.1,419.442289455932,0.103811160662216,0.900095411436295,0.00253858396956817,0.214112363740611
94.36,0.1,419.333768951464,0.102731049694267,0.899646999086812,0,0.21469789965741
94.37,0.1,419.226703020164,0.10043385075315,0.89710013348628,0,0.21513107589798
94.38,0.1,419.121672341529,0.100440181362467,0.897675849294582,0,0.214008320557154
94.39,0.1,419.014549190561,0.100402370027393,0.897368043700129,0,0.215068079740456
94.4,0.1,418.905784570976,0.10216379701181,0.897112174018111,0,0.215122744619867
94.41,0.1,418.800083646699,0.101507790844632,0.897970710022945,0.000482743950589263,0.214125266225463
94.42,0.1,418.693459247693,0.101662080428475,0.894253526654118,0,0.212052752608562
94.43,0.1,418.584550497306,0.103825565575634,0.897073420095842,0,0.215743055091689
94.44,0.1,418.476229702214,0.103154492390969,0.8958139274289,0.000994542890965856,0.214333863505293
94.45,0.1,418.368931969317,0.104422036281974,0.894699482093374,0,0.214088673432662
94.46,0.1,418.259690047593,0.103655845044368,0.894832372685902,0,0.214029172785526
94.47,0.1,418.148796234633,0.105498497713492,0.894786486372372,0,0.214492330002961
94.48,0.1,418.039413564935,0.101252733335972,0.895904871844985,0.00036918499757522,0.21396584112634
94.49,0.1,417.928888948749,0.103132985064296,0.896051160218042,0,0.216045460452078
94.5,0.1,417.81632067363,0.101316636368817,0.892250462188705,0.00176967295470505,0.215157544860072
94.51,0.1,417.704403306177,0.10317157653981,0.893738830573223,0,0.216043923342905
94.52,0.1,417.593548340987,0.102683948025998,0.894311492579982,0.00283474209825916,0.211902644469254
94.53,0.1,417.480978109713,0.10128582107776,0.89430979515602,0,0.21316722600073
94.54,0.1,417.367217791426,0.102951371865484,0.893378656300532,0,0.214637675481595
94.55,0.1,417.256741771294,0.102208715133052,0.891040673794816,0,0.216365604367013
94.56,0.1,417.145766664852,0.104653731447044,0.893299875883015,0.00124995781159576,0.214517481297784
94.57,0.1,417.032991952411,0.102311178430176,0.89247584593894,0.000921077654282767,0.214969436390393
94.58,0.1,416.921584078388,0.100716291508837,0.893326745547321,0.00121577632151925,0.213883749032779
94.59,0.1,416.812030081609,0.100785376042143,0.893508374823833,0,0.212798455912832
94.6,0.1,416.701048105306,0.104299580657948,0.889743851007912,0,0.214622175796292
94.61,0.1,416.58908689579,0.103777989606157,0.890242712313843,0.000830871629459527,0.215422911592944
94.62,0.1,416.480449853942,0.102904664926184,0.891488515514037,0,0.217727694294439
94.63,0.1,416.371511115808,0.100571098430535,0.889601544313821,0.000107044647504128,0.212613665898495
94.64,0.1,416.261019587162,0.100728564820539,0.891325441099932,0,0.215419997279858
94.65,0.1,416.151356760351,0.101015455106851,0.888684319771346,0.00222097910432335,0.216949479139067
94.66,0.1,416.042904460789,0.101026699429633,0.887622821366827,0.000148611430484069,0.214811394581955
94.67,0.1,415.933207191356,0.100375349916908,0.889128844176944,0,0.213558372232471
94.68,0.1,415.822440617932,0.10215803942236,0.888927167689825,0,0.215799789346408
94.69,0.1,415.712835959241,0.102339059950863,0.887062578141981,0,0.214080896367163
94.7,0.1,415.602554130646,0.104080932577111,0.887169378250581,0.000380292428860987,0.21459487406129
94.71,0.1,415.490969014973,0.10351493227954,0.888102025869465,0,0.212948195261095
94.72,0.1,415.38023812126,0.100435717433575,0.885546049019637,0,0.21472309858353
94.73,0.1,415.270709230322,0.104213000339781,0.882419337526599,0.000600424736028381,0.212685258946986
94.74,0.1,415.160169056329,0.1023099134328,0.885618425367046,0.000586221124719066,0.213772592266777
94.75,0.1,415.048986187032,0.101156181500995,0.881478149985152,0,0.216916101652101
94.76,0.1,414.940433067317,0.101790748992093,0.883838869717212,0,0.215553588582605
94.77,0.1,414.831776356635,0.104286008862152,0.880682134777584,0.00176935830159984,0.214976559575109
94.78,0.1,414.722070388588,0.101732831264972,0.88363480029356,0.00117114803733114,0.219105786460107
94.79,0.1,414.612351256151,0.101058835693182,0.883737194512987,0.00277487609057847,0.217009140750145
94.8,0.1,414.502811726333,0.102640621542126,0.88511168562969,0.00153083576855205,0.215610520870809
94.81,0.1,414.392418185113,0.104608208820752,0.882255609868168,0,0.21546551714566
94.82,0.1,414.281109755064,0.102307531686558,0.882556345356178,0,0.216665949986966
94.83,0.1,414.168929988961,0.102642196024471,0.882585080303014,0.00191364528132378,0.214930188092684
94.84,0.1,414.055916909979,0.103207105801994,0.880959501803716,0,0.214183150341463
94.85,0.1,413.942107375816,0.103456953374157,0.880542322531053,0,0.212054032951929
94.86,0.1,413.827538287618,0.103339962853034,0.879594791408556,0,0.214159851553466
94.87,0.1,413.712246589745,0.100419914433822,0.878290078198255,0.000743807992818119,0.21492939983662
94.88,0.1,413.596269256182,0.101748247046832,0.88016828676691,0,0.214874045408942
94.89,0.1,413.47964328808,0.100469534283536,0.878625112901578,0.00175356362061558,0.21350330832538
94.9,0.1,413.362405711861,0.102380965562155,0.876639675410885,0.00183160088509406,0.216196257026506
94.91,0.1,413.244593577262,0.101549311053743,0.879224420367398,0.000691710873894205,0.21660519812251
94.92,0.1,413.126243955393,0.100676597732162,0.87780031298381,0,0.216445803999141
94.93,0.1,413.00739393683,0.10185114328476,0.879060216898983,0,0.215846141326048
94.94,0.1,412.888080629728,0.104540747930793,0.877273907128531,0,0.214316420367708
94.95,0.1,412.768341157968,0.10196092738791,0.876136456420125,0,0.217148736589893
94.96,0.1,412.648212659326,0.104298652609363,0.877603658706084,0.00144799984690369,0.216909945355557
94.97,0.1,412.527732283674,0.102633691954805,0.874430030408845,9.3865336678807e-05,0.214704105247957
94.98,0.1,412.406937191207,0.102464743593148,0.87545949893787,0.00259947342157246,0.213315430174144
94.99,0.1,412.2858645507,0.102086465501548,0.876886342791998,0,0.215045898660946
95,0,412.164551537788,0.102776581838471,0.875873702836855,0.00102824429354015,0.215472100540568
95.01,0,412.043035333284,0.101435230154149,0.87399508056886,0,0.213673385367581
95.02,0,411.921353121516,0.103709166175856,0.876004811064913,0.00104721202808387,0.213552187712779
95.03,0,411.7995420887,0.103108196272935,0.875832282448402,0,0.215243469762742
95.04,0,411.677639421338,0.0999062419891294,0.874390506002442,0,0.214479413570524
95.05,0,411.555682304645,0.102069317358201,0.87219959030647,0.000446924659581092,0.215967193401931
95.06,0,411.433707921008,0.102353649806492,0.874704591955715,0.00302047674884702,0.216562967505964
95.07,0,411.311753448471,0.100968538279978,0.872237784956064,0.00218497855326507,0.216465832792816
95.08,0,411.189856059253,0.101591345366344,0.870451533109934,0,0.215203695479202
95.09,0,411.068052918293,0.103055866030545,0.872023587184809,0,0.216701870849652
95.1,0,410.946381181824,0.101571656869363,0.870992213775568,0.00129764593497957,0.214228451085993
95.11,0,410.824877995979,0.1022550581454,0.871647143877642,0,0.213776543879272
95.12,0,410.703580495428,0.101921259206896,0.870490120674478,0.00109558871805777,0.213465246877714
95.13,0,410.582525802038,0.10201340974841,0.869648243841012,0.000248244928721602,0.213496941518872
95.14,0,410.461751023569,0.103872305679951,0.869700786019942,0,0.215991192665191
95.15,0,410.341293252404,0.100990580718744,0.870444762138289,0.000772779872576994,0.211491980962932
95.16,0,410.221189564296,0.105693280994914,0.868333533113514,0.000905335929758352,0.216872933091431
95.17,0,410.101477017157,0.103690715423348,0.8669606855965,0.000912266387317807,0.214974989587693
95.18,0,409.982192649874,0.102407940105599,0.869967277199154,0,0.212995257498329
95.19,0,409.86337348115,0.101389437518471,0.868402734005627,0.000773179102308597,0.216259508012199
95.2,0,409.745056508384,0.102272187670452,0.867985198515656,0.000483421575370388,0.215144662502549
95.21,0,409.627278706575,0.103684423469437,0.86654553192916,0.000783609579501731,0.215928765157251
95.22,0,409.510077027258,0.105413140895877,0.866795238842046,4.63633658336077e-05,0.212337385762014
95.23,0,409.393488397471,0.102263847713658,0.86759772379794,0,0.21525135012992
95.24,0,409.27754971875,0.101613873376248,0.867845053551261,0.000662665740978614,0.215527795423963
95.25,0,409.162297866157,0.102311531669128,0.86565794210831,0.00011951109582479,0.213764980089825
95.26,0,409.047769687341,0.101669795559761,0.86508855614665,0.00198053032090809,0.214423041960321
95.27,0,408.934002001621,0.10102408590328,0.862142843193769,0.00270768989402477,0.21712285259246
95.28,0,408.821031599104,0.102209339070455,0.864530569581299,0.00204201198276149,0.214289825284317
95.29,0,408.708895239839,0.103904615052008,0.860519311382914,0,0.215948909939666
95.3,0,408.597629652989,0.10141795198126,0.86076231437684,0,0.214418870248459
95.31,0,408.487271536046,0.103004006057577,0.862954173231699,0,0.216708226619164
95.32,0,408.377857554065,0.103721443642957,0.861863366098077,0,0.215407036903004
95.33,0,408.269424338935,0.104140101633411,0.859822080635868,0.000334644755068895,0.213720153609682
95.34,0,408.162007687637,0.102183370499037,0.862076379485904,0,0.214281840719827
95.35,0,408.055643441261,0.101931094083846,0.859264224852682,0.000273931173586856,0.216047918157316
95.36,0,407.950369653951,0.103502561396872,0.859994234397102,0,0.215656803954335
95.37,0,407.846222818309,0.103221447686514,0.861585581860562,0,0.216072918392551
95.38,0,407.743239390571,0.101817062352276,0.862588947456553,0,0.213320542332649
95.39,0,407.641455790055,0.100713406051468,0.858996478080815,0.000166634382138453,0.215357490900654
95.4,0,407.540908398638,0.102375661662665,0.858530338719219,0.00148375918304361,0.216160961400027
95.41,0,407.441633560269,0.104859617680179,0.860655250552353,0.000589429945698991,0.214106366078106
95.42,0,407.343667580504,0.100973377729885,0.859489936113614,0.000980793327774695,0.215804616055792
95.43,0,407.247046726077,0.1025848868924,0.856417458061749,0.000115239452252172,0.214760894555868
95.44,0,407.151807224496,0.106227241793682,0.855580185312772,0.0012655158218197,0.213121741220553
95.45,0,407.057985263671,0.101823369451592,0.857979332520165,0.000168922303013583,0.214262465529615
95.46,0,406.965616991568,0.102707222107372,0.857448403791168,0.00107844513217186,0.214987702349758
95.47,0,406.874738515897,0.105521149184815,0.85718676356685,0.000771666849742358,0.213075899684109
95.48,0,406.785148757143,0.102078484407831,0.856784636016234,0.00137418051459201,0.218126474611961
95.49,0,406.695824693606,0.103660178171997,0.856635223900177,0,0.217081606663443
95.5,0,406.6066594816,0.10177027146474,0.85747471468359,0.0023725211534942,0.215078681213196
95.51,0,406.517656746135,0.0997966832804668,0.857234941719725,0,0.214623494469378
95.52,0,406.428820108001,0.102813155371039,0.855698998219593,0.00163270974392584,0.214715315653192
95.53,0,406.340153183616,0.103677540150846,0.853373361393047,0,0.212181885391821
95.54,0,406.251659584861,0.10424724361053,0.85493212431764,0,0.213346088877801
95.55,0,406.163342918925,0.104721584753468,0.853651836405302,0.000103418769645552,0.215864586071803
95.56,0,406.075206788147,0.102904738451014,0.853341932123714,0.00131121815185836,0.214397864369346
95.57,0,405.987254789856,0.105495296960093,0.852739498948658,0,0.214989318653657
95.58,0,405.899490516215,0.103413869160213,0.852550522180081,0.00121137189594858,0.213539599765073
95.59,0,405.811917554056,0.10282175695844,0.853428542151323,0.00224589052690629,0.211882929970279
95.6,0,405.724539484726,0.102423897643886,0.851652049819297,0.000761280254643716,0.215587565470306
95.61,0,405.637359883926,0.104189959352306,0.849986947301697,1.1088635337719e-05,0.215417308588653
95.62,0,405.550382321553,0.101357613253628,0.851183168987732,0.00113838918480687,0.213749701212036
95.63,0,405.463610361537,0.101605973994502,0.848988901451358,0.000484566103895003,0.211305705026805
95.64,0,405.377047561684,0.104502085629051,0.849688924904462,0,0.213887154584002
95.65,0,405.290697473515,0.101715420049394,0.850190980022142,0,0.215786786710217
95.66,0,405.204563642106,0.102285685780703,0.84792959009542,0,0.214108488172008
95.67,0,405.11864960593,0.106296880223083,0.84910052415286,0.00234882476327368,0.212907516723514
95.68,0,405.032958896692,0.103840270792217,0.850407212032232,0.000983577324102747,0.215617402181069
95.69,0,404.947495039174,0.104186776127654,0.849957194624871,0.00163806887287561,0.216422455078291
95.7,0,404.862261551072,0.103203945064081,0.84910267163259,0.000855722003949807,0.215626445705018
95.71,0,404.777261942835,0.0997094925125298,0.848426155208675,0,0.214082433805066
95.72,0,404.692499717507,0.102770403753131,0.845927449570353,0,0.21437586566368
95.73,0,404.607978370563,0.103258140669043,0.84534358470617,0.000720544109639477,0.214756472619112
95.74,0,404.523701389752,0.105352659807144,0.846275931344467,0.00101026927579306,0.213490518028599
95.75,0,404.439672254934,0.103784505748291,0.848193592176936,0.00138271798832986,0.216372645304197
95.76,0,404.35589443792,0.102961389835663,0.845869684447131,0.00197297420670936,0.215250080841876
95.77,0,404.272371402314,0.101657306329445,0.847487783577766,0.00130431276929071,0.213197691047635
95.78,0,404.189106603345,0.101152712595824,0.846452544896687,0.000541335465738114,0.215435063666235
95.79,0,404.106103487717,0.104692194654659,0.844643882769684,0.00120598454355567,0.213426693003407
95.8,0,404.023365493438,0.101135616383378,0.843316741313618,0,0.215366563678717
95.81,0,403.940896049667,0.103201231754374,0.844048384474508,0.000553099004641678,0.215494234102267
95.82,0,403.85869857655,0.105621032107656,0.845500345658824,0.00104639943351095,0.213959315876725
95.83,0,403.77677648506,0.0995086205390312,0.843490067738502,0,0.215234983545762
95.84,0,403.695133176836,0.103275951766216,0.846002662990382,0.000459900446913869,0.217438419923055
95.85,0,403.613772044026,0.101938345895192,0.841683238868844,0.0014129817848449,0.215882977194299
95.86,0,403.532696469121,0.10360338637926,0.843900690942935,0.000318685886388621,0.216393872822956
95.87,0,403.451909824801,0.102155385165539,0.841642192945024,0.00272949561359807,0.213822248389961
95.88,0,403.371415473769,0.10222627481531,0.841251713905309,0.00154764288523189,0.214474939425177
95.89,0,403.291216768595,0.101058855815469,0.843015390603728,9.34231507872116e-05,0.213262792057497
95.9,0,403.211317051557,0.101555416702206,0.841347065670369,0,0.214787008702053
95.91,0,403.131719654478,0.10512097021513,0.840109092612412,0,0.214548623374432
95.92,0,403.052427898567,0.101071514613268,0.841174576950495,0,0.213871170204094
95.93,0,402.973445094261,0.103813296982945,0.842685024420546,0.00204611148159477,0.215329551582848
95.94,0,402.894774541066,0.103833097403911,0.838251857532203,9.97654854025401e-05,0.215480982522506
95.95,0,402.816419527397,0.102048835208218,0.84075671983686,0,0.216618503818937
95.96,0,402.738383330418,0.101832509131412,0.839824875139407,0,0.212913129005683
95.97,0,402.660669215885,0.10344022137332,0.838800658102719,0.00203960105031242,0.217116192200772
95.98,0,402.583280437988,0.10369614384246,0.839752172058825,0,0.214362823443403
95.99,0,402.506220239192,0.105193453957124,0.839172734607303,0.00100467201453714,0.214164971322785
96,0,402.429491850076,0.103013381310425,0.838303257386584,0,0.213854627305063
96.01,0,402.353098489181,0.104015578167722,0.837802556102519,0,0.217432524066649
96.02,0,402.277043362848,0.103103747786035,0.836428183898642,0,0.21630925753062
96.03,0,402.201329665062,0.101588592714735,0.837030668347637,0,0.217030508780797
96.04,0,402.125960577295,0.103338495085736,0.836799274428227,0,0.215129348436686
96.05,0,402.050939268351,0.105871675545379,0.83772452386005,0.00108845321986798,0.215877199390282
96.06,0,401.976268894204,0.102552552685167,0.837254520469291,0,0.213824938883847
96.07,0,401.901952597851,0.104288435780182,0.834608652094708,0.00127939219427653,0.216671661051037
96.08,0,401.827993509147,0.103366582589906,0.835933368236588,0.0008674823947461,0.209850963592414
96.09,0,401.754394744654,0.10335637779136,0.83454877891906,0,0.214874449897338
96.1,0,401.681159407488,0.101810696613772,0.835855295031637,0.000986641055877824,0.214642197220158
96.11,0,401.608290587158,0.103346208382158,0.83590044344113,0.000798328111652825,0.218739812715917
96.12,0,401.535791359417,0.104950382749146,0.834079097999886,0,0.214489547800107
96.13,0,401.463664786107,0.102726792518074,0.836204836974804,0.00131897981300217,0.213880603314934
96.14,0,401.391913915002,0.102575982160395,0.834099778881384,0.00106141106654044,0.215532486158923
96.15,0,401.320541779659,0.102339060079076,0.834182681299273,2.35425109378509e-05,0.212634493660056
96.16,0,401.249551399264,0.102989461664939,0.834394762118762,0,0.215569407388696
96.17,0,401.178945778475,0.104084227090453,0.83341309403784,0.000346942717453366,0.217067602566221
96.18,0,401.108727907279,0.102626521825307,0.829787692298288,0.00132844757372909,0.214640668415205
96.19,0,401.038900760832,0.105367743916633,0.833246544884508,0,0.216732925345703
96.2,0,400.969467299312,0.101006524436579,0.833196587352505,0.000495917724530563,0.215988037777854
96.21,0,400.900430467768,0.102300841171039,0.830652624961238,0,0.215774577474085
96.22,0,401.31408892734,0.10265840737401,0.831814482951134,0.00125632002619614,0.218163959654074
96.23,0,401.500874594106,0.102064281542055,0.832768035069297,0.000996914613531461,0.217997270923198
96.24,0,401.62914654765,0.102121447623402,0.830271531457533,0.00184255723330533,0.21686743277146
96.25,0,401.761074377993,0.102627889824698,0.833761976021802,0,0.215044105544988
96.26,0,401.897776700645,0.104831085902818,0.830012152765063,0,0.215335908008957
96.27,0,402.038727822258,0.104558776805189,0.831935220223468,0,0.217157584547531
96.28,0,402.183920742724,0.0992996846387096,0.828839411172637,0.00177071379157516,0.214428097457473
96.29,0,402.333392591462,0.103631408547655,0.830839552188939,0.00152015142886944,0.215424494762922
96.3,0,402.487177728768,0.104766627000657,0.827789997204737,0.00168157750903914,0.214098196311884
96.31,0,402.64530994633,0.105415322368646,0.828337780090592,0.00143209152486788,0.214537026410639
96.32,0,402.807823053176,0.100271065453084,0.82791513525771,0,0.216181384136369
96.33,0,402.974750886799,0.102870638729237,0.828291400997327,0,0.213584916035833
96.34,0,403.146127309345,0.102625854545248,0.829278741968544,0,0.215771173800222
96.35,0,403.321986208722,0.100842604637513,0.829489390786098,0,0.214301512594855
96.36,0,403.502361500138,0.101166677428047,0.825327941233775,0.000319997837387758,0.215574607309413
96.37,0,403.687287127611,0.0996668533184891,0.826467076238876,0,0.21326340527454
96.38,0,403.876797065501,0.101655726056457,0.824143194631037,0.00143615575266987,0.213139432006486
96.39,0,404.070925320032,0.101312005534384,0.827473686853342,0.000893404317539592,0.214019185580341
96.4,0,404.269705930836,0.102802892153296,0.827339067514775,0.000287862357017382,0.213686300892815
96.41,0,404.473172972504,0.102458009499024,0.82769522565744,0,0.215036991695953
96.42,0,404.681360556136,0.100869037614458,0.825910104591142,0.00110509447985997,0.212648376820417
96.43,0,404.894302830916,0.0979254918005129,0.825869388775234,0,0.215638764220493
96.44,0,405.112033985682,0.100661837947603,0.828006472891581,3.73659511140089e-06,0.215399863899658
96.45,0,405.334588250503,0.101093771499006,0.826664582520726,0,0.213331193840643
96.46,0,405.561999898276,0.0989291462492452,0.822617628788872,0.0021860887381719,0.217278469963526
96.47,0,405.794303246315,0.0994930975293456,0.823051670927701,0,0.212977888385603
96.48,0,406.031532657961,0.101228143837676,0.822914796844937,0,0.214318286210493
96.49,0,406.273722544188,0.0995486104354192,0.825136267647167,0,0.215654100086553
96.5,0,406.520907365219,0.100368358917019,0.823552687978966,0.00069592179109846,0.214429328687137
96.51,0,406.773121632152,0.0981825160102475,0.824444414820028,0,0.211342843015301
96.52,0,407.030399908587,0.0988828921294537,0.823498973842588,0,0.214626439940174
96.53,0,407.29277681226,0.0998747991591214,0.825672582378821,0.000478243021282151,0.212879421033922
96.54,0,407.560287016683,0.0985724652830769,0.824076675458398,0,0.214485609508173
96.55,0,407.832965252793,0.0969821055009804,0.822544671939417,0,0.214732123559806
96.56,0,408.110846310595,0.0997416965322124,0.823677169810435,0,0.213594702060582
96.57,0,408.393965040824,0.0995194077822886,0.821433411934549,0.00188213092030489,0.215978173845836
96.58,0,408.682356356599,0.0981109549421602,0.823628260281041,0.000147241183033185,0.214807083727999
96.59,0,408.976055235091,0.0983484953054628,0.824236053153928,0.000260524005749715,0.212933732336781
96.6,0,409.275096719183,0.0986851732831818,0.823243245667215,0,0.214756476388663
96.61,0,409.579515919151,0.0966691432100709,0.821079510161883,0.00116838487482742,0.211734074732854
96.62,0,409.88934801433,0.0990615616703509,0.825718762973587,0.00226299191301747,0.217932355532739
96.63,0,410.204628254796,0.0987644274617713,0.821561293339696,0,0.218300036121119
96.64,0,410.525391963043,0.0944914166000088,0.818989062790469,0,0.213294003440482
96.65,0,410.851674535667,0.101417309413044,0.821183493268755,0,0.213897766217536
96.66,0,411.183511445057,0.0989406514352291,0.821209220552183,0,0.216076371991639
96.67,0,411.520938241072,0.0980955215947762,0.8207757260781,0,0.21422931245033
96.68,0,411.863990552738,0.0981851917312789,0.820730457102615,0.00114707221761206,0.217483573683311
96.69,0,412.212704089935,0.0959014789673968,0.816852901881256,0.00140317968481875,0.214756918974667
96.7,0,412.567114645091,0.095796512755088,0.819690949418605,0.000998492056400546,0.213780716521779
96.71,0,412.927258094872,0.0953906834753951,0.817581361274226,0.00143928811120326,0.215249731053268
96.72,0,413.29317040188,0.0975125868316182,0.822109937379224,0,0.214177181541462
96.73,0,413.664887616344,0.0952612077624058,0.818688122824938,0.000572368539123266,0.215642109001796
96.74,0,414.042445877817,0.0960705741694609,0.820203162816048,0,0.216662405461856
96.75,0,414.425881416867,0.0957463875267651,0.816315041256417,0.0020220469968197,0.214376618780279
96.76,0,414.815230556773,0.0958924915752582,0.8196693060109,0,0.216609110101998
96.77,0,415.210529715219,0.0960597978538967,0.818108883744354,0,0.214316308601649
96.78,0,415.611815405986,0.0937276269192195,0.820736172352668,0,0.218050143673127
96.79,0,416.019124240645,0.095605510672845,0.818724913593344,0.000895449880224824,0.214650487046205
96.8,0,416.432492930245,0.0969177318345912,0.819765214989859,0,0.214525920596007
96.81,0,416.851958287003,0.0931175011659931,0.816669564364845,0.00198551311416147,0.214179317815953
96.82,0,417.27755722599,0.0929808378047399,0.815693942092516,0.000361275654276136,0.212916911452573
96.83,0,417.709326766814,0.0948624923456796,0.818692654390242,0.000219653773159473,0.213961119643122
96.84,0,418.147304035307,0.0916756352040592,0.820138884317555,0.000755769770483087,0.214208335060705
96.85,0,418.591526265198,0.0936447778522441,0.818302835643524,0,0.218189142717466
96.86,0,419.042030799795,0.0911381188369134,0.818500249402863,0,0.217088680774152
96.87,0,419.498855093652,0.0916420877446122,0.817555708298865,0.000185245863410281,0.214664575706962
96.88,0,419.962036714243,0.0926454153550573,0.818589014792394,0.00107263119294474,0.215278859625676
96.89,0,420.431613343626,0.0917864011944454,0.816575347555863,0.000426838716724738,0.216327347704075
96.9,0,420.907622780106,0.092739178082834,0.817291314426306,0,0.214651149437369
96.91,0,421.390102939887,0.0916453674055686,0.819769638339449,0,0.21652642586344
96.92,0,421.879091858732,0.0916877801907218,0.815542543798672,0.00172429834852115,0.215909397741026
96.93,0,422.374627693605,0.0922037570123789,0.817239560449126,0,0.215591823526382
96.94,0,422.876748724314,0.0899173967048042,0.814886310915033,0.00112330851021992,0.214178631616334
96.95,0,423.385493355149,0.0919323220897865,0.815154339981876,0.00260765303486866,0.214476066032618
96.96,0,423.900900116512,0.091052682400227,0.815048666055761,3.6646338222509e-05,0.214826838211463
96.97,0,424.423007666544,0.0921618085888194,0.816218031762088,0,0.217288862003092
96.98,0,424.951854792739,0.0915291124219058,0.815005136920572,0,0.216863527747358
96.99,0,425.487480413562,0.0899426186025581,0.81604817888343,0,0.214396126553277
97,0,426.029923580047,0.0896483236248917,0.817007650837079,0,0.21438965739335
97.01,0,426.579223477401,0.0904810677582037,0.814853855847716,0.000554615335697161,0.214449885158809
97.02,0,427.13541942659,0.0904699711579269,0.814954948600438,0.00135486308420949,0.215976866756099
97.03,0,427.698550885924,0.0874365607146931,0.816016175109828,0.000151290779188172,0.214751502423754
97.04,0,428.268657452629,0.0894115419955241,0.813633911522263,0,0.215684631872083
97.05,0,428.845778864416,0.0866148286702678,0.816009402725011,0,0.215562785481362
97.06,0,429.429955001033,0.0887360988411282,0.81658754274633,0,0.215530985298777
97.07,0,430.02122588582,0.0887535851497143,0.818403171952973,0.00114430054224605,0.214354478136771
97.08,0,430.619631687244,0.0872871791376267,0.813759375294036,0,0.214102170933356
97.09,0,431.225212720426,0.0862981912499566,0.814203397821339,0.000655348884588443,0.217124157770877
97.1,0,431.838009448667,0.0863086180684154,0.814297407727406,0.00125682685388232,0.213680758020746
97.11,0,432.458062484952,0.0888889394834131,0.812042394864683,0.00108888936205146,0.213443945842586
97.12,0,433.085412593451,0.0888043938462773,0.81395277975511,0,0.216662244526243
97.13,0,433.720100691007,0.0873678427141543,0.814912870590584,0,0.214590133144475
97.14,0,434.362167848611,0.0842023021204228,0.814132381408732,0,0.215122401018727
97.15,0,435.011655292873,0.0848841931814203,0.815617861420044,0.00128907931523211,0.214207125118342
97.16,0,435.668604407468,0.0865320375509445,0.809658157720311,0,0.214653598273121
97.17,0,436.333056734584,0.084359145718677,0.813141807363518,0.00108166200863828,0.214923293835051
97.18,0,437.005053976351,0.0851735067278674,0.812115010792867,0,0.213689556721683
97.19,0,437.684637996252,0.0848651419780378,0.812511753557971,0,0.21535953555839
97.2,0,438.371850820534,0.0832258714316003,0.81795352588181,0,0.215897231533772
97.21,0,439.066734639597,0.084651031748604,0.814986223222957,0.00100839146880807,0.215027874386586
97.22,0,439.769331809367,0.0845440971761887,0.813919534390985,0.00146360059979913,0.215282860961531
97.23,0,440.479684852662,0.0804672538697317,0.814308171878635,0,0.214173884088673
97.24,0,441.197836460542,0.0810571777743342,0.812767305039226,0.000304191063717419,0.216108217424394
97.25,0,441.92382949364,0.0833463535321444,0.812548867685769,0,0.217811234589467
97.26,0,442.657706983484,0.0832490035646044,0.813549522983913,0.00184316185880337,0.21478005985892
97.27,0,443.399512133799,0.0803680374938209,0.813358964379903,0.0016436563281961,0.217325887420049
97.28,0,444.149288321798,0.0817095631281071,0.811002932280358,0,0.215022180647745
97.29,0,444.90707909945,0.0792961295249908,0.814444877262742,0.00125706775783445,0.214518305936114
97.3,0,445.672928194742,0.0782223905423372,0.811270230773502,0.00198464809206229,0.212125819518877
97.31,0,446.446879512915,0.0814985995251288,0.812113451462048,0.0030001070562017,0.214223835654383
97.32,0,447.228977137687,0.0807425018919546,0.8146962150475,0,0.213907352847524
97.33,0,448.019265332458,0.079037728328192,0.814089782210395,0,0.218127994617423
97.34,0,448.817788541502,0.0810542959555709,0.813242098070979,0,0.21288754431003
97.35,0,449.624591391132,0.0779284814936164,0.814448938424067,0,0.214166408236527
97.36,0,450.439718690854,0.0808623288264825,0.812845942487582,0.000277230864549069,0.214879543392711
97.37,0,451.263215434499,0.0783832705939355,0.813124795468104,0.000392700969115434,0.214133000144725
97.38,0,452.095126801337,0.077943020632828,0.813253782527305,0.00148955897733524,0.215091082191344
97.39,0,452.935498157175,0.079062179922563,0.814569423470256,0.000992406010591012,0.21726459881741
97.4,0,453.784375055425,0.0788249751197667,0.812461699962812,0,0.214857874339295
97.41,0,454.641803238165,0.0774891264416435,0.815931124768833,6.31629560601215e-05,0.216614449928304
97.42,0,455.507828637171,0.0775548187723345,0.811076392956647,0.0015321120994527,0.215403202425902
97.43,0,456.382497374928,0.0758508539408491,0.809371140848821,0,0.216417099594069
97.44,0,457.265855765627,0.0752011111793973,0.811431003102374,0.0016325209419421,0.212135954503126
97.45,0,458.157950316132,0.0766521239670683,0.812371801808076,0.000521751158970258,0.214439233398962
97.46,0,459.058827726933,0.0742959316865669,0.809986402281566,0.000158912784096695,0.216809132610945
97.47,0,459.968534893065,0.0745264071582872,0.813531463241364,0.000702895647528414,0.216694541948965
97.48,0,460.887118905021,0.0743132081065096,0.814156823047151,0.00168642948026054,0.215383773133975
97.49,0,461.814627049626,0.0761374889469393,0.813159057933819,1.38028162660852e-05,0.215057180225243
97.5,0,462.751106810899,0.0713377709708613,0.813383691985719,0.00122953728908515,0.217381514980923
97.51,0,463.696605870882,0.0725715446974289,0.812385561213588,0.00020661651645528,0.21530704099967
97.52,0,464.65117211045,0.0737631157558454,0.815564008206461,0,0.212603448084489
97.53,0,465.614853610103,0.0752040597461488,0.810144892585538,0.00101834763740465,0.216953780244399
97.54,0,466.587698650715,0.0727984218046215,0.813694332525968,0,0.217454902153792
97.55,0,467.569755714275,0.0712440923127274,0.810414051934707,0.00182081975641772,0.214842223626854
97.56,0,468.561073484596,0.0712658558777743,0.810449044965163,0.00142935678493536,0.214997861901235
97.57,0,469.561700847993,0.0713422978472267,0.812980104581201,0,0.2152874588195
97.58,0,470.57168689394,0.0717741672534311,0.812294892954573,0.00150248944266875,0.215957752186649
97.59,0,471.591080915705,0.0663303165979202,0.810208774913796,0.000638038024662869,0.216229731566716
97.6,0,472.619932410941,0.0709566322028443,0.810173855985496,0,0.214293719447917
97.61,0,473.658291082269,0.0696918732813262,0.811092251654604,0.0012872864876341,0.216722853698121
97.62,0,474.706206837818,0.0669340989765242,0.81121528866466,0,0.217448318901012
97.63,0,475.763729791744,0.066938073803448,0.814581537620529,0,0.214830748810674
97.64,0,476.830910264717,0.0700493741126353,0.812749694483442,7.52399410104424e-05,0.214900504844024
97.65,0,477.907798784379,0.0663179604356572,0.811967142120492,0.000478395856489015,0.213208913515922
97.66,0,478.994446085776,0.0680190171686803,0.813944857804494,0,0.213291896170123
97.67,0,480.09090311175,0.0622231517977017,0.814668908096501,0.000379592606173497,0.217283079562674
97.68,0,481.197221013311,0.0667124646240314,0.814086937393227,0.000853513047364007,0.214644892683154
97.69,0,482.313451149972,0.0662351848526939,0.812815220562071,0.00151731780631475,0.214617068871332
97.7,0,483.439645090054,0.06377723374262,0.812934038269339,0.000301880770063869,0.21685771357224
97.71,0,484.575854610958,0.064498716927933,0.811498746632168,0.00197927722665658,0.216638826711823
97.72,0,485.722131699405,0.0644827064810611,0.811970282131435,0,0.213593234058821
97.73,0,486.878528551646,0.0611888344775627,0.811510429078868,0.00345388612396085,0.217151431620354
97.74,0,488.045097573631,0.0636412167371714,0.81195616191837,0.000594881145625225,0.212043458659976
97.75,0,489.221891381156,0.0624720978645037,0.810739757571268,0.00109570323401617,0.214382157208127
97.76,0,490.408962799963,0.0626943450969493,0.813423418275341,0,0.215791776973846
97.77,0,491.606364865815,0.0617197336393825,0.815232827780494,0.00186977499017619,0.218189536906292
97.78,0,492.814150824527,0.0607091594816923,0.812261670259177,0.00129720481666851,0.215097590995949
97.79,0,494.032374131976,0.0637516929772177,0.81466437746393,0,0.212859280815739
97.8,0,495.261088454056,0.0599006549204296,0.813072955259062,0,0.214754277019283
97.81,0,496.500347666614,0.0579711908357349,0.814577354444528,0.000131318070376718,0.216530976791616
97.82,0,497.750205855335,0.0586490123973677,0.814523702069316,0.00158047426949442,0.212522080934212
97.83,0,499.0107173156,0.057141818302007,0.8143918677149,0,0.213334544165431
97.84,0,500.281936552298,0.058569528263451,0.813744593919695,0.000415344244118823,0.216835200997745
97.85,0,501.56391827961,0.0578391532897322,0.812709044537104,0.000428832899400643,0.216413431548452
97.86,0,502.856717420743,0.0596371329097509,0.814150766600668,0.000383600595767915,0.215406441572321
97.87,0,504.160389107627,0.0578718846784108,0.813606807606179,0,0.211026281679775
97.88,0,505.474988680583,0.0577398838757374,0.817050041392534,0,0.215699598732002
97.89,0,506.800571687937,0.057283416461483,0.814783523221072,0.000974611118309238,0.213616714817678
97.9,0,508.137193885599,0.0557727899848444,0.814520861696614,0.00262907540166851,0.21665712369943
97.91,0,509.484911236603,0.0541646752525908,0.815450596925474,0.000264318924753831,0.214768165992282
97.92,0,510.843779910604,0.0550408570029592,0.813988914656006,0.000727948555553302,0.21640226452843
97.93,0,512.213856283327,0.0546392665325791,0.813279270953167,0.000934943803069254,0.215230769465833
97.94,0,513.595196935985,0.0553953119595602,0.813504685954221,0,0.212314104092911
97.95,0,514.987858654644,0.0531730976397999,0.81489562421113,0.000390036443692687,0.216506473462341
97.96,0,516.391898429545,0.0532722779258411,0.815306167655397,0.000636590456916406,0.213984374958
97.97,0,517.807373454392,0.0535985074540201,0.815176947027689,0,0.216354630741392
97.98,0,519.234341125583,0.0515051305423614,0.815571173464605,1.9464450269779e-05,0.210412543761183
97.99,0,520.672859041404,0.0513748247960438,0.815662179546284,0.000651725210639496,0.21577424764848
98,0,522.122985001171,0.0539800645075906,0.814356074210304,0.00092193222633342,0.214740888579164
98.01,0,523.584777004333,0.0503737476132428,0.813551521537217,0.00161924611322334,0.21554826596458
98.02,0,525.058293249526,0.0452124134041619,0.815954117165574,0.000379542109886701,0.217053905770593
98.03,0,526.543592133576,0.0488925458775483,0.815657701708064,0,0.214819104535259
98.04,0,528.040732250459,0.048428456775185,0.817014280700579,0,0.216687201757632
98.05,0,529.549772390214,0.0477450997009962,0.815607610452592,0,0.216281367278015
98.06,0,531.070771537803,0.048178861160197,0.817305095051486,0,0.215330104331673
98.07,0,532.603788871922,0.0476615542434478,0.816651051700055,0.00112809455503176,0.214664080467868
98.08,0,534.14888376377,0.0460750545636142,0.816040923490781,0.0002838028588418,0.21495799508144
98.09,0,535.706115775761,0.0453401391808331,0.818101310747038,0,0.214878341663836
98.1,0,537.275544660186,0.0459845080295795,0.816241201826201,0,0.213191365021245
98.11,0,538.857230357826,0.041981248454808,0.816864694850057,0.00112921961822019,0.214328655512049
98.12,0,540.451232996511,0.0481605718200832,0.815001807609395,0.000607691915608958,0.214983719210182
98.13,0,542.057612889632,0.0443298696938203,0.820505387386715,0,0.215127027653663
98.14,0,543.676430534599,0.0431613117262283,0.816272037135976,0,0.214970110851972
98.15,0,545.307746611236,0.04348859543529,0.817352093770936,0,0.214857747915661
98.16,0,546.951621980141,0.0420527826204661,0.819873965583529,0.00268475809901972,0.217895318169643
98.17,0,548.608117680977,0.0412659264038649,0.818254857970053,0.00104707471904335,0.215674618947765
98.18,0,550.277294930708,0.0393256322747405,0.817552172154199,0,0.215327461021036
98.19,0,551.959215121799,0.0402269270534095,0.819321160286757,0.00240172614601009,0.215946472832262
98.2,0,553.653939820334,0.0391836832243507,0.818616732495995,0,0.213643999178223
98.21,0,555.361530764097,0.0393437131139651,0.818855010289915,0.000703952464427644,0.214825244288761
98.22,0,557.082049860589,0.0425584728839718,0.817863644737485,0,0.212495987177698
98.23,0,558.815559184989,0.0373953487941954,0.819364024148423,0,0.215741385032813
98.24,0,560.56212097806,0.038502500078491,0.820518763297083,0.000186834593303625,0.21722695840309
98.25,0,562.321797643993,0.0364461774882547,0.821995591478957,0,0.21499662508184
98.26,0,564.094651748193,0.0381265943870875,0.817824017332452,0.00120442237459971,0.214063538646372
98.27,0,565.880746015009,0.0362788960131816,0.818006520418933,0,0.211866611307549
98.28,0,567.680143325406,0.0358250022710577,0.819984086832752,0,0.213538429493296
98.29,0,569.492906714565,0.0347475996527167,0.818078683146329,0.000341903898255119,0.216562984299424
98.3,0,571.31909936944,0.0339579691287951,0.820487079840813,0,0.215240906336412
98.31,0,573.158784626246,0.0335744447060137,0.817623744283725,0,0.213669840591333
98.32,0,575.012025967873,0.030850620291245,0.821194515028495,0.000627159263585609,0.214396092745943
98.33,0,576.878887021267,0.0346565813016896,0.820275490136533,0.000808644766403749,0.216105324631923
98.34,0,578.759431554716,0.0329369150206239,0.81816463050484,0.00127909965163554,0.214744923785411
98.35,0,580.653723475099,0.0264107839668925,0.821414353126904,0.00106384883458363,0.213115305112328
98.36,0,582.561826825057,0.0311227120757038,0.818826820706756,0,0.214792709349054
98.37,0,584.483805780106,0.0288210494413164,0.821474710594744,0,0.215031701893624
98.38,0,586.419724645681,0.028806961431465,0.823462005098541,0.00139757620181607,0.214701750719949
98.39,0,588.369647854121,0.0283353095416898,0.822127937863112,0,0.212020005068559
98.4,0,590.333639961589,0.0275216226575978,0.824282346294974,0.00173000350326488,0.21515447140127
98.41,0,592.311765644913,0.0279697960325645,0.823602240554184,0,0.216527521858884
98.42,0,594.304089698384,0.0283113321382215,0.824185198106768,0.00126531189849472,0.213015302536303
98.43,0,596.310677030461,0.0251381392992039,0.820940485186255,0.000312282125246455,0.216754200285034
98.44,0,598.331592660434,0.0274152915978132,0.82521594160539,0.0014890730853403,0.21450115482453
98.45,0,600.366901714999,0.0241212200895054,0.822926594651009,0.00149443936548199,0.214862158961541
98.46,0,602.416669424779,0.0253589238249279,0.823566809550082,0,0.215840642984439
98.47,0,604.480961120767,0.0228170285135923,0.825867295635934,0,0.21667260664023
98.48,0,606.559842230707,0.0247997155531785,0.823583129797829,0,0.214078808121097
98.49,0,608.6533782754,0.0221112331592253,0.824595890060066,0,0.215372462928063
98.5,0,610.761634864946,0.0228548232473667,0.824520841151853,0.0041918475057015,0.214839967285841
98.51,0,612.88467769491,0.0206301512354383,0.823808561810622,0,0.212083356045862
98.52,0,615.022572542423,0.0221924847673983,0.82585036212896,0,0.214297849804711
98.53,0,617.175385262207,0.0196118232694653,0.823643551663514,0.000633157304233924,0.215858766651022
98.54,0,619.343181782527,0.0200677592723996,0.826435637062815,0.00225507080368547,0.213946971008076
98.55,0,621.526028101083,0.0208266116029057,0.827224254631352,0.000905766485572703,0.216810979810861
98.56,0,623.723990280817,0.0181200538160005,0.823386180079691,0,0.215356729696449
98.57,0,625.937134445646,0.0188286944093554,0.827262335339487,0.000310992212329947,0.216622123687935
98.58,0,628.16552677614,0.0178610129004456,0.826014930879074,0.000721364188562703,0.215565963522617
98.59,0,630.409233505102,0.0168149748738521,0.82616094566891,0,0.216123617995346
98.6,0,632.668320913096,0.0172130576707672,0.828209350862157,0,0.213581083347211
98.61,0,634.942855323886,0.0167545165951916,0.826272224182681,0.00255559446596384,0.214844342790753
98.62,0,637.232903099805,0.0127572378261522,0.826642473593449,0.000387107947579931,0.216103690960136
98.63,0,639.538530637052,0.0155583377921879,0.82996877152823,0,0.215832913241418
98.64,0,641.859804360915,0.0155035093917463,0.830008665125939,0,0.214783517337762
98.65,0,644.196790720907,0.0109324932719027,0.827628934855511,0,0.214973005628396
98.66,0,646.54955618584,0.0110442765550273,0.828118270119398,0.00163867894809617,0.214920642242365
98.67,0,648.918167238814,0.0122470297402418,0.82757739941507,0,0.216157984946445
98.68,0,651.302690372133,0.00921861722808858,0.827625780628283,0,0.214028774390379
98.69,0,653.703192082146,0.0105055052567065,0.829759162892833,0.000556282977892996,0.212667868131463
98.7,0,656.119738864004,0.0102191783172572,0.829583594414855,0.00121329961342682,0.216079264617847
98.71,0,658.490132375665,0.00862330217029139,0.828360021736408,0,0.214917882205446
98.72,0,660.798977070831,0.0066836203122407,0.831196188677988,0,0.214195674872931
98.73,0,663.113903262074,0.00627417987721001,0.83036309737852,0.00054613705865348,0.214626536470392
98.74,0,665.367487663785,0.00764828816022999,0.830346408403572,0,0.212790608537517
98.75,0,667.073708588431,0.0065969689718862,0.82981091726428,0,0.213949020998069
98.76,0,668.614138680559,0.00344199493752171,0.831199775002817,0,0.214660506414822
98.77,0,670.156144268871,0.00523037193589963,0.831558008937266,0.00016507050528809,0.215510814919855
98.78,0,671.552971892242,0.00538569553942229,0.832581235130729,0,0.215273511876593
98.79,0,672.765470748688,0.00435693437318825,0.831119984320931,0.000155868109471052,0.216090691091872
98.8,0,673.963937760184,0.00475967433460515,0.832560625505394,0,0.215773368850224
98.81,0,675.170212177452,0.00524294399869315,0.831814498855462,0.00110372912217824,0.214353662453972
98.82,0,676.37679751975,0.00242723740059222,0.835597821130119,0,0.214052830138841
98.83,0,677.589381800677,0.00459311241596627,0.834598013050888,0,0.216712890882251
98.84,0,678.810530727741,0.00282938575587652,0.832715269689301,0.000157547484878406,0.213539614409024
98.85,0,680.035272722226,0.00198651139068365,0.835533093635334,0.00095617725064076,0.213539138839273
98.86,0,681.26233999219,0.00477174247087062,0.833317874892885,0,0.214208737974133
98.87,0,682.497282163453,0,0.83561017905265,0.000807658933819384,0.215587872176034
98.88,0,683.739686394905,0.00285744372988761,0.832746350619812,0,0.216791040896628
98.89,0,684.98225600987,0.0019233885572538,0.833300982277894,0.00186784680416492,0.215189281731782
98.9,0,686.230714857375,0.000903577735348573,0.833046081142621,0,0.214800692684986
98.91,0,687.487558957868,0.00344101958952937,0.836073990842856,0.00176128933321239,0.214732343022206
98.92,0,688.74725699332,0.00166337450628424,0.835350274432583,0,0.216078063412266
98.93,0,690.008406548104,0,0.83283782328032,0,0.214505953296273
98.94,0,690.762237705374,0,0.834980652081618,0,0.215668011095082
98.95,0,690.890552431209,0,0.834250484894005,0.000557942288738686,0.214366872257484
98.96,0,691.01947020883,0,0.836161603934095,0.00125226310424851,0.212603563627964
98.97,0,691.148985614958,0.00162318340223247,0.834123722669152,0,0.216367785136095
98.98,0,691.279093204273,0,0.837718855477904,0.00123227495898496,0.215818126996124
98.99,0,691.409787509684,0.00294494017331007,0.838859592514798,0.00171974363283345,0.215411622614288
99,0,691.541063042597,0.00205612210131705,0.839648433713951,0,0.213638405020272
99.01,0,691.672914293187,0.00297096838175956,0.836319985015001,0.000640881904691709,0.213961877348861
99.02,0,691.805335730664,0,0.839826100530342,0.00151764827058177,0.216751695944135
99.03,0,691.938321803549,0.00113310410776723,0.837065347176432,0.000343270989977062,0.216552766460489
99.04,0,692.071866939941,0.00102694196757236,0.841863348910195,0,0.213874390223113
99.05,0,692.205965547791,0,0.837065538604796,0,0.216448953395102
99.06,0,692.340612015172,0,0.839370886228744,0,0.214797409641754
99.07,0,692.475800710554,0,0.840357239320033,0,0.21322279285669
99.08,0,692.611525983075,0,0.839801791009316,0.00282306303507514,0.211355570457332
99.09,0,692.747782162813,0,0.840070298934615,0.00123464970281088,0.215085825155599
99.1,0,692.884563561062,0.00106890476688883,0.842470569552448,0.000828613411665722,0.217505351904744
99.11,0,693.021864470603,0,0.842742010013627,0,0.216847102771175
99.12,0,693.15967916598,0.00324908696014941,0.84104219862999,0,0.215908187578252
99.13,0,693.298001903774,0.00231711833004829,0.842404477227692,0,0.215836743498383
99.14,0,693.436826922875,0,0.843512548048482,0.000680982478393018,0.213811331477801
99.15,0,693.576148444761,0,0.842992978101718,0.00260109563533517,0.213980697337951
99.16,0,693.715960673769,0,0.844638328084169,0,0.21468006659725
99.17,0,693.856257797371,0,0.842786981965436,0.000352541776656012,0.214893043966794
99.18,0,693.99703398645,0,0.843687962751446,0,0.217621017321344
99.19,0,694.138283395576,0.000981132333102201,0.843095492788715,0.00154875189660843,0.214472838329349
99.2,0,694.280000163281,0,0.843766461261631,0,0.213709532354484
99.21,0,694.422178412332,0,0.845632218123739,0,0.215231181261494
99.22,0,694.56481225001,0.0016182227571336,0.846854492368796,0,0.214155521786974
99.23,0,694.707895768387,0,0.847287257287358,0,0.216385588054848
99.24,0,694.851423044598,0,0.847121080183619,0,0.214714567094515
99.25,0,694.995388141118,0.00102237866969076,0.847467922626364,0.000571479936922263,0.21522197394743
99.26,0,695.139785106041,0,0.845516363325588,0.00120267735928645,0.215113956098591
99.27,0,695.284607973351,0,0.846637676408746,0.000357307014668075,0.215200993772573
99.28,0,695.429850763204,0.00122749205759681,0.846786343496693,0.00211022275563582,0.212384065317549
99.29,0,695.575507482199,0,0.848445027061109,0,0.215150374294862
99.3,0,695.721572123654,0,0.847338475509411,0,0.215050687476109
99.31,0,695.868038667888,0.00231948905360417,0.846272697709171,0,0.214613860223457
99.32,0,696.014901082489,0,0.848904718746677,0,0.212806521145576
99.33,0,696.162153322594,0,0.848680852720633,0,0.217824549000887
99.34,0,696.309789331165,0.00278711471821274,0.847609985451186,0,0.215319854593287
99.35,0,696.457803039262,0.000330781992159473,0.848280755161643,0,0.212209158558823
99.36,0,696.60618836632,0,0.849710161457349,0,0.215793971715406
99.37,0,696.754939220427,0,0.852386321005867,0,0.216776387037789
99.38,0,696.904049498592,0.00226121328973868,0.852415913640318,0.000565640286399506,0.21360611765615
99.39,0,697.053513087028,0,0.850409538433665,0,0.217277688217056
99.4,0,697.203323861421,0,0.848833430641966,0,0.215702206600138
99.41,0,697.353475687205,0,0.855417711590851,7.58571533394045e-05,0.214016779722598
99.42,0,697.503962419843,0,0.855250353199903,0,0.214577446265228
99.43,0,697.65477790509,0.00107207071217953,0.85374977097248,0,0.214124644293262
99.44,0,697.805915979278,0,0.854265913941156,0,0.213554263126733
99.45,0,697.957370469579,0,0.852937420484729,0,0.214042889090462
99.46,0,698.109135194289,0,0.852357240647691,0,0.2167225834809
99.47,0,698.261203963092,0.000254196883266853,0.855125719190746,0,0.214910161362641
99.48,0,698.413570577339,0.000861101348591438,0.85416160340147,0.00173663644084395,0.216736472886992
99.49,0,698.566228830315,0,0.854681389651854,0.000553684567775957,0.213124265003243
99.5,0,698.719172507516,0,0.853863122933098,0,0.215476807775063
99.51,0,698.872395386917,0.000264108986944861,0.85525896818413,0,0.214615886890805
99.52,0,699.025891239245,0.000509186008146935,0.857230992550737,0.000213927814216082,0.215909173860942
99.53,0,699.179653828252,0,0.85453358927256,0.000828027460909327,0.214312198657116
99.54,0,699.33367691098,0.00242009351213785,0.855058677539209,0,0.215619521779908
99.55,0,699.487954238037,0,0.859239022915272,0,0.215125984907922
99.56,0,699.642479553863,0.000589779964088018,0.859170302199721,0,0.215056772459208
99.57,0,699.797246597,0.00192950001784674,0.858148695664004,0,0.215973665042671
99.58,0,699.952249100363,0,0.859930408544702,0,0.211401966975385
99.59,0,700.107480791505,0,0.859866264724506,0,0.217021893220938
99.6,0,700.26293539289,0,0.860070739770257,0.000476906718206871,0.215535434048313
99.61,0,700.418606622153,0.00193114081384578,0.859873799644894,0,0.216641452499184
99.62,0,700.574488192374,0,0.859985816311449,0,0.215244075434158
99.63,0,700.730573812343,0,0.861959466555077,0,0.213883696855798
99.64,0,700.88685718682,0.00116254411269995,0.860215077294052,0,0.213990765775263
99.65,0,701.04333201681,0,0.861827162793975,0.00113336782654269,0.214449195229239
99.66,0,701.199991999821,0.00266795255366104,0.862467901714585,0.000430690568076498,0.215432209436475
99.67,0,701.356828209074,0.000167178456099581,0.86214677745872,0,0.2162972562946
99.68,0,701.513835577281,0.000898980150377942,0.860041035239768,0,0.218612755349488
99.69,0,701.671009169366,0,0.862590068152024,0.000998709266290574,0.212110652808177
99.7,0,701.828342671659,0,0.86735540775647,0.00047337435600182,0.215169118397658
99.71,0,701.98582976831,0.00215318431495908,0.863627880218223,0,0.216545209018514
99.72,0,702.143464141553,0,0.866777845766708,0,0.212839515573519
99.73,0,702.301239471965,0,0.866297714773901,0.000411062081470616,0.21678072702374
99.74,0,702.459149438726,0.00156468429675717,0.866695506676325,0.0012172584695932,0.214740140656617
99.75,0,702.617187719879,0.00135749494346658,0.860279589750427,0,0.217448941369557
99.76,0,702.775347992591,0,0.865803891343875,0,0.214859769856233
99.77,0,702.933623933407,0.000707625039098562,0.867144215372252,0.000412409088427543,0.213787915814401
99.78,0,703.092009218512,0,0.866213262127381,0,0.216957568627117
99.79,0,703.250497523985,0.000533674454326052,0.869251536787775,0.000113499111294546,0.215016089811184
99.8,0,703.409082526056,0,0.867039025587979,0.000329613646285132,0.212304303614121
99.81,0,703.567757901361,0.000758207814517929,0.865145062575431,0,0.214615631416609
99.82,0,703.726517327201,0.000824190030293273,0.86813172039078,0.000462424601171102,0.215252312403329
99.83,0,703.885354481788,0,0.870628512601144,0,0.215056840278465
99.84,0,704.044263044507,0,0.867206931717316,0,0.21449740918618
99.85,0,704.203236696163,0,0.869745733888635,0.000103057556275886,0.216472412150949
99.86,0,704.362269119235,0,0.868926508963628,0.000453895547248938,0.214995579804915
99.87,0,704.521353998127,0,0.870668052518005,0,0.214464651085942
99.88,0,704.68048501942,0,0.868333723515246,0,0.215858571960043
99.89,0,704.839655872117,0.00140223969695488,0.868404740147909,0.001497456912951,0.214743902874478
99.9,0,704.998860247898,0.000168741417800073,0.871366339267957,0.000842482244509086,0.214197044831446
99.91,0,705.158091841364,0.000905978597544502,0.871023565693141,0,0.215566020296974
99.92,0,705.317344350286,0,0.871628154121414,0,0.215917527295503
99.93,0,705.47661147585,0,0.871979098449343,0.000265384183670809,0.215435034028108
99.94,0,705.635886922904,0.00223125584472379,0.87266214558446,0.000537740588298471,0.214887207196525
99.95,0,705.795164400206,0,0.871283214131892,0,0.21421216342454
99.96,0,705.954437620659,0,0.87223769254611,0,0.21553764689882
99.97,0,706.113700301566,0,0.875094124496601,0,0.213433126816052
99.98,0,706.272946164862,0,0.876541432609203,0.000303688294666192,0.213145055126399
99.99,0,706.432168937364,0.000260688522312243,0.876543478796811,0.000180825959571101,0.216843001396151
100,0.1,706.591362351005,0,0.872890639171201,0.000784794685369065,0.212623396374958
100.01,0.1,706.75052014308,0.00167743262739829,0.87549595556219,0.00129936369785969,0.216768767597628
100.02,0.1,706.909636056478,0.00193807878124506,0.875484097442069,0.000571811187809892,0.217801099705029
100.03,0.1,707.068703839927,0.000159350652120818,0.873801236744258,0,0.213955706485757
100.04,0.1,707.22771724823,0.000780725406419567,0.87581309790413,0.00342494686304141,0.214988542772798
100.05,0.1,707.386670042494,5.12092037147222e-05,0.877720981623209,0,0.215272984755703
100.06,0.1,707.545555990379,0,0.876192401506304,0,0.214851908807475
100.07,0.1,707.704368866319,0.00160276787371727,0.876707304861975,0.00070826592678923,0.217616000427311
100.08,0.1,707.863102451764,0.00070363610098061,0.880421633172845,0,0.215853000252183
100.09,0.1,708.021750535412,0.00012439571335081,0.877777816420173,0.000278768118074862,0.213483049062069
100.1,0.1,708.18030691344,0,0.880106891585036,0,0.213351975568401
100.11,0.1,708.33876538973,0.00111700917914592,0.878570520608279,0.000689574594532939,0.214823589507122
100.12,0.1,708.49711977611,0.000960668342718862,0.878813225916731,0.00261729857022248,0.212370773176414
100.13,0.1,708.655363892573,0.00144690016520414,0.879563535180503,0,0.213843282655383
100.14,0.1,708.813491567511,0,0.878577368664777,0,0.213119171424409
100.15,0.1,708.97149663794,0,0.879978870943,0.000420260708704395,0.215894276719097
100.16,0.1,709.129372949726,0,0.884240220621115,0.00151855998717284,0.21555472058532
100.17,0.1,709.287114357813,0,0.881045033416948,0,0.213732446318318
100.18,0.1,709.444714726446,0.000662522372342419,0.881194504486431,0,0.215026271089348
100.19,0.1,709.602167929393,0.000960574077281809,0.881378601616572,0,0.21559931404446
100.2,0.1,709.75946785017,0.00241462208664911,0.884083545555158,0.00105055647513292,0.215051590237824
100.21,0.1,709.916608382261,0.00199391366001481,0.883419776509779,0.000485690041653832,0.213824316001656
100.22,0.1,710.07358342934,0,0.885590213770555,0,0.216083403047924
100.23,0.1,710.23038690549,0,0.882751386501976,0,0.214933150645224
100.24,0.1,710.38701273542,0,0.88229829016196,0.00245423838640408,0.217469327222848
100.25,0.1,710.543454854685,0,0.884552084315548,0,0.217703836674842
100.26,0.1,710.699707209904,0,0.883594469039287,0.00190189871334967,0.215540782584515
100.27,0.1,710.855763758972,0.000829519806474787,0.885651617774383,0,0.212501376530533
100.28,0.1,711.011618471276,0,0.885813822071577,0.000616147018926944,0.217454504622942
100.29,0.1,711.167265327911,0.00156644755536394,0.885480627694132,0,0.215383147714502
100.3,0.1,711.322698321889,0.000843252005139201,0.889723538674783,0,0.214858726528727
100.31,0.1,711.477911458356,0.00211302265863,0.885499277675006,0,0.215716321094548
100.32,0.1,711.632898754797,0.00102537599648826,0.887777461918105,0.00166833599030072,0.213303777244885
100.33,0.1,711.787654241248,0.00118092047418421,0.886772053750008,0.00139568190826959,0.215913414566977
100.34,0.1,711.942171960508,0,0.888551259628041,0,0.215489760613503
100.35,0.1,712.09644596834,0,0.887854214466353,0,0.215614809251963
100.36,0.1,712.250470333685,0.000409013306084885,0.88887563613271,0,0.217514269338358
100.37,0.1,712.404239138862,0.0025334607418754,0.890578722971989,0,0.213511806722387
100.38,0.1,712.557746479775,0.000814080059976223,0.887473945747698,0.000935954297398498,0.216418287258101
100.39,0.1,712.710986466119,0,0.891032701825674,0.000397996200318361,0.213447214622569
100.4,0.1,712.863953221577,0,0.89033533112987,0.00057769860164495,0.213243831487663
100.41,0.1,713.016640884025,0.000354468214432674,0.891225235405918,0,0.214632181026746
100.42,0.1,713.169043605737,0.000217060599992384,0.888866601344255,0,0.216745446563684
100.43,0.1,713.321155553573,0,0.892566784927137,0.00110096016381495,0.213988480702725
100.44,0.1,713.472970909188,0,0.894307837667056,0.000364365693066388,0.213264872036758
100.45,0.1,713.624483869227,0.00161801337382954,0.895412853188104,0,0.217810224950425
100.46,0.1,713.775688645518,0,0.893930626774635,0,0.216531828473332
100.47,0.1,713.926579465269,0.000657676850569635,0.89348575620516,0,0.213554864627262
100.48,0.1,714.077150571266,0,0.895161767779527,0,0.215146927702013
100.49,0.1,714.227396222061,0.00115707949898784,0.895915839593057,0.00190503847229228,0.21670508182134
100.5,0.1,714.377310692166,0,0.895906964558668,0.00131919420557244,0.213810285735082
100.51,0.1,714.526888272247,0,0.893530234621382,0.00047697913191678,0.214662475916812
100.52,0.1,714.67612326931,0.00242397138863576,0.893446922761642,1.48645594713388e-05,0.215182281327524
100.53,0.1,714.825010006892,0.000317496365779109,0.897084100851446,0,0.215412981335796
100.54,0.1,714.97354282525,0,0.896719696909744,0,0.216694460430369
100.55,0.1,715.121716081547,0,0.895314900280619,0.00112729966336938,0.216117926631712
100.56,0.1,715.269524150036,0.00252976313916683,0.894884191529994,3.67305696041458e-05,0.219467725473541
100.57,0.1,715.416961422249,0,0.895996817177616,0.0016804673886517,0.216389253007902
100.58,0.1,715.564022307177,0.000284078244435089,0.894795767821812,0.000148041921989821,0.214918809675712
100.59,0.1,715.710701231457,0.00155115755233911,0.898774903928612,0.00043585323987449,0.215139609791979
100.6,0.1,715.85699263955,0.00169008397968412,0.899288563263758,0,0.214956223259578
100.61,0.1,716.002890993919,0.000873555586736667,0.898819826273156,0,0.216981436237531
100.62,0.1,716.14839077522,0,0.901335305305139,0,0.215427603016156
100.63,0.1,716.293486482466,0,0.899379101287524,0,0.216154496301546
100.64,0.1,716.438172633217,0.000212573817029416,0.897638585063016,0.000980621777998361,0.217298314737564
100.65,0.1,716.582443763746,0,0.900397112689802,0.00105183275466102,0.218327735204806
100.66,0.1,716.726294429222,0.00155874453074642,0.900384285028913,0,0.212976057810287
100.67,0.1,716.869719203884,0.000570407814899048,0.899712503235869,0.00254106672218131,0.215450402540485
100.68,0.1,717.012712681206,0.000699405501615083,0.90167702161384,0.00141781342401991,0.216619842421991
100.69,0.1,717.15526947408,0,0.899393364273927,0,0.216723841041651
100.7,0.1,717.29738421498,0.00235277961056261,0.901478915379561,0,0.213143429851126
100.71,0.1,717.439051556136,0.00187288608086328,0.902879734471997,0,0.213741855279412
100.72,0.1,717.580266169698,0,0.903154063696169,0,0.215529621662583
100.73,0.1,717.721022747911,0.00268178970439641,0.901612142795018,0.00147044405572074,0.21609884188807
100.74,0.1,717.861316003276,0,0.903125395930577,0,0.21522208342494
100.75,0.1,718.001140668719,0,0.90227783600443,0.00149735853249542,0.216038406252857
100.76,0.1,718.140491497753,0.00060735353347811,0.903726766179498,0,0.214951827184962
100.77,0.1,718.279363264645,0,0.904017660302664,0,0.214328643190591
100.78,0.1,718.417750764578,0,0.904429503219382,0.000743666853449314,0.211503997185168
100.79,0.1,718.555648813808,0,0.902900597762146,0.00249200880658335,0.218034585311093
100.8,0.1,718.693052249833,0,0.904464781982808,0,0.216574551338788
100.81,0.1,718.829955931543,0,0.906471380028783,0,0.215815124214876
100.82,0.1,718.966354739386,0.000762026897249576,0.90605239055602,0.000419704720974648,0.215630467473622
100.83,0.1,719.102243575523,0,0.905022515577186,0.00293198375687212,0.215674127862408
100.84,0.1,719.23761736398,0,0.90535048712216,0.00221562584661292,0.215664605308039
100.85,0.1,719.372471050812,0.0016968070620335,0.908950964921631,0.00182943292266405,0.215337275371983
100.86,0.1,719.506799604247,0.000622112087759301,0.908482408091908,0.000506038325110029,0.213964636849794
100.87,0.1,719.640598014849,0,0.907733727981381,0,0.213222020457365
100.88,0.1,719.773861295663,0.00163160405289897,0.906946515636769,0.00209325090536646,0.215633800720008
100.89,0.1,719.906584482367,0,0.90894152664923,0.00128247635194192,0.215914090079361
100.9,0.1,720.038762633426,0.00199902590404267,0.908611420089705,0,0.2145785390742
100.91,0.1,720.170390830237,0,0.910706115237981,0,0.211950778634615
100.92,0.1,720.301464177279,0.000255307448826826,0.910702515723282,0,0.215138613650718
100.93,0.1,720.431977802258,0,0.91110356023467,8.70821588622458e-05,0.214479197251776
100.94,0.1,720.561926856254,9.95201828650814e-05,0.910142830499309,0.00120193345966246,0.214180462486108
100.95,0.1,720.691306513866,0.000475891503404006,0.912141030259362,0,0.215013154605975
100.96,0.1,720.820111973356,0.00119840617712263,0.909916333894048,0.00190250270923431,0.215598185843441
100.97,0.1,720.948338456787,0,0.911653551965892,0,0.214928099035053
100.98,0.1,721.075981210173,0,0.91261913182897,0,0.216486477141977
100.99,0.1,721.203035503612,0,0.912929403712417,9.22629604618352e-05,0.217345460329837
101,0.1,721.32949663143,0.00286740129511955,0.911208063619639,0.00130788799263204,0.214437507259764
101.01,0.1,721.455359912318,0.000742863728689375,0.912153732154546,0.000582897448878339,0.215028855251348
101.02,0.1,721.580620689468,0.000200695254267284,0.913420315619974,0,0.214445236473721
101.03,0.1,721.705274330712,0,0.91291990528541,0,0.213950112749645
101.04,0.1,721.829316228655,0,0.91252713797734,0.00134395550708899,0.214113391118373
101.05,0.1,721.952741800812,0,0.91386972617362,0.00223188222497145,0.215568130302856
101.06,0.1,722.075546489739,0.00240864580108117,0.915575677417548,0.00253046026046081,0.214151182936216
101.07,0.1,722.197725763165,0.000716074914264515,0.913585929007281,0.00153632515011373,0.21571478283123
101.08,0.1,722.319275114126,0,0.91302319072392,0,0.216347430517929
101.09,0.1,722.440190061093,0.000620422619289703,0.91431885261321,0.00134198155943248,0.214699465879841
101.1,0.1,722.5604661481,0,0.915536187436444,0.00103595267349968,0.21337960048745
101.11,0.1,722.680098944875,0.000246547027952019,0.913782203420592,0.00139287325522963,0.215627854924547
101.12,0.1,722.799084046968,0.00101682011612691,0.91639940546035,0,0.216956448543328
101.13,0.1,722.91741707587,0.000212868030057173,0.915758263781879,0.000691429793351137,0.216913893483081
101.14,0.1,721.288060438351,0,0.918370178995093,0.000199312936762233,0.213220347024896
101.15,0.1,717.526123847121,0.00340801602093841,0.916699096664193,0.000127830684984689,0.213727300376435
101.16,0.1,715.319576622025,0.00348076352454453,0.915936762800463,0,0.216702062951653
101.17,0.1,713.542144934404,0.00173073074599641,0.915662138079256,0,0.216781040907046
101.18,0.1,711.77053638467,0.0038489527890164,0.918262222786502,0.000543469619522672,0.212026627098986
101.19,0.1,709.994959758418,0.00373555437129309,0.919307671195417,0.000951147241468024,0.213366646309273
101.2,0.1,708.219058361638,0.00424965277708205,0.917270767402607,0.000715817076382481,0.214243919391515
101.21,0.1,706.4430922683,0.00594797166537442,0.918815421614089,0,0.215545096782312
101.22,0.1,704.667018634285,0.00433365377547628,0.921181515563665,0,0.213420332759934
101.23,0.1,702.890813236408,0.00734891996558755,0.918580515838611,0.000186858431859525,0.213948910916111
101.24,0.1,701.114456401962,0.00611392570134046,0.91795128214627,0.00056822412983277,0.216584385560741
101.25,0.1,699.337929138672,0.00725448067343504,0.920761218947897,0.00018197616264983,0.212774182258143
101.26,0.1,697.561213076497,0.00768511667074816,0.919053716545576,4.8269778179641e-05,0.214829272656032
101.27,0.1,695.784290499844,0.00878087979889675,0.918288428680192,0.000671047898436795,0.215555105442897
101.28,0.1,694.007144346792,0.00945344399173338,0.920185380031841,0.00164624491906762,0.216902273678514
101.29,0.1,692.22975820579,0.00610835982175222,0.920353198860574,0,0.214894250758187
101.3,0.1,690.45211631251,0.00709632110528304,0.92107166545825,0,0.214647215208992
101.31,0.1,688.674203546718,0.00707213449226428,0.923249981910035,0.000151235875943133,0.216121923257898
101.32,0.1,686.89600542911,0.00708981954565961,0.919130466905227,0,0.216889627762657
101.33,0.1,685.117508118127,0.00946945544046158,0.921581309602833,0.00103208160822951,0.213249193460788
101.34,0.1,683.338698406734,0.0113575816091158,0.920523065796757,0.00248493457275386,0.213602363463798
101.35,0.1,681.55956371917,0.0120471346591063,0.919023918113757,0,0.214353669142938
101.36,0.1,679.780092107682,0.0140438093685426,0.921414865969531,0,0.214890557511756
101.37,0.1,678.000272249214,0.013006241501329,0.922992892673117,0,0.21475443386765
101.38,0.1,676.220093442075,0.0117125023303119,0.922977716797584,0,0.215209891675866
101.39,0.1,674.439545602575,0.0165404125096693,0.925703927827511,0.000984839118519066,0.214841301516429
101.4,0.1,672.658619261635,0.0153878474785423,0.922541389878197,0.000846709369560778,0.215163562364718
101.41,0.1,670.877305561361,0.0142760007041511,0.924467722978881,0,0.21786068544524
101.42,0.1,669.095596251595,0.0173431095149766,0.92332525529617,0,0.214944703879381
101.43,0.1,667.313483686426,0.0142831368468871,0.922895783223486,0,0.216092466880336
101.44,0.1,665.530960820682,0.018336005044475,0.924684845533656,0.0012237643634011,0.214544632958211
101.45,0.1,663.748021206383,0.0185724416183241,0.925282288468651,0.00183685200119964,0.216256759767007
101.46,0.1,661.964658989169,0.0184933221905419,0.924738749895991,0,0.216969188041341
101.47,0.1,660.180868904694,0.0187794499138347,0.923757973622078,0,0.215541524211007
101.48,0.1,658.396646274988,0.0181864731663563,0.927834152571892,0.00216379710213897,0.214550987848644
101.49,0.1,656.611987004789,0.0167674574714306,0.927464268817099,4.6767879046291e-05,0.213789951526809
101.5,0.1,654.826887577851,0.01849044478772,0.927774451658722,0,0.212581167625601
101.51,0.1,653.041345053207,0.0216500885482899,0.924353815922777,0.00159086128866511,0.216537771539083
101.52,0.1,651.255357061417,0.0217923062558777,0.925714401133344,0.000988228509298517,0.215110690847687
101.53,0.1,649.468921800774,0.0207063272574224,0.926427926826127,0.00079741533532901,0.212859295048137
101.54,0.1,647.682038033477,0.0212041866112441,0.925827130789922,0.000258732394072492,0.21636965099155
101.55,0.1,645.894705081784,0.020747215307593,0.926636474284882,0.000867798356155842,0.215174674012705
101.56,0.1,644.106922824126,0.0220827331654101,0.929603133920009,0,0.214574145602866
101.57,0.1,642.318691691191,0.0256277249463332,0.927203306936824,0,0.21625741928828
101.58,0.1,640.530012661981,0.0249453719691319,0.928505377918033,0.000943774171909347,0.214993564880247
101.59,0.1,638.740887259829,0.0243233821864089,0.929618471131332,0.000699259641762727,0.217067498630518
101.6,0.1,636.951317548397,0.0250047005157182,0.927120209977616,0,0.213893633550063
101.61,0.1,635.161306127636,0.0267708029575142,0.927580906475605,0.00136697079941913,0.213743642750827
101.62,0.1,633.370856129713,0.0267315789233828,0.926235986491017,0,0.215757975245852
101.63,0.1,631.579971214916,0.0276277406574421,0.929847069487209,0,0.216696408389749
101.64,0.1,629.788655567525,0.0282238949397064,0.927012706445782,0,0.215251247142114
101.65,0.1,627.996913891646,0.0288911768657282,0.930783645956786,2.84190421167046e-05,0.215732487015571
101.66,0.1,626.204751407025,0.0274977926444129,0.928983537900946,0,0.213821676529729
101.67,0.1,624.412173844826,0.0296891623050937,0.932393980165872,0,0.213306220009624
101.68,0.1,622.619187443381,0.0311214353247182,0.930181622965122,0,0.215668642176839
101.69,0.1,620.825798943912,0.02964719329879,0.926972563208544,0.000784476969653444,0.214413708902939
101.7,0.1,619.03201558622,0.0297979167304774,0.929643820012371,0.000351539644347131,0.213701061592239
101.71,0.1,617.237845104349,0.0327348478851925,0.928969822271415,0,0.216361226943199
101.72,0.1,615.443295722215,0.0334547698203435,0.932761118890356,0,0.215097282899317
101.73,0.1,613.648376149215,0.0299689897516352,0.930453595425209,0,0.215962528829332
101.74,0.1,611.853095575799,0.0310376057507729,0.92852706172348,0,0.215137514251491
101.75,0.1,610.05746366902,0.0317776234314634,0.930224387146872,0,0.215864848573112
101.76,0.1,608.261490568055,0.0357200461484705,0.933288403426085,0.00029270581338152,0.214238033002098
101.77,0.1,606.465186879694,0.0365733268082588,0.930738948012983,0,0.215180852533729
101.78,0.1,604.668563673805,0.0357888323965677,0.933152028804577,0.000212467006484328,0.214969777665716
101.79,0.1,602.871632478775,0.0347242298804638,0.932206366457369,0,0.216294405159658
101.8,0.1,601.074405276917,0.0361629369153958,0.931965103274518,0,0.214281217226934
101.81,0.1,599.276894499859,0.0363487426604338,0.931803610495173,0.000777715353450373,0.213771122363282
101.82,0.1,597.479113023898,0.0389851329434638,0.929626763522826,0.000225700036481732,0.215522978837991
101.83,0.1,595.68107416534,0.037737734831172,0.933298993300108,0.00327254590029052,0.216433101015219
101.84,0.1,593.8827916758,0.0391701546001278,0.932255181475291,0,0.215927035697033
101.85,0.1,592.084279737493,0.0393909839237525,0.930103584422887,0,0.215315153673195
101.86,0.1,590.285552958483,0.0409631591788754,0.929938160050052,0.000949376501590337,0.215034980259288
101.87,0.1,588.486626367924,0.042582486422855,0.933390021074743,0.002443048702116,0.215280688363284
101.88,0.1,586.687515411272,0.0400832694123748,0.931904445329551,0.00134836697919455,0.213209532195922
101.89,0.1,584.888235945466,0.0435616151722637,0.933416463296088,8.53360851960388e-05,0.212946266052235
101.9,0.1,583.088804234097,0.0451899502365467,0.932438260622905,0,0.216434560705419
101.91,0.1,581.289236942549,0.0421930684965568,0.934428268450067,0.0011763258060091,0.215900021072793
101.92,0.1,579.489551133115,0.0430859125332879,0.930069157447719,0.000744397385100237,0.213183089504453
101.93,0.1,577.689764260104,0.0444292310811208,0.933768119976985,0,0.215903195171442
101.94,0.1,575.889894164909,0.0455479134901954,0.931636610630295,0,0.214919309314993
101.95,0.1,574.089959071068,0.0456835383742964,0.932103874366214,0,0.214505579847293
101.96,0.1,572.289977579301,0.0454381392349359,0.933356789965571,0,0.213722748132549
101.97,0.1,570.489968662527,0.045852077616375,0.932450059328475,0,0.215758480182946
101.98,0.1,568.689951660858,0.0491690316092248,0.933092443881509,0.000995328027619575,0.216154820768543
101.99,0.1,566.889946276581,0.048685431624115,0.935079088585092,0.000634575177710234,0.213759027507535
102,0.1,565.089972569122,0.0481819260844601,0.934417128702139,0,0.213594370738978
102.01,0.1,563.290050949982,0.0483767610066481,0.934056767220096,0,0.212323814068271
102.02,0.1,561.49020217767,0.0530231986559507,0.935546409713656,0,0.215747174574409
102.03,0.1,559.69044735261,0.0527163077044968,0.935060130263573,0,0.215056928002163
102.04,0.1,557.890807912032,0.0527772129715599,0.935218102770976,0,0.213269869213311
102.05,0.1,556.091305624857,0.0512259354723692,0.937006658648946,0.00159076307088814,0.215750364283907
102.06,0.1,554.291962586553,0.0538452309860868,0.933010997943419,0.00106972798479888,0.214258929548388
102.07,0.1,552.492801213992,0.0533457718595067,0.934368790002627,0,0.215259812830901
102.08,0.1,550.69384424028,0.0561425571800059,0.934683957534498,0,0.215134945767937
102.09,0.1,548.895114709581,0.0550573267015978,0.937099308926154,0,0.217072803480995
102.1,0.1,547.096635971925,0.0554332581593457,0.933306310966276,0,0.218286108376694
102.11,0.1,545.29843167801,0.0542648063394312,0.934184042542712,0.00197442127000572,0.214797880820659
102.12,0.1,543.500525773986,0.0563084082498666,0.938868013034183,0.00116192318563363,0.216601341307529
102.13,0.1,541.702942496231,0.0596704309465395,0.936256031084806,0.00228859701662788,0.215439883876976
102.14,0.1,539.905706366115,0.0568454579104084,0.935388958686541,0.000605005942722387,0.214986384005372
102.15,0.1,538.108842184762,0.0607225446068078,0.936698934151422,0.00151233218505478,0.213380754645591
102.16,0.1,536.312375027787,0.0607058595426744,0.936692865896598,0,0.214919422062516
102.17,0.1,534.516330240047,0.0600569224033607,0.936711320868623,0.000849616205974683,0.212880218798809
102.18,0.1,532.720733430363,0.0585094535911844,0.937152326154502,0.00153881739120395,0.214390580935907
102.19,0.1,530.925610466251,0.0625195859673538,0.935691386742291,0.00218813259808804,0.214279313787418
102.2,0.1,529.130987468635,0.0614249265330128,0.934393242810147,0.000555013309864553,0.21393166104206
102.21,0.1,527.336890806561,0.0599397464095841,0.935121054472289,0.00230597002607439,0.212821916772579
102.22,0.1,525.543347091907,0.0638394458761584,0.938998209686616,0.000845203418184507,0.212575913256807
102.23,0.1,523.75038317408,0.0620746204166701,0.935226928413143,0,0.218651690080978
102.24,0.1,521.958026134725,0.0644273873355107,0.934347657162818,0.000191170452448861,0.213653300461857
102.25,0.1,520.16630328241,0.0674369486888159,0.936168664495365,0,0.215195662450134
102.26,0.1,518.375242147326,0.0668873570414588,0.938650089595568,0.00144474291541158,0.214932264587698
102.27,0.1,516.584870475979,0.0644092061786431,0.937090310202526,0,0.210477818196563
102.28,0.1,514.795216225877,0.0677928442604018,0.935079999579991,0,0.213211597058162
102.29,0.1,513.006307560226,0.0691387463049938,0.933675847836717,0.00116976107377891,0.215768950563128
102.3,0.1,511.218172842615,0.0684778931071751,0.938407404603524,0,0.21342211182396
102.31,0.1,509.430840631714,0.069037604554351,0.936554508901444,0.00012526264101268,0.216911728118661
102.32,0.1,507.644339675961,0.0688910948362955,0.935901701632659,0.000640896136408501,0.21649201778452
102.33,0.1,505.858698908262,0.0706169292589046,0.935429147626358,0,0.216738978905821
102.34,0.1,504.073947440688,0.0705728407487588,0.934937845957157,0.001312381272766,0.216204159815524
102.35,0.1,502.290114559176,0.0748124551070748,0.937891756128111,0,0.211556212412902
102.36,0.1,500.507229718239,0.0752102058729917,0.938633778641502,0,0.214722545458269
102.37,0.1,498.725322535676,0.0731486237327339,0.937710632876746,0.000202583727805626,0.213220290269357
102.38,0.1,496.94442278729,0.0739408125574196,0.937531910002084,0,0.212689251433888
102.39,0.1,495.164560401607,0.0735290342952858,0.937346348414608,0.000500452134775364,0.215755168289796
102.4,0.1,493.385765454618,0.0750496960629758,0.936377983836068,0,0.217241855504269
102.41,0.1,491.608068164507,0.0759547747828918,0.93451788182033,0,0.212083421241024
102.42,0.1,489.8314988864,0.0745878941127161,0.937366161868392,0,0.216196856834641
102.43,0.1,488.05608810713,0.0769540391269434,0.935818769603852,0.000812441977502118,0.213115861049166
102.44,0.1,486.281866439992,0.076674178253242,0.939155466396926,0.00123917243634459,0.216701516991927
102.45,0.1,484.508864619529,0.0805347009935254,0.938454880938546,0.00130704922944777,0.216594101152971
102.46,0.1,482.737113496312,0.0801961758695063,0.938652928041729,0,0.21476129737656
102.47,0.1,480.966644031745,0.0794717865475996,0.936862775700365,0,0.212395935255952
102.48,0.1,479.19748729288,0.0806735984356642,0.936949805423033,0,0.212930671408543
102.49,0.1,477.429674447234,0.0798432227140958,0.938070869127454,0.000253913417874668,0.211061904407321
102.5,0.1,475.663236757637,0.0814114006743441,0.936706828205493,0,0.213869822364413
102.51,0.1,473.898205577084,0.0851839109815616,0.937791484389072,0,0.216475162687103
102.52,0.1,472.134612343603,0.0795842264613913,0.939904730319682,7.41883030920668e-05,0.215303572220428
102.53,0.1,470.37248857514,0.0811082477379421,0.937683389705335,0.000707771618507232,0.213799569992901
102.54,0.1,468.611865864465,0.0860989721683304,0.937718697699799,0,0.213746078483544
102.55,0.1,466.852775874091,0.0863482736347911,0.937208762565053,0,0.214179145051021
102.56,0.1,465.209221121452,0.085327878482,0.936195216238824,0.000517302539501954,0.215485035100242
102.57,0.1,463.693204304417,0.0880633502983885,0.937431156247691,0,0.214683926551648
102.58,0.1,462.185035636661,0.0885747877214353,0.936222660028625,0.000722818579154251,0.215229120489046
102.59,0.1,460.775721226474,0.0880923429594373,0.935982590677159,0.00226610593054111,0.216533418138877
102.6,0.1,460.058363484344,0.0870047403617447,0.935726670844532,0.00152666364410568,0.213257628561304
102.61,0.1,459.506993360901,0.0896551464691585,0.93621514770671,0,0.214788453033962
102.62,0.1,458.948395230471,0.0915432369865342,0.935159995962853,0.000378090706918926,0.213728794158277
102.63,0.1,458.582449314072,0.0897065894748703,0.935570798095395,0,0.215303693209113
102.64,0.1,458.433426394406,0.0887973374175288,0.935958788587662,0.00110032336730519,0.213247497643943
102.65,0.1,458.29260463398,0.094093747091128,0.933480129770886,0,0.215587177263978
102.66,0.1,458.146166038088,0.086780666453101,0.937731311536168,0,0.215579957325183
102.67,0.1,458.009683257923,0.0882429511738334,0.935178893531654,9.86497150550883e-05,0.213850219812388
102.68,0.1,457.871026295099,0.089967890995802,0.9362925160013,0,0.215396353919773
102.69,0.1,457.726124053847,0.0910800675945314,0.938775882346718,0,0.211995889355857
102.7,0.1,457.575580419574,0.088219195565966,0.938675889568597,0.00103086677350976,0.213549251484701
102.71,0.1,457.419511882901,0.0887846083231787,0.939573558254161,0,0.216236714853314
102.72,0.1,457.257310267389,0.09024236662307,0.936712164364778,0,0.214798005601244
102.73,0.1,457.089089455485,0.0893200225009494,0.936666778889488,0,0.214279148324647
102.74,0.1,456.915760784518,0.0899952013210501,0.936436523843451,0.00119209338733151,0.214384411741455
102.75,0.1,456.736547469741,0.0865106092803957,0.935577145148524,0,0.217859070254777
102.76,0.1,456.551201311828,0.0909404898590191,0.93565295392282,0,0.213479211550912
102.77,0.1,456.360511543803,0.0895268335814784,0.935761887040505,0.00179447428989222,0.215740394571103
102.78,0.1,456.16458290774,0.0882459063352623,0.937744192237965,0,0.215042736496185
102.79,0.1,455.962618503091,0.0908477898541758,0.936696882881985,0,0.216542172318789
102.8,0.1,455.754764349116,0.092354184701361,0.935461856300607,0,0.213797174375972
102.81,0.1,455.54219423159,0.0888875528281734,0.93733797083228,0,0.215426557511064
102.82,0.1,455.32390675812,0.0885510897031668,0.936046896554256,0,0.213799104821046
102.83,0.1,455.099581552247,0.0880620558429877,0.936037536286942,0,0.213984293556922
102.84,0.1,454.870168155728,0.0886926508450936,0.937384234627982,0,0.215744865688138
102.85,0.1,454.63579277745,0.0883235654158637,0.935067222194581,0.00171554241569838,0.216229166168885
102.86,0.1,454.395497080634,0.0918838294915109,0.934882129403764,0.00390020597806319,0.215271288250661
102.87,0.1,454.149451672872,0.0866160472344244,0.937509055959139,0,0.214160628102441
102.88,0.1,453.899038147286,0.0915306064395933,0.932904226495447,0.0021967248110105,0.215279629418012
102.89,0.1,453.643078174482,0.0895426702016631,0.937098146222749,2.24216383435578e-05,0.215731364760615
102.9,0.1,453.381194857994,0.0910836125418448,0.938581098623708,0,0.214136830788366
102.91,0.1,453.114478235833,0.0911464970065848,0.932167003789787,0.000215734705603231,0.214048509237648
102.92,0.1,452.843073418331,0.093897691404638,0.937899754948004,0,0.213479388445951
102.93,0.1,452.565881005764,0.0904859990317287,0.935578508445456,0.00152889806171176,0.215398193783552
102.94,0.1,452.283092124995,0.0919147658068719,0.935880541531423,0,0.214485715529288
102.95,0.1,451.996263206736,0.0897890206468222,0.936939498491942,0,0.216040078733878
102.96,0.1,451.704067615866,0.0922012256453525,0.935927299025123,0.00172438774303875,0.217064270465398
102.97,0.1,451.406081283584,0.0902910917083733,0.936302278526871,0.00137397458295272,0.21608862620962
102.98,0.1,451.103539529779,0.0912997487845376,0.933891091182834,0.00379332757737501,0.214525205571585
102.99,0.1,450.796606679065,0.0915128543455807,0.931960057148933,0.00233058489856262,0.215031413943951
103,0.1,450.484036923415,0.0917508517514588,0.93770949669327,0.000989670325330978,0.21560327140658
103.01,0.1,450.166047661444,0.0941716250590394,0.934861857686637,0.00126013959025536,0.217736971877949
103.02,0.1,449.844407451552,0.0918103717559171,0.934142863044518,0,0.217120781623901
103.03,0.1,449.517608164239,0.0923562682230919,0.936825070173108,0.00152588964295101,0.215091867499802
103.04,0.1,449.185167468573,0.0913946431328925,0.935118693697095,0,0.21457306343082
103.05,0.1,448.848471213113,0.0962600840060488,0.934091596892244,0,0.215181260200888
103.06,0.1,448.507703490198,0.0927025525681809,0.931659547458351,0.00111145281243338,0.216016657838855
103.07,0.1,448.161466232429,0.0911384549722062,0.935700242093749,0,0.212519832315815
103.08,0.1,447.809997138911,0.0953342062887756,0.93261253006624,0,0.214085758455077
103.09,0.1,447.455245127061,0.0933455995596066,0.930312935892815,0.00069463398544213,0.213128089913487
103.1,0.1,447.095548331724,0.0914913480369608,0.934933056299979,0,0.216328478135597
103.11,0.1,446.730375168352,0.0941921770462335,0.934366466706237,0.00117181821438082,0.217571287946477
103.12,0.1,446.361236998527,0.0943033174909282,0.933552047505469,0.00117408120656694,0.215368896854115
103.13,0.1,445.988334612166,0.0930024195669524,0.932576150566437,0,0.213873273008511
103.14,0.1,445.610143414186,0.0960401514265174,0.932559828336388,0.000291465156560198,0.210985957616845
103.15,0.1,445.226918002619,0.0961956744473823,0.933181237447144,0.000876038737294716,0.214486537048823
103.16,0.1,444.840756406359,0.0945467673048548,0.931925612573516,0,0.212165330048431
103.17,0.1,444.449870038942,0.0927352019530948,0.931957291834403,0.000516141309971513,0.213656551273336
103.18,0.1,444.0536868296,0.0937298424308196,0.930660117748472,0.00146614786521596,0.215758329426152
103.19,0.1,443.653812967126,0.0949403952750348,0.931716968377459,0.000119129499645753,0.214743626245258
103.2,0.1,443.250462152486,0.0954734178007835,0.929017239557745,0,0.215630126630056
103.21,0.1,442.842014858341,0.0941889509823345,0.933160318809878,0.000195036071938081,0.213235951113663
103.22,0.1,442.428740270323,0.0948396143806585,0.93034891077029,0.00080573410068581,0.214109891990539
103.23,0.1,442.012858055262,0.0963638230826372,0.932564625889461,0,0.21684521170127
103.24,0.1,441.592476588057,0.0964094207898437,0.930757435298186,0,0.213975454939009
103.25,0.1,441.166990967725,0.0953100216854329,0.930662706483877,0.000638161016565886,0.216140689478759
103.26,0.1,440.738115807481,0.0966993542193008,0.929344675688598,0,0.216876685707923
103.27,0.1,440.306079140957,0.0972939054224019,0.92982343438811,0.000578651905401617,0.215365948774963
103.28,0.1,439.869151902691,0.0938527443392191,0.930732550822587,0,0.213655174565395
103.29,0.1,439.427622412537,0.0964782814068815,0.930146058122311,0,0.216196903528148
103.3,0.1,438.983866781257,0.0966732663549924,0.93069290778342,0,0.216082279016041
103.31,0.1,438.53585945052,0.0967052911928321,0.930594496139803,0.000467275861061788,0.217081117670993
103.32,0.1,438.082952281798,0.0981617407841939,0.932030155631039,0.00105442434802421,0.217220190973309
103.33,0.1,437.626973045147,0.09747491894918,0.930003984048065,2.56856372323541e-05,0.217426075984356
103.34,0.1,437.16816462725,0.0974267796739778,0.926740715810856,0.00145553912737593,0.216121470485544
103.35,0.1,436.704683030572,0.0979388462049114,0.929506155459527,6.23197327296388e-05,0.213235358609892
103.36,0.1,436.236840905902,0.10085005136025,0.930857406210681,0,0.216339474796582
103.37,0.1,435.767205222532,0.0980282273475663,0.929431155657735,0.000348767200543354,0.214201502649354
103.38,0.1,435.293585811553,0.0982695381522195,0.928020885634086,0.00101394891304794,0.214340772074723
103.39,0.1,434.815280945153,0.0964631251197697,0.928423691801652,0.00262992822059291,0.215087706770388
103.4,0.1,434.334245893123,0.0975653401763485,0.927430486531261,0,0.216325905997878
103.41,0.1,433.850740016303,0.0992870128043454,0.928121450333017,0.000323884071986013,0.214181753915485
103.42,0.1,433.362788916346,0.0984947801363342,0.924534272536066,0,0.215651432054559
103.43,0.1,432.874692311544,0.0963389007342858,0.928645692744082,0.00101119763673511,0.214096006131782
103.44,0.1,432.412680101696,0.099292353102101,0.925973586942444,5.49546196505753e-05,0.214100942760964
103.45,0.1,431.953665659724,0.098227756432019,0.926416665614941,0.000106872971046272,0.21453018513357
103.46,0.1,431.490037141217,0.100380680423905,0.929959096914252,0,0.214651759481159
103.47,0.1,431.083288146012,0.0997451283228024,0.926257139725928,0,0.21565773132472
103.48,0.1,430.740555500903,0.0968242981389594,0.928925780846561,0.001249934127248,0.218066030802496
103.49,0.1,430.397607038096,0.099055605270843,0.925705614576117,0.000537272095628988,0.215680132122146
103.5,0.1,430.05970238195,0.098408433066636,0.92645199552759,0.000185205259240852,0.214576587530121
103.51,0.1,429.788062056048,0.0984065738573819,0.927105851138429,0.00160405491226035,0.21550957445308
103.52,0.1,429.529254011629,0.0982959313761671,0.925158053410493,0.000142340737472075,0.214051340515473
103.53,0.1,429.265573207507,0.101413370495776,0.923729895286668,0.000885755047186478,0.214789606579742
103.54,0.1,429.029138050953,0.100881652620272,0.923028975007483,0,0.215035345890365
103.55,0.1,428.823876385258,0.098140384700147,0.922230190822551,0,0.213972329679736
103.56,0.1,428.616268753909,0.0994148196950898,0.923689321720798,0,0.214356863207359
103.57,0.1,428.409180248393,0.0987816422054772,0.924159156315193,0,0.216219286450792
103.58,0.1,428.235325595287,0.10062499883099,0.926191280586152,0,0.217161405858724
103.59,0.1,428.066213099174,0.10116876587822,0.921611907565296,0,0.215134480459077
103.6,0.1,427.892385515402,0.0987663338532796,0.92326202626102,0.0038247085906263,0.215977709582041
103.61,0.1,427.731771974733,0.100227833311179,0.923847007051363,0.0021497493072801,0.2134144480299
103.62,0.1,427.58659838394,0.0997966661285278,0.925198198215842,0.000314057114097526,0.217316468253544
103.63,0.1,427.438168200851,0.103220464012352,0.919735791391467,0.00123469527724876,0.21406057938949
103.64,0.1,427.288101622198,0.102141182208047,0.921000469737802,0.00113133054611677,0.215484331667862
103.65,0.1,427.154790361594,0.0993397760034111,0.921352995142449,0,0.213374344188301
103.66,0.1,427.022256564706,0.100536863062227,0.921361046109013,0.000868062550552737,0.216634052416534
103.67,0.1,426.885189564726,0.101959209888966,0.922089981081054,0,0.214920744742028
103.68,0.1,426.755012790021,0.103556767737434,0.922054169791384,0,0.213772008341234
103.69,0.1,426.633161897605,0.100197804943706,0.920643786964463,0.000859191841402742,0.215313298579352
103.7,0.1,426.507736944383,0.102356699523781,0.920796371735325,0,0.216415659983528
103.71,0.1,426.380004824991,0.100655269834327,0.919631076249067,0,0.214113520989809
103.72,0.1,426.263070896527,0.102785425214406,0.9207695407526,0,0.216506477463716
103.73,0.1,426.14556657005,0.0992191372490634,0.920232049663023,0,0.217032539733362
103.74,0.1,426.023707839947,0.0997398270432145,0.922307273560582,0,0.213695534534707
103.75,0.1,425.905795548452,0.0999030267195063,0.917890307691949,0,0.214730388159359
103.76,0.1,425.792890273047,0.100682033289273,0.919064433548787,7.29795653280958e-05,0.216087976099357
103.77,0.1,425.676354522291,0.101133092909905,0.919529648535731,0,0.21568577097692
103.78,0.1,425.557146908511,0.101607317266575,0.919699545095064,0,0.215073710448078
103.79,0.1,425.445011005744,0.102207372789505,0.917271740915825,0,0.216218386052216
103.8,0.1,425.331516191047,0.100498422208225,0.914795471061301,0,0.212443540284465
103.81,0.1,425.213852768216,0.102304101625956,0.915245758922467,0,0.218317475449138
103.82,0.1,425.09933429999,0.101356357877253,0.91648390460594,0.00287106802936458,0.21462381660772
103.83,0.1,424.9889037067,0.0997283911358023,0.917446499869172,0.00148765434914803,0.215717064194322
103.84,0.1,424.874953959971,0.10159624657104,0.918656726059065,0.000138314117322845,0.213610445511723
103.85,0.1,424.758449181257,0.101330964449004,0.917239853451593,0.000524450145346328,0.215679909311017
103.86,0.1,424.648697269075,0.102185677956688,0.916439198627409,0.000190225201870315,0.214417951788987
103.87,0.1,424.53765247659,0.100952252806483,0.915207549998991,0.000514783491311524,0.212632394487993
103.88,0.1,424.422626149372,0.102417208278195,0.914179004732071,0.00141321456639963,0.215067503104246
103.89,0.1,424.310170172616,0.098640261058463,0.916723632354593,0,0.217564212248305
103.9,0.1,424.20114349765,0.102290792311536,0.916331556359996,0.00134024606787114,0.215320874956657
103.91,0.1,424.088732932374,0.101673579863661,0.91441725416369,0,0.214766048193385
103.92,0.1,423.973855934129,0.104802691337118,0.911325375722941,0,0.215693807441202
103.93,0.1,423.865184374057,0.103999761034893,0.914311783660794,0.00220211826145209,0.212972775558933
103.94,0.1,423.755234008838,0.0998217268305123,0.91655893366207,0.00101725268107446,0.215847944532891
103.95,0.1,423.641497151053,0.102018460341473,0.917672834643596,0.000802296659686827,0.211444902089855
103.96,0.1,423.530620214734,0.101766492223286,0.912399753920538,0.000643249700900304,0.21626753631982
103.97,0.1,423.423482570619,0.100910730698077,0.916072388947304,2.99202176383479e-05,0.213268062102573
103.98,0.1,423.313168253005,0.100074767394698,0.913047466114787,0,0.217696408946906
103.99,0.1,423.200511855366,0.101257590023956,0.910099922614871,0,0.215971826607587
104,0.1,423.093771363518,0.101962703832415,0.909935677946759,0,0.21455479683084
104.01,0.1,422.985835463399,0.104636031745979,0.915426450494958,0,0.213460481579225
104.02,0.1,422.874314136665,0.099180312024326,0.90813158127297,0.00158780428494724,0.216331140385893
104.03,0.1,422.764684880201,0.103638419781626,0.911587055956689,0.000470147227175004,0.214988975025354
104.04,0.1,422.657689303142,0.102662686140318,0.908176957674024,0,0.215880957779855
104.05,0.1,422.547633587743,0.101476100177814,0.909278824164167,0,0.21468687144143
104.06,0.1,422.435254912588,0.101260748870997,0.91106546600991,0,0.212397078847842
104.07,0.1,422.327651673855,0.103514693755226,0.908789955112148,0.00159818108793455,0.216149060870676
104.08,0.1,422.218726218225,0.102944982711472,0.910654492391923,0,0.21506011074575
104.09,0.1,422.106425006428,0.102614215033693,0.908173568310509,0.000845654749739042,0.214737548930058
104.1,0.1,421.995872747041,0.102779789951035,0.908913444459577,0.00172057813914648,0.217352334630588
104.11,0.1,421.887772008881,0.104269530756559,0.909417723082607,2.31031604696623e-05,0.215709397083564
104.12,0.1,421.776797061727,0.100397005951917,0.908281427719502,0,0.218759018581033
104.13,0.1,421.663819963473,0.100673491991489,0.906077653647536,0,0.216293842776622
104.14,0.1,421.556584584643,0.101469895704019,0.906357117811343,0,0.214493078097136
104.15,0.1,421.448437015755,0.101459990967749,0.905886650589372,0.00235126931179589,0.212909487745953
104.16,0.1,421.337126639143,0.0998443103618013,0.906602906343185,0.000108619892740611,0.216202612574372
104.17,0.1,421.228167851038,0.100919938288192,0.908313118082203,0.000142417767814357,0.214567764909423
104.18,0.1,421.122324665017,0.099966606277258,0.906253845567875,0.000618287974721642,0.217937767850099
104.19,0.1,421.013857152099,0.105375869158303,0.905295558291356,0,0.215201409461781
104.2,0.1,420.903504419601,0.101096410985405,0.902273612473603,0,0.215860960922115
104.21,0.1,420.798453184353,0.10085271854432,0.905695243862302,0.000357247581362616,0.214710866540407
104.22,0.1,420.692547728838,0.104966643909133,0.906448252423373,0.00142468462571948,0.218644134682745
104.23,0.1,420.583699289851,0.103500697819549,0.902774628263003,0,0.214961092229079
104.24,0.1,420.47628519721,0.100746369228632,0.903678722007325,0,0.216395321948234
104.25,0.1,420.370928840441,0.102075520949629,0.902467207134287,0,0.215394256851243
104.26,0.1,420.263082148034,0.103689384640509,0.900853312510795,0,0.214917113083157
104.27,0.1,420.153283769576,0.102510955935627,0.903828469392709,0.00207734334580321,0.215482613144951
104.28,0.1,420.046939749869,0.100284853301716,0.901399232876206,0,0.211317199267518
104.29,0.1,419.939443799948,0.102030581249826,0.900414433782961,0,0.214216535265701
104.3,0.1,419.829232215565,0.101866209803392,0.898637695813104,0,0.217873361571351
104.31,0.1,419.719833838875,0.101430779824024,0.901716186305256,0.00198797053798841,0.216904403633601
104.32,0.1,419.611762277101,0.1006109037971,0.899909035815534,0,0.214886977310657
104.33,0.1,419.50136227148,0.102671664672051,0.897274777271462,0,0.215281430848916
104.34,0.1,419.389205305827,0.100780599707978,0.899415451017485,0.000191713193867984,0.214177577104332
104.35,0.1,419.280454010788,0.103623177311449,0.899610277448809,0.00156789088894993,0.212876584352248
104.36,0.1,419.170714737935,0.102837389339273,0.898760241903305,0,0.217689586511777
104.37,0.1,419.058491370339,0.101051323174708,0.898311679723142,0,0.213800363755354
104.38,0.1,418.948380413596,0.100593142727452,0.898168720401522,0.000446716777424576,0.215516851141627
104.39,0.1,418.841045085351,0.103030579789402,0.897679818398006,0.00229209007002291,0.218031404404929
104.4,0.1,418.731704003016,0.103749082962867,0.900090625844716,0.00210422516662669,0.215225515034943
104.41,0.1,418.621019424724,0.10001105743291,0.89727309158441,0,0.218296309394402
104.42,0.1,418.515305822211,0.10155188669007,0.895346793983511,0.00012941312001642,0.214573449249849
104.43,0.1,418.409186061321,0.101851014294731,0.894648954394671,0.00133254030706287,0.217663374335718
104.44,0.1,418.300816422094,0.100674245937625,0.896288175983818,0,0.215139955973694
104.45,0.1,418.194310937454,0.101604675358382,0.894115226314096,0,0.214555462998081
104.46,0.1,418.090279605198,0.105166539389594,0.896061622688244,0.00115284479736056,0.215977747757363
104.47,0.1,417.984442329171,0.100311367728155,0.898255340717442,0,0.21534635420228
104.48,0.1,417.877248749452,0.103344894340262,0.897411884094085,0.0034679549327012,0.2151866707483
104.49,0.1,417.773500987258,0.0999514343354946,0.893553974446663,0,0.214915688551844
104.5,0.1,417.669136564793,0.0999189376423363,0.896999719019963,0,0.21587711597059
104.51,0.1,417.562761931072,0.100776237821188,0.894739659188615,0.00295889788317772,0.21362816440365
104.52,0.1,417.45721315247,0.102447536410325,0.894037058727782,0,0.215819665279062
104.53,0.1,417.352927165497,0.101826543499593,0.895597000498457,0,0.215575462748382
104.54,0.1,417.246971816274,0.104179306713123,0.88841745633155,0,0.215079696782686
104.55,0.1,417.139798195902,0.100250739708631,0.89209511551034,0,0.214089579889076
104.56,0.1,417.035521298545,0.102057492803095,0.891294916838936,0,0.213926301295012
104.57,0.1,416.930670320365,0.102935138710049,0.891581209531,0.00226394238941939,0.214420314802625
104.58,0.1,416.824053213288,0.103465111095735,0.892708461192104,0.00253850375443407,0.216528309952398
104.59,0.1,416.718852265723,0.102290673004244,0.890295628627616,0.00114364844830588,0.216175394084125
104.6,0.1,416.615556477103,0.100661660381438,0.891231756613085,0,0.215014239282569
104.61,0.1,416.510867994802,0.103604998775852,0.887257335724074,0,0.216250818752259
104.62,0.1,416.405225904223,0.102081165162996,0.890117007382617,0,0.212982193172655
104.63,0.1,416.30288707279,0.0998901966207131,0.889291181571195,0,0.21436622917662
104.64,0.1,416.200266795035,0.102721341370427,0.887371724748266,0.000848527887476766,0.21687258761867
104.65,0.1,416.096127618531,0.105633578359205,0.888494119646327,0.00221156162030204,0.213260002189127
104.66,0.1,415.993454215233,0.0995524868657328,0.88975772951132,0,0.213900713084359
104.67,0.1,415.892714528459,0.105313146304937,0.88662830064608,0.0022587138717339,0.214287858938013
104.68,0.1,415.790815913149,0.101759013157328,0.888291548479129,0.000226417051322975,0.217147940674123
104.69,0.1,415.68803896351,0.101378838724151,0.887516296958664,0.000866668584634487,0.213672180368494
104.7,0.1,415.58759529626,0.100625345687858,0.886783617988456,0,0.216341377808295
104.71,0.1,415.486805745541,0.103257168305332,0.887034559634489,0,0.214100210900283
104.72,0.1,415.384746974409,0.0987703002718862,0.886514899475789,0.000286294976458081,0.213824534898834
104.73,0.1,415.282090803056,0.103007712072386,0.885566449527155,0.00356125337030107,0.216344313067915
104.74,0.1,415.178975442843,0.0999593790610814,0.885044519560612,0.000364627670771766,0.215424570622089
104.75,0.1,415.074753409343,0.10105156162442,0.88415129524419,0.00228148644772884,0.21359452582255
104.76,0.1,414.969399274117,0.102114029188065,0.881200799866491,0.00136758381318527,0.213013198599041
104.77,0.1,414.862953940104,0.101790292014807,0.884859403110449,0.000628416060578698,0.215437823596893
104.78,0.1,414.755454742997,0.0994867682648416,0.8825327768201,0.00188602563349398,0.214548337889589
104.79,0.1,414.646938305236,0.103563168804649,0.882856097977898,0.000217493879900195,0.215886857937391
104.8,0.1,414.537441303334,0.102995165937236,0.882498545772912,0.000681447185508483,0.213461309594574
104.81,0.1,414.427000465497,0.101761932321371,0.879551328476358,0.00202237078093936,0.214602397863955
104.82,0.1,414.31565256206,0.100385688989261,0.882709710414452,0.00252231506238716,0.216050178841421
104.83,0.1,414.203434403046,0.103110588048922,0.881268238881026,0.000418790963107341,0.215985437863231
104.84,0.1,414.090382836087,0.101426285318552,0.879601371076113,0,0.21360971916633
104.85,0.1,413.976534744307,0.100318624013559,0.880175170420389,0.000204892904743435,0.214845365298497
104.86,0.1,413.861927044221,0.102620804334282,0.880816935526836,0,0.214798995279069
104.87,0.1,413.746596683668,0.100549060297163,0.881143604513899,0,0.213002809116009
104.88,0.1,413.630580639768,0.101663946784858,0.879757384859768,0,0.215081024188412
104.89,0.1,413.5139159169,0.100235080194925,0.878978211223377,0.000395708987126783,0.21589007096177
104.9,0.1,413.396639544713,0.101018277527848,0.878681221861069,0,0.215596109273055
104.91,0.1,413.278788576161,0.0997610493680447,0.877972185199377,0.00116966353886371,0.213806050064765
104.92,0.1,413.160400085563,0.102372254776079,0.876807046519433,6.95144027203523e-05,0.215015088110641
104.93,0.1,413.041511166693,0.101162887064332,0.877221460200879,0,0.217964531761034
104.94,0.1,412.922158930898,0.103644382562965,0.876970510732343,0,0.214228344332386
104.95,0.1,412.80238050524,0.104150135389569,0.876613590906149,0.000879135546984558,0.214508574514438
104.96,0.1,412.682213030666,0.10180295347648,0.877389180208575,0.00156658548191959,0.213151371528907
104.97,0.1,412.561693660209,0.103816170836181,0.878272406215799,0,0.21270937675237
104.98,0.1,412.440859557217,0.101310477904913,0.875978545482486,0,0.213225593928718
104.99,0.1,412.319747893605,0.104543632282832,0.876799483440338,0,0.213907939274906
105,0,412.198395848141,0.104893041804625,0.873213369647268,0.000645623663201057,0.21513215143295
105.01,0,412.076840604761,0.102465386200124,0.873923720725838,0,0.218844011934448
105.02,0,411.955119350903,0.102180307046062,0.872608711774028,0,0.214831819236149
105.03,0,411.833269275883,0.103653534649501,0.874997127275414,0,0.216558274423956
105.04,0,411.711327569293,0.103556830725211,0.873086933838072,0.00156156992554048,0.213064314580425
105.05,0,411.589331419427,0.101886019685446,0.874345247413829,0,0.21393729802456
105.06,0,411.467318011739,0.102477282946316,0.87205726239489,0.00164411786380802,0.214452640583856
105.07,0,411.345324527332,0.100829252162935,0.872919199049584,0.000363214222459574,0.214149338136084
105.08,0,411.22338814147,0.100525364962071,0.871609460808855,0,0.214123188507667
105.09,0,411.101546022125,0.101992608697591,0.869244374720153,0,0.217318872895283
105.1,0,410.979835328555,0.100834579428434,0.870864764567755,0,0.212909044071128
105.11,0,410.858293209903,0.101301355261245,0.871164780409158,0,0.214055115678897
105.12,0,410.736956803838,0.100167224366481,0.871281763780327,0.000648943525421647,0.216622173387388
105.13,0,410.615863235215,0.101098965255652,0.868532444738276,0,0.211922472774176
105.14,0,410.495049614772,0.100153410208469,0.869070480389547,0,0.214798467004072
105.15,0,410.374553037853,0.101327956973709,0.866678789709954,0,0.214356480887561
105.16,0,410.254410583164,0.103244927701164,0.868642934226257,0,0.215706351928432
105.17,0,410.134659311557,0.101292374788771,0.869237813798197,0.0011817410588192,0.217011679671175
105.18,0,410.015336264845,0.102651803568879,0.867242791584315,0,0.214659087860515
105.19,0,409.896478464646,0.103703923255526,0.867928900916355,0,0.212506844389607
105.2,0,409.778122911263,0.103259305796761,0.865386072115753,0,0.215902706334004
105.21,0,409.660306582582,0.101385112196359,0.866690605582115,0,0.213782034888991
105.22,0,409.543066433017,0.102934020989866,0.867430119071766,0.00118137257086606,0.216107548029387
105.23,0,409.426439392469,0.103572334714525,0.866468426428136,0.00221564732463181,0.215019282376723
105.24,0,409.310462365327,0.10113222872551,0.865843821300627,0.00132432906661705,0.213779156681636
105.25,0,409.195172229491,0.104563991198199,0.865412724123915,0.00211478391172678,0.217765703704846
105.26,0,409.080605835435,0.102846008181357,0.866050087523496,0.000840495741942733,0.216682836887889
105.27,0,408.96680000529,0.102823874809886,0.864332302569936,0.000969968157481299,0.215659683536388
105.28,0,408.853791531964,0.103576680764384,0.862940862105281,0,0.214915408135646
105.29,0,408.741617178293,0.102230082987276,0.864174680716286,0.000619633276547735,0.214729129627001
105.3,0,408.630313676212,0.103043556528792,0.863935309119701,0,0.21322195607929
105.31,0,408.519917725971,0.102369114041384,0.86331428953202,0,0.215306968498566
105.32,0,408.410465995374,0.102965331272303,0.862645756577835,0,0.216177342049135
105.33,0,408.301995119043,0.106352684480231,0.862907268627889,0,0.213639318752788
105.34,0,408.194540896613,0.102779519772968,0.859259816265121,0,0.214962640800168
105.35,0,408.088139171824,0.104409832990998,0.860653390640128,0.00182735311657364,0.214832920668521
105.36,0,407.982828001634,0.102894240010721,0.861077791263029,0,0.213603948535382
105.37,0,407.878643881324,0.101406863561607,0.858495365150568,0,0.215486218272664
105.38,0,407.775623269796,0.104677640294479,0.86098776631161,0,0.216124152155301
105.39,0,407.673802589019,0.103342027249965,0.858522542351564,0,0.214070761185778
105.4,0,407.573218223509,0.10416327343685,0.859378688427755,0.000630824766651038,0.213920475131607
105.41,0,407.473906519837,0.103272000075795,0.859874435027055,0,0.214532324630039
105.42,0,407.375903786173,0.101066631659613,0.858546653926894,0.00244724385848461,0.21500768394384
105.43,0,407.279246291845,0.104693813509297,0.8588258609489,0.00047502372683875,0.21624322567793
105.44,0,407.183970266946,0.103385786220935,0.855321247630456,0.000759331460714216,0.212898383241791
105.45,0,407.090111901953,0.105826945008364,0.858451590531729,0,0.215828745716106
105.46,0,406.997707347392,0.103156295780761,0.855964495729395,0.00186972442438136,0.214918050404215
105.47,0,406.906792713511,0.104262166822145,0.858839821186699,0,0.216673383044892
105.48,0,406.817181401484,0.103755180797606,0.853968134954469,0,0.214783995964891
105.49,0,406.727850304047,0.104143328631954,0.857721120074815,0.00180943345295254,0.21836707150364
105.5,0,406.63867807065,0.101938661539334,0.859137676253985,0.00051970799774567,0.215580090508618
105.51,0,406.549668326588,0.103221513270375,0.852507678188724,0,0.215494655562226
105.52,0,406.460824692938,0.101136455112365,0.855108249665273,0,0.214873488276769
105.53,0,406.3721507864,0.102391076843723,0.852834851905376,0,0.216300014323125
105.54,0,406.28365021914,0.102411567362981,0.855558325175861,0.00073754196188812,0.217118083049821
105.55,0,406.195326598633,0.102405850199862,0.853121928611568,0.0018900690456952,0.216930472984052
105.56,0,406.1071835275,0.103438102800205,0.856058727876014,0,0.214324072243876
105.57,0,406.019224603355,0.10100879323283,0.853992129962773,0,0.215428226755487
105.58,0,405.93145341864,0.103008676355656,0.85110316906541,1.19431126056325e-06,0.215543865641251
105.59,0,405.843873560473,0.102921276174237,0.853897933245382,0.000382459453699196,0.217499518061423
105.6,0,405.756488610482,0.104624075569375,0.851699265959572,0,0.215851406726403
105.61,0,405.669302144651,0.10503505955774,0.853521832871565,0,0.214297216789093
105.62,0,405.582317733155,0.102907417641632,0.852934015460986,0,0.214037227115766
105.63,0,405.495538940207,0.103451206524546,0.851768187093065,0.00247354574181185,0.214931886255796
105.64,0,405.408969323892,0.102925873858808,0.850234212530165,0.00116971408238201,0.21405201693347
105.65,0,405.322612436012,0.100931295946853,0.851175769872904,0,0.212767637537612
105.66,0,405.236471821921,0.104623691903636,0.852075659696083,0,0.2146124072259
105.67,0,405.15055102037,0.103652160799132,0.849531439082435,0,0.215007272620096
105.68,0,405.064853563344,0.103981820471489,0.848320222503464,0.000505498645173176,0.215362420359407
105.69,0,404.979382975902,0.101097112654907,0.850590798849635,0.000265722440234148,0.215365112198078
105.7,0,404.894142776015,0.102403938287424,0.849048808286018,0,0.217072717419652
105.71,0,404.809136474412,0.104783673124233,0.847532821052167,0,0.214689225931818
105.72,0,404.724367574409,0.103111531751127,0.845725699311488,0.00271768815655325,0.214006703390211
105.73,0,404.63983957176,0.101332995612846,0.849377863362002,0,0.214103853710945
105.74,0,404.555555954486,0.104213646023712,0.844639414147794,0,0.215761975539325
105.75,0,404.471520202722,0.103832955393271,0.848289010872977,0.00278137956479812,0.215466166557617
105.76,0,404.387735788553,0.103784051164927,0.844835882241409,0.000653894970858387,0.214988475452459
105.77,0,404.304206175853,0.102505640522637,0.843519066703283,0.0010034371004067,0.215509577467008
105.78,0,404.220934820127,0.101517447703123,0.846188946890065,0.00123538893782154,0.216035727840762
105.79,0,404.137925168347,0.104731361861149,0.845685540790045,0,0.212518835968858
105.8,0,404.055180658794,0.103985083923583,0.84515407404704,0,0.213155225509151
105.81,0,403.972704720896,0.104430251691227,0.844754095360725,0.00220145386667085,0.214939814113273
105.82,0,403.890500775069,0.103415768340239,0.845097747580065,0,0.215077204885582
105.83,0,403.808572232554,0.103710047172361,0.843871106477554,0,0.217579203291279
105.84,0,403.726922495258,0.102050016978992,0.843871693684514,0,0.213437017683808
105.85,0,403.645554955596,0.104722802955974,0.842772208486738,0,0.214704390413201
105.86,0,403.564472996326,0.101130347182526,0.842235337615185,0.0016303280438181,0.213451866944237
105.87,0,403.483679990392,0.103958228448505,0.84154829618817,0.00177801535543318,0.216615105761211
105.88,0,403.403179300763,0.105234182122856,0.841255363796791,0.00113565666559455,0.214167913744736
105.89,0,403.322974280274,0.101749262957593,0.841832079681789,0,0.216546784082444
105.9,0,403.243068271465,0.103672600896412,0.841939589954364,0,0.214915543894529
105.91,0,403.16346460642,0.10555193308464,0.840481518992962,0,0.21301747384754
105.92,0,403.084166606612,0.103721172176822,0.840912339800496,0.000336508658892054,0.213352010920962
105.93,0,403.005177582738,0.103701764411567,0.838895826293621,0.00191655934076732,0.214150405243137
105.94,0,402.926500834563,0.101645739077639,0.839297538261798,0,0.214824748461777
105.95,0,402.848139650761,0.10228590429068,0.838692294647725,0.000589948663216638,0.212933866463088
105.96,0,402.770097308755,0.103469658918803,0.837901942835902,0.00177173610407437,0.215260758012403
105.97,0,402.692377074558,0.104327792211657,0.840817544996405,0,0.216598426413551
105.98,0,402.614982202616,0.0999980280447759,0.83876245726862,0.000255073053622578,0.215231658801674
105.99,0,402.537915935648,0.103052572851254,0.838438500011703,0.000537210608779091,0.217549446089185
106,0,402.461181504489,0.102811669600719,0.837251545469101,0.00138957260986754,0.215955252830169
106.01,0,402.384782127934,0.104259707458244,0.839247387442358,0,0.215153927636258
106.02,0,402.308721012575,0.105546642638164,0.838651803456538,0.00120099992705378,0.215504068697499
106.03,0,402.233001352649,0.104228982094117,0.838635471227791,0,0.215363631165193
106.04,0,402.157626329879,0.104131047304936,0.836333662874369,0,0.215406168695372
106.05,0,402.082599113317,0.10111557585186,0.836675496881185,0.000638561654645846,0.216747741026451
106.06,0,402.007922859189,0.103795688703929,0.833978407549301,0.00175809355932793,0.214156694442217
106.07,0,401.933600710735,0.100624937836084,0.838926029812202,0.000997791036496193,0.214622882840335
106.08,0,401.859635798059,0.102970443000989,0.836044888402763,0.000188247318836938,0.213990962008555
106.09,0,401.786031237969,0.102440391189623,0.837564846628633,0,0.213876510711312
106.1,0,401.712790133823,0.102284638292251,0.834392958847801,0.0012807498505511,0.213281179815378
106.11,0,401.639915575376,0.103683709128253,0.832316884185504,0.000300474998408973,0.214157070115771
106.12,0,401.567410638622,0.103145433081662,0.835592293344009,0.000995956422769381,0.215498870345601
106.13,0,401.495278385643,0.103712300826879,0.83446157725735,0.000521453420182305,0.215906738708771
106.14,0,401.423521864454,0.103381041906546,0.833509912257868,0,0.213522811728734
106.15,0,401.352144108852,0.105402679139819,0.832035147618069,0,0.216216889859112
106.16,0,401.281148138257,0.102184565346107,0.833558189550192,0,0.214726864504515
106.17,0,401.210536957569,0.102712971473627,0.832013403288649,9.77077718938616e-05,0.216179755530311
106.18,0,401.140313557006,0.102975937439913,0.830939973594477,0,0.21334219826522
106.19,0,401.070480911961,0.102936884178647,0.831486747119196,0.00153925141050265,0.214156039812815
106.2,0,401.001041982844,0.101159337742595,0.833125300314615,0,0.214212453022872
106.21,0,400.931999714936,0.103223234840477,0.831896550070249,1.68386283301142e-05,0.217120150137758
106.22,0,401.341294866836,0.10458160740181,0.831385732028891,0.000938732194791415,0.214501950069163
106.23,0,401.530198089067,0.100373793560179,0.832505272960616,0,0.212574241266391
106.24,0,401.658556018428,0.103343002675813,0.831069590234961,0.000250849926477368,0.21284718827248
106.25,0,401.790448807114,0.102511719779679,0.831195182127741,0.00312057763737012,0.21427080980477
106.26,0,401.927130082141,0.103352620555491,0.830791262210792,0.000455081345250602,0.212909449344544
106.27,0,402.068062379305,0.103103897358339,0.830368427021269,0.00083511892692922,0.21336577258448
106.28,0,402.213236725706,0.100692039391709,0.832275420066493,4.70919688549399e-05,0.216054276506
106.29,0,402.362690263207,0.10127231878232,0.828375202403774,0.00189916657460864,0.216940485554515
106.3,0,402.516457373844,0.101929015251396,0.829708523893448,0.000894961016567953,0.216110025159829
106.31,0,402.674571851784,0.0993123588880137,0.828879939569034,0.00261806951681276,0.217261275229683
106.32,0,402.837067507393,0.10545927865796,0.829677185353799,0,0.216915753095927
106.33,0,403.003978179622,0.0999138354299542,0.829506289925701,0,0.217682732818628
106.34,0,403.175337732089,0.100303953502218,0.831204893912124,0,0.216646122920189
106.35,0,403.351180054162,0.102396544001272,0.827375882781597,0,0.213961334278477
106.36,0,403.531539062498,0.102129868488814,0.830082845254075,0.000488558419521891,0.214073127889972
106.37,0,403.716448702562,0.102836983191224,0.826629331659728,0,0.215173217516495
106.38,0,403.905942950147,0.10091473564794,0.828677757827019,0,0.211899913309093
106.39,0,404.100055812903,0.10136204974267,0.827432939937949,0,0.214100534886244
106.4,0,404.298821331883,0.100737266334157,0.826864218316553,2.65108678557507e-05,0.215903867649526
106.41,0,404.502273583085,0.101198527642333,0.826763436517629,0,0.216345113813934
106.42,0,404.710446679016,0.0984727827788721,0.827066210889363,0.000617661589485991,0.215093896890823
106.43,0,404.923374770253,0.100555287796997,0.823871724455336,0,0.215173186610858
106.44,0,405.14109204702,0.103458931103872,0.827043161422847,0.001942966499217,0.216461332554662
106.45,0,405.363632740767,0.100579750651742,0.8264114826244,0.000277310558864271,0.212269080660125
106.46,0,405.591031125761,0.100130766804189,0.824957656399177,0,0.215121110926984
106.47,0,405.823321520682,0.101840379434245,0.82499183115685,0,0.215150957770236
106.48,0,406.060538290227,0.0960483950371772,0.825521261666646,0,0.214949912737314
106.49,0,406.30271584672,0.102067593706424,0.823570778536623,0.00068441938726763,0.214531179361264
106.5,0,406.549888651726,0.0990684395829441,0.823700675557275,0.000771966671757693,0.21593818965902
106.51,0,406.802091217679,0.0973245309356999,0.823337291630863,9.19263026939675e-05,0.215789053300598
106.52,0,407.059358109506,0.101550293588363,0.823641680882063,0.00167694772873165,0.215168243007165
106.53,0,407.321723946266,0.0989009819694447,0.821538321589683,0,0.215896984751155
106.54,0,407.589223402786,0.0993391985406681,0.825469831153941,0,0.213036005765026
106.55,0,407.861891211309,0.0979946466601947,0.825948788246455,0,0.214056326338067
106.56,0,408.139762163141,0.0967414569003602,0.822786117611605,0,0.215172631550782
106.57,0,408.422871110312,0.0968722043616374,0.821507183411457,0.000179049065940219,0.216084467238524
106.58,0,408.71125296723,0.0973559665612744,0.820119967537135,0.000679674557883282,0.213583403988923
106.59,0,409.004942712346,0.0985702554759827,0.820432816010776,0.00183736375426432,0.213811232375042
106.6,0,409.30397538982,0.0959850858631199,0.82267219808986,0,0.21068104680447
106.61,0,409.608386111195,0.0959740553406298,0.822777505872259,0,0.215627870735977
106.62,0,409.91821005707,0.0976184855509936,0.82282214553528,0,0.215777723969752
106.63,0,410.233482478777,0.0978772705662481,0.82085069584465,0,0.216632575824158
106.64,0,410.554238700062,0.0963035968407187,0.824453872870934,0,0.215533681876137
106.65,0,410.880514118767,0.09630776548333,0.824283120715968,0,0.215537824686688
106.66,0,411.212344208517,0.0957126873596836,0.821993861346298,0.00100954547122644,0.218701160936019
106.67,0,411.549764520407,0.0978895074168744,0.823789431540858,0.000771281414006184,0.214335115895632
106.68,0,411.89281068469,0.0965095121530289,0.821463057296726,0,0.214041819310182
106.69,0,412.241518412469,0.0974730596084253,0.819957891357493,0.00242001250547682,0.21486459816118
106.7,0,412.595923497386,0.0948725734170821,0.819155773794328,0.000180863830888259,0.214002310925269
106.71,0,412.956061817323,0.0965814998659699,0.818654760510337,0.00060077319094582,0.215903415015136
106.72,0,413.321969336085,0.0966846011375957,0.821388215524561,0,0.215038958131247
106.73,0,413.693682105102,0.0950585491977511,0.817621108415647,0.000333966149969987,0.211832556005798
106.74,0,414.071236265124,0.0937725458990168,0.820246698026603,0,0.213571035251678
106.75,0,414.454668047906,0.0966344696077374,0.817263812299065,0,0.215470791539916
106.76,0,414.844013777916,0.0978866203020446,0.819245096700523,0,0.216202336473585
106.77,0,415.239309874019,0.0929076618548477,0.817379466909076,0.00200615630311614,0.214043358612161
106.78,0,415.64059285117,0.0922654386496216,0.818217559613597,0.000157949537922889,0.216119182547546
106.79,0,416.047899322113,0.0926819501348519,0.818119664216594,0,0.214946393234375
106.8,0,416.461265999061,0.0939425883375766,0.821525585252557,0,0.213754766325399
106.81,0,416.880729695393,0.0903200265586343,0.819404145231136,0.000549324221607464,0.214383764513641
106.82,0,417.306327327337,0.0960473106130471,0.820691762014851,0,0.217997117138302
106.83,0,417.738095915655,0.0943627798366114,0.816095217235539,0,0.21176754755321
106.84,0,418.176072587326,0.0943294311806536,0.818011275140851,0,0.215301194894438
106.85,0,418.620294577224,0.090595286032067,0.820898633864151,0,0.214752732762051
106.86,0,419.070799229794,0.093323338849792,0.817710591717416,0,0.216680674909448
106.87,0,419.527624000728,0.0925875057224525,0.820020653884526,0,0.214465313431085
106.88,0,419.990806458629,0.0933673453826915,0.817167968009601,0,0.215718908176497
106.89,0,420.460384286684,0.0920760093011351,0.817118255142045,0.000215006260987233,0.215992854130984
106.9,0,420.936395284319,0.0908894640442925,0.816621038336856,0.00119158967316176,0.213617362034458
106.91,0,421.418877368859,0.0923848048519862,0.817772280283929,0.00129736711229555,0.212982735211604
106.92,0,421.90786857718,0.0904246108095058,0.816953453258817,0,0.2163178954032
106.93,0,422.403407067359,0.0931702980244885,0.816948431433218,9.7170119163355e-05,0.214664616995791
106.94,0,422.905531120309,0.0918829468912937,0.817013145604151,0,0.217254138151623
106.95,0,423.414279141426,0.0919605150425429,0.815646622685952,0,0.213437521706377
106.96,0,423.92968966221,0.0888930736819116,0.816463650494767,0.000374049111314107,0.215208228519038
106.97,0,424.4518013419,0.0918526640375305,0.81676494487544,0,0.215847037226083
106.98,0,424.980652969082,0.0914905059259421,0.816070324872435,0,0.216508440091299
106.99,0,425.516283463309,0.0891045239918382,0.814721750096111,0.00125796779582902,0.216610126652975
107,0,426.058731876703,0.089348975954544,0.817835307728434,0,0.215774570132316
107.01,0,426.608037395553,0.0881453054895151,0.814666473031023,0,0.219179093742319
107.02,0,427.164239341902,0.0888677133476715,0.816993837397575,0.000467279437654895,0.215104794063321
107.03,0,427.727377175138,0.0872552313289085,0.815528726982883,0,0.216584283009506
107.04,0,428.297490493559,0.0881076508363382,0.8160935469169,0,0.215757591643038
107.05,0,428.874619035943,0.0876217255878433,0.814704443314465,0.00238125363107701,0.214337789170297
107.06,0,429.458802683106,0.089546114699813,0.816334254072571,0,0.215350053911523
107.07,0,430.05008145945,0.0876210824576637,0.814080577746066,0.000760866150748035,0.215405151192318
107.08,0,430.6484955345,0.0877954897500707,0.814546178700398,0.000268717544896101,0.215517018818937
107.09,0,431.254085224436,0.0857879414832644,0.81618047312004,0.000590813699863003,0.215953052167787
107.1,0,431.866890993611,0.0878113045659109,0.816539082680467,3.81241612947063e-05,0.213777418364632
107.11,0,432.486953456061,0.0879828297205982,0.813816790860186,0,0.214883827860583
107.12,0,433.114313377004,0.0865513671256172,0.814028718865294,0.000900664083918919,0.215503387231888
107.13,0,433.749011674325,0.0872127737967365,0.810400473919845,0.00138689309986149,0.212981641987868
107.14,0,434.391089420061,0.0862207410570722,0.814883445010275,0.000123313856534635,0.21305398383517
107.15,0,435.040587841857,0.0848821317955697,0.812937712156944,0,0.215127027599196
107.16,0,435.697548324425,0.0860642778905742,0.81499953121509,0.0015951348167908,0.216836247692147
107.17,0,436.362012410988,0.0860089635891037,0.815131088326694,5.98371207610079e-05,0.214839157486268
107.18,0,437.034021804704,0.0851891971438334,0.811708820372908,0,0.213222098511344
107.19,0,437.713618370085,0.0840017437797867,0.813280599930326,0.000851451912709457,0.21402491363216
107.2,0,438.400844134402,0.0841962228661291,0.815838831551935,0.000949122662753765,0.214192722350072
107.21,0,439.095741289076,0.0831322686731769,0.81330581068013,0.00201929018626395,0.214523933921031
107.22,0,439.798352191054,0.0823575503557909,0.815109618719859,0.000188034161829458,0.214398350056872
107.23,0,440.508719364171,0.0834332679440502,0.814251059779033,0.0020097319340371,0.214589378734481
107.24,0,441.226885500499,0.0832611777424494,0.813435540144441,0,0.212484837638554
107.25,0,441.952893461684,0.0816493965630015,0.813500812929421,0.000215107169461446,0.215754662559901
107.26,0,442.686786280261,0.082075713810135,0.812880248221979,0,0.213581080069272
107.27,0,443.428607160964,0.0821232601954931,0.813434842683311,0.000140578072332593,0.21325869370315
107.28,0,444.178399482006,0.0811778805762412,0.812775011444743,0.000543485536407762,0.21728679058168
107.29,0,444.936206796359,0.0808151808607203,0.812237104496297,0,0.215788473141871
107.3,0,445.702072833008,0.0829655112580044,0.813832841793446,0.000954162042550035,0.213951162790395
107.31,0,446.476041498189,0.0808122695847111,0.810731864104129,0.000442132145568561,0.215187144006178
107.32,0,447.258156876611,0.0812118137479038,0.81163819802618,0,0.214609533143867
107.33,0,448.048463232669,0.0795925594224475,0.814134686320089,0,0.213718089498076
107.34,0,448.84700501162,0.0788115279138589,0.810029247972946,0.00129714995986878,0.217157952320371
107.35,0,449.653826840765,0.0769881671661545,0.812811907078489,0,0.215909172708911
107.36,0,450.468973530591,0.0786475448474847,0.810956501546636,0.000399889278466312,0.213883337604467
107.37,0,451.292490075909,0.0770015908970463,0.812837857961127,0,0.215416954457146
107.38,0,452.124421656968,0.0762870318952016,0.812503888832794,0.0014896394629474,0.215683687748505
107.39,0,452.964813640547,0.0766487447059535,0.812758309811504,0.000235035020960603,0.2147324434177
107.4,0,453.813711581032,0.078270162472225,0.813049653257245,0,0.214427913013498
107.41,0,454.671161221469,0.0768562501351072,0.813805674289326,0.000374972241832148,0.216672437970605
107.42,0,455.5372084946,0.0754889937173252,0.812853085161458,0,0.218774948247991
107.43,0,456.411899523875,0.0775594997643572,0.812852340289079,0.0017059484939664,0.216601257843139
107.44,0,457.295280624447,0.0767512112414267,0.815602880061553,0.00113384202473951,0.215176215367135
107.45,0,458.187398304137,0.078192262043786,0.811374005466049,0,0.216959520889655
107.46,0,459.088299264389,0.0742632925860885,0.81288278331847,0,0.213437357563478
107.47,0,459.998030401194,0.0733004491272519,0.810770709558361,0.00191076801142857,0.216467867280446
107.48,0,460.916638805994,0.0702450624171246,0.814429112576105,0,0.213172639725017
107.49,0,461.844171766561,0.0735403686330008,0.814462644978671,0.000771109975015311,0.215957200658992
107.5,0,462.780676767856,0.0738419118981442,0.813153316675763,0,0.216257129593447
107.51,0,463.726201492864,0.070045857185537,0.809357087675568,0.00169250361447477,0.215136863585103
107.52,0,464.6807938234,0.0710291935822475,0.812062938217401,0.000460984535292741,0.213037125033913
107.53,0,465.644501840897,0.0731374686844451,0.812438629602842,0,0.216143848697579
107.54,0,466.617373827163,0.0716085800388455,0.811855395176484,0,0.216421987067632
107.55,0,467.599458265117,0.0705435700839229,0.81373908608077,0.00188292117544584,0.217185669246456
107.56,0,468.590803839494,0.0697797108251207,0.812895676240311,0.000815310561033002,0.212718769596386
107.57,0,469.591459437534,0.0698683533659051,0.814005647391473,1.2394389166509e-05,0.215828662963906
107.58,0,470.601474149634,0.0703842262028054,0.811214853326471,0.000681691514210235,0.216943511386316
107.59,0,471.620897269974,0.068584622353875,0.813234201345579,0,0.215892700314956
107.6,0,472.649778297123,0.0696786473942563,0.813889156268203,0,0.21655385530275
107.61,0,473.688166934611,0.0689995381943232,0.814998512374922,0.00222294366091208,0.215899291393327
107.62,0,474.736113091473,0.0678093418472083,0.811986872126415,0,0.217186213789332
107.63,0,475.793666882768,0.0697128580205977,0.814758718955669,0.000817805940244287,0.215258109829877
107.64,0,476.860878630067,0.0703819910072065,0.812694280174527,0,0.218876186958106
107.65,0,477.937798861907,0.0668028475485351,0.811024349940808,0,0.213620732013513
107.66,0,479.024478314224,0.0658504032406989,0.813120523134698,0,0.216468498542272
107.67,0,480.120967930751,0.0654049726387584,0.810868709754133,0.000210256034817213,0.21365711530002
107.68,0,481.227318863382,0.0656393840419256,0.812614204359228,0.000139744245382653,0.214007940687336
107.69,0,482.34358247251,0.0643250567892506,0.813899713512359,0,0.214958686039411
107.7,0,483.469810327332,0.06606849957007,0.813109729778035,0.00161793966102824,0.213435852782706
107.71,0,484.606054206123,0.0634235097118873,0.813707965569293,0.00285199866383335,0.216028256718198
107.72,0,485.752366096473,0.0670666117058493,0.813878682029715,0.000671007701807308,0.214522193065042
107.73,0,486.908798195497,0.0615627686552182,0.813270340662343,0,0.212443514278887
107.74,0,488.075402910005,0.0601769834085239,0.812235356699072,0,0.215242635058526
107.75,0,489.252232856649,0.0608044663613307,0.812105130735886,0.000499100641444139,0.215457485719711
107.76,0,490.439340862022,0.0636369769933168,0.81395480312502,0.000758812145572199,0.213547125186433
107.77,0,491.636779962732,0.0621116572702926,0.813269014404641,0,0.212748015755373
107.78,0,492.844603405441,0.0630042094544791,0.81295198622045,0,0.213933383565817
107.79,0,494.062864646858,0.0586754643066527,0.814919988861082,0.00101332690543155,0.214762598576421
107.8,0,495.291617353715,0.0593659741594603,0.812624592320244,0,0.214821481849487
107.81,0,496.530915402683,0.0621533348080942,0.813871797334463,9.97229903994561e-05,0.214712564384755
107.82,0,497.780812880272,0.0631353617180804,0.815408529952701,0.00291050964070736,0.214594786178517
107.83,0,499.041364082678,0.0608611603150008,0.815851963831633,0.00172809536746632,0.213934911106604
107.84,0,500.312623515606,0.0607516945764664,0.813867494345121,0,0.214372583413721
107.85,0,501.594645894042,0.0578646109100664,0.813830055684023,0,0.215171422033131
107.86,0,502.887486141992,0.0597279702567191,0.814935258134769,0.00262080773523517,0.213790341823314
107.87,0,504.191199392188,0.05542385559663,0.814439230143841,0.00220974083506946,0.216010554202982
107.88,0,505.505840985737,0.0574777209108301,0.81412694197413,0,0.216994003954301
107.89,0,506.831466471751,0.0534399856384083,0.814663860671151,0,0.216888136025063
107.9,0,508.16813160692,0.0562703385321529,0.814709972896502,0.000599429132016191,0.212192495632715
107.91,0,509.515892355049,0.0530071782195678,0.813721376936082,0,0.215016604336805
107.92,0,510.874804886561,0.0536513311859435,0.816348991461365,0,0.214913170236926
107.93,0,512.24492557794,0.0528911286203075,0.814840496663806,0.00166047638653538,0.216029609236165
107.94,0,513.626311011153,0.0534819974177467,0.812857448310197,0.0011988052406328,0.2134013309141
107.95,0,515.019017973012,0.0535944178007804,0.816038578266709,0.0014404247884072,0.213187533943646
107.96,0,516.423103454502,0.055787346055786,0.815122697055777,0,0.214231208114473
107.97,0,517.83862465006,0.0532174073567687,0.815435951214869,0.00223671485048069,0.21365768440983
107.98,0,519.26563895681,0.0512195110293468,0.817031875053136,0,0.215316950458254
107.99,0,520.704203973757,0.047991575236438,0.813436834973819,0.000456490102833631,0.214814448436952
108,0,522.154377500931,0.0500753745883047,0.816908629887754,0.00271872271609283,0.214822868874093
108.01,0,523.616217538486,0.0481776494142994,0.813351383528154,0,0.214750944513136
108.02,0,525.089782285756,0.0474934331599325,0.817051940450714,0,0.215451632351193
108.03,0,526.575130140255,0.0502687076421467,0.814354539931434,0.000545896149272884,0.216590666508926
108.04,0,528.072319696645,0.0496028103508312,0.817959578476784,0.00119829649443918,0.215988952260822
108.05,0,529.581409745635,0.046172393451207,0.816016477531221,0.000759889551839403,0.213795036736258
108.06,0,531.102459272854,0.0475545155426787,0.814263008731359,0.000956428362649135,0.215868062891738
108.07,0,532.635527457658,0.0480314282594308,0.815056963683163,0,0.214464783389874
108.08,0,534.180673671895,0.0456504468613978,0.817937178017169,0,0.214933936391226
108.09,0,535.737957478617,0.0469834386943019,0.819553132439711,0.00109231280873213,0.216130780380728
108.1,0,537.307438630748,0.0453455406561614,0.816418433291785,0,0.213880690743066
108.11,0,538.889177069693,0.0461796112231209,0.816001365883415,0,0.216232249233134
108.12,0,540.483232923893,0.0436669775489474,0.815779596477261,0.000622608351136008,0.2156773716592
108.13,0,542.089666507347,0.0443946919498283,0.818332753604189,0.00129562764832493,0.21301697089106
108.14,0,543.708538318055,0.0436391182312007,0.818141931354752,0,0.216914147333817
108.15,0,545.339909036431,0.0455596115109798,0.819198710211638,0.00175345751725008,0.215154894741431
108.16,0,546.983839523644,0.0414222266982172,0.81719859281498,0.000287304343636721,0.214230361395731
108.17,0,548.640390819924,0.0423715971160431,0.81730482418582,0,0.215939238873763
108.18,0,550.309624142791,0.0381495121076282,0.818597212946,5.19576909875013e-05,0.215488770461017
108.19,0,551.991600885251,0.0394064969132864,0.818473696729545,0.0021415968694444,0.215925331079218
108.2,0,553.686382613925,0.0419100334564901,0.81908211178498,0.00173744375324454,0.213569419942289
108.21,0,555.394031067119,0.0402920405796658,0.81911563448656,0,0.218637453339102
108.22,0,557.114608152846,0.0411583944028138,0.81884179218193,0.00177058260828644,0.217007381100096
108.23,0,558.848175946786,0.039650408033323,0.821189565303239,0.00203041849426405,0.213883616243746
108.24,0,560.594796690192,0.0377948529307729,0.819130537198625,0,0.214254805952282
108.25,0,562.354532787729,0.035450003367708,0.816943831828826,0.00155038495516406,0.21700396922849
108.26,0,564.127446805272,0.0354384737078082,0.819484553013633,0.000599195951472753,0.215891939473427
108.27,0,565.913601467622,0.0385435252245549,0.819976916107584,0.000475134150503897,0.214489747473659
108.28,0,567.713059656183,0.0343530985239678,0.820373239331539,8.36849964511392e-05,0.214232070581462
108.29,0,569.525884406569,0.0342148267044492,0.820804661176423,0.000225939253323586,0.217663882826626
108.3,0,571.35213890615,0.0334771373288871,0.820729798030537,0.000254473952675631,0.21360029920244
108.31,0,573.191886491541,0.0312169223238989,0.820826058768959,0,0.213220115862741
108.32,0,575.045190646025,0.0337392019764225,0.821160479585164,0,0.214468237511405
108.33,0,576.912114996922,0.0334055975791023,0.820566452537581,0,0.21503863856411
108.34,0,578.792723312885,0.0296240920697867,0.819754547885813,0,0.215375092225659
108.35,0,580.687079501142,0.0332443608829334,0.820054658095293,0.000921800706153194,0.213162743797284
108.36,0,582.59524760467,0.0297034932158138,0.821811350487157,0.000790671040946401,0.217276418317723
108.37,0,584.517291799303,0.0308909836047637,0.821098425222675,0,0.213624505768079
108.38,0,586.453276390786,0.0291626109233152,0.820263070430902,5.21274619905668e-05,0.215459100431492
108.39,0,588.403265811749,0.0269730378025838,0.824659950346229,0.00134699481913185,0.216185236805788
108.4,0,590.367324618629,0.0289420699524712,0.824888882032512,0.000806218582607378,0.214511961976617
108.41,0,592.345517488518,0.0272343220774994,0.819144624952786,0,0.215125585647207
108.42,0,594.33790921595,0.0282718022659068,0.821568072578046,0.000762654687760414,0.216422990867934
108.43,0,596.344564709618,0.0263664038061027,0.82300715564375,0,0.215547631103583
108.44,0,598.36554898902,0.0275923473610238,0.822345391574401,0.00270755606449935,0.213244623967842
108.45,0,600.400927181056,0.0260653290593696,0.821990095954736,0,0.215376140913076
108.46,0,602.450764516527,0.0254219997456068,0.826779194542737,0.00150417502769436,0.213241893435377
108.47,0,604.515126326592,0.0236241274640461,0.822959124471514,0,0.215336804840784
108.48,0,606.59407803914,0.0254347100590657,0.826288551462423,0,0.213583598416094
108.49,0,608.687685175103,0.0234480961321391,0.821159175540439,0.000418362665808148,0.213585756149631
108.5,0,610.796013344694,0.0231911776301722,0.82429846032541,0.00072015970652646,0.21480992680326
108.51,0,612.919128243573,0.0218147487019758,0.824645780348592,0.00226577114798042,0.215349363845101
108.52,0,615.057095648946,0.0182294146101882,0.823856988024611,0.000921434107593524,0.214901983707207
108.53,0,617.209981415593,0.0171581222378778,0.823823591516401,0,0.214295146491514
108.54,0,619.377851471821,0.0187337424082312,0.82480214585877,0.000557158279527579,0.217554061129415
108.55,0,621.560771815349,0.0160450545212135,0.825993767468123,0,0.213852917951157
108.56,0,623.758808509117,0.016324338784286,0.824947009378565,0.00121832731059877,0.216341528447878
108.57,0,625.972027677028,0.0169314614199075,0.826545414007991,0,0.212864839358987
108.58,0,628.200495499612,0.015297779875303,0.826288998901286,0,0.215065040423793
108.59,0,630.444278209615,0.0148152475058271,0.827448889197707,0.00057245751218311,0.215116910182103
108.6,0,632.703442087522,0.0139001868768296,0.828021560720656,0,0.213015128018072
108.61,0,634.978053456998,0.0153392961694894,0.827137419569347,0.000367324264222268,0.214170337080882
108.62,0,637.268178680256,0.0149817887023648,0.82583296472533,0,0.215863509175875
108.63,0,639.573884153355,0.0156892921746573,0.826665799934582,0,0.21465133275471
108.64,0,641.895236301418,0.00973252788092418,0.82654163505176,0.000495900014676666,0.215721055996606
108.65,0,644.232301573775,0.0102487488216511,0.827906183988443,0.00110485760784896,0.214479510030059
108.66,0,646.585146439029,0.00974451106301294,0.82920970126662,0,0.217692322907321
108.67,0,648.953837380054,0.0115382874472415,0.827362731097624,0.00145753101619903,0.211559830228835
108.68,0,651.338440888903,0.0127073093174296,0.827642840874503,0.000135744410564968,0.214486131195216
108.69,0,653.739023461645,0.00710208169986189,0.827548300327145,0,0.217481467265026
108.7,0,656.155651593136,0.010140543209142,0.828304506884859,0.0015589432102272,0.217156652794154
108.71,0,658.588391771692,0.00802826607705357,0.830428272576092,0.00055073990922068,0.212753235442689
108.72,0,660.880512926274,0.00910830221698572,0.832508161628656,0.00131547099410087,0.217719136960826
108.73,0,662.993195657564,0.00657502220978704,0.83015195151944,0,0.211970270124356
108.74,0,665.096706882459,0.00713343753137083,0.832357721409944,0.00191388398720022,0.214972343239928
108.75,0,667.143508844432,0.00881735468945949,0.831022666366832,0.000703647846004342,0.213996746760887
108.76,0,668.685949339466,0.00584528813888088,0.83123512989164,0,0.214175070381213
108.77,0,670.075708212654,0.00477677572580985,0.832223035144458,0.000793714556736903,0.212674361477422
108.78,0,671.467013456583,0.00446317906272025,0.830466177506357,0,0.214670677495851
108.79,0,672.77856167134,0.00428838682630295,0.832490602678423,0.00101533635342084,0.217557192420515
108.8,0,673.987454465516,0.00477289061348452,0.834314590261322,7.11400682323897e-05,0.214256229798365
108.81,0,675.191945440748,0.00343023334109415,0.832654352948763,0.000212477098937111,0.212215757469379
108.82,0,676.404157391749,0.00346404834711408,0.833072831099843,0,0.214939834177211
108.83,0,677.616738730538,0.00425188859145258,0.832805860197778,0.000521836269418739,0.217951323104963
108.84,0,678.835349238508,0.000815097599613645,0.833625687379998,0.000462065168139391,0.215172137853178
108.85,0,680.062506011911,0.00367501572916127,0.834508726804344,0.000662809016429932,0.216391649289132
108.86,0,681.293204615222,0.00427569232761631,0.833528467807581,0,0.212881840063073
108.87,0,682.526170243426,0.00408307785042789,0.835388110632391,0.00097347265991136,0.215648002464054
108.88,0,683.766983242703,0.00251890380660668,0.834219812544685,0,0.214501195165379
108.89,0,685.015228770996,0.00283807011962074,0.83720055464054,0.000347296413086887,0.213207652455314
108.9,0,686.263573981495,0.00113949996076732,0.835230228812282,0,0.214382342434203
108.91,0,687.517770584321,0,0.837014351363795,0.00118551310290384,0.215190496281366
108.92,0,688.780326325914,0.000925236249720411,0.837849551728531,0.00103317055431761,0.213763778507155
108.93,0,690.045440249243,0,0.838156827955173,0,0.21392164822437
108.94,0,690.762237705374,0.000986351928964364,0.836198240088492,0.00144872980953817,0.215422876271334
108.95,0,690.890552431209,0.00122553268192068,0.837061856864014,0,0.215512337222746
108.96,0,691.01947020883,0,0.836644733753147,0.00103161678340246,0.214550588249058
108.97,0,691.148985614958,0,0.840708022897564,0,0.213726205552039
108.98,0,691.279093204273,0.000931425408720798,0.832732676639617,0,0.214813547816409
108.99,0,691.409787509684,0.000108709262479148,0.838005381878732,0,0.215729064615183
109,0,691.541063042597,0.00103805817231544,0.839049026012229,0,0.215632556186988
109.01,0,691.672914293187,0.000391678917192167,0.839224252022793,0,0.213985906939389
109.02,0,691.805335730664,0,0.836814479543869,0.0013698776645936,0.215907877842206
109.03,0,691.938321803549,0,0.838281297128517,0.000850870558243732,0.212309689887433
109.04,0,692.071866939941,0,0.841687998227652,0,0.214852846528857
109.05,0,692.205965547791,0,0.837985326147241,0.000313522141206913,0.215597718385575
109.06,0,692.340612015172,0.00236118381651571,0.839731083981035,0.00109524268822659,0.213721272856834
109.07,0,692.475800710554,0.00137154435781666,0.840606329399745,0.000315567946702959,0.212818258662075
109.08,0,692.611525983075,0.0022877473574485,0.843240347394383,0,0.213428276253671
109.09,0,692.747782162813,0,0.841192096874214,0,0.214289222781714
109.1,0,692.884563561062,0,0.841354982281596,0.000688450500229523,0.214582473264425
109.11,0,693.021864470602,0.0012970713917172,0.840943288406917,0,0.214026287431211
109.12,0,693.15967916598,0.00131710943039529,0.846021608375545,0.00242934951676386,0.215992481938313
109.13,0,693.298001903774,0,0.842971052514171,0,0.215138725411186
109.14,0,693.436826922875,0.00170119724524605,0.844450333717678,7.23112741372181e-05,0.215680984645191
109.15,0,693.576148444762,0.00085629393302395,0.840864527142945,0.0005431322446559,0.217734770917954
109.16,0,693.715960673769,0.002486888190159,0.842730344371794,0.00230730281228483,0.214262492517018
109.17,0,693.856257797371,0,0.8426909542257,0,0.215002643371772
109.18,0,693.99703398645,0,0.846339233332587,0.0010381989272568,0.215102120023545
109.19,0,694.138283395576,0.00139213927838766,0.843543951784844,0,0.215806243221202
109.2,0,694.280000163281,0.000853140148512727,0.846397387992914,0,0.216106860429654
109.21,0,694.422178412331,0,0.846206062078981,0,0.213089057879637
109.22,0,694.56481225001,0.000577576320893277,0.84421230293183,1.33953445809121e-06,0.215459099613379
109.23,0,694.707895768387,0.00263171125988559,0.846437447276507,0.000383256722553468,0.213875922846052
109.24,0,694.851423044598,0.000383955821875286,0.848779748329422,0,0.216863401063643
109.25,0,694.995388141118,0.0018523035848989,0.846555057175239,0.00314731159539495,0.21505269743696
109.26,0,695.139785106041,0.000443561363021792,0.846610201921708,0.000191847106951421,0.216211154590956
109.27,0,695.284607973352,0.00219434624005274,0.846302739962979,0.00310127847768783,0.216941105091701
109.28,0,695.429850763204,0.000248584892325013,0.845569588195749,0,0.217054189486705
109.29,0,695.575507482199,0,0.84954929155783,0.00235637926402389,0.217888777329447
109.3,0,695.721572123654,0,0.848067500494429,0.00103762636840448,0.216131251987471
109.31,0,695.868038667888,0,0.846236274482842,0,0.213384303316924
109.32,0,696.014901082489,0,0.848274326070872,6.41653216864806e-05,0.214990952981275
109.33,0,696.162153322594,0.000445048033850267,0.851854646424642,0,0.213291383679973
109.34,0,696.309789331165,0.00126257145208345,0.850264660824007,0.00122410673127789,0.2138643654463
109.35,0,696.457803039261,0.00207966503234082,0.853142724268025,0,0.213698098280716
109.36,0,696.60618836632,0,0.852607116533546,0,0.215852284318812
109.37,0,696.754939220427,0,0.850522867054781,0.0014301799875663,0.214253292721554
109.38,0,696.904049498592,0.00210824409169548,0.850150529230674,0,0.214534095240422
109.39,0,697.053513087028,0,0.851267320613161,0,0.21763820648498
109.4,0,697.203323861421,0,0.85262810428304,0.0002413664453427,0.214934651585957
109.41,0,697.353475687205,0,0.852312870451884,0.000234385934021227,0.215554276448074
109.42,0,697.503962419843,0.000625227808564601,0.852517895573314,0.000494188991092304,0.215495160991731
109.43,0,697.65477790509,0.000985625752616423,0.851119654500411,0.00120371974419928,0.216384872312965
109.44,0,697.805915979278,0,0.85454530665427,0.000656593897363105,0.211831317524892
109.45,0,697.957370469579,0.00054613038014721,0.851217366495467,0,0.212237649584028
109.46,0,698.109135194289,0.000465292899079649,0.854737244805864,0,0.21715413180527
109.47,0,698.261203963092,0.00360674044561461,0.856133602920132,0,0.213586599770907
109.48,0,698.413570577339,0,0.85246920240072,0,0.216722746707887
109.49,0,698.566228830315,0.000692240022517801,0.853186643525984,0,0.216252252188141
109.5,0,698.719172507516,2.03820642732392e-05,0.854915497848296,0.000186346384427037,0.212484599496495
109.51,0,698.872395386917,0.00156135854852796,0.854185871445012,0.00294674539966255,0.214855930210352
109.52,0,699.025891239245,0.00226063033549413,0.854919839560115,0,0.213531529698076
109.53,0,699.179653828252,0.000648215793387747,0.858009712647391,0,0.215607123990984
109.54,0,699.33367691098,0.00343513512454678,0.857997686610938,0.000798512125672332,0.217736356508488
109.55,0,699.487954238037,0,0.856300393026235,0,0.217562544687598
109.56,0,699.642479553862,0,0.858330862747981,0.000663906165024391,0.214143668319968
109.57,0,699.797246597,0,0.856869484220897,0,0.213975838589102
109.58,0,699.952249100363,0.00189874421760761,0.858989331502028,0.00176865899501982,0.21587684007921
109.59,0,700.107480791505,0,0.857327988499006,0.00315041383810553,0.214865444459704
109.6,0,700.26293539289,0.000550630235139163,0.857557462027706,6.6083007100636e-05,0.217109756912926
109.61,0,700.418606622153,0,0.861596276100134,0,0.21630064667255
109.62,0,700.574488192374,0,0.859632395720327,0.000794641635829394,0.215016478018327
109.63,0,700.730573812343,0,0.860902002232794,0.000666490440534753,0.21671597535609
109.64,0,700.88685718682,0,0.862174480289261,0,0.213583498135933
109.65,0,701.04333201681,0.000210460688396834,0.861735780652146,0.000419683637883343,0.2147642559978
109.66,0,701.199991999821,0.000260949144950757,0.860869759481953,0.00070335909714156,0.21597660787125
109.67,0,701.356828209074,0.000891895203171919,0.858340636686481,0,0.213089532841866
109.68,0,701.513835577281,0,0.860818769465597,8.97512275225245e-05,0.216739059777602
109.69,0,701.671009169366,0,0.862872051972114,0.00118723670561853,0.214841340925042
109.7,0,701.828342671659,0.000138395431645439,0.864271228832427,0,0.214175634543078
109.71,0,701.98582976831,0.00330036817959955,0.862274494567078,0,0.217962560252441
109.72,0,702.143464141553,0,0.864864819490118,0.00065138653280105,0.217011799754132
109.73,0,702.301239471965,0.000844577704848947,0.864730470309892,0,0.215049093394898
109.74,0,702.459149438726,0.000960190622359057,0.866560234468154,0.000693326115998869,0.215695752364361
109.75,0,702.617187719879,0,0.867827888504238,0.00109472999729657,0.214259089977394
109.76,0,702.775347992591,0.00106444551311619,0.865169432617483,0,0.21788885965175
109.77,0,702.933623933407,0,0.865198004477062,0,0.214051948137099
109.78,0,703.092009218512,0.000507181029214574,0.866298022904375,0,0.214716875042013
109.79,0,703.250497523985,0.000892245235518708,0.866020302041788,0,0.215139790635895
109.8,0,703.409082526056,0,0.866717065132277,0,0.214170453468869
109.81,0,703.567757901361,0.000591468606095659,0.869032994196897,0.00077959653850516,0.216143433629233
109.82,0,703.726517327201,0,0.868034243159425,0.00140622760700834,0.215133757224291
109.83,0,703.885354481788,0.000970747851606432,0.867903739080512,0,0.213363212668236
109.84,0,704.044263044507,0,0.869736564944403,0.0029784884107848,0.215740244640228
109.85,0,704.203236696163,0.00144302736953224,0.870562272356441,0.0020549317191438,0.214912788912345
109.86,0,704.362269119235,0.00129861114296351,0.870123358430582,0,0.213697699846532
109.87,0,704.521353998128,0,0.870682871012263,0,0.214148038079937
109.88,0,704.68048501942,4.43778645122169e-05,0.871776476243838,0.000621011284532958,0.216576376215269
109.89,0,704.839655872117,0,0.870473694439564,0,0.21520543747314
109.9,0,704.998860247898,0.000340845503773657,0.872269067077437,0.00181975663094492,0.21507463838863
109.91,0,705.158091841364,0,0.870844054214745,0,0.215372660816475
109.92,0,705.317344350286,0,0.870078379185758,0,0.21570587118017
109.93,0,705.476611475849,0,0.871903370281428,0.000287839296528217,0.213806621078941
109.94,0,705.635886922905,0,0.872151856332582,0,0.213924631634762
109.95,0,705.795164400206,0.00118905362625571,0.87388081849263,0,0.216619097326707
109.96,0,705.954437620659,0.000882545626838672,0.87523883302884,0.000546856263167099,0.213345118916004
109.97,0,706.113700301566,0.00170299293077494,0.875159691069779,0,0.213395569352811
109.98,0,706.272946164862,0,0.87495395841334,0,0.21434911896276
109.99,0,706.432168937364,0,0.874930934610629,0,0.214002702613076
110,0.1,706.591362351005,0.00105301370057413,0.87392459300107,0,0.21411781814809
110.01,0.1,706.75052014308,0.00118405146640106,0.875802091884531,0.000220229726702285,0.212494133124329
110.02,0.1,706.909636056478,0,0.875192137853041,0.00383341667358729,0.214566444277484
110.03,0.1,707.068703839927,0.000301653471042361,0.871973702634173,0,0.212642691101071
110.04,0.1,707.22771724823,0,0.875456443241226,0,0.213305706093759
110.05,0.1,707.386670042494,0.00112018861935379,0.875131552147202,3.9515729121709e-05,0.213034074346625
110.06,0.1,707.545555990378,0,0.876836221773671,0,0.215636941694853
110.07,0.1,707.704368866318,4.70802881484041e-05,0.877448582408244,0.000955779646547136,0.214848582333948
110.08,0.1,707.863102451764,0,0.876676671050026,2.02112555896312e-05,0.215327116157723
110.09,0.1,708.021750535413,0.00204699856625761,0.878362863424965,0,0.216632970872908
110.1,0.1,708.18030691344,0,0.880312054906597,0.000472052425848141,0.214441196619589
110.11,0.1,708.33876538973,0,0.878274157810947,0,0.215137399680011
110.12,0.1,708.49711977611,0,0.879855115718594,0.00267063622078834,0.215297242232579
110.13,0.1,708.655363892573,0,0.880139452864641,0,0.216719097422947
110.14,0.1,708.813491567511,0,0.88272840751348,0.000230362850611752,0.215452957509502
110.15,0.1,708.97149663794,0.00091931245420303,0.878903184042006,0.00253718219083725,0.213748493268406
110.16,0.1,709.129372949726,0,0.88109716600513,0.00189898307369334,0.21540375769807
110.17,0.1,709.287114357813,0,0.880982184838182,0.000812348268566317,0.213357540174687
110.18,0.1,709.444714726446,0.0020047139240452,0.88320168228431,0,0.214664765389448
110.19,0.1,709.602167929393,0.000917296511791462,0.882544172711504,0,0.215645717935395
110.2,0.1,709.75946785017,0,0.884426963602591,0.000177937946861746,0.215421438300005
110.21,0.1,709.916608382261,0.00109197795248723,0.883203702013785,0.00171726376431246,0.216503129735224
110.22,0.1,710.07358342934,0.00210569529969483,0.88073470859245,0.00018560796925077,0.213160706608228
110.23,0.1,710.23038690549,0.00108462666546219,0.885181997150684,0,0.216187340704941
110.24,0.1,710.38701273542,0.0011915555285931,0.883502791792733,0,0.215769186939571
110.25,0.1,710.543454854685,0,0.883211458321099,9.80737220606311e-05,0.216041872152094
110.26,0.1,710.699707209904,0,0.888280834880559,0,0.216092969368779
110.27,0.1,710.855763758972,0,0.885363932535609,0,0.214848112413341
110.28,0.1,711.011618471276,0,0.885794286296903,0.00152419714836541,0.214088478970257
110.29,0.1,711.167265327911,0,0.88569937160454,0,0.215292771118945
110.3,0.1,711.32269832189,0.000477434512454947,0.88512256856586,0,0.214632459299325
110.31,0.1,711.477911458357,0,0.886959886969233,0.00159289203073304,0.212524471152011
110.32,0.1,711.632898754797,0.000177929774311079,0.886984562134736,0,0.214546476981781
110.33,0.1,711.787654241248,0,0.88670835698932,0,0.213013296396221
110.34,0.1,711.942171960508,0,0.888901591266166,0.00138988919998648,0.211724383955188
110.35,0.1,712.09644596834,0,0.88915068910294,0,0.214219776831928
110.36,0.1,712.250470333685,0.000152386164397684,0.889532577541677,0,0.215749931231584
110.37,0.1,712.404239138862,0,0.887329987531566,0,0.213559808888151
110.38,0.1,712.557746479775,0,0.889978836206078,0,0.214686812332772
110.39,0.1,712.710986466119,0,0.890279726515403,0,0.215138136802876
110.4,0.1,712.863953221577,0.000267769778437641,0.893192985448539,0.00108729724657745,0.212683731094759
110.41,0.1,713.016640884025,0,0.890676086500066,0,0.213807802282566
110.42,0.1,713.169043605737,0,0.890968053879988,0,0.213356391259673
110.43,0.1,713.321155553573,0.00249199928012948,0.891777730250795,0,0.213027912720261
110.44,0.1,713.472970909188,0.00148940280004116,0.890826579508933,0,0.214363508897551
110.45,0.1,713.624483869227,0.00136390248096979,0.889152607004625,0.000510650961918855,0.212533732943414
110.46,0.1,713.775688645518,0.00103387303281543,0.893173075833982,0.000631375864986818,0.217042175162097
110.47,0.1,713.926579465269,0,0.896198784690583,0.00183406210081333,0.214720368559062
110.48,0.1,714.077150571266,0.00129942821075641,0.892805310820155,0.000681185003097304,0.216489681987281
110.49,0.1,714.227396222061,0,0.893570479559657,0.00157461730833586,0.215410473277437
110.5,0.1,714.377310692166,0.000920405174805249,0.895563303130537,0,0.21489798753954
110.51,0.1,714.526888272247,0.00300890848145928,0.895183230052087,0,0.214050096253532
110.52,0.1,714.67612326931,0,0.892751312534591,0.00218042745473456,0.215368119858546
110.53,0.1,714.825010006892,0.000485390218669843,0.892283954463395,0.000469240349416439,0.213665373939467
110.54,0.1,714.97354282525,0.00079109103979406,0.892951644518621,0.000528513055576679,0.214635443239297
110.55,0.1,715.121716081547,0,0.895114705605889,0,0.217092669250061
110.56,0.1,715.269524150036,0.00082776814435269,0.89639218638167,0.001902311478139,0.215455986205009
110.57,0.1,715.416961422249,0.00147053783565695,0.896391267667151,0,0.215104983610186
110.58,0.1,715.564022307177,0,0.897342064852903,0,0.214465415798032
110.59,0.1,715.710701231458,0.00280302080111892,0.899813104579639,0,0.2144643246566
110.6,0.1,715.85699263955,0.000616960780108822,0.896231534842106,0.00148668550808005,0.217040465918303
110.61,0.1,716.002890993919,8.01446351098782e-05,0.899869094022036,0.00175147188042621,0.215206593326383
110.62,0.1,716.14839077522,0.000533106048407386,0.897209733941524,0,0.215003184426547
110.63,0.1,716.293486482466,0.000446760747718682,0.897416616171385,0.000193401039968317,0.215611896596527
110.64,0.1,716.438172633216,0.000893451400432949,0.899693270073316,0.00220144796537191,0.21432683604455
110.65,0.1,716.582443763746,0,0.899441630835649,0.000891282468944826,0.214611405108677
110.66,0.1,716.726294429223,0,0.899627831437525,0.0020832636609062,0.213712928814622
110.67,0.1,716.869719203884,0.000320700182402665,0.899578310194513,0.000205961877697785,0.215195000360521
110.68,0.1,717.012712681206,0.000311760671386263,0.901546791629943,0.00166227808855211,0.214018553427387
110.69,0.1,717.15526947408,0.000605273970065929,0.90301835289254,0.00142051222143505,0.212251490689875
110.7,0.1,717.29738421498,0,0.903906121731956,0,0.212607528874222
110.71,0.1,717.439051556136,0.000179757552555031,0.900793821058056,0,0.215188609904459
110.72,0.1,717.580266169698,0,0.901788456748632,0.000273834920034363,0.21668298881301
110.73,0.1,717.721022747911,0,0.903193272334915,0,0.216547748415246
110.74,0.1,717.861316003276,0,0.901002426180191,0,0.215702154291403
110.75,0.1,718.001140668719,0,0.903215834568685,0.00031630137724644,0.214663198602299
110.76,0.1,718.140491497753,0.00052625275990089,0.904984331569751,0.00140111502593907,0.211811486081132
110.77,0.1,718.279363264645,0,0.903740070223343,0.000723960005764714,0.213508660990151
110.78,0.1,718.417750764578,0.00221670953253071,0.905092519314718,0.00111467303389462,0.213796421604987
110.79,0.1,718.555648813808,0,0.904835049767834,0,0.215575879512554
110.8,0.1,718.693052249833,0,0.90539401063917,0,0.216152166304402
110.81,0.1,718.829955931543,0.00179848666223365,0.90682458345365,0.00132898607330887,0.216595838191915
110.82,0.1,718.966354739386,0,0.905303831269061,0.000344237267223122,0.216872310842241
110.83,0.1,719.102243575523,0.00160076139562428,0.90454847841989,0.00114959459447831,0.216982758868536
110.84,0.1,719.23761736398,0.00110003811901857,0.905198591080368,0.00190287104621574,0.213435630870846
110.85,0.1,719.372471050812,0.00028390422808246,0.906666128010876,0.00198077278641957,0.213861586815731
110.86,0.1,719.506799604247,0,0.910236826095511,0,0.216205934679302
110.87,0.1,719.640598014849,0.000123564992407904,0.906302994565851,0,0.213162336385774
110.88,0.1,719.773861295663,0,0.911878629958008,0.00298440786436358,0.213904633259665
110.89,0.1,719.906584482367,0,0.907706347765464,0,0.219376622427197
110.9,0.1,720.038762633426,0.00147641755917076,0.907333164956321,0,0.214478576402937
110.91,0.1,720.170390830237,0.00160978023201103,0.908907779802105,0,0.214737335544412
110.92,0.1,720.301464177279,0,0.908102406510872,0,0.214522936866563
110.93,0.1,720.431977802258,0.000161917215589703,0.911208573196765,0.000482027825243213,0.215933406782417
110.94,0.1,720.561926856254,0.000867096756765621,0.908706486918966,0,0.215210548050793
110.95,0.1,720.691306513866,0,0.909911856056329,0,0.214592552864385
110.96,0.1,720.820111973355,0.000722226857859156,0.910510718693484,0.000686612662598924,0.212659495390612
110.97,0.1,720.948338456787,0.000933528166133289,0.908405326088535,0.00010086748145316,0.219514875287414
110.98,0.1,721.075981210173,0,0.90927540946913,0.000332285512484439,0.21635390626946
110.99,0.1,721.203035503612,0,0.911935712763642,0,0.215280724634378
111,0.1,721.32949663143,0.00229121554351307,0.91261398450428,0,0.212305231075703
111.01,0.1,721.455359912318,0,0.91400447608985,0.00144811858093945,0.215851984361662
111.02,0.1,721.580620689468,0,0.910525064730194,0,0.216624969606346
111.03,0.1,721.705274330712,0.000507177999719842,0.914075811064731,0.000224997945049184,0.215524853062498
111.04,0.1,721.829316228655,0.00103930442916597,0.912045788725634,0,0.218254201020911
111.05,0.1,721.952741800812,0.000152966291237542,0.914800714291154,0,0.215051974970551
111.06,0.1,722.075546489739,0.000376087419707868,0.915335859141893,0.00144690539470654,0.213911711991278
111.07,0.1,722.197725763165,0.000578247535100782,0.912733380809932,0,0.218051400956475
111.08,0.1,722.319275114126,0,0.912952115898669,0,0.214642498972898
111.09,0.1,722.440190061092,0.000684857919594913,0.913831330352757,0.00165703107606642,0.214411442257101
111.1,0.1,722.5604661481,0,0.913431441753198,0.00105771416591701,0.215553526994899
111.11,0.1,722.680098944875,0,0.915959492641376,0,0.216104004621901
111.12,0.1,722.799084046968,0.00135068817454257,0.915624801926797,0.000342157718036028,0.214364038423189
111.13,0.1,722.91741707587,0,0.917253079813571,0.000251269876653543,0.211786992147367
111.14,0.1,723.035093679149,0.000979347405297757,0.915424479267287,0.00203430042942112,0.212854377208896
111.15,0.1,718.916755811473,0.00397908776661523,0.916265225551189,0,0.215463005296154
111.16,0.1,716.12411734872,0.00173718017696172,0.91636618766953,0.00278685818368362,0.214900038636012
111.17,0.1,714.274215228186,0.00304972764924265,0.915547480261439,0,0.215893227068648
111.18,0.1,712.502471190572,0.00477779247210387,0.917656628870024,0,0.213905827610116
111.19,0.1,710.725398038095,0.00147514669680722,0.916391160058658,0,0.215745116923092
111.2,0.1,708.947222343832,0.00263722556498938,0.917472390212379,0.000563103718229549,0.215274889255402
111.21,0.1,707.168958647071,0.00436937533711626,0.918617158512304,0,0.213562065382469
111.22,0.1,705.390596450436,0.00289488533745313,0.918515286926763,0.00170659039258352,0.217551688673869
111.23,0.1,703.612105718127,0.00521207656374902,0.917847662754899,0,0.216114100384121
111.24,0.1,701.833466145012,0.00478380909663949,0.918855479063144,0,0.214249426993962
111.25,0.1,700.054658741425,0.00588794396263997,0.917260151898489,0.000819552795880026,0.214974231463067
111.26,0.1,698.275665121429,0.00719465951947233,0.918427483115454,0,0.215574692914026
111.27,0.1,696.496467547082,0.00692853474287287,0.919504890203414,0.00127984407728712,0.217936677024883
111.28,0.1,694.717048934679,0.00690492996083708,0.92091924570523,0,0.218235932426178
111.29,0.1,692.937392851665,0.010191660427332,0.92062191763144,0,0.21464273648808
111.3,0.1,691.157483513431,0.00902819475345273,0.918517083888769,6.0967428791161e-05,0.216247884371977
111.31,0.1,689.377305780172,0.0107841298839661,0.919512485800578,0,0.214388985387995
111.32,0.1,687.596845153722,0.0116508854601035,0.921492994446283,0,0.213446430156279
111.33,0.1,685.816087774356,0.010523307097784,0.92126531666641,0,0.212012531246935
111.34,0.1,684.035020417569,0.0104446071411154,0.921696534724095,0.000177586654316634,0.215972660889792
111.35,0.1,682.253630490823,0.0119403926809329,0.921371828475623,0.00139791435128307,0.213951666147767
111.36,0.1,680.471906030267,0.0126378865217302,0.922046985641448,0,0.217661190826416
111.37,0.1,678.689835697429,0.0117881022606698,0.921078625204962,0.000492642433460173,0.215389048139582
111.38,0.1,676.907408775873,0.0151126469414719,0.922571402744476,0,0.215505334323215
111.39,0.1,675.124615167837,0.0151224481880681,0.923004512776834,0.00061604936113151,0.215308173313486
111.4,0.1,673.341445390823,0.0157143096014272,0.92514696172079,0.000815876796601835,0.213934278151532
111.41,0.1,671.557890574185,0.0140835423510968,0.922978685421066,0.000343200790524911,0.21722727608373
111.42,0.1,669.773942455657,0.0156470173092138,0.922556442110251,0.00117423299543595,0.214518742107002
111.43,0.1,667.989593377868,0.0158520394953258,0.923414208220113,0.000743281681732335,0.213922317738718
111.44,0.1,666.204836284828,0.0174172539980624,0.923216050354044,0,0.216615523262488
111.45,0.1,664.419664718372,0.0158348385020282,0.92623054369143,0,0.215522950671085
111.46,0.1,662.634072814586,0.0172375448387374,0.925010229453881,0,0.214135394198774
111.47,0.1,660.848055300188,0.0172622705138605,0.924580079424648,0,0.215232119663438
111.48,0.1,659.061607488897,0.0169936164341495,0.924567378614682,0.000403073143767103,0.213638198981495
111.49,0.1,657.274725277748,0.0197392001165882,0.926740897550409,0,0.215806305739215
111.5,0.1,655.487405143403,0.019095429455924,0.922102949332143,0,0.21446524277767
111.51,0.1,653.699644138401,0.0213705917362231,0.928857049377853,0,0.216793868760915
111.52,0.1,651.911439887404,0.0248403630881137,0.925823804616534,0.00130260922420509,0.213575357925759
111.53,0.1,650.122790583396,0.0254621571891186,0.926617100211387,0,0.216852220477737
111.54,0.1,648.333694983854,0.0203602556506264,0.925623161528882,5.75490179573457e-05,0.214030637930597
111.55,0.1,646.544152406891,0.0218110260142688,0.924994280879747,0,0.214012925174789
111.56,0.1,644.754162727368,0.0209948018366828,0.925788016884927,0,0.214455482964113
111.57,0.1,642.963726372966,0.0217399858553584,0.925391113357455,0,0.214127470830166
111.58,0.1,641.172844320247,0.0242772076924411,0.928244065622041,0,0.215288712074117
111.59,0.1,639.381518090655,0.0235009938006613,0.926071724823967,0.00019085873640145,0.214154966216048
111.6,0.1,637.589749746517,0.0235234208375594,0.928477129348695,0,0.21590878771725
111.61,0.1,635.797541886991,0.0249800765021949,0.927570744319556,4.1672821888995e-05,0.215203183631938
111.62,0.1,634.004897643991,0.027974271198745,0.929246403283023,0.00054128225399214,0.214154204636472
111.63,0.1,632.211820678087,0.0253416324796561,0.928529739545167,0.000508806901793516,0.217254508844808
111.64,0.1,630.418315174363,0.0275754247559655,0.928241027937886,0,0.212746583587769
111.65,0.1,628.624385838255,0.0270124295490379,0.928775291322806,0,0.212835074383454
111.66,0.1,626.830037891352,0.0283747047701273,0.930424402834253,0,0.215609745031516
111.67,0.1,625.035277067174,0.0292473626921868,0.928221714285939,0,0.214679906912984
111.68,0.1,623.240109606909,0.0282336816683005,0.930220318767489,0,0.21471241345143
111.69,0.1,621.444542255137,0.0321291001769891,0.929715368878843,0.000774892940666624,0.214111518319649
111.7,0.1,619.648582255507,0.0322963821949361,0.928640474256548,0,0.214233681246815
111.71,0.1,617.852237346397,0.032918502679233,0.929168239519576,0,0.214331499611633
111.72,0.1,616.055515756541,0.0329272245002549,0.930554927595322,0.00163189217202728,0.21708340928569
111.73,0.1,614.258426200626,0.0331569844066258,0.929180779723435,0,0.21626568664276
111.74,0.1,612.460977874863,0.0351075084964431,0.930413970361206,0,0.215414828637271
111.75,0.1,610.663180452529,0.0359576276005327,0.930144681873146,0.00233260511815235,0.213893213870842
111.76,0.1,608.865044079478,0.0309469862620183,0.93054007288132,0,0.21623476134487
111.77,0.1,607.066579369635,0.0319191099884372,0.928690567635995,5.85406438799329e-05,0.215606346929327
111.78,0.1,605.267797400444,0.0364971587415691,0.932845956357206,0,0.215512508440813
111.79,0.1,603.468709708308,0.0363056492575032,0.932936825744733,0.000258101915381759,0.214744503115005
111.8,0.1,601.669328283992,0.0380033083899839,0.932666614322585,0,0.216019913996149
111.81,0.1,599.869665568003,0.0383328480017519,0.935352472366026,0,0.213366551868102
111.82,0.1,598.069734445938,0.0367495950379147,0.931003019444091,0,0.214636692389771
111.83,0.1,596.269548243821,0.0362833261679648,0.93182060336306,0.00164948226433791,0.214335618202892
111.84,0.1,594.469120723391,0.0374514144999061,0.931529031268193,0.000466125267480635,0.212630040687169
111.85,0.1,592.668466077392,0.0389507238435222,0.93432890297712,0,0.214261169694644
111.86,0.1,590.867598924818,0.0399994452406299,0.931315304805956,0.000640690543307374,0.212578083844244
111.87,0.1,589.066534306148,0.0411239608738723,0.932698196159937,0.00233111269484451,0.213428118632773
111.88,0.1,587.26528767854,0.0400160276857044,0.932129056989615,0,0.21381969180946
111.89,0.1,585.463874911024,0.0408171783654332,0.933591822266457,0.000287565120346023,0.217591974240116
111.9,0.1,583.66231227965,0.0437060864783296,0.93566934300813,0.000954472918338789,0.215783933742089
111.91,0.1,581.860616462632,0.0459263414258297,0.933027186485495,0.000294162990408923,0.214967038556753
111.92,0.1,580.05880453546,0.0445046980834126,0.93174265829882,0,0.213569885995884
111.93,0.1,578.256893965987,0.0451132114642922,0.933026216004584,0,0.216347627045056
111.94,0.1,576.454902609509,0.0438386242423877,0.932268888521266,0,0.213957609995353
111.95,0.1,574.652848703808,0.0463218561486169,0.932130642019961,0.002235129557765,0.213201529436003
111.96,0.1,572.850750864187,0.0438038197398932,0.936208789643993,0.000274586622521348,0.214525716618559
111.97,0.1,571.04862807848,0.0480923418270156,0.932349199054087,0.000119518005252434,0.216308120340101
111.98,0.1,569.246499702042,0.0480799192659077,0.934487257585985,0.000637785255533344,0.213997394632166
111.99,0.1,567.444385452725,0.0480778137983986,0.930345696685691,0.000668834051762714,0.214590117114578
112,0.1,565.642305405831,0.0474602740496307,0.933023275482732,0.0015348760553474,0.214185903265959
112.01,0.1,563.84027998905,0.05040774885868,0.934201759953583,0,0.214471536226542
112.02,0.1,562.03832997738,0.0509984874705479,0.933253320746025,0,0.214741455986158
112.03,0.1,560.23647648803,0.0493237765683975,0.936334405811654,0.00079476947440811,0.216255504675195
112.04,0.1,558.434740975313,0.0487108100038069,0.935668503820851,0,0.215794964733389
112.05,0.1,556.633145225509,0.0515450628762419,0.9355453685949,0,0.216160402779169
112.06,0.1,554.831711351733,0.0526984293276342,0.934838603021695,0,0.213774979505887
112.07,0.1,553.030461788771,0.0542063928806994,0.934813363291312,0,0.21705333747666
112.08,0.1,551.229419287912,0.0573484521202874,0.937265403961443,0.00102044357168176,0.217653750601674
112.09,0.1,549.428606911765,0.052710287072337,0.934681131741212,0.00107396974588911,0.216702920908326
112.1,0.1,547.628048029062,0.0566491800178621,0.936238475158477,0,0.215939708382283
112.11,0.1,545.827766309451,0.0564066690484966,0.934694915799344,0,0.215106304086567
112.12,0.1,544.027785718277,0.0573028315535151,0.936278603189496,0.00318714619792448,0.21613868203685
112.13,0.1,542.228130511347,0.0565162342812002,0.937601939490875,0,0.217462676061027
112.14,0.1,540.4288252297,0.0541938894510581,0.940585937821018,0,0.215435156590245
112.15,0.1,538.629894694346,0.0592105538633458,0.9374772958778,0,0.214575123255672
112.16,0.1,536.831364001016,0.0587841104489874,0.937344741723902,0,0.212027220725825
112.17,0.1,535.033258514888,0.0572174039821249,0.937898700804279,0,0.2159596052752
112.18,0.1,533.235603865323,0.0598624786196148,0.934985738620303,0.00160513319280803,0.214241288808282
112.19,0.1,531.43842594057,0.0640131050201606,0.937432058342988,0.000645876909424381,0.214780574369416
112.2,0.1,529.64175088249,0.0620164529726041,0.935402315700536,0,0.216544106489334
112.21,0.1,527.845605081257,0.0597265939143041,0.937118999486668,0,0.216267878102235
112.22,0.1,526.050015170058,0.061900032061027,0.940763558121191,0.000525368126304166,0.213821022765897
112.23,0.1,524.255008019796,0.064038939775695,0.93946592942963,0,0.214293376213195
112.24,0.1,522.46061073378,0.063606488098815,0.935937190588558,0,0.212269121721509
112.25,0.1,520.666850642413,0.0648775637843834,0.938485656034378,0,0.215558105609144
112.26,0.1,518.873755297885,0.0654945595661976,0.937701646212611,0,0.213085813029782
112.27,0.1,517.081352468856,0.0651765644667376,0.936514291672162,0.00171212698190827,0.214482792434856
112.28,0.1,515.289670135142,0.0664176826975847,0.936805752506199,0.00065329712074341,0.21570716428211
112.29,0.1,513.498736482401,0.0689816195313153,0.937429086543626,0.000201204360441384,0.219991077551249
112.3,0.1,511.708579896815,0.0675645695351998,0.936090540461774,0,0.216776720420856
112.31,0.1,509.919228959781,0.0662483928587202,0.937227149668026,0,0.215160619912829
112.32,0.1,508.130712442594,0.0696962728988091,0.934458668812828,0,0.216328314993691
112.33,0.1,506.34305930114,0.0712154713537268,0.937934876534147,0,0.214828395603202
112.34,0.1,504.556298670588,0.0719814159408074,0.936945547342583,0.00255830703838905,0.215455285601685
112.35,0.1,502.770459860087,0.0716889236276039,0.93699533871251,0.000469614700256261,0.214306407799475
112.36,0.1,500.985572347468,0.0704232630445999,0.936217909310533,0.0017427534628621,0.21586639762759
112.37,0.1,499.20166577395,0.0736813111648817,0.936213608535839,0,0.218534282756178
112.38,0.1,497.418769938849,0.072409375644578,0.934699191222522,0.000576930718137075,0.214763449031092
112.39,0.1,495.636914794301,0.0733901798318085,0.936802614476323,0,0.214838978765546
112.4,0.1,493.856130439986,0.0720224120793032,0.937257280547326,0.000604349384435668,0.215887259501009
112.41,0.1,492.076447117859,0.077372979712911,0.936908808039931,0.00111671357133549,0.213222099412851
112.42,0.1,490.297895206896,0.0754728437021097,0.93548031987345,0,0.216477036546312
112.43,0.1,488.520505217842,0.0754903293723833,0.938322232949682,0.000253586857663043,0.216079338919216
112.44,0.1,486.744307787975,0.0778206944987052,0.939113281819455,0.000660795810852258,0.217058266491049
112.45,0.1,484.969333675873,0.0783325478440154,0.935000657088445,0,0.218008167358629
112.46,0.1,483.195613756203,0.0797899826091521,0.938131615436246,0.00282021379069153,0.217139327737861
112.47,0.1,481.423179014508,0.0810543375548419,0.936542084169642,0.00166592977711271,0.215645305719062
112.48,0.1,479.652060542022,0.0790664915633333,0.938723199707874,0.00129707426979677,0.214266000442344
112.49,0.1,477.882289530487,0.0817087352584741,0.937882837730562,0,0.216440598056693
112.5,0.1,476.113897266987,0.0818874301919515,0.938445825530298,0.0005058601856947,0.213348268745185
112.51,0.1,474.346915128799,0.0835735501418325,0.93543599370582,0,0.213817168162366
112.52,0.1,472.581374578258,0.0837916023811986,0.937022473387056,0,0.21440150990753
112.53,0.1,470.817307157633,0.087098926706435,0.938787253593302,0.00167947191849594,0.213733495956432
112.54,0.1,469.054744484031,0.0862091764125023,0.936481239578,0,0.214043561949414
112.55,0.1,467.293718244309,0.0856499816565068,0.939041722357059,0,0.214371750272513
112.56,0.1,465.534260190004,0.0869599854236228,0.937476477392558,0.00184569003513917,0.212769565812963
112.57,0.1,464.001006175426,0.0882669862099137,0.936795716543319,0,0.215249210387423
112.58,0.1,462.71770699722,0.0864879670549289,0.935911432087006,0,0.214616112003097
112.59,0.1,461.448591837939,0.0847514035825819,0.93771733330853,0,0.21210358404822
112.6,0.1,460.262161125152,0.0874018449705201,0.93568366421865,0.00182228396275998,0.213197792823127
112.61,0.1,459.673029698462,0.0886624676080778,0.936391398571554,0.00117625586049957,0.213456179718887
112.62,0.1,459.226495869498,0.0866215228890133,0.937934606342328,0.00029679959992313,0.2120809734495
112.63,0.1,458.77269230766,0.0883851346105962,0.938729245708839,0,0.214913688565417
112.64,0.1,458.470285438589,0.0888246220887346,0.93729739027797,5.37126768334648e-06,0.214239074358503
112.65,0.1,458.338734055833,0.0893898313714521,0.938958197496536,0.0026644931709598,0.213322301452975
112.66,0.1,458.212402572475,0.0890196602654936,0.937478754926967,0.000706655821261506,0.21549352580885
112.67,0.1,458.078618263251,0.0908898648633113,0.935195417468557,0.0021769836750256,0.214551390163651
112.68,0.1,457.939633660132,0.0886839623674568,0.934950307930938,0,0.216119651310813
112.69,0.1,457.794736236034,0.0905561278517006,0.935835119719,0.00103074758103024,0.214522214917216
112.7,0.1,457.643640211119,0.0894175672831048,0.937350888479415,3.66455491388303e-05,0.214755380993324
112.71,0.1,457.486909568418,0.086738196248991,0.936500940863406,0.000395328834666064,0.21542957136573
112.72,0.1,457.324621516127,0.0899320016749748,0.934839302783031,0,0.21417783762696
112.73,0.1,457.156207533568,0.0882619963253343,0.939538140784888,0,0.21380193616556
112.74,0.1,456.98177810121,0.0900996348278343,0.937153495690652,0,0.214159169300559
112.75,0.1,456.802201671031,0.0905567591690487,0.936057103903946,0.00116919799632804,0.215920028940916
112.76,0.1,456.616739821174,0.0908380260636703,0.937143150481129,0,0.213238983524557
112.77,0.1,456.425157335368,0.0887065822116023,0.939240605490453,0.00239560075452679,0.216065229996285
112.78,0.1,456.228224637314,0.0910064163665079,0.938556546878599,0,0.21447034112791
112.79,0.1,456.026044580203,0.0907847168647618,0.936845974716735,0,0.217581675772643
112.8,0.1,455.817840807301,0.0894442281781918,0.936210282963394,0.000342133364501556,0.216508345571129
112.81,0.1,455.603755438677,0.0917868813691825,0.937918830990876,0,0.213538139375385
112.82,0.1,455.384927576664,0.0902824919742087,0.935456357918885,7.28950942070796e-05,0.214626913911661
112.83,0.1,455.160387086174,0.0874907516205382,0.936927627310846,0.000833498014626647,0.21525929670397
112.84,0.1,454.929824210044,0.0910124903457991,0.938408498615156,0,0.213193276672644
112.85,0.1,454.694164516099,0.0912938554412608,0.936243878388572,0.00070801947818917,0.216992275065909
112.86,0.1,454.45353174879,0.0918613972336652,0.937606482608606,0,0.214378366916965
112.87,0.1,454.206993488376,0.0902200573093605,0.93661024878991,0,0.21471208523339
112.88,0.1,453.954714803903,0.0875647190992341,0.933368940087513,0.000849098275939457,0.213603806403623
112.89,0.1,453.698030450641,0.0896316306304119,0.9338254263656,0.000115001584421305,0.21588964071006
112.9,0.1,453.435804023581,0.0912349102532571,0.935515013470167,0,0.215521445446485
112.91,0.1,453.167672757663,0.0923766639006762,0.936635356029794,0,0.214001232448581
112.92,0.1,452.894718282346,0.0901752527947956,0.937015895489175,0.000513901259418608,0.215803294959308
112.93,0.1,452.617084980793,0.0910020790681696,0.933897269690745,6.92224097456601e-05,0.212626355544652
112.94,0.1,452.333683078887,0.0894093991088168,0.937282701548106,0.000179929543409944,0.214433003851776
112.95,0.1,452.04470780326,0.0932236180476945,0.935193145531803,0.00061333385589539,0.213871921189836
112.96,0.1,451.751733491476,0.0896805910955313,0.934711774921984,0.00122121022954857,0.216991922288157
112.97,0.1,451.453418390114,0.0901203996691696,0.933904637576836,0,0.21548808409186
112.98,0.1,451.149333711285,0.0912219847003793,0.934810721463205,0,0.217294887455131
112.99,0.1,450.840755112261,0.0926376165157697,0.932394412815787,0,0.213958710764034
113,0.1,450.527851905246,0.093892731711127,0.934552480576475,0,0.217143511718565
113.01,0.1,450.209336944838,0.0903377522404795,0.934199275747189,0,0.213783423877536
113.02,0.1,449.885437980179,0.0920272693815341,0.934306500885564,0,0.214811977353824
113.03,0.1,449.558002392219,0.0907842489507649,0.935852762653046,0.00056820076912365,0.216511381203023
113.04,0.1,449.225453492283,0.0925683454395234,0.934333885287897,0,0.212723990937222
113.05,0.1,448.887286548028,0.0906337017123187,0.932981816779991,0,0.216072009333934
113.06,0.1,448.544939340598,0.0951075156281302,0.933920794775378,0,0.215083995541306
113.07,0.1,448.198602404889,0.0926240234187725,0.933079005890639,0,0.214161184816642
113.08,0.1,447.846824162013,0.0935895844231268,0.933496198669482,0,0.216326794615595
113.09,0.1,447.489852705687,0.0902260546768097,0.933681841767984,0.00185724022696972,0.214958242792889
113.1,0.1,447.12972188682,0.0919493731986399,0.932639163981498,0,0.215172828857187
113.11,0.1,446.764695910677,0.0949678043265845,0.93354062965159,0,0.214741302424876
113.12,0.1,446.394218985024,0.092927542532791,0.9335902698642,9.92880427677345e-06,0.218137843123323
113.13,0.1,446.019872700663,0.094397524791884,0.930619987526288,0.00340136183098,0.216756372139357
113.14,0.1,445.641866359469,0.0932434253583444,0.932407477899503,0,0.214269111090282
113.15,0.1,445.258602654631,0.0949554983819991,0.931004944864382,0,0.214101061550979
113.16,0.1,444.87034434634,0.0947751825599965,0.930499931947844,0.00220220755925128,0.214396506119132
113.17,0.1,444.479270321762,0.0966868084020335,0.93190219421432,0.000648139027130273,0.214641726357801
113.18,0.1,444.083521724461,0.0947140953169578,0.933406339248712,0.000484712352567265,0.215241656486893
113.19,0.1,443.682503446085,0.0950320392608402,0.931664299225816,0,0.214527439269682
113.2,0.1,443.277882269381,0.0945232054391199,0.930735487776359,0,0.217185858719038
113.21,0.1,442.869879268486,0.0943751954939093,0.932542504879064,0.00217840477085363,0.212406064545718
113.22,0.1,442.456812186334,0.0952162953039979,0.932884634004012,0.000120598214712093,0.216174039269825
113.23,0.1,442.038961652242,0.0945055729601292,0.930974138397386,0.000656519040501162,0.214940063785073
113.24,0.1,441.618643155274,0.0964338601166136,0.928821078290887,0.00118605341745176,0.213032680713586
113.25,0.1,441.193881453394,0.097543019362412,0.930290385174957,0.000194390971113454,0.219524009110839
113.26,0.1,440.764044165804,0.0931162186676807,0.929903366377593,0.000511969044204429,0.215536765480733
113.27,0.1,440.33092159762,0.0976776968175516,0.929241975755623,0,0.217637918717897
113.28,0.1,439.894750887364,0.0957741370690745,0.932592597989003,0.00167188517716832,0.215096763490855
113.29,0.1,439.453724369246,0.0964548445297483,0.92787422738434,0,0.217704548477521
113.3,0.1,439.008142673062,0.0973507826279752,0.932193649625643,0,0.214894213319372
113.31,0.1,438.560490501545,0.0946904674603058,0.92921166779199,0,0.21359127524063
113.32,0.1,438.108647455065,0.0967821290712177,0.931307126165389,0,0.214832341181547
113.33,0.1,437.651934158342,0.096611383760051,0.927891377684572,0,0.215532169516083
113.34,0.1,437.192241173601,0.0974289409640509,0.927992745943746,0.000128480334838625,0.215721568957786
113.35,0.1,436.729819042067,0.0971641159149167,0.930089084218187,7.55684729799532e-05,0.2140862346832
113.36,0.1,436.262758560724,0.0943808070417975,0.92697875650205,9.73276913425704e-05,0.213217598533331
113.37,0.1,435.791369992785,0.0977687727843526,0.927238021325018,0.000296844655531848,0.216253275257124
113.38,0.1,435.318235850763,0.0971724942513513,0.931160870448357,0.000858446396180678,0.213802474365238
113.39,0.1,434.841153160068,0.0991989411547005,0.926681419649204,0,0.21360100836166
113.4,0.1,434.359416029565,0.0977702805315333,0.926971159514584,0.000838183803824616,0.215171790537366
113.41,0.1,433.874974449641,0.09639406746181,0.927885685685397,0.000781990219373182,0.214801203849864
113.42,0.1,433.388087439866,0.0976906965597158,0.926862347887847,0,0.215054393967806
113.43,0.1,432.896786496146,0.0978540043542353,0.92738099220251,0.00164963789852743,0.214067850525684
113.44,0.1,432.409475431458,0.0992082559976692,0.925448088249184,0,0.215127647579448
113.45,0.1,431.976684531566,0.0988055973931324,0.92719658627224,0,0.213397178264149
113.46,0.1,431.553871496696,0.100246263647031,0.924129908169647,0,0.214422751725555
113.47,0.1,431.126326306068,0.0993882707057318,0.924073444130538,0.00112847521198214,0.214057374880581
113.48,0.1,430.751188143047,0.0982731930172263,0.927774394675517,0,0.21571428422122
113.49,0.1,430.435178838011,0.0985578931062585,0.928164305520595,0,0.213529362926204
113.5,0.1,430.118623164566,0.0998875487999757,0.926283475228197,0.00192925624829333,0.215597950827895
113.51,0.1,429.806361960588,0.10036777624285,0.927866894134094,0,0.216178188590697
113.52,0.1,429.555023315667,0.0998607261497446,0.925911241937044,0.00257505054232998,0.217771012278369
113.53,0.1,429.315202275083,0.0983661069330585,0.924577196437818,0,0.21845902552006
113.54,0.1,429.070523113262,0.100747748428231,0.925952553181196,0,0.214611020454512
113.55,0.1,428.850765053193,0.100176042771158,0.923913119308764,0.00114249595833209,0.213326668641149
113.56,0.1,428.659578711239,0.0989153955963587,0.923514207484708,0.00514763545972157,0.211189046992485
113.57,0.1,428.46588804851,0.102917777200396,0.92361088964429,0,0.2165352095149
113.58,0.1,428.272142178739,0.0995411731768339,0.925498447059705,0,0.215087515077136
113.59,0.1,428.107450313606,0.100592368668111,0.921882217678588,0,0.212719362741061
113.6,0.1,427.946480835092,0.101826820351369,0.922070742201872,0.00135290098342473,0.216210633089002
113.61,0.1,427.780823310909,0.100485564029169,0.922446579703532,0,0.215783062378746
113.62,0.1,427.626446764774,0.101922761930891,0.92316766224861,0,0.213985805171587
113.63,0.1,427.485339575007,0.100525123476242,0.925482703282404,0.000545427153991863,0.213586397560014
113.64,0.1,427.34085345337,0.0991834339402506,0.920719168698034,0,0.214404846638797
113.65,0.1,427.194628064992,0.0994519736156002,0.921312755677113,5.50333762921556e-07,0.216678514976046
113.66,0.1,427.064205645721,0.101068669576352,0.921024194262091,0,0.213005513033281
113.67,0.1,426.934342328876,0.102203162666102,0.92142184563149,0,0.213150793135309
113.68,0.1,426.799970440234,0.101104564097441,0.921758563164635,0.00116957179491149,0.214877089401556
113.69,0.1,426.67259541721,0.100765026984269,0.922512414561666,0.000305986936913672,0.215360554731866
113.7,0.1,426.553662806487,0.101015347812542,0.92014610410743,0,0.214283533565038
113.71,0.1,426.431185967472,0.100035737019739,0.918706954492282,0,0.215235516493566
113.72,0.1,426.306576420342,0.101835938118451,0.917893118967426,0,0.215428550702957
113.73,0.1,426.193847031469,0.102006113228279,0.918730048214389,0.000409215622325747,0.214197621307983
113.74,0.1,426.080835261713,0.0998405205374726,0.916436430301194,0,0.21630884608838
113.75,0.1,425.963489918219,0.102415305372048,0.919829276292411,0.00133093979324185,0.216040536030717
113.76,0.1,425.850742970133,0.0999992722470412,0.920256282817113,0,0.216779857269621
113.77,0.1,425.743735746747,0.0997230888763997,0.921494444422037,0,0.215259643587232
113.78,0.1,425.633168840193,0.0993500290024645,0.916307259166504,0,0.214308882090736
113.79,0.1,425.520203405866,0.100382176223212,0.918001252078992,0,0.21348942730951
113.8,0.1,425.416112872107,0.0999181132372403,0.916068438501643,0.0011710057697312,0.216063437919883
113.81,0.1,425.311131744974,0.100698531497795,0.921192744476199,0.00269429693668995,0.21378711290377
113.82,0.1,425.202000947495,0.101510763770836,0.91779201839367,0.00155145998990103,0.213304504289254
113.83,0.1,425.096045982743,0.100889438577506,0.915798075992032,0.000777589679281768,0.216253338451365
113.84,0.1,424.994217557911,0.0997856279831367,0.918872244788222,0,0.215285608849764
113.85,0.1,424.888894135457,0.100623959541876,0.914600020111034,0,0.215805408872714
113.86,0.1,424.781013836816,0.101335062357465,0.914751229955554,0.000749651373791767,0.216762092636694
113.87,0.1,424.679743663625,0.099246837338745,0.914604135961267,0.000315596499841219,0.217183218390912
113.88,0.1,424.577163281957,0.10218400521526,0.91516474563938,0.000802477792584509,0.216720960889754
113.89,0.1,424.470624507931,0.099113736574581,0.915824953045005,0,0.216153464869399
113.9,0.1,424.366370898875,0.10273090250885,0.91336097700992,0,0.217803440804048
113.91,0.1,424.265224881221,0.101771286502083,0.91583517690132,0,0.216868381076867
113.92,0.1,424.160695411122,0.102853262074368,0.915471018240101,0.000639284717601118,0.213485483822333
113.93,0.1,424.053653592395,0.101784853937646,0.913304518977283,0,0.215473429703296
113.94,0.1,423.952343507389,0.100477229883656,0.91432396983939,0,0.214729696069609
113.95,0.1,423.849654723352,0.103492543530101,0.914706604439854,0,0.213896174571371
113.96,0.1,423.743204143983,0.102153240031672,0.914141876816742,0,0.212369174906844
113.97,0.1,423.63830830497,0.101222094627496,0.912065510321513,0.00162821835112278,0.214896007775725
113.98,0.1,423.535681216678,0.101188180119393,0.914566821669761,0.000397938092206212,0.215003991046745
113.99,0.1,423.429800650507,0.101422675514011,0.914748416448884,0.00198056085956332,0.216573986594816
114,0.1,423.321396338881,0.101393792689706,0.910385842659075,0,0.21388511749555
114.01,0.1,423.217417810893,0.103635799070266,0.91027961829843,0,0.215127280160671
114.02,0.1,423.111888878074,0.102200968272101,0.911424290771216,0.00111412915194935,0.213236882532113
114.03,0.1,423.002802976116,0.102418889053389,0.910181883136704,0,0.214189558454887
114.04,0.1,422.895446122446,0.101578932277899,0.912623987483158,0,0.215264321739061
114.05,0.1,422.790533665718,0.103044787292626,0.908851342429274,0.00257706724849738,0.215368533576805
114.06,0.1,422.682573518405,0.0997567521254187,0.908733301270513,0,0.214685236520114
114.07,0.1,422.572299432535,0.102015559336952,0.907456981266026,0,0.215015441228934
114.08,0.1,422.466693493367,0.0993964542595912,0.90862575997935,0.00231516799823109,0.212146393556699
114.09,0.1,422.35975976822,0.100744812107427,0.907439814939643,0,0.21759927313203
114.1,0.1,422.249477961335,0.101359377937312,0.907873933332072,0.00147104626066648,0.215223192925043
114.11,0.1,422.140538736474,0.103894039586242,0.908621192372646,0.00255023448203035,0.21506481454733
114.12,0.1,422.033590432401,0.102112243958851,0.908274544608397,0.000590349499625217,0.215851047759062
114.13,0.1,421.923762421544,0.100021337224014,0.907004925837573,0.00276671209254616,0.21346950980639
114.14,0.1,421.811843094141,0.100646200673841,0.905004160812106,0,0.214633183002476
114.15,0.1,421.704852579852,0.0999138396423534,0.904297587496965,0.00212521975395137,0.215179211708373
114.16,0.1,421.596766393626,0.10303507835739,0.903951596595944,0.00105055612051012,0.21072987001282
114.17,0.1,421.485547365828,0.101041508250752,0.908808305696735,0.00127881491794799,0.211876286886741
114.18,0.1,421.375455462631,0.100451590713679,0.905942133087415,0.000155359293990466,0.21623752491034
114.19,0.1,421.267091715041,0.102101039288052,0.904821363781534,0.00203517757443319,0.21444244798929
114.2,0.1,421.156034526516,0.101602285692695,0.907044106953251,0.00111935957853865,0.213686635994274
114.21,0.1,421.042828814584,0.100133850463432,0.902843502144934,0,0.212025712138653
114.22,0.1,420.932835436504,0.103562420045609,0.905890751675536,0.000512115357342726,0.215542253425579
114.23,0.1,420.821480369036,0.103093700892698,0.903577192102777,0,0.21424340821292
114.24,0.1,420.707216020342,0.100239078863289,0.905150622409022,0.00117667819561738,0.216140779888269
114.25,0.1,420.594616532226,0.101712820420776,0.900880827209119,0,0.214104979287288
114.26,0.1,420.484327013413,0.101142909556704,0.901771074211206,0,0.215309925224728
114.27,0.1,420.371595578295,0.100708666102243,0.906405350065268,0.00119709801790766,0.213175281904246
114.28,0.1,420.257120225577,0.101201443790379,0.903806494051058,0,0.214271779917082
114.29,0.1,420.147367633681,0.0993829171391772,0.901779233427109,0.00319208319796343,0.216795321647909
114.3,0.1,420.03681223362,0.101349554788683,0.902213451519087,0,0.217408207558757
114.31,0.1,419.923572923964,0.101664944309234,0.901596511157572,0.00424247538441229,0.213981036936149
114.32,0.1,419.811808364302,0.100458770022613,0.899246194886425,0.00274392234455903,0.214618085841243
114.33,0.1,419.702120309973,0.103390641894555,0.900683671730723,9.99314128437757e-05,0.215585359181953
114.34,0.1,419.59018808888,0.098954963742621,0.899931201395894,0.00118392532387411,0.211407462679783
114.35,0.1,419.476631815989,0.101712670022585,0.899510582441127,0,0.21504218824519
114.36,0.1,419.36725356264,0.100020244716251,0.899803490828583,0,0.215315931360178
114.37,0.1,419.257110505723,0.103106662684388,0.900546527612869,0.00113604859645708,0.215809229675219
114.38,0.1,419.144515493894,0.098779270523685,0.897567326627451,0.00192613504698511,0.214560122718335
114.39,0.1,419.0337402965,0.0998151660554031,0.896905715770185,0.00204661584542407,0.213677241457051
114.4,0.1,418.925407849519,0.0979715541275365,0.895752461957958,0,0.21397076668623
114.41,0.1,418.81507643726,0.0998163115922876,0.899619398173944,0,0.214987773854895
114.42,0.1,418.70329353943,0.101751721712719,0.898676784194898,0.00414211871145463,0.212848741086638
114.43,0.1,418.595512644811,0.0997931784743323,0.89466535589224,0,0.214971724356634
114.44,0.1,418.487102041376,0.100813813133386,0.898860583757659,0.00229166763975883,0.213084673713755
114.45,0.1,418.376475508392,0.100875051884657,0.896688917581088,0,0.214805430114593
114.46,0.1,418.267303591526,0.102858038938707,0.896097512771332,0.00195447036985832,0.213469649418206
114.47,0.1,418.160134369573,0.102063522909534,0.893922541559921,0.000109068607795096,0.2142849677768
114.48,0.1,418.051156802148,0.10311141509266,0.891081780108959,0.00316154092175838,0.21412031234542
114.49,0.1,417.940913424084,0.102241569322835,0.893928495965992,0,0.212864322230477
114.5,0.1,417.834518796242,0.102639920298432,0.895011588472497,0,0.214819014776444
114.51,0.1,417.7276379364,0.104083949922221,0.89765851218276,0,0.214502705940241
114.52,0.1,417.618781566713,0.10143972060251,0.893933615535521,0.000486146061531853,0.215521204915692
114.53,0.1,417.511457876553,0.101197372181145,0.893280534207917,0.000803470110280666,0.215026020481749
114.54,0.1,417.406198743604,0.100923866076926,0.895077611457113,0.00281474785899527,0.214880050842522
114.55,0.1,417.299361962402,0.0999574537472242,0.891589942346273,0.00076640329267265,0.216747734942214
114.56,0.1,417.191333386394,0.102775740541413,0.892152169352892,0,0.217587749848632
114.57,0.1,417.086218597732,0.100283522088051,0.892306197683562,0.00164021264626358,0.214499400055491
114.58,0.1,416.980560754446,0.100376768554216,0.891086400185168,0,0.214531609945937
114.59,0.1,416.873171573625,0.101513444256066,0.888259502558276,0,0.215402956691319
114.6,0.1,416.767064216124,0.102378312840178,0.888703842509601,0.000192177030771126,0.215641737247623
114.61,0.1,416.662704975917,0.101196917593237,0.889265414250242,0,0.213979523570395
114.62,0.1,416.556974056866,0.10196723205483,0.888523694821872,0,0.213664842999861
114.63,0.1,416.450308183096,0.103687067089568,0.891295010166786,0.00111446817836279,0.214697287706703
114.64,0.1,416.346856957786,0.101807867860382,0.887101100761124,0,0.216183424136237
114.65,0.1,416.243128044415,0.100342921527012,0.88803781492617,0.00137808167335707,0.216402777080214
114.66,0.1,416.137915658038,0.100557056679646,0.887719245940726,0,0.213693975917581
114.67,0.1,416.033906841175,0.104470194723005,0.889439804881378,0,0.212104986935296
114.68,0.1,415.931527877002,0.103871590681831,0.884323335738553,0.000736875319789291,0.216574569276231
114.69,0.1,415.828000368448,0.101943794931535,0.88693979157952,0,0.213367380257838
114.7,0.1,415.723551557258,0.101618928437187,0.885628766882689,0,0.217623993864458
114.71,0.1,415.620903408199,0.103201219570865,0.88767232503809,0,0.215561341539887
114.72,0.1,415.517797258304,0.102688082643736,0.886869203000086,0,0.214704075375829
114.73,0.1,415.413457767458,0.0997529919787223,0.886288837104732,0,0.215193683319532
114.74,0.1,415.309005478832,0.101981351350415,0.885984202449461,0,0.213633591686823
114.75,0.1,415.204641876702,0.10405981958891,0.885774749227031,0.00093326050832651,0.214997839706083
114.76,0.1,415.099247077324,0.101888970266257,0.885994405615518,0,0.21646670976572
114.77,0.1,414.992752871811,0.103199006987626,0.88243157279385,0.000928595975135783,0.213641232011147
114.78,0.1,414.885203226392,0.10178022943212,0.881917053003871,0.000589021038246446,0.21629208660809
114.79,0.1,414.776636054188,0.102431331318854,0.88462515785352,0,0.21695331914821
114.8,0.1,414.667088025346,0.103489282688985,0.882897865162998,0,0.214980298700606
114.81,0.1,414.556595866847,0.103000990024378,0.882463226573748,0.00241637985346905,0.217622881765741
114.82,0.1,414.445196360416,0.103079423173268,0.882573794081426,0,0.215394678161177
114.83,0.1,414.332926327876,0.101806665797536,0.881890228894574,0,0.214030549021492
114.84,0.1,414.219822628554,0.10133475277934,0.880589384511115,0.000731808882808987,0.213955470357674
114.85,0.1,414.105922157269,0.100796797431142,0.884359720698166,0.0021239613731443,0.215887287708074
114.86,0.1,413.991261842235,0.10439275269124,0.882688788245124,0,0.215816213573687
114.87,0.1,413.875878642993,0.103017396475672,0.880166806164181,0,0.21569515197099
114.88,0.1,413.759809548366,0.102299593429335,0.87843234312881,0.00250598152114659,0.215326813065111
114.89,0.1,413.643091574441,0.101323265220547,0.87799521140537,0,0.214594272810322
114.9,0.1,413.525761762575,0.0997859515167965,0.879535510599287,0.00145161568671579,0.213252294495393
114.91,0.1,413.40785717743,0.10177454727058,0.876579187512504,0.000162213164371748,0.215689980083711
114.92,0.1,413.289414905035,0.102642765372336,0.877038927827967,0,0.215246556639917
114.93,0.1,413.170472050873,0.101468102637068,0.876830661019647,0,0.214785872858384
114.94,0.1,413.051065737998,0.100413449621152,0.878532840864071,0.00187214739733954,0.214845868382457
114.95,0.1,412.931233105176,0.102615105832454,0.876637915011691,0,0.214257176938308
114.96,0.1,412.81101130506,0.10288201385527,0.877859853182958,0.000174502589912586,0.215616503910054
114.97,0.1,412.690437502383,0.104145680606762,0.875432899668245,0,0.214446455860436
114.98,0.1,412.56954887219,0.104531383081739,0.873495219171716,0,0.214420353652955
114.99,0.1,412.44838259809,0.100569626119667,0.877148518169711,0.00150264886283192,0.217596557344224
115,0,412.32697587054,0.100513634596275,0.875765545555909,0.000672025116464315,0.212762341377427
115.01,0,412.205365885158,0.0998004267810551,0.877781390853975,0,0.214619043758561
115.02,0,412.083589841062,0.104537711150065,0.875021826328967,0,0.213595662792028
115.03,0,411.96168493924,0.0987053551434842,0.873450811698575,0.00222666725143873,0.215948471096608
115.04,0,411.839688380949,0.102285256759463,0.874213914612377,0,0.214252183433127
115.05,0,411.717637366143,0.100534882829308,0.873521771440143,0.00174084247243991,0.215516564781664
115.06,0,411.595569091927,0.102132669234306,0.872431705871649,0,0.212159588871861
115.07,0,411.473520751045,0.102988409507356,0.871255196571532,0,0.215229801988391
115.08,0,411.351529530397,0.102801821601171,0.872199169745407,0,0.214661795010813
115.09,0,411.22963260958,0.102032228885375,0.868882551715086,0,0.213126019287735
115.1,0,411.107867159469,0.10406143364422,0.870691951756716,0.000415837039489896,0.217940732857036
115.11,0,410.986270340811,0.102875892562967,0.873384306519287,0.00142369467143593,0.215698052281319
115.12,0,410.864879302874,0.103062490264057,0.87066501152742,0,0.215041718156921
115.13,0,410.743731182098,0.102251661003227,0.869502529105227,0.00216233149977825,0.216212433100605
115.14,0,410.622863100792,0.102296541951535,0.868769021157065,0,0.215100457209566
115.15,0,410.502312165865,0.101977500618471,0.869614355347808,0.00121051042163946,0.212899998744205
115.16,0,410.382115467573,0.103870875114775,0.866232963691451,0,0.216060502161363
115.17,0,410.262310078306,0.101192504080544,0.867270138001434,0.000809551812564029,0.214525112380339
115.18,0,410.142933051404,0.101577021283966,0.867194272496177,0,0.214697152078164
115.19,0,410.024021419999,0.100793713095803,0.866722121091715,0.00119412028112615,0.21456478544935
115.2,0,409.905612195888,0.102467974504498,0.86754827254158,0,0.213626248333304
115.21,0,409.787742368449,0.100844179222824,0.866327143160782,0.000726802553181605,0.217076319278438
115.22,0,409.670448903563,0.103898342794675,0.863756387175208,0.00231537288406126,0.213833618852191
115.23,0,409.55376874259,0.103234878569941,0.866299814206076,0.000941128286486333,0.214520633282559
115.24,0,409.43773880136,0.102613300785225,0.866244401782255,0.000661567550216543,0.216643038883296
115.25,0,409.322395969202,0.100818332105681,0.8672986888245,0,0.216779488059583
115.26,0,409.207777108002,0.0993462530715248,0.866124620653525,0,0.215298539940902
115.27,0,409.093919051288,0.101231100091023,0.865241628820745,0,0.213696091933851
115.28,0,408.980858603348,0.100375697206856,0.862101994440027,0,0.215578097594931
115.29,0,408.868632538382,0.101838961956275,0.866819332489999,0,0.215367128612919
115.3,0,408.757277599674,0.102254316581339,0.859927864841888,0.000699447313673237,0.213862095212471
115.31,0,408.646830498808,0.0998757019916039,0.864022483253938,4.44722729614031e-05,0.216072301720912
115.32,0,408.537327914899,0.103621014693169,0.864822329782915,0.000547022061103251,0.215103472880864
115.33,0,408.42880649387,0.101649185368697,0.862390728628016,0.000380214159976434,0.217128686583568
115.34,0,408.321302046385,0.10207005943685,0.861393974467311,0.000215144650451536,0.214104798441328
115.35,0,408.214850427225,0.103540883284891,0.861148852328496,0.00207781819190705,0.214736875630743
115.36,0,408.109489705065,0.101581908866363,0.862097205358405,0.000619723633298367,0.214517342506473
115.37,0,408.005256386418,0.107337696769665,0.859340561180964,0.00146376788563586,0.214283057707381
115.38,0,407.902186941392,0.101088024459898,0.859268725308583,0.00211981525607583,0.211118342467165
115.39,0,407.800317803147,0.107337817314904,0.861082602811438,0.00182848786446768,0.215366944705936
115.4,0,407.699685367373,0.103710272782136,0.859007875898248,0.000803892465274058,0.213968449555766
115.41,0,407.600325991796,0.103006097218847,0.861382583508445,0.00143330347352593,0.21359255527068
115.42,0,407.502275995719,0.105014130231274,0.859066819680625,0,0.213977068312379
115.43,0,407.405571659591,0.103589789333558,0.858255936424558,0,0.214080250995309
115.44,0,407.3102492246,0.105059546699757,0.856365688304526,0.00113234894998273,0.214203645373016
115.45,0,407.216344892303,0.103256169211205,0.860901656886399,0,0.216232626628139
115.46,0,407.123894824284,0.10385996160408,0.854025449160776,0,0.215861397384114
115.47,0,407.032935141836,0.102341225630429,0.857264089225779,0.000859760818411662,0.214995742365029
115.48,0,406.943287619647,0.103370043308166,0.854953543367277,0.00113115069987455,0.214846090592027
115.49,0,406.853928831131,0.105640883600038,0.853340494061151,0,0.213011510945161
115.5,0,406.7647289559,0.101647091592832,0.85749808082309,0,0.218477969026687
115.51,0,406.675691620373,0.104688797084659,0.856509696364613,0.000579547779976289,0.215763914721334
115.52,0,406.586820446748,0.10212340715648,0.856850523806641,0,0.218140896406846
115.53,0,406.498119052848,0.105427736108102,0.85668936083886,0,0.214015503406144
115.54,0,406.409591051959,0.101223958838032,0.853818042043582,0.000862362918065132,0.213625189089144
115.55,0,406.321240052673,0.102869545112006,0.855454175146434,0,0.215194824468719
115.56,0,406.233069658728,0.103416602062689,0.855502528335197,0,0.214891421840542
115.57,0,406.145083468853,0.103468032768066,0.852758563500231,0,0.216200899941521
115.58,0,406.057285076605,0.102917703792587,0.85192049773063,0.000780448857939722,0.214931132822667
115.59,0,405.969678070212,0.104398865109751,0.854830062233484,0.000205519626455598,0.214729267929585
115.6,0,405.882266032414,0.102855217881024,0.851842446854808,0,0.215609921934
115.61,0,405.795052540301,0.103664859249205,0.85262750324399,0.000673511351556485,0.214689470633789
115.62,0,405.708041165158,0.102411052121011,0.850904786126335,0,0.214568870831998
115.63,0,405.6212354723,0.106165119911835,0.85054064570354,0.00197134776603487,0.213893119434891
115.64,0,405.534639020917,0.101842187691054,0.851196331840263,0.0011259184052974,0.215893500536227
115.65,0,405.44825536391,0.103486473530897,0.85157176082725,0.000247450363271017,0.215736328667383
115.66,0,405.362088047734,0.105873154011502,0.850372782547203,0.00161942492002628,0.214352007272391
115.67,0,405.276140612235,0.102355782730021,0.84968131401999,0,0.214911039183047
115.68,0,405.190416590495,0.101190730793252,0.849603717474249,0,0.214232172891343
115.69,0,405.104919508664,0.104049142902019,0.848604608890524,4.22853407305934e-05,0.215202492692027
115.7,0,405.019652885805,0.105543691562922,0.848541791490823,0.000498480532301984,0.217219813206648
115.71,0,404.934620233733,0.103096207077844,0.845816532059926,0.000334432920146357,0.214631291170125
115.72,0,404.849825056853,0.104183591680082,0.847753991502908,0.00240837274416782,0.216893600607264
115.73,0,404.765270852,0.104503667961422,0.848207019519706,0,0.21558689582673
115.74,0,404.680961108277,0.102235768090678,0.846234237805355,0,0.214835763873566
115.75,0,404.596899306898,0.101158967106132,0.847867779229207,0,0.215627717304861
115.76,0,404.513088921024,0.10381631275531,0.84436147382918,0,0.216845322620324
115.77,0,404.429533415604,0.10250663439966,0.844903144001817,0.00076983392923151,0.213936934334628
115.78,0,404.346236247213,0.100979282323204,0.847008400028433,0,0.215112603305974
115.79,0,404.263200863891,0.10244672093094,0.846636739575851,0,0.215900797087719
115.8,0,404.180430704986,0.103094021608607,0.843380834480213,0.00259470627896294,0.214835318887968
115.81,0,404.097929200989,0.102734048800166,0.844330683453583,0.000694675709135311,0.2148797489086
115.82,0,404.015699773374,0.103508895770834,0.842808189212665,0.000763181657161168,0.214097433725287
115.83,0,403.933745834442,0.102777494014153,0.843142284887965,0,0.216069263612487
115.84,0,403.852070787155,0.101265496577567,0.842969005206023,0,0.212534595904339
115.85,0,403.770678024977,0.102690015141003,0.843762038975372,0,0.215946886653332
115.86,0,403.689570931716,0.104323754186768,0.843842279112978,0,0.215573903324252
115.87,0,403.608752881362,0.10280028531268,0.842395276139394,0,0.21394410665294
115.88,0,403.528227237926,0.102985021474329,0.844290467934177,0,0.215318065435514
115.89,0,403.447997355282,0.0996810601881985,0.842553950964386,0.000286385313164612,0.211597718127272
115.9,0,403.368066577006,0.105991291721348,0.839725029699756,0.00084585457055968,0.216013637597876
115.91,0,403.288438236216,0.105364840862338,0.840031933189477,4.97158380169392e-06,0.215451023195954
115.92,0,403.209115655414,0.101133110474306,0.843110126104701,0,0.216405123018033
115.93,0,403.130102146322,0.101479834406873,0.842862739842751,0.00151378601527631,0.215459855096662
115.94,0,403.05140100973,0.104296504515885,0.839519554230926,0,0.21403794114891
115.95,0,402.97301553533,0.102702948788569,0.839702541044787,0.000654081429770848,0.215190795041503
115.96,0,402.894949001562,0.103849248477062,0.839642724580947,0.00034894784113554,0.214281075638001
115.97,0,402.81720467545,0.101807885426677,0.841311398028175,0.00125901275705814,0.215027657694975
115.98,0,402.73978581245,0.101181694107602,0.837215284502116,0.00105961909436618,0.215183711380199
115.99,0,402.662695656286,0.10125083890514,0.838931785723454,0,0.214485779925076
116,0,402.585937438795,0.102700202233583,0.834246786340231,0.000446161533848859,0.21319665439643
116.01,0,402.509514379767,0.10330556381625,0.834635664916089,0.000819287303991755,0.213779799490969
116.02,0,402.433429686792,0.102671924007446,0.836830932723069,0,0.21388659508639
116.03,0,402.357686555094,0.103452889130399,0.838374343564796,0.00046786040285419,0.212758594031639
116.04,0,402.282288167384,0.104613559638883,0.837957613298663,0,0.215543993775246
116.05,0,402.207237693696,0.103716256959836,0.835643068418166,0.000515281873783254,0.217619311887835
116.06,0,402.132538291233,0.1026221126099,0.838138599144981,0.00381415196059837,0.216104544121005
116.07,0,402.058193104212,0.101685209968663,0.837092836076894,0.00113819244139173,0.217531195554639
116.08,0,401.984205263706,0.101344647116222,0.837141765946092,0.000973597798762659,0.21650975115304
116.09,0,401.910577887488,0.10320206730588,0.838176791136478,0,0.212556865967901
116.1,0,401.83731407988,0.102803952045789,0.834182192747289,0,0.213584561399637
116.11,0,401.764416931592,0.102717096824337,0.835403458767963,0.00230725981305172,0.214524673894148
116.12,0,401.691889519575,0.103725034666426,0.835184755606851,0,0.212874824306508
116.13,0,401.619734906858,0.104618898507491,0.832326113945682,3.121265519185e-05,0.215566351942566
116.14,0,401.547956142401,0.103634441309907,0.838171200686369,0.00137397874630708,0.214718637473538
116.15,0,401.476556260942,0.102192655680894,0.833820396388673,0,0.214971237303813
116.16,0,401.405538282837,0.103540237272183,0.835276782748575,0,0.216848966552893
116.17,0,401.334905213916,0.103204401144116,0.833601689987868,0,0.214450556445445
116.18,0,401.264660045327,0.102077076426947,0.832075582231426,0.000699198740994099,0.213846664999462
116.19,0,401.194805753381,0.104586057910557,0.832906239191166,0,0.214741933048928
116.2,0,401.125345299409,0.103394602157915,0.830630600371092,8.29345288446302e-05,0.215463052668228
116.21,0,401.056281629604,0.10383751150199,0.831933414984089,0,0.2144908211245
116.22,0,401.463028825968,0.10330515465004,0.828702045607992,0.00168834074159643,0.213665344158996
116.23,0,401.653276878172,0.100116826832784,0.829873333771127,0,0.216033412540834
116.24,0,401.781722653464,0.103406074766015,0.832280572719923,0.000816315519335683,0.217073034664508
116.25,0,401.913629447427,0.101430848196969,0.83047945464741,0.000550222793016566,0.213243644548062
116.26,0,402.050334494101,0.102247006413352,0.827876426079757,0,0.215834709405298
116.27,0,402.191293049345,0.102511325372272,0.827979584472589,0.00111011158308903,0.213609796499479
116.28,0,402.336494919436,0.102323839993809,0.830989183714164,0.00108556547405418,0.217196154969168
116.29,0,402.485977261909,0.100886590002596,0.829496678074431,0,0.217680406727267
116.3,0,402.639774481192,0.101611285606732,0.827011157682966,0,0.215480858842103
116.31,0,402.797920381854,0.102693368123522,0.827895327176599,0,0.215404224557331
116.32,0,402.960448783947,0.102268295835322,0.831473250763536,0.000140440582648561,0.215234533610797
116.33,0,403.127393536183,0.102526279497537,0.828276215651878,0.00107126554770024,0.218318065821537
116.34,0,403.298788511955,0.102224127386443,0.8291767931555,0.00116115631315124,0.211974181445156
116.35,0,403.474667610408,0.100761906882733,0.82935734351905,0,0.212518755451186
116.36,0,403.655064757977,0.0975318275020405,0.827343858335197,0,0.215581424352246
116.37,0,403.840013909906,0.104006288065741,0.829920818930197,0.00256707454151261,0.215445010738028
116.38,0,404.029549051773,0.101116332997534,0.827151623247471,0.00163660371814552,0.215069744602313
116.39,0,404.223704201013,0.0994296133722591,0.828315436725561,0.000119425067788967,0.214496671307807
116.4,0,404.422513408467,0.100583572291455,0.827230577075498,0,0.216342405306344
116.41,0,404.62601075993,0.101613158281824,0.829936247164703,0.000203743945737243,0.212382083621624
116.42,0,404.834230377703,0.0992862334333752,0.82782580086168,0.000349792986825278,0.215171618112238
116.43,0,405.047206422168,0.0987047613291974,0.82513553056456,0.00324492851121261,0.216342223157264
116.44,0,405.264973093357,0.100963984858676,0.822985962766383,0,0.215385383595744
116.45,0,405.487564632535,0.0973069672247179,0.826771705595566,0,0.216553743740305
116.46,0,405.715015323789,0.0985370354570095,0.82499247961976,0.000115322993888223,0.214943219242842
116.47,0,405.947359495628,0.10178532076549,0.823683872212789,0.000320005860755455,0.215024636702635
116.48,0,406.184631522581,0.100392716546024,0.823990606506132,0,0.215368860132141
116.49,0,406.426865826816,0.100162751110886,0.826053183995435,0.00147691219246171,0.215195561361186
116.5,0,406.67409687975,0.101582535229902,0.826801101864116,0.00256044915511952,0.215157821896467
116.51,0,406.926359203676,0.101662266204377,0.823404966729558,0,0.215449809965194
116.52,0,407.183687373389,0.0983601659207784,0.821013035364643,0.000151830334848534,0.21480950313514
116.53,0,407.446116017827,0.0993935108628743,0.823512877240599,0,0.214535706292005
116.54,0,407.713679821704,0.09894030968658,0.824165752617405,0,0.216062150731919
116.55,0,407.986413527164,0.0991553207718275,0.824717742703681,3.09100252440348e-05,0.21503550090744
116.56,0,408.264351935425,0.099297132369326,0.820447396561768,0,0.215512502562522
116.57,0,408.547529908438,0.099813894486408,0.82119128991942,0,0.218032031931656
116.58,0,408.835982370544,0.0993360529702287,0.823469526815195,0,0.214245800986425
116.59,0,409.129744310141,0.0996129300374581,0.822496151519863,0,0.214504688366533
116.6,0,409.42885078135,0.0978336666136762,0.822206095819103,0,0.216061859125621
116.61,0,409.733336905688,0.0964005121087613,0.819652502222919,0.000498891438950743,0.215270372980154
116.62,0,410.043237873742,0.097238125931442,0.820532962521534,0,0.214236297104331
116.63,0,410.358588946845,0.0957062214087915,0.819401859455294,6.01459808595366e-05,0.215063292438025
116.64,0,410.679425458761,0.0958767312705354,0.822910149758161,0,0.214956268134207
116.65,0,411.005782817365,0.0957571566868174,0.82026388897471,0,0.216697863391957
116.66,0,411.337696506332,0.0974621825845935,0.824854494712414,0,0.215275675365274
116.67,0,411.675202086821,0.0956920233086335,0.821393513918077,0.00167369176142324,0.21369336919245
116.68,0,412.018335199167,0.0982310646251904,0.819861696042094,0.00143645668448589,0.216637761177747
116.69,0,412.367131564573,0.0961552099174751,0.822274810961389,0,0.21519692531472
116.7,0,412.721626986803,0.0960884291150665,0.821166053802689,0.000717411842155868,0.213400758231152
116.71,0,413.08185735387,0.0936528067399001,0.820500159241093,0,0.212980201066523
116.72,0,413.447858639738,0.0952319235467,0.819481367005743,0.00183339007144491,0.215897517982811
116.73,0,413.819666906012,0.0960646057283474,0.819559777471412,0.00252081671733611,0.217970114774879
116.74,0,414.197318303635,0.0967315281789315,0.818472090126324,0,0.21544349419327
116.75,0,414.580849074579,0.0961555580541534,0.818568153925849,0.00028129893796058,0.21518254356895
116.76,0,414.970295553549,0.0955532160420784,0.818015743247544,0.00229795508536272,0.215159881205569
116.77,0,415.365694169666,0.0948906817166111,0.818215454168921,0,0.216240377935204
116.78,0,415.767081448166,0.0956680087150262,0.814597110248357,0,0.215204286197518
116.79,0,416.174494012093,0.0924227914111758,0.817387267539656,0,0.217336256337852
116.8,0,416.587968583988,0.0931098989960708,0.818317007662217,0.000964074285897385,0.212621226602775
116.81,0,417.007541987576,0.0926717377418279,0.818275570792841,0,0.2125256427488
116.82,0,417.433251149459,0.0913321800213635,0.818312659883326,0,0.215872881955773
116.83,0,417.865133100795,0.0925085577767302,0.818019032475862,4.86230401386665e-05,0.215430846637163
116.84,0,418.303224978984,0.0945506260634125,0.816823857402633,0.00098426641233693,0.214078686320006
116.85,0,418.747564029347,0.0961061325027846,0.817473634275738,0.000966136432621591,0.213479910977713
116.86,0,419.198187606801,0.0928366208894629,0.818309446748146,0,0.214903640548887
116.87,0,419.655133177536,0.0939142058253484,0.818648853755343,0,0.214855754281481
116.88,0,420.118438320683,0.0933955986469741,0.819023946162405,0.00240071515842316,0.215698058514421
116.89,0,420.588140729978,0.0918193239708397,0.817933634471343,0,0.212610239477124
116.9,0,421.06427821543,0.0936990581965718,0.816354047676257,0,0.213869810979478
116.91,0,421.546888704971,0.0940351961044104,0.819233992352747,0.000593722724052804,0.214818207677073
116.92,0,422.036010246114,0.0908144348448327,0.817948186540885,0.00149780959607926,0.215710270617142
116.93,0,422.531681007601,0.0881790802792456,0.816192019672499,0,0.215063983574548
116.94,0,423.033939281043,0.0910780778183532,0.81455820756512,0,0.214870746611948
116.95,0,423.54282348256,0.0911025099165824,0.816960954953994,0.00169085621171579,0.21607327323703
116.96,0,424.058372154409,0.0886909938408726,0.813691410502534,0,0.214902891723753
116.97,0,424.580623966613,0.0892525072176325,0.817884510222229,0.00225123107969566,0.213288983051678
116.98,0,425.109617718579,0.0879171201279245,0.814783201387679,0,0.215516555852565
116.99,0,425.645392340708,0.0883435911894927,0.81572249681058,0.00127476974314952,0.214584880272221
117,0,426.187986896006,0.0899404239945356,0.81262182048729,0.000127294266136517,0.214925122900643
117.01,0,426.737440581674,0.0886542973866939,0.814177139918103,0.0013960798611711,0.2156397002039
117.02,0,427.293792730707,0.0887499881145293,0.814277379702213,0,0.213532424495155
117.03,0,427.857082813471,0.0874040917124844,0.815727019085289,0,0.214494458411707
117.04,0,428.42735043928,0.0872135120929902,0.816015721163814,0,0.215938071172288
117.05,0,429.004635357963,0.0882977997659992,0.818124933657518,0,0.215000550962132
117.06,0,429.58897746142,0.0889891083436688,0.813630273708452,0,0.214125149503058
117.07,0,430.180416785174,0.0861111600284868,0.815503066755858,0.000276136076439366,0.215478928967689
117.08,0,430.778993509905,0.0885065165042098,0.814855773872184,0.00111285725294911,0.216969507727991
117.09,0,431.384747962985,0.0881863242320497,0.811096420863622,0,0.213933506499717
117.1,0,431.997720619997,0.0875255413747097,0.814981813833963,0,0.21371321648177
117.11,0,432.617952106239,0.087362590123516,0.814174741762025,0,0.215317100078548
117.12,0,433.245483198233,0.0862919654359047,0.814736145406977,0.00178843075792845,0.214168242489712
117.13,0,433.880354825208,0.0848776169314282,0.814648583616834,0,0.21660781341049
117.14,0,434.522608070575,0.0851285918996874,0.814333808324887,0.000972244970852075,0.215744844189467
117.15,0,435.172284173398,0.0860713961464271,0.815874793988932,0.00282345386512007,0.212912032889555
117.16,0,435.829424529847,0.0868813711629944,0.813275444089016,0,0.21351428583974
117.17,0,436.494070694637,0.0854907172973272,0.814105818300564,0.000212197764956856,0.21356805747197
117.18,0,437.166264382463,0.0848899459029866,0.811696057691923,0.00169158308467713,0.213475822106778
117.19,0,437.846047469413,0.0849248425280156,0.814340464961889,0.00128870503388765,0.215073183128815
117.2,0,438.533461994373,0.0833692690065229,0.815144784724517,0,0.21271456424778
117.21,0,439.228550160422,0.0848306180740911,0.812889326430408,0,0.215581101574992
117.22,0,439.931354336203,0.0867970792219855,0.813758128930524,0,0.21360483996044
117.23,0,440.641917057291,0.0837999003076251,0.811549891521799,0.00328209734784461,0.211367991845082
117.24,0,441.360281027541,0.0824973355316612,0.814009153335205,0,0.216087055834967
117.25,0,442.086489120422,0.0809796429256749,0.812354004787268,0,0.215517130282449
117.26,0,442.820584380336,0.0835977615469906,0.811005555951627,0.000250884972652094,0.213965788700522
117.27,0,443.562610023924,0.0831562732785723,0.813377225489266,0.00197320867701315,0.21670569073466
117.28,0,444.312609441354,0.0831727402782221,0.811761057733446,0.000974484723163938,0.214922064911044
117.29,0,445.070626197594,0.082145851522571,0.812971754374027,0.000497735062534166,0.216328497523985
117.3,0,445.836704033668,0.0813308064671893,0.815849786778349,0.000841828669738348,0.216239756661178
117.31,0,446.610886867897,0.0815235267897683,0.810699052340908,0,0.215471646997233
117.32,0,447.393218797122,0.0802312949264045,0.813620120197532,0.00263682614769635,0.216316425620286
117.33,0,448.183744097907,0.079400999816339,0.812668772512645,0,0.215247556651198
117.34,0,448.982507227733,0.0773888185659871,0.81157654985622,0,0.214934175589726
117.35,0,449.789552826164,0.0779071604345416,0.813558553019761,0.00138320178547435,0.212680957875915
117.36,0,450.604925715997,0.0798782375476534,0.814360173096171,0,0.215501582192027
117.37,0,451.428670904402,0.0767890580408074,0.812135114453634,0.00137442138076659,0.214438917932625
117.38,0,452.260833584029,0.0748098450573777,0.812947305080558,0.000965696566215151,0.216703017381569
117.39,0,453.101459134108,0.0760475351209015,0.811098697997829,0,0.216998972938714
117.4,0,453.950593121521,0.075633816269083,0.813112115190051,0,0.216653347951024
117.41,0,454.808281301858,0.0759807787907026,0.813216759685807,0.00177536473355708,0.217334732727664
117.42,0,455.674569620454,0.0763080011616959,0.811420733437286,0.000853068043784097,0.215797717676948
117.43,0,456.549504213396,0.0773132681982524,0.812991400991476,0,0.215885757627856
117.44,0,457.433131408523,0.0763273617392091,0.812953992230305,0,0.216610747254436
117.45,0,458.325497726394,0.0761615800415203,0.81347967754246,0,0.213953970159961
117.46,0,459.226649881235,0.075480686407662,0.812305113494778,0,0.215113458074288
117.47,0,460.136634781869,0.0753620528241226,0.813796524156934,0,0.212851454559272
117.48,0,461.055499532618,0.0748814444422412,0.813987438641528,0.00168341840645709,0.214149927026807
117.49,0,461.983291434185,0.0728351698981232,0.812663630352619,0,0.214482465983074
117.5,0,462.920057984511,0.0748403424857294,0.812041095204383,0,0.213585334306023
117.51,0,463.865846879608,0.0744697346510934,0.811303570249271,0,0.215158745979548
117.52,0,464.82070601437,0.0746487581061484,0.812196268610369,0,0.214457861754022
117.53,0,465.784683483356,0.0725960701856697,0.815240490330328,0,0.217368949769722
117.54,0,466.757827581553,0.0699904187601145,0.810474464706091,0.000775584975607097,0.215771819385312
117.55,0,467.740186805107,0.0682408795472327,0.813738530131464,0.00114132678557929,0.213194604356896
117.56,0,468.731809852033,0.070900232134216,0.813859017279688,0.000556688944106031,0.21679698301323
117.57,0,469.732745622898,0.0717414678819571,0.811863924162587,0.00172211793417872,0.215285900997237
117.58,0,470.743043221477,0.0693672058751491,0.809964259291716,0,0.215580471012701
117.59,0,471.76275195538,0.0700118020351054,0.812443233151253,0.000311743284167615,0.214721045682309
117.6,0,472.791921336657,0.066792082187245,0.812965923251219,0,0.21450290413411
117.61,0,473.830601082368,0.069076746938253,0.813167602070061,0.000288779880052449,0.213609779640068
117.62,0,474.878841115131,0.0666602066597674,0.814986577713402,0.000278174790719793,0.216057073486426
117.63,0,475.936691563638,0.0684245690784291,0.809932656059709,0.000417471090634349,0.216560194126949
117.64,0,477.004202763143,0.0685233794490687,0.812429952256552,0.00211972578530733,0.2150013099579
117.65,0,478.08142525592,0.0693651403442313,0.811795403286434,0.000249993499246048,0.217456754207073
117.66,0,479.168409791691,0.067296594989811,0.812639797260975,0.00160694972285288,0.213715992217505
117.67,0,480.265207328027,0.0669305810042541,0.812541519989512,0.00182019421665343,0.214991031005081
117.68,0,481.371869030709,0.0625238281336189,0.817013676506848,0,0.212759619721139
117.69,0,482.488446274074,0.0652542780383123,0.815739219332142,0.00230301612442662,0.216106166769279
117.7,0,483.61499064131,0.0632346066465387,0.812936073197289,0,0.211484912781233
117.71,0,484.751553924736,0.0621262412044246,0.814570236811793,0,0.215928324143597
117.72,0,485.898188126035,0.062406462814542,0.815362633852861,0,0.215172823581373
117.73,0,487.054945456469,0.0640368374968142,0.810688775698117,0.00129039422665885,0.212005836331823
117.74,0,488.221878337047,0.0650316560071101,0.811497057719536,0.00140402446778809,0.214635313083011
117.75,0,489.399039398669,0.0634349451436738,0.813468082598587,0.000460333193186403,0.219034979690026
117.76,0,490.586481482229,0.0610192753492671,0.810192732724312,0.00216769950246073,0.214379496196686
117.77,0,491.784257638687,0.0598628010688894,0.81256117544084,0.00105269451837919,0.216465191548528
117.78,0,492.992421129107,0.0620164472877261,0.812813027395331,0.000489065665836131,0.216176818254575
117.79,0,494.211025424655,0.0608251319670446,0.812912208732106,0,0.21574471885724
117.8,0,495.440124206564,0.0595874411275665,0.813366310188389,0.000740287150414696,0.216332559959843
117.81,0,496.679771366064,0.060387865835785,0.81656079051065,0.00249454306503484,0.214885460637793
117.82,0,497.930021004271,0.0589877895842892,0.814690273351575,0,0.214069077570015
117.83,0,499.19092743204,0.0557117911928143,0.814425733373852,0,0.213657223253401
117.84,0,500.462545169783,0.057257316700483,0.815366348565497,0,0.215956554185771
117.85,0,501.744928947246,0.0580561361270981,0.815157360625254,0,0.214829098765217
117.86,0,503.038133703248,0.057227622262763,0.815534009588403,0.00211348519938697,0.215268232853138
117.87,0,504.342214585374,0.0554362693936972,0.81328884322184,0,0.215374390630058
117.88,0,505.657226949646,0.0568766212739468,0.814282380126229,0.000870104462653441,0.212958109011585
117.89,0,506.983226360134,0.0547538936105806,0.816265258540429,0,0.215105538565551
117.9,0,508.320268588537,0.0565949710813151,0.815699577202667,0,0.214450571265452
117.91,0,509.66840961372,0.0533336614771668,0.816819154648719,0,0.213137064322643
117.92,0,511.02770562121,0.0531213947065943,0.816524611511486,0,0.214079473551592
117.93,0,512.398213002653,0.0539479373339245,0.81351994976178,0,0.215421095516962
117.94,0,513.779988355221,0.0552825719757373,0.815307563317864,0.00275211384940287,0.212362426114784
117.95,0,515.173088480979,0.0529958094350961,0.815679792148947,0.000381819686622074,0.215357282893682
117.96,0,516.577570386215,0.0510406713888404,0.815427408523785,0.00186350909989864,0.212532176402303
117.97,0,517.993491280716,0.0513696765302561,0.814897170612046,0.00174282988822666,0.216481790003175
117.98,0,519.420908577005,0.0519497382436157,0.816268664411809,0,0.217231092121016
117.99,0,520.859879889532,0.0521886176565809,0.815799124061502,0,0.215083992231876
118,0,522.31046303382,0.0534765243591187,0.813675666032523,0,0.215424082205509
118.01,0,523.772716025561,0.0509443302156636,0.816953534316599,0,0.213253005851173
118.02,0,525.246697079674,0.0490346405233252,0.81445301354915,0,0.218429257088181
118.03,0,526.732464609308,0.0489438407199227,0.817817729495172,0,0.214936592429188
118.04,0,528.230077224796,0.046387366429054,0.815914221285833,0,0.213366979870937
118.05,0,529.739593732577,0.0483289329562504,0.814903819970011,0,0.214193890682192
118.06,0,531.261073134041,0.0485407589652799,0.816522576989966,0.000815691145708739,0.216420100974038
118.07,0,532.794574624357,0.0484659309648855,0.814133247500852,0.00255400474472701,0.216361518915305
118.08,0,534.340157591228,0.0461245264973148,0.816407710935102,0,0.214250479167255
118.09,0,535.897881613607,0.0453909423715397,0.816475223155891,0.000892480292797192,0.213131725525394
118.1,0,537.467806460356,0.0458765644790915,0.815709620387266,0,0.213871304758209
118.11,0,539.049992088865,0.0454790698462523,0.817751710387329,0.00199979157996304,0.21666998885402
118.12,0,540.644498643603,0.0415543894178117,0.816639078654389,0.000872559226085678,0.216781588111541
118.13,0,542.251386454635,0.0420393820210792,0.816332957708129,0,0.212647277592561
118.14,0,543.870716036072,0.0422442859556385,0.818179058875961,0.00197446769248356,0.21396722003221
118.15,0,545.502548084474,0.0431857766310385,0.817262859814334,9.6352578405314e-05,0.214271632295326
118.16,0,547.146943477204,0.0406439395055028,0.816835169309542,0,0.213045281460329
118.17,0,548.803963270713,0.0417643233939484,0.820179548123907,0,0.216788661441873
118.18,0,550.473668698794,0.0432739434050136,0.817112826534807,0.00122795246264699,0.215002823066765
118.19,0,552.156121170757,0.0414173264231143,0.820016635184671,0.000701413606750728,0.214380394538463
118.2,0,553.851382269563,0.0419193381119619,0.81701424921329,0.00314500219172737,0.216312076471053
118.21,0,555.559513749899,0.0416294756417033,0.819484431001494,0,0.215413365936813
118.22,0,557.280577536194,0.0376688588607349,0.819981410980117,0.00077541102647703,0.216811121774555
118.23,0,559.014635720578,0.0374648654402627,0.818584287063648,0,0.215765490465116
118.24,0,560.761750560791,0.0387400120502231,0.817180651316314,0.00120005324995312,0.217976671740862
118.25,0,562.521984478019,0.0382838763498751,0.817096326073392,0,0.214764110042881
118.26,0,564.295400054689,0.0351068601880552,0.821705797995027,0.00218751341096517,0.214808234103716
118.27,0,566.082060032188,0.0330814440478327,0.822778485761147,0.000480346382426761,0.217129163993135
118.28,0,567.882027308539,0.0367101815102737,0.818086551090451,0.000294059334492965,0.214466586973065
118.29,0,569.695364936004,0.0356768064365317,0.819124493039805,0,0.215071460542786
118.3,0,571.522136118633,0.0348676264067473,0.820084350664672,0,0.216912876809897
118.31,0,573.362404209749,0.0332401442196527,0.819418597613239,4.42045265206817e-05,0.214171639796045
118.32,0,575.216232709376,0.0310041557282106,0.822040487736783,0,0.214846403749071
118.33,0,577.083685261596,0.0302553083840448,0.820699716216973,0,0.21479821370214
118.34,0,578.964825651856,0.029959905050889,0.816623561302593,0,0.21485556409105
118.35,0,580.859717804204,0.0311398976521903,0.820163097367116,0,0.218466859961037
118.36,0,582.768425778459,0.0295402416256543,0.822606754536387,0,0.215568098847194
118.37,0,584.691013767324,0.0289742449035346,0.821983730244083,0,0.215653380105745
118.38,0,586.627546093437,0.0289183225297324,0.820125137578487,0.000772175593796401,0.213324464468746
118.39,0,588.57808720634,0.0289941647086983,0.821569571621381,0,0.212568636313921
118.4,0,590.542701679405,0.0284622424124744,0.821348522361297,0.00165377115084267,0.214102270571444
118.41,0,592.521454206682,0.0239791655214849,0.822790093371928,0.000650022663247788,0.215824966352141
118.42,0,594.514409599679,0.0264786264257756,0.821462112523814,0.00146473067318463,0.215349302048933
118.43,0,596.521632784084,0.0267284311207311,0.821854610641421,0.0010840535305926,0.216301718839381
118.44,0,598.543188796408,0.0268863998083571,0.821364546457033,0,0.21413003342889
118.45,0,600.579142780574,0.0254970518334992,0.824532409619959,0.00230888351053908,0.214626871701251
118.46,0,602.629559984428,0.024426718090648,0.826843523474198,0,0.215099592421865
118.47,0,604.694505756184,0.0226284671516871,0.823119224508797,1.24402957920308e-05,0.214755727474884
118.48,0,606.774045540805,0.0239519089888652,0.82539468239639,0,0.215540229263059
118.49,0,608.868244876302,0.0232854299699721,0.821788790726679,0,0.214946693102122
118.5,0,610.977169389981,0.0228233037136953,0.826533593939872,0.00117201534577482,0.213440834362753
118.51,0,613.100884794604,0.02159366207841,0.825158754095242,0.00107436164954255,0.213839621814629
118.52,0,615.239456884488,0.0227872221357417,0.82477467252203,0,0.214412317292035
118.53,0,617.392951531529,0.0180827881581903,0.824580364777181,2.19696382304974e-05,0.212255032854533
118.54,0,619.561434681157,0.0198641126815397,0.826159499581306,0.00152470758269295,0.21446087279112
118.55,0,621.74497234822,0.020019587402679,0.82505032484633,0.00034509333155738,0.216694768779245
118.56,0,623.943630612788,0.0187153176843379,0.827383859766058,0,0.212299496717545
118.57,0,626.1574756159,0.0178601945609963,0.827797464141217,0,0.214685346893802
118.58,0,628.386573555216,0.0179382464955918,0.824908252951012,0,0.217387083922726
118.59,0,630.630990680618,0.0163944633592621,0.826731187890896,0,0.212423595947845
118.6,0,632.890793289721,0.0146619150765504,0.826756947481558,0,0.21615289516038
118.61,0,635.166047723314,0.0147621476118827,0.827847792470675,0,0.216031692658735
118.62,0,637.456820360738,0.0148687623265645,0.82567079481948,0.00202839973418912,0.213800222461226
118.63,0,639.763177615166,0.0119339921482999,0.828752833384572,0,0.215341498958606
118.64,0,642.08518592883,0.0133127317265158,0.826327211515807,0,0.215276536436686
118.65,0,644.42291176816,0.0129385834349642,0.829074201285919,0.000460399327053153,0.214120683053627
118.66,0,646.776421618849,0.0122161650632997,0.828562964446273,0,0.21418424317137
118.67,0,649.145781980846,0.0111271384162614,0.828005824285,0,0.212162005920083
118.68,0,651.531059363266,0.0114826201577241,0.830730338810746,0,0.215833274673006
118.69,0,653.932320279231,0.0105459877015022,0.830674342429629,0.000392603513220344,0.215806957465749
118.7,0,656.349631240623,0.00779792125464749,0.831427689920834,0.000321202568843469,0.216308747549644
118.71,0,658.783058752774,0.00706788906413944,0.832081405341889,0,0.219449238796309
118.72,0,661.232669309063,0.00658565824762616,0.828436150805319,0,0.210722739979226
118.73,0,663.407397576696,0.0101836211542548,0.828452907814156,0,0.213449895882697
118.74,0,665.23526037194,0.00700728282942104,0.830128480218931,0,0.2153160266043
118.75,0,667.032493656095,0.00817173276372166,0.831838957481281,0.00147093720583535,0.213216637630219
118.76,0,668.781904025452,0.00526605199098211,0.828831428604428,0,0.216361947869625
118.77,0,670.103377421961,0.00404397797532815,0.831462447008616,0.000563713168018759,0.215235113878874
118.78,0,671.295761639832,0.0053073239902252,0.834282628936104,0,0.213790793429243
118.79,0,672.490094816853,0.00564409408731697,0.831117236429238,0.000110692783231489,0.214943814679537
118.8,0,673.688610531486,0.00370537247777353,0.832710215814292,0,0.215440925931226
118.81,0,674.889200335686,0.0052728578223131,0.830348697084685,0.00276941131434198,0.214011072734218
118.82,0,676.097727941895,0.0041504217533199,0.833501327461448,0.000794360908092771,0.21497697562964
118.83,0,677.313871048995,0.00254659518752611,0.833936142178658,0.00072018822912638,0.213316458942542
118.84,0,678.530527353015,0.00298696446430963,0.833585531457884,0,0.216205248905829
118.85,0,679.753271290414,0.00269902911896872,0.832782403740593,0.00101842571812592,0.212722058419455
118.86,0,680.984535957948,0.00274496396121943,0.83366717734606,0.00117930977613229,0.210941469177943
118.87,0,682.219329842367,0,0.834146250323846,0,0.213313167805924
118.88,0,683.45638324044,0.000263402967373373,0.834223046698291,0,0.213844978306776
118.89,0,684.701254669117,0.00213897680927972,0.836711562758979,0,0.216206144284948
118.9,0,685.953531568063,0.00159420496247717,0.835267891762622,0,0.217011671939545
118.91,0,687.205918195986,0.00123140088254595,0.836906258277108,0,0.215193391831512
118.92,0,688.464136592124,0.00115689119635506,0.83689523050347,0,0.213775538133022
118.93,0,689.730680761704,0.00310353413940126,0.839508288311274,0.000489978157246743,0.215076006903552
118.94,0,690.762237705373,0.000856604210322423,0.836166059189757,0,0.211074998008122
118.95,0,690.890552431209,0.00101096554650942,0.837643481182989,0.000290479087578883,0.215153924641957
118.96,0,691.01947020883,0,0.839311868344065,0,0.212984172742296
118.97,0,691.148985614958,0.000418944937091329,0.840503843811756,0,0.216577949677165
118.98,0,691.279093204273,0.0014874915514249,0.837460933771298,0.000977962632461469,0.215371911108822
118.99,0,691.409787509684,0.000547735400190328,0.836027121929997,0,0.214530921496732
119,0,691.541063042597,0.00115914588266359,0.838515682734641,0.00195508109492377,0.214781026137799
119.01,0,691.672914293187,0.000901057629804507,0.838231868345211,0.000809058205400662,0.214572463959465
119.02,0,691.805335730664,0.00245753950379226,0.838456115141943,0,0.213318041785214
119.03,0,691.938321803549,0.00185454176837264,0.840949151633405,0,0.212697534088343
119.04,0,692.071866939941,0,0.838844548154091,0.00064979689190399,0.213328985120132
119.05,0,692.205965547791,0.00129388541329154,0.838234971469058,0.00134961757335049,0.213888744662924
119.06,0,692.340612015172,0,0.841242041393083,0.0004264927453622,0.216206054850758
119.07,0,692.475800710554,0,0.840449454402595,0.00222166501956706,0.21516532989673
119.08,0,692.611525983075,0.000392252658848171,0.841455200573234,0.00129479879158596,0.214938372914942
119.09,0,692.747782162813,0.00142965880736065,0.841324227065758,0,0.213641283098325
119.1,0,692.884563561062,0.00162535564313247,0.842629322605604,0.00128585715729067,0.215019312659935
119.11,0,693.021864470603,0,0.841565225989003,0.000776960813394861,0.214161750115194
119.12,0,693.15967916598,0,0.841220443415229,0,0.215410039376046
119.13,0,693.298001903774,0,0.841714382875372,0.00070298060562586,0.213925244707679
119.14,0,693.436826922875,0,0.845117644147284,0.00105243273522691,0.215847842336857
119.15,0,693.576148444761,0,0.843879712931571,0,0.214012684347297
119.16,0,693.715960673769,0.0003814512433515,0.845255691958397,0.00120642650078873,0.213021390399773
119.17,0,693.856257797371,0,0.845518234985649,0,0.215732205251689
119.18,0,693.99703398645,0.00106991428632479,0.846495507685143,0,0.215477219684768
119.19,0,694.138283395576,0,0.846423915503155,0,0.212620796792942
119.2,0,694.280000163281,0,0.844254778089854,0.000278387480277686,0.215275741158921
119.21,0,694.422178412332,0,0.847714447494411,0.00295972414887439,0.216404249776798
119.22,0,694.56481225001,0.000521437243153223,0.847688009618055,0,0.211781081460695
119.23,0,694.707895768387,0,0.84591922181265,0,0.213904142936818
119.24,0,694.851423044598,0.00111936126882164,0.846653742314872,0.00128169514566159,0.216267469381931
119.25,0,694.995388141118,0,0.848749472827818,0.00310150334409708,0.216688560467863
119.26,0,695.139785106041,0.00094638772182266,0.846149172087828,0.00282572705541477,0.213171067484147
119.27,0,695.284607973351,0,0.845226040417023,0.000497324662284697,0.215306805404861
119.28,0,695.429850763204,0.00189644446599428,0.848783982143605,0.00263873769821968,0.215619035066179
119.29,0,695.575507482199,0.000509280474245371,0.84810004655575,0,0.215097330959655
119.3,0,695.721572123654,0.0011196230464577,0.848605576105137,0.000645144376605228,0.213458417287892
119.31,0,695.868038667888,0.00183212283923199,0.847906823876834,0,0.216247758491431
119.32,0,696.014901082489,0,0.849905237559188,0,0.21568911601838
119.33,0,696.162153322594,0,0.850236986037618,0.00183815017803177,0.213198916239061
119.34,0,696.309789331165,0,0.851931010048868,0,0.215985054558295
119.35,0,696.457803039262,0,0.851304579845851,0,0.215689644567223
119.36,0,696.60618836632,0.00100589675829892,0.848676065339706,0.00142663267914044,0.215329133749307
119.37,0,696.754939220427,0.000691273105415779,0.85081815801304,0.00140531681460096,0.216726372333895
119.38,0,696.904049498592,0,0.853449411924661,0.00156539075100701,0.216920567372727
119.39,0,697.053513087028,0.000714784992299908,0.85186134561958,0,0.216708768976221
119.4,0,697.203323861421,0.000726241793066022,0.852667129200301,0,0.21619189095578
119.41,0,697.353475687205,0,0.853163391746509,0.000960471923911818,0.212341951473919
119.42,0,697.503962419843,1.60550064004348e-05,0.854599677051885,0.00013919700676708,0.215587314507803
119.43,0,697.65477790509,0,0.853100865324409,0,0.2154965754061
119.44,0,697.805915979277,0.000953573758760988,0.855448471225039,0,0.219094034627192
119.45,0,697.957370469579,0.000644057885390623,0.854942366660244,0,0.217113094908701
119.46,0,698.109135194289,0.00243932978745665,0.853936179849631,0.00176181939192315,0.216190487234724
119.47,0,698.261203963093,0,0.853399459334747,0,0.216254484026595
119.48,0,698.413570577339,0,0.856575694475187,0,0.217052733008035
119.49,0,698.566228830315,0,0.854778027170091,0,0.212747309736305
119.5,0,698.719172507516,0.00052369086696075,0.854657940963607,4.7953309134213e-05,0.215147351213061
119.51,0,698.872395386917,0.00264004376960884,0.85577769381778,0,0.216137388917611
119.52,0,699.025891239245,0.00193295716058853,0.854163220375309,0.00110070861163547,0.214401613308931
119.53,0,699.179653828252,0.00113044541158102,0.85664725517423,0,0.213669314590059
119.54,0,699.333676910981,0,0.859754470852824,0,0.213936108281098
119.55,0,699.487954238037,0.000865717667882772,0.858531869458933,0,0.21683314637111
119.56,0,699.642479553863,0,0.859754419697241,0,0.215813885248231
119.57,0,699.797246597,0,0.855079694576578,0.00227054295851638,0.216210501270808
119.58,0,699.952249100362,0,0.861395108616566,0,0.213565769167905
119.59,0,700.107480791505,0,0.857960914558999,0.000525292277395921,0.215138465318569
119.6,0,700.26293539289,0,0.859912039401326,0.0012150097560803,0.215423870774433
119.61,0,700.418606622153,4.63269423737378e-05,0.861802371219142,0.00106269197627716,0.2139524308065
119.62,0,700.574488192375,0,0.859298963297358,0.00180488190503661,0.216620254856432
119.63,0,700.730573812343,0.00197313080366435,0.858134170570286,0,0.217165400352964
119.64,0,700.88685718682,0.00180854573864996,0.862460885233371,0.000623179684304113,0.219169171843815
119.65,0,701.04333201681,0,0.860258808234429,0,0.215420026525866
119.66,0,701.199991999821,0,0.86105262912527,0.00145308890748653,0.215148910669015
119.67,0,701.356828209074,0.00205302218469965,0.864467640776529,0,0.214743030143269
119.68,0,701.513835577281,0,0.860693815623517,0.000375158344296908,0.215679981231519
119.69,0,701.671009169366,0.000551386543963153,0.864084064312434,0,0.214548427573345
119.7,0,701.828342671659,0,0.861977089433308,0.000918297942145807,0.213699833665771
119.71,0,701.98582976831,0,0.860613846688229,0,0.21594914627779
119.72,0,702.143464141553,0.000671201545565255,0.86545996417539,0.000988303188954957,0.216913746727887
119.73,0,702.301239471965,0.000137773801700444,0.867988955563182,0.0019735948141515,0.215654584113165
119.74,0,702.459149438726,0,0.865866359820375,0.00303990695075099,0.212932669160022
119.75,0,702.617187719879,0.000854583171306445,0.864631249916093,0,0.212616422100009
119.76,0,702.775347992591,0.000958353369871447,0.865538996438596,0,0.213582883177181
119.77,0,702.933623933407,0.000861977249425892,0.867558994679199,0,0.214504705266045
119.78,0,703.092009218512,0.000584245373069006,0.865309322477475,0.00134761523548852,0.214594557107236
119.79,0,703.250497523985,0.000615316390056561,0.866179292301129,0,0.213106087304125
119.8,0,703.409082526055,0,0.866295607505915,0.000780423016045129,0.212843129973051
119.81,0,703.567757901361,0,0.867188586939102,0.000652579580503108,0.214957225676944
119.82,0,703.726517327201,0,0.86989736734368,0,0.215208833154541
119.83,0,703.885354481788,0,0.868881263002237,0.000301278054522537,0.216738803392644
119.84,0,704.044263044507,0,0.869432086924923,0.000759434478568782,0.213880738128915
119.85,0,704.203236696163,0.00265980206868357,0.872992971600289,0,0.215517986324008
119.86,0,704.362269119235,0,0.867788490758705,0,0.21705695805266
119.87,0,704.521353998127,0,0.872136171314212,0,0.214460853057104
119.88,0,704.680485019419,0.00283135005733588,0.872627531735612,0.00103891533631484,0.215218385939782
119.89,0,704.839655872117,0,0.869331979158108,0,0.215235488367809
119.9,0,704.998860247898,0.00122630594794207,0.872180411545036,0,0.213625096674185
119.91,0,705.158091841364,0,0.872045577498233,8.02524646233232e-05,0.215505169250011
119.92,0,705.317344350286,0.000649843869075334,0.873903311212312,9.33678989946603e-05,0.214108093944211
119.93,0,705.47661147585,0.0011722292720244,0.873534032207528,0,0.216747417807395
119.94,0,705.635886922904,0.000378853885206158,0.872117431138112,0,0.216096080900984
119.95,0,705.795164400206,0,0.875017349525226,0.0025235278881265,0.214676236048443
119.96,0,705.954437620659,0,0.873550821448752,0,0.214026015751637
119.97,0,706.113700301566,0,0.873708542213292,0,0.215512440595733
119.98,0,706.272946164862,0,0.872470262797855,0.00157219524866162,0.214579333064982
119.99,0,706.432168937364,0,0.87413584437766,0.00152412393612905,0.217942776991661
120,0.1,706.591362351005,0,0.877410002957392,0,0.212449653339623
120.01,0.1,706.75052014308,0.00145228522493223,0.875611232617388,1.9230207917089e-05,0.216694784449673
120.02,0.1,706.909636056478,0.000394636204749084,0.875135479131202,0,0.21309427423725
120.03,0.1,707.068703839927,0,0.875604383395715,0,0.212649606901341
120.04,0.1,707.227717248229,0,0.875405085679943,0,0.217447909830954
120.05,0.1,707.386670042494,0.000491262822661545,0.876294422721211,0.000397088621759741,0.213929199577381
120.06,0.1,707.545555990378,0.000515775388266001,0.877924791379695,0.000370303438698558,0.217136733163971
120.07,0.1,707.704368866319,0.000256509546603854,0.87571736543834,0.00288804375049598,0.215975647738341
120.08,0.1,707.863102451764,0.000962076600889151,0.878384430080391,0,0.214476428231373
120.09,0.1,708.021750535412,0,0.880220006112952,0.000880197159320049,0.214208919595882
120.1,0.1,708.18030691344,0.000397321054423477,0.876607605853844,0.000165599784705915,0.217209541624391
120.11,0.1,708.338765389731,0.00152771997362877,0.878875863128052,0,0.214080491567781
120.12,0.1,708.497119776111,0.00159655331350736,0.878864619724194,0,0.215102556935061
120.13,0.1,708.655363892573,0,0.879856959148539,0,0.212742004364156
120.14,0.1,708.813491567511,0.001762104332663,0.878825602238748,0,0.213259490300089
120.15,0.1,708.97149663794,0,0.880635872386943,0,0.218202153252007
120.16,0.1,709.129372949726,0,0.883272916880547,0.000988715294463757,0.218573769000395
120.17,0.1,709.287114357813,0.00210727039029805,0.88292584260163,0,0.214076700590433
120.18,0.1,709.444714726446,0,0.881595899584593,0.00102140340877948,0.216834977989277
120.19,0.1,709.602167929393,0.00163581840674747,0.880963591950506,0,0.211725724411663
120.2,0.1,709.75946785017,0.000576779473128651,0.881768026593321,0,0.215783912106541
120.21,0.1,709.916608382262,0.000825951595148708,0.885614612856239,0,0.213563099133206
120.22,0.1,710.07358342934,0.00151164837103078,0.883217163757944,0.00246887487872059,0.213880727176008
120.23,0.1,710.23038690549,0.00121475892410435,0.883464981743542,0,0.214230057849008
120.24,0.1,710.38701273542,0,0.883773473120881,0.00222292337143619,0.212688060622296
120.25,0.1,710.543454854685,0.00263217393637522,0.886853316841521,0,0.215163116512714
120.26,0.1,710.699707209904,0.00121104283564475,0.887026369031482,0,0.213762855304511
120.27,0.1,710.855763758972,0.00218989758224166,0.885989318303995,7.44421871741945e-05,0.214514535535485
120.28,0.1,711.011618471276,0.000797518140856738,0.883473583368331,0.00187128369178514,0.216545680106194
120.29,0.1,711.167265327911,0.00234448884574248,0.88497007989933,0,0.216920882911234
120.3,0.1,711.322698321889,0.00167247538978951,0.88592481179506,0.00197171657252984,0.213358001198583
120.31,0.1,711.477911458356,0.0025569452116394,0.885999567052453,0.000125563215458759,0.214834760655132
120.32,0.1,711.632898754797,0.00215513044336386,0.88718485507321,0.00148468498371589,0.214825336686374
120.33,0.1,711.787654241249,0,0.890076035599678,0,0.214817412986506
120.34,0.1,711.942171960508,0.00318162870674448,0.887216336067883,0.00158260669747343,0.211540888037276
120.35,0.1,712.09644596834,0,0.891183507460873,0,0.21393109922756
120.36,0.1,712.250470333685,0.00212271891457735,0.889828757909956,0,0.215014563222564
120.37,0.1,712.404239138862,0.00215785308453118,0.889575392797883,0.00214462175246897,0.213763191202751
120.38,0.1,712.557746479775,0,0.891069490332984,3.09944254472072e-05,0.215560029177865
120.39,0.1,712.710986466119,0,0.89226244350733,0.00137796292442892,0.216518375225463
120.4,0.1,712.863953221577,0,0.890964385425142,0,0.217178010799339
120.41,0.1,713.016640884026,0,0.890229870730206,0.000992608166441498,0.215118758964825
120.42,0.1,713.169043605737,0.00274614539220495,0.892729310210628,0.000171513856798906,0.215926240347057
120.43,0.1,713.321155553573,0.000162634198427301,0.891620514531883,0,0.215750447610171
120.44,0.1,713.472970909188,0,0.892689567697263,0.000388594420492352,0.21493471319578
120.45,0.1,713.624483869227,0.000375864747413613,0.893013744737629,0.00151316734733019,0.213796863543947
120.46,0.1,713.775688645518,0.00347854484283584,0.892808098807212,0.000309592172190854,0.214545059178462
120.47,0.1,713.926579465269,0,0.890743154446871,0.00106830623270595,0.215838673160711
120.48,0.1,714.077150571266,0,0.891482619987765,0.000433397088225923,0.213200357368133
120.49,0.1,714.227396222061,0,0.894453502550946,0,0.212245173662322
120.5,0.1,714.377310692166,0,0.893256564259163,0.000854393892016032,0.214110419017567
120.51,0.1,714.526888272247,0,0.89444885979269,0,0.214956753679274
120.52,0.1,714.67612326931,0.000857118397926108,0.89668671661035,1.72434678493141e-05,0.217245179763357
120.53,0.1,714.825010006892,0,0.895024431264708,0.00264173027683996,0.21467766850898
120.54,0.1,714.97354282525,0,0.894397440017585,0.00260498092877788,0.219444926667147
120.55,0.1,715.121716081547,5.33305918614151e-05,0.896643220535812,0,0.215215258032779
120.56,0.1,715.269524150036,0,0.898004725073298,0,0.218000808884484
120.57,0.1,715.416961422249,0,0.897916687246694,0,0.215398167188513
120.58,0.1,715.564022307177,0.00179109072897434,0.898982217697055,0.00305221358173205,0.213735446366907
120.59,0.1,715.710701231457,0.00123940264729796,0.898127399706457,0,0.215845543342814
120.6,0.1,715.85699263955,0,0.899831535025801,0.000415929066052241,0.21536642324247
120.61,0.1,716.002890993919,0,0.897817681234778,0.000151867628949803,0.213133592258247
120.62,0.1,716.14839077522,0.0019042744482317,0.89952600438362,0,0.215808253178771
120.63,0.1,716.293486482466,0.000441469596141898,0.898910814113668,0.00249160218566976,0.215055937989832
120.64,0.1,716.438172633216,0.00141054021501004,0.898869062081793,0,0.216137401617526
120.65,0.1,716.582443763746,0.00119261009932493,0.900336279335968,0,0.21861095840325
120.66,0.1,716.726294429222,0,0.901586974257001,0,0.215548373611406
120.67,0.1,716.869719203884,0.0017126375021163,0.901854030877071,0,0.213996988917708
120.68,0.1,717.012712681206,0.00156271840426962,0.899629181170311,0.00118275526562446,0.215381992447548
120.69,0.1,717.15526947408,0.000324057092540942,0.899603600479223,0.000166285686980432,0.213749410038559
120.7,0.1,717.29738421498,0,0.903801061490642,0,0.214912933433537
120.71,0.1,717.439051556136,0,0.904376552387572,0.000550929872331551,0.213696977347738
120.72,0.1,717.580266169698,0,0.901184133710891,0.000696780276176172,0.215072141031095
120.73,0.1,717.721022747911,0,0.903171218425818,0.00153506562323789,0.215673967541384
120.74,0.1,717.861316003276,0.00123503379861233,0.901828838378286,0.000282491935675546,0.211492887782006
120.75,0.1,718.001140668719,0,0.901976993174926,0,0.215483892668311
120.76,0.1,718.140491497753,0.00258839260006317,0.904092316079031,0.00161755108243635,0.212550654847368
120.77,0.1,718.279363264645,0.00276141574760254,0.902393886683885,0.00269816712957755,0.213022815140376
120.78,0.1,718.417750764578,0.00271984385472512,0.903889364630621,0.00213993832993547,0.216909050951356
120.79,0.1,718.555648813808,0,0.906154693831182,0.000773546751931572,0.214393135174425
120.8,0.1,718.693052249833,0,0.907060834499807,0,0.213545019712923
120.81,0.1,718.829955931543,0,0.906562941627881,0,0.212624005114941
120.82,0.1,718.966354739386,0,0.906471875476398,0.00130734732169148,0.214547115718621
120.83,0.1,719.102243575522,0.00344203636976782,0.907926116994555,0.00134552940870082,0.216619364369055
120.84,0.1,719.23761736398,0,0.906216778145422,0.00146694757802862,0.216020241852768
120.85,0.1,719.372471050812,0,0.906657484301988,0,0.213225033856693
120.86,0.1,719.506799604247,0,0.905522713132989,8.36288892575451e-05,0.215394993399578
120.87,0.1,719.640598014849,0.000995800132655692,0.90865257394038,0.00145479814704107,0.213870134861875
120.88,0.1,719.773861295662,0.00320581367137131,0.906050942357282,0.000830893952096179,0.216302549119868
120.89,0.1,719.906584482367,0,0.907579271911238,0.000687901656889133,0.215656872725859
120.9,0.1,720.038762633426,0.00102900793554629,0.906857268676439,0.0020705662791173,0.21676087134002
120.91,0.1,720.170390830237,3.33747572360718e-05,0.90979912336721,0,0.216515692460943
120.92,0.1,720.301464177279,0.000999737025869196,0.908931280514541,0,0.21128460368989
120.93,0.1,720.431977802258,0.000541786740906408,0.90855888731524,0.000534604805278523,0.214717389123063
120.94,0.1,720.561926856254,0,0.909757084698537,0,0.214092326281009
120.95,0.1,720.691306513866,0,0.912645729563685,0.00121091805786856,0.216926249740382
120.96,0.1,720.820111973356,0.000631705388589101,0.911344556317077,0.00167631927660326,0.214724710214643
120.97,0.1,720.948338456787,0,0.912169649847303,0,0.214744289459608
120.98,0.1,721.075981210172,0.00168791291898348,0.913005478963904,0,0.211406025574796
120.99,0.1,721.203035503612,0,0.911254047347171,0.00116872877747621,0.215242424588611
121,0.1,721.32949663143,0,0.912939990540531,0,0.216274656056212
121.01,0.1,721.455359912318,0.00246233266862546,0.909985930398082,0,0.213322747722301
121.02,0.1,721.580620689468,0.000401592028871761,0.911658088259563,0,0.21631185881907
121.03,0.1,721.705274330712,0,0.912268119950663,0.00134526423047825,0.21607176677112
121.04,0.1,721.829316228655,0.000626661000263328,0.910604126523951,0.000109386460784428,0.215412302589121
121.05,0.1,721.952741800812,0.00400711563087449,0.913380126566382,0,0.216758217447907
121.06,0.1,722.075546489739,0.00171229169202289,0.913832752960046,0,0.213508575677869
121.07,0.1,722.197725763166,0,0.911277784655791,0,0.214672875051293
121.08,0.1,722.319275114126,0.000245537070488343,0.915182024540674,0,0.21341242965205
121.09,0.1,722.440190061093,0.00205815637413556,0.913872438737102,0.000978886859030397,0.216879037988609
121.1,0.1,722.5604661481,0,0.914654304972538,0.000920075337408142,0.214280722211278
121.11,0.1,722.680098944875,0,0.913955931399546,0,0.21587798490406
121.12,0.1,722.799084046967,0.00119972568426398,0.916985237058205,0,0.215644655461743
121.13,0.1,722.91741707587,0,0.913075999812323,0,0.217319019858935
121.14,0.1,723.035093679149,0.000755555795745949,0.917212718291052,0,0.216261827630699
121.15,0.1,719.325565994469,0.00055054878182724,0.915986612481281,0,0.214821279558573
121.16,0.1,716.462039298226,0.00143463130906083,0.916908395559624,0,0.214410251129239
121.17,0.1,714.552596606682,0.00148690485049743,0.916534308392854,0.00174067941010762,0.212685388291032
121.18,0.1,712.777715022746,0.00212628457218793,0.912445178514108,0.000625021253788147,0.216689208680816
121.19,0.1,711.000310843013,0.0037171430130718,0.916462866584587,0,0.216037100912828
121.2,0.1,709.22139237645,0.00508515904157047,0.916982791479447,0.000488353622877613,0.215487451541268
121.21,0.1,707.442338014282,0.00478823635892563,0.917428482258692,0,0.214117999109273
121.22,0.1,705.663187283835,0.00457294168623151,0.917956573118108,0.00195835556484966,0.214262257416992
121.23,0.1,703.883909081599,0.00547528030575017,0.91958063139943,0,0.213906701891374
121.24,0.1,702.104482549605,0.00435251266068225,0.918617827756421,0.00247760194547508,0.215743911473373
121.25,0.1,700.324888673495,0.00522312417133957,0.921167697317019,0,0.214838157054703
121.26,0.1,698.545109064175,0.00759550937694016,0.920645255592395,0,0.214056881567453
121.27,0.1,696.765125976686,0.00651627832962946,0.919705477536568,0,0.213333195786023
121.28,0.1,694.984922320157,0.00656142328240995,0.919757802301054,0,0.213433315348254
121.29,0.1,693.204481655152,0.00748651320966907,0.923344123418092,0,0.214436056878153
121.3,0.1,691.423788190446,0.0084301817972113,0.920912246265498,0,0.217741168189787
121.31,0.1,689.64282677988,0.0101740886578091,0.920281513895788,0,0.213037388312799
121.32,0.1,687.861582919186,0.0114157463493745,0.921780582313796,0.000185473402788083,0.216778896133373
121.33,0.1,686.080042742799,0.0109935717719614,0.920297679159726,0,0.216570041702462
121.34,0.1,684.298193020625,0.0100174569811675,0.919991611573217,0,0.216846099762362
121.35,0.1,682.516021154792,0.011283438598357,0.922430051573986,0.000746989207450886,0.215120245756987
121.36,0.1,680.733515176367,0.00972969139564865,0.92210025326363,0.00162117789850551,0.215845301131904
121.37,0.1,678.950663742041,0.0136470078118542,0.921518795678932,0.00207029986212473,0.217066561029356
121.38,0.1,677.167456130793,0.0125411730419304,0.920535693555995,0,0.214977976987564
121.39,0.1,675.383882240519,0.0117069774344384,0.922838215131668,0.000907770457522924,0.216289985971575
121.4,0.1,673.599932584626,0.0137321700817806,0.925490056301943,0.00129680734795417,0.216494556243747
121.41,0.1,671.815598288612,0.0145431040297935,0.926092460167685,0.00110937158926931,0.213561380445857
121.42,0.1,670.030871086599,0.0145160832381986,0.921650750852227,0.000209087634654014,0.214059917219924
121.43,0.1,668.245743317842,0.0152556443907165,0.924402790221035,0.00051355488898298,0.214616211702898
121.44,0.1,666.460207923212,0.015093718728254,0.922252235485382,0.000558839330734173,0.213204456327767
121.45,0.1,664.674258441646,0.0169693662272237,0.921205317236005,0,0.214013636079
121.46,0.1,662.887889006558,0.019091729290144,0.924716373891258,3.34170185229943e-05,0.215793581884596
121.47,0.1,661.101094342233,0.0185508909667467,0.925225861165366,0,0.215293776088002
121.48,0.1,659.313869760182,0.0161464283541395,0.927359036428382,0.00155707431091848,0.216571763660486
121.49,0.1,657.526211155466,0.0210490065744068,0.926593920587553,0,0.215930750287302
121.5,0.1,655.738115002991,0.0162542001850974,0.923984112452106,0,0.215405495356258
121.51,0.1,653.949578353773,0.0204499203868158,0.925755936049888,0,0.215706570424782
121.52,0.1,652.160598831168,0.0193710873947931,0.926232957142475,0.000412460683659284,0.216242042093566
121.53,0.1,650.371174627078,0.0212748006264969,0.929149498077051,0,0.216019835909517
121.54,0.1,648.581304498117,0.020782812091054,0.926131959570118,0,0.214169065575715
121.55,0.1,646.790987761752,0.0240681491207731,0.926774921849591,0.000646020280483531,0.213248065925726
121.56,0.1,645.000224292412,0.0236886021495305,0.925728193251032,0,0.214362552386192
121.57,0.1,643.209014517561,0.0200704996955066,0.928585798854252,0.00150897019966683,0.215120671333319
121.58,0.1,641.417359413755,0.0269649879216583,0.927016710650216,0,0.214160158368768
121.59,0.1,639.625260502644,0.0210570032648952,0.927079367438229,0,0.215227788408957
121.6,0.1,637.832719846965,0.0227826867288128,0.92631619404861,0,0.21377685929612
121.61,0.1,636.039740046495,0.0255133809967898,0.928143276343277,0,0.213773196990668
121.62,0.1,634.246324233972,0.0280571662553586,0.929001432724606,0.000652499683731835,0.214370410468741
121.63,0.1,632.452476070986,0.0267638376987802,0.928621619996324,0.0039177772706386,0.214788915493475
121.64,0.1,630.658199743848,0.0262810853356753,0.927126601294707,0.00146375256878236,0.2124611128148
121.65,0.1,628.863499959416,0.0289489927176041,0.926733158400066,0,0.213151641851245
121.66,0.1,627.068381940898,0.0281236769328015,0.927536888435869,0,0.212809733151779
121.67,0.1,625.272851423625,0.0271907578792918,0.928251068239532,0,0.21458988826072
121.68,0.1,623.476914650796,0.0282642380804607,0.931457547441951,0.000290524164030294,0.214743481500305
121.69,0.1,621.680578369183,0.0286253821354807,0.928062933966039,0.00109000290049986,0.215439599617327
121.7,0.1,619.883849824821,0.030774005757873,0.931317387072031,0.000166206047209444,0.216096013172442
121.71,0.1,618.086736758659,0.0312438061003872,0.927794287177651,0.000595983384044739,0.216939151001093
121.72,0.1,616.289247402187,0.0322969093918119,0.930350144658568,0.000130783708766542,0.214625335437157
121.73,0.1,614.491390473031,0.0326607102755767,0.93061810697355,0.00147026097544383,0.216200179221312
121.74,0.1,612.69317517052,0.033206147190502,0.931197336868369,0.00194654134766194,0.216616083705403
121.75,0.1,610.894611171227,0.0340960138697223,0.930574222290865,0,0.216340881988912
121.76,0.1,609.095708624484,0.035029514437364,0.931739566817716,0,0.215246578357668
121.77,0.1,607.296478147859,0.0349398316790641,0.929472944577159,0.00231202279867998,0.215274818414773
121.78,0.1,605.49693082262,0.0348670713725268,0.932568065013436,0.00167290285657233,0.212750965907021
121.79,0.1,603.697078189158,0.0358915864361518,0.931475207934179,0.00100237048468153,0.21532906659572
121.8,0.1,601.896932242402,0.0372797977929003,0.929904956413937,0,0.213756543239867
121.81,0.1,600.096505427181,0.0363974913026786,0.932885505708317,0.00283907464102026,0.215460397161232
121.82,0.1,598.295810633583,0.0387205940862238,0.930318746613051,0.000477553583935941,0.215286453120381
121.83,0.1,596.494861192282,0.0401856126034225,0.932113336626406,0,0.214279657870181
121.84,0.1,594.693670869832,0.0398597646414568,0.931567640977186,0.000228510812297007,0.213288873514166
121.85,0.1,592.892253863947,0.0403056850832287,0.93206604540328,0.00140211109981813,0.218219572660261
121.86,0.1,591.090624798747,0.0408089275400002,0.931373615616344,0,0.214822636181767
121.87,0.1,589.288798719989,0.0415542144086343,0.933341432973712,0,0.216050936090105
121.88,0.1,587.486791090266,0.0428286819219004,0.933132651042117,0,0.214915434139045
121.89,0.1,585.684617784187,0.0427788070581808,0.932514555010001,0.00146670806159909,0.214960324833585
121.9,0.1,583.882295083534,0.0408341169249584,0.931684805651164,0.00163837949510863,0.214445290460074
121.91,0.1,582.079839672395,0.0455560829836208,0.931738490071267,0.00224486874833663,0.216375342932101
121.92,0.1,580.277268632275,0.0435293646696963,0.931327506175972,0.000422388931258417,0.217035256953983
121.93,0.1,578.474599437192,0.0446789551456554,0.931911360366877,0,0.214682929398455
121.94,0.1,576.671849948736,0.0466325494180252,0.93592177782263,0.000359627720043465,0.213270803338815
121.95,0.1,574.869038411126,0.0445032424684099,0.934769440671548,0,0.215309569570376
121.96,0.1,573.066183446235,0.0449351019163793,0.932689022959904,0,0.215267502302925
121.97,0.1,571.263304048602,0.0450643379270985,0.934124496360263,0,0.215605277422712
121.98,0.1,569.460419580416,0.0455130165353587,0.932896618108717,0,0.214070063120041
121.99,0.1,567.65754976649,0.0498981810527216,0.9351139226944,0,0.21552659961396
122,0.1,565.854714689217,0.0464622705209853,0.933150031520322,0,0.215510631976139
122.01,0.1,564.0519347835,0.0472864141135747,0.93485623079827,0.000959987323537362,0.21577783151209
122.02,0.1,562.249230831671,0.0486935368020032,0.935872506599744,0.00186729892932877,0.21472642255865
122.03,0.1,560.446623958399,0.0488289976860681,0.933427550317301,0,0.216402673408911
122.04,0.1,558.644135625565,0.0522821689614518,0.933843438478867,0,0.214800568940429
122.05,0.1,556.841787627142,0.0510851375325992,0.936258057587888,0,0.214384060008926
122.06,0.1,555.039602084046,0.0520911643101718,0.935665264932457,0,0.213446648497294
122.07,0.1,553.237601438977,0.0530996998600043,0.936130076845725,0.00187818982708052,0.214547231029135
122.08,0.1,551.435808451249,0.052633893667524,0.9349155871406,0.00138341371879189,0.214413708349755
122.09,0.1,549.634246191599,0.0538141219198966,0.933172740425867,0,0.216010931367814
122.1,0.1,547.832938036998,0.0538940452596047,0.935584083129194,0,0.217732088565666
122.11,0.1,546.031907665429,0.057670756701722,0.93538658323241,0.000410734776209698,0.213878650301649
122.12,0.1,544.231179050678,0.0552887487884396,0.93496871227934,0,0.214999055479898
122.13,0.1,542.430776457092,0.057599096723815,0.936806398626878,0.00504939758675251,0.215770337253253
122.14,0.1,540.63072443434,0.0597893046717845,0.934410683375444,0,0.217823205115808
122.15,0.1,538.831047812163,0.0579791838219879,0.935770597383724,0,0.215401424625046
122.16,0.1,537.031771695111,0.0572937909664146,0.937595112432963,0,0.214874785438271
122.17,0.1,535.232921457274,0.0574163811843062,0.934379217232099,0,0.216145618052548
122.18,0.1,533.434522737009,0.0578626191433762,0.936593516219078,0,0.214162076852103
122.19,0.1,531.636601431651,0.0636114920729005,0.938421410703842,0,0.215465375758656
122.2,0.1,529.839183692228,0.0620415596159502,0.934075036218846,0.00198483304744235,0.21640847404416
122.21,0.1,528.042295918161,0.0621014276414584,0.935081564424713,0,0.214249671932358
122.22,0.1,526.245964751967,0.0625416651251669,0.935371277288739,0,0.215221540682265
122.23,0.1,524.450217073954,0.0639964217429575,0.937496049576468,0.00280012594077125,0.212981773844451
122.24,0.1,522.65507999691,0.0624534826055449,0.937079914076712,0,0.215160150066797
122.25,0.1,520.86058086079,0.0632390800530957,0.934910807108968,0,0.217547549772365
122.26,0.1,519.06674722741,0.0668098392114676,0.934006882192733,0.000337197465208495,0.217050834778013
122.27,0.1,517.273606875121,0.0687535139459258,0.937218580466842,0.000560498682735088,0.215675307815467
122.28,0.1,515.481187793499,0.0685940519443274,0.938035945964995,0.00136859358465316,0.218111876189106
122.29,0.1,513.689518178023,0.066122819874834,0.938449073639723,0.00133241373867415,0.214244473312962
122.3,0.1,511.898626424762,0.0665579599104594,0.937292788314913,8.47995055295837e-05,0.215423241775948
122.31,0.1,510.108541125058,0.0668959101560977,0.940106167733586,0.00242430326746232,0.216600592632557
122.32,0.1,508.31929106021,0.0686139597311697,0.937320686209996,0,0.211435580424989
122.33,0.1,506.530905196162,0.0697105357390283,0.938228855706054,0.00207992744717014,0.216166357355292
122.34,0.1,504.7434126782,0.0702570764181536,0.940167793161532,0.0021711123732176,0.21482229262969
122.35,0.1,502.956842825634,0.0698543970369266,0.937621067132402,0.00156494256361323,0.215768519536247
122.36,0.1,501.171225126511,0.068843749308327,0.938902589047368,0.000185918440378429,0.215345910966947
122.37,0.1,499.386589232312,0.0725020367529506,0.936325579452517,0.00218685789672546,0.21353056040521
122.38,0.1,497.602964952663,0.0719985913641826,0.938125156261465,0,0.215759052203931
122.39,0.1,495.820382250049,0.0754355534137403,0.939731786232189,0,0.218091597842713
122.4,0.1,494.038871234543,0.0753573302997169,0.9379257542752,0,0.213719161691458
122.41,0.1,492.258462158535,0.0768752492446301,0.93664167779722,0,0.213589068632277
122.42,0.1,490.479185411468,0.0748349500572479,0.937568242036713,0,0.215582721650012
122.43,0.1,488.701071514593,0.0793238860085618,0.937148848184156,0.000225262353227207,0.215993300802445
122.44,0.1,486.924151115726,0.0771805846749503,0.937758993913679,0.00122239243559022,0.216458064536321
122.45,0.1,485.148454984014,0.0764556839782327,0.937121448038063,0,0.217409122184343
122.46,0.1,483.374014004722,0.0790453945801438,0.93592269488992,0.00107463587300159,0.214093457599315
122.47,0.1,481.600859174021,0.0820482889247455,0.936943100020966,4.07266453953924e-05,0.216792123735896
122.48,0.1,479.829021593795,0.0825644764766072,0.935529704392958,0,0.214364421551743
122.49,0.1,478.058532466461,0.0802130744303564,0.937791294623045,0.000631710425148631,0.21657992101956
122.5,0.1,476.289423089797,0.0816216947159245,0.936857731124915,0.000137949370632846,0.212964283304417
122.51,0.1,474.521724851798,0.083537671575759,0.937320337752515,0,0.215535913708247
122.52,0.1,472.755469225527,0.0874908026394406,0.934929851872968,0.000861521489285666,0.213265602751331
122.53,0.1,470.990687764005,0.0849403995247634,0.938012405219596,0.00138847550843818,0.214624865005821
122.54,0.1,469.227412095099,0.0813785163305666,0.937564928242849,0.000352757319708442,0.213306524502394
122.55,0.1,467.465673916438,0.0850585853388252,0.937201849823479,0,0.216313177101846
122.56,0.1,465.705504990343,0.0857090631294083,0.934450888222313,0.000782796339354773,0.212783875027537
122.57,0.1,463.946937138776,0.0869768111834491,0.936196509822035,0.000264814129286847,0.213785064199967
122.58,0.1,462.516578220124,0.0860422394116548,0.936355338154365,0,0.214887190211814
122.59,0.1,461.449092036074,0.0873348513492467,0.940170233272934,0.000671917059590933,0.216073792496363
122.6,0.1,460.401846815948,0.0873028590003558,0.937971989243357,0,0.213027360590537
122.61,0.1,459.423466957055,0.0893550432915431,0.934925614231245,0.00159347714462442,0.217943204820844
122.62,0.1,458.96103286965,0.0883569378997463,0.935877419544558,0.00122697908172631,0.215641994507066
122.63,0.1,458.621081759312,0.0888531431989267,0.939982459274154,0.00257549215916486,0.216392586975072
122.64,0.1,458.27384488019,0.0899456781791354,0.936174774647477,0,0.213031678207527
122.65,0.1,458.026588928339,0.0905464922811084,0.93719388367923,0,0.213889733772588
122.66,0.1,457.892770710136,0.0899998368807579,0.93384586241711,0,0.213274151773163
122.67,0.1,457.760469936462,0.0895599493855888,0.935310448237499,0,0.21730843247573
122.68,0.1,457.621176810648,0.0872743411543586,0.935321345128536,0.000321144530619878,0.214151039194151
122.69,0.1,457.47671016801,0.0894310402576187,0.936216920921236,0,0.216204195580705
122.7,0.1,457.326333459361,0.0887856011399162,0.937656866689507,0,0.210906588772462
122.71,0.1,457.169771875219,0.0868665444793896,0.937501485257592,0,0.216154677742723
122.72,0.1,457.007651207874,0.0887549556317505,0.936541257994046,0.000371401877899524,0.215905844817519
122.73,0.1,456.840055926001,0.0879815516025313,0.937651827473117,0.00170201050679565,0.214623018664774
122.74,0.1,456.666354366959,0.0895776893494767,0.935827856801929,0,0.216058411534462
122.75,0.1,456.486670390909,0.0891750808710641,0.937840885826602,0.00101024670036093,0.214807150980823
122.76,0.1,456.301979101252,0.0905707192866248,0.93614777496154,0,0.216556745346413
122.77,0.1,456.111449192811,0.0892997499152934,0.936917443045698,0,0.216280512587059
122.78,0.1,455.914815090225,0.0905691684593452,0.93826858398453,0,0.214425969610271
122.79,0.1,455.712921841525,0.0886711787351113,0.936317562262199,0,0.214804309032335
122.8,0.1,455.505881400306,0.088669769823748,0.9361837197642,0,0.21446471352633
122.81,0.1,455.292840335595,0.0930518834161287,0.935128197754523,0.00310885307182396,0.215202515243498
122.82,0.1,455.073956830419,0.0877666845376692,0.936090151813103,0,0.217199587618234
122.83,0.1,454.850499108056,0.0892830658476901,0.935082832707248,0,0.213964422793856
122.84,0.1,454.621384335671,0.0927208621466076,0.936399241612734,0.000878703515530804,0.216552656046511
122.85,0.1,454.386265849056,0.0913075142449028,0.937336377000591,0,0.217212784428557
122.86,0.1,454.146165052376,0.0883023601010807,0.935165019323832,0.00208247372988593,0.216525808174596
122.87,0.1,453.901217220903,0.0914515805533074,0.937281303395676,0,0.21667084349893
122.88,0.1,453.650390642336,0.0888215151527032,0.936747265031345,0.00273641088637655,0.215403184018118
122.89,0.1,453.393863207887,0.0918672018169791,0.933667004324812,0.000833171952130757,0.216373064512672
122.9,0.1,453.133090069912,0.0907872459083452,0.936491602009528,0.000194726776120707,0.216657735538664
122.91,0.1,452.866829895683,0.0929702899284187,0.934120091821396,0.000275375408333786,0.215773873208686
122.92,0.1,452.594685556438,0.0898034109400128,0.937081172528328,0,0.213036015029542
122.93,0.1,452.317792388167,0.0924416045088046,0.937584618870468,0,0.217650897440594
122.94,0.1,452.036301420235,0.0902690097967458,0.935350907651748,0,0.216335169402133
122.95,0.1,451.749067522764,0.0937052238650976,0.936341430019052,0.00114678459932654,0.215300439505514
122.96,0.1,451.456290918642,0.0913076678824484,0.932656757376058,0,0.212061820093234
122.97,0.1,451.159599626209,0.0931005186494133,0.9326634726757,0.00104799607730987,0.213390507056151
122.98,0.1,450.857605432721,0.0934963614143086,0.937504666183254,0.00159751051054998,0.216565870303732
122.99,0.1,450.549864486943,0.0927486647075495,0.936685093021413,0.00113647967198113,0.213956519068926
123,0.1,450.237655851869,0.0936318399345374,0.933639170797013,0.00258574611778504,0.215830383984683
123.01,0.1,449.921149536316,0.0924806492742496,0.936793710255647,0.00313108119784606,0.215374754700507
123.02,0.1,449.599055522152,0.0921753164944516,0.93310190919973,0,0.217455286938045
123.03,0.1,449.271598197744,0.0917763018924908,0.933938486446878,0.000282731735862982,0.216113335703839
123.04,0.1,448.940604740913,0.0951904298596444,0.935599727196071,0,0.214231311839265
123.05,0.1,448.604516772745,0.0922692015367112,0.931138454381108,0,0.215602463528132
123.06,0.1,448.262835885105,0.0949766462313919,0.934154307770887,0.00072267849821671,0.213613960561633
123.07,0.1,447.917009415114,0.0928491877240624,0.933611423836568,0.000866059206733445,0.215749553465901
123.08,0.1,447.567229072428,0.0917527973649561,0.935876248883603,0,0.216182629564872
123.09,0.1,447.212033920923,0.0946210936576808,0.933795336296569,0,0.21379162465747
123.1,0.1,446.851673022667,0.0907795849534252,0.932074156121634,0,0.21485854743852
123.11,0.1,446.488188754084,0.0940482628549664,0.935742396636845,0.00091868465992519,0.215074435958281
123.12,0.1,446.119838272137,0.094439095080397,0.934290302925148,0,0.216052313670402
123.13,0.1,445.746063722066,0.0932010949614146,0.932125643996451,0.000147367729206607,0.215145095177322
123.14,0.1,445.368458343127,0.0942732064159999,0.933254518379692,0.000413193980036749,0.214979533850907
123.15,0.1,444.987232889081,0.0916100426939341,0.931727396210849,0.00308637577237455,0.217471253334941
123.16,0.1,444.600778456483,0.0939063270888293,0.933600592188552,0,0.2124899794599
123.17,0.1,444.209354839984,0.0943748888304474,0.930744876724923,0,0.215284260308948
123.18,0.1,443.815127303145,0.0935006417392858,0.934000353757741,0.00085444857192694,0.215069565186244
123.19,0.1,443.416249426749,0.0952178065903068,0.931925810154241,0,0.217832081801975
123.2,0.1,443.012130459165,0.0970247783713733,0.932127912094639,0.00227351307035336,0.213696347859528
123.21,0.1,442.604433299189,0.0938928807234813,0.932592126327723,0,0.213308002057659
123.22,0.1,442.193378642311,0.0928272572124556,0.931567991106425,0.00167582861813478,0.214406116523434
123.23,0.1,441.777288820339,0.0971484415519468,0.931842516842901,0,0.213115807044232
123.24,0.1,441.356446547982,0.0942022394944684,0.933289347523539,0,0.212006332461193
123.25,0.1,440.933176167185,0.0947411719970656,0.932553971285075,0,0.213228582508055
123.26,0.1,440.505494899614,0.0933872909191738,0.930022879880564,0.00099569125226193,0.214912100751761
123.27,0.1,440.072768106941,0.0981799309721156,0.929914351298462,0,0.216890116894234
123.28,0.1,439.63679013561,0.0969080731803764,0.92922431925912,0,0.215056151515455
123.29,0.1,439.197798687519,0.0943580393314743,0.931211495936165,0,0.214296381433729
123.3,0.1,438.753982352228,0.0959593839302919,0.931775336457344,0.00116482496230774,0.215668202976112
123.31,0.1,438.305640625735,0.0947995644834447,0.930359495804113,0.000617325186188769,0.214770292416203
123.32,0.1,437.855252027186,0.0981530713445974,0.931156254270177,0,0.21714707744475
123.33,0.1,437.400701921178,0.0971774551670751,0.929831668852074,0.000657454078228981,0.215247323598504
123.34,0.1,436.941313044575,0.096785987644432,0.929135196508817,0,0.216696953101873
123.35,0.1,436.478967149969,0.0993868776102102,0.930273174118278,0.000825090827487495,0.213685022913384
123.36,0.1,436.013913826267,0.0969032589233696,0.928964657640412,0,0.212304291282628
123.37,0.1,435.544253506722,0.0984355940084223,0.927552449781762,0,0.213718067655419
123.38,0.1,435.070305344375,0.0982284523192978,0.929110950779569,0.000913891211426107,0.217112517192441
123.39,0.1,434.594698876127,0.0989080632868876,0.927071375942015,0.00179451283049478,0.214466305491862
123.4,0.1,434.115189747464,0.0999990076188949,0.927741799938054,0.000735865029659956,0.215067127442162
123.41,0.1,433.631058579249,0.0994336898189334,0.924837690870042,0,0.217369649166731
123.42,0.1,433.146711898641,0.0998914477640846,0.927121812548557,0,0.217070904221533
123.43,0.1,432.662687848752,0.0996608941251003,0.926744979517251,0.00147258126294086,0.21695751212309
123.44,0.1,432.174449036353,0.0989644022902316,0.925222884238599,0,0.213570708674903
123.45,0.1,431.696728249554,0.0991934920846646,0.926837209276168,3.4232091572208e-05,0.21511269703723
123.46,0.1,431.318744133991,0.0997025531081302,0.925928844898446,0.000913802630773303,0.21656638962678
123.47,0.1,430.961829003743,0.101328371667737,0.926520891693788,0,0.214761031305996
123.48,0.1,430.599981327756,0.0981586601667057,0.926214063612955,0,0.214527978818932
123.49,0.1,430.283369928455,0.0996198765722691,0.927103319923983,0.0010018347833555,0.216158653849994
123.5,0.1,430.018044410162,0.0991997699026266,0.925718216251249,0,0.217119883470845
123.51,0.1,429.751625859593,0.100279978067454,0.922223941733506,0.000386019986626266,0.215363768136634
123.52,0.1,429.488059324508,0.100251470734694,0.925823840609165,0.000700954901774335,0.213482024452665
123.53,0.1,429.275266395508,0.0983199266841625,0.92441087672958,0.00216835443506253,0.214105713977832
123.54,0.1,429.071476820671,0.0967095623870161,0.923978530362795,0.00100584483408427,0.213508219480242
123.55,0.1,428.862841078289,0.101082279062352,0.924205530315127,0,0.216421395396789
123.56,0.1,428.674615791462,0.0980324115485012,0.92496994150951,0.00164156997326049,0.213044141072768
123.57,0.1,428.509909110843,0.0997239731494994,0.921888863472548,0.00229893554960559,0.214920840910337
123.58,0.1,428.342371562107,0.101354193206338,0.925525369285868,0,0.212703843338897
123.59,0.1,428.174199364559,0.0992845463669541,0.923981549193884,0,0.213330008596889
123.6,0.1,428.030783623286,0.0990727648416649,0.924334381556787,0.00171470104991849,0.215389564847404
123.61,0.1,427.890035135134,0.102166028285635,0.922551696475015,0,0.213025747456783
123.62,0.1,427.744618450962,0.101728578153778,0.920843982159482,0,0.217043930002295
123.63,0.1,427.609227428648,0.100104169645815,0.921282785790277,0,0.214082067305499
123.64,0.1,427.485694240259,0.10066165814963,0.922838557772631,0,0.215992726309673
123.65,0.1,427.358702606942,0.102248809921426,0.922527655834736,0.000383305033174167,0.213743853467126
123.66,0.1,427.229670358977,0.0996418775133528,0.920024159262963,0,0.216387613107624
123.67,0.1,427.114200974549,0.100452692437516,0.921767883210024,0.0013748436183471,0.213998548081036
123.68,0.1,426.998748028529,0.0993009500560241,0.918328793174487,0,0.216826625879456
123.69,0.1,426.878807074189,0.103940324270903,0.920723774273445,0,0.215042185273259
123.7,0.1,426.763708498943,0.0968990587643668,0.922153405098142,0,0.213977087920143
123.71,0.1,426.654635575547,0.0976159967972059,0.919329534251611,0,0.215234591567065
123.72,0.1,426.541875964991,0.100172283341488,0.919748834891989,0,0.215271731792017
123.73,0.1,426.426453101482,0.101097030412684,0.921579760756408,0.00215423716762724,0.214635143860745
123.74,0.1,426.318992728809,0.104252905078002,0.921171849880392,0,0.211997461848614
123.75,0.1,426.21029114803,0.101371920579881,0.920634041465134,0.000741676752625222,0.214134916784946
123.76,0.1,426.097284932478,0.100646236189951,0.916754454051374,0.000403056158955242,0.217221923696628
123.77,0.1,425.9866493476,0.104319648118935,0.920519133640832,0,0.212761775426833
123.78,0.1,425.879245643259,0.0985816617466273,0.919038526729136,0.00156156996741491,0.216587670265111
123.79,0.1,425.768136914105,0.099800368010891,0.918440122770747,0,0.215434836003654
123.8,0.1,425.654139807512,0.103501090247557,0.916697526443075,0.00207756498618436,0.215406170495989
123.81,0.1,425.545343481131,0.099387042864068,0.919943539687722,0,0.216284484320469
123.82,0.1,425.434758956542,0.100686645736446,0.918340154382184,0.000409533503432882,0.215834964189592
123.83,0.1,425.320057663608,0.103065807518578,0.916148258777224,0,0.21452475962084
123.84,0.1,425.207375723565,0.102558473445634,0.91508508126444,0,0.216206018793529
123.85,0.1,425.09751120167,0.102649515672543,0.913811659119306,0,0.214497561069004
123.86,0.1,424.984089661863,0.099897925755222,0.914982022555903,0.00199675667594042,0.216661485288144
123.87,0.1,424.868004389216,0.0992588512676646,0.915079094754088,0.000814011590460887,0.21775913234244
123.88,0.1,424.7575516123,0.0993891943182005,0.914430224624731,0,0.213453315897433
123.89,0.1,424.645566159223,0.100157101883742,0.911585028909801,0.00202304146649483,0.215990283395681
123.9,0.1,424.529653212529,0.0999189995050898,0.9151876563276,0.000796830899677914,0.214294238923396
123.91,0.1,424.416244362013,0.101485331673091,0.912405099530149,0,0.214538613545411
123.92,0.1,424.306184324249,0.101952091722981,0.91371748057824,6.96281130169748e-05,0.215392261010326
123.93,0.1,424.192785371145,0.0985461513475275,0.912834062987408,0,0.215076318374544
123.94,0.1,424.076955211527,0.101307418851212,0.913759190285155,0.000225153266011448,0.216724470719193
123.95,0.1,423.967255635708,0.101358292453268,0.916320732249327,0.00125866399461195,0.21352694812449
123.96,0.1,423.856301253959,0.103050496301432,0.911915792751565,0,0.214132586118669
123.97,0.1,423.741614940491,0.101612677947505,0.914294738079653,0,0.214356891131082
123.98,0.1,423.629041274826,0.10336575574858,0.911168733064762,8.61001567172755e-05,0.216358094870782
123.99,0.1,423.51936256761,0.0993426309956608,0.914520364621361,0,0.215567692685628
124,0.1,423.406502235656,0.102676236859196,0.91164266975058,0,0.213688968888899
124.01,0.1,423.291168808622,0.102455234491094,0.911516971240519,0.00137860540574947,0.215175192901636
124.02,0.1,423.180462986571,0.101606227359947,0.912003938202487,0,0.214493136800765
124.03,0.1,423.068281862025,0.101167573254966,0.908821956133457,0.00153048612167431,0.214115842263401
124.04,0.1,422.952574801461,0.0998337967451425,0.912214708552285,0,0.214605425018398
124.05,0.1,422.838033956255,0.102719474577408,0.909241264640653,0,0.216431434516606
124.06,0.1,422.725301122791,0.103012588447831,0.907735432760111,0.00305762718317976,0.215460104280815
124.07,0.1,422.609506841989,0.103060410994728,0.907469915706044,0,0.214557486128548
124.08,0.1,422.491349217964,0.103349644690034,0.907990950671663,0,0.216496028298708
124.09,0.1,422.377289090803,0.103043648232648,0.908633041897559,0,0.217628096216263
124.1,0.1,422.261782175062,0.101434465235716,0.909401397593779,0,0.213616872829125
124.11,0.1,422.142961203101,0.102143866939858,0.90748774142239,0.000365630916373761,0.215817118105232
124.12,0.1,422.025666019283,0.10401868165002,0.90884921636008,0,0.215293346290922
124.13,0.1,421.910563619228,0.102294724619141,0.908371905104912,0,0.21324470459749
124.14,0.1,421.792627329202,0.101714379154431,0.906550483509566,0,0.217126883018644
124.15,0.1,421.672620511264,0.101543559916254,0.910336047697521,0.000346334977581088,0.214073282478779
124.16,0.1,421.557494709366,0.101854434120632,0.907510509117962,0,0.215924759154383
124.17,0.1,421.441287522622,0.101278728394459,0.904682524074929,0,0.2154801236253
124.18,0.1,421.321982075852,0.103000996790184,0.905012380817867,0.000900418850825596,0.217147999536466
124.19,0.1,421.2045166453,0.10195599391002,0.905349240863777,0.00409973007375326,0.215683462162915
124.2,0.1,421.089581044124,0.101920046990806,0.904468292204215,0,0.214851507691075
124.21,0.1,420.972040890063,0.0998041774508282,0.904912086640028,0.00187619491780577,0.214170777633582
124.22,0.1,420.852684429321,0.0987337729436841,0.903658862638964,0.000403201550399877,0.212195447185832
124.23,0.1,420.738691293787,0.10282833665172,0.904249239937697,0.00167537080062872,0.215304460205967
124.24,0.1,420.623910455926,0.101064087342349,0.905690500397954,0.000510149614971152,0.212573061947989
124.25,0.1,420.506252679297,0.103625866786521,0.904977181600523,0.0011897893949458,0.213570110596368
124.26,0.1,420.390556913369,0.101909159493963,0.903376896676026,0,0.214044388165952
124.27,0.1,420.277509605083,0.102940231378391,0.902837784343556,0.00242864614204508,0.215603296346731
124.28,0.1,420.162076434138,0.103428042700071,0.902045668626638,0,0.21578144436301
124.29,0.1,420.044878612034,0.100362251171658,0.899231524990737,0,0.215605378235198
124.3,0.1,419.932071926702,0.102491411158756,0.901205333902879,0.00131791047612718,0.214049403421848
124.31,0.1,419.818404103597,0.10250777642658,0.899767317884409,0,0.213611406647367
124.32,0.1,419.70208713608,0.102352210109787,0.899077151547829,0,0.213306068472671
124.33,0.1,419.587303162186,0.101836533238265,0.901299042488651,0.00169136167006492,0.212203230815641
124.34,0.1,419.474657054595,0.101636841602916,0.901781655829576,0.000712349833552914,0.217418228879285
124.35,0.1,419.359803783098,0.102244189432773,0.896847748581674,0,0.214148006915796
124.36,0.1,419.243432177936,0.101154600473663,0.900212313394526,0.00318025784673323,0.218560596553706
124.37,0.1,419.131770743515,0.102951685737874,0.900700733985534,0.00156544855115942,0.215441605369073
124.38,0.1,419.01950768825,0.10078956328354,0.898670622158724,0,0.214870575508838
124.39,0.1,418.904827499872,0.103424294279669,0.899661616956887,0.000141986252169312,0.214716067209468
124.4,0.1,418.791877736984,0.100909714408909,0.896351147004122,0,0.213803387815073
124.41,0.1,418.681266877813,0.103008951437771,0.899282560285515,0,0.216569584350268
124.42,0.1,418.568682508147,0.100218500982296,0.895953981224917,0,0.214998349729543
124.43,0.1,418.454711418595,0.100435720701836,0.897939437188627,0.00104752116201635,0.217806503796471
124.44,0.1,418.344977630754,0.102506812734438,0.895285599336141,0.00048336682993663,0.214919215247088
124.45,0.1,418.234701658672,0.103390404131349,0.893656098985357,0.00016681508660607,0.214099151009008
124.46,0.1,418.122245260373,0.103774447098287,0.897167762085568,0.000445498068577202,0.21599147959676
124.47,0.1,418.011166210851,0.104251088843101,0.895650425375261,0,0.216220444161018
124.48,0.1,417.901998562528,0.104426656740172,0.895496290430098,0,0.213817115211108
124.49,0.1,417.791049261347,0.101730279165411,0.893719521373723,0,0.216053295414379
124.5,0.1,417.678847525973,0.103066029000362,0.896656877749149,0,0.216382634650672
124.51,0.1,417.570368001347,0.10158319854437,0.895057061853425,0.000890387072838894,0.216228560066211
124.52,0.1,417.46139682955,0.102312364956955,0.892208504216966,0,0.214946540069402
124.53,0.1,417.350486280692,0.0989608002560268,0.892163006659455,0,0.213718235077683
124.54,0.1,417.240864043618,0.104376049091746,0.893179065813668,0.00281258905625631,0.214004077283077
124.55,0.1,417.133023490507,0.103432969978005,0.890781492827814,0.00145789021146863,0.213210474631768
124.56,0.1,417.023618286873,0.101122548849156,0.892636191926105,0,0.21433989609907
124.57,0.1,416.913064200228,0.102734530684722,0.891537507093945,0.000320880630577028,0.214291186634146
124.58,0.1,416.805490282083,0.101717096653876,0.890278691946324,0.0007749175869729,0.21372396403829
124.59,0.1,416.69741808949,0.103253950268835,0.892239608817867,0,0.216396797032229
124.6,0.1,416.587651315608,0.101936903583504,0.891400861622221,0.000354997231103705,0.214257043445504
124.61,0.1,416.479184485237,0.100589857899832,0.887834621779049,0.000181811430387589,0.213791206837795
124.62,0.1,416.372482041161,0.104759354963238,0.890780729363195,0.000201469953649148,0.216191215930531
124.63,0.1,416.264443476689,0.0997631825105964,0.890576557975981,0,0.214105394914564
124.64,0.1,416.155307801413,0.103921870854123,0.888059395369818,0,0.215850679376835
124.65,0.1,416.048027981449,0.102665125470259,0.890994755011046,0,0.217111064211616
124.66,0.1,415.94014455781,0.101787329703572,0.88832907622665,0,0.216017147515951
124.67,0.1,415.83081451209,0.10316943870771,0.888395314836197,0.000139732944078786,0.215285809505926
124.68,0.1,415.721963810005,0.101685969651295,0.887390036224092,0,0.215253748467372
124.69,0.1,415.613907073672,0.103504547898589,0.886843420207484,0,0.213729742580201
124.7,0.1,415.50467386816,0.102678148138365,0.885174865028578,0,0.215445417920714
124.71,0.1,415.394589294393,0.102846499909842,0.885888679829459,0.00229466485004776,0.215308994853353
124.72,0.1,415.286523889839,0.102739464839263,0.887206042513477,0,0.217283999608674
124.73,0.1,415.178086074721,0.100833550503041,0.882745787297806,0,0.215288311959847
124.74,0.1,415.068453527758,0.0988720195884969,0.883893767274047,0,0.216825608007785
124.75,0.1,414.96000412364,0.103318748772831,0.883068067639268,0,0.215254753460674
124.76,0.1,414.853121415619,0.102049924844425,0.883630047806673,0,0.217972156240152
124.77,0.1,414.745355870049,0.10170220061689,0.883255955765759,0,0.214563912316279
124.78,0.1,414.636649410343,0.0992961568487881,0.884206010863528,0,0.21562452736557
124.79,0.1,414.527841502464,0.104954769478931,0.883513892017225,0,0.215907823909499
124.8,0.1,414.418294707678,0.10469466461446,0.882473986534787,3.68569625753946e-05,0.212103034550831
124.81,0.1,414.307805437086,0.102359176048583,0.883271893284305,0,0.213711650309091
124.82,0.1,414.196407116622,0.103687804349116,0.882164081954753,0,0.216371089275105
124.83,0.1,414.08413873022,0.101848011175952,0.883425027293401,0.00113250968397918,0.215609750071019
124.84,0.1,413.971037225861,0.101943520121552,0.880365282907255,0.000619860948569991,0.213045115958602
124.85,0.1,413.857139459532,0.0998798397606377,0.881076955288304,0,0.21260335299147
124.86,0.1,413.742482335863,0.102986467316106,0.88262335370556,0.00176216836778604,0.214041958850835
124.87,0.1,413.627102792542,0.103377224980132,0.878743552191733,0.000107989428707614,0.215886839008562
124.88,0.1,413.511037796419,0.100595341350568,0.877749530518913,0.00252677651612639,0.21410022951237
124.89,0.1,413.394324341546,0.101910801704602,0.878433252957861,0,0.215906521850607
124.9,0.1,413.27699944721,0.10359612618854,0.879225340550996,0.00155083107012711,0.213693721740117
124.91,0.1,413.159100155963,0.101343806194549,0.878654917688992,0,0.214224097640776
124.92,0.1,413.040663531691,0.10384781384949,0.876868408645574,0.00170085591889942,0.216935051066411
124.93,0.1,412.921726657698,0.103651073245399,0.877173561758431,0,0.214318139104663
124.94,0.1,412.802326634827,0.102902026403919,0.875996019465795,0.000336895183904849,0.216709914396537
124.95,0.1,412.6825005796,0.102181195803271,0.877077944950169,0,0.213767433851971
124.96,0.1,412.562285622396,0.101526977071937,0.877711917367228,0,0.215063180502814
124.97,0.1,412.44171890564,0.103667731273986,0.875844057362087,0.000642549259011835,0.211867061526063
124.98,0.1,412.320837582046,0.102084649432019,0.875637570208556,0.00394777744732963,0.216209746013959
124.99,0.1,412.199678812859,0.10585873388872,0.874029566688389,0,0.212009069318995
125,0,412.078279766148,0.103716700975715,0.877544818306475,0.000431750932108441,0.216733619948783
125.01,0,411.956677615115,0.104351299154869,0.875417162660244,0,0.215159506934615
125.02,0,411.834909536439,0.102450077871165,0.874156300096464,0.00072664873221282,0.213758649005839
125.03,0,411.713012708643,0.103064428332912,0.873211807927752,0,0.214390639380812
125.04,0,411.591024310499,0.102555030961924,0.87572964499408,0,0.215670439898133
125.05,0,411.468981519449,0.104298903897403,0.872530823965524,0.00244394229625914,0.214644093774595
125.06,0,411.346921510069,0.101596033676896,0.871643116628345,0,0.216540103761294
125.07,0,411.224881452553,0.104015610432797,0.870098713898398,0.00285579582531444,0.216776292940467
125.08,0,411.102898511232,0.103770484205136,0.872608925142784,0,0.214142997746056
125.09,0,410.981009843115,0.102493996158902,0.873093510145859,0,0.214592624920735
125.1,0,410.859252596469,0.104210109402175,0.870264422312998,0.000157497183629866,0.215061232657792
125.11,0,410.737663909423,0.105457394422783,0.870853991884293,4.89738546368389e-05,0.216835410138175
125.12,0,410.616280908603,0.100663460713347,0.869726088199592,0.00101214553058643,0.216206895632243
125.13,0,410.495140707795,0.101991570419705,0.869731735893067,0.00153916691001237,0.213845232957133
125.14,0,410.374280406645,0.103273821948027,0.86986302691904,0.000362772647046911,0.214996185750209
125.15,0,410.253737089377,0.104825429808106,0.866152446568026,0,0.215089544020796
125.16,0,410.133547823555,0.10096615282192,0.867766759852326,0.000474872242927469,0.21607030707204
125.17,0,410.013749658863,0.102934594686642,0.86849634089023,0.0014230285687636,0.21360935384961
125.18,0,409.894379625923,0.101216323600718,0.869108485127393,0.000766199339933642,0.214233690764037
125.19,0,409.775474735139,0.105432494417775,0.868692542920131,0.000160226648740811,0.214855717842444
125.2,0,409.657071975574,0.102965402303553,0.86442239123612,0.000623010011981111,0.212710650416987
125.21,0,409.539208313857,0.102033583813546,0.866786690819989,0,0.212311417207072
125.22,0,409.421920693115,0.102256503009261,0.86597178589109,0,0.215530644648247
125.23,0,409.305246031943,0.104081337204478,0.868253840758888,0.000302701889150608,0.215504749529397
125.24,0,409.189221223403,0.104564263108983,0.8638945497942,0.000607860082851391,0.21524033462938
125.25,0,409.073883134048,0.10382801627193,0.864878257937201,0,0.2130215451456
125.26,0,408.959268602978,0.103480877358198,0.864578377394235,0,0.217464347944781
125.27,0,408.845414440936,0.10371894683907,0.864928038364459,0,0.214395339960684
125.28,0,408.732357429415,0.102307788635195,0.864843140746797,0.000815027897946241,0.214530545041818
125.29,0,408.620134319818,0.100563339273876,0.862862835435126,0.00200163442772523,0.214569470293997
125.3,0,408.508781832627,0.099699667746057,0.863985653314192,0,0.216491849263719
125.31,0,408.398336656621,0.102358713220251,0.863330646641547,0,0.214432882256323
125.32,0,408.288835448109,0.101946566726046,0.861998681572766,2.37447906757048e-05,0.215901524911265
125.33,0,408.1803148302,0.105418416160569,0.859051815027104,0,0.215730935744504
125.34,0,408.072810591239,0.100176372571406,0.861918991170636,9.03901208231114e-05,0.215421352256738
125.35,0,407.966358563629,0.102693996687587,0.859306696415979,0.000666502991332323,0.213206860288702
125.36,0,407.860996792305,0.103139785130282,0.861815363646088,0,0.216560863333894
125.37,0,407.756761760961,0.103186658054123,0.86092160427867,0,0.212946560502319
125.38,0,407.653689916891,0.0995896554090802,0.858460956665414,0.00150724847657252,0.219094171783806
125.39,0,407.551817670438,0.101815428617312,0.862804506762164,0,0.215422258346688
125.4,0,407.451181394478,0.103266188811642,0.861378599432201,0.00123310497331253,0.215228057807683
125.41,0,407.351817423921,0.104074966099766,0.857135765252374,0,0.217189940917374
125.42,0,407.253762055256,0.10347171483506,0.857842679294936,0,0.214997229095498
125.43,0,407.157051546118,0.100428609383538,0.854760566887706,0.0019656536935536,0.214037946611506
125.44,0,407.061722114886,0.101081019152092,0.858736135464877,0,0.214444411665476
125.45,0,406.967809940305,0.101730386887361,0.85937389035,0,0.215756087003373
125.46,0,406.875351161155,0.102071194975535,0.85670907563637,0,0.215058593507307
125.47,0,406.784381875918,0.104548321484453,0.857825428610305,0.00244046623704508,0.216144572782018
125.48,0,406.694756533436,0.104603140904337,0.85579247412954,0,0.215205400091595
125.49,0,406.605452318708,0.101445089510147,0.855723101809085,0,0.214888755547627
125.5,0,406.516306920212,0.103109575482627,0.854450600944424,0.00110877459190684,0.215161307506912
125.51,0,406.427323962153,0.105014273501526,0.853815824072447,0.00247881717021646,0.215013316763425
125.52,0,406.338507064517,0.107045405820039,0.856141052621942,0.000795119527120958,0.215602822510421
125.53,0,406.249859842917,0.104806297860846,0.855748937946613,0.00138980341296449,0.217365606296936
125.54,0,406.161385908432,0.103026505691365,0.855576809927632,0,0.216104964248472
125.55,0,406.07308886745,0.104896901656524,0.855696136469198,0,0.21765387134206
125.56,0,405.98497232151,0.101321911491552,0.852505744349862,0.00157944725757585,0.214841722236451
125.57,0,405.89703986714,0.0988212785133415,0.855428743283278,0,0.212879535953113
125.58,0,405.809295095704,0.104707545727179,0.852789151412323,0,0.214511700275711
125.59,0,405.72174159324,0.101456069330082,0.852669174274005,1.94284044629995e-05,0.213906802976545
125.6,0,405.634382940297,0.104289931283485,0.851351350109008,0.000300791296395254,0.215050437577053
125.61,0,405.547222711783,0.103721409792711,0.851410266428736,0,0.21789388670166
125.62,0,405.4602644768,0.105826063250012,0.85116056233165,0.00141801727121249,0.212092215610532
125.63,0,405.373511798487,0.101783718164736,0.850397962079192,0,0.215153551545089
125.64,0,405.286968233859,0.104960399278855,0.853549584655505,0,0.215549990108773
125.65,0,405.200637333649,0.101894488870451,0.849191838525363,0.00183868874800661,0.214670941543969
125.66,0,405.114522642144,0.10149610912735,0.850048017597095,0.000978073457075446,0.215690105059866
125.67,0,405.02862769703,0.103500573280804,0.84960876319542,0.00143351934487481,0.216193332807946
125.68,0,404.942956029229,0.1048518834738,0.84613898142096,0,0.21562729576732
125.69,0,404.857511162739,0.103179680730414,0.847353168978395,0.00095012621746212,0.214691826265678
125.7,0,404.772296614474,0.100305549068697,0.850144122339749,0.00136363946203047,0.213092744194329
125.71,0,404.687315894104,0.104268984344722,0.847123011816682,0.000174658482616505,0.213889739493417
125.72,0,404.602572503893,0.103637200598332,0.850217280359963,0.00111961974524856,0.212861476508068
125.73,0,404.51806993854,0.100835816830828,0.848412746140807,0,0.216557979947354
125.74,0,404.43381168502,0.102732027487997,0.846788744170906,0.00297319363680885,0.214212942883574
125.75,0,404.349801222418,0.104376407623503,0.847500313565376,0,0.214020595525741
125.76,0,404.266042021776,0.103183840380224,0.847508325578564,0.000218364200622972,0.215019210959881
125.77,0,404.182537545925,0.102619035860888,0.848336604617807,0.000518566812748616,0.215108771842802
125.78,0,404.099291249329,0.103650118128519,0.845650912847077,0.00110893833621399,0.216568860081243
125.79,0,404.016306577924,0.10449471508568,0.846069641503921,0.00131673809538268,0.213031023872551
125.8,0,403.933586968955,0.103889167094706,0.843503748215321,0,0.214717068690195
125.81,0,403.85113585082,0.103312419495016,0.843407169826085,0,0.213173372160423
125.82,0,403.768956642904,0.105264316055667,0.844488202350333,0,0.213860881120132
125.83,0,403.687052755421,0.103465787283619,0.846694208529973,0,0.214036795292752
125.84,0,403.605427589257,0.102430803712843,0.842508014300417,0,0.214390826303902
125.85,0,403.524084535803,0.100395437483814,0.842181358088554,0.00131211675308027,0.217681290480598
125.86,0,403.443026976801,0.101058794103636,0.843576798292324,0.00133395687140123,0.212660925445539
125.87,0,403.362258284179,0.10253396392011,0.839193963648081,0.000662879232159258,0.21309457588534
125.88,0,403.281781819894,0.102622556984781,0.844178853567945,0,0.213850329305681
125.89,0,403.201600935773,0.1028448638765,0.841636959237258,0,0.215624763956142
125.9,0,403.121718973349,0.104537190451036,0.83882037941026,0.000135614924545557,0.213365215987067
125.91,0,403.042139263704,0.103616061243684,0.840255466499075,0,0.214924905066354
125.92,0,402.962865127311,0.101005000113322,0.839886429293481,0,0.214510247728551
125.93,0,402.88389987387,0.103298807562379,0.839559025258407,0,0.214175142537433
125.94,0,402.805246802155,0.102460440752911,0.836791374941004,0.00101457540313021,0.212414825114674
125.95,0,402.726909199848,0.104076510235895,0.839539753371394,0,0.212750697782385
125.96,0,402.648890343388,0.102041444236323,0.839775911938055,0.00270360016028137,0.215360839811217
125.97,0,402.571193497803,0.102442450356265,0.838813435262029,0,0.216010514131262
125.98,0,402.493821916561,0.102764609942137,0.840624515563031,0.000499808874862022,0.215306363871831
125.99,0,402.416778841405,0.102241706610171,0.841051905996673,0,0.213330416650105
126,0,402.340067502199,0.104348521548672,0.837250415197569,0.000751530132262441,0.216471845196571
126.01,0,402.263691116765,0.103312451940457,0.839752363846888,0,0.21569394421644
126.02,0,402.187652890735,0.103431177114902,0.837397023334622,0.000288032367467203,0.215513993098609
126.03,0,402.111956017382,0.104250018323811,0.836804737434091,0.00233482852843315,0.213658364137043
126.04,0,402.036603677472,0.100160135738971,0.837532984420876,3.98672749288867e-05,0.216708080280908
126.05,0,401.961599039104,0.103252302146112,0.836528102541268,0,0.216783643382341
126.06,0,401.886945257552,0.101382898226974,0.83879321596938,6.3390888203666e-05,0.21278913976476
126.07,0,401.812645475114,0.102477723686567,0.836341421607685,0,0.215631324277531
126.08,0,401.738702820949,0.102082746931368,0.833565046608108,0,0.214157376883927
126.09,0,401.665120410927,0.101086111163477,0.833644999882596,4.50507267515201e-05,0.213733765590188
126.1,0,401.591901347474,0.103723996010509,0.83365618032328,0.00139053672686836,0.213935695364765
126.11,0,401.519048719414,0.102024714293424,0.833924356774677,0.000227163297992489,0.214480646007348
126.12,0,401.446565601815,0.100860960426067,0.834784652835721,0.00069881262910829,0.212830002680166
126.13,0,401.374455055839,0.101753223724724,0.836325047961131,0.00191496292464943,0.215641842390078
126.14,0,401.302720128583,0.101421548118657,0.834306689604077,0,0.213338328842827
126.15,0,401.231363852929,0.102542831918677,0.835900368059264,0,0.215567774651772
126.16,0,401.160389247392,0.104448949278362,0.833488520445492,0.00109926120708784,0.213547222885859
126.17,0,401.089799315965,0.100441497712486,0.834198535620769,0,0.212883449558782
126.18,0,401.019597047967,0.104003725910849,0.83132575975841,0,0.218809305215394
126.19,0,400.949785417895,0.101885510620144,0.832090803687909,0.00169531339455651,0.215731025981866
126.2,0,400.880367385269,0.103020043704547,0.833797206022932,0,0.215207022668195
126.21,0,400.811345894484,0.102681712406324,0.828167903746202,0,0.218465168213208
126.22,0,401.208322198055,0.10189094211458,0.832663015254987,0,0.215498797622184
126.23,0,401.402989193763,0.0998610224017628,0.831003475104614,0.000522597038286454,0.214239990791131
126.24,0,401.531515229916,0.102247993443281,0.833838852393327,0.00128813106567206,0.216709884977888
126.25,0,401.663240770406,0.101709450639041,0.828289417609613,0,0.215036163818346
126.26,0,401.799791148439,0.101312371878451,0.829703467037913,0.000682431825416024,0.213614312752135
126.27,0,401.940596470049,0.102129536339615,0.831511657924966,0.000909715375527001,0.215372083573212
126.28,0,402.08564232918,0.101997273343566,0.829811573092839,0,0.212168655148006
126.29,0,402.234965886237,0.103177581678935,0.826159793787212,0.000430677043243126,0.215867106035059
126.3,0,402.388601565405,0.10043818070044,0.827730637331498,9.04449655441722e-05,0.215326286915704
126.31,0,402.546583150099,0.104021294886265,0.82852920210825,0.00108267398316816,0.217122674657783
126.32,0,402.708944436825,0.100494758369165,0.826179328934203,0.00198046293815846,0.21575317645436
126.33,0,402.875719250994,0.101974919393803,0.831516805379874,8.11006521358804e-05,0.214593473938061
126.34,0,403.046941442698,0.101249765246242,0.828733237777396,2.20608431582433e-05,0.214127695180815
126.35,0,403.222644887742,0.102208915538019,0.828127187519525,0.00083151272520034,0.215940885821708
126.36,0,403.402863489184,0.102690768297116,0.832854538908596,0,0.216294520908679
126.37,0,403.58763117885,0.102291588524275,0.828237735303643,0,0.216275878720839
126.38,0,403.776981918855,0.0992670009432614,0.825653241272805,0.00114320225733633,0.219604406420863
126.39,0,403.970949703135,0.099843602763793,0.825648348243487,0.00107280800140447,0.215656179518377
126.4,0,404.169568558987,0.101453259898994,0.825496206881617,0.0023929743828331,0.212577508732637
126.41,0,404.372872548615,0.100842257953207,0.826849279489157,0.00265519005808294,0.213349864295132
126.42,0,404.580895770688,0.10073625253578,0.828861418541856,0,0.215567349279393
126.43,0,404.793672361909,0.0985693759064003,0.826155281000754,0,0.217004126743326
126.44,0,405.011236498581,0.10171494463825,0.823700359173571,0.00198842408115334,0.216344734161566
126.45,0,405.233622398195,0.10321359983572,0.825788254808017,0,0.212865660012401
126.46,0,405.460864321014,0.101641412084947,0.825247958572058,0,0.215089122971268
126.47,0,405.692996571674,0.101313957964944,0.824409161677585,0,0.2158485097498
126.48,0,405.930053500778,0.0997505774223421,0.824450629711146,0,0.211530957987204
126.49,0,406.172069506517,0.0992235758388305,0.824121083926403,0.00215296134381512,0.213028878173255
126.5,0,406.419079036275,0.0996919582607903,0.823018308258906,0,0.215128831024465
126.51,0,406.67111658826,0.0978476738180595,0.825025690208607,0,0.216620200885125
126.52,0,406.928216713129,0.0991136183736444,0.823609026123035,0,0.216330730219187
126.53,0,407.19041401562,0.0999010266596405,0.823748524707592,9.68098836759056e-05,0.214741643800828
126.54,0,407.457743156195,0.100181604419125,0.823998354638058,0.00172192592627492,0.21344156058651
126.55,0,407.73023885268,0.0994166069316107,0.822496540180019,0,0.214945976515484
126.56,0,408.007935881923,0.0972466142785121,0.824245901092303,0.000673495704753512,0.213282767689673
126.57,0,408.290869081439,0.0980981522613232,0.826907857672366,0,0.215819569438492
126.58,0,408.579073351072,0.0983227208532414,0.824565766550919,0.000967464444364227,0.213885310165751
126.59,0,408.872583654662,0.100570708529817,0.823238439227945,0,0.216227016430992
126.6,0,409.171435021706,0.0985081046507762,0.820547785391496,0.000148576089179042,0.214801254155641
126.61,0,409.475662549031,0.0964729117407103,0.822384493111535,0,0.216488293974041
126.62,0,409.785301402468,0.0986741264633912,0.820877681408221,0.000586241221964255,0.213169128509946
126.63,0,410.100386818528,0.0990105902914459,0.820146439874523,0,0.216491307458131
126.64,0,410.420954106082,0.0980735485251858,0.821872845004784,0.000866832373082909,0.215863282390626
126.65,0,410.747038648046,0.0959538724683059,0.819148200166134,0,0.213069672158524
126.66,0,411.078675903059,0.0955991510010609,0.819854243802178,0.000301871700554779,0.214339767586393
126.67,0,411.415901407175,0.0971819077115402,0.820370766185157,0,0.215044544325119
126.68,0,411.758750775555,0.0988738041863986,0.821074820549567,0.000190123683013633,0.213970198504105
126.69,0,412.107259704146,0.0968362348340442,0.818750241351389,0,0.216904239532705
126.7,0,412.461463971385,0.0973223511358592,0.819316973557395,0,0.215635039106654
126.71,0,412.821399439882,0.0940392835270759,0.821172498205958,0,0.218645863859669
126.72,0,413.187102058116,0.0975700330554368,0.818315464303006,0.00133505851948177,0.215598370485567
126.73,0,413.558607862134,0.097502210618967,0.820744175240432,0,0.215745929279913
126.74,0,413.935952977235,0.0970851169435188,0.816645507173477,0.00140111139932875,0.214586854740842
126.75,0,414.31917361967,0.0986036034620265,0.819301076016018,0.00249132854387741,0.215210785624192
126.76,0,414.708306098339,0.0930316569843431,0.817645340724904,0.000418251310633164,0.216837466607838
126.77,0,415.103386816474,0.0934324697457686,0.819404816015708,0,0.213313851915976
126.78,0,415.504452273338,0.0939031893727336,0.818102071228198,0,0.212650529070242
126.79,0,415.911539065917,0.0969330573314745,0.817854609216252,0.00218455807042127,0.2137101611155
126.8,0,416.324683890604,0.0940933544372133,0.818538317404907,0,0.214194770012905
126.81,0,416.743923544893,0.0933638999609975,0.817768386377936,0.00288979781218335,0.213668530670532
126.82,0,417.169294929059,0.0940162733721991,0.818861381374165,0.00173632097010836,0.214542930280109
126.83,0,417.60083504785,0.0929461066882011,0.817668231944276,0.000167692280786832,0.214633987438709
126.84,0,418.038581012158,0.091801237831327,0.815403258217584,0,0.215460224599918
126.85,0,418.482570040705,0.0926867953658649,0.816660886636428,0.00138608365875067,0.214670199079416
126.86,0,418.932839461718,0.0935601689823627,0.817275899684567,0,0.215426857592585
126.87,0,419.389426714599,0.0945835988803448,0.8169261762695,0,0.215285509652166
126.88,0,419.852369351594,0.090681692921845,0.817371339837181,0,0.214736959857111
126.89,0,420.321705039461,0.0906364920328402,0.817907940176104,0,0.217538340048833
126.9,0,420.797471561128,0.091516939196893,0.819027550377024,0.00114538761663586,0.217094989789238
126.91,0,421.279706817347,0.0934631606705659,0.817158023781229,0,0.214414699253835
126.92,0,421.768448828353,0.0922581518677557,0.815275779032849,0,0.215821974894118
126.93,0,422.263735735504,0.0931507132540098,0.815665689634414,0,0.215789520155883
126.94,0,422.765605802928,0.0899368917754822,0.817122365972942,0,0.215490948968692
126.95,0,423.274097419153,0.0911781679778479,0.816363118482012,0,0.21429528391447
126.96,0,423.789249098743,0.08899449981514,0.815732064391775,0,0.21413872215106
126.97,0,424.311099483921,0.0894357423592348,0.814351884695139,0,0.215811423902592
126.98,0,424.839687346183,0.0937605184483362,0.814566784041153,0,0.21686934486137
126.99,0,425.375051587913,0.0902279502590847,0.816338123997232,0.000206314716717956,0.215583356097239
127,0,425.917231243988,0.0892256235753918,0.81334110820947,0,0.215007170866236
127.01,0,426.466265483372,0.0883669877763015,0.817010073557269,0.000504394838435956,0.213836959005233
127.02,0,427.022193610708,0.0889802986364519,0.814956461656374,0,0.214101591503238
127.03,0,427.585055067896,0.0897871438122784,0.814724040850855,0,0.216639052081308
127.04,0,428.154889435674,0.0884846221503048,0.814798435384959,0.00124650824528528,0.216524334128287
127.05,0,428.731736435174,0.0892796869841833,0.813314359885142,0,0.216548861344217
127.06,0,429.315635929487,0.0862914272752469,0.81627927171392,0.000410682907468922,0.215631890411676
127.07,0,429.906627925205,0.0891463926968218,0.814343936332786,0,0.215963053232011
127.08,0,430.504752573962,0.0893552704201914,0.815368651951418,0,0.214588594232259
127.09,0,431.110050173962,0.0856072679390222,0.813849242381782,0,0.214654860387177
127.1,0,431.722561171496,0.0871323671409071,0.811611128591185,0.000663943880177501,0.212820705704375
127.11,0,432.342326162456,0.0893094402208212,0.814352704467287,0.000956318712649043,0.215232939290335
127.12,0,432.969385893827,0.0872194645162901,0.814435436412407,7.11763787415621e-05,0.213622468120723
127.13,0,433.603781265179,0.0856777292424656,0.816193149291661,0,0.212117791581758
127.14,0,434.245553330141,0.0838549426465317,0.813573575958007,0,0.217445232572775
127.15,0,434.894743297865,0.0872289314723743,0.813411684675309,0.0013000771358418,0.216198559097662
127.16,0,435.551392534483,0.0844517501730887,0.812997153241803,0.000833897659698498,0.217320897963644
127.17,0,436.215542564545,0.0845866879523986,0.817430503466146,0.000166186080493771,0.214746789286447
127.18,0,436.887235072449,0.086604868207327,0.813832183200275,2.03043327512536e-05,0.214429288484115
127.19,0,437.566511903857,0.0822037627410114,0.812278321708852,0.000856132114513992,0.216023441956306
127.2,0,438.253415067096,0.0852578431928073,0.813819340002876,0,0.216581676963756
127.21,0,438.947986734555,0.0838240062014993,0.813368485717608,0.000787943819722188,0.214408923613186
127.22,0,439.650269244051,0.0828274638943075,0.811830753179662,0.00106227346230219,0.214264880607525
127.23,0,440.360305100201,0.081559345912183,0.815539479533001,0,0.21528375064661
127.24,0,441.078136975764,0.0821969986111425,0.811251602037411,0.000472010363548469,0.216271800278277
127.25,0,441.803807712976,0.0818975230046874,0.813598104907523,0,0.217665913858785
127.26,0,442.53736032487,0.0846187149490333,0.813522067152877,0,0.216137651961509
127.27,0,443.278837996581,0.0838469456716757,0.812407928952818,0,0.213937707525666
127.28,0,444.028284086626,0.0823309691251257,0.814223250337777,0.000586832745072264,0.216778478941125
127.29,0,444.785742128187,0.0839276960527072,0.811916588193331,0,0.217413631692214
127.3,0,445.551255830356,0.0814396429269392,0.81240515218781,0,0.216915151762095
127.31,0,446.324869079382,0.0770241832228637,0.812854412006817,0.000510221673098117,0.213256638876412
127.32,0,447.106625939892,0.0798598130957757,0.814000898282365,0,0.214852167014616
127.33,0,447.896570656088,0.0792172364975796,0.812174143358771,0,0.214359792954834
127.34,0,448.694747652946,0.0791471860840101,0.815658386101894,0.000666979634553194,0.214674678395442
127.35,0,449.501201537378,0.0789175731628218,0.812924540070077,0,0.213911974190794
127.36,0,450.315977099383,0.0793970393801419,0.815193724615507,0.00235401497876113,0.214307923680572
127.37,0,451.139119313184,0.0801787415077337,0.810644450625846,0,0.214056443316702
127.38,0,451.970673338336,0.0776238811850608,0.811290094575268,0.000540786703562057,0.214460237512676
127.39,0,452.810684520823,0.0770302847593119,0.813014869445248,0.00130860405488935,0.213101477393453
127.4,0,453.659198394132,0.076261042263373,0.810505906150539,1.00412421605195e-05,0.214013635837577
127.41,0,454.516260680308,0.0757793250427445,0.81061676563394,0,0.21455576555069
127.42,0,455.381917290983,0.0768838852880201,0.813192198787569,0,0.21551082152798
127.43,0,456.256214328397,0.0753941486892581,0.811486554738637,0.000122080233602531,0.215934647023908
127.44,0,457.139198086381,0.0771621175023036,0.813382948411986,0.00103361587969199,0.21372373156294
127.45,0,458.030915051334,0.0754432430171351,0.814345749686822,0.000705612192278533,0.21510104897725
127.46,0,458.931411903167,0.0761728943949453,0.813872091484979,0,0.216649890683722
127.47,0,459.840735516232,0.0734402844256694,0.812236884770656,0.00331721531455461,0.215173541285015
127.48,0,460.758932960222,0.0746544271229242,0.811513772637273,0.000100764911416093,0.21798762169048
127.49,0,461.686051501056,0.0740572493477249,0.811803174136345,0,0.214081379243997
127.5,0,462.622138601729,0.0727269169629552,0.810261264659362,0.00117048757146718,0.215093709321596
127.51,0,463.567241923152,0.0756066989910553,0.811412879370397,0.000999640988091758,0.213949049761302
127.52,0,464.521409324956,0.0746922894906283,0.809976148881042,0,0.214767411927886
127.53,0,465.484688866278,0.0703893766073228,0.812289135816178,0.000458517243744478,0.215450461884112
127.54,0,466.457128806521,0.075850025430036,0.812207369884132,0,0.214923327795566
127.55,0,467.438777606085,0.0719365253197934,0.812994889333747,0,0.215579511204618
127.56,0,468.42968392708,0.0728833768794528,0.811945462720867,0.00237508581132401,0.214992480590526
127.57,0,469.429896634002,0.0704570136223826,0.812494855703431,0.000250391895667516,0.214617128366287
127.58,0,470.439464794392,0.0746053283522762,0.812850465491064,0.000777091210298958,0.212610104581561
127.59,0,471.458437679463,0.0697667368403809,0.812992937253219,0,0.21667341365827
127.6,0,472.486864764705,0.0704572826302007,0.81417844819787,0,0.213551656931218
127.61,0,473.52479573045,0.0678434265932656,0.81256471337933,0,0.215892039518201
127.62,0,474.572280462423,0.0688314704381899,0.812162415844265,0.000209898349984957,0.215459178444629
127.63,0,475.629369052259,0.0673961902079559,0.811873749170302,0,0.21460475971955
127.64,0,476.696111797986,0.0668074813735069,0.810997586146918,0,0.215868377922259
127.65,0,477.772559204486,0.0667864023771074,0.811544313353057,0,0.215109209240312
127.66,0,478.858761983921,0.0653614970853432,0.811987273367875,0,0.216252436080635
127.67,0,479.954771056136,0.0652339808977775,0.812161641572437,0,0.214191144751458
127.68,0,481.060637549019,0.0659621926576061,0.812180944854498,0.000485857407215898,0.214462149019238
127.69,0,482.176412798839,0.0666530320907131,0.814087585401313,0.0018495398756862,0.211242884415594
127.7,0,483.302148350554,0.0665346968961205,0.813389421913757,0,0.215957837624864
127.71,0,484.437895958077,0.0671752191841706,0.814221010224467,0.00186488670170916,0.216079721823954
127.72,0,485.583707584522,0.0630097732518498,0.813043643114281,0.00125852562096225,0.215794839676587
127.73,0,486.739635402407,0.0664603685018402,0.815072703592315,0.00174854966080728,0.214814770276923
127.74,0,487.905731793831,0.0632667231987867,0.813889688960866,0,0.215177821753262
127.75,0,489.082049350609,0.0616769302631082,0.812007379381174,0.00207740955336633,0.214783991302821
127.76,0,490.268640874381,0.0638294730648651,0.815161450736276,0.000984741593060596,0.215756520801227
127.77,0,491.465559376683,0.0636933932778815,0.81266693559116,0,0.214848274829691
127.78,0,492.672858078983,0.0618682535085121,0.816460204991863,0,0.215734691507825
127.79,0,493.89059041268,0.0606868069583379,0.813171204229436,0,0.215229491695365
127.8,0,495.118810019069,0.0634325214198892,0.814057875563864,0.000701912350287544,0.214221694027784
127.81,0,496.357570749268,0.0616555215669476,0.813283795706761,0.00256610867569081,0.214760743541061
127.82,0,497.606926664111,0.0605268401119097,0.812482615602763,0.00034467592045734,0.215075542115425
127.83,0,498.866932034001,0.0623030779382796,0.814179712474841,0,0.215131290137614
127.84,0,500.137641338723,0.0612738886692997,0.810088040698137,0,0.214716940038381
127.85,0,501.419109267225,0.0624311844904091,0.815205947859533,0,0.214208794402525
127.86,0,502.711390717356,0.0588552377242684,0.814113297361878,0.000603879681734867,0.216157241067694
127.87,0,504.014540795562,0.0561335958474452,0.816921842016753,0.00190343585754876,0.216431654893621
127.88,0,505.328614816551,0.0548529939529171,0.813575736449303,0,0.213564340028812
127.89,0,506.653668302906,0.0553185253243448,0.813678204181273,0.00177540147946,0.216751205691707
127.9,0,507.989756984672,0.0558037828018885,0.813592315243124,7.6881923900528e-05,0.212643126742207
127.91,0,509.336936798886,0.0534512174044381,0.815854152059695,0,0.211994477699108
127.92,0,510.695263889076,0.0561172304832461,0.812424969653337,0.00184725926952088,0.215125877658465
127.93,0,512.064794604715,0.0531290408045508,0.811991462018487,0.000411521672775493,0.214712594755886
127.94,0,513.445585500634,0.0542248645994099,0.813210219741482,0.000160351729595281,0.212230308511946
127.95,0,514.83769333639,0.0535455501601785,0.815565072754676,0.00232400544997676,0.215248695342474
127.96,0,516.241175075586,0.050924879999953,0.817869856372967,0.000615031199999769,0.214055905873522
127.97,0,517.656087885157,0.0528172157950868,0.815850398309253,0,0.217963041033955
127.98,0,519.082489134603,0.0535904735855172,0.815311918314535,0,0.214973234838998
127.99,0,520.520436395182,0.0507780431079295,0.813906774931198,0,0.214647793222066
128,0,521.969987439058,0.0517060562231553,0.817387421359716,0,0.216366458834548
128.01,0,523.431200238394,0.0499652515226415,0.814179063755879,0.00192048157016235,0.216608235367747
128.02,0,524.904132964411,0.0500308219364847,0.814128164231477,0.000412967864645163,0.217220626736944
128.03,0,526.388843986394,0.0458861621489956,0.816713124006419,0.000566764180803355,0.214693069801903
128.04,0,527.885391870644,0.0476738407192909,0.814183683039905,0,0.214547201144778
128.05,0,529.393835379399,0.0491918109450214,0.816413572444096,0.00233962090859586,0.21477417972274
128.06,0,530.914233469689,0.0499874555651752,0.81627710733693,0,0.213807201196708
128.07,0,532.44664529215,0.0481987202441257,0.815519118334764,3.86940723565794e-05,0.214749311744188
128.08,0,533.991130189793,0.0470040827477811,0.815454134893341,0,0.217555555641655
128.09,0,535.54774769671,0.0476345887468438,0.817395105863743,0,0.216385253388547
128.1,0,537.116557536744,0.047179258747637,0.815085622023051,0.00122094094256316,0.216970863115704
128.11,0,538.697619622098,0.0465299998094774,0.815707383446343,0,0.214264543679606
128.12,0,540.290994051899,0.0444213184960278,0.818330977179305,0,0.215824380061409
128.13,0,541.8967411107,0.0433712197133162,0.817915360734954,0,0.216511677956739
128.14,0,543.514921266947,0.0429314460999972,0.81689993043425,0,0.21283971294174
128.15,0,545.145595171377,0.0432544619667749,0.818645470730457,0,0.218562544231635
128.16,0,546.788823655363,0.0451445542231542,0.817796033193848,0.000455795923706318,0.212717338392285
128.17,0,548.44466772922,0.0406395480690612,0.817784032146371,0.00244021671493082,0.213875332830771
128.18,0,550.113188580441,0.0408611162320515,0.815947412254144,0,0.21548925823673
128.19,0,551.794447571882,0.0417374713419724,0.816895311120531,0,0.212911619679683
128.2,0,553.488506239898,0.0402204844166893,0.819501230692501,0,0.218089632837287
128.21,0,555.195426292417,0.0389902257220561,0.819798991399031,0,0.214055218660885
128.22,0,556.915269606955,0.0373098125385326,0.814504746623205,0.000943372482578896,0.215644473645208
128.23,0,558.64809822858,0.0394160293229691,0.821211615733241,0,0.213263581059496
128.24,0,560.393974367821,0.0380368110427398,0.820365582731597,0,0.213645200596613
128.25,0,562.152960398501,0.0363755585866982,0.819971123362596,0,0.213040771790667
128.26,0,563.925118855542,0.0371324014800027,0.81788523507063,0,0.215765898139785
128.27,0,565.710512432681,0.0374530521910166,0.819727234333062,0.00171088668243466,0.212712356187743
128.28,0,567.509203980143,0.0340548525476508,0.821499264728114,0,0.217617883601848
128.29,0,569.321256502249,0.0343339369790915,0.81953268363079,0.000814198879780766,0.21338280019312
128.3,0,571.146733154974,0.0355196309381863,0.818002775885534,0.00151495368947711,0.213973189989656
128.31,0,572.985697243421,0.0335167937625098,0.820219250487634,0.000113362430554854,0.215827291533522
128.32,0,574.838212219253,0.0331578564717261,0.820277179130232,0,0.21633577317564
128.33,0,576.704341678063,0.0317364047106453,0.820678134438047,0.00173443726712581,0.215196176382974
128.34,0,578.584149356668,0.0311663393621397,0.820309084870519,0.000618707879183212,0.215396213505359
128.35,0,580.477699130352,0.031484747782827,0.821480259620545,0.000141578433701812,0.216776293633971
128.36,0,582.385055010047,0.0318517125178457,0.82086787730669,0.000651657213811479,0.215381201391167
128.37,0,584.306281139432,0.0295070367990772,0.822074495611614,0,0.21579164097584
128.38,0,586.241441791991,0.0296460172216528,0.822443912564852,0,0.214092695609964
128.39,0,588.190601367997,0.0273570946847351,0.820574092193276,0,0.215319089933029
128.4,0,590.153824391423,0.0258406922938478,0.823937231596504,0.000345768960964988,0.21639202657301
128.41,0,592.131175506795,0.0281487879005599,0.82446348080074,0.00281594084935942,0.216093775160628
128.42,0,594.122719475981,0.0264706076071085,0.824697503231294,0,0.215889236080689
128.43,0,596.128521174912,0.0262086403591495,0.823365957859912,0,0.214981881387884
128.44,0,598.148645590224,0.0263466782450673,0.820906039060106,0.00228446601509459,0.212540658091384
128.45,0,600.183157815852,0.0242757259445985,0.824713967488933,0.00138844084435309,0.21349588382135
128.46,0,602.232123049548,0.0231926010495017,0.822909539355861,0.00258678947710242,0.215680077693763
128.47,0,604.295606589315,0.0225301242277601,0.822735617269119,0,0.216954418509063
128.48,0,606.373673829801,0.0250200354599981,0.822420610735109,0.00250875463202832,0.215802616708045
128.49,0,608.466390258603,0.0246942923344731,0.825892749399711,0,0.214665936599646
128.5,0,610.573821452504,0.0226372494386416,0.826833394652507,0,0.214805134718812
128.51,0,612.696033073645,0.0196179695908319,0.82298005440478,0,0.216290333493166
128.52,0,614.833090865628,0.0212670289308641,0.826524654545422,0.00065669258968291,0.213193979477152
128.53,0,616.98506064954,0.0211237298553534,0.824845924762524,0.000372830063089684,0.214912327492355
128.54,0,619.152008319907,0.0214976491637357,0.824278862378148,0.000704373183446787,0.213689837182791
128.55,0,621.333999840585,0.0163995413241087,0.825973800823439,0.000108525567726959,0.212516163764273
128.56,0,623.531101240569,0.0197114015048531,0.825830337816473,0,0.214921315834263
128.57,0,625.743378609732,0.0197652981676488,0.827540533773524,0,0.215599039729098
128.58,0,627.970898094496,0.0171538509597048,0.826305493038641,0,0.214722321425702
128.59,0,630.213725893422,0.018096480134486,0.826085695854125,0,0.213558541503683
128.6,0,632.471928252727,0.0158874626462597,0.82803072266033,0.00126686505034448,0.211563175918889
128.61,0,634.745571461739,0.0151568511348455,0.826516609861715,0,0.217317907820099
128.62,0,637.034721848259,0.0149530724670414,0.826091486747676,0,0.215317231246978
128.63,0,639.339445773861,0.0149412208352605,0.827809341193332,0,0.213181306432435
128.64,0,641.65980962911,0.0126416324252165,0.82904930053342,0.00171212588602851,0.216462604823715
128.65,0,643.995879828715,0.0125135516510158,0.826347594912529,0,0.214315410001695
128.66,0,646.347722806587,0.0129698822334766,0.827110665168889,0.000277400839593647,0.214016476603918
128.67,0,648.715405010843,0.00950082235712767,0.827010333045448,0.00272881756058198,0.213586864200591
128.68,0,651.098992898716,0.00981446788041707,0.827571127798243,0,0.216644920117029
128.69,0,653.498552931399,0.0127189936964538,0.829328920981744,0.000399970824821819,0.213221105573204
128.7,0,655.914151568803,0.00972975084828705,0.83074396784025,5.21887235568593e-05,0.216335856525269
128.71,0,658.345855264251,0.00840866998245493,0.831358730151052,0.000211035301535827,0.215807681583523
128.72,0,660.793730459072,0.00943519172469739,0.829297829329646,0.00142873572291759,0.215266881780012
128.73,0,663.257843577145,0.00481990570256488,0.832203706062764,0.000221463018773984,0.215438370466205
128.74,0,665.38319743539,0.0039275735034444,0.829819381429304,0,0.21641452456656
128.75,0,667.082066005007,0.00678151775220738,0.831445433917673,0.000394162403010335,0.216394165985011
128.76,0,668.740199596878,0.00469228841668965,0.832374995040493,0,0.214030188142253
128.77,0,670.363466005772,0.00288667085039007,0.830398263542553,0,0.215831495086887
128.78,0,671.658388217895,0.00516319515748465,0.832003545116342,0,0.216715167788473
128.79,0,672.855619480029,0.00276774456175783,0.831721756556804,0.00145300272385111,0.215842088749429
128.8,0,674.056345161025,0.00538340402384173,0.829906030950582,0.00243746270747076,0.214436303632029
128.81,0,675.261093201562,0.00356809009447109,0.831461792022294,0,0.215590266657908
128.82,0,676.467942393763,0.00686062965729067,0.832203284034841,0.00310766288025824,0.214897014772689
128.83,0,677.682719939848,0.00311402691485869,0.83291931254084,0.000546266596408845,0.217234321261178
128.84,0,678.905076783481,0.00169855114742912,0.832994808366937,0.000425749077231768,0.216840248190718
128.85,0,680.12779657429,0.00418305558962679,0.833334813543569,0,0.216348826379503
128.86,0,681.356542647344,0.00352155177874577,0.832927048906006,0,0.214923783922137
128.87,0,682.593786765315,0.00233456505184729,0.836371427240692,0.00146485527015203,0.216732910321119
128.88,0,683.834445037515,0,0.833443825996327,3.30834728473028e-05,0.216356043613926
128.89,0,685.077224148439,0.00101249137875737,0.833910442217942,0,0.213851037053334
128.9,0,686.327784673433,0.00310950906611348,0.83515019313275,0,0.214213848871526
128.91,0,687.585651371379,0,0.836759080166321,0,0.215069669213613
128.92,0,688.843046451018,0.000385568769831128,0.835765608506366,0,0.216647667818911
128.93,0,690.106071425835,0.00160912061009401,0.837830635574286,0.00017656942388722,0.215452244171046
128.94,0,690.762237705374,0.0034268627206889,0.838110496087823,0.00102589026173913,0.213734673569773
128.95,0,690.890552431209,0.000539776381020542,0.833800303826334,0.000765177555244903,0.214037815439249
128.96,0,691.01947020883,0,0.836336934596199,0.00075805459444597,0.212997242304358
128.97,0,691.148985614958,0.000702743276271751,0.836522146591464,0,0.211877021528493
128.98,0,691.279093204273,0,0.840061198487256,0.000410943927324852,0.216736634267871
128.99,0,691.409787509684,0.00278659768788626,0.837659653819088,0.000816129509889725,0.212343412407965
129,0,691.541063042597,0,0.839773181635312,0,0.213649258981028
129.01,0,691.672914293187,0,0.836561377553963,0.000401006953388792,0.215534466310878
129.02,0,691.805335730665,0,0.839959779727631,0,0.214136864684954
129.03,0,691.938321803549,0,0.841279690626292,0,0.213450500997528
129.04,0,692.071866939941,0.000805151184184999,0.842081885685333,0.00249083146398991,0.216308608179749
129.05,0,692.205965547791,0.00174345972792943,0.837424271114959,0,0.216078154808088
129.06,0,692.340612015172,0,0.839623403559155,0.00163294813835594,0.215581560926367
129.07,0,692.475800710554,0.000155325186334133,0.843123730857845,0,0.213362874691074
129.08,0,692.611525983075,0,0.840106159473198,0.00160054919271375,0.215309522238908
129.09,0,692.747782162813,0.00143115155031903,0.839819161134876,0,0.213832442249912
129.1,0,692.884563561061,0,0.839647027033689,0.00093812990021362,0.213361669474973
129.11,0,693.021864470603,0,0.840926514605825,0.00174974448788713,0.211675341691281
129.12,0,693.15967916598,0.000842200183787896,0.84039763791643,0,0.217301018062689
129.13,0,693.298001903774,0,0.844034219371692,0,0.216627422883298
129.14,0,693.436826922875,0.00182789399189563,0.843192440198157,0,0.216160688175586
129.15,0,693.576148444762,0,0.843014680249602,0,0.213150982425855
129.16,0,693.715960673769,0,0.843783044501355,0,0.216202672605054
129.17,0,693.856257797371,0,0.842969900608308,0,0.216039564967113
129.18,0,693.99703398645,0,0.842950123828351,0.000628870402382874,0.215048453686721
129.19,0,694.138283395576,0.00060655603565883,0.844107391306572,0.00110273319747694,0.21521131448642
129.2,0,694.280000163281,0,0.843739075905838,0,0.21457013166532
129.21,0,694.422178412331,0,0.844838222514665,0.000737120740469482,0.213128720481803
129.22,0,694.56481225001,0.00112866061972003,0.847929671225443,0.00100130656196208,0.212106476145665
129.23,0,694.707895768387,0,0.848742331929041,0,0.21290936283358
129.24,0,694.851423044598,0.00138827337094811,0.845234923067372,0.000210648739712981,0.217141121635791
129.25,0,694.995388141118,0,0.843302600429717,0.00131956134534184,0.21481774579812
129.26,0,695.139785106041,0,0.848834634590703,0.00292856932419496,0.214421470042777
129.27,0,695.284607973352,0,0.847546829495587,0,0.214620669058695
129.28,0,695.429850763204,0.000750756672075442,0.848760767675179,0.000134831843813194,0.212386438950197
129.29,0,695.575507482199,4.23405041522678e-05,0.847189496803558,0.000502691457781081,0.216611893712003
129.3,0,695.721572123655,0,0.845710080915194,6.59330088961393e-05,0.213849743424776
129.31,0,695.868038667888,0,0.849404099160587,0.00149459672510758,0.214206627985489
129.32,0,696.014901082489,0.000117978081300607,0.850627249874886,0.00134145623064435,0.216394870662789
129.33,0,696.162153322594,0,0.849504710084208,4.63872301784317e-05,0.214200830245566
129.34,0,696.309789331165,0,0.849678382794668,0,0.215399882653592
129.35,0,696.457803039261,0.00232776430078698,0.851044181480545,0.000193038856412778,0.216968641205877
129.36,0,696.60618836632,0.000854597427150043,0.85169876298007,0,0.215368901082918
129.37,0,696.754939220427,0.0012118832187039,0.852322106494135,0,0.215000110651527
129.38,0,696.904049498592,0.000945458768677152,0.851311279567653,0,0.214616988921381
129.39,0,697.053513087028,0,0.851143643023104,0,0.215882050484517
129.4,0,697.203323861421,0,0.851044786606483,0,0.215174815898832
129.41,0,697.353475687205,0,0.853586128771251,0.000437331070814341,0.21316306823476
129.42,0,697.503962419843,0,0.850993321925191,0,0.214484124027834
129.43,0,697.65477790509,0,0.854868722966901,0,0.214640540197465
129.44,0,697.805915979278,0,0.851589345206073,0.000268134494774866,0.215695140880343
129.45,0,697.957370469579,0,0.851757992037096,0.00199705933259492,0.211842380024908
129.46,0,698.109135194289,0.0015330564871789,0.854472340351976,0,0.212356454286478
129.47,0,698.261203963092,0,0.853901547330573,0.000857128499153868,0.215191226526822
129.48,0,698.413570577339,0.000692242243948484,0.855261202309019,0.000299540246879571,0.216246987668001
129.49,0,698.566228830315,0,0.854496398676343,0.000601356017103092,0.214822747790146
129.5,0,698.719172507516,0.00220810093942944,0.854648561223173,0,0.213369167871798
129.51,0,698.872395386916,0.00130805350915714,0.855412303641079,0,0.216151944960012
129.52,0,699.025891239246,0,0.8558816909548,0.000565515225575007,0.214095686372837
129.53,0,699.179653828252,0.00112101933757985,0.855783889894396,0.000231769338816473,0.217343729388983
129.54,0,699.33367691098,0,0.855740886459317,0,0.21497606192423
129.55,0,699.487954238037,0.00294842191340831,0.859822286200378,0.00200564984181646,0.216737327725471
129.56,0,699.642479553862,0.000590709004364453,0.855956717343949,0.000770939785487435,0.214434146289982
129.57,0,699.797246597,0.000400954942329621,0.858391137967611,0,0.214475735733974
129.58,0,699.952249100363,0,0.857394189050572,0.00130571796188371,0.215304596072219
129.59,0,700.107480791505,0.000585137685585737,0.859212634427221,0.000526135762685514,0.213057228306241
129.6,0,700.262935392889,0,0.858976076425805,0,0.217281825302543
129.61,0,700.418606622153,0,0.858597767247408,0.00112916897856745,0.215754126346897
129.62,0,700.574488192374,0,0.859373889596204,0.00259047636104932,0.214251406089289
129.63,0,700.730573812343,0.00161879571816279,0.860328847717876,0,0.214232719020638
129.64,0,700.88685718682,0,0.860500878682811,0,0.212985084337338
129.65,0,701.04333201681,0,0.863681777632287,0,0.214646234076364
129.66,0,701.199991999821,5.95282782428932e-06,0.862883262671765,0,0.215450646939841
129.67,0,701.356828209074,0.00184684993555881,0.86002422958921,0,0.217708104831254
129.68,0,701.513835577281,0.0011852487614575,0.862940467347827,0,0.216075287350483
129.69,0,701.671009169366,0,0.864455142508591,0.000485090830316444,0.215632675261003
129.7,0,701.828342671659,0,0.863511322909835,0,0.215081567598961
129.71,0,701.98582976831,0.0021776080860085,0.865016463409031,0,0.217563335209001
129.72,0,702.143464141553,0.000845137992792193,0.861579565680231,0.001340697040946,0.214263571034599
129.73,0,702.301239471965,0.000388847921946086,0.864511586171918,0.000599735670990806,0.2163765659123
129.74,0,702.459149438726,0.00130514128461632,0.863565557485974,0.000924910410495781,0.217774006904939
129.75,0,702.617187719879,0.00116195925161605,0.865611750074963,0.000668268748672733,0.216411705666842
129.76,0,702.77534799259,0,0.867794477687238,0,0.216128012162469
129.77,0,702.933623933407,0.00106340007765669,0.866210835551485,0,0.215078065661494
129.78,0,703.092009218512,0,0.86361773749646,0,0.21544868296776
129.79,0,703.250497523985,0.000374868128198802,0.867533068739829,0.000234314979755094,0.21497943747963
129.8,0,703.409082526056,0.000155792154030521,0.864520935960003,0.000764751854379244,0.214343838149909
129.81,0,703.567757901361,0.000679925039703785,0.866974304841122,0.000662188118657309,0.21482202329118
129.82,0,703.726517327201,0,0.866304612658571,0,0.215831500621604
129.83,0,703.885354481788,0.000897219195038979,0.867695735667299,0.0016560727382458,0.212733635055493
129.84,0,704.044263044507,0,0.869570129402921,0,0.214619726595023
129.85,0,704.203236696163,0,0.870619772767559,0,0.21472660639401
129.86,0,704.362269119235,0.000586763003083758,0.871552396534242,0.000403195593866146,0.215090772849556
129.87,0,704.521353998127,0,0.8703903658923,0.00136591487703958,0.21608381823423
129.88,0,704.68048501942,0.00106955435905511,0.870550567500282,0,0.216290890976039
129.89,0,704.839655872117,0,0.86895308320069,0.000474060714304985,0.214694623173409
129.9,0,704.998860247898,0.00123269682895034,0.872244138669309,0.00130730241966259,0.214346608498729
129.91,0,705.158091841364,0,0.871825318467299,0.00101986117029423,0.213101302222416
129.92,0,705.317344350286,0.000178104262637235,0.873011090834597,0,0.215441596033232
129.93,0,705.476611475849,0,0.871400013269446,0.000147879339728949,0.214816760244248
129.94,0,705.635886922905,0.00103799496072985,0.87403911612769,0.00141579639200768,0.215428093211118
129.95,0,705.795164400205,0,0.871286856395387,0,0.214748493126924
129.96,0,705.954437620659,0,0.872355704541665,0,0.214968497206723
129.97,0,706.113700301566,0,0.873539013778142,0.000253736671466362,0.213141154746067
129.98,0,706.272946164862,0,0.873502934144565,0,0.217751780963087
129.99,0,706.432168937364,0.00255760647600285,0.873903816040146,0.000317329875161477,0.215991430949888
130,0.1,706.591362351006,0,0.8745528231655,0,0.21493200816798
130.01,0.1,706.750520143079,0.00149119700872419,0.874558764416184,0,0.216754737423828
130.02,0.1,706.909636056478,0,0.876839585562229,0,0.214214300265326
130.03,0.1,707.068703839927,0.000602343648839415,0.87438694301316,0.000424155014254509,0.214542789019892
130.04,0.1,707.227717248229,0,0.877283484244368,0.000117889113811735,0.215532018615967
130.05,0.1,707.386670042495,0.000461883328843887,0.878280221634661,0.000377904370517232,0.214280436437741
130.06,0.1,707.545555990378,0.000261174758122356,0.879905929663687,0,0.214584493845055
130.07,0.1,707.704368866318,0.00153627204757778,0.876410521069961,0.000493548092743275,0.2159330300682
130.08,0.1,707.863102451764,0,0.876303040424322,0,0.212554653074651
130.09,0.1,708.021750535413,0,0.877983744827835,0,0.212812381396534
130.1,0.1,708.180306913439,0.000344153829756888,0.877919010068081,0.000437026667920024,0.214725887275069
130.11,0.1,708.338765389731,0.00063685668049879,0.879366776268325,0.00206497376400864,0.213168162615754
130.12,0.1,708.49711977611,0.00158145476011688,0.877079313727362,0,0.214111604803271
130.13,0.1,708.655363892573,0.000240260542268333,0.878642678916337,0.00189759238218798,0.216855962429562
130.14,0.1,708.813491567512,0,0.880331792174335,0.00122930072839686,0.215126511142342
130.15,0.1,708.97149663794,0,0.882080817432275,0,0.215568641724194
130.16,0.1,709.129372949726,0.00140435404667045,0.879705811441237,0.000836880910653417,0.215701776736765
130.17,0.1,709.287114357813,0.000937655749982277,0.882644670991198,0.00231761750528059,0.213584967645516
130.18,0.1,709.444714726446,0,0.882944775561572,0,0.216731392908566
130.19,0.1,709.602167929393,0,0.883672844408918,0.00032405966133696,0.215292761596458
130.2,0.1,709.75946785017,0,0.88264509447616,0,0.213080922301
130.21,0.1,709.916608382261,0.00140916918292599,0.883516425478664,0,0.21502201236603
130.22,0.1,710.07358342934,0,0.885172729280123,0,0.215331570947446
130.23,0.1,710.230386905489,0,0.883858964419562,0.000822045690651361,0.217687030649996
130.24,0.1,710.38701273542,0.000272999048393228,0.884325836831785,0,0.215301811664174
130.25,0.1,710.543454854685,0,0.884331300121662,0,0.21476005387551
130.26,0.1,710.699707209904,0,0.884469769345482,0.000599647683343679,0.212653390314738
130.27,0.1,710.855763758972,0,0.883921000615201,0,0.216247728144377
130.28,0.1,711.011618471276,0,0.883658106481913,0,0.217532639158328
130.29,0.1,711.167265327911,0.00224063213077919,0.886604749480921,0.000484035210562025,0.215919922512495
130.3,0.1,711.32269832189,0.000205567059681336,0.889722149718187,0.000243913763392079,0.216421006523839
130.31,0.1,711.477911458357,0.00233774969017672,0.886987112065111,0,0.214570496415293
130.32,0.1,711.632898754797,0,0.887950801974131,0.00108744007932653,0.216609058426279
130.33,0.1,711.787654241249,0.00112308382947843,0.884294632529199,0.00323319370414722,0.213729578598201
130.34,0.1,711.942171960508,0.000644766008597844,0.886775321699155,0.00182178818470525,0.216600473634849
130.35,0.1,712.09644596834,0,0.888996573963654,0.000523174237706076,0.213551736222976
130.36,0.1,712.250470333685,0.000214734080112317,0.886971653817756,0.000679393418785687,0.216698919387907
130.37,0.1,712.404239138862,0,0.891637411006633,0.000638217734978738,0.212519793628403
130.38,0.1,712.557746479775,0,0.8896445953095,0,0.215252892390837
130.39,0.1,712.710986466119,0,0.889401611977234,0.000380360084445892,0.212623293831556
130.4,0.1,712.863953221577,0,0.890216986285371,0,0.215581332488635
130.41,0.1,713.016640884025,0,0.892107898752726,0.000401264294079886,0.215014442694166
130.42,0.1,713.169043605737,0,0.889100439704635,0.000171149496732,0.21483464262646
130.43,0.1,713.321155553573,0.000517786610008892,0.890284971066052,0.00142368735382348,0.215616208648821
130.44,0.1,713.472970909188,0.000537100683045231,0.889568169864986,0,0.212333654907262
130.45,0.1,713.624483869227,0.000947663805115133,0.89118779121462,0,0.215325846422768
130.46,0.1,713.775688645518,0,0.894639616482753,0.00199751599969408,0.216270279627646
130.47,0.1,713.926579465269,0,0.89310626838169,0,0.21808348132307
130.48,0.1,714.077150571266,0,0.892260564948799,0,0.217773240143996
130.49,0.1,714.227396222061,0.00176967726983363,0.89393479605348,0,0.215281632914627
130.5,0.1,714.377310692166,0.000312291184140922,0.89225654878849,0,0.213926890278583
130.51,0.1,714.526888272247,0.00104226459327517,0.896098975712112,0.000570910904445783,0.215120005571837
130.52,0.1,714.67612326931,0,0.892021348056903,0,0.217134784339515
130.53,0.1,714.825010006892,0.000137777599864029,0.895121929566356,0.00164001261797967,0.214688045940185
130.54,0.1,714.97354282525,0,0.895134366603449,0,0.215453832605507
130.55,0.1,715.121716081547,0.000775956463307645,0.895756664125407,0.000479452267689014,0.215208599367661
130.56,0.1,715.269524150036,0,0.897554758763494,0,0.21539346036982
130.57,0.1,715.416961422249,0.000244310110223698,0.895856220284895,0.000553050859277148,0.214404139790277
130.58,0.1,715.564022307177,0.000693209752820152,0.898313363063413,0,0.214297100364326
130.59,0.1,715.710701231458,0,0.898537770935805,0,0.21555004654218
130.6,0.1,715.856992639549,0.00200849991275812,0.899065363025277,0,0.216437389258341
130.61,0.1,716.00289099392,0,0.898928744822932,0.000259438959720256,0.212703375659727
130.62,0.1,716.14839077522,0.000522984896688897,0.898622423572849,0.00157115650228862,0.214961839125694
130.63,0.1,716.293486482466,0,0.89771599347934,0,0.216183737414785
130.64,0.1,716.438172633217,0,0.897447290140853,0.000180435968288925,0.216834548321608
130.65,0.1,716.582443763746,0,0.901980751954622,0,0.213591834737138
130.66,0.1,716.726294429223,0.000917484677789666,0.902245251891131,0.000487668271752498,0.21266954501397
130.67,0.1,716.869719203884,0,0.904011330415644,0.000500253250520461,0.21409758210182
130.68,0.1,717.012712681206,0.000297114092375983,0.900479011243486,0,0.215592117892109
130.69,0.1,717.15526947408,0,0.901301812593953,0.000398600622331854,0.213560000814768
130.7,0.1,717.29738421498,0,0.902394570230119,0,0.216871920794744
130.71,0.1,717.439051556136,0,0.902022469012996,0,0.214259164794282
130.72,0.1,717.580266169698,0,0.903142897349862,0,0.212962316988332
130.73,0.1,717.721022747911,0,0.90274216958888,0.00048936732593347,0.21476281742292
130.74,0.1,717.861316003276,0.00127212947905722,0.905844610387236,0.00376997979748277,0.216169529846141
130.75,0.1,718.001140668719,0,0.901235096899433,0.00177684330934963,0.216534378665142
130.76,0.1,718.140491497753,8.20688150098818e-05,0.906859306320583,0.000552536794904474,0.214260281989644
130.77,0.1,718.279363264646,0.00251760546080423,0.904874045509049,0,0.212997476174605
130.78,0.1,718.417750764578,0.000692521282273964,0.901889843144597,0.000421374264949805,0.210997814262507
130.79,0.1,718.555648813808,0,0.904027025871923,0.00222671159439691,0.215604020957382
130.8,0.1,718.693052249833,0.00170325361757011,0.906048149456438,0,0.216349838233664
130.81,0.1,718.829955931543,0.00147172064271983,0.90519393443076,0,0.214042915013229
130.82,0.1,718.966354739386,0.00235379040630646,0.906160209633528,0,0.215080562887603
130.83,0.1,719.102243575523,0.000581531650820772,0.908572924747383,0,0.215412555472125
130.84,0.1,719.23761736398,0.00165823344554019,0.905910367731415,0.000828265389831397,0.215581265783396
130.85,0.1,719.372471050812,0.00135178043181974,0.904105674276947,0.00251258747269031,0.215055272870905
130.86,0.1,719.506799604248,0.000383093018388676,0.907000730956346,0.000433400492534305,0.216268498970942
130.87,0.1,719.640598014849,0.000161404772127567,0.905424726503418,0.00334668918923717,0.214883303610842
130.88,0.1,719.773861295663,0.000321474662978037,0.909253545195676,0.000294726979431929,0.214730043060822
130.89,0.1,719.906584482367,0,0.908816745029816,0.00185543818310683,0.215935157660328
130.9,0.1,720.038762633426,0.00236302371946074,0.909352526520326,0.000542573913892634,0.215586332392604
130.91,0.1,720.170390830237,0,0.908451742105695,0,0.21447186453586
130.92,0.1,720.301464177279,0,0.909054647546477,0.00250646976797288,0.215128004466673
130.93,0.1,720.431977802258,0.00198016646607632,0.908881882081503,0.00116035756433938,0.21552583327393
130.94,0.1,720.561926856254,0.00107452503043984,0.910104966173739,0.00207520069708026,0.214642649401389
130.95,0.1,720.691306513866,6.38397478234179e-05,0.908341312142025,0.00160911845041586,0.214413478354645
130.96,0.1,720.820111973355,0,0.909218733749746,0,0.213418935241329
130.97,0.1,720.948338456787,0,0.912536933556713,0,0.215316728135262
130.98,0.1,721.075981210172,0.00212123416441441,0.910366221609721,0,0.214834871884031
130.99,0.1,721.203035503612,0.00303490472301989,0.909933236409167,0.000146016072565362,0.214739771010259
131,0.1,721.32949663143,0.000817028762366401,0.911312946210975,0.00145086932154283,0.21703470202319
131.01,0.1,721.455359912318,0.00184397759677407,0.912705023782067,0.00180377412162991,0.217017392652618
131.02,0.1,721.580620689468,0,0.909690009608721,0,0.212940718315205
131.03,0.1,721.705274330712,0,0.911768626606601,0,0.212877058236686
131.04,0.1,721.829316228655,0.00190979247142155,0.91585837390183,0.00099302709101368,0.215688330532546
131.05,0.1,721.952741800813,0,0.91210988744701,0,0.215763214782973
131.06,0.1,722.075546489739,0.00231767696896348,0.911746190659784,0.000974474670317753,0.212977633964503
131.07,0.1,722.197725763165,0.000980278569568413,0.913289580128623,0.000395544422919202,0.214196606594954
131.08,0.1,722.319275114126,0.00232427358425883,0.913708617662811,0.00120883334036616,0.214761962237678
131.09,0.1,722.440190061092,0,0.914852039282201,0.00108300519669596,0.21351235686411
131.1,0.1,722.5604661481,0,0.915495824219188,0.00367478548476461,0.21595379287657
131.11,0.1,722.680098944875,5.23891595884344e-05,0.916090829503996,0,0.216691119787456
131.12,0.1,722.799084046968,0,0.91457641788071,0,0.217006491024302
131.13,0.1,722.91741707587,0,0.914049949979154,0,0.212354727605453
131.14,0.1,723.035093679149,0,0.913294242865305,9.43403374282887e-05,0.213788277461008
131.15,0.1,719.607274305646,0.00358544334371489,0.915436206637553,0.00154972618158,0.214815630532663
131.16,0.1,716.573487694317,0.00426707030234967,0.917736379734803,0,0.21604342507207
131.17,0.1,714.645042708501,0.00291034218093981,0.917747852635527,0,0.21482613954442
131.18,0.1,712.870683321314,0.00344220838738119,0.914658093837219,0.000687947722684119,0.216963993216664
131.19,0.1,711.093312652757,0.00302015060547769,0.917835592055069,0.000150791604305886,0.215820787208071
131.2,0.1,709.314210597069,0.00453469136053906,0.918540386093286,0,0.216374777114722
131.21,0.1,707.534966139043,0.00738572831281198,0.919444599073737,0.00178130667498413,0.214846106530935
131.22,0.1,705.755626781858,0.00480144501824252,0.919162020468046,0.00119594717440669,0.212656545556717
131.23,0.1,703.97615975243,0.00406346274877783,0.920328798379253,0,0.215040970785253
131.24,0.1,702.196544029219,0.00457552756068644,0.91782054268426,0.000590276845535477,0.213174836133828
131.25,0.1,700.416760604604,0.00973802121789581,0.922192713042937,0.000598768202684922,0.215822088261527
131.26,0.1,698.636791090025,0.00779008114994474,0.916190711390653,0,0.215311707495719
131.27,0.1,696.856617739152,0.00604146119761192,0.917922598149715,0,0.213752395974212
131.28,0.1,695.076223459781,0.00841519535633209,0.91960805659738,0,0.21507848783497
131.29,0.1,693.295591811245,0.00939739492543724,0.918236475750233,0,0.21510084099486
131.3,0.1,691.51470700117,0.00951003189096483,0.919827603070075,0,0.217719694573488
131.31,0.1,689.733553882319,0.00935809082454241,0.92144648664384,0,0.218552912828227
131.32,0.1,687.952117949433,0.0104549932257333,0.919682095411984,0.000140766037389324,0.214950078542772
131.33,0.1,686.170385336032,0.0088843273134078,0.921066754529323,0.00429718048412647,0.21583841577365
131.34,0.1,684.388342811184,0.0100962983705805,0.922795736649448,0.00130104654924244,0.216163711767167
131.35,0.1,682.60597777626,0.00928804638482171,0.922186871326665,0.00139931791841311,0.215680052508362
131.36,0.1,680.823278261643,0.0120772602571282,0.921183519322201,0,0.214597106319657
131.37,0.1,679.040232923425,0.0114449121781656,0.922245317290116,0,0.215278343021848
131.38,0.1,677.256831040058,0.0120269602459211,0.924020966896245,0,0.215761528640872
131.39,0.1,675.47306250899,0.0131973324114496,0.920135679781345,0.000213694387504365,0.213484078802499
131.4,0.1,673.688917843262,0.0156422219107352,0.922821892884726,0,0.212896590145165
131.41,0.1,671.904388168073,0.0131324414445645,0.924717129819562,0,0.213953109805893
131.42,0.1,670.11946521733,0.0158084478070682,0.924236324182961,0,0.214517518795511
131.43,0.1,668.334141330152,0.0156954245543746,0.925294889597442,0.000141256173628733,0.214690160803137
131.44,0.1,666.548409447342,0.0166698028117876,0.923388464346799,3.61786627674466e-05,0.21506735507422
131.45,0.1,664.76226310785,0.0187385467830179,0.923451088831488,0,0.21468773491655
131.46,0.1,662.975696445179,0.018827295024772,0.925856804155589,0,0.215533846602639
131.47,0.1,661.188704183776,0.0183301472568179,0.92457483940937,0,0.212533423420833
131.48,0.1,659.40128163539,0.0191014073006401,0.924370488237456,0.00162851123241824,0.214557697476525
131.49,0.1,657.613424695396,0.0182728783308767,0.927826086434274,0,0.214567474394507
131.5,0.1,655.825129839086,0.0193445287385274,0.926044276838431,0.00122975976779618,0.213758966296115
131.51,0.1,654.036394117938,0.0188585594141148,0.925128788484452,0.000579977436602806,0.213608289654865
131.52,0.1,652.247215155847,0.0217251156550628,0.924085032333511,0.000385238337736962,0.21678924563393
131.53,0.1,650.45759114532,0.022198839010305,0.926119214747698,0.00227760633846354,0.215681563999363
131.54,0.1,648.667520843656,0.0220066586668368,0.925258421924771,0.00299569267323404,0.215372371324425
131.55,0.1,646.877003569077,0.0215583421037176,0.92649694718313,0.000365862976648706,0.213383445991976
131.56,0.1,645.086039196839,0.0222923512202554,0.930934320168224,0.00057749587401341,0.216442473753629
131.57,0.1,643.294628155307,0.024198142755576,0.929316470184006,0,0.214678840682284
131.58,0.1,641.502771422008,0.0246657190913197,0.925300174127153,0,0.214938686879303
131.59,0.1,639.710470519638,0.0275088531034128,0.928373195011216,0,0.216291852801092
131.6,0.1,637.917727512045,0.0228337194664605,0.926900172929211,0.000151123125414953,0.214393974720691
131.61,0.1,636.124545000193,0.0258824199262021,0.928439703186643,0,0.216754041722998
131.62,0.1,634.330926118075,0.0274179580078384,0.928677209440923,0.00244982982921605,0.216411594729853
131.63,0.1,632.536874528608,0.0268021181731198,0.929270317190253,0,0.217142793626216
131.64,0.1,630.742394419498,0.0277786763866007,0.927704403937017,0,0.214630270726453
131.65,0.1,628.947490499069,0.0277506482668984,0.930060129933739,0,0.215096833969633
131.66,0.1,627.15216799206,0.0252597966386504,0.930597201696212,0,0.212146695277322
131.67,0.1,625.356432635404,0.0304381844206696,0.930879500699019,0.00140456080456641,0.216970588416889
131.68,0.1,623.560290673971,0.0295917516552541,0.928753952642085,8.28337657489587e-05,0.217777842206015
131.69,0.1,621.763748856268,0.0297137089140531,0.929301076432505,0,0.213409950777898
131.7,0.1,619.966814430135,0.0281604900258647,0.92757916107782,0.00029284118278608,0.216452073398644
131.71,0.1,618.169495138394,0.0318604434527054,0.928554310903335,0,0.211537074894501
131.72,0.1,616.371799214468,0.030636582743208,0.929517906520147,0,0.213992458820111
131.73,0.1,614.573735377988,0.0336818302279277,0.931100969039101,0,0.215726048318272
131.74,0.1,612.775312830351,0.0324722681858765,0.931636219113173,9.79427879765916e-05,0.214292073718259
131.75,0.1,610.976541250263,0.0342702012827393,0.933722691536878,0,0.216186111747037
131.76,0.1,609.177430789251,0.0343262732173618,0.929101223114521,0.000632350330521985,0.215212601763242
131.77,0.1,607.377992067146,0.035514681119667,0.930431427491496,0.000274164262865343,0.212049824177089
131.78,0.1,605.578236167539,0.0319936511545899,0.930357395772942,0,0.217781310351078
131.79,0.1,603.778174633212,0.035249502241898,0.935482257412067,6.36019055617917e-05,0.215199790251356
131.8,0.1,601.977819461537,0.0362592192888395,0.930778166037653,0,0.215187972842881
131.81,0.1,600.177183099858,0.0377376085712837,0.929514587173714,0.000834595778869813,0.218686180711958
131.82,0.1,598.376278440836,0.0387432036373433,0.932817501149854,0.000366419677107849,0.21672763277682
131.83,0.1,596.575118817777,0.0382513641218957,0.931852332700698,0,0.214716289009875
131.84,0.1,594.773717999932,0.0388400837145356,0.93295416802785,0.00249328256951738,0.213640953088078
131.85,0.1,592.972090187763,0.0414829538541595,0.931759965081015,0,0.218595388317405
131.86,0.1,591.170250008208,0.0432747634164756,0.931944883085622,0,0.215909614762508
131.87,0.1,589.368212509893,0.0401129691095259,0.932103740233856,0,0.213864801404499
131.88,0.1,587.565993158342,0.0398285864057069,0.932978900080385,0,0.215318650575589
131.89,0.1,585.76360783115,0.0419688755085075,0.932132435212554,0,0.215698414082663
131.9,0.1,583.961072813145,0.0433794590440348,0.93444074630222,0,0.215027595018816
131.91,0.1,582.158404791513,0.0430851266662259,0.933549896648684,0,0.212164637542589
131.92,0.1,580.35562085092,0.0425936321418519,0.93278582836051,0,0.214571381252368
131.93,0.1,578.552738468591,0.0461229968543858,0.935147622692463,0.000553438177456821,0.213986707149717
131.94,0.1,576.749775509386,0.0435211923772951,0.934819003914053,3.20721584449448e-05,0.210904143291079
131.95,0.1,574.946750220845,0.0431937334018975,0.932402734360916,0.00193057445261304,0.217624304103926
131.96,0.1,573.143681228217,0.0448884489117173,0.933541166159193,0,0.216978355883121
131.97,0.1,571.340587529465,0.0486921401323335,0.935214777542362,0,0.213357999454923
131.98,0.1,569.537488490259,0.0488751378338815,0.932759425810184,0,0.218343335489059
131.99,0.1,567.734403838948,0.0469747220522883,0.935077271507486,0,0.213021287335312
132,0.1,565.931353661502,0.0509682945661514,0.934575707559465,0,0.216779733553468
132.01,0.1,564.128358396459,0.0481400892806263,0.935226585521459,0.000427108253560919,0.213620050074652
132.02,0.1,562.325438829838,0.0496229573373327,0.933217504311856,0.00200331136067184,0.214696894812346
132.03,0.1,560.522616090035,0.0492090933825899,0.932634663514508,0.00017233811665283,0.215931444772999
132.04,0.1,558.719911642717,0.0498425531918707,0.93341947252449,0.000262354071336742,0.213426705167272
132.05,0.1,556.917347285687,0.0497954488910037,0.933426576476666,0,0.215702379906
132.06,0.1,555.114945143735,0.0530629087498124,0.934791034170905,0.00171874118871375,0.216671720332705
132.07,0.1,553.312727663486,0.0524192092207388,0.936877240186061,4.14040470059804e-05,0.214776770078863
132.08,0.1,551.510717608223,0.0527184387009265,0.935323489232765,0.000721937615992498,0.213500058457636
132.09,0.1,549.708938052702,0.0522483892468458,0.933787719942585,0.00100258083958357,0.216403259473485
132.1,0.1,547.90741237795,0.0554174869444163,0.935928516242983,0,0.214556833209206
132.11,0.1,546.106164266058,0.0563212129205306,0.93512000076883,0,0.21490904820503
132.12,0.1,544.305217694958,0.0581559658866397,0.936134170540818,0.000305385173808882,0.21452153933903
132.13,0.1,542.504596933187,0.0563870943781192,0.935104961021191,0,0.213960171798932
132.14,0.1,540.704326534648,0.056930662435318,0.930955646834309,0,0.215043737693543
132.15,0.1,538.904431333356,0.0592038352614376,0.933751992091068,0.000818427623902336,0.212279361627082
132.16,0.1,537.104936438178,0.0586874519254542,0.934268589547868,0,0.214613883002103
132.17,0.1,535.305867227559,0.0590492569816032,0.937541047354517,0,0.214801278078873
132.18,0.1,533.50724934425,0.0582564255323668,0.935457393037054,0.000221343064888557,0.213572836795349
132.19,0.1,531.709108690021,0.0623808361266113,0.935256320204989,0,0.213723455983932
132.2,0.1,529.911471420369,0.061333371943828,0.936339618537783,0,0.217127686410772
132.21,0.1,528.114363939229,0.0622499077887369,0.935071714964049,0,0.216548656286041
132.22,0.1,526.317812893663,0.0639865778243906,0.936252475468306,0,0.216755086822899
132.23,0.1,524.521845168558,0.0655474683521815,0.935411106659224,0.0019021596544666,0.213009964635127
132.24,0.1,522.726487881321,0.0643402265402829,0.937190960427375,0.000254987166714732,0.213304534950679
132.25,0.1,520.931768376561,0.0665880312277194,0.935755023329866,0,0.212661784299196
132.26,0.1,519.137714220778,0.0669419141958425,0.937220635733584,0,0.215371304817401
132.27,0.1,517.344353197045,0.0662675900745848,0.933900949911784,0,0.214540618604215
132.28,0.1,515.551713299686,0.0671174107066343,0.938677491415663,0.000800217084079515,0.217294648958303
132.29,0.1,513.759822728967,0.0669961179423686,0.938787111370599,2.40834237033043e-05,0.217740154744542
132.3,0.1,511.96870988577,0.0674125156500873,0.937765897520767,0.000279881975066214,0.215587915569944
132.31,0.1,510.178403366282,0.0675278892412858,0.937885105410116,0,0.214642083810262
132.32,0.1,508.388931956677,0.0669530198407714,0.936218532265934,0.000518031515233719,0.214499752067191
132.33,0.1,506.600324627804,0.0705735027234458,0.937501662567671,0,0.215616442865446
132.34,0.1,504.812610529878,0.0723586470989062,0.939330043114804,0.00165359042692214,0.215642805795442
132.35,0.1,503.025818987172,0.0692998388455717,0.937773057503756,0,0.216127090869802
132.36,0.1,501.23997949272,0.071183731033392,0.937644864662607,0,0.2177430086511
132.37,0.1,499.455121703011,0.0699486973979878,0.93645142085663,0.000520630337625369,0.216679085705201
132.38,0.1,497.671275432711,0.0712573214232658,0.936331246825552,0.000105788278666723,0.216474956837648
132.39,0.1,495.888470649369,0.0741738852514583,0.938132002639731,0.000253455456665684,0.214773087980817
132.4,0.1,494.106737468143,0.0739859368485107,0.938420422633483,0,0.215154890546366
132.41,0.1,492.326106146531,0.073465837747242,0.937603777035497,0.000470629262434264,0.215612333734386
132.42,0.1,490.546607079111,0.0749390750000995,0.937102901246483,0.00202126047304137,0.215784677842925
132.43,0.1,488.768270792287,0.0759852048829722,0.936805252522018,0,0.214856955821485
132.44,0.1,486.991127939047,0.0777189178995217,0.938695766888853,0,0.21429692604012
132.45,0.1,485.215209293737,0.0809588180745255,0.938408142955809,8.99333102781779e-05,0.217198975734232
132.46,0.1,483.440545746833,0.0802910466869105,0.937460513113265,0,0.214110328198063
132.47,0.1,481.667168299742,0.0793643487890486,0.936711439064712,0.000418434696727382,0.214210134993497
132.48,0.1,479.895108059598,0.0778046877464195,0.93786633163755,0.00157737753042074,0.214596843237019
132.49,0.1,478.124396234087,0.0810262489579626,0.939357059598729,0.000545322599353771,0.217432459445004
132.5,0.1,476.355064126273,0.0795652199926265,0.938691666205689,0,0.214776528642361
132.51,0.1,474.587143129451,0.0811819935416478,0.938473828064917,0.00012016090358103,0.215117771183092
132.52,0.1,472.820664722004,0.0810313214672904,0.935036926854996,0.00178118911419657,0.2169587724045
132.53,0.1,471.05566046228,0.0828537938174395,0.938897502300353,0,0.210386570744021
132.54,0.1,469.292161983494,0.0840087929819963,0.939196690998986,0.00111147289697954,0.211978142723726
132.55,0.1,467.530200988632,0.0847842511522961,0.939344077865105,0,0.216194188154489
132.56,0.1,465.769809245385,0.0879916264329462,0.936326247432841,0,0.214477719014719
132.57,0.1,464.011018581095,0.0859274758068649,0.935866577314213,0.000505168768798515,0.2152221597123
132.58,0.1,462.253860877729,0.0873391251837784,0.936831637096677,0.000484527793709381,0.217257156880881
132.59,0.1,460.985645050786,0.0885639788095168,0.935750486872894,0,0.217371463631514
132.6,0.1,460.258518800446,0.0879523808286807,0.937309695058424,0.000380188624493435,0.215041710262397
132.61,0.1,459.561654563588,0.0902897696007297,0.935460435559698,0,0.21558272580267
132.62,0.1,458.910986067213,0.086840474816725,0.938857895940491,0,0.214738259092781
132.63,0.1,458.63884694174,0.0896815646708742,0.937656347154327,0.000789642782015931,0.212234530205088
132.64,0.1,458.455343134392,0.0911682303195237,0.938292466868389,0,0.216798322322185
132.65,0.1,458.264688539408,0.089948763186197,0.937434272646781,0.00170647282478415,0.21372103547971
132.66,0.1,458.099638350073,0.0879314822865278,0.937835294132823,0.00122111682824069,0.21405830917398
132.67,0.1,457.964849580119,0.0886873939728143,0.93690831748326,0.00168133615539074,0.213126548168968
132.68,0.1,457.826211504948,0.0857924699971474,0.936705697826434,0,0.216186006959993
132.69,0.1,457.68121631637,0.0879547531861959,0.938891738703699,0.0013290202864114,0.217808092188969
132.7,0.1,457.530935432132,0.0885251273509151,0.937002405520015,0,0.212059463984083
132.71,0.1,457.374701796485,0.0898768006137433,0.937479291235149,0,0.213467527705944
132.72,0.1,457.212290662563,0.0906836740947898,0.938689984503392,0.00148891964553081,0.216247723874071
132.73,0.1,457.044333152484,0.0908352346103218,0.93701245453726,0,0.21340321449957
132.74,0.1,456.87091422101,0.091598669570516,0.939662971626196,0.00118408074840583,0.214175820606406
132.75,0.1,456.691398238,0.0919326475878181,0.93605551320243,0,0.216335233780885
132.76,0.1,456.505905131503,0.0878496998116043,0.936178035248195,0.00131043824570857,0.213568351948038
132.77,0.1,456.3153866461,0.0897473424509148,0.938301680973128,0,0.215694310586612
132.78,0.1,456.119032940533,0.0903187611647475,0.938977868504791,0.00092029859908665,0.211984403105484
132.79,0.1,455.916585789751,0.088639399011818,0.936310085966862,0,0.215128448294793
132.8,0.1,455.708843616654,0.0876641653315941,0.940246937951684,0,0.214785865446422
132.81,0.1,455.495913370149,0.0915220281700539,0.93764731907208,0.00184186164032016,0.216466177973711
132.82,0.1,455.27699116872,0.0894853666444423,0.936516981578787,0.00101597798216049,0.215292226026944
132.83,0.1,455.052230941801,0.0889912077374236,0.93576277595794,0.00137320528225508,0.216709169721659
132.84,0.1,454.822850784714,0.0893700116911836,0.936737066009026,0.000862871642729483,0.213734595249012
132.85,0.1,454.587812534822,0.0892835203279521,0.936254201645192,0,0.215753637800342
132.86,0.1,454.346784541568,0.091457746382304,0.935105988107283,0,0.21538918093316
132.87,0.1,454.100764237727,0.0912452822423388,0.935165141852022,0,0.214193464524514
132.88,0.1,453.849884421436,0.0892655760073194,0.933094272854841,0.0004263798421132,0.215522970126331
132.89,0.1,453.593139239808,0.0905295298474086,0.934277346933847,0.00134475811378362,0.215067140077125
132.9,0.1,453.33070828047,0.0907272607303175,0.934844172097624,0,0.214663964121361
132.91,0.1,453.064042922123,0.0911544282073742,0.93613026248483,0,0.215183218542248
132.92,0.1,452.791905769005,0.0922386000966146,0.938087354050266,0.00139376926478051,0.211952191095199
132.93,0.1,452.513901235318,0.0909806258027798,0.933021415381211,0,0.218268423057952
132.94,0.1,452.231200576526,0.0894657416896059,0.938390138896122,0,0.216931167658504
132.95,0.1,451.943959299746,0.091443317774225,0.934879085957227,0.00128956860839139,0.212736560321662
132.96,0.1,451.650995539722,0.0921511401697568,0.936804913530046,0.000177718965154729,0.21062410400397
132.97,0.1,451.352512052236,0.0909468846084647,0.932737529288662,0.00224245339622865,0.216362392064638
132.98,0.1,451.050167346197,0.0916390451907089,0.935421221110477,0,0.215504100660095
132.99,0.1,450.742547343593,0.0918754377856217,0.932709201921281,0,0.213827184406779
133,0.1,450.429199853925,0.0918582861044804,0.934052966322878,0,0.217131380549156
133.01,0.1,450.111419579939,0.093077667048246,0.934103376493847,0,0.216035035786783
133.02,0.1,449.789378770684,0.091726290826246,0.934456976579815,0,0.215187762886565
133.03,0.1,449.46177181106,0.0924991616702452,0.933957255801361,0,0.214800828438455
133.04,0.1,449.128823235059,0.0913737728360514,0.93258838611263,0,0.215465346651555
133.05,0.1,448.792366857841,0.092177032164436,0.934865745894157,0,0.214015151172846
133.06,0.1,448.450839292579,0.0927856795354568,0.933563562212218,0,0.215237920325563
133.07,0.1,448.103740658544,0.0967786698666759,0.934909670981422,0,0.213873392902833
133.08,0.1,447.752506934723,0.0899007602495774,0.931951818772638,0.00215002815838512,0.215799625535624
133.09,0.1,447.397328922498,0.0927244234717978,0.933961775656756,0,0.212773336564471
133.1,0.1,447.036758240491,0.0923088517570365,0.933378479827793,0,0.214554041296174
133.11,0.1,446.671044882054,0.0930667201458126,0.935367158224776,0,0.215299294914017
133.12,0.1,446.30222950651,0.0933183494391503,0.931793827400754,0.000240327185489136,0.216531526399772
133.13,0.1,445.928571392385,0.0928132228597873,0.935225173382342,0.0012050178933128,0.214921616624044
133.14,0.1,445.549513549927,0.0948813402970047,0.932979429438722,0,0.213664791380613
133.15,0.1,445.166632479055,0.0947718068438061,0.931758200565775,0,0.215353255829172
133.16,0.1,444.780137377014,0.0925492016940886,0.935944457136418,0.000615602227270597,0.214250034808481
133.17,0.1,444.388437462871,0.0927019178655813,0.931799395242212,0,0.215814020232576
133.18,0.1,443.991793633728,0.0926655726546348,0.930947961884303,0.000709034968169344,0.217816655385074
133.19,0.1,443.592367977139,0.0942520471184517,0.928961500249974,0.00168040271983738,0.219174104302766
133.2,0.1,443.188317404564,0.0941499618720169,0.930640511253441,9.74273383969166e-05,0.216108662525958
133.21,0.1,442.779052407587,0.0950108660177729,0.931937535068469,0,0.215470303123904
133.22,0.1,442.366247721187,0.0966342647081223,0.932037759344691,0,0.212918300079788
133.23,0.1,441.950125719267,0.0943856947670909,0.931637232705672,3.83488803229176e-05,0.213539759537717
133.24,0.1,441.52899693674,0.09463047544696,0.929505159709378,0.00286733250958556,0.216812791884915
133.25,0.1,441.103148394365,0.0954666572017944,0.930807227265138,0,0.21397183225655
133.26,0.1,440.674934339031,0.0976390919286574,0.927890049188903,0.000972573379229743,0.215666063003694
133.27,0.1,440.242346290385,0.0989566948404682,0.933082809488329,1.13633064250602e-06,0.214038499464786
133.28,0.1,439.804741225045,0.0956735166752177,0.930076748357335,0.00176043606244986,0.214964729510695
133.29,0.1,439.363934633233,0.0953798924278218,0.931190947199382,0,0.213181649273525
133.3,0.1,438.920167027261,0.0983089112936865,0.930474714701115,0.00196910233760613,0.214361694504759
133.31,0.1,438.471605405812,0.0976573889731256,0.930197725472315,0.00264329219070439,0.215088757802391
133.32,0.1,438.018551349509,0.0967086650842435,0.928520933716259,0,0.216492367048213
133.33,0.1,437.563504892543,0.0981549342857784,0.927018118416752,0.00144239032216835,0.213720184845888
133.34,0.1,437.104333136299,0.097625518129109,0.928818495490907,0.000799074862462595,0.214911172654813
133.35,0.1,436.640352853352,0.0969419407309983,0.930324305619059,0.00203496618022897,0.213961621941007
133.36,0.1,436.173471862689,0.0989732608538614,0.92747499808244,0.000281832471503319,0.212015694641584
133.37,0.1,435.703943085294,0.0969779561391991,0.927281563451815,0,0.216070324125417
133.38,0.1,435.229840143858,0.0975128442729855,0.929690429634292,0,0.214195745238647
133.39,0.1,434.751479235145,0.0993158912573753,0.927754782491358,0.000255264141984064,0.214566792266153
133.4,0.1,434.271484188284,0.0968245518175455,0.929367483380757,0,0.21512389446325
133.41,0.1,433.787616428385,0.0966910676605956,0.928195782716168,0,0.217504175165365
133.42,0.1,433.299158523616,0.0986409585209575,0.925988759602853,0.00127976918574189,0.213382804053257
133.43,0.1,432.817668718566,0.0977655449490548,0.926410452995531,0.000301998117449308,0.213961367178458
133.44,0.1,432.344498475081,0.0987847331063742,0.925424326576656,0,0.213465109214699
133.45,0.1,431.867630695683,0.100188834683776,0.926018052374653,0,0.213184682477576
133.46,0.1,431.40081803159,0.101270100578658,0.925296136409844,0.000190169232450613,0.212478552399934
133.47,0.1,431.030991606032,0.100452324509612,0.927081897702175,0.00035711580815289,0.214154887009009
133.48,0.1,430.681571034814,0.0992533038996439,0.926556794937764,0,0.21354840162919
133.49,0.1,430.327235826491,0.0995911583164561,0.925215545615285,0.000207548745616661,0.2151260894792
133.5,0.1,430.016318339532,0.0989816925593427,0.925826652410411,0,0.215216444773446
133.51,0.1,429.754657298568,0.101612181576995,0.926034869895772,0,0.214714420785862
133.52,0.1,429.491790694126,0.0979865425495494,0.925742780225537,0,0.214075300998109
133.53,0.1,429.23143490718,0.101338388493667,0.924643340290482,0,0.215355975591358
133.54,0.1,429.019270646065,0.100477950365385,0.923527456275816,0.00379780185743688,0.219010785324488
133.55,0.1,428.815491590364,0.0993786483966956,0.924509994973849,0.0010048541525818,0.212617378460709
133.56,0.1,428.606896398687,0.103654088250042,0.925666851974335,0.00147289104217611,0.215417027272768
133.57,0.1,428.41756808746,0.100879063641346,0.924437452867181,0.00108607688960598,0.212047945352179
133.58,0.1,428.250474277244,0.101992881663702,0.925816439772808,0.00130381109961414,0.213254044108805
133.59,0.1,428.080490633405,0.100270368918677,0.923215744908131,0.00176574878469199,0.216464629236159
133.6,0.1,427.909808895524,0.10219084826002,0.922505270482962,0.000455722096918052,0.215561397538102
133.61,0.1,427.763221484957,0.0999086301414654,0.920137781067083,0.00163172108754827,0.215044087143326
133.62,0.1,427.619158590728,0.10090049257237,0.921168882200477,8.44430988272621e-05,0.214320719314837
133.63,0.1,427.47045600085,0.101638540157126,0.923924563583228,0,0.216445893531991
133.64,0.1,427.331465017194,0.1014487962977,0.923326556228827,0.00207748665400572,0.214544561962846
133.65,0.1,427.203977264366,0.0981165845711399,0.921026137167612,0.00140308584390051,0.215355132895197
133.66,0.1,427.073033892959,0.101733074153614,0.92120465133641,0,0.215809578940792
133.67,0.1,426.940170792635,0.0995266837091261,0.920696176807888,0,0.214188668828916
133.68,0.1,426.821526439302,0.100972174277541,0.918244927142508,0.00117487000301821,0.212722535582277
133.69,0.1,426.703083084148,0.101692359259871,0.91856906188903,0,0.216396226326969
133.7,0.1,426.580178073065,0.0995695471728972,0.922735357503206,0.000717053229679118,0.21644758933587
133.71,0.1,426.463126676195,0.0996118453283046,0.92192012098984,0,0.213059266584156
133.72,0.1,426.353232951135,0.101037801592567,0.919600282011298,1.2283722018876e-05,0.217723306275243
133.73,0.1,426.239753536572,0.0985684787286178,0.918591168904785,0.00343405633468681,0.215344102636789
133.74,0.1,426.123761944564,0.100865975841695,0.92117046618715,0,0.215902293721908
133.75,0.1,426.016679870942,0.0996431656255678,0.91882991532388,0.000392710678705486,0.215141349265052
133.76,0.1,425.908613962895,0.101276265152737,0.917782487960219,0.00039705877791857,0.214883704382453
133.77,0.1,425.796268815887,0.101235189876971,0.919113569269238,0,0.214294469664401
133.78,0.1,425.68693519671,0.101527226478393,0.919104262968145,0.00168041583262055,0.215916163109846
133.79,0.1,425.581552229271,0.100619308469279,0.919603333175658,0,0.213730487820353
133.8,0.1,425.472537931272,0.100882709218589,0.916434409546062,0,0.215365101004203
133.81,0.1,425.360931753456,0.102278723151855,0.916668674497011,0.00115000772425451,0.214280001803272
133.82,0.1,425.256462871703,0.102477174646622,0.919183122145949,0.00062513736417556,0.215412806423689
133.83,0.1,425.150710437289,0.101284597794649,0.914030752843069,0,0.213212265394576
133.84,0.1,425.040864258702,0.102410255971639,0.917456427387195,0,0.215334777748097
133.85,0.1,424.93361733836,0.102990488961406,0.916497696246266,0,0.213822682924717
133.86,0.1,424.829841783374,0.100615205120726,0.916906654575299,0.000773921092593844,0.21307939316536
133.87,0.1,424.722578225976,0.102271613577236,0.913643873105884,0.00135806097649793,0.216060100497007
133.88,0.1,424.612584397537,0.101841628643971,0.914860703367271,0,0.214158160424162
133.89,0.1,424.507639211949,0.100604236311924,0.91554367245848,0,0.217871459472269
133.9,0.1,424.401035989988,0.104219901330494,0.914590585734389,0.000273251231680515,0.214207511108906
133.91,0.1,424.290533050873,0.103207247589793,0.915148068595335,0,0.214140710784171
133.92,0.1,424.181659964516,0.0999815387434269,0.915858197419972,0.000700261768349578,0.214976671559034
133.93,0.1,424.075149505651,0.0987096479821378,0.912250433048605,0.00114948271111,0.215850577769378
133.94,0.1,423.965259129245,0.100361409934485,0.91326771474111,0.00292079112918235,0.214523840061368
133.95,0.1,423.852749974346,0.102852081975377,0.914521848076184,0.000619986631615198,0.21649439702902
133.96,0.1,423.744849857828,0.101025970672923,0.91226812187752,0,0.216022807151148
133.97,0.1,423.635334539793,0.101048732032091,0.91243214802182,0.00106641364703095,0.215216824967424
133.98,0.1,423.522118522665,0.10078243223398,0.910589664467744,0.000101816247153364,0.213726324929309
133.99,0.1,423.410267170747,0.101398379447771,0.911399658418214,0.00138289437240812,0.21617358973599
134,0.1,423.300462483602,0.100089185086909,0.910694716855155,0,0.215706603227746
134.01,0.1,423.187446011303,0.101477968500557,0.910435080931849,0,0.215474566317401
134.02,0.1,423.07198570515,0.101444585871893,0.91243845684164,0.000686016351004325,0.215342560206941
134.03,0.1,422.961133471628,0.101806559096884,0.910841050169665,0,0.215047416506041
134.04,0.1,422.848824213187,0.102168189198142,0.90937348509361,6.84243044388674e-05,0.215253820918756
134.05,0.1,422.733019548883,0.100498529631632,0.910683166487397,0.00297027257419443,0.212027223420512
134.06,0.1,422.619491701705,0.099813018249923,0.909986032045086,0,0.213598745543506
134.07,0.1,422.509020395117,0.0995597617101368,0.91147746813827,0,0.215773849566187
134.08,0.1,422.395602452809,0.100274029865174,0.910682668178418,0,0.216701343747829
134.09,0.1,422.280032084708,0.103232568569963,0.909964981489635,0,0.213403624665829
134.1,0.1,422.169913878724,0.0994025531141084,0.907603339264883,0,0.215200879527219
134.11,0.1,422.058714886361,0.0991840007528928,0.906877293207559,0,0.212855009162879
134.12,0.1,421.944229958947,0.101012948482707,0.911172246546289,0.00289009070591755,0.215622574985443
134.13,0.1,421.831940895413,0.0990766146917949,0.91158404165135,0.000161209860693932,0.216677938070915
134.14,0.1,421.72260169442,0.100933434975593,0.908221143625774,0,0.216381333389508
134.15,0.1,421.610509236512,0.100140183302838,0.906488940949197,0,0.217799321009742
134.16,0.1,421.496319284105,0.101684956329828,0.906544726767448,0,0.215458702678968
134.17,0.1,421.386686755553,0.102751950621497,0.903848084277211,0.00282782544528017,0.213330719880056
134.18,0.1,421.275913827126,0.102411418005387,0.908254779633024,0,0.212802631584779
134.19,0.1,421.1620726468,0.101963999516627,0.904381304408615,0,0.214710900251006
134.2,0.1,421.050495549109,0.100982475998837,0.905414861680853,0.00116573992466743,0.215115805928826
134.21,0.1,420.941924020854,0.101642998708866,0.906659254581246,0.00132551809034696,0.21431452922036
134.22,0.1,420.830809482231,0.103312517477575,0.906750094437955,0,0.216375693000457
134.23,0.1,420.717749918166,0.100291999120318,0.903187545170069,0,0.214600648652951
134.24,0.1,420.609003495638,0.103191535003554,0.902771256584439,0,0.216072696317328
134.25,0.1,420.499225376968,0.100967395950863,0.901229738490022,0.000578734128815153,0.215319770895816
134.26,0.1,420.386601492527,0.101602411193196,0.902613234098635,0.00182435339364877,0.218807451035704
134.27,0.1,420.275532785384,0.100036960406251,0.904631661425219,0,0.213146090641529
134.28,0.1,420.166646560853,0.102332051120273,0.901571058561634,0.0003028296593759,0.216496424002593
134.29,0.1,420.055370284006,0.102018015268285,0.901667123930217,0.00356479186626663,0.213638289541212
134.3,0.1,419.942363627588,0.103473019715225,0.899497053526055,0.00189519395042882,0.213722230070238
134.31,0.1,419.833778655042,0.102955979524079,0.90223228589751,0,0.218596035809885
134.32,0.1,419.724364333308,0.103124094791933,0.902991202406792,0,0.216961467626846
134.33,0.1,419.612332148126,0.10080551391178,0.902755326956585,0.00158965855718881,0.212642192836013
134.34,0.1,419.502035866043,0.103334961580968,0.897861327378049,0.00164023042883369,0.211645950989594
134.35,0.1,419.394104500566,0.100558793347509,0.9008993767435,0,0.212683862666382
134.36,0.1,419.284011812158,0.100429843347564,0.900131391982983,0,0.216428303365234
134.37,0.1,419.172172960426,0.102088947261921,0.899251927586155,0,0.217084719352765
134.38,0.1,419.063276193035,0.103755113774895,0.89695436519175,0,0.212958949919985
134.39,0.1,418.953348836412,0.101550923166831,0.898573545414052,0.000424631715438866,0.215406700175263
134.4,0.1,418.841037357901,0.100409816642689,0.896337849915727,0,0.213886055252997
134.41,0.1,418.730046995613,0.102955130635483,0.896711885102636,0.00226524590483317,0.213142846963095
134.42,0.1,418.620922862862,0.10375877087369,0.895288216485068,0.000285278877107123,0.216240044556506
134.43,0.1,418.509821718446,0.102916449981068,0.895685040656736,0.000218253803233543,0.217064782668308
134.44,0.1,418.397181373843,0.101692408385757,0.897344759374816,0,0.215628612186968
134.45,0.1,418.287490104537,0.101893032031213,0.896727401699011,0,0.215209181810781
134.46,0.1,418.176950469036,0.0996929974666332,0.895165038482227,0,0.216890272125165
134.47,0.1,418.064264520808,0.104481805379146,0.89453528467508,0.000343306896918397,0.214819069902711
134.48,0.1,417.952703766061,0.102884800064835,0.893818125253256,0,0.216559180930632
134.49,0.1,417.842760520563,0.0998011163754323,0.89352726437042,0,0.21588156924416
134.5,0.1,417.731046174843,0.101171882868299,0.893550034570289,0,0.215722716283965
134.51,0.1,417.617919844211,0.102045641315327,0.893290836410847,0,0.2163448538438
134.52,0.1,417.507177150007,0.102556971486809,0.894341744279213,0,0.213349400212749
134.53,0.1,417.395623275902,0.102101500470761,0.891997416696585,0,0.215721642043006
134.54,0.1,417.282165255016,0.10212637334655,0.891678339484706,0.00260139716949053,0.213594476440121
134.55,0.1,417.169397808862,0.100876229224407,0.892768701869373,0.000375788485991157,0.215398884831864
134.56,0.1,417.057723608863,0.102462259217652,0.893660324907101,0,0.218035081701154
134.57,0.1,416.94446718796,0.101092115219888,0.892553231341864,0,0.214522930392272
134.58,0.1,416.830055640875,0.102039962907659,0.894744482044263,0,0.213702010076311
134.59,0.1,416.718328791691,0.103010669166707,0.890230122488797,0.000716456808693142,0.218648744236843
134.6,0.1,416.606054363709,0.100691676801989,0.888405135443496,0,0.212400517707136
134.61,0.1,416.492121876045,0.10315914481702,0.892787578009539,0.00209897542157758,0.213807551736542
134.62,0.1,416.379831386934,0.103335405318078,0.888679843037844,0,0.216014427896506
134.63,0.1,416.269690215921,0.0998564173493344,0.889205981130176,0,0.213635436587008
134.64,0.1,416.158276019706,0.101519338504996,0.888570630587266,0,0.215425539801579
134.65,0.1,416.046076115893,0.0985591255831553,0.889557908890099,0.00278475120372362,0.214661345333731
134.66,0.1,415.937712349133,0.0997335032132921,0.887983774276744,0.00180460599895417,0.215679786150773
134.67,0.1,415.829288583988,0.0997588359149918,0.887307808436255,0.000336365028454168,0.212611154696575
134.68,0.1,415.719455456714,0.101624521294479,0.888244707294882,3.35843811387895e-05,0.214003043378136
134.69,0.1,415.610777691373,0.102996657960523,0.88780044499513,0,0.215199194683978
134.7,0.1,415.503667042119,0.101644082948994,0.887201732158804,0,0.214015561351239
134.71,0.1,415.395471910312,0.100298358243757,0.881571971731156,0,0.212795541766819
134.72,0.1,415.286432191045,0.101548167422685,0.886771197443791,0,0.216573896333762
134.73,0.1,415.179280483008,0.101048797407326,0.886279645773896,0.00116486568688045,0.213905070599876
134.74,0.1,415.071749129888,0.101252228109955,0.883249585283784,0.000469184462826365,0.216058542622612
134.75,0.1,414.963058813586,0.101755874895721,0.883586527617703,0.00073152023827029,0.215912608654826
134.76,0.1,414.855205556938,0.103628259443065,0.885516974004007,0.00208464198186503,0.213609495695787
134.77,0.1,414.748517975718,0.101349959499966,0.881948880147466,0,0.213991100997272
134.78,0.1,414.640950433723,0.102551333525245,0.882149448253633,0.000252069827969444,0.213591994056314
134.79,0.1,414.532350536841,0.101548678481985,0.88315661141572,6.72581318501589e-05,0.213862479590345
134.8,0.1,414.422768175071,0.0989263330331894,0.882214352264305,0.000630235259018189,0.214788345466663
134.81,0.1,414.312242348451,0.102528247491931,0.88126190882476,0,0.215303145188377
134.82,0.1,414.200809772604,0.102331430199041,0.879642098956304,0,0.214854981493075
134.83,0.1,414.088507224582,0.1020562140658,0.882766487848393,0,0.216863816526199
134.84,0.1,413.975371542077,0.102003463457404,0.880878932627089,0.00133515241049279,0.213142413987133
134.85,0.1,413.861439598842,0.101777892688653,0.881384259032669,0,0.213373888267273
134.86,0.1,413.746748301767,0.0995908225178661,0.881473501118057,0.00241365593569953,0.21427171175782
134.87,0.1,413.631334589011,0.101404083165222,0.880164336586767,0.000618182757962379,0.213511925992339
134.88,0.1,413.515235427962,0.101550073453485,0.880512774887045,0.00023974626527207,0.215186165896035
134.89,0.1,413.398487813218,0.10254782859418,0.879327659104475,0,0.214244664671271
134.9,0.1,413.281128764598,0.104354817579654,0.879202661378991,0,0.216140122343925
134.91,0.1,413.163195325183,0.102305562821046,0.8769735990424,0,0.214297707511899
134.92,0.1,413.044724559367,0.102382210062633,0.878698762596999,0,0.213008866753909
134.93,0.1,412.925753550953,0.106492678318875,0.877110973835826,0,0.214114824408514
134.94,0.1,412.806319401276,0.101679550859379,0.877018593215331,0,0.214359903061487
134.95,0.1,412.686459227333,0.103580257340069,0.874079858643496,0,0.214868374401027
134.96,0.1,412.566210159963,0.101420347764777,0.876404450256076,0,0.214379738761515
134.97,0.1,412.44560934205,0.100856157820854,0.873238775945238,0.000781414683068542,0.215060469501996
134.98,0.1,412.324693926746,0.102945468770699,0.875251232449082,0,0.21456825072987
134.99,0.1,412.203501075722,0.102059049558451,0.877331981215041,0.000416905883071763,0.214940828403334
135,0,412.08206795747,0.104755588588644,0.874125781025136,0.00138407586044421,0.216695308096717
135.01,0,411.960431745594,0.103683622011926,0.875228987036625,0.00178523899182057,0.215127622317816
135.02,0,411.838629617164,0.103220075026603,0.873036921723509,0,0.213961675878647
135.03,0,411.716698751086,0.10085937206488,0.873243936974659,8.43550081184349e-05,0.216044331425709
135.04,0,411.594676326501,0.106461092810169,0.874014561983248,0.000172138928683171,0.214917561505507
135.05,0,411.472599521207,0.103000089795028,0.872582985063224,0,0.216624533158441
135.06,0,411.350505510128,0.103406849412461,0.874322479866026,0,0.215045767054389
135.07,0,411.228431463789,0.102033943428613,0.872550342244325,0.000648747178523911,0.214338575610597
135.08,0,411.106414546839,0.103283716262554,0.873562147948248,0,0.217547745404968
135.09,0,410.984491916598,0.101238976266828,0.870275571031072,0.00212432295413819,0.214682916373318
135.1,0,410.862700721631,0.101389172683533,0.871178543801783,8.71079248928809e-05,0.214446006722639
135.11,0,410.741078100349,0.100819764641234,0.871805037667154,0.000412948200370577,0.215393654561975
135.12,0,410.61966117965,0.102442821751672,0.868724660192874,0,0.216370545385796
135.13,0,410.498487073583,0.103629125642382,0.869601933957207,0,0.215789368116102
135.14,0,410.377592882039,0.104057998308782,0.867577504800664,0.00251106668892506,0.216096025496909
135.15,0,410.25701568948,0.101475936006071,0.868512163249561,0,0.215120859555607
135.16,0,410.136792563692,0.102372502122448,0.869282457141112,0,0.216650755775973
135.17,0,410.016960554571,0.105098469667436,0.869018516003601,0.000388428059872431,0.214306307126221
135.18,0,409.897556692938,0.104027233222566,0.867046422896584,0.00250954001390703,0.213550343797272
135.19,0,409.778617989385,0.104242573843,0.865921788079886,0,0.214783239744472
135.2,0,409.66018143315,0.102527885676725,0.867201414085211,0,0.215738424991302
135.21,0,409.54228399102,0.103141592969174,0.865577707605444,0.000738154839030048,0.214697521329147
135.22,0,409.424962606276,0.103816304438914,0.866388433630465,0,0.215520494552258
135.23,0,409.308254197654,0.10139584297182,0.865124445089478,0.000728489281672409,0.214363613447771
135.24,0,409.192195658335,0.101131311036734,0.865657225209972,0,0.216952820508775
135.25,0,409.076823854989,0.102917184619918,0.865053502307534,0,0.215003101567195
135.26,0,408.962175626821,0.10312076849983,0.863533026814365,4.89064177007041e-05,0.212036771525685
135.27,0,408.848287784656,0.102418986974659,0.863238317276152,0,0.213418579402262
135.28,0,408.735197110069,0.10430095573903,0.862886534628352,0,0.216067551561387
135.29,0,408.622940354528,0.103232950405139,0.862095660787355,0,0.211589103424062
135.3,0,408.511554238563,0.100559356596672,0.862975341344856,0.00196281373911749,0.217871958928696
135.31,0,408.401075450997,0.104976746089343,0.861771514240869,0.00117882917650755,0.214664641081464
135.32,0,408.291540648166,0.102740205348075,0.860498532338555,0,0.214613597745225
135.33,0,408.182986453195,0.10305016869679,0.862113734536944,0,0.216111184801614
135.34,0,408.075448654425,0.101477521421454,0.859580972462859,0,0.219941449430007
135.35,0,407.96896308425,0.100145771265731,0.860406841677415,0.000165124469455403,0.213012900815054
135.36,0,407.863567787591,0.0999652422521377,0.862270294616857,5.63673007835696e-05,0.216268899487194
135.37,0,407.759299248108,0.102646406367105,0.861458772409959,0.00217429925316558,0.213530061126862
135.38,0,407.656193913053,0.103782376202589,0.858678877638219,0.00150221811697664,0.215016484198546
135.39,0,407.554288192712,0.104323627417063,0.859632135943158,0.00184739937143533,0.215479206735919
135.4,0,407.453618459885,0.102224548314287,0.859054343410193,0,0.216063748102566
135.41,0,407.354221049407,0.102574502625928,0.86100524984104,0.00122766177524564,0.21552051712931
135.42,0,407.256132257671,0.102832874132764,0.855961783420611,0,0.213883348200385
135.43,0,407.159388342203,0.103306045993765,0.858589930850414,0.00108378814340208,0.216540214616901
135.44,0,407.064025521266,0.103036969878155,0.858731808808784,0,0.217110835918418
135.45,0,406.970079973476,0.102303571237963,0.857548710260914,0.0014659051790995,0.216592540168768
135.46,0,406.877587837464,0.102424364949214,0.856647326888319,0,0.214558469559825
135.47,0,406.786585211565,0.103992469768247,0.857482175089019,0.00156787231847785,0.216142657741816
135.48,0,406.696942964404,0.101976480444069,0.855115385124628,0,0.211633492103432
135.49,0,406.607638269568,0.103785790283062,0.852987531941673,0.000823694456799469,0.214279194321096
135.5,0,406.518492391818,0.105538746505255,0.856535849327392,0.000997278868525688,0.213199722534469
135.51,0,406.429508955377,0.102295674637173,0.855788216366753,0,0.216402795068171
135.52,0,406.340691580253,0.10368199316734,0.856350205797159,0.00294295973739613,0.215301730167005
135.53,0,406.252043882077,0.104117074685139,0.854367402511749,0.00144355748928395,0.217300633328114
135.54,0,406.163569471948,0.104313703565025,0.853808647862223,0.0008572029923018,0.213847103477563
135.55,0,406.075271956272,0.105916280589081,0.854394160087202,0,0.217208470424024
135.56,0,405.987154936608,0.0997910723501404,0.85501963078395,0.000314899207487213,0.214677715488855
135.57,0,405.899222009505,0.101360701612983,0.851609196450383,0.00131106013996568,0.217951181797839
135.58,0,405.811476766345,0.10451777697623,0.853119422831385,0,0.212702359364164
135.59,0,405.723922793184,0.103607057617372,0.851795345141169,0.000230060442077192,0.215371181237273
135.6,0,405.636563670593,0.102285954766764,0.851212462925916,0,0.213168677542488
135.61,0,405.549402973497,0.10185825583556,0.846806430494663,0,0.214104260440778
135.62,0,405.462444271018,0.105274698153105,0.851720651220921,0,0.215937336669033
135.63,0,405.375691126314,0.102562467252739,0.852699478449924,0.000464449852872666,0.212849257511689
135.64,0,405.289147096419,0.102648717339429,0.85206229836477,0.00135147115083133,0.217516984731024
135.65,0,405.202815732085,0.101336381869202,0.84997078099321,0,0.214838935376591
135.66,0,405.116700577619,0.103097914986114,0.85021462832583,0.00113811559128191,0.215338135404233
135.67,0,405.030805170726,0.10119579022183,0.852801563887994,0,0.214817545419878
135.68,0,404.945133042346,0.102046254441943,0.849271414135851,0,0.215127732124253
135.69,0,404.859687716496,0.103538610256557,0.846772188294301,0.000861833978407231,0.214304012550907
135.7,0,404.774472710109,0.102158679282346,0.848524015454607,0,0.214095400917775
135.71,0,404.689491532874,0.103685124951768,0.850084874548799,0,0.214861965064724
135.72,0,404.604747687074,0.10164693464444,0.846513608548135,0,0.214663875776192
135.73,0,404.520244667428,0.103035855396793,0.848830193515308,0.00142120873100945,0.216037556064624
135.74,0,404.435985960926,0.102953867941511,0.849181719184441,0,0.212265143831277
135.75,0,404.351975046676,0.102199947403757,0.848728313947163,0,0.216107011863271
135.76,0,404.268215395736,0.104414733640291,0.844411684243339,0,0.215965200994733
135.77,0,404.184710470957,0.101520897140818,0.845441850896528,0,0.21543820943107
135.78,0,404.101463726821,0.104428258948675,0.846738106578798,0.00271071141449214,0.216443820946753
135.79,0,404.018478609282,0.104289821308504,0.848129372802897,0,0.213985201629715
135.8,0,403.935758555605,0.103147430002722,0.845031252231311,0,0.215723879185275
135.81,0,403.853306994204,0.104651732780565,0.843119220505095,0,0.214631177516635
135.82,0,403.771127344484,0.101670167042618,0.844830427214483,0.0027258043824223,0.2144479492104
135.83,0,403.689223016679,0.10240558803704,0.844966855715512,0.00242243982831624,0.214493815412416
135.84,0,403.607597411689,0.101161252452025,0.84301922523447,0.00136911342778607,0.21593901942327
135.85,0,403.526253920927,0.103760852115259,0.842558510636799,0.000197820315128292,0.213217605200773
135.86,0,403.445195926151,0.104080712630579,0.841362127214807,0,0.215985265579685
135.87,0,403.364426799309,0.102265546276976,0.844238958131267,0.00160352168768187,0.212401152850595
135.88,0,403.283949902376,0.101295658260732,0.839277308142505,0.000611151508364193,0.213612683097554
135.89,0,403.203768587194,0.10498210556247,0.841816385591049,0,0.213444231799479
135.9,0,403.123886195316,0.103483540732392,0.841216458190597,0,0.214897451881928
135.91,0,403.044306057843,0.101865778038138,0.840954737110898,0.00172962575079707,0.218085846157128
135.92,0,402.965031495264,0.101777312216208,0.838747044125572,0,0.214706147447609
135.93,0,402.886065817298,0.104476119079106,0.840511258294734,0,0.216049570859938
135.94,0,402.807412322737,0.102398415492069,0.83966650581002,0,0.21252666682811
135.95,0,402.729074299279,0.10222948560234,0.837300485138815,0.00115437034492211,0.214562756702574
135.96,0,402.651055023382,0.10248878804411,0.839466656273112,0,0.216096075862234
135.97,0,402.573357760091,0.100175147711864,0.838841754221339,0,0.213330700629909
135.98,0,402.495985762892,0.10399119101535,0.840230788759073,0.000736629927827208,0.213845390781706
135.99,0,402.418942273545,0.101387139070208,0.836400919512234,0.00179413660331591,0.214160605422596
136,0,402.342230521931,0.103633487853254,0.838874334463783,0.00115757121392406,0.216185812120715
136.01,0,402.265853725891,0.101892142056045,0.837221599247574,0.00115306842661565,0.21452467295537
136.02,0,402.189815091071,0.103133513334395,0.838856649210841,0,0.213577312358209
136.03,0,402.114117810764,0.103581466586804,0.838421008733365,0.000687573826865344,0.215418545412996
136.04,0,402.038765065753,0.100466012166887,0.835397847934111,0,0.216364852085935
136.05,0,401.963760024152,0.103665129648974,0.837748773559977,0.0017470898692234,0.215232520849619
136.06,0,401.889105841255,0.0995148184901081,0.836936635634959,0,0.215767686386413
136.07,0,401.814805659373,0.103920293026038,0.836514218367982,0.00237209504770108,0.212630724141964
136.08,0,401.740862607685,0.105220754834892,0.83443913431874,0.000451019249047254,0.212014067749281
136.09,0,401.667279802078,0.103149646868493,0.83569478472618,0,0.21397071488648
136.1,0,401.594060344992,0.103348917108944,0.833506177349172,0,0.213802064979454
136.11,0,401.521207325268,0.103861068853966,0.833326657141587,0,0.215602184607428
136.12,0,401.448723817993,0.102617653993547,0.834100634775988,0.000773833325819984,0.21667150556871
136.13,0,401.376612884344,0.103778543450411,0.83578163576335,0,0.215933237157731
136.14,0,401.304877571433,0.101102769600473,0.83300647313931,0.000339759994913393,0.214418108269707
136.15,0,401.233520912161,0.10399709262403,0.835290610599213,0.000332013692204418,0.21689158667043
136.16,0,401.162545925058,0.101241177909487,0.831685390936948,0,0.217829388210549
136.17,0,401.091955614132,0.104146324722891,0.833578273709689,0.00234402281592396,0.212771139526179
136.18,0,401.02175296872,0.102191914108528,0.834026058028062,0.00293108454085897,0.21610823730939
136.19,0,400.951940963334,0.102825237693098,0.833275158800932,0,0.214999889315715
136.2,0,400.88252255751,0.104924817855312,0.830733000215383,0,0.215280980599685
136.21,0,400.813500695659,0.0986618155472446,0.831633581879313,0,0.215407281786916
136.22,0,401.205537579595,0.101194344905906,0.831360783078681,0.00145640424389379,0.215803232984888
136.23,0,401.402567313493,0.104808325266148,0.830098975315978,0.00267820206917703,0.216082646640272
136.24,0,401.531178710042,0.101781246013349,0.829387431986706,0,0.216280859338735
136.25,0,401.662853643915,0.100587076765205,0.829636775510252,0,0.217594785734724
136.26,0,401.799368753455,0.101159170784255,0.831184904607857,0.00164012337913044,0.214784246312447
136.27,0,401.940140946047,0.100524956889864,0.831036721532142,0,0.215558088310263
136.28,0,402.085153604408,0.103218813159582,0.83171919280185,0.00152733684168707,0.213759051662388
136.29,0,402.234443900423,0.0999308631176592,0.829673537819295,0,0.215193252811631
136.3,0,402.388046279807,0.101340870554025,0.828811865305613,0.00198819616941554,0.217165964946811
136.31,0,402.54599452594,0.101761593839083,0.828290998706854,0,0.217002522690348
136.32,0,402.708322434017,0.101661731543114,0.828995537928636,0,0.217832259392442
136.33,0,402.875063828276,0.100998056152328,0.828349557464056,0.000263547999332295,0.217396179625794
136.34,0,403.046252557642,0.102434778316229,0.826464084633202,0,0.217344365409293
136.35,0,403.221922496745,0.100661857592693,0.828207098022947,0,0.214004559846194
136.36,0,403.40210754745,0.100088152563848,0.828382938038188,0.000641948087521716,0.212803278351796
136.37,0,403.586841640381,0.10140157302416,0.828876531869624,0,0.215239139344213
136.38,0,403.776158736442,0.102094082349596,0.82912526176767,0,0.21631996533662
136.39,0,403.970092828343,0.101763127196911,0.826032220669439,0.00109043245834213,0.215682906568402
136.4,0,404.168677942141,0.100653125537544,0.82562389263867,0,0.21571288828421
136.41,0,404.371948138793,0.10111136811011,0.826292631544668,0.00274650104594973,0.215078187809445
136.42,0,404.57993751571,0.0997036635529162,0.82803446589151,0,0.215966121547667
136.43,0,404.792680208315,0.102519513610567,0.829131122679932,0.000982033674812751,0.214603966623993
136.44,0,405.010210391634,0.100898475261688,0.826905481165323,0.00232682677245693,0.217002356010053
136.45,0,405.232562281858,0.101414140413128,0.825445119010913,0,0.215248345944902
136.46,0,405.45977013794,0.100281101437349,0.824239464379879,0,0.21454735572738
136.47,0,405.691868263197,0.10044208981508,0.825784139773521,0,0.214650497883495
136.48,0,405.928891006899,0.0951889360975961,0.82538424989636,0.00200821209719798,0.215553689198437
136.49,0,406.17087276589,0.0983015074764622,0.824874277211847,0,0.214751020401363
136.5,0,406.417847986201,0.100841315543128,0.826014558387606,0.000110359262759559,0.215160672368274
136.51,0,406.669851164668,0.101560420368046,0.821083785641011,0.00187329112633325,0.213003675956485
136.52,0,406.926916850567,0.0981763501885335,0.82506044700592,0,0.217595571196583
136.53,0,407.189079647242,0.0984233940438218,0.825250189797435,0.000260119097994907,0.212939296413981
136.54,0,407.45637421375,0.099570283352546,0.823082246296906,0.00100339755524717,0.213909999372414
136.55,0,407.7288352665,0.0988460323115797,0.823054971301097,0,0.213798781572566
136.56,0,408.006497580907,0.0999644177821707,0.823042522811623,0,0.21374301714103
136.57,0,408.289395993045,0.0984454351791382,0.823017469226617,0.000615351795087011,0.214508491762255
136.58,0,408.577565401303,0.0996079901646316,0.821805917688026,0,0.217042977223957
136.59,0,408.871040768052,0.0959491343372921,0.822287239372261,0,0.21375115872588
136.6,0,409.169857121311,0.099769326337515,0.823491363452705,0,0.213089767217761
136.61,0,409.474049556412,0.0969775118999792,0.82433838958273,0,0.215590878569123
136.62,0,409.783653237683,0.0985627944738208,0.825140636552815,0,0.21418199133426
136.63,0,410.098703400116,0.098599222045432,0.820363480237049,0.000508660750762457,0.216637019270814
136.64,0,410.419235351051,0.0952792876441961,0.820277626650888,0.000465631532565813,0.214988556901788
136.65,0,410.745284471861,0.0953538263445871,0.819038663114359,0,0.213375869039606
136.66,0,411.076886219631,0.0951172563696319,0.823033282599117,0,0.216124482825716
136.67,0,411.414076128845,0.0945514700511608,0.821454973300169,0,0.216722476248943
136.68,0,411.756889813081,0.0939705680087567,0.820916241553259,0,0.214362396259178
136.69,0,412.105362966696,0.0975917115387779,0.821270863082635,0.000761713257809598,0.215847207256769
136.7,0,412.459531366516,0.0956023403566106,0.820088158445686,0,0.214943665531009
136.71,0,412.81943087353,0.0951691573626049,0.820270313193503,0,0.214089400836523
136.72,0,413.185097434589,0.0944631981954384,0.819492369537638,0,0.21491870480506
136.73,0,413.556567084088,0.0968423483412287,0.820565976890422,0,0.213837890787891
136.74,0,413.933875945668,0.0972802149188883,0.820186258123914,0.000400355277052881,0.214636414696252
136.75,0,414.317060233911,0.093588905579991,0.820264412928494,0,0.213954739594709
136.76,0,414.706156256026,0.0964414353794836,0.820596141489367,0.000652255504970897,0.216021599417873
136.77,0,415.101200413548,0.0967415424574811,0.818496446744881,0.00214169464607618,0.213563387655859
136.78,0,415.502229204028,0.0941790010453703,0.818157158918432,0,0.213239355500591
136.79,0,415.909279222725,0.0947020075911895,0.818103734098907,0,0.213081295248896
136.8,0,416.322387164293,0.0937716576076982,0.819305363189666,5.99310027901742e-06,0.214955085611874
136.81,0,416.741589824473,0.0959385625783493,0.820683109283999,0,0.216825745937012
136.82,0,417.166924101775,0.0953343320251634,0.817034252231032,0.000924767620105594,0.21469699161413
136.83,0,417.598426999162,0.0948968810542123,0.818421871952167,0,0.216941565539704
136.84,0,418.036135625737,0.0940734695089999,0.818268763231258,0.00230104839635526,0.212976799286575
136.85,0,418.480087198412,0.0945320341127284,0.816924800053033,0,0.21447287572917
136.86,0,418.930319043595,0.0919586806370857,0.818679335764924,0.00143354195028818,0.21326097274106
136.87,0,419.386868598849,0.0916173230835827,0.818615856864513,0.00228441136145226,0.215967810667791
136.88,0,419.849773414574,0.0957376096082511,0.817144681080536,0.000600785087127943,0.214594271162499
136.89,0,420.319071155662,0.0900494626269447,0.817395342271694,0.00148209311388887,0.21369857617547
136.9,0,420.794799603164,0.0944260874140875,0.819036977111776,0.000797699515247795,0.216185344588098
136.91,0,421.276996655943,0.0929644207941805,0.816870109360964,0,0.214624957482736
136.92,0,421.765700332326,0.0918721653575922,0.815545112208726,0,0.216231285152778
136.93,0,422.26094877175,0.0923084721432139,0.815713588996445,0.00223485324029362,0.214424935131927
136.94,0,422.76278023641,0.09003716844285,0.815364510798516,0,0.212335246767338
136.95,0,423.271233112885,0.0915920387170523,0.812786013904657,0,0.215104653047576
136.96,0,423.786345913775,0.0895572008479369,0.81621032367535,0.000486675466500894,0.215263936618561
136.97,0,424.308157279324,0.0877476791805351,0.818320020382046,0.00282411740797527,0.216108341513769
136.98,0,424.836705979037,0.0898712294767372,0.816479519237431,0.000975513521182912,0.214445942544162
136.99,0,425.37203091329,0.0916647857662045,0.81658600960489,0.00190135919784696,0.21130790030317
137,0,425.914171114936,0.0899860382213948,0.813747357055297,0,0.21672333360141
137.01,0,426.463165750905,0.0901661721230906,0.81331770144572,0,0.212894612475618
137.02,0,427.019054123785,0.0897141423418413,0.815123798362527,0,0.213972384110507
137.03,0,427.581875673412,0.0926867716554235,0.815188195903838,0,0.21470477313257
137.04,0,428.15166997844,0.088618011965379,0.814136325595878,0,0.21484961056271
137.05,0,428.728476757904,0.0851598735467921,0.815927515950943,0,0.215811780151456
137.06,0,429.312335872781,0.087324781226382,0.816092469961099,0.00149576219126252,0.213838523766083
137.07,0,429.903287327535,0.0878568040720976,0.815204755046121,0,0.214109377165137
137.08,0,430.501371271658,0.0870328295644371,0.815101528556295,0.000696449428985933,0.211964281086192
137.09,0,431.106628001194,0.0870664069689191,0.81630879469658,0.00100925415957615,0.214412034218913
137.1,0,431.719097960261,0.0880886775755421,0.815453444993267,0,0.216792073286476
137.11,0,432.338821742559,0.0873992714011546,0.816797201764332,0.00191017093499659,0.216210583490538
137.12,0,432.965840092868,0.0845340749037597,0.814578231015678,0.000770501253588549,0.215892135609081
137.13,0,433.600193908535,0.0864441810654746,0.812754642537431,0,0.216674882464234
137.14,0,434.241924240952,0.0864052691774373,0.813009564922784,0.00299714909013033,0.214842515687176
137.15,0,434.891072297017,0.0841602396401793,0.813743258496118,0,0.214731325770027
137.16,0,435.547679440593,0.0896160569030547,0.813133753341755,0,0.214834048685394
137.17,0,436.211787193942,0.0858101750416197,0.812957298716182,0.000660430292427226,0.214578652997636
137.18,0,436.88343723916,0.0842211853606491,0.81246316711776,0,0.214956340277384
137.19,0,437.562671419591,0.0818509289658943,0.813057233049172,0,0.215126831883289
137.2,0,438.249531741227,0.0839968324960123,0.816274324130129,0,0.21403413427229
137.21,0,438.944060374103,0.081668405531263,0.815014681372056,0.00170537227172585,0.216316601107422
137.22,0,439.64629965367,0.0826476208526896,0.813696177846864,0,0.215441351306522
137.23,0,440.356292082158,0.0849663220922201,0.815894746940878,0,0.216068049710812
137.24,0,441.074080329924,0.0832616561712857,0.811961654492197,0,0.215102329954933
137.25,0,441.799707236787,0.0819127276306344,0.809746680920271,0.000597557617856473,0.216188021262053
137.26,0,442.533215813344,0.0839282235951262,0.81346200234504,0.000682730572416843,0.212435489479836
137.27,0,443.274649242273,0.0820647315876742,0.811206986920316,0.00165223755058426,0.214120061890781
137.28,0,444.024050879626,0.0812824933040426,0.812667594656184,0.00152195640592222,0.212274486096461
137.29,0,444.781464256094,0.0819032308858337,0.814958208250553,0.00339027425188726,0.214397153793939
137.3,0,445.546933078265,0.083529019764251,0.81592149038842,0.00063394712378197,0.216488145339172
137.31,0,446.320501229865,0.0808615753113808,0.812846136824839,0,0.212392825569709
137.32,0,447.10221277298,0.0813833652450658,0.812810340404082,0.000734649214047034,0.215824847986045
137.33,0,447.892111949257,0.082164392635779,0.814275858873927,0,0.214249654962336
137.34,0,448.690243181095,0.0779977591669634,0.813093136455133,0,0.214625849357785
137.35,0,449.496651072811,0.0785350311570318,0.813651477175679,0.0012109645559594,0.215000327252987
137.36,0,450.311380411795,0.0792750109008535,0.812203355831019,0,0.216864621052645
137.37,0,451.134476169639,0.0790920075678732,0.810790737178406,0.00300905435714164,0.215106292039944
137.38,0,451.965983503251,0.0756979504295182,0.810785709522019,0.000502461642171546,0.217025363397258
137.39,0,452.805947755949,0.080108526614712,0.810343136726116,0,0.211939385969929
137.4,0,453.654414458536,0.0783700769736342,0.811961612289899,0,0.214349623618161
137.41,0,454.511429330353,0.078030316017126,0.81265452306732,0,0.214377175402285
137.42,0,455.377038280312,0.0761344396368048,0.81334535410115,0,0.214268059892747
137.43,0,456.251287407911,0.0747694800962687,0.813037938885182,0,0.215698606649166
137.44,0,457.134223004224,0.0751269579032367,0.812262086552686,0.000416874815204233,0.216568967065504
137.45,0,458.025891552871,0.0741336072034268,0.812668854925846,0.00153769348965388,0.212158281494174
137.46,0,458.926339730967,0.0745563976953642,0.813308305061714,0.000368654499679864,0.214176118149818
137.47,0,459.835614410047,0.0744990726624507,0.810651356484314,0,0.216075915514591
137.48,0,460.753762656971,0.0712919082014686,0.809340739324259,0.00151754249401772,0.215188259758341
137.49,0,461.680831734801,0.071403612147838,0.81280516196289,0.000131726292933599,0.215170213333819
137.5,0,462.61686910366,0.0726250559483303,0.813237793437768,0,0.211182921022334
137.51,0,463.561922421566,0.0734522613188179,0.813143282690512,0,0.213362174119054
137.52,0,464.516039545235,0.071558054497813,0.812439552356795,0.00298758251521615,0.214607734135348
137.53,0,465.479268530873,0.0722178318781144,0.811884035891236,0.000556757846968572,0.215023116169868
137.54,0,466.45165763493,0.0707437612721008,0.812313933375604,0.000243333349055045,0.215042411824642
137.55,0,467.433255314835,0.0706120477414482,0.814105309686465,0.00108862219954507,0.213610464721744
137.56,0,468.424110229703,0.069859998749723,0.814983042182579,0.00039002195519483,0.213090043875527
137.57,0,469.424271241019,0.0693003839340133,0.812486245179846,0.000636671456753919,0.216519476971495
137.58,0,470.433787413291,0.0694563284988905,0.811964482901575,0.000132866301480274,0.215386844449726
137.59,0,471.45270801468,0.069458738500054,0.810658851252802,0,0.214236776180278
137.6,0,472.481082517598,0.0695086826721343,0.81423854885106,0,0.2158211562039
137.61,0,473.518960599287,0.067838697278699,0.810327035109368,0,0.216525883516565
137.62,0,474.566392142356,0.0667961098525807,0.810550348458287,0,0.21585352360498
137.63,0,475.623427235305,0.0687911573980886,0.815663691437587,0.00251896913884564,0.215968933013543
137.64,0,476.690116173002,0.0673846066991135,0.813370082657876,0.00168838232099979,0.215450054043733
137.65,0,477.766509457156,0.068391927785839,0.81208282827043,0,0.21515692235126
137.66,0,478.852657796731,0.066618039397666,0.813852668636609,0.000773232718471112,0.217541441408375
137.67,0,479.948612108348,0.0659307582016347,0.813868783513287,0.00129438860379214,0.214405802342747
137.68,0,481.054423516655,0.0662304844578467,0.811157167098982,0.000328697944376897,0.214859598439973
137.69,0,482.17014335466,0.0688863513546939,0.810325140918069,0.000206039824613328,0.213318783464421
137.7,0,483.295823164036,0.0652559625129917,0.813147547974318,0,0.213351106061095
137.71,0,484.431514695392,0.0648677029801721,0.81089253045756,0,0.217277946396307
137.72,0,485.577269908512,0.0647292344309828,0.816173837886389,0,0.216991364211564
137.73,0,486.733140972567,0.0646971680417356,0.812778140183824,0.00145952202634959,0.21314040439714
137.74,0,487.899180266284,0.0634779510680925,0.814598488188598,0,0.211588104498242
137.75,0,489.075440378084,0.0619339289638894,0.813113800265825,0,0.215669003876331
137.76,0,490.261974106193,0.0612575430982535,0.814497347041995,0,0.215544522185293
137.77,0,491.45883445871,0.0611372402519129,0.812736220048979,5.62984990289269e-05,0.216487546765531
137.78,0,492.666074653641,0.0615869480532171,0.816514722652732,0.00124051003619978,0.214667293219968
137.79,0,493.883748118904,0.0611445775018047,0.813593017580749,3.37723886563107e-05,0.214584040450269
137.8,0,495.111908492288,0.0610716331064369,0.812642327651366,0.000698701663790327,0.213780588185846
137.81,0,496.350609621386,0.0614020573168431,0.811768701773879,0.00387956442679348,0.217069597762747
137.82,0,497.59990556348,0.0590519939573331,0.811718048209147,0,0.214654084667533
137.83,0,498.859850585401,0.0615274206736725,0.814375354876545,0.00101006457902253,0.21382098438936
137.84,0,500.130499163337,0.0585275106631012,0.813587218736844,0,0.216489483216883
137.85,0,501.411905982618,0.057634379910147,0.813838206877316,0.00112776528371982,0.215119155578672
137.86,0,502.704125937449,0.0584347466314363,0.814637492572343,0,0.215067990433884
137.87,0,504.007214130612,0.0592101010481847,0.815735362722166,0,0.216609889582501
137.88,0,505.321225873126,0.057541142614634,0.818073756825585,0.00114472332824795,0.214638426912219
137.89,0,506.646216683862,0.0575280671286704,0.812264152147685,0.00373828478911336,0.215919514710218
137.9,0,507.982242289128,0.0547472977626939,0.817152741134847,0,0.215547379069844
137.91,0,509.329358622202,0.0561048833490392,0.816446007178425,0.00122418710671934,0.216433415748412
137.92,0,510.68762182283,0.0563896741306045,0.815449141230977,0,0.217451926371711
137.93,0,512.057088236679,0.0551026971727351,0.816698032889946,0.000477703996343541,0.215765354294646
137.94,0,513.437814414747,0.0528567242452136,0.814670335980972,0,0.215290235830101
137.95,0,514.829857112735,0.0527850825343203,0.812645277815787,0.00233212929000954,0.21581312055387
137.96,0,516.23327329037,0.050882018136544,0.814789640163041,0.000448701307674227,0.21640680462316
137.97,0,517.648120110682,0.0526295057649425,0.814856702421147,0.00114280809682994,0.21572721921156
137.98,0,519.074454939244,0.0537822641506262,0.817949225569827,0,0.21381271104374
137.99,0,520.512335343367,0.051179129374734,0.815502082402235,0,0.215152084690873
138,0,521.961819091232,0.0497686036342486,0.812796391812068,0.00275829578587481,0.217482354358757
138.01,0,523.422964151004,0.0510629735788175,0.81733204332207,0,0.216088515207114
138.02,0,524.89582868988,0.0480846494531434,0.815346123143733,0,0.214043787327941
138.03,0,526.380471073093,0.0503867808245235,0.816365675764321,0.00216149872777902,0.21174922088557
138.04,0,527.87694986287,0.0457231711712276,0.817986063852799,0,0.213561521729532
138.05,0,529.38532381735,0.0480176281041454,0.817269273137385,0.00150138014853354,0.21447608480566
138.06,0,530.905651889436,0.0483988598692528,0.817619399624881,0.00228376769293731,0.215409773316264
138.07,0,532.437993225618,0.0493356662500958,0.817570941102495,0,0.213316208166293
138.08,0,533.982407164729,0.0479200790794014,0.816086400850123,0,0.217019378327167
138.09,0,535.538953236662,0.0439979282677226,0.818620331337236,0.000489491485656708,0.212576102848279
138.1,0,537.107691161036,0.0433163055166155,0.816428416236341,0.000518223928857494,0.216008473600829
138.11,0,538.688680845803,0.045343896988798,0.816447453374664,0,0.212962538972695
138.12,0,540.281982385814,0.0476336001438368,0.81910913106282,0.000250327786003502,0.216553246531414
138.13,0,541.887656061322,0.0445692513946696,0.818463587527272,0,0.214027314014902
138.14,0,543.505762336447,0.043857577490951,0.815786532291557,0,0.218278686228698
138.15,0,545.136361857569,0.0425976463870249,0.816089605117536,0,0.213256650654706
138.16,0,546.779515451687,0.0403151911860481,0.820514651835398,0.000529405851678217,0.215749580223121
138.17,0,548.435284124711,0.0418003683148301,0.815972145729925,0.00064341246065234,0.214184799034359
138.18,0,550.103729059704,0.0405497061713552,0.820654280699156,0.000952399702567405,0.214846720343687
138.19,0,551.784911615069,0.0390124901621399,0.81606435195446,0.00238455030937089,0.214897927742869
138.2,0,553.478893322678,0.0392884982411393,0.817391668978328,0,0.215227239744144
138.21,0,555.185735885951,0.0396112432967834,0.817119932090145,0,0.215842451325837
138.22,0,556.905501177871,0.0377315110942344,0.820045519169892,0.0014744245958578,0.213055802224728
138.23,0,558.638251238947,0.0378174461092033,0.819249522091938,0.000322034225487188,0.218153042481629
138.24,0,560.384048275123,0.0384320601628445,0.816351540299615,0.00240390857872875,0.214992825381852
138.25,0,562.142954655611,0.0358602321479743,0.818474512722936,0.000889332650113211,0.214011351872079
138.26,0,563.915032910693,0.0371494802338002,0.818057133155946,0,0.214570125854208
138.27,0,565.700345729445,0.0359350009046678,0.820237405773735,0,0.216866768584608
138.28,0,567.498955957398,0.0346408395871766,0.8237714671433,0,0.21538153218063
138.29,0,569.310926594161,0.0351515645985592,0.821148156743253,0.000964168978798788,0.213438780587754
138.3,0,571.136320790963,0.0340861589265781,0.823469963393837,0.00166348987348314,0.213941740295557
138.31,0,572.975201848135,0.0316590125685507,0.818077360860783,0.00175849266395402,0.213355162555276
138.32,0,574.827633212549,0.0356654223568483,0.8193467717717,0,0.213197153638032
138.33,0,576.693678474974,0.033903655976103,0.819591161319245,0.00186576499392296,0.214168301840477
138.34,0,578.573401367378,0.0315174930401853,0.821220673374627,0,0.213568020436094
138.35,0,580.466865760171,0.034652648004507,0.823512738487485,0,0.216278223646952
138.36,0,582.37413565938,0.0319711688962317,0.819871548888759,0,0.215398972545447
138.37,0,584.295275203759,0.0285869082795343,0.820907817964333,0,0.213592423068076
138.38,0,586.230348661837,0.0275365213714028,0.824121979103964,0,0.216889987611766
138.39,0,588.179420428903,0.0306669377756865,0.819954628115797,0,0.21527090702163
138.4,0,590.142555023923,0.0296503958587587,0.82130130140435,0,0.214844062306899
138.41,0,592.119817086387,0.0289742755029979,0.820631941180207,0,0.213255647935795
138.42,0,594.111271373105,0.0280866747325785,0.824506652540132,0,0.214300526943571
138.43,0,596.116982754917,0.024747021599847,0.822554100903627,0.000690976799098542,0.213774829473441
138.44,0,598.137016213346,0.0267469691628299,0.823531658620404,0.00141893676669148,0.216945957241314
138.45,0,600.171436837186,0.0254357642646492,0.822259588037576,0,0.213739028993375
138.46,0,602.22030981902,0.0267013054360135,0.823231345827878,0,0.213554015178302
138.47,0,604.283700451657,0.0276374498043879,0.8234643750088,0.00303582016861875,0.216273077117042
138.48,0,606.361674124524,0.0231048373439164,0.825712987184001,0.000200474914512939,0.213455259498164
138.49,0,608.454296319972,0.0254305279023582,0.824322473992367,0.00217685573440415,0.21411924654075
138.5,0,610.561632609508,0.022306212911261,0.82635283670526,0,0.213171748850487
138.51,0,612.683748649974,0.0210970328649127,0.825625411453939,0.000153636793355936,0.215211427081251
138.52,0,614.820710179646,0.022438409187972,0.825330113046127,0.00179474887773149,0.215606064845135
138.53,0,616.972583014252,0.0197948609489487,0.824915610983071,0.00185028656735278,0.213412309134412
138.54,0,619.139433042943,0.0200526646414664,0.8228450429354,0,0.214979035515266
138.55,0,621.321326224168,0.0223713537245968,0.825107817335834,0.000434479295897825,0.2149181250801
138.56,0,623.518328581488,0.0200279789375691,0.827093451183899,0,0.21613496702779
138.57,0,625.730506199318,0.0170727727772096,0.825440396871076,0,0.215222420975178
138.58,0,627.957925218595,0.0181398544494976,0.826983022589245,0,0.212670164993016
138.59,0,630.200651832367,0.0151793442856642,0.826166687199021,0.000578152013969213,0.214038226458358
138.6,0,632.458752281316,0.01466850060664,0.826107375983862,0.00118486840891616,0.215327293009785
138.61,0,634.732292849203,0.0143865181249186,0.824943499845876,0,0.215802309460855
138.62,0,637.021339858242,0.0142922478272191,0.826785864392458,0.00147068921102,0.217833626623926
138.63,0,639.325959664388,0.0147701656251979,0.829936459904502,0.000321313201857255,0.21655804950563
138.64,0,641.646218652568,0.0147231556880117,0.828178770687827,0.000618175287846764,0.212830384083831
138.65,0,643.982183231821,0.0137201791660927,0.826390772755469,0.000444723264244745,0.213871198457862
138.66,0,646.333919830366,0.0137342989473359,0.827033514305918,0,0.215319141674255
138.67,0,648.701494890601,0.0118428926539153,0.828667369644097,0.00159645237075422,0.212673036375025
138.68,0,651.084974864018,0.0105527072548661,0.827261583255477,0,0.212620159234589
138.69,0,653.484426206032,0.0119559063858536,0.828013091976996,0,0.213234567408234
138.7,0,655.899915370766,0.00952289541130764,0.827129602003118,0,0.214249317853073
138.71,0,658.305825461215,0.00984910574396581,0.830472967727728,0,0.216757032911556
138.72,0,660.539181129637,0.0071607535603807,0.828446658819796,0,0.216020105626205
138.73,0,662.727787874096,0.0068806143727799,0.831743410973643,0,0.214660695444675
138.74,0,664.927737156276,0.00609738488236463,0.828070376639785,0,0.216574322345993
138.75,0,666.814247189597,0.00689533738644266,0.830084792763912,0,0.214574405675471
138.76,0,668.306292524093,0.00590108553399469,0.833461489015007,0.000107193513767669,0.216873524210683
138.77,0,669.760501809771,0.00552335593477754,0.830327447237445,0.000630223010640695,0.218146375717833
138.78,0,671.198360877707,0.00598731567351477,0.830794783461122,0,0.215974328857245
138.79,0,672.45050571741,0.00361129998851427,0.831880727067588,0,0.214197676268035
138.8,0,673.649968837981,0.00672512900511216,0.829841215558587,0.00143615120378184,0.214999816182267
138.81,0,674.855142672954,0.00344738951203704,0.834085476399116,0,0.215466509584363
138.82,0,676.064220245875,0.00249886780146856,0.832530582751601,0.00153046028685538,0.216905567941702
138.83,0,677.275577036388,0.00261721813774775,0.831349113641842,0,0.217440362039813
138.84,0,678.494862103082,0.00347739408262574,0.833398622875548,0,0.211676340838527
138.85,0,679.721699391769,0.00237412661022093,0.833852514681522,0.00136737238263037,0.214707385822239
138.86,0,680.94889024979,0.00420229079197698,0.834182017665189,0,0.213974023599217
138.87,0,682.182083625183,0.00440192672781969,0.8341201398514,0,0.214626433439992
138.88,0,683.423744110187,0.00155825276974539,0.832513223377027,0,0.213575751550029
138.89,0,684.668822153962,0.00151849126747777,0.835617157206242,8.92100811398429e-05,0.216482060843959
138.9,0,685.916033094778,0,0.833773975692678,0,0.216090536886399
138.91,0,687.170998448859,0.00132307659045953,0.835414638470445,0.0016218112046795,0.215575121527686
138.92,0,688.433188636707,8.19943889831535e-05,0.835935142080162,0.000741884042338,0.216176876686176
138.93,0,689.694519533248,0.00247239253464033,0.838420341594216,0.000640397450503911,0.217024642802867
138.94,0,690.762237705373,0.000574183477858221,0.834310000984021,0,0.217749922579483
138.95,0,690.890552431209,0.00323493808953115,0.837883883040523,0.00509844982449611,0.216412489286983
138.96,0,691.01947020883,0.000237928660814423,0.836677709846562,0,0.216048777970433
138.97,0,691.148985614958,0.00312750662658995,0.836381455285946,0,0.213197938953155
138.98,0,691.279093204273,0,0.838520459107725,0,0.214764299966064
138.99,0,691.409787509684,0,0.838929378726784,0.00214307909192785,0.213451467059278
139,0,691.541063042597,0.000960530594178456,0.835885932241151,0,0.215539826174011
139.01,0,691.672914293187,0,0.84047825187555,0,0.212959894866274
139.02,0,691.805335730664,0.00157674715287126,0.838334858889252,0.00157371195323522,0.216116647617674
139.03,0,691.938321803549,6.19434235162644e-05,0.838565937621783,0.000422576892022472,0.218546431501715
139.04,0,692.071866939941,0.000371164723330104,0.842100464356798,0.00087546969414579,0.213892335340883
139.05,0,692.205965547791,0.00095528730438857,0.842083237499291,0,0.215804857935454
139.06,0,692.340612015172,0,0.841001075028518,0,0.218064626887134
139.07,0,692.475800710554,0,0.838220717845975,0.000147646966111087,0.215118421416336
139.08,0,692.611525983075,0.000172214509790512,0.841509864263973,0.00187766434155693,0.214514283407572
139.09,0,692.747782162813,0.000916482601490634,0.840953847387938,0.000359450199984705,0.21492601467539
139.1,0,692.884563561061,0,0.839049819014161,0,0.216332073486526
139.11,0,693.021864470603,0.000354440448781395,0.841231998882212,0.000701593731073903,0.214568597261361
139.12,0,693.15967916598,0,0.844892244501524,0,0.213872032297195
139.13,0,693.298001903774,0,0.841518914688613,0,0.214260650388453
139.14,0,693.436826922876,0,0.843162122130672,0,0.215968434050253
139.15,0,693.576148444761,0,0.841513271559736,0.000397792431030711,0.213906025539302
139.16,0,693.715960673769,0.000839408822591201,0.844467171800275,0,0.214864270435012
139.17,0,693.856257797371,0,0.843377993048756,0.00108450920700158,0.216293500019682
139.18,0,693.99703398645,0,0.845292474570064,0,0.215501315267977
139.19,0,694.138283395576,0,0.846027278129568,0,0.213442749367251
139.2,0,694.280000163281,0.000377322607618264,0.845229156515858,0.00142663257940078,0.215442115715646
139.21,0,694.422178412332,0,0.845982362871851,0.000444823110602406,0.216014752844875
139.22,0,694.56481225001,0,0.845632237162168,0.00126476750704629,0.214562525340174
139.23,0,694.707895768387,0,0.844878582124131,0.00141937905511662,0.21362753219177
139.24,0,694.851423044598,0,0.847427195058054,0.000786578895182972,0.215381581392458
139.25,0,694.995388141118,0,0.846285754188148,0,0.213761741936444
139.26,0,695.139785106041,0,0.847320600018561,0,0.214257285049523
139.27,0,695.284607973352,0.000584429646619985,0.845331746338935,0.00184206495057029,0.213482347236164
139.28,0,695.429850763204,0.000364097903094824,0.845882746556307,0.000299111669077159,0.214453533249922
139.29,0,695.575507482198,0.000163032100637367,0.846695396219769,0,0.214333043441732
139.3,0,695.721572123655,0.000102304255712996,0.84858125626527,0.00212967306978872,0.218693912589653
139.31,0,695.868038667888,0.00033031591035931,0.850350837996349,0.00195454263678408,0.213416628541891
139.32,0,696.014901082489,0,0.850902232407545,0.000236411563328656,0.212241094768639
139.33,0,696.162153322594,0,0.848037014955437,0.000317545226041956,0.215337504215625
139.34,0,696.309789331165,0.00210650095223507,0.848762319336624,0,0.212724225019362
139.35,0,696.457803039261,0,0.850154708715558,0,0.212568073982864
139.36,0,696.606188366321,0,0.84724071886729,0.00063654090417417,0.217082555150008
139.37,0,696.754939220427,0,0.849852673660429,0.00059850048816356,0.212521849360186
139.38,0,696.904049498592,0.00167271221951961,0.852489819527477,0,0.214799809529128
139.39,0,697.053513087028,0.00190472106774362,0.851268960071294,0,0.217670219219767
139.4,0,697.203323861421,0,0.852307053258188,0.000904071229164698,0.215155605910494
139.41,0,697.353475687205,0.000105833489350124,0.851654769225054,0,0.215735643753821
139.42,0,697.503962419843,0.00155222335562951,0.85262746924799,0,0.216299441078872
139.43,0,697.65477790509,0,0.852450548438837,0.00219829141567043,0.215907003995698
139.44,0,697.805915979277,7.97598290075432e-05,0.854664073152544,0,0.214533019676155
139.45,0,697.957370469579,0,0.852644932513909,0.000223798872461927,0.216493804661595
139.46,0,698.109135194289,0.000810626543311185,0.852334765879934,0,0.215101939661295
139.47,0,698.261203963093,0.000874467125760848,0.854189737593358,0.000450805757993787,0.215756550370836
139.48,0,698.413570577339,0.000174253322719746,0.856348147108925,6.45624333502163e-05,0.21665402926639
139.49,0,698.566228830315,0,0.856291963549208,0,0.216136900469161
139.5,0,698.719172507516,0,0.85287386365551,0,0.214715779414698
139.51,0,698.872395386917,0.000906621693938133,0.852061063555635,0,0.214588106741125
139.52,0,699.025891239245,0.00251840173219947,0.856345906153043,0.00094206424144417,0.215082870449308
139.53,0,699.179653828252,0,0.856222642130273,0.00171990928643625,0.212035039437344
139.54,0,699.33367691098,0,0.85652289518906,0,0.215544873079648
139.55,0,699.487954238037,0,0.858643960560605,0.000123023374953997,0.217013031224242
139.56,0,699.642479553863,0,0.857625717133434,0,0.213069263446674
139.57,0,699.797246596999,0.000526613445148767,0.857402214828294,0,0.214139279609054
139.58,0,699.952249100363,0,0.859120608863749,0,0.21425536576839
139.59,0,700.107480791505,0,0.857980886177273,0.0027973700373786,0.213759045039634
139.6,0,700.26293539289,0,0.859232426254233,0,0.214984671585847
139.61,0,700.418606622153,0,0.860361653229651,0,0.217154155006421
139.62,0,700.574488192375,0,0.862631111094453,0.00165157789659544,0.213856617650722
139.63,0,700.730573812343,0,0.861936640647249,0.000175105264253468,0.215061059696124
139.64,0,700.88685718682,0.000630411288576319,0.862487401113057,0.00107552591265838,0.213974962494125
139.65,0,701.04333201681,0,0.861565808005173,0.0022371563157926,0.216949630114944
139.66,0,701.199991999821,0,0.863209677896384,0.00104231162487508,0.215522354387036
139.67,0,701.356828209074,0,0.863870354953324,0,0.213907065202157
139.68,0,701.513835577281,0,0.862055110666431,0,0.215448740291927
139.69,0,701.671009169366,0,0.865337877352874,0.00187636201390988,0.213619846313867
139.7,0,701.828342671659,0,0.865016644862456,0,0.21559623192593
139.71,0,701.98582976831,0.000105234714498257,0.862437467800161,0,0.216869737091876
139.72,0,702.143464141553,0.000231868783374759,0.862994048091092,0,0.213579995012573
139.73,0,702.301239471965,0,0.866788220864871,0.000214572814441306,0.214294757803068
139.74,0,702.459149438726,0,0.863920669163149,7.69153796975477e-05,0.217408141247498
139.75,0,702.617187719879,0,0.864093107992277,0.0020364403368676,0.213444422624081
139.76,0,702.775347992591,0.00187485764889637,0.868610573925797,0,0.212573213665841
139.77,0,702.933623933407,0.0018907266381726,0.865943246578027,0,0.215578369158179
139.78,0,703.092009218512,0,0.869650627883809,0,0.212843485944276
139.79,0,703.250497523984,0,0.866129376892845,0.00178323468028558,0.215116939229127
139.8,0,703.409082526056,0,0.864936367406212,0,0.211707015007622
139.81,0,703.567757901361,0.00268230948301889,0.86449265823274,0.000168431090144374,0.214268690143455
139.82,0,703.726517327201,0,0.867213874101801,0.000170533785454589,0.214861714009193
139.83,0,703.885354481788,0,0.868722633370443,0.000555457912007394,0.213053053958364
139.84,0,704.044263044507,0.000871605042186069,0.865082086828486,0,0.213709974242798
139.85,0,704.203236696163,0,0.870911489567442,0.000444106285478536,0.216843815162939
139.86,0,704.362269119235,0.00137069964509375,0.869948477687004,0,0.213774663317771
139.87,0,704.521353998127,0,0.873314665454613,0.000937793891026727,0.217302185473904
139.88,0,704.680485019419,0.000634924795775029,0.870460673724883,0.000681573236023008,0.215855037159823
139.89,0,704.839655872117,0.00112253680645516,0.869589135085596,0,0.215046342893141
139.9,0,704.998860247898,0.000140488546102464,0.872289820064053,4.90189794330575e-05,0.214557515957469
139.91,0,705.158091841364,0.000882044751907414,0.871517588855411,0,0.215485230695935
139.92,0,705.317344350286,0,0.872180834540197,0,0.213861773362
139.93,0,705.47661147585,0.0022334322634372,0.872357909974593,0.00049808476729454,0.216066300905105
139.94,0,705.635886922904,0,0.872459885426369,0,0.215841841646567
139.95,0,705.795164400206,0,0.873678648834138,0.00168043656291243,0.215532540964767
139.96,0,705.954437620659,0,0.873844160432279,0.00462531882616615,0.213252144076586
139.97,0,706.113700301566,0,0.875338978400275,0.00333430576438214,0.215643995035405
139.98,0,706.272946164862,0,0.87340179081216,0,0.214731628511352
139.99,0,706.432168937364,0,0.876181685082733,0,0.214074877565557
140,0.1,706.591362351005,0,0.875047486817668,0.00123420232877784,0.215474565097615
140.01,0.1,706.750520143079,0.00113845378497963,0.876198802190051,0,0.216017731975501
140.02,0.1,706.909636056478,0,0.874969830235923,0,0.2160650004355
140.03,0.1,707.068703839927,0.000485315635616692,0.87579678262176,0,0.212223529795451
140.04,0.1,707.227717248229,0.00139762023879762,0.873956223186058,0.000883727944470717,0.212750081669027
140.05,0.1,707.386670042494,0,0.880290861731297,0,0.213332092313908
140.06,0.1,707.545555990378,0.00010888264120586,0.875579890618921,0.000368595889431467,0.214498337211527
140.07,0.1,707.704368866318,0,0.875028625244449,0,0.215290059359235
140.08,0.1,707.863102451764,0,0.880481805181334,0.000791423255239746,0.213399478637158
140.09,0.1,708.021750535412,0.00133373625810208,0.876636514859001,0,0.21387461839548
140.1,0.1,708.18030691344,0,0.878170084175523,7.39435272323897e-05,0.214567918638263
140.11,0.1,708.338765389731,0.000826857221280483,0.880407723046876,0,0.215106572091893
140.12,0.1,708.497119776111,0,0.877923509253189,0.00146631259870354,0.212954663568623
140.13,0.1,708.655363892573,0,0.879258011511575,0,0.212781113582531
140.14,0.1,708.813491567512,0,0.879645250997589,0.000676949512750506,0.214546601360036
140.15,0.1,708.97149663794,0.00337034402867162,0.879039319514276,0.00131975189747307,0.214814532723748
140.16,0.1,709.129372949726,0.000940202256559569,0.882499509569248,0,0.21466856534183
140.17,0.1,709.287114357814,0.00069934424113394,0.880282600911844,0.000838090512459656,0.212041466100178
140.18,0.1,709.444714726446,0.000143854741025301,0.882545169831558,0.00144350805457833,0.217146687419337
140.19,0.1,709.602167929393,0,0.882177763197336,0,0.215837783839843
140.2,0.1,709.75946785017,0.000505011593985003,0.88327093556525,0.00170435208630825,0.216519531466722
140.21,0.1,709.916608382262,0,0.883727263002895,0.00202700590443298,0.215417249167182
140.22,0.1,710.07358342934,0.000527158119634097,0.885274313324171,0.00139530611763102,0.215261598433562
140.23,0.1,710.230386905489,0.000549037219232426,0.881936410241216,0,0.215699137830102
140.24,0.1,710.38701273542,0,0.885962334890955,0,0.215850189340229
140.25,0.1,710.543454854685,0.000331224097605694,0.882547840848818,0,0.215024156624106
140.26,0.1,710.699707209904,0.000651530579619759,0.885115734573267,0,0.214698303435538
140.27,0.1,710.855763758972,0.000537228998467943,0.888625499337478,0,0.21646841412788
140.28,0.1,711.011618471276,0,0.8860131365805,0.000325460827337093,0.214583209732406
140.29,0.1,711.167265327911,0,0.885798578579894,0,0.218079946720046
140.3,0.1,711.32269832189,0.000621616694176984,0.889286586655386,0.00030027574640319,0.214602364344697
140.31,0.1,711.477911458356,0,0.886779848462932,0.00247948324862339,0.217711158744944
140.32,0.1,711.632898754797,0.0026711150739556,0.886692506813969,0,0.215301171552074
140.33,0.1,711.787654241249,0,0.890384711665033,0,0.212482749085871
140.34,0.1,711.942171960508,0,0.887904505686093,0.00168375813163576,0.214881490313108
140.35,0.1,712.09644596834,0.00084594796098428,0.887483469421229,0.002679009572234,0.214786491414443
140.36,0.1,712.250470333685,0.000369259758458834,0.889823994982705,0,0.216514305731195
140.37,0.1,712.404239138862,0,0.886768931759324,0,0.214823993979525
140.38,0.1,712.557746479775,0.00255940404505892,0.890244405370169,0.00373612090212066,0.213115084771866
140.39,0.1,712.710986466119,4.87587998368618e-05,0.886036830144235,0.000554869235326424,0.213494510439616
140.4,0.1,712.863953221577,0.00146893812083343,0.891096831059429,0,0.212318104853523
140.41,0.1,713.016640884026,0,0.890214263087733,0.000434644833618173,0.213822288103895
140.42,0.1,713.169043605737,0,0.890500942863631,9.01525124984095e-05,0.214605889311117
140.43,0.1,713.321155553573,0,0.891932431923823,0.000358849690430885,0.216114378231798
140.44,0.1,713.472970909188,0,0.89277146490204,0,0.214596841841123
140.45,0.1,713.624483869227,0,0.891536544352465,0.00193806846451619,0.215140512282357
140.46,0.1,713.775688645517,0,0.893985072552079,0,0.216153167788648
140.47,0.1,713.926579465269,0,0.89351141549934,0,0.21379661237324
140.48,0.1,714.077150571266,0.000721233855617037,0.89540642961428,0.00142360201097247,0.212279063621943
140.49,0.1,714.227396222061,0.000108707427144477,0.893259173373327,0,0.21499586227336
140.5,0.1,714.377310692166,0.000516656588525552,0.895672495147044,0,0.212813201123114
140.51,0.1,714.526888272247,0.00164618791655175,0.894181855538968,0,0.214002868085249
140.52,0.1,714.67612326931,0.00125337823187667,0.895523700397898,0.00116948631670689,0.214661962930459
140.53,0.1,714.825010006892,0,0.894760103895365,0.00111347770469463,0.216895038753602
140.54,0.1,714.97354282525,0.00249746282949206,0.895615599890079,0.000923511320745465,0.214306840996256
140.55,0.1,715.121716081547,0.000951697963573009,0.896697041824283,0,0.21538951935997
140.56,0.1,715.269524150036,0,0.89777181724409,0.00105890887822038,0.214543430236186
140.57,0.1,715.416961422248,0,0.899485226257516,0.000655374290024913,0.214828427293511
140.58,0.1,715.564022307178,0.000693960439028431,0.899133907824952,0,0.216109462433345
140.59,0.1,715.710701231457,0,0.898338883350087,0,0.214863380188547
140.6,0.1,715.856992639549,0.000557164550671995,0.896224370730221,0,0.214701273051092
140.61,0.1,716.00289099392,0,0.897620522508871,0,0.213317366595667
140.62,0.1,716.14839077522,0,0.89965163095689,0,0.215388780566607
140.63,0.1,716.293486482466,0.00200845658161848,0.900159700586451,0,0.217431771875345
140.64,0.1,716.438172633216,0.000892476379759385,0.90040307113181,0.00154506074171097,0.213850495866397
140.65,0.1,716.582443763746,0.00240867139397668,0.898944960746118,0,0.215095335793384
140.66,0.1,716.726294429222,0.00229815524337739,0.900474862785823,0.000214894828828337,0.213209068222619
140.67,0.1,716.869719203884,0,0.901804584221906,0.000534984358980585,0.218102663758832
140.68,0.1,717.012712681206,0.00145233269560297,0.902730034904455,0.000212536471628271,0.214167175157367
140.69,0.1,717.15526947408,0,0.897910986420007,0.00191711844380095,0.21357675274729
140.7,0.1,717.29738421498,0.000691776846120945,0.902424827642266,0.00208706955536987,0.214761014813586
140.71,0.1,717.439051556136,0.00169737903204532,0.903022056947331,0,0.215150737955076
140.72,0.1,717.580266169698,0.000394634131565585,0.901919280816103,3.32028876970948e-05,0.216395091785612
140.73,0.1,717.721022747911,0,0.900952855090828,0.0017043317185443,0.215365049780162
140.74,0.1,717.861316003276,0,0.903259779244953,0,0.212998029679494
140.75,0.1,718.001140668719,0.000880453871516203,0.902026852215704,0,0.216545270229566
140.76,0.1,718.140491497753,0,0.905081291286213,0.00175193261566486,0.216627205970674
140.77,0.1,718.279363264645,1.33404866390353e-05,0.9022428055178,0,0.215264345585373
140.78,0.1,718.417750764578,0,0.90318455422984,0.00110994595119823,0.214488312681645
140.79,0.1,718.555648813808,0,0.904730099035508,0,0.213008239624629
140.8,0.1,718.693052249833,0.000710810284661057,0.902459311376794,0.000778970160059397,0.21475478208883
140.81,0.1,718.829955931543,0,0.909600296552361,0,0.214760710319906
140.82,0.1,718.966354739386,0,0.905064033775076,0.000127266875745242,0.216171700554917
140.83,0.1,719.102243575523,0.00308491987261219,0.906641718816167,0.000283142135924438,0.214697093363985
140.84,0.1,719.23761736398,0.000436993387784865,0.902573089774473,0.000647148757829394,0.213110712505673
140.85,0.1,719.372471050812,0.000297463702473389,0.907858545286787,0,0.215965385069489
140.86,0.1,719.506799604247,0.000462164468272718,0.908947647426919,0.000899265352566872,0.21442531209577
140.87,0.1,719.640598014849,0.00132128498897604,0.907600169959047,0,0.211727725211278
140.88,0.1,719.773861295662,0,0.908487998555947,0,0.214730817802392
140.89,0.1,719.906584482367,0.0018853768326383,0.907861404854157,0.000672691041970596,0.213528512602311
140.9,0.1,720.038762633426,0,0.910094220539229,0,0.215619311189416
140.91,0.1,720.170390830237,0.00185711553938444,0.908425840437357,0.0013472375224176,0.216409002726294
140.92,0.1,720.301464177279,0,0.909410561092301,0.00346813432073462,0.215361715583901
140.93,0.1,720.431977802258,0,0.908808803719676,0.000793077483670875,0.2169462762724
140.94,0.1,720.561926856254,7.04168588824327e-05,0.906719817149841,0,0.215784327837637
140.95,0.1,720.691306513867,0.00244209737731563,0.911114216497598,0,0.213406139416304
140.96,0.1,720.820111973356,0,0.90874466012928,1.31755584066775e-05,0.216020328499171
140.97,0.1,720.948338456787,0,0.911879571700209,0.000625306090733424,0.213891999042522
140.98,0.1,721.075981210172,0.00012247068284019,0.910117992365417,0,0.214866925305725
140.99,0.1,721.203035503612,9.45386460741655e-05,0.909904593317942,0.00120843916787331,0.213538427357106
141,0.1,721.32949663143,0,0.912081496961205,0.000375575656542521,0.213820468470161
141.01,0.1,721.455359912318,0.00071268149242093,0.912472359325037,0,0.213616780021737
141.02,0.1,721.580620689468,0.000467177628423496,0.914552843371994,0.00104667968108976,0.215483978362397
141.03,0.1,721.705274330712,0.00087037185174001,0.911085569388362,0,0.21392954293623
141.04,0.1,721.829316228655,0,0.91436091331099,0.000595960601932815,0.217498130772099
141.05,0.1,721.952741800812,0.000791750696401139,0.911748992180267,0.00124629357851494,0.214256164025757
141.06,0.1,722.075546489739,0,0.912493184000183,0,0.217157607872086
141.07,0.1,722.197725763165,0,0.916020532245017,0.00118497940242522,0.213530220043886
141.08,0.1,722.319275114126,0.00267729510548135,0.914394246244023,0.000176033705562098,0.214814544963405
141.09,0.1,722.440190061093,0,0.916703128027872,0.00060027642724079,0.214915612224866
141.1,0.1,722.560466148099,0.00169607306781042,0.917573833938516,0,0.214192966491154
141.11,0.1,722.680098944875,0,0.91728495046935,0,0.216568363263649
141.12,0.1,722.799084046967,0,0.915851613170475,0.000216263088723391,0.217644924804277
141.13,0.1,722.91741707587,0.0015556898393978,0.919419542764527,0,0.213262211067077
141.14,0.1,721.643277733619,0.00167324354185903,0.917734543988752,0.000105774169329368,0.218441553128803
141.15,0.1,717.705169571873,0.000950044957486796,0.917312084618509,0,0.215703349855803
141.16,0.1,715.4370694034,0.00164506320078729,0.916067662477678,0,0.214178261105266
141.17,0.1,713.642929160944,0.000981198204915068,0.915256594380633,0,0.21505589324964
141.18,0.1,711.871217622085,0.000785760020241136,0.919945332731791,0.000149545141611055,0.216133707570725
141.19,0.1,710.095939960213,0.00549161674202469,0.918330924213854,0,0.215632024482854
141.2,0.1,708.320192033202,0.00497811642319849,0.917871262095082,0,0.215009511016237
141.21,0.1,706.544365541469,0.00452623004434428,0.916826443479105,0,0.215441901754778
141.22,0.1,704.768429666842,0.00431605370361339,0.917496366598822,0.001807606136088,0.215070290784355
141.23,0.1,702.99235949989,0.00492080170350831,0.920393694653116,0.000735303750460727,0.214554008926284
141.24,0.1,701.216135218589,0.00692706750012722,0.918183320519276,0,0.215731915363213
141.25,0.1,699.439737833118,0.00781615861028825,0.920535625354039,0,0.214318117175007
141.26,0.1,697.663148978225,0.00983871689532596,0.916914449330548,0,0.216124100771566
141.27,0.1,695.886350941769,0.00815152468763386,0.920539825927361,0.00145067457318418,0.216433867180064
141.28,0.1,694.109326665231,0.0097753339751194,0.918178794876742,0.000358950756684639,0.214364949549998
141.29,0.1,692.332059740514,0.0081102329772224,0.919414936571903,0,0.215685476262676
141.3,0.1,690.5545344068,0.0104899654837973,0.922253001047255,0.000239859536690458,0.213573821557161
141.31,0.1,688.776735547402,0.0101632106705905,0.920498525937344,0,0.213080210063333
141.32,0.1,686.998648686619,0.0121099903412509,0.919682365063843,0.000732788749647922,0.212840892567843
141.33,0.1,685.220259986544,0.0109462785513171,0.920506289265793,0.00466506419877625,0.216406177506268
141.34,0.1,683.441556243844,0.0123418687372265,0.92124673879629,0.000927952992674124,0.213984843171818
141.35,0.1,681.662524886517,0.0113560505768454,0.920446853813422,0,0.213124717188625
141.36,0.1,679.883153970623,0.0129461723376984,0.9213298024288,0,0.213609935483679
141.37,0.1,678.103432176974,0.0132813238425685,0.922677781238583,0,0.214391537362464
141.38,0.1,676.3233488078,0.0123891981027698,0.923171459463614,0,0.215767222648303
141.39,0.1,674.542893783401,0.0126480942787472,0.922385915746669,0.0011090313597374,0.215488007720045
141.4,0.1,672.762057638742,0.0137762336340568,0.923472151641435,0,0.215568728575597
141.41,0.1,670.980831520035,0.0161753262455212,0.922659424666826,0.00151325307131416,0.214767496653309
141.42,0.1,669.199207181289,0.0169739044689574,0.925105541973551,0.000597165319234871,0.216800299895525
141.43,0.1,667.41717698083,0.0173096636396616,0.923195688262968,0.00121278547943838,0.215783566218471
141.44,0.1,665.634733877779,0.0171105961466799,0.923442381475931,0,0.216512759796429
141.45,0.1,663.851871428526,0.0171287972357126,0.924977497427877,0.00186044171174693,0.215962284894089
141.46,0.1,662.06858378314,0.0187880898240428,0.924878893303389,0.000216061030849344,0.21690084395084
141.47,0.1,660.284865681774,0.0187535693571164,0.925314570011331,0,0.214622929993736
141.48,0.1,658.500712451028,0.0207499322055509,0.923942052811119,0.000543306361672829,0.215658050084185
141.49,0.1,656.716120000284,0.0190281757009996,0.923252386255026,0.000577267192371279,0.21580966780403
141.5,0.1,654.931084818006,0.0180511524550116,0.925406321419172,0,0.216939560409306
141.51,0.1,653.145603968014,0.0204486489332575,0.926560629264552,4.92482376732109e-05,0.21604938598992
141.52,0.1,651.359675085728,0.020909716273151,0.92654026091851,0,0.215932877240317
141.53,0.1,649.57329637437,0.0226836398364869,0.925454819164198,0,0.215700925451517
141.54,0.1,647.78646660115,0.0247712073446469,0.927247247911532,0,0.214264977817228
141.55,0.1,645.999185093416,0.0230271916787806,0.926624007931375,0.0030587362255639,0.212788034699837
141.56,0.1,644.211451734761,0.0234597178143806,0.927526839510146,0.00217772259984756,0.215352769184082
141.57,0.1,642.423266961112,0.0240652791780497,0.926524180019271,0.00156602800015068,0.214062557892868
141.58,0.1,640.634631756795,0.0246069227283393,0.927846658441372,0,0.214049422784796
141.59,0.1,638.845547650543,0.0215329254617369,0.926736875520064,0,0.215630181628045
141.6,0.1,637.0560167115,0.0267212317184485,0.92760892573517,0,0.215791743186863
141.61,0.1,635.266041545182,0.0248438858265288,0.928903182320676,0.000798247191098181,0.215548571170175
141.62,0.1,633.475625289403,0.0249866968278023,0.925974430650109,0.00191412734111246,0.212855180621717
141.63,0.1,631.684771610179,0.0248942249828778,0.929470058927861,0,0.215147273509133
141.64,0.1,629.893484697602,0.0277331961985766,0.927515467952263,0,0.216703002060023
141.65,0.1,628.101769261678,0.0291123304463548,0.927549281723135,0.00114146991620144,0.215808034991853
141.66,0.1,626.309630528131,0.0265460081081966,0.92727003337498,0.000235813198677945,0.216104353946733
141.67,0.1,624.517074234196,0.0294093499776252,0.929007563167251,0.00073257629683384,0.218344223401486
141.68,0.1,622.724106624362,0.0322619730038101,0.928480574673589,0,0.212558664615327
141.69,0.1,620.93073444609,0.0306773560043484,0.926363267740478,0.000237879418908199,0.215749139447277
141.7,0.1,619.136964945509,0.0323473109122778,0.92849934562913,0,0.214897261608484
141.71,0.1,617.342805863082,0.0319231792543519,0.929740531496497,0.00152933501531677,0.215638655781773
141.72,0.1,615.548265429228,0.0330447816696369,0.931345040284447,0.00141011584487492,0.212340949088541
141.73,0.1,613.753352359939,0.0341463736465662,0.93020444395887,0.00125573983913774,0.21506979096232
141.74,0.1,611.958075852352,0.034464540426937,0.928780829326692,0,0.214708566052513
141.75,0.1,610.162445580291,0.0307837886920034,0.931299749556962,0.00198067569857467,0.215888421784131
141.76,0.1,608.366471689795,0.033128175584636,0.931818792355769,0.00196445182320616,0.218467125304773
141.77,0.1,606.570164794611,0.0370011034913658,0.932205416785242,0,0.212170403307221
141.78,0.1,604.773535971651,0.0381955229207123,0.930168339439149,0.000914317220730572,0.216328301404392
141.79,0.1,602.976596756438,0.0378110570886987,0.931751056018621,0.000937998190804645,0.216574926716576
141.8,0.1,601.179359138513,0.036759917194563,0.930812688295361,0.00106598536263253,0.217759858193126
141.81,0.1,599.381835556822,0.0362113821841738,0.931473985693322,0.0026524256840284,0.214119669781702
141.82,0.1,597.584038895079,0.037101509714844,0.93030177027425,0,0.214998187915213
141.83,0.1,595.785982477089,0.0391362468362129,0.932621638692857,0,0.216386243690014
141.84,0.1,593.987680062067,0.0383832813402727,0.932086465459395,0,0.215543987411304
141.85,0.1,592.189145839913,0.0410197822831253,0.933601618632365,0,0.216458174841255
141.86,0.1,590.390394426476,0.0424422509304099,0.932566055366951,0,0.213100375719105
141.87,0.1,588.591440858788,0.0423024467718612,0.931523066478277,0.00155826346009134,0.214423450569366
141.88,0.1,586.792300590269,0.0408375103649822,0.932263143985507,0,0.216650586583148
141.89,0.1,584.992989485921,0.0429571569796855,0.933636630478816,0,0.213775659760826
141.9,0.1,583.19352381749,0.0450397172520039,0.930872044169951,0.000357814152219945,0.214421726909489
141.91,0.1,581.393920258606,0.0444013347047977,0.933520727985828,0,0.217852433398899
141.92,0.1,579.594195879906,0.0429312311391648,0.933829455595477,0.00192565152803977,0.214460448096569
141.93,0.1,577.794368144131,0.0426865582468493,0.931621294817114,0.00260545436635682,0.215512902524312
141.94,0.1,575.994454901202,0.044657333580724,0.934358072155567,0.000419018851541227,0.212387109771006
141.95,0.1,574.194474383277,0.0449718368827321,0.93374747737425,0.00267951159075497,0.214649874671855
141.96,0.1,572.394445199794,0.0457541883621165,0.933950192466245,0.000218426547731481,0.213323401524469
141.97,0.1,570.594386332473,0.0481152316511296,0.931230251830952,0,0.217078252783852
141.98,0.1,568.79431713033,0.0464132183789041,0.933906595959737,0.00041627324833602,0.217071693126122
141.99,0.1,566.994257304644,0.0488883624232074,0.932956097956023,0,0.213827614280181
142,0.1,565.194226923924,0.0509349994606934,0.934266205429488,0.00285249908189246,0.213425532392318
142.01,0.1,563.394246408851,0.0475736684047552,0.933784718153238,0.000107496745534626,0.217273592394582
142.02,0.1,561.594336527202,0.0498008545592611,0.935880090939768,0,0.214488373885315
142.03,0.1,559.794518388763,0.0518886162948938,0.935815428909471,0.000553945911328519,0.214741289472973
142.04,0.1,557.994813440216,0.0497290834699368,0.935044525416775,0,0.215429582682079
142.05,0.1,556.195243460028,0.0528558082165288,0.93401091282156,0,0.217382109109494
142.06,0.1,554.395830553304,0.052967552855596,0.933324152573583,1.60571406411319e-05,0.215648314361823
142.07,0.1,552.59659714664,0.0516094203323441,0.936689644928871,0,0.2165685926516
142.08,0.1,550.797565982961,0.0516416829872777,0.934598432872982,0,0.214454981308701
142.09,0.1,548.998760116335,0.0549647941022578,0.933989212440002,0,0.215927376272074
142.1,0.1,547.200202906792,0.0550334032866091,0.936597931235233,0,0.215827442884219
142.11,0.1,545.401918015115,0.0566934176131669,0.934901650372776,0,0.214469220305607
142.12,0.1,543.603929397628,0.0566457364059736,0.935257765662336,0.00162819825201964,0.215956682417468
142.13,0.1,541.806261300972,0.0561846343007252,0.934047907291829,0.00179290425114419,0.214818282863903
142.14,0.1,540.008938256869,0.0592231885042799,0.935125215866878,0,0.214660104527792
142.15,0.1,538.211985076879,0.058781211972305,0.935790673809341,0.00105681319319004,0.215030232917533
142.16,0.1,536.415426847147,0.0591210040370352,0.937242866742412,0,0.215939480875764
142.17,0.1,534.61928892314,0.0609965111804346,0.937297184217098,0.00138820916366318,0.214030330777465
142.18,0.1,532.823596924377,0.0619667586747578,0.93733873254679,1.87720907045532e-06,0.216236267709912
142.19,0.1,531.028376729156,0.0627621383113253,0.937235349266599,0.000249675982684103,0.211642515506792
142.2,0.1,529.233654469269,0.0632794025323779,0.934866198123371,0,0.214080994737298
142.21,0.1,527.439456524717,0.0641514275530519,0.933597715401472,0.00159137792839588,0.215944767550688
142.22,0.1,525.64580951841,0.0672724344635698,0.9354044059614,0.000323127446513496,0.216309331473696
142.23,0.1,523.852740310877,0.0591519208122349,0.93555297117514,0,0.215137603502031
142.24,0.1,522.06027599496,0.0627894713575676,0.939055562398591,0.0010671591217289,0.215099534960635
142.25,0.1,520.268443890511,0.0637593786931667,0.935728800806934,0,0.214066182726029
142.26,0.1,518.477271539086,0.0664744623567816,0.939927463071243,0.000910732064289987,0.21657449291793
142.27,0.1,516.686786698631,0.0654074986667377,0.937568370294193,7.55972569922564e-05,0.212603665179368
142.28,0.1,514.89701733818,0.065618349265835,0.939510759424696,0.00243866297329822,0.213532331122384
142.29,0.1,513.107991632538,0.0681631364939732,0.935782002568836,0.000520180151351978,0.213947734101297
142.3,0.1,511.319737956975,0.0677117414065279,0.937478189834965,0,0.215098119838816
142.31,0.1,509.532284881917,0.070146635136143,0.938174494664483,3.5582888379803e-05,0.215504426010281
142.32,0.1,507.745661167634,0.0684671564512883,0.936738370602378,0.00102686047565272,0.214942015057602
142.33,0.1,505.95989575894,0.0704091160155729,0.936703177518544,0.000552259683889703,0.215737203355688
142.34,0.1,504.175017779891,0.0706653314959086,0.936790009938522,0.00057146421707087,0.215319194320581
142.35,0.1,502.391056528482,0.0719100868886395,0.940284749135126,0.000136107136992404,0.21486554211291
142.36,0.1,500.608041471353,0.0737499997575616,0.935523095600733,0,0.213814009698263
142.37,0.1,498.826002238507,0.0730700900890767,0.93775991166736,0.00135685312354432,0.215369294053397
142.38,0.1,497.04496861802,0.0732129520578396,0.936117577567779,0,0.214934409599897
142.39,0.1,495.264970550764,0.0754918021674964,0.936349446797147,0,0.212911445512236
142.4,0.1,493.486038125139,0.0756963511126229,0.937318863917263,0.000534654128140115,0.21562151911053
142.41,0.1,491.708201571814,0.0751185097042044,0.937642101552701,0,0.213871155343104
142.42,0.1,489.931491258466,0.0765188821498323,0.938288439749949,0.000669147204280387,0.215439591902585
142.43,0.1,488.155937684541,0.0764632446213393,0.936982561247735,0,0.21648608930191
142.44,0.1,486.381571476018,0.0774427180877062,0.93632895611976,0.00125345189364119,0.21581471939175
142.45,0.1,484.608423380184,0.0791635655319047,0.938195155664172,0.000603865612727333,0.215094587360032
142.46,0.1,482.836524260423,0.0815943451762085,0.937418950500869,0,0.214187430488145
142.47,0.1,481.065905091011,0.0773177647101799,0.93855975333084,0.000356420960068668,0.214789872860558
142.48,0.1,479.296596951933,0.077818998730478,0.9372365508867,0,0.215126547601288
142.49,0.1,477.528631023704,0.0828639223476431,0.937708229970799,0.00188788427047449,0.215717836676296
142.5,0.1,475.762038582206,0.0789067140444275,0.939157767686992,0,0.213252732535134
142.51,0.1,473.996850993549,0.0819013234800153,0.938996271632853,0,0.214905311853599
142.52,0.1,472.233099708929,0.0859835365485878,0.93716177774645,0,0.215874938452307
142.53,0.1,470.470816259523,0.0824099609453336,0.937320505776097,0,0.215578757994349
142.54,0.1,468.710032251382,0.0809040991406735,0.935869241881367,0.00251553083743255,0.212249579603555
142.55,0.1,466.950779360354,0.0844706485596564,0.936994720553829,0.00123652536467211,0.214858714396437
142.56,0.1,465.232092447218,0.0880001583462252,0.935285387002189,0.000880288255290448,0.216747066421694
142.57,0.1,463.784042668849,0.0860677476589211,0.934968362159994,0.00096011408502996,0.213157992504451
142.58,0.1,462.401490578233,0.0868328568999567,0.936268708521987,0.000639831709810937,0.214048975547287
142.59,0.1,461.01691496064,0.0873691556506754,0.940430049244014,0,0.214803021643403
142.6,0.1,460.039491958561,0.088560864543911,0.934095122029993,0.00156900068113331,0.21367438326868
142.61,0.1,459.514455485492,0.0874870465811088,0.940970531538291,0.000914469179598947,0.212500991406479
142.62,0.1,459.013368064806,0.0889132178337654,0.939429755185397,0.000256437642954925,0.217208274074409
142.63,0.1,458.54419250705,0.0896288880956226,0.937041387905024,0,0.217160257548672
142.64,0.1,458.353771358519,0.0890067020668798,0.938245282131793,0,0.2135651064908
142.65,0.1,458.227397850016,0.0886105662322192,0.93893812563499,0,0.211498650740569
142.66,0.1,458.094083165346,0.0884364365923168,0.936998756962588,0.00277353837046178,0.214299912773427
142.67,0.1,457.957457069371,0.0892311021099458,0.938582668007463,0,0.214359222253539
142.68,0.1,457.818602979058,0.0887515799515774,0.935983759687047,0,0.214573956196284
142.69,0.1,457.673807603154,0.0906827263411581,0.937768039602794,0.00169336508049207,0.216647888143461
142.7,0.1,457.522919583825,0.0888524952423378,0.937171031805543,0,0.215577991335407
142.71,0.1,457.366772346565,0.0889533512144794,0.938295099879487,0.00104483880560206,0.215836248125854
142.72,0.1,457.20467889122,0.0902122106050176,0.937902593798006,0,0.215671125669586
142.73,0.1,457.036418685379,0.0881194341202669,0.93549735514708,0.00116945246612831,0.215732049020456
142.74,0.1,456.862666869006,0.0873363127198348,0.935561048515842,0,0.2144686595117
142.75,0.1,456.683513751647,0.0887945804359872,0.938475875567904,0,0.212805752517634
142.76,0.1,456.498278919032,0.0879437448706143,0.935948454679372,8.30408814598917e-05,0.216029396550013
142.77,0.1,456.307091402623,0.0866528794425883,0.939556977006235,0.000899151075354867,0.215923673912689
142.78,0.1,456.110975782998,0.0897198537606881,0.937032754820443,0.00425007363560298,0.215594605294901
142.79,0.1,455.909059094641,0.0899062673090189,0.937538099935738,0.00112243843691599,0.2140524163542
142.8,0.1,455.701062549961,0.0884825700266746,0.936571903230376,0.000982407264233426,0.216706640380619
142.81,0.1,455.487831380041,0.0880473519856013,0.9366828129933,0,0.216898260498754
142.82,0.1,455.269478431626,0.0879352964747435,0.936524983634617,0,0.218179312977961
142.83,0.1,455.045151797803,0.0906633257088669,0.935406649843892,0.00149450572479307,0.214176259704811
142.84,0.1,454.815008079629,0.0871868910088124,0.936499918941071,0,0.214193985191346
142.85,0.1,454.580301732183,0.0916528324491701,0.936458153193922,0,0.217410068512384
142.86,0.1,454.339963612406,0.0909223959272171,0.936030460125531,0.00012019737298169,0.215464574043776
142.87,0.1,454.093652103664,0.0918279007453037,0.934748691191308,0.00230327965279124,0.214346532596674
142.88,0.1,453.842399125774,0.0905239701057058,0.934789047995301,0,0.211956906162703
142.89,0.1,453.586341837458,0.0885361540712818,0.934474065001325,0,0.214543371840835
142.9,0.1,453.324439170003,0.0944775516791937,0.934983819106393,0,0.216041248215802
142.91,0.1,453.056875850278,0.0929278225196546,0.932916880055194,0,0.213357641002703
142.92,0.1,452.785148347818,0.0914844142754299,0.936946004547246,0,0.215207539397626
142.93,0.1,452.507980434069,0.0891687035017673,0.936998294569468,0.000222049494456828,0.217501018842663
142.94,0.1,452.224963952718,0.0898934607236066,0.936275463628844,0,0.214992087262107
142.95,0.1,451.937295325455,0.0915496500738665,0.935377206512623,0,0.2170046698301
142.96,0.1,451.645133354796,0.0913375741500334,0.932651662027583,0,0.212973894140374
142.97,0.1,451.347270645435,0.0917136495828163,0.933860391184952,0,0.213364851691329
142.98,0.1,451.043916517115,0.0909291931754124,0.934652355806732,0,0.213327959615775
142.99,0.1,450.736778603154,0.0909080468587835,0.933664078652432,0,0.214857247014625
143,0.1,450.424400307639,0.0928023889886125,0.933719246229385,0,0.213748494756187
143.01,0.1,450.106315636394,0.0914064971703505,0.934711186163456,0.00136080175489452,0.211370236847432
143.02,0.1,449.78386038806,0.0943303693609504,0.935205815495409,0,0.214063476661067
143.03,0.1,449.457211911377,0.0940783320442031,0.934180612240207,0,0.217513624396394
143.04,0.1,449.125022359728,0.0949237003008448,0.93206681018109,0,0.213552117648146
143.05,0.1,448.787522611232,0.0951304724777071,0.932938183473121,0.00120006944030752,0.214351147908318
143.06,0.1,448.446602229445,0.0942965625202247,0.933725466474934,0,0.216095509808886
143.07,0.1,448.100649534679,0.0927197133309711,0.933067604787245,0.000228539589867328,0.215255418402511
143.08,0.1,447.749148905673,0.091064444911913,0.935819258508516,0.00047215105703892,0.216674907088495
143.09,0.1,447.39357371662,0.0929957157231167,0.932755352382041,0,0.213931432476747
143.1,0.1,447.034119441885,0.0920103476749573,0.932427935594141,0.0005128952027843,0.215437877451771
143.11,0.1,446.669299270638,0.092426732776935,0.932339086977755,0.0039930234298396,0.212363658857277
143.12,0.1,446.299372597929,0.0953018145414378,0.932315783754516,0.00203288328894172,0.214335100100911
143.13,0.1,445.926452313586,0.0926734959471357,0.931326846187429,0,0.212976938109651
143.14,0.1,445.548734766257,0.0933560933311242,0.933427257200601,0.000303315711511508,0.217614258246002
143.15,0.1,445.165642365534,0.0934347794664896,0.930819931757323,0.000283381130855298,0.214479725961011
143.16,0.1,444.778780418068,0.0940273544844302,0.934301224917233,0,0.213301758979077
143.17,0.1,444.388361807699,0.0920301707417313,0.930312918852728,4.34323942812999e-05,0.21365674847714
143.18,0.1,443.992766212054,0.095909185140582,0.93372772497631,0,0.215150366428988
143.19,0.1,443.592265809544,0.0958430406664072,0.934628803190082,0.00237469347937416,0.21492422652504
143.2,0.1,443.189102060898,0.0948497770436789,0.932586725398745,0,0.215870185850386
143.21,0.1,442.781362508696,0.0952872404620264,0.931852119444184,0.000184083005963653,0.218699082637475
143.22,0.1,442.368434888825,0.0943167939058229,0.927740210604517,0.000404418834941264,0.21670610878045
143.23,0.1,441.952043307578,0.0953977513465673,0.931999086654191,0.000817589302146951,0.213831553013506
143.24,0.1,441.532416192199,0.0957818191641236,0.929846949747961,0.00126155748958561,0.214977799691811
143.25,0.1,441.107812983925,0.0949015636130456,0.931929998452208,0,0.216084614859429
143.26,0.1,440.678525407765,0.0957675399217719,0.930683826580396,0.00149672756736953,0.21537544038584
143.27,0.1,440.246958405368,0.0961063207146984,0.931232485532181,0,0.215239004016693
143.28,0.1,439.811059566244,0.0964129857482641,0.927690652357496,0,0.214704866328422
143.29,0.1,439.370171468876,0.0967818115317014,0.929443461726882,0,0.21482019099933
143.3,0.1,438.926130166795,0.0961987286412842,0.928204644720445,0.00175634521494025,0.212133119779198
143.31,0.1,438.479178861688,0.0956544744502133,0.927015114756942,0,0.217477339018514
143.32,0.1,438.027463496007,0.0944389384538666,0.927520512091566,0,0.216201202094392
143.33,0.1,437.571291712046,0.0988843800570034,0.92700312589658,0,0.213381785880024
143.34,0.1,437.113208408874,0.0946247000613898,0.929149668198366,0,0.21820104703057
143.35,0.1,436.651041635823,0.0984391947150002,0.929242420293829,0.00077954280966593,0.214510050914899
143.36,0.1,436.184095353991,0.0961784725604985,0.928383302179095,0,0.214590227088467
143.37,0.1,435.714313554939,0.0968100240903647,0.928369697105942,0,0.213461251218588
143.38,0.1,435.241953595626,0.0987135415332044,0.927245592456571,0,0.215184823067699
143.39,0.1,434.765051648666,0.0976638973099045,0.927435942416242,0.000442483126155528,0.213877371856004
143.4,0.1,434.283929630335,0.0975585872942999,0.928955981516499,0.000734727022457088,0.215510809806877
143.41,0.1,433.801262070787,0.100110237642093,0.925692787079283,0.00200824952578408,0.216802739415597
143.42,0.1,433.314766269457,0.0990794717677692,0.926087492382609,0,0.215485829901968
143.43,0.1,432.823710262027,0.0992479148314648,0.930504501030007,0,0.216392161154525
143.44,0.1,432.368738319972,0.0996226179487636,0.925799138000659,0,0.217064162159829
143.45,0.1,431.954517401562,0.0998138066618673,0.92810432408374,0,0.212698180934442
143.46,0.1,431.538612899755,0.0999377078010924,0.926151048482693,0.00195218342941294,0.215488431003082
143.47,0.1,431.130465259715,0.0987509980009845,0.927917690945946,0,0.21719168914126
143.48,0.1,430.805765630387,0.100856088501157,0.925820778070638,0,0.214856083466018
143.49,0.1,430.498116176531,0.0986987131160678,0.927470099844549,0.000324314767319212,0.213618131988359
143.5,0.1,430.185543606258,0.098780450268639,0.924827341904716,0.000137988195364769,0.215033634413084
143.51,0.1,429.908653306858,0.0979400283971852,0.925388668578768,0.000468335401872409,0.214601253766947
143.52,0.1,429.672376746496,0.100830579213758,0.926542226662392,0.000476870591988291,0.212740444278345
143.53,0.1,429.434327509643,0.0985811014822571,0.924436181521257,0,0.214885087347173
143.54,0.1,429.197754659004,0.101873667772851,0.924741685355568,0.000912854888204933,0.215856577110101
143.55,0.1,429.001791491701,0.100167950662195,0.926288431204226,0,0.214585774749318
143.56,0.1,428.812347720776,0.100308802939465,0.922280874447636,0.000339530324961053,0.212337337685984
143.57,0.1,428.618114544985,0.0989206612641053,0.924358540219475,0.00179105816727869,0.213042155074005
143.58,0.1,428.440784141491,0.101864407387761,0.922960737130731,0.00235492508435745,0.217358161438581
143.59,0.1,428.283032410951,0.100800539522317,0.922272881081982,0.00157470447550541,0.214500546688766
143.6,0.1,428.122232212313,0.0987777820426618,0.922569191664218,0,0.213870652209121
143.61,0.1,427.960233748694,0.101048195859888,0.922263586853876,0,0.214596849287033
143.62,0.1,427.818634662044,0.101636049769644,0.921739671566714,0.000617414000954121,0.214229729534343
143.63,0.1,427.678660559099,0.100011652663563,0.922185682646061,0,0.21679678866996
143.64,0.1,427.534074369076,0.0973245874231124,0.923617023772916,0,0.214709024309724
143.65,0.1,427.397528043291,0.0985849042152589,0.922338692783933,0.00171733938363806,0.214430100212166
143.66,0.1,427.270606132749,0.102433651264734,0.922516941105142,0,0.215246169836008
143.67,0.1,427.14012580823,0.100732301035885,0.922242744348388,0,0.217072838968659
143.68,0.1,427.007548704402,0.0998702698476101,0.923864130029746,0.00203473520552905,0.216540543124245
143.69,0.1,426.887733779871,0.103120024551011,0.921207269622974,0,0.215452530618023
143.7,0.1,426.767776664738,0.102288278537889,0.92067073381143,0,0.214186695478865
143.71,0.1,426.643384463781,0.0984484944989545,0.918499642381185,0,0.215134282723793
143.72,0.1,426.523781737201,0.100736543575415,0.923626897647268,0.00242431529291775,0.21599744946333
143.73,0.1,426.41014043547,0.10223237447305,0.919461735479873,0,0.215021166603329
143.74,0.1,426.292857729998,0.100309895010654,0.91938911029878,0.00113958039990941,0.213572105392697
143.75,0.1,426.172945675387,0.100122216713285,0.918346863380205,0,0.21496576005539
143.76,0.1,426.060918437224,0.0998694318569271,0.918220018676821,0.00189142085190939,0.215134037237638
143.77,0.1,425.94767242389,0.0998848790708982,0.918614309974956,0.000948701754689668,0.215085722904627
143.78,0.1,425.830175413773,0.102475690860092,0.917757080376215,7.48802234039263e-05,0.212371091927999
143.79,0.1,425.715288152574,0.100863560989092,0.918380840777386,0.000672237324736519,0.216676987666775
143.8,0.1,425.603896699732,0.102238263932593,0.919958838133978,0,0.213726133065377
143.81,0.1,425.4888691478,0.101965458675838,0.922290677162088,0.000847839444084782,0.214620850318568
143.82,0.1,425.371113825826,0.103705935387184,0.915131872393091,0,0.216621270015307
143.83,0.1,425.259365862862,0.100525065812526,0.913833296693093,0.00138156859846095,0.215315825400573
143.84,0.1,425.146074034576,0.10006220801253,0.916126288621976,0,0.215337934638425
143.85,0.1,425.02871907902,0.101269602459511,0.916036493838318,0.000111999165444697,0.218602827795925
143.86,0.1,424.913715785323,0.103218899001277,0.916045868852081,1.25782005992798e-05,0.213077451157862
143.87,0.1,424.801900756085,0.101818008864432,0.914873457593397,0,0.213770490593082
143.88,0.1,424.686606362712,0.101203958534257,0.918788718423418,0,0.21713017304336
143.89,0.1,424.568774276657,0.10284681777205,0.915225873800632,0.00069659877485305,0.217906713402575
143.9,0.1,424.457138497275,0.101116471949793,0.913901050928678,0,0.21435408529848
143.91,0.1,424.344155357262,0.101989857986103,0.914684793473529,0.00197958113611316,0.216181060294224
143.92,0.1,424.227300382904,0.101412444601898,0.911179321342336,0,0.215524322218494
143.93,0.1,424.112634965723,0.103019989400365,0.913542263604584,0.00057968869607807,0.212835776049859
143.94,0.1,424.000961861496,0.100449697315183,0.913879722338904,0,0.216429138478203
143.95,0.1,423.885979931579,0.101501219753902,0.917696792541802,0.00108264378702608,0.21347148333272
143.96,0.1,423.768400359868,0.100783138975963,0.91239155388262,0,0.215035276815371
143.97,0.1,423.655431452375,0.101658250390765,0.912611065029277,0.000739446281058361,0.215650718232482
143.98,0.1,423.540871399162,0.10084482254129,0.913369271116134,0,0.215083908199217
143.99,0.1,423.422641187825,0.10221071263393,0.914786069267107,8.39864501067681e-05,0.216526332941039
144,0.1,423.305868168924,0.10053722550973,0.911913077381119,0,0.216676531860416
144.01,0.1,423.191243204816,0.103741460509923,0.911706016700175,0.000493812737096877,0.21338354916495
144.02,0.1,423.073442571561,0.103671352419185,0.908988686036748,0,0.21546541857947
144.03,0.1,422.953210084506,0.101393447636817,0.90957643772688,0,0.217005270268431
144.04,0.1,422.837488784184,0.10278837824463,0.909932585111377,0.00241652830640911,0.216336216698623
144.05,0.1,422.720310376891,0.101354211994787,0.910316737558821,0.000510610743795187,0.213054337113686
144.06,0.1,422.599668422582,0.103220635468658,0.909808233932823,0.000557442755682914,0.216168262278317
144.07,0.1,422.480273387514,0.10161636880443,0.911079998131082,0.000520158652421983,0.216088343797326
144.08,0.1,422.362771025933,0.102497189613263,0.909898629707454,0.00109282384367014,0.215123771072467
144.09,0.1,422.24227223287,0.101611702192129,0.908597395842681,0,0.214934130320792
144.1,0.1,422.119596961367,0.100387324026327,0.910647455073626,0,0.21361448267625
144.11,0.1,422.00194784991,0.1015980903737,0.909044167805821,0,0.214054805843283
144.12,0.1,421.883135805406,0.10013041981409,0.906231122397212,0,0.21696463172884
144.13,0.1,421.761072308062,0.100737417299451,0.906992581435747,0.000509152701726379,0.216001267453606
144.14,0.1,421.641446729372,0.0981373100418966,0.905814732370885,0,0.212609822015397
144.15,0.1,421.525039692253,0.103109909487242,0.90560087685583,0.00105486657966884,0.217872600111873
144.16,0.1,421.405930410088,0.101763794748113,0.906709350943529,0,0.213434740184528
144.17,0.1,421.284808472416,0.101778976198834,0.907624595421138,0,0.21549829479147
144.18,0.1,421.168643289602,0.10040914867986,0.90608740787544,0.000812923174989304,0.215913757640977
144.19,0.1,421.051465649677,0.102409314028187,0.903062936847731,0,0.21583381124968
144.2,0.1,420.931254084397,0.103508080508411,0.903908965230193,0.000711255126186531,0.213293786934505
144.21,0.1,420.813522771956,0.10209619619389,0.902215516720054,0.00155046733638161,0.213590789358883
144.22,0.1,420.699038869192,0.103548647393276,0.90386787375383,0.000370756376825312,0.216679558046893
144.23,0.1,420.582061794442,0.101665294686501,0.904498909360939,0,0.215886837530986
144.24,0.1,420.463363002035,0.0999043188726358,0.901646883559657,0.000539890865524935,0.215916905091129
144.25,0.1,420.350337975187,0.10113481507238,0.904711472703175,0,0.2126395575344
144.26,0.1,420.236654671972,0.101531561372457,0.903220826545652,0.000592287925984904,0.216284807299266
144.27,0.1,420.120159375771,0.0997259485278871,0.904787896590006,0,0.215581583241758
144.28,0.1,420.00635837212,0.101842218778094,0.901769438805203,0.000699202623526462,0.214601330404538
144.29,0.1,419.896029162067,0.104135948163033,0.901811422829992,0,0.21215434890107
144.3,0.1,419.783434113883,0.101051076600566,0.900650111089379,0,0.215320643922865
144.31,0.1,419.669061580541,0.1017435730822,0.900193144195399,0,0.213224039362429
144.32,0.1,419.55864212318,0.100025432912242,0.899814033730626,0.00163194823588261,0.213968769261333
144.33,0.1,419.447300100846,0.103679595068183,0.89785110078351,0,0.214015675060921
144.34,0.1,419.333375124427,0.104228286999169,0.90076818811972,0.000465086890431974,0.21471030868845
144.35,0.1,419.22038274975,0.100794310219803,0.900744449157272,0.00145426050286522,0.213569371370858
144.36,0.1,419.108839578628,0.102500962000319,0.898908428999369,0,0.214239983886491
144.37,0.1,418.995102120692,0.102485351142088,0.897232495323307,0,0.214976246054169
144.38,0.1,418.879667800018,0.100831610537311,0.898313886786924,0.000164090208391181,0.216186568262429
144.39,0.1,418.767260166234,0.102331172443049,0.898596260167351,0.0015431283080169,0.213756468543336
144.4,0.1,418.653870530562,0.102581704551614,0.898069019741797,0.00245517309151772,0.213022159861482
144.41,0.1,418.538132668716,0.100229138192895,0.897212598199369,0.000812066458912647,0.217041581166801
144.42,0.1,418.424206817501,0.100250138747196,0.899248692562295,0,0.213811106797922
144.43,0.1,418.312700596573,0.100792574657116,0.897195268550993,0.000186207545341671,0.214255865276733
144.44,0.1,418.19929121208,0.102376738584665,0.894439106716914,0.000475032501015045,0.213260273522416
144.45,0.1,418.084628485088,0.100357453001537,0.89590221804394,0,0.214375349802238
144.46,0.1,417.974725507593,0.10092124064858,0.895727844977554,0.00194085768957314,0.216092817523236
144.47,0.1,417.864467877752,0.103511562910469,0.896101999533869,5.44110125134775e-05,0.215314931938805
144.48,0.1,417.752099145396,0.102687904807923,0.895483712252322,0.00247193731418538,0.21366289527318
144.49,0.1,417.641857271109,0.103471931099649,0.894152176451021,0.000250567651324821,0.211360924694377
144.5,0.1,417.534372736821,0.104978670662106,0.893493473966796,0.00101210060073571,0.213752757389566
144.51,0.1,417.425233615164,0.10026931516338,0.8970376851004,0,0.216102236649452
144.52,0.1,417.314995523789,0.101371162866972,0.895010381039419,0,0.214178456228389
144.53,0.1,417.209178964669,0.102357771303036,0.891960689969625,0.00146048350588317,0.214309283317077
144.54,0.1,417.103104733726,0.101086516840921,0.892853511190424,0,0.215796952127428
144.55,0.1,416.995160697914,0.102639458144797,0.892674043543457,0.00203215030012915,0.212227555883692
144.56,0.1,416.88878972358,0.100754574585244,0.890442384778409,1.39268462196666e-05,0.21689805581049
144.57,0.1,416.784518617915,0.0988387431944011,0.892954054139122,0.00175922105760634,0.216513093798683
144.58,0.1,416.678771509593,0.101385135618352,0.8924431569897,0.000346075530188215,0.214871857914434
144.59,0.1,416.571881405986,0.10279682288125,0.889814753474381,0,0.217241241285458
144.6,0.1,416.467608957293,0.102444480204566,0.889493186817823,0,0.214940212356902
144.61,0.1,416.362797085845,0.103686156895243,0.892077878183421,0.002484189311321,0.215006420153193
144.62,0.1,416.25636063058,0.100813532748091,0.890495841742987,0.00169650471642979,0.21638895372281
144.63,0.1,416.150749019734,0.104146987884503,0.890356925327522,0.00100246325849669,0.216824995533896
144.64,0.1,416.046350342037,0.100689524052945,0.890456534039964,0,0.213953664880667
144.65,0.1,415.940639954087,0.102826596142824,0.891034003204537,0,0.215254872844947
144.66,0.1,415.833989021084,0.102868921585209,0.890413037169757,0.000717566833133374,0.215825359247199
144.67,0.1,415.729837451535,0.100953724873381,0.888945870611251,0,0.217823596813115
144.68,0.1,415.625303227418,0.103919777513826,0.88875864910788,0,0.214285101043222
144.69,0.1,415.5193936926,0.0992954737109842,0.88642934665767,0.00150914388908681,0.215734413659443
144.7,0.1,415.41456614742,0.103800908142175,0.88880364055915,0,0.213672580398709
144.71,0.1,415.311213849136,0.101616252934288,0.888174134876201,0.00314617350965162,0.214030230757159
144.72,0.1,415.206802717996,0.103019404065782,0.889272270514449,0,0.215530619659834
144.73,0.1,415.101512347786,0.100791037875657,0.885465337305411,0,0.216954672851995
144.74,0.1,414.997650052178,0.102468278131536,0.88479014890332,0.000267689783314914,0.217558226050284
144.75,0.1,414.893314095686,0.10132062614448,0.88554596003287,0,0.217002745124677
144.76,0.1,414.787854175521,0.101141294975098,0.88551202062033,0.000931482313089628,0.213437011421584
144.77,0.1,414.681297799375,0.101995940615262,0.882655184675805,0,0.213864183764273
144.78,0.1,414.573687799236,0.101853566592754,0.885900221518459,0,0.216512316330125
144.79,0.1,414.465061105349,0.102268018521984,0.885192048303369,0,0.214594912991399
144.8,0.1,414.355454337882,0.101936370597091,0.882706745374016,0.00142976043759899,0.211742424549324
144.81,0.1,414.244904205417,0.101231512979938,0.87944196194798,0,0.216447466542209
144.82,0.1,414.13344746338,0.102435017606578,0.883052670324904,0,0.213011744782114
144.83,0.1,414.021120906634,0.0999704606966392,0.880031070329996,0.000385167816575115,0.215898871202217
144.84,0.1,413.907961367528,0.102805182566113,0.880633348867625,0,0.215285400294347
144.85,0.1,413.794005713826,0.103755563553844,0.879459704174372,0,0.212176097853435
144.86,0.1,413.679290846616,0.103745414450639,0.880480832026911,0.0020924661633919,0.214573215717453
144.87,0.1,413.563853698242,0.10384431898876,0.881035591630059,5.90307224454461e-05,0.216485398087514
144.88,0.1,413.447731230256,0.101773683262646,0.879098747398646,0,0.216144666214337
144.89,0.1,413.330960431405,0.101738967648928,0.878408471563949,0.00227377488708268,0.215765319702473
144.9,0.1,413.213578315636,0.100646652735407,0.878617681747801,0,0.214004982728992
144.91,0.1,413.095621920137,0.10430781297314,0.878487287946901,0.000711684697140493,0.213522716294943
144.92,0.1,412.977128303393,0.103575888506192,0.877401218644149,0,0.215012178897702
144.93,0.1,412.858134543279,0.100545590629988,0.87538626715041,0,0.217516904807251
144.94,0.1,412.738677735182,0.102806799111738,0.876444673867651,0.00211387741367305,0.214713198373784
144.95,0.1,412.618794990137,0.102296817119131,0.876270490359531,0.000922464381648569,0.217219948849057
144.96,0.1,412.498523433002,0.104198132091797,0.876648074384395,0.00128300751457252,0.215563764506978
144.97,0.1,412.377900200665,0.101298802563954,0.874967752123018,0,0.213566550161781
144.98,0.1,412.25696244026,0.102501844023783,0.874914434348742,0.000925054444980427,0.213318893840089
144.99,0.1,412.13574730743,0.101234698253933,0.875925253106177,0.000539007799658377,0.216252020594833
145,0,412.014291964616,0.0989722687823438,0.874917450353256,0,0.215301966837663
145.01,0,411.892633579363,0.100833433717847,0.875468790019785,0,0.216656126895772
145.02,0,411.770809322658,0.101407692256127,0.873717645089788,0.000991234212919894,0.215471637308696
145.03,0,411.648856367317,0.10012260149033,0.874163917255015,0,0.214874009481598
145.04,0,411.52681188637,0.101061946916323,0.87153405966069,0.000605445200323157,0.215280567991479
145.05,0,411.40471305149,0.103615169523215,0.872670007820883,0.00166754329646497,0.215454617473084
145.06,0,411.282597031461,0.103631052031867,0.871241285933179,0,0.21440256736618
145.07,0,411.160500990659,0.103095835759104,0.872285225248519,0.00264818823118498,0.21518235829137
145.08,0,411.038462087562,0.103512712963724,0.874039626959732,0,0.213472320342366
145.09,0,410.916517473311,0.102140093227072,0.871277019112211,0,0.214168168673717
145.1,0,410.794704290275,0.102595543970838,0.871347962204264,0.00287484387216073,0.214801899250177
145.11,0,410.673059670657,0.103132486913008,0.870474513219926,0,0.217168568881404
145.12,0,410.551620735134,0.102564507568904,0.871481175139256,2.99905809505331e-05,0.214269029974177
145.13,0,410.43042459152,0.102343606100938,0.871124020178928,0,0.216475468710497
145.14,0,410.309508333458,0.102537734866651,0.869914293452877,0.000546360303405013,0.213240436297042
145.15,0,410.188909039151,0.101192608305231,0.868009707730039,0,0.215710330567738
145.16,0,410.068663770115,0.100353227674316,0.870738853599775,0.00147337472931586,0.215625526478116
145.17,0,409.948809569959,0.100492376457823,0.868133182905406,0,0.217165075983255
145.18,0,409.829383463208,0.103800729592626,0.870356226587274,0.000680012525520488,0.218719714489414
145.19,0,409.710422454147,0.104286279910561,0.868275521332009,0,0.215540814516004
145.2,0,409.591963525694,0.102123100023321,0.866716457480011,0.000204981801340946,0.215170169972192
145.21,0,409.474043638305,0.102604479983505,0.866692005626932,0.00187722102044553,0.214679755576105
145.22,0,409.356699728922,0.101601949761259,0.864456532099541,0.00111238464100813,0.214469401836829
145.23,0,409.239968709924,0.103529933326823,0.864946013698452,0,0.215940309710169
145.24,0,409.123887468131,0.10320079531173,0.868625303786133,0.000404548062711848,0.21333290370752
145.25,0,409.008492863839,0.101306249722576,0.86479113228345,0.00333926866930675,0.217169784538351
145.26,0,408.893821729864,0.104149571391772,0.864762559510385,0.00022890469687654,0.215154144630666
145.27,0,408.77991087064,0.102183122515638,0.861368852971252,0.001216399593251,0.218604531765324
145.28,0,408.666797061336,0.103743357305816,0.864358331948432,7.94141506083358e-05,0.212961099060416
145.29,0,408.554517047003,0.103396973840516,0.865668997523699,0.000675092649880173,0.213565742752875
145.3,0,408.443107541748,0.101740338297237,0.864930583426346,0,0.213678997227612
145.31,0,408.332605227958,0.102612339210615,0.863380837581389,0.000280564297934618,0.213263713426579
145.32,0,408.223046755524,0.102510167968164,0.861407648199317,0,0.21446169526108
145.33,0,408.114468741117,0.100959736681271,0.861423732149142,0,0.213838924968465
145.34,0,408.006906966752,0.101887783258776,0.862355943019758,0,0.213698693993756
145.35,0,407.900397258469,0.104447540870585,0.860344567255557,0,0.216093038294241
145.36,0,407.794977654453,0.103424958741064,0.861097856943597,0.00126723677498825,0.216981371686707
145.37,0,407.690684631873,0.103229986325234,0.860905732112233,0.00144143197478752,0.218904828687527
145.38,0,407.587554631482,0.10109171701564,0.859504858260077,0,0.216754089128936
145.39,0,407.485624057056,0.100194724255666,0.860004316151714,0.000923708758844628,0.215845155098018
145.4,0,407.384929274883,0.102545886417077,0.861869600238626,0.000192687259976977,0.215715469509227
145.41,0,407.285506613268,0.104527458222773,0.857309200988739,8.34442587594492e-05,0.215735404425927
145.42,0,407.187392362072,0.103573991270029,0.85835219780029,0.00015175261098306,0.214494854813304
145.43,0,407.090622772279,0.105373883619365,0.859049675425333,0,0.21552017582123
145.44,0,406.995234055602,0.103060424583145,0.858108434729709,9.78649963229118e-05,0.213107236871042
145.45,0,406.901262384099,0.102672186434429,0.856208495806353,0,0.214327584563098
145.46,0,406.808743889833,0.101344808680436,0.856029319997701,0,0.216671462512578
145.47,0,406.717714664565,0.104089307087877,0.85911805887841,0,0.215862421333087
145.48,0,406.62806659726,0.10234144568965,0.856613336000791,0,0.215267882927083
145.49,0,406.538777026666,0.102600118531663,0.853360923834869,0,0.218029883834017
145.5,0,406.449646246261,0.104582455897157,0.856926383046077,0,0.216805139104198
145.51,0,406.360677879656,0.101797166460504,0.852419610313483,0.00151285678774949,0.214567549038098
145.52,0,406.271875546243,0.101444313217867,0.856266222778818,0,0.211908350928998
145.53,0,406.183242861043,0.102626981652987,0.854049414724236,0,0.217197408698285
145.54,0,406.094783434542,0.103244509491658,0.854623483539839,0,0.213911965929045
145.55,0,406.006500872537,0.104173870071368,0.854789344613292,0,0.213247977427772
145.56,0,405.918398775976,0.105460731094335,0.850580820108608,0.000747273019861507,0.215499163084192
145.57,0,405.830480740798,0.103234145415973,0.852711835938389,0.000595422773632714,0.213042591813497
145.58,0,405.742750357779,0.100939756213362,0.852384779972382,0.00177863770302212,0.21403649734996
145.59,0,405.655211212365,0.104187767476357,0.850679852443446,0,0.214429016765201
145.6,0,405.567866884523,0.100865465827124,0.853492164294477,0,0.2160467210151
145.61,0,405.480720948571,0.10076010988741,0.85238972364587,0.000941172318398652,0.213757703629567
145.62,0,405.393776973027,0.102868580758795,0.850598926571301,0.000682774541593534,0.215554937912438
145.63,0,405.307038520446,0.104931807720895,0.850190005038498,0.00115202366217043,0.215149534100671
145.64,0,405.220509147259,0.104450425097354,0.849212587984553,0,0.215933479223851
145.65,0,405.134192403617,0.104081600768061,0.850086522107487,0,0.210962968417958
145.66,0,405.048091833227,0.10376478803697,0.847858276619899,0.00225219213292352,0.214820496307416
145.67,0,404.962210973193,0.104558935111559,0.849218264553517,0.000626123106155842,0.215259268068717
145.68,0,404.87655335386,0.106318888047693,0.848333776892327,0,0.216909336474764
145.69,0,404.791122498647,0.102782249733365,0.847935331431881,0,0.215365580586916
145.7,0,404.70592192389,0.10329364895044,0.846682457613068,0.00119033714697376,0.213356619622263
145.71,0,404.620955138686,0.102711292920806,0.845742105407049,0,0.215843283969994
145.72,0,404.536225644723,0.10139581706333,0.850081763810721,0.000213401966516865,0.214639564772424
145.73,0,404.451736936129,0.104669619354486,0.846498454425474,6.86240979206391e-05,0.216125261601691
145.74,0,404.367492499303,0.103622965980557,0.850705499866529,0.00144994258373184,0.21703890575105
145.75,0,404.283495812764,0.104310240633726,0.848231883396563,0,0.214907942282554
145.76,0,404.199750346983,0.10409586788409,0.848037384269319,0,0.216163004616726
145.77,0,404.116259564222,0.101480837419269,0.843904763762758,0.000664927939038783,0.213526173307896
145.78,0,404.03302691838,0.104223278342854,0.845474417724569,0.000143026581356621,0.213197829365474
145.79,0,403.950055854828,0.102756212527192,0.843123994239266,0,0.214417059385052
145.8,0,403.867349810248,0.102892438267371,0.845650329930444,0.000327979557183967,0.21583435875465
145.81,0,403.784912212473,0.105555730590083,0.845719606108521,0.00199429470855587,0.215676034214757
145.82,0,403.70274648033,0.103893020302581,0.844140669137591,0.0012067919690478,0.216436584867167
145.83,0,403.620856023473,0.101629189652089,0.842978763646087,0,0.216034969571796
145.84,0,403.539244242229,0.103231423043962,0.842055996481195,0,0.216551540793683
145.85,0,403.457914527435,0.102063261819309,0.841173941692942,0,0.215337067130344
145.86,0,403.376870260277,0.104603844118831,0.8408994964944,0.000263343629480912,0.21448346588028
145.87,0,403.296114812131,0.102714709175066,0.843599219163121,0.000400433461016489,0.217690801359985
145.88,0,403.215651544404,0.101286396374808,0.842673837331135,0.00140029294686019,0.214956354736127
145.89,0,403.135483808369,0.102623715878303,0.844274523294702,0,0.215057699796921
145.9,0,403.055614945015,0.102443217828216,0.841748039167974,0,0.21635654618421
145.91,0,402.976048284876,0.10234874362591,0.841848122355952,0.000118435046837987,0.213556406391482
145.92,0,402.896787147881,0.105880998152445,0.840432492216518,0.000176991456466091,0.216355549361074
145.93,0,402.817834843188,0.106340824373362,0.841954180972391,0,0.214418485615229
145.94,0,402.739194669028,0.10424760746468,0.842526938863087,0.00099737539772021,0.214560672987053
145.95,0,402.660869912547,0.102967724471012,0.840706983577696,0.000102263193321435,0.215036107004514
145.96,0,402.582863849643,0.101875358921299,0.839970073612259,0.00270942876746735,0.212115636369082
145.97,0,402.505179744812,0.103365747907312,0.837496637263755,0,0.214910152333933
145.98,0,402.427820850987,0.103084519353635,0.841387389752172,0.000887177899443181,0.217032474502797
145.99,0,402.350790409379,0.101931302474745,0.837442903202029,0.00239813027992066,0.213778747520136
146,0,402.274091649322,0.10373904584194,0.838060948345904,0.000143938342059542,0.216802525072466
146.01,0,402.197727788114,0.104925737035838,0.838544529802344,0.00223221389472273,0.213737178813962
146.02,0,402.121702030855,0.102156999129603,0.838195429399022,0,0.215109606945714
146.03,0,402.0460175703,0.103817932085166,0.835875030980105,0.00069884378894211,0.216893410408
146.04,0,401.970677586691,0.103629342333203,0.837513084565505,0.000205584856250887,0.215161475218169
146.05,0,401.895685247607,0.105155680026549,0.838077984573005,0.00204525186111288,0.214975099321513
146.06,0,401.821043707807,0.101461566972909,0.833776107282332,0.000337085053148518,0.214923891560255
146.07,0,401.74675610907,0.101094428620489,0.835081423531516,0.000559379275522686,0.217042290762484
146.08,0,401.672825580045,0.101629843887166,0.836818834691069,0,0.213295977888598
146.09,0,401.599255236091,0.103990222193718,0.835486971279978,0,0.215721524505693
146.1,0,401.526048179124,0.103326339890655,0.834250210116697,0.000185800952583684,0.214939370418234
146.11,0,401.45320749746,0.103391404850039,0.83725542045095,0.000215972300777947,0.217119363607756
146.12,0,401.380736265666,0.102783158754265,0.836048458026292,0.000677107697185048,0.216950441399728
146.13,0,401.3086375444,0.0999994085710583,0.837725472888873,0.00147264211792649,0.212408513518504
146.14,0,401.23691438026,0.104299243515735,0.834258485620341,0,0.21303445105002
146.15,0,401.165569805631,0.101285918914266,0.831824383272996,0,0.2159576094156
146.16,0,401.094606838533,0.103235713597532,0.832485585573786,0.00123364152048173,0.216737299258232
146.17,0,401.024028482465,0.102193367384494,0.833721246653435,0,0.215234267242402
146.18,0,400.953837726258,0.103810522937937,0.833025069566713,0,0.215901222999307
146.19,0,400.88403754392,0.102807505919178,0.832960660508196,0,0.214096431831305
146.2,0,400.814630894485,0.103246554342779,0.830102412865164,0,0.21644228244866
146.21,0,400.745620721866,0.10253989641095,0.831556171297604,0,0.217116766790725
146.22,0,401.131351054459,0.104773938594405,0.831855708745961,0.00296480358202009,0.214158503748046
146.23,0,401.331325206327,0.100556975811584,0.832785419718553,0,0.214749219162531
146.24,0,401.4600203838,0.100250247970793,0.829695983264849,0.000240149940445887,0.215031192248906
146.25,0,401.591607695508,0.102012505168044,0.831905606627258,0,0.215239515183812
146.26,0,401.728053710648,0.101950864681757,0.831810931013595,0,0.216046233371765
146.27,0,401.86875874662,0.100385192270877,0.830545992811004,0,0.211680554785016
146.28,0,402.013703409584,0.103767459532568,0.829941894191153,0,0.214976247347311
146.29,0,402.162924880674,0.104136957687456,0.830642055683563,0,0.217916877326015
146.3,0,402.316457626625,0.104126023886538,0.827821217531219,0,0.214410641850683
146.31,0,402.474335424793,0.101596587780044,0.826216885227627,0,0.214261496272983
146.32,0,402.636592062763,0.101172242605704,0.829828194801567,0,0.21543706559114
146.33,0,402.803261357325,0.101866596013191,0.828563842284128,0,0.214515326022445
146.34,0,402.974377149967,0.102026385549268,0.828346317534494,0,0.216648862038149
146.35,0,403.149973307859,0.10104234044568,0.827517027479296,0,0.214227038613796
146.36,0,403.330083725387,0.100660369502907,0.829218492690119,0.00190767880714476,0.215124060000866
146.37,0,403.514742325679,0.102436547135759,0.827699713074875,0,0.216676733154832
146.38,0,403.703983062118,0.101891522485071,0.826223825854519,0.00305892444156184,0.217268114334949
146.39,0,403.897839919877,0.0991216980796327,0.826371563631564,0,0.216058427819619
146.4,0,404.096346917454,0.0992839590197518,0.825389339917163,0.000621427499541299,0.215692592756807
146.41,0,404.299538108226,0.0994100026851293,0.826102893276264,0,0.213807585400591
146.42,0,404.507447581999,0.102889124414156,0.825035718988342,0.000164328055548378,0.213621053905075
146.43,0,404.720109466578,0.0998442559723848,0.828073060526613,0,0.214351447998705
146.44,0,404.93755792934,0.100905777303272,0.827173172655182,0.000609413941951778,0.213247087363933
146.45,0,405.15982717881,0.099305834620346,0.827087585823408,0.00116678827062557,0.21685433244202
146.46,0,405.386951466252,0.098438291601217,0.826091363492216,0,0.214250302765766
146.47,0,405.618965087268,0.100970118180368,0.824271455519204,0,0.217094609788925
146.48,0,405.855902383396,0.0995764508641432,0.8225508906014,0,0.216673550797472
146.49,0,406.097797743717,0.101439358526182,0.822958381082131,0,0.21743310744086
146.5,0,406.344685606482,0.0991712261978133,0.822755102014417,0,0.216643791859955
146.51,0,406.59660046072,0.0990170493565559,0.82382000317557,0,0.216203188954762
146.52,0,406.853576847873,0.0999209096842261,0.823415507497725,0,0.214032914692857
146.53,0,407.11564936343,0.100183538545896,0.823257657352954,0,0.212417420492166
146.54,0,407.382852658567,0.0996700857714055,0.820750801257508,0.000126100594816118,0.214539786051172
146.55,0,407.655221441784,0.0974632816782348,0.825834270971269,0,0.215814783616486
146.56,0,407.932790480566,0.100806462850321,0.82434154076557,0,0.216832746837809
146.57,0,408.215594603026,0.0990273480451366,0.823997944288001,0.000173148707782513,0.215698242492739
146.58,0,408.503668699569,0.0977512256322568,0.820950939921558,0.000264040504329091,0.214976220001751
146.59,0,408.797047724555,0.100052550000055,0.825050650532071,5.76324295056438e-05,0.213860148473193
146.6,0,409.095766697961,0.0971336573425733,0.821683504715023,0,0.214123314554382
146.61,0,409.399860707056,0.0983091154033741,0.821826262825645,0,0.216411397348843
146.62,0,409.70936490807,0.0962186294710708,0.820267621310472,9.91005594206824e-05,0.215974424580725
146.63,0,410.024314527875,0.0978838345937943,0.822613547928853,0.00284978697239999,0.214465753486893
146.64,0,410.344744865659,0.0973880232015492,0.818080928138315,0.000470152368549411,0.214860822066362
146.65,0,410.670691294613,0.0977579918435387,0.818252566698463,0.000219692159125597,0.212504850003421
146.66,0,411.002189263615,0.0938491494415101,0.82129928223372,0,0.214213346904371
146.67,0,411.33927429891,0.0956827739442225,0.823282059799091,0,0.211494450368769
146.68,0,411.681982005807,0.0969133719804711,0.819623957170328,0.000758836526959465,0.214578068772446
146.69,0,412.030348070363,0.0951088218662846,0.817361387808152,0,0.217759189392417
146.7,0,412.384408261073,0.0952679185349185,0.821552753937942,0.00217933840700452,0.216079306261977
146.71,0,412.74419843057,0.0956860557146043,0.820037735164828,0,0.215882369224855
146.72,0,413.109754517308,0.0968315134822246,0.817316284068701,0,0.214473105759819
146.73,0,413.481112547261,0.0941380416620382,0.820344836923048,0.000454437675854984,0.214073081747209
146.74,0,413.858308635612,0.09440547786232,0.820402951524465,0.00109199832638252,0.216263204224075
146.75,0,414.241378988455,0.0955555109286536,0.820138347325411,0.00259590066177167,0.215539787885214
146.76,0,414.630359904478,0.0932815766905884,0.818123194194843,0.000178169587800919,0.215934137284327
146.77,0,415.025287776661,0.0924320102022962,0.819361063143002,0.000126843147544908,0.217526006183614
146.78,0,415.426199093968,0.0940988390607248,0.818622821661692,0.0017499089610273,0.213781847962145
146.79,0,415.833130443035,0.0947017009840385,0.817751899880519,0,0.215406073345631
146.8,0,416.246118509862,0.0936229874304522,0.817383757054344,0.0012953062148308,0.217006249810939
146.81,0,416.665200081495,0.093695105372717,0.818865955586844,0.000837687724728499,0.214654530731233
146.82,0,417.090412047721,0.095611286006706,0.817443833637518,0.000612138499321971,0.215593884376143
146.83,0,417.521791402742,0.0923138844480141,0.81703150913729,0.000833157781051118,0.215304275658548
146.84,0,417.95937524686,0.0933243379848753,0.81786934676478,0.000305787635035966,0.21756838187291
146.85,0,418.403200788158,0.0914640830119525,0.820334162856708,0,0.214656812083465
146.86,0,418.853305344171,0.0921067304058472,0.817578518544753,0,0.215607767008212
146.87,0,419.309726343558,0.0942085909944264,0.814171399363961,9.80065273901495e-06,0.216168513973813
146.88,0,419.772501327773,0.0924047058454858,0.816373297064476,0,0.213475323730196
146.89,0,420.241667952727,0.0919314491615466,0.818676523506699,0.00382126574332124,0.215914258952274
146.9,0,420.71726399045,0.0923119077227366,0.817844212696731,0.00245524892669387,0.214212917511198
146.91,0,421.199327330748,0.089992817655667,0.815838143720422,0.000478251006875197,0.213828372353879
146.92,0,421.687895982851,0.0910742321404639,0.817168422145644,0,0.216641502339049
146.93,0,422.183008077061,0.093228655421577,0.81621626425437,0.000858286493612352,0.214410832885368
146.94,0,422.684701866396,0.0914656957514379,0.814047830649115,0,0.213243775140643
146.95,0,423.19301572822,0.090275725522642,0.815564301641615,0.000532824897932397,0.215462037022638
146.96,0,423.707988165876,0.0896731285041644,0.815728799985353,0.000927298512902216,0.211407400336239
146.97,0,424.229657810314,0.0918270626012589,0.81407158298837,0,0.214883858280106
146.98,0,424.7580634217,0.0886542402979153,0.815948170745361,0.00313919145183234,0.21371051122545
146.99,0,425.293243891032,0.0891002266188937,0.817941278984042,0.000268354388010987,0.213785784184969
147,0,425.835238241744,0.0886637296329542,0.813642249079447,0,0.214472364612571
147.01,0,426.3840856313,0.0902868604621194,0.815841401570711,0.00216715946902562,0.214373122113048
147.02,0,426.939825352784,0.0880796734212181,0.813524367831964,0.00132034393750681,0.215569373980934
147.03,0,427.502496836484,0.0885582474669816,0.813801300942629,0,0.213544058846496
147.04,0,428.072139651463,0.087575192028524,0.813055093031964,0,0.215785797970069
147.05,0,428.64879350712,0.0891380175425401,0.814205338909553,0.00160099156532228,0.215769576975113
147.06,0,429.232498254755,0.0882767641788289,0.815315127028375,0.000680230340778842,0.212920420886234
147.07,0,429.82329388911,0.0874706181361737,0.81482541162856,0.00175255339544354,0.214624133950478
147.08,0,430.421220549904,0.0904781208612154,0.81697123248601,0,0.214354376016038
147.09,0,431.026318523371,0.0878783451914075,0.813194750706008,0.00137939392460915,0.21388525130555
147.1,0,431.638628243769,0.0864821337636544,0.813913681043295,0,0.216151978922661
147.11,0,432.258190294894,0.0873293195423755,0.815233688945086,0,0.216422195635711
147.12,0,432.885045411574,0.0894350933113672,0.815617142754949,0.00224276266168983,0.21486165275617
147.13,0,433.519234481162,0.0876143122567722,0.813889370364424,0,0.216039324378081
147.14,0,434.160798545002,0.0865910898135245,0.813612447298415,0.0010362558771651,0.215330746015348
147.15,0,434.809778799902,0.0859489052426367,0.812075238982956,0,0.215580290282337
147.16,0,435.466216599585,0.0857186346526593,0.811052276946122,0,0.214198362477664
147.17,0,436.130153456128,0.0840990786420054,0.81255716811268,0,0.213273010053355
147.18,0,436.801631041389,0.0872871422494172,0.81207776253253,0,0.215063657481024
147.19,0,437.480691188428,0.0822424917424596,0.813773353392027,0.00105878742434508,0.214023254771239
147.2,0,438.167375892903,0.0856146018680679,0.813740106713926,0.000614941814264626,0.216941956513355
147.21,0,438.861727314467,0.0829918314942186,0.813641622383254,0,0.215948184409885
147.22,0,439.563787778138,0.0859407608232838,0.813470673306417,0,0.218582818015855
147.23,0,440.273599775662,0.0833923329248701,0.816450128522973,0,0.215274432443466
147.24,0,440.991205966863,0.0832713723008258,0.814893735778294,0,0.214124440679021
147.25,0,441.716649180976,0.0817617644681049,0.813985019922461,0,0.215441609692838
147.26,0,442.449972417961,0.083665672797742,0.812159812270652,0,0.213164042752512
147.27,0,443.191218849812,0.081137858474847,0.81336543257411,0,0.214756650193026
147.28,0,443.940431821837,0.0800770179681781,0.814819123441514,0.00177730202788204,0.212597981530014
147.29,0,444.697654853939,0.0807134468107568,0.813380863774669,0,0.215132830688982
147.3,0,445.462931641862,0.080418157598534,0.814258303759848,0.000531425007759262,0.21390475816859
147.31,0,446.236306058435,0.0795968986597368,0.811902968617896,0.000330368004971976,0.216702307289172
147.32,0,447.017822154793,0.079241941873586,0.812810022132296,0.000108813401839626,0.213719366669313
147.33,0,447.80752416158,0.0814182485459859,0.815883784527293,0.000408883542666381,0.216829406606
147.34,0,448.605456490138,0.0790610587976157,0.815776031979371,6.85594448188076e-05,0.213952098759838
147.35,0,449.411663733671,0.076830206772222,0.81245333746879,0.000569540258134605,0.213498129026824
147.36,0,450.226190668404,0.0789512215776449,0.812075078932237,0.000718827169361614,0.216129535722088
147.37,0,451.049082254706,0.0785739382058574,0.809861829119503,0.0018453454229726,0.21596274524225
147.38,0,451.880383638211,0.0771727893887365,0.813099072169846,0.000923818565026065,0.213470638493695
147.39,0,452.720140150903,0.0765134693692041,0.814020336273061,0,0.217082632887591
147.4,0,453.568397312199,0.078671197257727,0.812807696613658,0,0.215604117218077
147.41,0,454.425200829995,0.0783171373140291,0.813065882954851,0,0.2149765392717
147.42,0,455.290596601704,0.0773037117147966,0.815786494289234,0,0.216800991403603
147.43,0,456.164630715265,0.0797120337031366,0.810769672119204,0,0.214088472123089
147.44,0,457.04734945014,0.0768284355139049,0.813138347807942,0,0.212872124500359
147.45,0,457.938799278277,0.0766720253290158,0.812735070110645,0.000188200942216319,0.215362463565993
147.46,0,458.839026865063,0.0748845586378374,0.813436145183826,0,0.21388466995865
147.47,0,459.748079070245,0.076174464597931,0.815605261749179,0,0.212945633755437
147.48,0,460.666002948837,0.0748517629556276,0.813669048460329,0,0.21276170255448
147.49,0,461.592845751999,0.073044247345427,0.811874950253044,0,0.21290036068015
147.5,0,462.528654927893,0.0716247566960306,0.813227552524295,0.00171813875058448,0.216400978297514
147.51,0,463.473478122513,0.0717486419054888,0.813994188034654,0.00141534586207536,0.213623287983781
147.52,0,464.427363180497,0.0711043330927505,0.812954501962027,0.00286739743876959,0.214893789131582
147.53,0,465.39035814591,0.0710725113542478,0.813472764294345,0.00202471881137428,0.21594410157239
147.54,0,466.362511263002,0.0711585047724882,0.813135332987002,0.000454801576349855,0.212749472502723
147.55,0,467.343870976943,0.0725884988313342,0.812256234072497,0,0.215957365679341
147.56,0,468.334485934526,0.0736096750946749,0.813441371886865,0.000731083815269609,0.215057643191738
147.57,0,469.334404984857,0.0691060754732971,0.814907991399125,0,0.21535615169412
147.58,0,470.343677180002,0.069872573486944,0.811673853088368,0.00116008003876852,0.214483123396926
147.59,0,471.362351775618,0.0698528019817002,0.81244507848596,0,0.215475889090673
147.6,0,472.390478231555,0.0694791333789729,0.812052793434497,4.54197942352983e-05,0.218257223596147
147.61,0,473.428106212429,0.070271535654308,0.813059448193942,0,0.214760410974838
147.62,0,474.475285588162,0.0693655181505829,0.81211284825001,0.000500378677418097,0.214388411737794
147.63,0,475.532066434504,0.0700436041710286,0.811344264437587,0.000446623873424239,0.215768843742138
147.64,0,476.598499033514,0.0684788760031249,0.814054341459322,0.00100591615873304,0.216717053875927
147.65,0,477.674633874025,0.0657641190696709,0.809636765726065,0.000189002272433891,0.211617012133866
147.66,0,478.760521652065,0.0669619069851136,0.811591506593697,0.00347053205914074,0.218905178580017
147.67,0,479.856213271259,0.0665856745574471,0.813148320001049,0.000539521750765878,0.216613191887987
147.68,0,480.961759843191,0.0675072632263743,0.815039423609851,0,0.213766072409178
147.69,0,482.077212687744,0.0656538755349057,0.81312300535379,0,0.21556589385686
147.7,0,483.202623333403,0.06419570838387,0.81262390643467,0,0.214232680467101
147.71,0,484.338043517526,0.0624772417002682,0.812479938996424,0,0.213034727459892
147.72,0,485.483525186581,0.0651803060243499,0.81170833612582,0.00235637168218303,0.212662100418389
147.73,0,486.639120496361,0.0641986204147727,0.81505268553518,0,0.210054988686993
147.74,0,487.804881812147,0.0628317938508673,0.814699379475744,0,0.216340658688604
147.75,0,488.980861708856,0.0632789786694631,0.81026179265034,0,0.21532831980014
147.76,0,490.167112971141,0.0612530792033721,0.814276215375576,0.0010285637829682,0.213775424643443
147.77,0,491.363688593464,0.0605842805398373,0.812280123471735,0,0.214980398012999
147.78,0,492.570641780134,0.0637670449283181,0.812758636223023,0,0.21349737460181
147.79,0,493.788025945301,0.0611821563044167,0.81453758067641,5.51833619961594e-05,0.215513733153807
147.8,0,495.015894712926,0.0592578795961947,0.815212410592243,0.000717797138395096,0.21336887724114
147.81,0,496.254301916706,0.0623686805931793,0.815957483132595,0,0.214577353871249
147.82,0,497.503301599964,0.0586390828380209,0.815427743949082,0.0018530398506666,0.215180064258503
147.83,0,498.762948015505,0.0603944507973296,0.815863417629488,0,0.214692535140685
147.84,0,500.033295625431,0.0584599942959139,0.813832805902463,0.00182766205710293,0.216994664225301
147.85,0,501.314399100913,0.0583156914313242,0.813215876064493,0.000197389734913812,0.21502186972098
147.86,0,502.606313321937,0.0564971352784392,0.814283885836392,0,0.215312894472122
147.87,0,503.909093377001,0.0573174670484799,0.813313104918571,0.00280694172563352,0.215311136638784
147.88,0,505.222794562769,0.0595858060165829,0.813257100099612,0.00125379987831567,0.211088745993627
147.89,0,506.5474723837,0.055520961600125,0.814101166899561,0.00137101889075464,0.216910786341681
147.9,0,507.883182551617,0.0541557080080713,0.815706744534425,0,0.215495260245071
147.91,0,509.229980985252,0.0546180535197651,0.815153325973017,0,0.213974295860108
147.92,0,510.587923809736,0.0532092549434692,0.816284438237807,0,0.214077053483852
147.93,0,511.95706735606,0.0544121349831537,0.814812386884351,0,0.215949485052943
147.94,0,513.337468160479,0.0544189444805139,0.816115886135208,0,0.216412847658072
147.95,0,514.729182963881,0.0527609988140895,0.81533601543812,0.000308394029829987,0.214110877070682
147.96,0,516.132268711119,0.0538190846824524,0.814362187065429,0,0.214808729358185
147.97,0,517.54678255028,0.052031089323037,0.816039475810741,0.000877962507710288,0.212159742919061
147.98,0,518.972781831935,0.0534600739561842,0.816943679569154,0,0.214126079896711
147.99,0,520.410324108319,0.0505322444248351,0.816970824958406,0,0.215433341470508
148,0,521.859467132479,0.0512579981548946,0.815412456798944,0.00104309635770591,0.214142223385216
148.01,0,523.320268857376,0.0502257798388122,0.817591081653214,0,0.213923160778965
148.02,0,524.792787434941,0.0494304236108665,0.815874144950225,0,0.213275721088852
148.03,0,526.277081215071,0.0490636337432247,0.818502919494796,0,0.215477970942361
148.04,0,527.773208744598,0.0496144974893551,0.815416790953856,0.00153500446412199,0.2140711123268
148.05,0,529.281228766196,0.0471259035448434,0.818522832314078,0.00011086657832863,0.215934083062656
148.06,0,530.801200217243,0.0480103015617011,0.815382135527483,0,0.215967722644599
148.07,0,532.333182228631,0.0482384597462818,0.815695694334393,0.000895060875104449,0.214011282376472
148.08,0,533.877234123541,0.0468676082326413,0.815483337222454,0.000592264326389844,0.211758581778331
148.09,0,535.433415416142,0.0479577949111397,0.816403660153404,0.000635772734466584,0.215110860663001
148.1,0,537.001785810266,0.0448893308892079,0.818093870080019,0.000637062830872043,0.213272094475478
148.11,0,538.582405198017,0.0458681256911518,0.816134822594591,0,0.214978712741218
148.12,0,540.175333658329,0.0416741054448611,0.815589647851376,0,0.216386265736415
148.13,0,541.780631455479,0.0433443455362108,0.815387209093235,0,0.215799701586762
148.14,0,543.398359037541,0.0420192294524756,0.814608834717675,0.00129773784640793,0.214499277054663
148.15,0,545.028577034796,0.0419055164582706,0.817942087832713,0.00183494368688036,0.216386746902987
148.16,0,546.67134625807,0.0452593555473577,0.816300062960139,0.000358831075509894,0.214738526713707
148.17,0,548.326727697042,0.0426107755728472,0.818320763714142,0,0.212138303542018
148.18,0,549.994782518482,0.0404110162868312,0.816630349214377,0,0.214450800876527
148.19,0,551.675572064433,0.0411149577381443,0.822108280778809,0,0.214501221332972
148.2,0,553.369157850352,0.042114237178655,0.816686645530707,0.00105124873394209,0.215031506769279
148.21,0,555.075601563178,0.0374875707773408,0.820484095537832,0.000769338701643996,0.213295323509698
148.22,0,556.794965059349,0.0406903312719034,0.81996425652279,0,0.216585073650425
148.23,0,558.527310362772,0.0407894214084696,0.820329422068717,0.000425654027910327,0.213128144535411
148.24,0,560.272699662724,0.0378326075623078,0.819709217493476,0.00164344887295867,0.216797420336504
148.25,0,562.031195311694,0.0387486840220802,0.818850846998897,0,0.215190971984963
148.26,0,563.802859823176,0.0356718112821171,0.820015450003809,0,0.216152485540801
148.27,0,565.587755869401,0.035666036046365,0.818369090561457,0,0.215180652997725
148.28,0,567.385946278993,0.0353893248490366,0.821050015935458,7.76335194455494e-06,0.212910081381664
148.29,0,569.197494034598,0.0358731303276029,0.820074748973708,0.00087138566123195,0.216541836188117
148.3,0,571.022462270418,0.0340356141255365,0.819225378543193,0.00054555260158505,0.215208596869475
148.31,0,572.860914269707,0.0325249712635798,0.819894554384102,0.00151266623706995,0.215546776725959
148.32,0,574.712913462192,0.0332726234236088,0.821328806585732,0,0.214635624164013
148.33,0,576.578523421446,0.0326732991629975,0.82025564951895,0.0014581378860371,0.214954124822342
148.34,0,578.457807862183,0.0311704767385157,0.822278795978179,0,0.212829948671541
148.35,0,580.350830637499,0.0332779494737773,0.822337342444862,0,0.218367124392065
148.36,0,582.257655736056,0.0308573136850926,0.822749093689984,0,0.213973945271115
148.37,0,584.178347279182,0.0299812040543228,0.823671947200236,0,0.214213437347415
148.38,0,586.112969517928,0.0303520238762321,0.819262320826959,0.00156261027152848,0.215565082804538
148.39,0,588.06158683005,0.0322291858327949,0.821873937486849,0.00381034636046888,0.216643859999633
148.4,0,590.024263716925,0.02792196655348,0.822737196374532,0,0.214593230737027
148.41,0,592.001064800405,0.0295267940978274,0.825161225852391,0,0.213502561641578
148.42,0,593.992054819603,0.0284802601375996,0.823579591559953,0,0.215718132806216
148.43,0,595.997298627614,0.0256717051567263,0.824615793098762,0,0.214391255615982
148.44,0,598.016861188162,0.0227485094707559,0.819016632622183,0.00113343725160908,0.216782737525356
148.45,0,600.050807572192,0.0245832852560998,0.820823126275,0,0.217231728853826
148.46,0,602.099202954386,0.024039992790244,0.825987328205266,0.00279065544585041,0.213339574487355
148.47,0,604.162112609603,0.0233560557388543,0.823647975314386,0.000179458132427578,0.216264709338303
148.48,0,606.239601909273,0.0219985574032973,0.825204029856328,0,0.215423934334815
148.49,0,608.331736317696,0.0218997361417977,0.823213019544743,0,0.213920934071695
148.5,0,610.438581388285,0.0215419053378536,0.822332001369941,0,0.21513806737974
148.51,0,612.56020275974,0.0230061251339149,0.822634765436453,0,0.213868068576354
148.52,0,614.696666152146,0.0200314565652143,0.825674006041832,0,0.214531337102027
148.53,0,616.848037362997,0.0191977584712649,0.824628818192369,0,0.214689406789148
148.54,0,619.014382263164,0.0191874704764089,0.825456968767255,0,0.213469940044391
148.55,0,621.195766792772,0.0205076443313927,0.82638558019297,4.6120679905773e-05,0.214680850787038
148.56,0,623.392256957015,0.0176095095795246,0.824558404337094,3.71727921265637e-05,0.216685244460051
148.57,0,625.603918821895,0.018277660406802,0.824455329695511,0.00132617074138057,0.21492987441067
148.58,0,627.830818509902,0.0184233089982178,0.827858969026757,0.000496066500045147,0.216594094792174
148.59,0,630.073022195589,0.0171560804072142,0.827047159421179,0.000184384157423048,0.212893803738421
148.6,0,632.330596101104,0.0162920422400473,0.82582756986463,0.00100265281549188,0.214181748235368
148.61,0,634.603606491641,0.0171353143331417,0.827688700848998,0,0.217372575081433
148.62,0,636.892119670802,0.0156682138111465,0.82555387451864,0.00127174929021103,0.214421306081465
148.63,0,639.196201975896,0.0172824999861437,0.826676453327428,0.00127462719276467,0.21201170565752
148.64,0,641.515919773167,0.010763416949942,0.82723171112797,0.000585700985389649,0.214924372846953
148.65,0,643.851339452933,0.0123682046588329,0.829268476248024,0.000804866926062939,0.216583120564143
148.66,0,646.202527424662,0.0109164466540822,0.826798103712405,0.000572858954949454,0.213343603298484
148.67,0,648.569550111966,0.0121503746955551,0.82619720790013,0,0.21453721260828
148.68,0,650.952473947516,0.0145017847397874,0.828967817420952,0.000784364162511301,0.215608728026277
148.69,0,653.35136536788,0.00972483658907662,0.828893144374131,0,0.216911770645156
148.7,0,655.7662908083,0.00834955051044458,0.829310505899687,0.000707101671117543,0.216891286343592
148.71,0,658.197316697365,0.00771526226659245,0.831696064600495,0,0.213814828530277
148.72,0,660.601414276186,0.00835511836876469,0.830117072780032,0.0011211337581664,0.215568126771599
148.73,0,662.705096136822,0.005397153850422,0.833688195236683,5.3254037472487e-05,0.212292013982482
148.74,0,664.722836018808,0.00722756117528996,0.832500165980738,0,0.216195341176353
148.75,0,666.748740069115,0.00480916845378971,0.830193639429987,0,0.214136414045254
148.76,0,668.480651718553,0.00741606309959874,0.832173898632572,0,0.214898963916851
148.77,0,669.842557309959,0.00476857520640176,0.830148411359614,0,0.215285390825148
148.78,0,671.169003506732,0.00499091355255096,0.830547444025943,0.00205519191484893,0.217177345472983
148.79,0,672.491082960425,0.00306923412018445,0.832079330719905,0,0.213523087927194
148.8,0,673.719258851257,0.00624006470540454,0.831791168068167,0,0.215693153095352
148.81,0,674.92370473983,0.00387327410144156,0.833521688440553,0,0.214136743904934
148.82,0,676.135283480804,0.00402993702772304,0.83245920067401,0,0.214631139860388
148.83,0,677.35061881711,0.0064391192073246,0.834248037782436,0,0.215823205749702
148.84,0,678.56826009258,0.00304556160042273,0.834641272601228,0,0.217314187697519
148.85,0,679.793817783242,0.00243687375257779,0.835400910014977,0,0.215969522334377
148.86,0,681.02689662934,0.00123212578517377,0.833644901255258,0.000547321545502143,0.216699846479178
148.87,0,682.26023257621,0.00366027275691217,0.83455626485618,0,0.215471310938886
148.88,0,683.499525358113,0.00337052649579661,0.836039469795056,0.000935870507353297,0.216180477213698
148.89,0,684.747261343419,0.00242685328378916,0.837827204793374,0.000683025386113237,0.215586180072636
148.9,0,685.998321739448,0.00199028969581286,0.835613309349052,0,0.214005217625214
148.91,0,687.251404471594,0,0.835024680555197,0.000622102722368781,0.215060137857684
148.92,0,688.51220677606,0.00148678895524052,0.834034124165692,0,0.213302737634152
148.93,0,689.780131620226,0.000119588032884885,0.838169867175159,0,0.21666623810351
148.94,0,690.762237705374,0,0.834802785328176,0.00224249345092469,0.21340489378542
148.95,0,690.890552431209,0,0.837154670653871,0,0.215054920647072
148.96,0,691.01947020883,0,0.838015665220354,0.00209521635865604,0.215328134871668
148.97,0,691.148985614958,0,0.833885402449545,0.000465284662470118,0.215569968966166
148.98,0,691.279093204273,0.00133025099063537,0.840313596258712,0,0.215129605428859
148.99,0,691.409787509684,0.000744738469635466,0.837921156012442,0,0.216501457575524
149,0,691.541063042597,0.000178319689163341,0.839113589616824,0.000181804419207339,0.217938058672939
149.01,0,691.672914293187,0,0.837421123773489,0.000322729553413353,0.212743758790143
149.02,0,691.805335730664,0,0.839313244841141,0.00105235224298141,0.216427213562499
149.03,0,691.938321803549,0.00128985305074982,0.837866498235032,0,0.216264410868167
149.04,0,692.071866939941,0.000798765358055021,0.839760405857533,0,0.214422241009447
149.05,0,692.205965547791,0.00246949533596089,0.840115506345332,0.00050306832770455,0.216088921210998
149.06,0,692.340612015172,0,0.840328893572968,0,0.21513122346716
149.07,0,692.475800710554,0,0.840798012056219,0.000441527885836368,0.2152929254034
149.08,0,692.611525983075,0.000722518261648501,0.840831232195477,0.000950782744689349,0.213584271030547
149.09,0,692.747782162813,0.00246097913689614,0.841069904386868,0,0.212459809970944
149.1,0,692.884563561061,9.44247781778007e-06,0.841768694461358,0,0.214940909516848
149.11,0,693.021864470603,0.00049075904532095,0.841624795680835,0,0.216288965886726
149.12,0,693.15967916598,0.00056858262158703,0.842040377238943,0.00105191022177515,0.214180245036285
149.13,0,693.298001903774,0.001504351438851,0.842596262104151,0,0.215020921380822
149.14,0,693.436826922875,0,0.841038305864266,0.000379346437629445,0.214848786796017
149.15,0,693.576148444762,0,0.843541013122044,0,0.21267751194244
149.16,0,693.715960673769,0.000827298687591425,0.844967056989124,0.000762356806080597,0.214887294754302
149.17,0,693.856257797371,0.00153595692655347,0.845215927326643,0.000404244179371116,0.212886151263638
149.18,0,693.99703398645,0.00138761187591196,0.845455517931972,0,0.21677335510256
149.19,0,694.138283395576,0.000287449368517739,0.844755462332718,0.00216141587061462,0.214576074648112
149.2,0,694.280000163281,0.00205974990071844,0.846213382433857,0.00119896440442483,0.21592871957368
149.21,0,694.422178412331,0.00165104617900278,0.843896471111497,0.00134624218693548,0.21515607717686
149.22,0,694.56481225001,0.00256417411377087,0.847095798929955,0,0.213197637113038
149.23,0,694.707895768387,0.00192654947235738,0.841065517502118,0,0.215722415356236
149.24,0,694.851423044598,0.000520504757840193,0.845967981634573,0.00149992857902228,0.214806449394214
149.25,0,694.995388141118,0,0.847391853793902,0,0.214554926385197
149.26,0,695.139785106041,0,0.847118163294252,0.000394767160487036,0.215236668692998
149.27,0,695.284607973352,0.000949523756015728,0.850490100627033,0,0.215777296590552
149.28,0,695.429850763204,0,0.847957681526429,0.000322339487403784,0.217061129778207
149.29,0,695.575507482199,0.00040049875435264,0.849631602902362,0,0.215612998777318
149.3,0,695.721572123655,0.00181644653867687,0.848818271878516,0,0.216743837148295
149.31,0,695.868038667888,0.000136606401277462,0.848613853432817,0.00349484192160322,0.215030539250453
149.32,0,696.014901082489,0,0.849427336997981,0,0.215732441943922
149.33,0,696.162153322594,0.000150120072072721,0.849489248752834,0.00101009733927194,0.214237590936479
149.34,0,696.309789331164,0,0.849664998676358,0,0.215577738337301
149.35,0,696.457803039261,0.000853638666137408,0.851430263606034,0.00108762143639109,0.213253941975489
149.36,0,696.60618836632,4.51572550979199e-05,0.853206652825034,0,0.214262921285048
149.37,0,696.754939220427,0,0.849058822235486,0.00116716158540623,0.215291091183894
149.38,0,696.904049498592,0.00319087135163716,0.850785909990593,0,0.215411568248835
149.39,0,697.053513087028,0.00173313829800047,0.852651946859317,0.000878317994243752,0.21512778123712
149.4,0,697.203323861421,0,0.852298489204835,0,0.216823060798844
149.41,0,697.353475687205,0,0.854350479635725,0,0.215426813491574
149.42,0,697.503962419843,0.000664449315092424,0.852538440450781,0.00143257835763642,0.215280694397883
149.43,0,697.65477790509,0,0.852631612409624,0.000235604083860899,0.216286119661137
149.44,0,697.805915979278,0.00249822213988937,0.853992902060319,0,0.216326357737182
149.45,0,697.957370469579,0,0.853049522356486,0,0.214043399327892
149.46,0,698.109135194289,0,0.857666998386145,0.00150093627474204,0.215704439721269
149.47,0,698.261203963092,0.000792049323476204,0.852775326350286,0,0.216953837479721
149.48,0,698.413570577339,0,0.854604763705418,0,0.217484657413484
149.49,0,698.566228830315,0.000548553093236122,0.854783150624072,0.00137323081361381,0.215025889152951
149.5,0,698.719172507516,0.0031133521193552,0.856589864262972,0,0.216855150724051
149.51,0,698.872395386916,0.00074618674152299,0.854981524718116,0.000681513691849635,0.216396985727888
149.52,0,699.025891239246,0.0011959464371788,0.85538138929904,0,0.2124357946465
149.53,0,699.179653828252,0.000743929847864306,0.855826742114429,0.00103900065879551,0.215179687110413
149.54,0,699.33367691098,0.002841165657099,0.859067884412867,0.000516567803767914,0.216862868422077
149.55,0,699.487954238037,0,0.860232721197113,0,0.215342801335514
149.56,0,699.642479553862,0.00244463141181008,0.855448467689302,0.00156530315479207,0.212433087596247
149.57,0,699.797246597,0,0.859793910471796,0.00180247466845254,0.21503003211796
149.58,0,699.952249100363,0,0.85964433720704,0.00255250132767561,0.216064527869313
149.59,0,700.107480791505,0.000567934405943091,0.858578292015545,0,0.214549045122559
149.6,0,700.262935392889,0.00146148280112797,0.85830492286586,0,0.216440303464457
149.61,0,700.418606622153,0.000454295848952349,0.8597204000366,0,0.213039320048042
149.62,0,700.574488192374,0.000565708491013563,0.862104945692031,0,0.212795066082042
149.63,0,700.730573812343,0,0.859221181468928,0.00327248154269644,0.218255594055831
149.64,0,700.88685718682,0,0.859981292069433,0.00417957323781898,0.216366948353408
149.65,0,701.04333201681,0.00136270775382537,0.859221411119988,0,0.218447621751404
149.66,0,701.199991999821,0.000874681575436665,0.864358934566133,6.01091275584811e-05,0.214914839263555
149.67,0,701.356828209074,0,0.862287845948132,0,0.214160018823031
149.68,0,701.513835577281,0,0.862180932876166,0.000532282893786441,0.213717454294361
149.69,0,701.671009169366,0.000598960993818918,0.860431721893553,0.0016639426240615,0.213818738436768
149.7,0,701.828342671659,0.00108994252427276,0.865184725951732,0.00124045833147258,0.217103339663439
149.71,0,701.98582976831,0.0013722806158471,0.863951626948437,0,0.216584362493745
149.72,0,702.143464141553,0.0010643851888384,0.863884841603777,0.00297474032283788,0.21548784960266
149.73,0,702.301239471965,0.000271745488005843,0.865048566847548,0.000926081620279963,0.212822428712047
149.74,0,702.459149438726,0.000167978116041183,0.865475080963207,0.000344167693915272,0.216679319867913
149.75,0,702.617187719879,0.000503654453619053,0.864569622054948,0.00346120186754815,0.213834701910347
149.76,0,702.77534799259,0.000771237295862347,0.865518204323696,0.00120134781659233,0.214558983810398
149.77,0,702.933623933407,0,0.867499795160616,0.0011646179246015,0.212455243617645
149.78,0,703.092009218512,0.00367110934018621,0.867336997442939,0.00258839517296447,0.214046268315755
149.79,0,703.250497523985,0.000696885040503111,0.867151686043568,0,0.214872877295668
149.8,0,703.409082526056,0,0.86883759978099,0,0.215708900048871
149.81,0,703.567757901361,0,0.866520411426417,0,0.214350381431735
149.82,0,703.726517327201,0,0.866885106940651,0.00107409844767424,0.215145800386467
149.83,0,703.885354481788,0.000591751953302151,0.87007691766078,0.00128182258777077,0.216032083724995
149.84,0,704.044263044507,0,0.868973422845351,0.000997622857140876,0.214102477014792
149.85,0,704.203236696163,0.00216120710499055,0.869659270433261,0,0.217109076930085
149.86,0,704.362269119235,0,0.868819279929246,8.24392197005095e-05,0.215415088139442
149.87,0,704.521353998127,0,0.867810798152277,0.0020903432211462,0.21383312016057
149.88,0,704.68048501942,0.00063600994747837,0.869280331187228,0.000131301244815685,0.213763801867938
149.89,0,704.839655872117,0.00168558084083707,0.869257447041914,0,0.21596388460306
149.9,0,704.998860247898,0.000587425091879604,0.871890174434587,0,0.216040044976117
149.91,0,705.158091841364,0.00111560333694092,0.871240179348449,0.000682147955704527,0.212882777649576
149.92,0,705.317344350286,0,0.870605968327074,0.000869202239283883,0.216673936667146
149.93,0,705.476611475849,0,0.870437727284188,0,0.21692927450581
149.94,0,705.635886922905,0.00123464767867145,0.874214031562244,0.000207114295897107,0.21527963521508
149.95,0,705.795164400206,0.00137104106449602,0.873260783577367,0.000406877860301282,0.216200077051022
149.96,0,705.954437620659,0.00101823426234061,0.874418688848409,0,0.219080817865632
149.97,0,706.113700301566,0,0.874169644838365,0,0.214676091372103
149.98,0,706.272946164862,0.00037788751127462,0.873522193049955,0.00124020505089299,0.217114425423321
149.99,0,706.432168937364,0.000356566191009527,0.872532692786653,0.00352108216685325,0.215293033980825
150,0.1,706.591362351005,0.00144003375754504,0.874981137101949,0,0.214080182741668
150.01,0.1,706.750520143079,0.000244671983830758,0.876671549515808,0,0.216474674305931
150.02,0.1,706.909636056478,0,0.877534068369544,0,0.216493753114124
150.03,0.1,707.068703839927,0.00103103166573052,0.876658707008641,0.00171492680467926,0.213233754047894
150.04,0.1,707.227717248229,0.00123729177965558,0.879378707397669,0.00032015599673903,0.21658479389573
150.05,0.1,707.386670042495,0,0.874409168753088,0.00159385985157215,0.214722493509199
150.06,0.1,707.545555990378,0.000266268200147844,0.874933243099006,0.00150017779968408,0.212904574176362
150.07,0.1,707.704368866318,0.00133865774147625,0.876259732124105,0.00145584639993051,0.214769972468898
150.08,0.1,707.863102451764,3.54455606990098e-05,0.877467093327452,0.000833680039654454,0.21455196035186
150.09,0.1,708.021750535413,0.000831634283952494,0.877881394251424,0.000563763086548123,0.214493027873504
150.1,0.1,708.180306913439,0,0.878913608003923,0,0.215837489457071
150.11,0.1,708.338765389731,0,0.882279837470457,0.000318709618577492,0.214606346041835
150.12,0.1,708.49711977611,0,0.882699675651104,0,0.215017083941783
150.13,0.1,708.655363892573,0.00216043432403881,0.879229731556394,0.00352691493829949,0.214696960094304
150.14,0.1,708.813491567511,0.000234840450890234,0.878812063901561,0.00233658429113633,0.214535235327376
150.15,0.1,708.97149663794,0.000572821270953328,0.87858740587557,0,0.21483966198293
150.16,0.1,709.129372949726,0.000668175897628328,0.879828491109105,0,0.214570503626338
150.17,0.1,709.287114357813,0.00186807231976824,0.882054919278506,0.0010870482655033,0.21720203041601
150.18,0.1,709.444714726446,0.00141067001574466,0.884156450130066,0.00013540284588234,0.21544948274002
150.19,0.1,709.602167929393,8.8186602094478e-05,0.881867026863043,0.00122701998414164,0.216457632852886
150.2,0.1,709.75946785017,0.000668838806888369,0.884015963687765,0.000878164623301535,0.213966209882481
150.21,0.1,709.916608382261,0.00197136950298303,0.884000545861656,0.000800058526368408,0.215451787536431
150.22,0.1,710.07358342934,0,0.88222801272447,0,0.212897660492474
150.23,0.1,710.230386905489,0,0.883038024290848,0,0.215314812045516
150.24,0.1,710.38701273542,0.0011898246455077,0.885257094207623,0,0.217313604558504
150.25,0.1,710.543454854685,0,0.887563611998851,0,0.215037983813415
150.26,0.1,710.699707209904,0.000797782527280273,0.886678182909413,0,0.215618394854837
150.27,0.1,710.855763758972,0,0.884899688068245,0,0.214523462588187
150.28,0.1,711.011618471276,0.00124031326607777,0.888642124744479,0,0.212377885974246
150.29,0.1,711.167265327911,5.67106528062795e-06,0.884698904900904,0,0.214374196502835
150.3,0.1,711.32269832189,0.000848428286420481,0.887654572283491,0.00115925005785926,0.218387339485786
150.31,0.1,711.477911458357,0.00120184930393485,0.887731979443734,0,0.213932427005553
150.32,0.1,711.632898754797,0.000531363287587179,0.889105047753799,0.00340635860135891,0.216225226764447
150.33,0.1,711.787654241249,0.000542375870267209,0.888258895321367,0.000383099771937527,0.212210772553673
150.34,0.1,711.942171960508,0,0.89003105223824,0,0.214578543032528
150.35,0.1,712.09644596834,6.06564449272807e-05,0.887697179004719,0,0.21254858150549
150.36,0.1,712.250470333685,0.000733891896329965,0.885218699235723,0.00167117666421305,0.21419212177875
150.37,0.1,712.404239138861,0,0.892249477168253,0.00153148824522075,0.21482225796071
150.38,0.1,712.557746479775,0.00117548629774656,0.889736791158096,0,0.214492505986092
150.39,0.1,712.710986466119,0,0.888775389546474,0.000560776031057812,0.213397992875077
150.4,0.1,712.863953221577,0.00177204318349966,0.890313833424896,0,0.215237464471513
150.41,0.1,713.016640884025,0,0.893735320171195,1.06959451672348e-05,0.214642626996851
150.42,0.1,713.169043605737,0.00164380763321901,0.891005930319001,0,0.214407238021072
150.43,0.1,713.321155553573,0,0.892937840239899,0,0.21545831020391
150.44,0.1,713.472970909188,0.00102703731842129,0.893346129314082,0,0.213250815187764
150.45,0.1,713.624483869227,0.000892962993887063,0.894277027802101,0.000339630093757131,0.216077867950739
150.46,0.1,713.775688645518,0.0013503500506087,0.894735371542356,0.000403762475985881,0.217191757940964
150.47,0.1,713.926579465269,0.00138635511417409,0.894732538705879,0,0.215625923946884
150.48,0.1,714.077150571266,0.000722480814322986,0.893089125987765,0,0.214694657739257
150.49,0.1,714.227396222061,0,0.893367926456601,0,0.215934564968654
150.5,0.1,714.377310692166,0,0.891582097978957,0,0.214852555170017
150.51,0.1,714.526888272247,0.000973719500624036,0.895509413784488,0.000794823919825785,0.216921168032495
150.52,0.1,714.67612326931,0.00191650927182637,0.894924437967168,0,0.215373354733814
150.53,0.1,714.825010006892,0,0.894054268645973,0,0.21267843035324
150.54,0.1,714.97354282525,0.00127751947031149,0.896794881736743,0.000959504335612256,0.215872367596882
150.55,0.1,715.121716081547,0.000343461767192296,0.897931407756222,0.00159625908766838,0.215567075731047
150.56,0.1,715.269524150036,0.00136597409366545,0.896749246865255,0.000905256928652882,0.216261943110122
150.57,0.1,715.416961422249,0,0.894406950767575,0,0.214056687812332
150.58,0.1,715.564022307177,0,0.900038551078785,0.00216640980703277,0.215542160416244
150.59,0.1,715.710701231458,0.000614131925506979,0.898718116660847,0.00207128423855081,0.213498064044773
150.6,0.1,715.856992639549,0,0.897582835048366,0.000818480167782187,0.21478056108821
150.61,0.1,716.00289099392,0,0.897219756459541,0.00403105485156303,0.216636381939255
150.62,0.1,716.14839077522,0,0.900848414806568,0,0.215820132099793
150.63,0.1,716.293486482466,0,0.89842063719981,0,0.215218519353445
150.64,0.1,716.438172633217,0.00147194325804939,0.897405929607947,0.00165985963213645,0.2128893661135
150.65,0.1,716.582443763746,0,0.897845755033509,0.000354284245112687,0.215358794536377
150.66,0.1,716.726294429223,0,0.901361538836152,0.000415857362642811,0.21478023458092
150.67,0.1,716.869719203884,0,0.901117171021231,0,0.214846363994672
150.68,0.1,717.012712681206,0.000194794212919804,0.898518700568798,0.00113637102148047,0.214520833360459
150.69,0.1,717.15526947408,0.0012923653282172,0.902095990315288,3.50467037504535e-05,0.214542568781687
150.7,0.1,717.297384214981,0.000547649972796908,0.901098987730891,0.000806659759914112,0.215350991085292
150.71,0.1,717.439051556136,0.00133886559574535,0.901127359463154,0.00134800464170668,0.218894594131531
150.72,0.1,717.580266169698,0.000876175654394022,0.900871906194023,0.000443083461840951,0.215183183862556
150.73,0.1,717.721022747911,0.00158764897583833,0.901420234843324,0,0.215174217345248
150.74,0.1,717.861316003276,0,0.903252142493475,0.000355559391258142,0.215792310075679
150.75,0.1,718.001140668719,0,0.904160087523985,0.00072005630537533,0.215015813704425
150.76,0.1,718.140491497753,0,0.903495077340793,0.00105444381607678,0.212648574659753
150.77,0.1,718.279363264646,0,0.903115780610647,0.000412428071616699,0.215333636984129
150.78,0.1,718.417750764578,0.00144252201611094,0.90329272750768,0,0.214780619241475
150.79,0.1,718.555648813808,0.000599655792384589,0.904841661449043,0.00120155924028881,0.213202188191967
150.8,0.1,718.693052249833,0,0.907036845142539,0,0.216046608759268
150.81,0.1,718.829955931543,0.00125716925253119,0.904696529721561,8.49970999386072e-05,0.218114188040248
150.82,0.1,718.966354739386,0.000362140483714727,0.906235582541221,0.00132285545175251,0.213775429269831
150.83,0.1,719.102243575523,0,0.904467968026942,0.00182116507726903,0.214921758480661
150.84,0.1,719.23761736398,0.00210022305807816,0.904563534404849,0,0.214041399325174
150.85,0.1,719.372471050811,0.000630107301647353,0.907889627983722,0,0.216787059505552
150.86,0.1,719.506799604248,0,0.90825695700413,0.000164737091113219,0.214724391830789
150.87,0.1,719.640598014849,0.00174155467253135,0.908158374685643,0.00104552117180408,0.212596621203705
150.88,0.1,719.773861295663,0.00163562942426937,0.90742484624715,0,0.217357048051452
150.89,0.1,719.906584482367,0.000348457682302466,0.908160878172121,0.000672996576111648,0.216144923389978
150.9,0.1,720.038762633426,0,0.910652710203901,0.0025242012149568,0.21623029998845
150.91,0.1,720.170390830237,0.0022933049950476,0.908921348454399,0,0.214520265127511
150.92,0.1,720.301464177279,0.000338261272394666,0.910178990720139,0,0.214026734192982
150.93,0.1,720.431977802258,0,0.909095108404809,0,0.217674074427906
150.94,0.1,720.561926856254,0,0.910224256306228,0.000388509770959731,0.214313864110642
150.95,0.1,720.691306513867,0,0.910608531630875,0.000559422045732027,0.215953904546226
150.96,0.1,720.820111973355,0.000324551154769934,0.911771386895174,0.00170813034643338,0.215615569067946
150.97,0.1,720.948338456787,0,0.909590431814139,0.000441775377795005,0.214963092879001
150.98,0.1,721.075981210172,0,0.907878917614714,0,0.21813483620658
150.99,0.1,721.203035503612,0.0023044815137787,0.909281919436529,0,0.214004967523292
151,0.1,721.32949663143,0,0.913488377756518,0,0.214945933141623
151.01,0.1,721.455359912318,0,0.915069787605304,0.000392248902293993,0.214673829478978
151.02,0.1,721.580620689468,0,0.913220007099391,8.69046296518162e-05,0.214059596814429
151.03,0.1,721.705274330712,0,0.912834688712368,1.36829387020366e-05,0.214850563107699
151.04,0.1,721.829316228655,0,0.91429458722517,0.000393304447875919,0.213598080073881
151.05,0.1,721.952741800813,0.00239588490438964,0.914029586937144,0.000269838218279398,0.21637066857195
151.06,0.1,722.075546489739,0.000263388407811248,0.912302596399536,0,0.21518305907115
151.07,0.1,722.197725763165,0.000378969718038179,0.915032887521836,0.00195198072908636,0.215209256013551
151.08,0.1,722.319275114126,0,0.914616372429368,0.000184602577998839,0.213483349637816
151.09,0.1,722.440190061092,0.000904950861855774,0.913881898524788,0,0.215521195147654
151.1,0.1,722.5604661481,0,0.91276739513989,0.000947454753457333,0.215778449436753
151.11,0.1,722.680098944875,0.000704263016539535,0.916056256542256,0,0.213870887918913
151.12,0.1,722.799084046967,0.000669827776969683,0.915472098859396,0,0.214609520382087
151.13,0.1,722.91741707587,4.13393087787784e-05,0.916067582382453,0.000671806548619219,0.21565696912312
151.14,0.1,723.035093679149,0,0.915375454961585,0,0.215831351011381
151.15,0.1,719.24395580448,0.00145358398045799,0.91789712520076,0.000195479536828171,0.214572111843585
151.16,0.1,716.430869289494,0.000566605753917061,0.915118210909293,0.00074203152512645,0.215085611772553
151.17,0.1,714.5274064283,0.000141356066700799,0.916404423001674,0,0.216123489695956
151.18,0.1,712.752760860719,0.0026855634684634,0.915184269442779,0,0.213912216080703
151.19,0.1,710.975733716569,0.00297610475176894,0.915993631948142,0,0.21351589652585
151.2,0.1,709.197253508531,0.00165282160807209,0.916297735936192,0.000550724550954412,0.211475973077684
151.21,0.1,707.418636714618,0.00678196852042154,0.916347666204609,0,0.215071907271451
151.22,0.1,705.639920523052,0.00575295261913893,0.916729918898451,0.000183563247493778,0.214431616522193
151.23,0.1,703.861074326882,0.00625934319902558,0.916383219473145,0,0.216021431444428
151.24,0.1,702.08207732183,0.00829356818433133,0.919296554222515,0,0.214037393529213
151.25,0.1,700.302910497092,0.00689052942610365,0.921046169425638,0,0.215801779506128
151.26,0.1,698.523555468919,0.00710161044845034,0.918451688656966,0,0.215514533063371
151.27,0.1,696.743994498205,0.00939835512980947,0.921890828334813,0.000973049052503066,0.212607981852887
151.28,0.1,694.964210499867,0.00708242897717945,0.91972072284014,0.00353996217530553,0.213534384614416
151.29,0.1,693.184187040191,0.00638415853616679,0.919528150789216,0.000672582199197839,0.216736105945272
151.3,0.1,691.403908333608,0.00766041503433273,0.921452328047447,0,0.216265145169817
151.31,0.1,689.623359239545,0.00779974522945578,0.920030929287186,0.000635158058875475,0.215781712997713
151.32,0.1,687.842525259264,0.00839561178083473,0.920095055036899,0,0.214834206297446
151.33,0.1,686.061392532667,0.0130503453937902,0.919298218613814,9.90106142177438e-05,0.216017597259896
151.34,0.1,684.279947835071,0.0134998146436791,0.920247815178676,0.000353551238604048,0.213681992188148
151.35,0.1,682.498178573955,0.011476930546265,0.922987551098054,0.0011670504213886,0.217178164723091
151.36,0.1,680.716072785686,0.0127783461034402,0.921634360053621,0.000701595315535949,0.216533719125608
151.37,0.1,678.933619132205,0.0108975553081452,0.92227516999218,3.94868173492106e-05,0.214595713731237
151.38,0.1,677.150806897682,0.0142342021105081,0.924450396871377,0,0.215123102484633
151.39,0.1,675.367625985163,0.0143930710043192,0.921580636171999,0.000598769376872721,0.215454582479316
151.4,0.1,673.584066913159,0.0150101727202475,0.923452388001901,0.00137790671270462,0.216649624067763
151.41,0.1,671.800120812216,0.0149148642509542,0.924366611973947,0,0.213565503995514
151.42,0.1,670.01577942147,0.0120566857518588,0.921535034379856,0.0016871517797922,0.215185312680864
151.43,0.1,668.23103508515,0.0156920340792679,0.923355410668057,0,0.216396803859171
151.44,0.1,666.445880749054,0.0149144884894546,0.923490782062134,0,0.216092699902428
151.45,0.1,664.660309957009,0.0144135918712984,0.923957796880833,0.00142800619625511,0.215030064281915
151.46,0.1,662.874316847288,0.0164543002078665,0.923030816647822,0,0.213409439742293
151.47,0.1,661.087896148994,0.017105729658455,0.925841548941369,0,0.215169283318447
151.48,0.1,659.301043178424,0.0188400668357509,0.924689156049413,0.0020474956072771,0.216791500425415
151.49,0.1,657.513753835396,0.016628608912884,0.925050691870634,0,0.212718716098164
151.5,0.1,655.72602459954,0.0185773142932362,0.926881912672141,0.00036800975981337,0.21576533050843
151.51,0.1,653.937852526568,0.0187770521664765,0.920978148621465,0,0.217876319212641
151.52,0.1,652.14923524451,0.0199918786726178,0.925494927646025,0.00054262180008354,0.214800518039895
151.53,0.1,650.360170949909,0.0207996666256783,0.923164962996261,0.000856119781455275,0.215351259165373
151.54,0.1,648.570658404,0.0203656653206039,0.926821725459233,0,0.215924466154503
151.55,0.1,646.780696928852,0.022052139460353,0.925723213018392,0,0.213997763477967
151.56,0.1,644.99028640347,0.0256332537378753,0.924729375972663,0.000627467800621264,0.217059371222588
151.57,0.1,643.199427259878,0.0234425137794664,0.928990647061418,0,0.215217128617877
151.58,0.1,641.408120479173,0.0235876235888194,0.92723025841614,0,0.216646717281705
151.59,0.1,639.616367587532,0.0267175875574603,0.925741878292739,0,0.216216487854756
151.6,0.1,637.824170652199,0.026532607572322,0.926602633684318,0,0.215898969775918
151.61,0.1,636.031532277451,0.0238473868862211,0.926041018835032,0,0.213140502209811
151.62,0.1,634.23845560051,0.0288960192366114,0.92934357331297,0.00158270356052526,0.214941297238607
151.63,0.1,632.444944287441,0.0276230487827655,0.930007249521466,0.000203692356944476,0.214763472728615
151.64,0.1,630.65100252902,0.027550810665859,0.924311662893743,0.00154516985798412,0.215450615832947
151.65,0.1,628.856635036564,0.0256057661917996,0.9265503971443,0,0.217445732075921
151.66,0.1,627.06184703773,0.0271979690451968,0.929947651288397,0.000449182625279276,0.215480290780903
151.67,0.1,625.266644272297,0.0304366148848706,0.930448112533201,0.00235778399871446,0.215178322621873
151.68,0.1,623.471032987905,0.0311591132368738,0.928417013610163,0.00205477444560301,0.214842038100608
151.69,0.1,621.675019935764,0.0308080741794312,0.929950489329945,0.00046923326689438,0.214904654775947
151.7,0.1,619.878612366349,0.0295350349685686,0.929511589269888,0,0.213631549524887
151.71,0.1,618.081818025048,0.0294120314573902,0.92949690729056,0,0.215092206394108
151.72,0.1,616.284645147787,0.0318554065914397,0.928819407075055,0,0.210802623562328
151.73,0.1,614.487102456634,0.0330667447438371,0.93153462326432,0.000264126569130902,0.215190091968109
151.74,0.1,612.689199155365,0.0328157416131459,0.930419304509945,0,0.2153171379286
151.75,0.1,610.890944925,0.0334941936196412,0.933495166375119,0.002345712758037,0.217866889629346
151.76,0.1,609.092349919325,0.0333792348942204,0.929441806103615,0.000919497503867934,0.216533616639593
151.77,0.1,607.293424760376,0.0319702724273164,0.933761500151301,0.000846431499440476,0.214688630404777
151.78,0.1,605.494180533884,0.036099701671912,0.927957609871297,0.00131573963159195,0.215407211253718
151.79,0.1,603.694628784727,0.0367142642688457,0.934357826060906,0,0.21304957146618
151.8,0.1,601.894781512318,0.0373545201229185,0.931605665437532,0,0.213038343759522
151.81,0.1,600.094651165988,0.0369975034473587,0.932811314881386,0.000409108363277548,0.214233912309016
151.82,0.1,598.29425064034,0.0399194724300125,0.932407451588648,0,0.215323137845983
151.83,0.1,596.493593270574,0.038403898389398,0.93176413929415,0,0.21720487218751
151.84,0.1,594.692692827785,0.0402815705797285,0.93369631554044,0,0.213431161413428
151.85,0.1,592.891563514242,0.0357520842392167,0.933628885913227,0.00193643047993965,0.218302218145594
151.86,0.1,591.090219958641,0.039176567691338,0.931460818389748,0,0.215419879666452
151.87,0.1,589.288677211327,0.0378591481530521,0.933580437269209,0.000254498996910938,0.216402501359154
151.88,0.1,587.4869507395,0.0417945486162105,0.933690870878088,0.00107885057265168,0.217018844773064
151.89,0.1,585.685056422399,0.0406694474869337,0.93135192118078,0.000375600794266184,0.213931028045983
151.9,0.1,583.883010546452,0.0459678096504876,0.932497145070778,0.0019633621336022,0.214959843888161
151.91,0.1,582.080829800414,0.0436297667642904,0.93176920633836,0.00273193987631656,0.215591701859739
151.92,0.1,580.278531270482,0.0430168045814682,0.931946391335265,0.000819317341675881,0.212397363489454
151.93,0.1,578.476132435385,0.044140557837204,0.93393116945163,0.000786040744773094,0.215291250281873
151.94,0.1,576.67365116145,0.0435516384927108,0.934003752253268,0.00321298642229163,0.217079777208636
151.95,0.1,574.871105697656,0.0455146079720546,0.932710626106279,0.00163360469878515,0.214141295433862
151.96,0.1,573.068514670663,0.0453356256750037,0.932671650866242,0.000392683166059695,0.21239829556934
151.97,0.1,571.265897079819,0.0446854401850865,0.934272281717093,0,0.217182109435023
151.98,0.1,569.463272292149,0.046011582845597,0.931613612228746,0,0.214807083424583
151.99,0.1,567.660660037334,0.0480210600870317,0.935273716599111,0,0.215969896746228
152,0.1,565.858080402657,0.0497180548206756,0.934536198019091,0,0.214193027152526
152.01,0.1,564.055553827942,0.0509647428298549,0.932123973481088,0.00299438445398692,0.216696220142387
152.02,0.1,562.253101100476,0.0514395595056649,0.937500225422938,0.000360164071161383,0.212851065062632
152.03,0.1,560.450743349903,0.0514345639448722,0.934740921869118,0.00253959393825203,0.215618612145073
152.04,0.1,558.64850204312,0.0488054014464972,0.935504924058568,0.00149011331275198,0.214435531214666
152.05,0.1,556.846398979141,0.0502929463177984,0.933925461297149,0.00102716385970075,0.213415612896234
152.06,0.1,555.044456283956,0.0537497699127325,0.934027357641677,0,0.212904574694878
152.07,0.1,553.242696405372,0.0547463988992592,0.935881755621272,0,0.213113211036273
152.08,0.1,551.441142107844,0.0527456269580678,0.934088241646714,0,0.213392339344599
152.09,0.1,549.639816467284,0.0553360598330748,0.934657665173925,0,0.214343781996911
152.1,0.1,547.838742865866,0.0569429746765708,0.938256255648262,0.00127120611398819,0.213631151679031
152.11,0.1,546.037944986822,0.0558618043704306,0.935169541345106,0,0.217944068306903
152.12,0.1,544.23744680921,0.0558353478129741,0.934633706556939,0,0.215951412427741
152.13,0.1,542.437272602693,0.0560762765707166,0.937426152172866,0.000699194564697046,0.216371395333096
152.14,0.1,540.637446922289,0.0568126299430059,0.933634320681351,0,0.216691673081559
152.15,0.1,538.837994603124,0.0550458962274825,0.936018739959971,0,0.216290893409753
152.16,0.1,537.038940755172,0.0593456925496284,0.936299281570676,0,0.215922999587724
152.17,0.1,535.240310757985,0.0589220524474985,0.934796207277903,0.000242859017123599,0.217228324426298
152.18,0.1,533.442130255415,0.0592828162529228,0.937869816277158,0,0.216755389034724
152.19,0.1,531.644425150335,0.0617929632845701,0.935372843640402,0.000976478818959898,0.213703588881512
152.2,0.1,529.847221599347,0.0631542643332536,0.93753227003639,0.00109618315959888,0.214803505609796
152.21,0.1,528.050546007488,0.0615581104167667,0.939033171475345,0.00115281488454147,0.215048128618542
152.22,0.1,526.254425022927,0.062536831217614,0.937859707064454,0,0.21332311940041
152.23,0.1,524.458885531663,0.0632148774426794,0.940744606302129,0,0.215819515295826
152.24,0.1,522.663954652218,0.0650316739822455,0.93483221826278,0.00150466446809422,0.214387595547422
152.25,0.1,520.869659730322,0.064091082877937,0.935027290686621,0.000728149769429694,0.215687670132316
152.26,0.1,519.0760283336,0.0653927579984872,0.936456628647504,0.00187013859392701,0.214189808547103
152.27,0.1,517.28308824626,0.0650747802557257,0.937077136397665,0,0.216579825278675
152.28,0.1,515.49086746377,0.0683903966929197,0.93732573994807,0.000345160212994892,0.214058373448544
152.29,0.1,513.699394187547,0.0689656635258816,0.935471042454327,0.00068061273848698,0.217227711219089
152.3,0.1,511.908696819636,0.0672100797809377,0.937630770406259,0,0.217323364833662
152.31,0.1,510.118803957399,0.068061002063016,0.937029362099335,0.00104701048793211,0.213702337158123
152.32,0.1,508.329744388193,0.069354780767993,0.93883056300076,0,0.213438767702634
152.33,0.1,506.541547084067,0.0695281533236929,0.935546606614884,0,0.215954170378293
152.34,0.1,504.754241196447,0.0693867184883588,0.938288719647331,0.000539101646303552,0.215768023217204
152.35,0.1,502.967856050833,0.0678928306693132,0.938414441402576,0,0.215002011036499
152.36,0.1,501.1824211415,0.0721693406634383,0.935961827345485,0,0.213390321456526
152.37,0.1,499.397966126198,0.0698477343680948,0.935091033783048,0.000288363616036845,0.215099804121285
152.38,0.1,497.614520820865,0.0726721046731458,0.936281169899944,0.000429895423490824,0.213308498372509
152.39,0.1,495.832115194345,0.0753004165517813,0.93790434821185,0,0.216676043805445
152.4,0.1,494.050779363109,0.0776192043752239,0.937685218695283,0.000272143402485222,0.214052209220666
152.41,0.1,492.270543585984,0.0778281402744336,0.935667650829185,0,0.214058041262627
152.42,0.1,490.491438258899,0.0769090775167104,0.937396744576566,0.00194070971918377,0.215292756928774
152.43,0.1,488.71349390963,0.0759787486264235,0.935319322278464,0.000527405381163202,0.215853136160114
152.44,0.1,486.936741192558,0.0776994876663545,0.939496565724421,0.000491357702407566,0.214490248731753
152.45,0.1,485.161210883445,0.0771523366021351,0.936062799301683,0,0.21501873836986
152.46,0.1,483.386933874207,0.0793823217518007,0.936389313272772,0.000978141860613785,0.215097997838485
152.47,0.1,481.61394116771,0.07912905100046,0.935774796867579,0,0.21612232389674
152.48,0.1,479.842263872577,0.0805982505445705,0.938725439232357,0.000892347052558799,0.214999040075022
152.49,0.1,478.071933198004,0.0795980659720372,0.937664824356267,0,0.214575048828688
152.5,0.1,476.302980448592,0.0836146309068476,0.938933063955284,0,0.216268402209479
152.51,0.1,474.5354370192,0.0812938062261563,0.939134760228395,0.000375346962637122,0.215326124352971
152.52,0.1,472.769334389798,0.0824457333210384,0.939344473468634,0.000280175202558215,0.215890102391371
152.53,0.1,471.004704120353,0.0831663720781871,0.937511054910641,0.00350045328807516,0.214786129810347
152.54,0.1,469.241577845725,0.0848917746562779,0.936102572727224,0,0.217727290368796
152.55,0.1,467.479987270572,0.0859809655090439,0.936744998088313,0.000169915086524738,0.21374276214644
152.56,0.1,465.719964164286,0.0850090422513913,0.938934280436545,0,0.213845578631116
152.57,0.1,464.025970294411,0.0866225984449833,0.9371307579229,0,0.214872017028262
152.58,0.1,462.778116415257,0.0854990272516469,0.93707102422216,0,0.215058054982137
152.59,0.1,461.637720760937,0.0893440821479008,0.935878105771018,0,0.214663363641714
152.6,0.1,460.493300570636,0.0876461169298049,0.938750671801944,0.000163314803665168,0.214522274642925
152.61,0.1,459.696443343542,0.0917921306158219,0.935203967196536,0.00177335478499233,0.215040283505216
152.62,0.1,459.286975799252,0.088430172946961,0.936492567854175,0,0.213695772873809
152.63,0.1,458.897024282889,0.0890772517115159,0.939504769219609,0,0.215075482947927
152.64,0.1,458.527659640885,0.0874593844582242,0.937574150849518,0.00128567201110473,0.2131257841664
152.65,0.1,458.35678631759,0.0880791173208986,0.937549530230951,0.00133142675564551,0.214912882666323
152.66,0.1,458.230196675194,0.0868030504270317,0.935310624865822,0,0.215413181909174
152.67,0.1,458.096870637254,0.0900078787300552,0.938225716063013,0,0.213705177819153
152.68,0.1,457.957549132524,0.0876492516681436,0.939018401587287,0.000531011966601902,0.212332560859408
152.69,0.1,457.812798702453,0.0930703247786242,0.937608827043448,0,0.214902705474663
152.7,0.1,457.661905717507,0.0887149591012553,0.936275047738801,0,0.212515719977571
152.71,0.1,457.504953261257,0.0914269333621851,0.93529064511699,0,0.215728137090113
152.72,0.1,457.342750617857,0.0882463049838417,0.938755530343655,0,0.215824976495599
152.73,0.1,457.174610181648,0.089249642844191,0.935290121088798,0.00209142626113722,0.216028554029338
152.74,0.1,457.000312550754,0.0903075405011686,0.938255973712334,0,0.214937662048978
152.75,0.1,456.820546419155,0.0896943107948644,0.936559147442766,0,0.215386543906583
152.76,0.1,456.635404037504,0.0899942846938956,0.935687724419167,0.00140085268020843,0.215706459670706
152.77,0.1,456.444191760147,0.0896996444659664,0.936354360693441,0.000420987107332514,0.213247152999846
152.78,0.1,456.247042227675,0.0904794930841189,0.937775852537752,0,0.214516698999215
152.79,0.1,456.045005633771,0.0887307786727223,0.938470349553144,0.00215825650058747,0.216650486112728
152.8,0.1,455.837187344347,0.0888564364625704,0.936315702174033,0,0.211606644327549
152.81,0.1,455.623301689464,0.0908534026064022,0.935406691723017,0,0.214361691742214
152.82,0.1,455.404229104242,0.0886531010545516,0.937879669440704,0.000328335897437577,0.213799885759854
152.83,0.1,455.180086917334,0.0909395427867062,0.936569292059871,0,0.215021597052803
152.84,0.1,454.949987313289,0.0893678458377991,0.93513089567506,0,0.214955493354674
152.85,0.1,454.714091278824,0.0900232770639533,0.938596952705073,0,0.21611512128142
152.86,0.1,454.47369415848,0.0896643604388758,0.935437726249045,0.00238839530265948,0.217253381270591
152.87,0.1,454.227691794845,0.0911292988866198,0.937129354113799,0.000703261082318095,0.215516539657663
152.88,0.1,453.975731256628,0.0891308830186108,0.937047336406619,0,0.213725190830746
152.89,0.1,453.718850694792,0.0898290365070752,0.936320489008146,0.000129727376196877,0.21577522812439
152.9,0.1,453.457188459064,0.0891006448888123,0.935607705238545,0.00399513498348026,0.213928296146825
152.91,0.1,453.189697791342,0.090324932780365,0.934529608761175,0.00108219349578245,0.217088743883412
152.92,0.1,452.9165658582,0.089423852159106,0.935753852381224,0,0.214551155678348
152.93,0.1,452.639304509539,0.0910397754588959,0.932809383239435,0.000783657701588742,0.212936719485617
152.94,0.1,452.356624743604,0.0924808499254685,0.936461353290682,0.00127883573174918,0.213437949427312
152.95,0.1,452.068114422092,0.0937952148226458,0.935072857776599,0.00163415049293563,0.21472996662591
152.96,0.1,451.774969846583,0.091221513963198,0.936450164950289,0,0.214797705246624
152.97,0.1,451.477350205446,0.0913541767165702,0.934882059623817,0,0.214985267116345
152.98,0.1,451.174048997583,0.0911211875891196,0.933859132441469,0.00455236050013101,0.216187149584646
152.99,0.1,450.865277712971,0.0909960014590839,0.934213903086564,0,0.215608880007802
153,0.1,450.552754804301,0.0928840282611313,0.934082674971719,0.00125129218252236,0.21590728952951
153.01,0.1,450.235014842992,0.08954901429737,0.933828765368454,0.00149712626821044,0.215779329829815
153.02,0.1,449.911589134773,0.0904445487201176,0.934792429977719,0.000549611060682733,0.213917389876415
153.03,0.1,449.583828589297,0.0910285934052627,0.933532367059008,6.9506636333713e-05,0.214737040618104
153.04,0.1,449.251912652424,0.0914351826784158,0.93547993726547,0,0.215237848166703
153.05,0.1,448.91447840651,0.0899547928564752,0.934407618375525,0.000245768233042829,0.215020519772513
153.06,0.1,448.571756963545,0.0914382789403988,0.932629065804417,0.00111851413440018,0.216976162271228
153.07,0.1,448.225644813909,0.0957823122347397,0.931890300525761,0.00177680089469696,0.216996942414532
153.08,0.1,447.874524964618,0.0925209669129734,0.934424247646033,0,0.214028678321121
153.09,0.1,447.517880227065,0.0920832818733474,0.931956841324265,0,0.215308780854468
153.1,0.1,447.157212268348,0.0940640412113513,0.934896672944915,0,0.211938360029748
153.11,0.1,446.792720134551,0.0924683821034998,0.931570884815283,0.00202795320531072,0.214799603758115
153.12,0.1,446.422888109955,0.0924893909671801,0.931268745321182,0.000174672993905625,0.215262547127672
153.13,0.1,446.047974672514,0.0931702888518732,0.931747050552798,0.00147937052962922,0.213006559221931
153.14,0.1,445.670099425102,0.0909968209079075,0.931781740525529,0.00320601725658276,0.213497368714479
153.15,0.1,445.287453656023,0.0946388020787863,0.931575710026498,0.000525353978739014,0.216372729061432
153.16,0.1,444.899458258629,0.0930330300516133,0.931785935432661,0.000777015015807832,0.214141972417439
153.17,0.1,444.507716317733,0.0941042125574456,0.931433870904835,0,0.213752878139846
153.18,0.1,444.112440788203,0.0948363228460816,0.930451429874404,4.33120175000816e-05,0.215603009654051
153.19,0.1,443.712014266111,0.0916690800311791,0.929120681161346,0,0.213129800260735
153.2,0.1,443.306703290759,0.094053654858921,0.930347935463552,0,0.216000745109574
153.21,0.1,442.898713358169,0.0959827451885197,0.930032271281198,0,0.21345272883935
153.22,0.1,442.486164359745,0.0944106458930886,0.93177998963427,0,0.214965127889675
153.23,0.1,442.068454857197,0.0932975570535659,0.929924497952141,0,0.216653235403393
153.24,0.1,441.647281969147,0.0961488111013347,0.930001910385411,0.000746942413698476,0.21410966377855
153.25,0.1,441.222871266766,0.0984613565715171,0.928657995838066,0,0.212124236851967
153.26,0.1,440.79351094914,0.098741720135616,0.930118180712045,0,0.217292160225225
153.27,0.1,440.359488296921,0.096795916328586,0.92875575742726,0.000750727878355094,0.215468715954065
153.28,0.1,439.923167398962,0.0952439134159204,0.931158566456615,0.00145973931658902,0.214943934699276
153.29,0.1,439.482532284917,0.0963648722711236,0.928608216635516,0.00200906204880917,0.212458131170938
153.3,0.1,439.036937698971,0.0966057158808391,0.929432515470721,0.00186409510991188,0.214002309845828
153.31,0.1,438.588204719471,0.0975747603850538,0.931724263023655,0,0.216846272143611
153.32,0.1,438.136575032604,0.0966062400236866,0.929936608598274,0,0.214498649492969
153.33,0.1,437.680210731323,0.0966663599608646,0.927808689414785,0.000482019727923096,0.214412254601886
153.34,0.1,437.219416871255,0.0981481195132703,0.930834069270231,0.00352064960651585,0.213019137814888
153.35,0.1,436.756714515778,0.0989734724229657,0.92936849394936,0,0.214831015431543
153.36,0.1,436.289953183244,0.100116238432243,0.927163282683178,0,0.215588478197746
153.37,0.1,435.818444027775,0.0965400872100836,0.929375254841736,0.000207108750259262,0.215297250099688
153.38,0.1,435.344116565916,0.0957286236051638,0.928508741007122,0,0.213626588322492
153.39,0.1,434.867226728356,0.0971090104279264,0.928401578131405,0,0.215084857567197
153.4,0.1,434.385826263704,0.0990987769040478,0.927169300898652,0,0.216146269419715
153.41,0.1,433.900239910058,0.10002374084284,0.928246767708874,0.00120063636746235,0.215732499176715
153.42,0.1,433.413150790307,0.09936974434391,0.926660556228861,0,0.21369285933298
153.43,0.1,432.922268991275,0.099903022367945,0.928806513261412,0,0.214591131932209
153.44,0.1,432.426860235128,0.0977894245015078,0.926670061683195,0.00107916163790875,0.214641440052483
153.45,0.1,431.973038369921,0.0981581553968136,0.927893625628378,0.000886265158329044,0.214408359550039
153.46,0.1,431.566096719443,0.0971620933757125,0.927283761320685,0.000344227909739499,0.21468495453236
153.47,0.1,431.157879966486,0.0996903469019974,0.928294811124949,0.000401809720269511,0.216830310453299
153.48,0.1,430.757385600762,0.0995823931913024,0.92597909821399,0,0.214758944535841
153.49,0.1,430.440379064583,0.0985755488003447,0.925222842600452,0,0.213861941675076
153.5,0.1,430.140448090184,0.09916323290693,0.924420272883056,0,0.214523187343279
153.51,0.1,429.835607800476,0.10051537026761,0.9271524940732,0,0.213910307998051
153.52,0.1,429.565814790839,0.100417621567661,0.923373186428311,0.00047774887634626,0.213684522177389
153.53,0.1,429.33593106028,0.0996401592259188,0.925301002033921,0,0.217523143833061
153.54,0.1,429.104246713155,0.102024700744408,0.92374850766389,0.000112106109732557,0.214939383095035
153.55,0.1,428.874017688207,0.0984164766482703,0.924521244163036,0,0.214504308251925
153.56,0.1,428.684112307763,0.101317495735436,0.924343160751813,0.000395753374463621,0.215903509206777
153.57,0.1,428.500672775658,0.100812983919188,0.922538801037579,0,0.218570382655914
153.58,0.1,428.312464626718,0.103198951813975,0.924386102826117,0.000816813469264461,0.217580785287323
153.59,0.1,428.140256667963,0.100225978409363,0.92427328142989,0,0.214508362209586
153.6,0.1,427.986618779351,0.0994305384308499,0.922144052524964,0.00120952540308996,0.213431466098459
153.61,0.1,427.829887922025,0.10109227673549,0.923659754808063,0.000173558166960773,0.21397648184379
153.62,0.1,427.671871201071,0.100866148607861,0.922689717021142,4.91658921172666e-05,0.213230582905683
153.63,0.1,427.533461225985,0.0972338569879364,0.923564521949296,0,0.216269914828599
153.64,0.1,427.396498659516,0.0989973660387508,0.921568433278196,0.000163998916271008,0.214047726462914
153.65,0.1,427.254949600461,0.101517658765369,0.921939509355268,0.000906261423499643,0.213496511074195
153.66,0.1,427.121326902619,0.0978848994409005,0.920181958147096,0.000687690459413596,0.214631421028069
153.67,0.1,426.997198592463,0.0997478444320745,0.922622131374235,0,0.213064840801397
153.68,0.1,426.869526613853,0.0994361596428492,0.924080714373346,0.000615284995072014,0.214799635904577
153.69,0.1,426.739814431918,0.101039714238106,0.921104707142648,0,0.213600577188055
153.7,0.1,426.623105549849,0.101835537736138,0.92257776427696,0.00146284768791472,0.215108646648344
153.71,0.1,426.506334199491,0.100715905398195,0.922308630611193,0,0.213048758589534
153.72,0.1,426.385152228737,0.100083493284691,0.920562534698731,0,0.212509279262116
153.73,0.1,426.268942206898,0.100808495481301,0.918815920172279,0,0.217441706484314
153.74,0.1,426.158897190977,0.0997209529306253,0.918920374762176,0.000185491179215277,0.215526501213221
153.75,0.1,426.045248249478,0.0988474312842288,0.920605434296125,4.55292968841137e-05,0.213614712556997
153.76,0.1,425.929072493974,0.100101841993495,0.918335790693199,0.000163154159864244,0.21610836737365
153.77,0.1,425.821355188357,0.102322970989049,0.916031915851728,0,0.216181993266504
153.78,0.1,425.712582078823,0.100583062545981,0.921150642584451,0,0.216068549634704
153.79,0.1,425.599582217142,0.101106102170434,0.916012848553232,0,0.217202759720798
153.8,0.1,425.489839013841,0.101935277050694,0.91935488395884,0.000619632847122115,0.216872515001467
153.81,0.1,425.384316896809,0.0991375683547996,0.917792597805841,0,0.215678516157319
153.82,0.1,425.275231173101,0.100246028140313,0.915525431698013,0,0.214880462737038
153.83,0.1,425.163539873241,0.101318606728624,0.917348353149152,0.000300556940382423,0.215393140144681
153.84,0.1,425.058594596644,0.103804492043954,0.914850230778184,0.000528803684180669,0.214300366094264
153.85,0.1,424.95231001561,0.10337829598485,0.915167408975268,0.000163775165210251,0.213526012999137
153.86,0.1,424.841986056518,0.0991601367820552,0.918436897786031,0.00135328166086317,0.215561353926553
153.87,0.1,424.733758910045,0.100883666360003,0.915090322361786,0,0.217590518262498
153.88,0.1,424.62843411091,0.102257914278175,0.916612052545835,0.000793520780769461,0.216727774918036
153.89,0.1,424.519634695381,0.0991146064210796,0.916228541378961,0,0.214921276028584
153.9,0.1,424.408268006071,0.101976449793269,0.91425764691204,0,0.215491902523875
153.91,0.1,424.302726273467,0.100044906261468,0.916337356465606,0,0.211441918840231
153.92,0.1,424.195764327464,0.101272822851935,0.912318423066487,0,0.215061761489863
153.93,0.1,424.084957134799,0.102728358395207,0.91320051550755,0.00150820659037761,0.215721856634056
153.94,0.1,423.975881630775,0.102149572358756,0.911522048552197,0.000486493433901981,0.216487652898874
153.95,0.1,423.869280824306,0.0989226685081976,0.912612375407942,0.000237294336995742,0.213050723142469
153.96,0.1,423.759360986128,0.101571713264528,0.916327570818877,0,0.215805651651805
153.97,0.1,423.64692377544,0.102018675523765,0.909205921502725,0.00112623919389368,0.214878138764809
153.98,0.1,423.539470570295,0.101570575412615,0.913853667766975,0,0.215321447927125
153.99,0.1,423.43054089656,0.100657687754051,0.91093722115781,0.00167924752760517,0.216368687603118
154,0.1,423.317967302914,0.100461311680965,0.908781153076999,0.000426274046387106,0.214557656024405
154.01,0.1,423.207572923198,0.099643785475022,0.910231343164582,0.00165693167719029,0.215852912084329
154.02,0.1,423.100138365712,0.0987086151533717,0.910684876785118,0,0.214502226921224
154.03,0.1,422.98960909313,0.101795758211255,0.911899165545257,0.0013207043176093,0.215065246445456
154.04,0.1,422.876745605695,0.100842104308751,0.910112174656758,7.46123085285146e-05,0.215394047310218
154.05,0.1,422.768958409164,0.10436800887193,0.908111122510561,0,0.217259812847832
154.06,0.1,422.659877634617,0.100883633015598,0.910333142136923,0,0.215581651051469
154.07,0.1,422.547358991737,0.103492071195656,0.911681623821755,0,0.216553930610808
154.08,0.1,422.436165178135,0.103510025974874,0.908579247794161,0,0.214841504364957
154.09,0.1,422.326951333229,0.101753518823923,0.908899752479384,0.000790617645005887,0.215493001556795
154.1,0.1,422.214772108354,0.102484330646411,0.908637013278979,0.000310050642784145,0.213092309393948
154.11,0.1,422.100362960408,0.101330566418435,0.908001859402471,0,0.21619624589245
154.12,0.1,421.990455420291,0.10208536824928,0.908182944037256,0,0.217611194410725
154.13,0.1,421.879273228393,0.102081486028008,0.909691758692488,0,0.213525743996326
154.14,0.1,421.764867116007,0.100518831073138,0.905644117316432,0,0.212482407688532
154.15,0.1,421.652492979206,0.0995728465539672,0.908340619823101,0,0.218601081571018
154.16,0.1,421.542875951649,0.100541370319581,0.905139111004651,0.00213380759864603,0.213896016691238
154.17,0.1,421.43055038826,0.100651728932617,0.908228960524032,0,0.216942728958929
154.18,0.1,421.316235010876,0.10111813610952,0.906191844329206,0.000276874466960347,0.213840296656426
154.19,0.1,421.206848155243,0.101618174174574,0.905296558150784,0,0.214931311736269
154.2,0.1,421.096463429499,0.099751135643437,0.905399416587066,0.00150581715885763,0.2128027594681
154.21,0.1,420.983072750143,0.103399190176846,0.904485060165228,0,0.215257974816602
154.22,0.1,420.871438299725,0.10334232726236,0.903928610856273,0,0.215871284354203
154.23,0.1,420.762230744521,0.101409787173114,0.905294939343554,0.00135658514518285,0.211232910334664
154.24,0.1,420.650499049636,0.100482365652502,0.903268347215699,0,0.214279824486131
154.25,0.1,420.536887878813,0.101938707508334,0.904254133010011,0,0.212756794049653
154.26,0.1,420.427636788063,0.103277100937735,0.904389990187057,5.00297040805703e-05,0.213651571147495
154.27,0.1,420.317415355697,0.102162672540659,0.903952697831917,0.000313616693653034,0.2176020455848
154.28,0.1,420.204412644555,0.10466404414676,0.903539520146209,0,0.214086101051784
154.29,0.1,420.093011813819,0.0979552887082839,0.902329363272701,0,0.217075785332437
154.3,0.1,419.983840171265,0.102016459283439,0.900417201762324,0,0.215034933202727
154.31,0.1,419.872342910843,0.100486328640721,0.902611487138128,0.000695419524789519,0.214464033503856
154.32,0.1,419.759153895021,0.100237409836762,0.903919552727718,0.00102639109780001,0.214995596329772
154.33,0.1,419.65026849631,0.100371404446368,0.899741806683135,0,0.215211983979054
154.34,0.1,419.54057412186,0.102119160036984,0.900307988995556,0,0.216301259772507
154.35,0.1,419.428327930795,0.100870286285343,0.90147035445939,0.000753076187422924,0.213901418493746
154.36,0.1,419.317977215851,0.101514519167083,0.899287599002882,0.00125213343093736,0.215069224658957
154.37,0.1,419.210165454848,0.101309303824682,0.900008313154015,0,0.213919384431204
154.38,0.1,419.100267282435,0.103114743041932,0.898222132412372,0.00137392536148389,0.215508956908059
154.39,0.1,418.988866879347,0.104166708760596,0.899248336057223,0.00055707591031859,0.215039696419359
154.4,0.1,418.881723062717,0.100552395082172,0.897045865497574,0,0.212761508240424
154.41,0.1,418.773937238494,0.102399902674261,0.89932241475802,0.00111908554380428,0.21532066833538
154.42,0.1,418.663833520114,0.103584145420421,0.895826156927337,0.00215508409842417,0.215814493756994
154.43,0.1,418.555266029102,0.10601778840604,0.896783244962218,0,0.215833711875519
154.44,0.1,418.448805580095,0.101999823855614,0.896455668320684,0.000529632854551231,0.215337939674038
154.45,0.1,418.340448350015,0.102631200480944,0.895290963139319,0,0.211842268620871
154.46,0.1,418.23064753334,0.103520923781447,0.895343231285232,0.00132392166586894,0.215294775569447
154.47,0.1,418.124074622484,0.100171688628554,0.894261256139804,0.00253500345468329,0.216990041309622
154.48,0.1,418.016776521328,0.100996219519537,0.894085440559314,0,0.213949037532815
154.49,0.1,417.907399438638,0.100819496104204,0.895924094742431,0,0.213113214290096
154.5,0.1,417.798888233121,0.102454325442559,0.89354176285986,0,0.21558338142903
154.51,0.1,417.691692829334,0.105845639582043,0.89348683529219,0,0.212640081558282
154.52,0.1,417.582767519122,0.101765256539186,0.894105996337296,0,0.214099630398182
154.53,0.1,417.472613078408,0.101612093207007,0.893557337023246,0,0.213801051582283
154.54,0.1,417.365698353078,0.102785120255984,0.892967571219279,0.00177956617819482,0.216740929919174
154.55,0.1,417.258245670914,0.100881897097031,0.890815941709411,0,0.215162430697558
154.56,0.1,417.14895714878,0.102338858806979,0.896191883886754,0.000924759732345938,0.215991298576102
154.57,0.1,417.040951258333,0.10393748086017,0.892426814389048,0.00157957715350165,0.216850587971251
154.58,0.1,416.934707468788,0.102031827813039,0.890213944252921,0.00119008195262901,0.21535052606194
154.59,0.1,416.826994907645,0.10252103309883,0.892564825211733,0,0.212958294215434
154.6,0.1,416.718204309637,0.104263141883047,0.893721373566355,0.00232231427854534,0.216053005270746
154.61,0.1,416.612260799352,0.0989273320977029,0.890130693133166,0,0.214507847321497
154.62,0.1,416.505863945054,0.1029920227501,0.889887857302982,0.000740696506643128,0.214506038836352
154.63,0.1,416.397877598298,0.101063731244235,0.88894188531796,9.91056804853218e-05,0.21525063485791
154.64,0.1,416.290956634353,0.10149187210776,0.887949684688995,0.00129369935266047,0.215778795070899
154.65,0.1,416.185519602963,0.102506231553792,0.89024105858729,0,0.216447399693199
154.66,0.1,416.078824024247,0.102928296725672,0.889006652305636,0.00037388302738165,0.214678738712428
154.67,0.1,415.971238740722,0.101469645023055,0.88701348408013,0.000863549980460795,0.216208992215235
154.68,0.1,415.866310577054,0.101534015482531,0.884456150772295,0,0.214874725130602
154.69,0.1,415.761067715457,0.100285963800318,0.886603831297436,0.0024776195906778,0.213762869560534
154.7,0.1,415.65448499094,0.103593661085592,0.887742874076762,0,0.215818049951384
154.71,0.1,415.54882233716,0.104051831111729,0.885295453208513,0,0.213589302249221
154.72,0.1,415.444445999466,0.10138742497104,0.884327813368351,0,0.216552317365883
154.73,0.1,415.339029630424,0.101855574386746,0.885408239040846,5.94336158926455e-05,0.216000796650851
154.74,0.1,415.232741358422,0.102292139865587,0.884280702298725,0.00142779992468202,0.215452264882326
154.75,0.1,415.127707900778,0.100178974134268,0.882547238901767,0.000619952598682228,0.213780885695458
154.76,0.1,415.022182226782,0.102966265321429,0.885698381085927,0.00403576636523959,0.215577729452392
154.77,0.1,414.915568396651,0.104567338007062,0.884680776182078,0.000496315089437008,0.216011874789119
154.78,0.1,414.807894599015,0.103003907753845,0.883727303480687,0.00143639063381071,0.217124622229041
154.79,0.1,414.699203237455,0.101962793885698,0.883994865857393,0,0.217009137010569
154.8,0.1,414.589531286846,0.100719199402497,0.88217574410303,0,0.214849553915637
154.81,0.1,414.478915436286,0.100219581003561,0.881827048472735,0,0.215440531035805
154.82,0.1,414.367392457461,0.102934729434712,0.881914208172819,0.00140947441723344,0.213828981208793
154.83,0.1,414.254999166372,0.103355292308271,0.88344868179033,0,0.216037081239472
154.84,0.1,414.141772416361,0.101429021530339,0.880635802850015,0.00181486806235239,0.214374923503998
154.85,0.1,414.027749096149,0.102224006996248,0.880443824893468,0.00272362703358703,0.212144063947414
154.86,0.1,413.912966127798,0.102429569073579,0.877871734771756,0,0.215667318206557
154.87,0.1,413.79746046464,0.100616651188179,0.880774427003364,0.00182271501095581,0.214889516289823
154.88,0.1,413.681269089236,0.101345432621116,0.8773541369421,0.000317586432212758,0.217040818755687
154.89,0.1,413.564429011347,0.0995175503630921,0.880748891050153,0.000265470167606651,0.216045931945632
154.9,0.1,413.446977265949,0.104735511607189,0.879174020344246,0.000146272889216766,0.215982767799252
154.91,0.1,413.328950911275,0.103038952896894,0.87713641338406,0,0.215238269706503
154.92,0.1,413.210387026858,0.103154519307611,0.878286437540847,0.00242362755797321,0.213171219211302
154.93,0.1,413.091322711634,0.101723037863584,0.879520779618695,0.0020238724088138,0.213900041552956
154.94,0.1,412.971795082058,0.103901638090017,0.877423533682983,0.00023099742773976,0.214474756730935
154.95,0.1,412.851841270238,0.104015831879001,0.87722676385288,0,0.215459312886009
154.96,0.1,412.731498422114,0.102526847421164,0.874567472201591,0,0.21611802306134
154.97,0.1,412.610803695655,0.10458587051469,0.876915226874353,0,0.213883877787933
154.98,0.1,412.48979425909,0.103605433834658,0.878003620944704,0,0.217679922640421
154.99,0.1,412.368507289148,0.103106165186198,0.874801909823778,0.000475545210334425,0.214237045863532
155,0,412.246979969364,0.101763337505325,0.873901814862157,0.00171964664228234,0.212397199081003
155.01,0,412.125249488376,0.104740187746127,0.875870403841579,0.000368543506798045,0.214908297491419
155.02,0,412.003353038266,0.10204720818776,0.873973458273966,0,0.211822673507276
155.03,0,411.881327812943,0.10247888615263,0.873910162913422,0,0.216156822664391
155.04,0,411.759211006523,0.101669414141726,0.870828122250066,0.000673607699020114,0.214722312124163
155.05,0,411.637039811769,0.101498167116599,0.872439814656133,0.000314091928965562,0.213767580613618
155.06,0,411.514851418548,0.101345657877811,0.874038110265274,0.00100800707693003,0.216451311721882
155.07,0,411.392683012313,0.102831413693424,0.87286606570786,0,0.215997264701534
155.08,0,411.270571772617,0.102341568890071,0.871485179857573,0,0.214338424441911
155.09,0,411.148554871666,0.103697975656261,0.872374121407753,0.00132572843161041,0.215702707360709
155.1,0,411.02666947289,0.102242823885869,0.870612478599472,0,0.214437208789303
155.11,0,410.904952729541,0.102345234588041,0.866687299010893,0,0.214401719332013
155.12,0,410.78344178334,0.103820196588674,0.869559684465703,0,0.215489111484594
155.13,0,410.662173763134,0.100087721499358,0.869059699811777,0.00258396212725389,0.215763117199844
155.14,0,410.541185783589,0.101905805333433,0.868366786892379,0.000126992951484276,0.214224003189752
155.15,0,410.42051494392,0.102751353920819,0.870448462094213,0,0.214676527654502
155.16,0,410.300198326641,0.10405388521161,0.87058099595059,0,0.217471682381942
155.17,0,410.180272996351,0.102644194490415,0.867806231225194,0.00132692629974945,0.216257181193872
155.18,0,410.060775998548,0.100741650472987,0.867518619462309,0.000670905585874524,0.212877851139654
155.19,0,409.941744358478,0.101210922047357,0.868301197222755,0.00189080101721608,0.212095226014487
155.2,0,409.823215080007,0.103760984094497,0.867194643386268,0,0.213739936306228
155.21,0,409.705225144521,0.100733034471407,0.866263016514383,0.00187398067015169,0.215294261599931
155.22,0,409.587811509878,0.10153008112906,0.866203274257294,0.000523564930796886,0.215532522906974
155.23,0,409.471011109355,0.102443012984332,0.865330749903855,0,0.213265821235402
155.24,0,409.354860850658,0.105469996249067,0.868088932248896,0,0.212422466025576
155.25,0,409.239397614946,0.103517221937279,0.866328082059645,0.000585088568599638,0.214406646469794
155.26,0,409.124658255884,0.101375748439895,0.863936826875605,0,0.216288848567211
155.27,0,409.010679598733,0.101894112193663,0.864176734936241,0,0.213999738709393
155.28,0,408.897498439475,0.104771168912109,0.863527827612092,0,0.213722770026773
155.29,0,408.785151543949,0.102578912062857,0.861819476813651,0.00032166219091644,0.213895258015053
155.3,0,408.673675647037,0.105202419746089,0.861117942170894,0,0.217915712812073
155.31,0,408.563107451873,0.103405805752483,0.864502100929609,0.000693030393513097,0.216641695299805
155.32,0,408.453483629081,0.10295276279544,0.861879369918333,0,0.212261506150881
155.33,0,408.344840816039,0.102441083715374,0.861942955834554,0.00010952730555125,0.214981806363695
155.34,0,408.237214814997,0.101302235508054,0.8605055317984,0,0.214262738954118
155.35,0,408.130641472255,0.101130815705928,0.861681713694245,5.71130678322096e-05,0.217702488484203
155.36,0,408.025158847502,0.104042070898897,0.861538937768573,0,0.216589817898345
155.37,0,407.920803438526,0.102602496092549,0.860783333795069,0,0.215698645490009
155.38,0,407.81761170668,0.102545339388873,0.858159302875775,0,0.215246782096895
155.39,0,407.715620076313,0.104000954918068,0.860362385961862,0,0.215433417578763
155.4,0,407.614864934263,0.103865133235882,0.859179058505384,0,0.216228545691427
155.41,0,407.515382629364,0.103238972413118,0.860286691132483,0,0.21367533376043
155.42,0,407.417209471978,0.100788647295744,0.861581051460149,0.000377728807037438,0.214371501477842
155.43,0,407.32038173357,0.10289226900742,0.858667113670465,0.0011685514207877,0.215996635265361
155.44,0,407.224935646306,0.103737291156606,0.857696269922526,0,0.21620586442073
155.45,0,407.130907402672,0.101599443055961,0.857881138028556,0,0.214080510891157
155.46,0,407.038333155136,0.101799403264927,0.857300564960567,0,0.216935864948771
155.47,0,406.947249015839,0.10185993301707,0.857977430098582,1.46212238219616e-06,0.216289731702054
155.48,0,406.857548584189,0.105350771155274,0.857233999418895,0.00104604008358641,0.216797348578971
155.49,0,406.768208622709,0.102628024789419,0.855161421006659,0,0.213930190345897
155.5,0,406.679027541034,0.103276566030264,0.854613602832924,0.00132861453700103,0.21332741414442
155.51,0,406.590008964816,0.101541128926804,0.855319276110602,0,0.217861587047823
155.52,0,406.501156515493,0.102016158856172,0.854691428029279,0.000945273337454067,0.21389711550958
155.53,0,406.412473810124,0.102396574877901,0.854420646284859,0,0.215907226866786
155.54,0,406.323964461233,0.10284786072843,0.856743018979876,0.000933170302362507,0.216179416173398
155.55,0,406.235632076651,0.10267526303716,0.851420536196799,0.00188886522050204,0.216002483509863
155.56,0,406.147480259361,0.104531377478875,0.851582524473696,0,0.212676109288081
155.57,0,406.059512607329,0.105067662935091,0.851242937323516,0.000189367365678949,0.216350100400516
155.58,0,405.971732713357,0.101278972693662,0.855133523627884,0.00115273223956348,0.215542385533976
155.59,0,405.884144164918,0.103760201918103,0.850792441537886,7.47852700501057e-05,0.214500030036205
155.6,0,405.796750543995,0.103896708566679,0.852661224642772,0,0.21393015214091
155.61,0,405.709555426926,0.105246425094502,0.850426833952119,0.000382182934189691,0.210054300173785
155.62,0,405.622562384242,0.106256771065705,0.849773710278944,0.00305189826328699,0.214559792558727
155.63,0,405.535774980509,0.104319752247138,0.851781340404742,0.000630621133615878,0.216222109332325
155.64,0,405.449196774165,0.102312631648405,0.853021535445164,0.00176742702823012,0.214887846944221
155.65,0,405.362831317363,0.102524317961308,0.850201158101047,0.000622945434399947,0.214142377533415
155.66,0,405.276682155812,0.104451437514966,0.850674430741771,0,0.214151679006533
155.67,0,405.190752828611,0.102517318463206,0.849400477659624,0.00195397181416642,0.215771819131994
155.68,0,405.105046868098,0.10384339938335,0.848682500497019,0,0.215419972227126
155.69,0,405.019567799679,0.102587479184565,0.848981318004349,0.00238206168637784,0.214314409053655
155.7,0,404.934319141677,0.102706655363109,0.848436309187788,0,0.214033260640391
155.71,0,404.849304405167,0.104349784642101,0.848000920281934,0.000692952438112519,0.216510825453462
155.72,0,404.764527093815,0.100330453234477,0.847652562171107,0.000608095166981776,0.215371195114135
155.73,0,404.679990703719,0.103790990713974,0.847647288760008,0.00264920476820578,0.21461416708487
155.74,0,404.595698723248,0.103320152650808,0.846280370171109,0.00110885063463178,0.215075045308696
155.75,0,404.511654632882,0.100833625840658,0.847317828247192,0,0.214970454430656
155.76,0,404.42786190505,0.103169886798663,0.845892973301349,0,0.215457155719616
155.77,0,404.344324003971,0.103261796419309,0.844986135295301,0.0023638941575137,0.214907936604215
155.78,0,404.261044385492,0.0996817157748705,0.843325856768982,0.000470233606143685,0.215996840631139
155.79,0,404.178026496927,0.102784787806558,0.843363255425988,0.00105695194047862,0.217251592389472
155.8,0,404.095273776897,0.103555691583014,0.846667196123519,0.000488776085874735,0.216575965440448
155.81,0,404.012789655173,0.105548011552928,0.843869698302863,0,0.214418000192931
155.82,0,403.930577552508,0.102821688766118,0.844699562071939,0,0.211435283133339
155.83,0,403.848640880482,0.103934382717931,0.843756567875821,0,0.216924016939936
155.84,0,403.766983041342,0.103302277222071,0.842759550783716,0,0.214749483154526
155.85,0,403.685607427836,0.102227546616731,0.840198647509523,0.00132028159132609,0.213321735731681
155.86,0,403.604517423059,0.104356674052159,0.842560610945625,0.00131036144963701,0.214990061147799
155.87,0,403.523716400291,0.103332034453529,0.84064098164911,0.00245076406306636,0.215334719022175
155.88,0,403.443207722833,0.0992140847275365,0.844754338496664,0.0020588068479298,0.213139242818003
155.89,0,403.362994743853,0.102145619200692,0.841454263134651,0,0.215995250328768
155.9,0,403.283080806224,0.101950797252367,0.842958307080576,0,0.214077675176463
155.91,0,403.203469242359,0.106754589074997,0.840276408472459,0.000706894308385277,0.215279393320345
155.92,0,403.124163374061,0.103149323563096,0.840711767417064,0.000906334552921145,0.215042850031121
155.93,0,403.045166512355,0.102229585316378,0.841880272478769,0.0019715894813244,0.214643128086062
155.94,0,402.966481957336,0.103712637517693,0.841801344236695,0.00153737956485288,0.216748012385451
155.95,0,402.888112998001,0.103868517776911,0.841187648046458,0.000164334485561651,0.212752998786489
155.96,0,402.8100629121,0.100351275173432,0.840271445640524,0,0.216233850790635
155.97,0,402.73233496597,0.100658337834775,0.839743092555979,0.00373196174162943,0.21580630955172
155.98,0,402.65493241438,0.102150094889175,0.837173580460091,0.00103019064895993,0.21669146554803
155.99,0,402.57785850037,0.103917149514171,0.836668402791342,0.00303760916137795,0.21415520501324
156,0,402.501116455097,0.101412189779438,0.836644287783569,0,0.214763397846118
156.01,0,402.424709497673,0.0995186897843673,0.838981009659628,0.000550711443303097,0.214048741900385
156.02,0,402.348640835009,0.101618535196949,0.837090025029097,0.000940080018893872,0.214601891923943
156.03,0,402.272913661661,0.104495346622762,0.838582151526319,0.0018812509419522,0.217068285802466
156.04,0,402.197531159666,0.102913836774455,0.837545209103701,0,0.211573444501504
156.05,0,402.12249649839,0.103270899715711,0.836035449118839,0,0.214375611403946
156.06,0,402.047812834373,0.100742396570579,0.833522257230848,0,0.216966494215532
156.07,0,401.973483311168,0.103938694987939,0.833314326129442,0,0.216096570364182
156.08,0,401.899511059187,0.102826561569874,0.835558197537727,0.000578369763597252,0.213893013083679
156.09,0,401.82589919555,0.103175160120383,0.836156683058513,0.000460086904075351,0.215372172157964
156.1,0,401.752650823921,0.104626405088811,0.832938952310306,0.000709537991261394,0.215403591741893
156.11,0,401.679769034361,0.103948426426544,0.834309691912641,0.000679738836948155,0.21544626167196
156.12,0,401.607256903171,0.104356300728593,0.836046420210401,0.000586879940098587,0.215674673127644
156.13,0,401.535117492737,0.103936100385161,0.834453710822678,0.000338903824955478,0.215344309976312
156.14,0,401.463353851376,0.103373924606797,0.833391129998244,0,0.217690707973835
156.15,0,401.391969013184,0.104332025555796,0.832482558726014,0.00217350384922534,0.21641959871463
156.16,0,401.320965997884,0.105619358275202,0.831216030737549,0.00291605078392779,0.216083579663957
156.17,0,401.250347810672,0.102349024648404,0.833811633374288,0,0.213615450790682
156.18,0,401.180117442063,0.104623682842912,0.830492222061053,0.00253567838244177,0.214630398088263
156.19,0,401.110277867745,0.105201703545768,0.831746819319779,0,0.215416931014953
156.2,0,401.040832048422,0.10407221867557,0.831870226479785,0,0.211124435927157
156.21,0,400.971782929668,0.0990612807427688,0.830377981283053,0,0.214256769611414
156.22,0,401.356945240795,0.102353972813326,0.831679798791632,0,0.217571498235831
156.23,0,401.557422211247,0.102335155236511,0.834047142457681,0.00121935012952816,0.216376070329858
156.24,0,401.686207829659,0.100709742778421,0.830106374523028,0.000691016712765135,0.21518979283214
156.25,0,401.817862915668,0.100509191917218,0.829170969323897,0,0.21715502790907
156.26,0,401.954381844881,0.101161511865788,0.829244899048303,0.000554677455634155,0.213357055182114
156.27,0,402.095162580214,0.100168945594989,0.83144900582391,0.0021914198088489,0.214601964499658
156.28,0,402.240185324152,0.103944329861907,0.830207740425837,0,0.217373710700882
156.29,0,402.389487276414,0.10164205487521,0.830644656470679,0.00179667819786566,0.21433034157654
156.3,0,402.543102926909,0.101975703401217,0.831759570298396,0,0.213899416407923
156.31,0,402.701066072114,0.102184257860892,0.828372316105617,0,0.21452789179615
156.32,0,402.86341051846,0.0990584763818176,0.828085157986006,0.000232969727667927,0.21593592508483
156.33,0,403.030170101624,0.102865008037496,0.827375451842453,0,0.211823444474453
156.34,0,403.201378681988,0.10169341498028,0.828640627706364,0,0.217257098707328
156.35,0,403.377070145636,0.103166181975651,0.831310985688506,0,0.214833018513573
156.36,0,403.557278405877,0.100304451389014,0.827873549686925,0.00147963093952964,0.214780738954387
156.37,0,403.742037404776,0.0990877253666333,0.827115676135862,0,0.216715418499081
156.38,0,403.93138111467,0.0994211191115596,0.829486653441896,0,0.212593427812256
156.39,0,404.125343539697,0.102516655287551,0.825244279796403,0,0.217163565911131
156.4,0,404.32395871734,0.102816623211779,0.827120526689169,0,0.215349745706446
156.41,0,404.527260719978,0.102230484936853,0.82956200822791,0.00308110284542825,0.215873992565861
156.42,0,404.735283656437,0.0995165730678634,0.824145743825425,0.00183125242457076,0.213989432949139
156.43,0,404.948061673558,0.10019004666224,0.826343691708826,0,0.211047492822128
156.44,0,405.165628957778,0.0974716963213733,0.826198760016714,0.00116141507683662,0.213674744114622
156.45,0,405.388019736701,0.100524143277146,0.82616219847737,0.000483263603745461,0.215452825719661
156.46,0,405.615268280691,0.0986232584700988,0.822766722115262,0.000892701550275205,0.214601057608574
156.47,0,405.847408904475,0.10131710493788,0.824414056948518,0,0.213677647857917
156.48,0,406.084475968735,0.0991076969599071,0.825853851843974,0,0.212005436351661
156.49,0,406.326503881727,0.0992413130593894,0.823410159174842,0,0.214691262679592
156.5,0,406.573527100892,0.100323983212851,0.824067355478923,0,0.215210085498668
156.51,0,406.825580134486,0.0991620217160511,0.824428314731023,0.000263673004454633,0.212694227119992
156.52,0,407.082697543199,0.0986995407773377,0.826981270819611,0.000314785137343761,0.216174794164782
156.53,0,407.344913941798,0.0994281195818896,0.821579813950329,0,0.21371178219825
156.54,0,407.612264000765,0.100940673282104,0.824784708266131,0.000353833767810963,0.213278430746848
156.55,0,407.884782447936,0.0968513869637767,0.824496015329245,0.00185336759954449,0.214765959118815
156.56,0,408.162504070162,0.0973340155882436,0.823312549334553,0,0.218078903232511
156.57,0,408.445463714956,0.0985593210654444,0.82329203319484,0.0019253927590559,0.216651827201763
156.58,0,408.733696292153,0.0991914658931337,0.824798113805118,0,0.213981746743442
156.59,0,409.027236775577,0.0957385441825614,0.824097273493722,0.00115307247157013,0.216385235519065
156.6,0,409.326120204705,0.0960304815249476,0.821559364380298,0.000157823197313722,0.214224846643053
156.61,0,409.630381686338,0.0961979549800889,0.822581511292392,0.00186951142019645,0.215825125059815
156.62,0,409.940056396278,0.0991874280507442,0.821749307585444,0.00153410585684384,0.213026194126219
156.63,0,410.255179581004,0.098442670747307,0.822931892720907,0,0.212676945861611
156.64,0,410.575786559352,0.095403987383067,0.820719611401794,0,0.2176775615359
156.65,0,410.901912724195,0.0972488670515855,0.820824741215576,0.00179841689548571,0.216138477229791
156.66,0,411.233593544137,0.0969323140327502,0.820099548200019,0,0.217788021764026
156.67,0,411.57086456519,0.0967949329671956,0.822437135166831,0,0.214995014037989
156.68,0,411.913761412469,0.0945625492619333,0.820006869200011,9.57613571385778e-05,0.214317420645423
156.69,0,412.262319791882,0.0940239996964078,0.819875436828835,0.00171381160424041,0.215136498312493
156.7,0,412.616575491822,0.0958253956214585,0.819973978260081,0,0.215815355315755
156.71,0,412.976564384855,0.095874702429922,0.821291710509714,0.000528869477830917,0.215561307140023
156.72,0,413.342322429424,0.0982207050602419,0.82037311242425,0.00273499772645242,0.216446537368368
156.73,0,413.713885671532,0.0955137845825936,0.821465527073743,0.00155477370160813,0.217196550751507
156.74,0,414.091290246443,0.0968449395187306,0.820234067808125,0.000285611064334511,0.215358562652979
156.75,0,414.474572380377,0.0955743661679264,0.819123214434297,0.0032029076700344,0.216568135440067
156.76,0,414.8637683922,0.0938803508883141,0.817606460981025,0,0.217105603416624
156.77,0,415.258914695118,0.0930534235895756,0.816364230714464,0,0.216450467063617
156.78,0,415.660047798374,0.0913176317054804,0.820138346193979,0.0015914531031298,0.215771673078906
156.79,0,416.067204308936,0.0949463562105813,0.819324726878917,0.000855850051821534,0.21715809752737
156.8,0,416.480420933184,0.0933341455921169,0.817131843348234,0,0.215798240038683
156.81,0,416.899734478606,0.0953708972245198,0.81719961303276,0,0.216283429675198
156.82,0,417.32518185548,0.0941945845475214,0.817588135971268,0,0.213801936577027
156.83,0,417.756800078557,0.0925813633674727,0.819061220485285,0,0.21570104238159
156.84,0,418.194626268747,0.0937271014865393,0.820303652631666,0.000323094609058249,0.214032586484127
156.85,0,418.638697654795,0.0937302849287535,0.818146894084004,0,0.215355848873239
156.86,0,419.089051574958,0.0915012173112948,0.817375083250425,0.00112366338001062,0.21548993845326
156.87,0,419.545725478678,0.0919518328079831,0.815804866150779,0,0.214130921267802
156.88,0,420.008756928252,0.0930753680539078,0.817053146414044,0,0.216189210480139
156.89,0,420.478183600494,0.0898594752641945,0.817008760226559,0,0.215669172052653
156.9,0,420.954043288402,0.0922147679809067,0.814743489082492,0.000954274279693187,0.214810270072984
156.91,0,421.436373902812,0.0925346854232823,0.817383709786388,0.000462636292791471,0.215910934578843
156.92,0,421.925213474047,0.0921655066801399,0.815811143598043,0.00129612342866166,0.216454324631029
156.93,0,422.42060015357,0.0921051923631006,0.81653903209185,0.00120660177929752,0.21560094846139
156.94,0,422.922572215624,0.0896970485570806,0.81594041841597,0,0.213996181575278
156.95,0,423.431168058866,0.0916868471306124,0.81666050328733,0.000327179937433693,0.213486500132513
156.96,0,423.946426208,0.0899288282092434,0.818375419274636,0,0.215522730912281
156.97,0,424.468385315404,0.0922283456252359,0.817018683289028,0.00215502466270831,0.214833182045448
156.98,0,424.997084162744,0.0909262698126513,0.815757359721576,0.000367013446888926,0.216659486669113
156.99,0,425.532561662585,0.0878413049667259,0.815666060190976,0.000449520470195049,0.216264514829404
157,0,426.074856860005,0.0885455766471322,0.813891764843451,0.000993294972403713,0.215459562474715
157.01,0,426.624008934179,0.0886139397919493,0.813812539946557,0.00155357308724129,0.21362455895375
157.02,0,427.18005719998,0.0880476213217788,0.813593126790796,0,0.215442347629009
157.03,0,427.743041109554,0.089794603953694,0.813885139632249,0.000235262307665962,0.213758290490049
157.04,0,428.313000253898,0.0882403160978971,0.813546398549351,0.00184011924297126,0.215890477971649
157.05,0,428.889974364427,0.0875298436534076,0.814019764892054,0.000420876526655025,0.214629887871998
157.06,0,429.474003314526,0.0888599876199173,0.813662013465066,0,0.214037066269922
157.07,0,430.065127121101,0.0851179746253962,0.813434800388824,0.000276276010029611,0.212637703020754
157.08,0,430.663385946117,0.087630031612551,0.814783376866322,0.000238321873615732,0.214061080695763
157.09,0,431.26882009813,0.0887614883259911,0.815018506142072,0,0.21423159052024
157.1,0,431.8814700338,0.0845093516160004,0.814129910138125,0,0.216001979179322
157.11,0,432.501376359408,0.0862780763127163,0.814298289316339,0.00130445292687055,0.215284917624456
157.12,0,433.128579832346,0.0852754190894522,0.813221415528657,0.00240405618167375,0.215881550589746
157.13,0,433.763121362614,0.0826769289389926,0.816300441888981,0,0.214756262595258
157.14,0,434.405042014289,0.0836209615021439,0.812044792080609,0,0.217428934596001
157.15,0,435.054383006992,0.0826267162921513,0.810911561453791,0,0.218300220400374
157.16,0,435.711185717347,0.0845246364416905,0.812407597552473,0,0.214924836477926
157.17,0,436.375491680416,0.0834918732797439,0.814487997027898,0,0.21423988771905
157.18,0,437.047342591128,0.0819482712220543,0.813488274617579,0,0.213538427276372
157.19,0,437.726780305704,0.0826195627368317,0.813929333666902,0.00285776043240338,0.213260605947205
157.2,0,438.413846843048,0.0885914955219473,0.814173591171943,0,0.215995400328376
157.21,0,439.108584386148,0.0831919863572145,0.812902526746454,0,0.216097730671955
157.22,0,439.811035283448,0.0842159315553861,0.814219376290877,0.00224586364591017,0.214058829743603
157.23,0,440.52124205021,0.0819843152267897,0.815013594783637,0.000772660759583993,0.215495494248958
157.24,0,441.239247369863,0.0834327693268367,0.811133124669487,0,0.214827481023968
157.25,0,441.96509409534,0.0852096422255485,0.812198319041127,0.000502231053287065,0.214748279935089
157.26,0,442.698825250392,0.0815348138897884,0.812203517498086,0.00157118973919013,0.214284360898444
157.27,0,443.440484030895,0.0845493256162547,0.813589207385387,0,0.214583359173772
157.28,0,444.190113806135,0.0802534941047731,0.81232651079206,0,0.215481805515446
157.29,0,444.947758120087,0.0801162985069224,0.812829339008636,0.000826238309224624,0.21639965718515
157.3,0,445.713460692661,0.0798272613515475,0.810449599773291,0.00209832418320151,0.21699684701915
157.31,0,446.487265420949,0.0812293879829374,0.812290231635126,0,0.212509703216163
157.32,0,447.269216380443,0.0803148946495848,0.811296901212537,0.000637348314931061,0.213631562616153
157.33,0,448.059357826245,0.0768582753259962,0.814266206477436,0.000715534380823199,0.215397224627754
157.34,0,448.857734194249,0.0807213949288109,0.814637804981062,0.00174661523893121,0.214616369028668
157.35,0,449.664390102314,0.0788422118330299,0.812076064330914,5.20028785724718e-05,0.212906000351897
157.36,0,450.479370351414,0.0799853313980988,0.814039245802431,8.17119133356604e-06,0.213084433301314
157.37,0,451.302719926768,0.0774401867654227,0.813085078750366,0,0.21623740708529
157.38,0,452.134483998962,0.0792576434841065,0.813003219276062,0,0.215398618334743
157.39,0,452.974707925032,0.0801732318829995,0.810656753723925,0,0.213782611836826
157.4,0,453.823437249546,0.0768223406153773,0.812243883626058,0.000344414245921598,0.215461600853698
157.41,0,454.680717705656,0.0755688243253595,0.812297322076339,0.00165660020407382,0.213326576464265
157.42,0,455.546595216132,0.0753272996841763,0.812902598069998,0,0.21377851187663
157.43,0,456.421115894375,0.0758966924246016,0.812082003466332,0,0.212684573269328
157.44,0,457.304326045408,0.0750460930465589,0.813889656697453,0.000602884635322647,0.215321465720391
157.45,0,458.196272166848,0.0763624332118387,0.813459882929532,0.00178019046331315,0.213284074283051
157.46,0,459.097000949854,0.0753397596562057,0.814394209444723,0,0.215878194450596
157.47,0,460.006559280051,0.0747335682579988,0.811833738132659,0,0.21460943154859
157.48,0,460.924994238436,0.0736391743076988,0.816049867641202,0.00039210482594665,0.215196074026403
157.49,0,461.852353102257,0.0756915487683875,0.813468601075856,0.00189670810800382,0.214141713380436
157.5,0,462.78868334587,0.0787538570538346,0.813917103349983,0,0.21530640584418
157.51,0,463.734032641573,0.0730845184196352,0.81375815214595,0,0.215082590703058
157.52,0,464.688448860412,0.0689172713044937,0.814024909453591,0,0.215847869243723
157.53,0,465.651980072969,0.073413571880757,0.810939661744583,0.000232896024964246,0.215179597511669
157.54,0,466.62467455012,0.0701955635094813,0.812529520169783,0.0032189241504588,0.214378345028313
157.55,0,467.606580763765,0.0721243022919174,0.811634922557108,0.00174043262502995,0.213608755875973
157.56,0,468.597747387543,0.0695050279997403,0.814927051655075,0.000970676267182359,0.216674008760964
157.57,0,469.598223297509,0.0714410351475676,0.814439688702419,0.00279614492767708,0.215264676515277
157.58,0,470.60805757279,0.0716413538144658,0.811829050872409,0.00194569496351281,0.215111413378143
157.59,0,471.627299496215,0.0702712050850373,0.811803276949683,0,0.217111377794114
157.6,0,472.655998554914,0.0664904845738965,0.813283806122938,0,0.21460564595623
157.61,0,473.694204440891,0.0685451615531898,0.812107399376663,0,0.214213752448436
157.62,0,474.741967051573,0.0678432269070351,0.812533412190832,0,0.212343673138839
157.63,0,475.79933649032,0.0686961352760911,0.813727347105571,0.000921861776413313,0.215860786196929
157.64,0,476.866363066917,0.0684825620150918,0.81253308749905,0.000564639915570679,0.215095776272448
157.65,0,477.943097298031,0.0656080803377717,0.814514847315573,0.00363434163331841,0.212463030360608
157.66,0,479.029589907635,0.0647548448030272,0.812263934548671,0.00072485967976463,0.214692396309577
157.67,0,480.125891827412,0.0656541271532265,0.813941131899031,0.00222734155527297,0.215241012513496
157.68,0,481.232054197118,0.0658408575481366,0.814238372368261,0,0.21538053930382
157.69,0,482.348128364917,0.0656492461287788,0.814256496350607,0,0.213060219324192
157.7,0,483.474165887688,0.0656716285955007,0.813488062401664,0,0.215388094219151
157.71,0,484.610218531296,0.0654913150189069,0.81511133527294,0,0.213201062373189
157.72,0,485.756338270829,0.0630813264209719,0.811552076781073,0.000501372944179748,0.213616801088356
157.73,0,486.912577290809,0.0629624949663855,0.812218499711528,0,0.215368205598758
157.74,0,488.078987985364,0.0647761549834234,0.810722974606724,0,0.213843501592505
157.75,0,489.255622958365,0.0643411767885945,0.81405121517464,0.000772320210925133,0.214912228144599
157.76,0,490.442535023535,0.0620783803635736,0.811714040810671,0,0.214211966279679
157.77,0,491.63977720452,0.0646369262903914,0.81460675594479,0,0.216706849271942
157.78,0,492.847402734918,0.0615771204540655,0.815326732429757,0,0.215550805121403
157.79,0,494.065465058289,0.0602383017186557,0.813858821781075,0.000628068881147379,0.214993144068345
157.8,0,495.294017828114,0.0589861110878538,0.813561381714732,0,0.216329926053134
157.81,0,496.533114907719,0.0589400681143045,0.813244565666585,0,0.216389223239897
157.82,0,497.782810370174,0.0597187924625655,0.815223222701345,0.000974706234552092,0.215039209286109
157.83,0,499.043158498138,0.0589914219486826,0.812438300984799,0.00200337089387433,0.213367885598531
157.84,0,500.314213783679,0.0602064537151973,0.813235170071181,0,0.215598434788193
157.85,0,501.596030928052,0.0589457933377748,0.813133984922927,0,0.214381142307244
157.86,0,502.888664841433,0.0575922520142686,0.8138337196699,0,0.21591427293672
157.87,0,504.192170642621,0.0581873653103691,0.815246196203865,0,0.214758575948109
157.88,0,505.506603658698,0.0555364265307497,0.814580532526727,0.00116502483255863,0.214054466266864
157.89,0,506.832019424645,0.0545872061814254,0.814891352520062,0,0.212611034727702
157.9,0,508.168473682923,0.0557659491461817,0.811920644881866,0,0.214950744428582
157.91,0,509.516022383007,0.0581409759195163,0.815269590658777,0,0.215480534522524
157.92,0,510.874721680888,0.0536953393656036,0.816251897192092,0.00256159988174719,0.21433739400849
157.93,0,512.244627938519,0.0526956971612252,0.814658089020462,0,0.213605306580386
157.94,0,513.625797723231,0.0527324318955417,0.81479969588221,0.000142516191345677,0.214973807992955
157.95,0,515.018287807099,0.0538620148779674,0.815089694350968,0,0.216666958135829
157.96,0,516.422155166265,0.051385125711182,0.815115605866473,0.00267355904921358,0.21622410224107
157.97,0,517.837456980222,0.0537799502897994,0.814878027538511,0,0.217051499197865
157.98,0,519.264250631044,0.0504243291000183,0.814560562186107,0,0.215272429116338
157.99,0,520.702593702583,0.0509930951555054,0.816591412833673,0.00251533860424939,0.214161293392277
158,0,522.152543979608,0.0491769327885407,0.817115419298916,0.00029356855979115,0.216523481972353
158.01,0,523.614159446908,0.0517898939436007,0.816406520895936,0,0.213425814355798
158.02,0,525.087498288347,0.0485911791781457,0.816074291666448,0.00269033633321077,0.215932949874234
158.03,0,526.57261888586,0.0517252457552103,0.816899685273107,0.000430994867793992,0.215047776154313
158.04,0,528.069579818422,0.0497443480417098,0.816659879983119,0.00113182112737814,0.214645666258543
158.05,0,529.578439860953,0.0489144765115619,0.818803678778644,0.000603431406119185,0.212623989787332
158.06,0,531.099257983178,0.0495200687504658,0.816086757884613,0.000318653795949109,0.218051456353862
158.07,0,532.632093348443,0.0505965745744115,0.818597592929634,0.00053554636302943,0.213952029496601
158.08,0,534.177005312479,0.0477656995508094,0.818456392951106,0,0.216396141194354
158.09,0,535.734053422109,0.0462098822774039,0.816483670330503,0,0.214407583540146
158.1,0,537.303297413918,0.0443508532994382,0.817581587038298,0.00254591883661622,0.21406752872856
158.11,0,538.88479721286,0.0470909398789345,0.816139379671515,0.00283769657365384,0.214629755322837
158.12,0,540.478612930821,0.0444578679305232,0.817355040737742,0,0.214738005785883
158.13,0,542.084804865123,0.0443560860071452,0.815451161682472,0,0.217585739029938
158.14,0,543.703433496988,0.0418827247733067,0.81581230376482,0,0.213790003140314
158.15,0,545.334559489931,0.0415544315846121,0.816619442173342,0.00131682435768919,0.215000259266427
158.16,0,546.978243688115,0.0418562629174692,0.818217605431209,0,0.215135517715072
158.17,0,548.634547114646,0.0442333577939621,0.818013168394746,0,0.213059744205038
158.18,0,550.303530969813,0.0419300321690241,0.817364645708581,0.000174781641471704,0.213597594812613
158.19,0,551.98525662927,0.039805587124347,0.81910603590202,0,0.214101379900409
158.2,0,553.679785642174,0.0400409835684722,0.818853547021218,0,0.219098953648668
158.21,0,555.387179729254,0.0379653379764028,0.819900172566395,0,0.215211582254602
158.22,0,557.107500780828,0.0400848190143439,0.818150747623146,0,0.215906937357941
158.23,0,558.840810854768,0.0385494054003369,0.817428433274987,0,0.214949001879283
158.24,0,560.587172174402,0.0370548412172695,0.818247992655914,0.00118079157104506,0.213378999589738
158.25,0,562.346647126351,0.0375726030344388,0.82089968641715,0.000179404890263726,0.216793993860427
158.26,0,564.119298258331,0.0337943783224364,0.81991057352532,0,0.213200231753297
158.27,0,565.905188276871,0.0337144628313935,0.818848817743899,0.000294230530221271,0.214895170654805
158.28,0,567.704380044979,0.0361026394965017,0.819321953951106,0,0.214496850604518
158.29,0,569.516936579754,0.035861329994868,0.822016009725217,0.00226522161755238,0.214769143218522
158.3,0,571.342921049939,0.0299383783515101,0.818081298187863,0.00179657067201245,0.212625199233349
158.31,0,573.1823967734,0.0362580616402239,0.818955022638523,0.000700245290332013,0.216842957074527
158.32,0,575.03542721455,0.0312891827046995,0.820310542186873,0,0.217062578942752
158.33,0,576.902075981725,0.0309110036690423,0.820479216135718,0,0.214026212922432
158.34,0,578.782406824471,0.0340982216646395,0.821913762292925,0,0.213281864955226
158.35,0,580.676483630785,0.0291418915058215,0.819323018422313,0.00120161399050805,0.213619923928585
158.36,0,582.584370424299,0.0310870112061315,0.821506767708236,0.00162476148792461,0.215677497421708
158.37,0,584.50613136138,0.0294553342678364,0.821436191477406,0,0.214290549725847
158.38,0,586.44183072818,0.0293293157612247,0.820341936507271,0,0.21211468151154
158.39,0,588.391532937621,0.0290658385783258,0.820109805208028,0,0.214251749099329
158.4,0,590.355302526307,0.0292582893590966,0.823832921175638,0.000626573222311405,0.216445152503628
158.41,0,592.333204151376,0.0278157441467672,0.823561850496782,0,0.212586006177911
158.42,0,594.325302587286,0.0253671056988106,0.822043153550489,0,0.214822745723458
158.43,0,596.331662722532,0.0254479621511833,0.821746162862968,0.000364245900471046,0.215056980085699
158.44,0,598.352349556291,0.0285954082361412,0.821608627222652,0.00289017019957063,0.215694463311672
158.45,0,600.387428195016,0.0244036171984132,0.823704890632699,0.000434520278210007,0.216452334045066
158.46,0,602.436963848945,0.0243538157638359,0.820394687710722,0,0.215586283782643
158.47,0,604.501021828543,0.0254530758393715,0.823250037206756,0.00021734558006244,0.214444091178001
158.48,0,606.579667540887,0.0214386424327584,0.825407962904277,0.00259660525675678,0.213684213546122
158.49,0,608.672966485974,0.021659577873403,0.824404429090923,0,0.218280840279492
158.5,0,610.780984252951,0.0235489299051378,0.825330642710392,0,0.214587623256
158.51,0,612.903786516294,0.0224082300813543,0.82370326828925,0.00212298327091121,0.214824143790281
158.52,0,615.0414390319,0.022408486191694,0.826448956217737,0,0.213343274235741
158.53,0,617.194007633114,0.0204763673684217,0.828506142164388,0.000870570807116215,0.217954523929229
158.54,0,619.361558226683,0.0186608080249403,0.826041429959819,0,0.216191776154725
158.55,0,621.544156788645,0.0192526814925329,0.826225862586675,0.00234694964963016,0.216957499310921
158.56,0,623.741869360131,0.0180785447187439,0.82581616724769,0,0.215457101426751
158.57,0,625.954762043111,0.0193278221697692,0.824967667921522,0.000888547733352026,0.215796404710219
158.58,0,628.182900996059,0.0209350673364805,0.826586757759837,0,0.215956077378184
158.59,0,630.426352429537,0.0162801104126739,0.827559345254561,9.87166457714707e-05,0.212160741669062
158.6,0,632.68518260172,0.0172666715488845,0.825170218414906,0,0.214702057749306
158.61,0,634.959457813841,0.0155579805626993,0.828051855799909,0,0.214680869749298
158.62,0,637.249244405558,0.011692773161711,0.828252985523284,0,0.214631170772381
158.63,0,639.554608750242,0.013700151073248,0.826357726606287,0.0012595447492458,0.213370976446702
158.64,0,641.875617250209,0.013158637277771,0.827611419611973,0,0.215203945794278
158.65,0,644.212336331858,0.0104971045215953,0.828265567113734,0,0.215775802958331
158.66,0,646.56483244073,0.0106062956169586,0.825310581867274,0.00104601731915034,0.215975969145591
158.67,0,648.933172036515,0.0105383270425077,0.830770799962551,0,0.215551332352255
158.68,0,651.31742158796,0.0114246764771732,0.826468284591689,3.74231857180288e-05,0.215182393211539
158.69,0,653.717647567698,0.00859970349007522,0.828051761941541,0,0.215667840401969
158.7,0,656.133916447027,0.010517183161025,0.831533110523954,0.00157886795003725,0.214018414359867
158.71,0,658.56629469058,0.00959179580762701,0.8301602151339,0.000939293843585739,0.2148731174146
158.72,0,661.014848750936,0.00851233235450459,0.830757489668011,4.87362342304742e-05,0.215798974656663
158.73,0,663.410193948624,0.00622176500628144,0.8324781961768,0.0020466402011313,0.214071471209328
158.74,0,665.311597081483,0.00335718598622804,0.831332266602763,3.11460646418077e-05,0.215520766440061
158.75,0,667.064827806732,0.00349126058782103,0.831774807954163,0.00128162938754206,0.212741982993105
158.76,0,668.821586151533,0.00763797669293621,0.832298852166549,0,0.215030304269056
158.77,0,670.341537655448,0.00779805633418183,0.829645182293403,0.00134654430766284,0.213928776141694
158.78,0,671.562895042162,0.0038511074141313,0.831449826219908,0.000858750520932685,0.215471930644913
158.79,0,672.756743236153,0.00596541178464122,0.833219609774634,0.000533062389427444,0.214690638307031
158.8,0,673.958507005919,0.0021838738530576,0.832496518932165,0.00179400785372499,0.214653818335196
158.81,0,675.160429761377,0.001875446115202,0.83034696197104,0.00229320226422662,0.212365335105592
158.82,0,676.368284217348,0.00446073753440538,0.833377378515806,0.00156759733775144,0.215764557568864
158.83,0,677.584723746329,0.00316508453624187,0.832856447659154,0.000264625486228212,0.217109653337744
158.84,0,678.804757180713,0.0023883839611947,0.833518720751978,0.00177844626603091,0.21388724638352
158.85,0,680.027110169214,0.00320066289872399,0.833386192890641,0,0.21434326909093
158.86,0,681.257361638923,0.00407541188892641,0.835187360179032,0.00108895191579433,0.213947197165161
158.87,0,682.495098076793,0.0042536665554889,0.834929762982322,0.00112083132844032,0.213455688872259
158.88,0,683.732990476636,0.00191115489527406,0.837330547366055,0,0.213859917590775
158.89,0,684.976788811356,0.00173084938879942,0.834843496655179,0.00101760540239162,0.215842356917109
158.9,0,686.229001046346,0,0.836379150471573,0.00191789641125686,0.215448678026093
158.91,0,687.484401582338,0.000729362378110166,0.83477624592975,0.00010487860725409,0.216792388489301
158.92,0,688.741661754252,0.00180499489172749,0.83521406455672,0,0.216324544138327
158.93,0,690.00659534498,0.000265611958195072,0.835566610374673,0,0.213325697839262
158.94,0,690.762237705373,0.00123418322680791,0.836711898694,0.0022663155514977,0.212746717471378
158.95,0,690.890552431209,0.0035179788782958,0.834439822974507,0.00017910131282897,0.215816871018743
158.96,0,691.01947020883,0,0.839075113963406,0,0.214303846247491
158.97,0,691.148985614958,3.88457092531899e-05,0.83439914699718,0,0.212056117434402
158.98,0,691.279093204273,0.000205882087418152,0.837924201870191,0,0.215461381122049
158.99,0,691.409787509684,0,0.838543297468129,0.00020420414609728,0.215865304866295
159,0,691.541063042597,0,0.837232929814328,0,0.215235630381749
159.01,0,691.672914293187,0,0.840762498344835,0.00345185740032104,0.215868502293593
159.02,0,691.805335730664,0,0.840804121823326,0.00232647567766518,0.214440116437103
159.03,0,691.938321803549,0,0.839484418171621,0.0014954145871931,0.216943858879649
159.04,0,692.071866939941,0,0.841770865040429,0.000383804698600467,0.214324438894954
159.05,0,692.205965547791,0.00271920062287541,0.839610676412007,0.000349259719769254,0.215110748482076
159.06,0,692.340612015172,0.0011225563704083,0.841459111826468,0,0.215354731933038
159.07,0,692.475800710554,0,0.83925214808724,0.000844343425965525,0.216030684073891
159.08,0,692.611525983075,0.00265912860893057,0.840753208632504,0,0.216809571850746
159.09,0,692.747782162813,0,0.841427799429904,0,0.211845914449894
159.1,0,692.884563561061,0.00138632724187944,0.840954265009148,0.00109897672454886,0.212000821007255
159.11,0,693.021864470603,0,0.84305873032314,0.000457806783485968,0.21426178121974
159.12,0,693.15967916598,0.00124547772714576,0.842359848371464,0,0.21540036271875
159.13,0,693.298001903774,0,0.841092480214815,0.000498721488983956,0.217795481769305
159.14,0,693.436826922876,0.000235251340808885,0.843291572056115,0,0.213797820869158
159.15,0,693.576148444761,0.00177038721307385,0.842958728903518,0,0.215012445466623
159.16,0,693.715960673769,0,0.841798483433089,0.000415357486492069,0.216689087476218
159.17,0,693.856257797371,0,0.841638578267399,0,0.215022209566254
159.18,0,693.99703398645,0.000366516093376616,0.845978962941042,0,0.213756504793341
159.19,0,694.138283395576,0.00100420976367844,0.845012017354942,0.00102877828790023,0.213725815350519
159.2,0,694.280000163281,0,0.844014685705283,0.000263176612106263,0.217070724874417
159.21,0,694.422178412332,0,0.844534378063656,0,0.215779464872568
159.22,0,694.56481225001,0.00172176128066259,0.847095988838774,0,0.2182311577945
159.23,0,694.707895768387,0.000840196203796657,0.847774382755859,0.00250843278033013,0.216416087184351
159.24,0,694.851423044598,0,0.84980041749193,0.00185760336255633,0.214706563384705
159.25,0,694.995388141118,0,0.845835360528591,0,0.215514996469743
159.26,0,695.139785106041,0,0.851157466693164,0.00172282337581378,0.215893292592249
159.27,0,695.284607973352,0,0.848987618886491,0.000893805853205978,0.217924517058779
159.28,0,695.429850763204,0,0.845789632718439,0,0.214222538604837
159.29,0,695.575507482198,0,0.850651125618553,5.39863824851489e-05,0.214254419193585
159.3,0,695.721572123655,0,0.847684960159078,0.000303360851989545,0.214074280925697
159.31,0,695.868038667888,0.00141111684711504,0.848433611116232,0,0.2172850529754
159.32,0,696.014901082489,0,0.849757531116308,0.000678059710932,0.216329475318853
159.33,0,696.162153322594,0.00154559874146293,0.850358584190058,0.00198148180151533,0.216075818570142
159.34,0,696.309789331165,0.000822802167491947,0.849240782618384,0,0.212414278648099
159.35,0,696.457803039261,0,0.850597762482603,0.00101804013389003,0.214194449539162
159.36,0,696.606188366321,0,0.851319033121974,0,0.210972632479561
159.37,0,696.754939220427,0,0.852826194623813,0.000944677907637356,0.214256382471397
159.38,0,696.904049498592,0.00184622057101387,0.848613858969335,0,0.21548414973801
159.39,0,697.053513087028,0.00155935750086078,0.850525664596998,0,0.215417162955962
159.4,0,697.203323861421,2.2463120410186e-05,0.853150451187838,0.00312049326869552,0.214501936798818
159.41,0,697.353475687205,0,0.850925068565408,0,0.213713865888191
159.42,0,697.503962419843,0.00174621043589494,0.851873982407719,0,0.216055027057821
159.43,0,697.65477790509,0,0.851398464804332,0.00121525026183006,0.215699774956046
159.44,0,697.805915979277,0,0.853274277782506,0.000213710478650312,0.21531897547517
159.45,0,697.957370469579,0.000764479064694331,0.853381808557718,0.00151733194596945,0.212283374700107
159.46,0,698.109135194289,0,0.853204815851035,0,0.211073877355912
159.47,0,698.261203963093,0.00081132073449203,0.856509866214581,0,0.211853960617931
159.48,0,698.413570577339,0,0.854596669336081,0,0.21680167495538
159.49,0,698.566228830315,0,0.855281180707106,0,0.212210056192932
159.5,0,698.719172507516,0,0.856546043642345,0,0.212578526139217
159.51,0,698.872395386917,0.000495799324130897,0.856577141044893,0.00102946273400993,0.21416208713385
159.52,0,699.025891239245,0.00237599295146205,0.85702158421527,0.00187444898431863,0.21827356763224
159.53,0,699.179653828252,0,0.856705359832441,0,0.21677092764653
159.54,0,699.33367691098,0,0.857762673830703,0,0.215884550503027
159.55,0,699.487954238037,0.00157470619017534,0.858241865511673,0,0.215451449533833
159.56,0,699.642479553863,0,0.857989523024425,0,0.214688546387323
159.57,0,699.797246596999,0.000553941688046171,0.861385742055868,0.00109257058377094,0.214611709070966
159.58,0,699.952249100363,3.4685416290521e-05,0.859084982657894,0.000259560468026434,0.214815253444508
159.59,0,700.107480791505,3.51896550123523e-05,0.858629323076392,0.000506291160539206,0.215770826267728
159.6,0,700.26293539289,1.37092853276846e-05,0.857398901468528,0.00187350070488085,0.214989749045897
159.61,0,700.418606622153,0,0.861841903262219,0,0.215843501848178
159.62,0,700.574488192375,0.00282672875414914,0.86222173183074,0,0.213941647028135
159.63,0,700.730573812343,0,0.861854333504828,0,0.214444377819331
159.64,0,700.88685718682,0.000683301991863215,0.861154727916446,2.202144618918e-06,0.21296877429543
159.65,0,701.04333201681,0.00115872089174154,0.860771318718556,0.000763332627973305,0.21305615831804
159.66,0,701.199991999821,0.000470879758638982,0.862964587261082,0,0.214340612190033
159.67,0,701.356828209074,0,0.862878536953432,0,0.213758966735434
159.68,0,701.513835577281,0.00167320632139948,0.864364553310043,0.00100114136277599,0.217016627563237
159.69,0,701.671009169366,0.000531029286236521,0.862264305774101,0,0.216911121714415
159.7,0,701.828342671659,0.000540375312154114,0.865772926739477,0.000582077681147061,0.215906007036524
159.71,0,701.98582976831,0,0.864571162050312,0,0.214792724025413
159.72,0,702.143464141553,0,0.861289698149888,0,0.215999652415653
159.73,0,702.301239471965,0,0.865996142985398,0,0.214169128095382
159.74,0,702.459149438726,0,0.865363819445506,0.000159164116637396,0.213156053588586
159.75,0,702.617187719879,0,0.864390305702548,0.0012368233089135,0.212381692847078
159.76,0,702.775347992591,8.62960450104775e-05,0.86602693428477,0.00096963006813096,0.213609218899787
159.77,0,702.933623933407,0,0.864500363471928,0,0.213938284638088
159.78,0,703.092009218512,3.98521181689572e-05,0.868299109732187,0,0.214287742971476
159.79,0,703.250497523984,0.000872867437512962,0.86578245978297,0.00061778333327648,0.216247358263632
159.8,0,703.409082526056,5.55935961963746e-05,0.868382246331849,0,0.212939027766486
159.81,0,703.567757901361,0.00084565801970047,0.86704245261491,0.00109495200360497,0.213608176897306
159.82,0,703.726517327201,0.00041361145197428,0.866267324895591,0,0.215336648562636
159.83,0,703.885354481788,0,0.868730250389787,0,0.215805583085051
159.84,0,704.044263044507,0.000137624389750185,0.868475106799088,0,0.216823309898648
159.85,0,704.203236696163,0.000254106028757504,0.869325378332643,0,0.216405759047623
159.86,0,704.362269119235,0,0.869931058549427,0.00166484090778463,0.216421319247698
159.87,0,704.521353998127,0,0.871419594450388,0.00241970878295594,0.216375641421272
159.88,0,704.680485019419,0.000420394124891345,0.869984287686876,0.000245011447329657,0.216212540230768
159.89,0,704.839655872117,0,0.869553196062461,0.000754874501198742,0.214728834122722
159.9,0,704.998860247898,0.00190798632405337,0.871519645846563,0.000997415940407722,0.212859669858666
159.91,0,705.158091841364,0,0.869961162453248,0,0.218706266000517
159.92,0,705.317344350286,0,0.871438531161828,0.000178595973652584,0.214933489107224
159.93,0,705.47661147585,0.00125172008931103,0.872632032132604,0.00121018938136518,0.214114762240434
159.94,0,705.635886922904,0,0.872295924376938,0,0.215263542311921
159.95,0,705.795164400206,0,0.874123822616898,0.00169649313042004,0.213110355031043
159.96,0,705.954437620659,0,0.874987437416546,0,0.214449692618314
159.97,0,706.113700301566,0,0.874414959055549,0,0.21567505571055
159.98,0,706.272946164862,3.96382593382386e-05,0.875553985807314,0.00116849764822744,0.214680786651232
159.99,0,706.432168937364,0.000272717122876078,0.876512590846506,0.000749404466735076,0.21572694236148
160,0.1,706.591362351005,0,0.876290054156775,0,0.215647349242873
160.01,0.1,706.750520143079,0,0.874774442119735,0,0.213257425073778
160.02,0.1,706.909636056478,0.00165345350385401,0.877079861582049,0,0.21397274690552
160.03,0.1,707.068703839927,0,0.876522809112324,0.00256191326862032,0.216599835440445
160.04,0.1,707.227717248229,0.000338737894021655,0.875341651061313,0.000872104190543075,0.216280010606532
160.05,0.1,707.386670042494,0.00150108171923803,0.876194379979199,0,0.214959708330001
160.06,0.1,707.545555990378,0,0.875212170695487,0,0.216633886543323
160.07,0.1,707.704368866318,0.00226696131603765,0.880601099888062,0.000285457193944442,0.214791434503759
160.08,0.1,707.863102451764,0,0.879813665035492,0,0.212871202758569
160.09,0.1,708.021750535412,6.00956591061791e-05,0.877102327621757,0,0.217890734758097
160.1,0.1,708.18030691344,0,0.880418544287962,0.00030893641235106,0.21451803934406
160.11,0.1,708.338765389731,0.000784916129917973,0.877539641800844,0,0.212091722156511
160.12,0.1,708.497119776111,0.000632171686057467,0.878977105359697,0,0.215081039704208
160.13,0.1,708.655363892573,0.00195662082650322,0.881826158145011,0,0.216368701938487
160.14,0.1,708.813491567512,0,0.881501991644763,0,0.213946476466279
160.15,0.1,708.97149663794,0.000235705815789634,0.881761459032262,0.00162185237946104,0.215302083856163
160.16,0.1,709.129372949726,0,0.88012974417005,0,0.214025542620351
160.17,0.1,709.287114357813,0,0.880360507746006,0,0.214624743306467
160.18,0.1,709.444714726446,0,0.883331345227064,0.000345041130433456,0.214077922185647
160.19,0.1,709.602167929393,0.00168509135128989,0.881896063242294,0.00198663908348334,0.214862932767908
160.2,0.1,709.75946785017,7.35669785914723e-05,0.881158027378687,0,0.214843596171525
160.21,0.1,709.916608382262,0.00147813565841477,0.883513692028683,0,0.215972633455796
160.22,0.1,710.07358342934,0,0.880104380380803,0,0.212119049477286
160.23,0.1,710.230386905489,0,0.884575823947549,0,0.216154347777956
160.24,0.1,710.38701273542,0.00123802361910633,0.885901765429255,0.00204418841743811,0.214298618131038
160.25,0.1,710.543454854685,0,0.886894226127263,0.00151958141824617,0.212094114175774
160.26,0.1,710.699707209904,0.0011753099727648,0.885648948379535,0,0.212565529903536
160.27,0.1,710.855763758972,0,0.887472004128471,0.00238004862681716,0.213178341518291
160.28,0.1,711.011618471276,0,0.885145972612221,0.00180124286453314,0.212710650934313
160.29,0.1,711.167265327911,0,0.885366445467167,0,0.212103701348436
160.3,0.1,711.32269832189,0,0.886425188125627,0.000284196723915023,0.216747152820312
160.31,0.1,711.477911458356,0,0.886177280196725,0.0025405929186662,0.214856271377723
160.32,0.1,711.632898754797,0,0.884335943093017,0,0.212052588756972
160.33,0.1,711.787654241249,0,0.886753543495283,0.00274815455841331,0.212049781832959
160.34,0.1,711.942171960508,0.00250777176056574,0.885581530931212,0,0.213684778600776
160.35,0.1,712.09644596834,0.00152548912098367,0.889544752043179,0.000554449278162248,0.215715070613059
160.36,0.1,712.250470333685,2.46226614397118e-05,0.890154488491444,0.00208729891345767,0.215484315264787
160.37,0.1,712.404239138862,0,0.88731881830525,0,0.215281100913539
160.38,0.1,712.557746479775,0.000694536692005656,0.889039389625364,0.00222166898378032,0.215909299139265
160.39,0.1,712.710986466119,0,0.891340662490253,0.00102445431880695,0.21503236186037
160.4,0.1,712.863953221577,0.000402637919746925,0.892055991901996,0.00149666441340977,0.214873379598464
160.41,0.1,713.016640884026,0.000467610881756761,0.891064933216387,0.00155990798061302,0.215455507605272
160.42,0.1,713.169043605737,0,0.891621512571738,0.00146510330575883,0.212535739512481
160.43,0.1,713.321155553573,0.000678037797758914,0.888656609085603,0,0.21425950144025
160.44,0.1,713.472970909188,0,0.894198171755465,0,0.214765235941388
160.45,0.1,713.624483869227,0.000772153162583088,0.892698801474603,0,0.214423811170033
160.46,0.1,713.775688645517,0.00251483416429987,0.890500055764148,0.00172620544183914,0.214461243748028
160.47,0.1,713.926579465269,0,0.893763174605458,0,0.215330391725922
160.48,0.1,714.077150571266,0,0.892129810680345,0,0.21438498255667
160.49,0.1,714.227396222061,0,0.894263355547669,0,0.217479565157057
160.5,0.1,714.377310692166,0.000511945253340344,0.893791124265193,0.00137479027612162,0.213432324447166
160.51,0.1,714.526888272247,0.000393437026799209,0.89497271734625,0,0.214980299062254
160.52,0.1,714.67612326931,0.000201929974258518,0.895613575490408,0,0.215614226169208
160.53,0.1,714.825010006892,0.00110511010374178,0.89545932833853,0.000130554147953706,0.215850444191141
160.54,0.1,714.97354282525,0,0.89644506766381,0,0.213629627819991
160.55,0.1,715.121716081547,0,0.895519395731108,0,0.217114809353375
160.56,0.1,715.269524150036,0,0.8972637632922,0,0.216856815449609
160.57,0.1,715.416961422248,0,0.896983752742579,0.00132991498313958,0.215834440150314
160.58,0.1,715.564022307178,0,0.898990372253938,0,0.214949238574702
160.59,0.1,715.710701231457,0.00221923313640631,0.898004642105836,0.00168812217930964,0.216366523501988
160.6,0.1,715.856992639549,0.000468474622190658,0.899457184837165,0.000631477037492827,0.215045168010533
160.61,0.1,716.00289099392,0.000168566393238026,0.895311069994686,0.00109691790991249,0.214731252708466
160.62,0.1,716.14839077522,0.00102608458211428,0.899646507343742,0,0.216940148282667
160.63,0.1,716.293486482466,0.000686308205034753,0.897226925887592,0,0.211581471674588
160.64,0.1,716.438172633216,0.000737031765090644,0.898844318846261,0.00238959788304039,0.21719681778231
160.65,0.1,716.582443763746,0,0.899623314450093,0,0.21506117871421
160.66,0.1,716.726294429222,0,0.898474036980455,0,0.216813787883408
160.67,0.1,716.869719203884,0.00211755283277702,0.902060806566781,0,0.214519613892301
160.68,0.1,717.012712681206,8.28921097020573e-05,0.900055376003684,0.00206515226719458,0.214628662813902
160.69,0.1,717.15526947408,0,0.901858929694752,0.00363127469769391,0.2126132704142
160.7,0.1,717.29738421498,0.000632730993423975,0.898564879759774,0,0.214974259350326
160.71,0.1,717.439051556136,0.000208592241867631,0.900781901975812,0.00269554612449438,0.212864534769064
160.72,0.1,717.580266169698,0,0.901627227139653,0.0027842108474497,0.215278190392431
160.73,0.1,717.721022747911,0,0.899456959370674,0.000766868022339571,0.216861739982859
160.74,0.1,717.861316003276,0,0.902998009019188,0.00289162885835951,0.215067014003366
160.75,0.1,718.001140668719,0,0.903378867711067,0,0.215689011379912
160.76,0.1,718.140491497753,0,0.904729656002359,0.00144110635545963,0.216318234092687
160.77,0.1,718.279363264645,0.00050243333593919,0.905401071729801,0,0.215014065330106
160.78,0.1,718.417750764578,0.0010519463271848,0.904117862398707,0,0.214330648549284
160.79,0.1,718.555648813808,0,0.905240645595314,0,0.21776333919103
160.8,0.1,718.693052249833,0,0.905931095204134,0,0.214421402007596
160.81,0.1,718.829955931543,0,0.908010061665977,0,0.212656513169719
160.82,0.1,718.966354739386,0.00127022339007901,0.90393103851067,0,0.216041648272144
160.83,0.1,719.102243575523,0,0.907538990115513,0,0.214338911412303
160.84,0.1,719.23761736398,0.000889975921417342,0.905782741259823,0,0.218758593553856
160.85,0.1,719.372471050812,0,0.906328426742502,0,0.215370245957723
160.86,0.1,719.506799604247,0.000177434888954362,0.909649997448977,0.000544692016303795,0.215002919599396
160.87,0.1,719.640598014849,0,0.907422888490571,0,0.211729661154227
160.88,0.1,719.773861295662,0.00132864242628293,0.907783621239696,0,0.214066223656927
160.89,0.1,719.906584482367,0.00112570698758957,0.909960665637389,0.00221888790969579,0.213292696880475
160.9,0.1,720.038762633426,0,0.907713480403184,0,0.214954718873386
160.91,0.1,720.170390830237,0.00140447136401848,0.906369425553332,0,0.214459430259259
160.92,0.1,720.301464177279,0.00149343083572074,0.907649879954583,0.00119866882939981,0.216978462127795
160.93,0.1,720.431977802258,0.00139543271497782,0.908344343160641,0.00068011291271105,0.214318670937872
160.94,0.1,720.561926856254,0,0.909946176525895,7.09046872239189e-05,0.21349203241364
160.95,0.1,720.691306513867,0,0.909689674997942,0.00104378723412206,0.215080371274601
160.96,0.1,720.820111973356,0,0.911814809037358,0.000646075440054431,0.213284597345808
160.97,0.1,720.948338456787,0,0.911052969404604,0.000335084094249452,0.215793655848107
160.98,0.1,721.075981210172,0.00197592038623512,0.912603740448671,0,0.21322134542173
160.99,0.1,721.203035503612,0.00208378831702616,0.912049884157906,0.00027168344576388,0.217093579379209
161,0.1,721.32949663143,0,0.909908895195971,0.00225692659217505,0.213907227574927
161.01,0.1,721.455359912318,0,0.912373359831826,0.00117337118448792,0.214415412794605
161.02,0.1,721.580620689468,0.000391486219775285,0.9125854813606,0.00110424335194262,0.213299895365426
161.03,0.1,721.705274330712,0,0.911730258228778,0,0.214333204352989
161.04,0.1,721.829316228655,0.000281732376400582,0.912234505837669,0,0.214701181136034
161.05,0.1,721.952741800812,0.000121683497031165,0.913441091836118,0,0.212989231329229
161.06,0.1,722.075546489739,0.000895446174719589,0.912875935889623,0.00147223818772227,0.21424581609825
161.07,0.1,722.197725763165,0,0.914856156607394,0.00113908160043085,0.216625106632308
161.08,0.1,722.319275114126,0.00218628977189995,0.91487388676424,0,0.213839226510584
161.09,0.1,722.440190061093,0,0.915541413924521,0,0.211596520514485
161.1,0.1,722.560466148099,0.00213812368290769,0.91522304747127,0,0.213787638681057
161.11,0.1,722.680098944875,0,0.915845608833292,0.000408739715457456,0.214708142807662
161.12,0.1,722.799084046967,0.000947508480623667,0.916033351383629,0.00128535016931746,0.215834611865638
161.13,0.1,722.91741707587,0,0.914073445868767,2.67478191430644e-05,0.21418188908072
161.14,0.1,723.035093679149,0,0.915094446667913,0,0.215219331360552
161.15,0.1,721.144106027669,0.00123108220083181,0.915585289047849,0.00156323309192352,0.21344313386737
161.16,0.1,717.528904452802,0.00164116866126168,0.91819677169068,0,0.214855031598244
161.17,0.1,715.346877583793,0,0.915155379686066,0.000795584891151087,0.217220162277767
161.18,0.1,713.564268180473,0.00507658145886348,0.917751938014671,0,0.214247541830863
161.19,0.1,711.787115321052,0.00326825893162825,0.918200661433555,0,0.213234816355829
161.2,0.1,710.006250220216,0.00404299133848078,0.917625217186658,0.00111309292714737,0.215586568092547
161.21,0.1,708.225060161286,0.00637425932141549,0.919525102169404,0.00227076853735323,0.214001776890523
161.22,0.1,706.443786356964,0.00307997742939311,0.917661759019343,0,0.21497819761468
161.23,0.1,704.662388096502,0.00478139819496973,0.917638243959316,0.00104110236181171,0.214277040890077
161.24,0.1,702.880842038068,0.00520429207712914,0.920063257102395,0.000182322744092053,0.215084750748066
161.25,0.1,701.099129117717,0.00482752396201403,0.918313751223625,0,0.214752279871822
161.26,0.1,699.317230949083,0.00545151537457627,0.920139100936856,0.00163683117912743,0.215947069198836
161.27,0.1,697.535129769344,0.00861184326576461,0.920184486452822,0,0.213987839568427
161.28,0.1,695.752808468948,0.00842700338075532,0.918469161419968,0,0.215411758893436
161.29,0.1,693.970250590643,0.00827944076747673,0.920195152075011,0.00233750150616304,0.214714401539017
161.3,0.1,692.187440326149,0.00958982668433797,0.918716381906127,0.000516655295618356,0.216750623276224
161.31,0.1,690.404362512969,0.00701471656038825,0.918582351840857,0,0.217216114493228
161.32,0.1,688.621002631229,0.00958882250734181,0.921548586934043,0,0.214027254976743
161.33,0.1,686.837346800473,0.0116768196858707,0.921855626085777,0.000363208420351769,0.213136846463761
161.34,0.1,685.053381776431,0.011624703407503,0.918318492603887,0,0.213449963371707
161.35,0.1,683.269094947768,0.0104058287402736,0.920424795081719,0.000680724523914259,0.217913084276419
161.36,0.1,681.484474332794,0.00975662973480946,0.920974785550067,0.00269036578511511,0.216412903521771
161.37,0.1,679.69950857615,0.009925007556833,0.923614645731598,0.000418227293701701,0.21754558796163
161.38,0.1,677.914186945454,0.0137943726124155,0.923856283110262,0.00214607304378276,0.216663926287345
161.39,0.1,676.128499327942,0.0128160080625611,0.922859106440849,0.00202497174587142,0.215561112183774
161.4,0.1,674.342436227053,0.0116948640194346,0.923546954806306,0.00268393830219842,0.216847382341811
161.41,0.1,672.555988758993,0.0132496517572672,0.923259033105929,0.00254633114059343,0.215954724794332
161.42,0.1,670.769148649282,0.0145664378971509,0.92330256478129,0.00106196005204097,0.216059177943409
161.43,0.1,668.981908229245,0.013354782315617,0.92384850235462,0.000901050605917556,0.214412793772683
161.44,0.1,667.194260432496,0.013394555318535,0.92558918942695,0.00156951481161824,0.214362565148758
161.45,0.1,665.40619879138,0.0174150910576445,0.922831940435222,0,0.214583972891984
161.46,0.1,663.61771743339,0.0161164107008515,0.923968244084691,0,0.215478675227694
161.47,0.1,661.828811077538,0.0187041424448033,0.92314066654799,0.000939742331174562,0.215471951121149
161.48,0.1,660.039475030721,0.0184227983324061,0.92376338911876,0,0.214022269978806
161.49,0.1,658.249705184038,0.0194411598454612,0.925945604365634,0.00115952074845597,0.214645867273303
161.5,0.1,656.459498009071,0.0216668784571066,0.924883986336097,0,0.21770025453753
161.51,0.1,654.668850554158,0.0204855485739701,0.924827200422744,0,0.214960300761178
161.52,0.1,652.87776044061,0.0222090710062418,0.925414309562204,0,0.216909651060839
161.53,0.1,651.086225858912,0.0220383540047079,0.924987985739012,0,0.216263416694892
161.54,0.1,649.294245564889,0.022726974742195,0.929499356001033,0,0.212355484774774
161.55,0.1,647.501818875841,0.022225390943419,0.924596309801532,0,0.212525835864647
161.56,0.1,645.708945666644,0.02096572675832,0.925416591465416,0.00160670112569321,0.215492424924529
161.57,0.1,643.915626365821,0.0254635742928109,0.926850033181875,0,0.214448005641947
161.58,0.1,642.121861951594,0.0238643848223957,0.927759429103105,0.000424725240486482,0.214135396748034
161.59,0.1,640.327653947877,0.0225689309808354,0.928949135736799,0.000102251380415968,0.214164240852014
161.6,0.1,638.53300442027,0.0277354662879802,0.926627749562619,0.00106976329494483,0.215661879247172
161.61,0.1,636.737915972006,0.0246781844638927,0.928358769189066,0.00237385445104175,0.214280572291347
161.62,0.1,634.942391739863,0.0262152006092057,0.928661114889593,0.00139083276380977,0.21401078835621
161.63,0.1,633.146435390052,0.0264275125845386,0.927544213131509,0.00147953092795558,0.212824311766388
161.64,0.1,631.350051114082,0.0288614824632427,0.929371841161551,0,0.214811458300992
161.65,0.1,629.553243624583,0.0267884133961301,0.926118869580943,0,0.218221675820714
161.66,0.1,627.756018151095,0.0278712061627547,0.929625094462137,0,0.215799192903719
161.67,0.1,625.958380435848,0.0286884931185582,0.929302582294915,0,0.213448779408175
161.68,0.1,624.160336729491,0.0297446562904115,0.927490115236095,0,0.215833223922508
161.69,0.1,622.361893786798,0.0298372216764439,0.929936315128113,0.000560516207724132,0.214990489505667
161.7,0.1,620.563058862351,0.0300578712571684,0.930874728318089,0.0023753139920289,0.215356343020447
161.71,0.1,618.76383970619,0.0306817433453356,0.931347246822621,9.13229740625857e-05,0.213396080270764
161.72,0.1,616.964244559423,0.035153029910077,0.930394502998753,0.000985897342343967,0.215439377632167
161.73,0.1,615.164282149828,0.0331172480071901,0.929060718688843,0.00138754356053947,0.214209317971602
161.74,0.1,613.36396168741,0.0358446995079571,0.930006337414791,0,0.215650627320993
161.75,0.1,611.563292859935,0.0344467543638654,0.932084983075677,0.000178390727477774,0.216685650307235
161.76,0.1,609.762285828439,0.0336897947651175,0.931790886479384,0.000386283368471801,0.213905998021646
161.77,0.1,607.96095122271,0.0340290350288113,0.93025490199566,0,0.215953153373476
161.78,0.1,606.159300136727,0.0376704478524546,0.92885070083249,0,0.213028166494289
161.79,0.1,604.357344124099,0.0342564531266666,0.931076522860354,0.000675780615707825,0.216071170302731
161.8,0.1,602.555095193457,0.0375843936437497,0.930870806434983,0.000246173781050515,0.212358749237224
161.81,0.1,600.752565803818,0.0376979281979029,0.930073467079818,0.000282208822456066,0.215021181066654
161.82,0.1,598.949768859943,0.0393220614277768,0.933113762541371,0,0.214317058265496
161.83,0.1,597.146717707649,0.0367461055897382,0.931532936541127,0.000217477381058716,0.215162506093406
161.84,0.1,595.343426129105,0.0388333285390876,0.935499087544055,0,0.213110448770359
161.85,0.1,593.539908338099,0.0411451697850284,0.931765746449717,0,0.21714561404287
161.86,0.1,591.73617897529,0.0391645477140601,0.930940919959054,0.000826739765275283,0.215268790380022
161.87,0.1,589.932253103418,0.041517879221565,0.932827709572176,0,0.217462771619189
161.88,0.1,588.128146202508,0.0399157994374569,0.931064932272576,0.000787271130250241,0.217212717859824
161.89,0.1,586.323874165041,0.0392679936434845,0.934498481702323,3.01158733870121e-05,0.216562370371534
161.9,0.1,584.519453291111,0.0405063487204129,0.932429478544867,0,0.214163209417021
161.91,0.1,582.714900283538,0.0435632342846461,0.931690300477615,0,0.216573524285451
161.92,0.1,580.910232242991,0.0422878049748798,0.933604115815434,0,0.21720674332602
161.93,0.1,579.105466663062,0.0451088235484238,0.932201454009422,0.00212089250787503,0.214063119830299
161.94,0.1,577.300621425332,0.0438614708466532,0.933685068691071,0.00147799184193052,0.215821852945028
161.95,0.1,575.495714794414,0.0418984417306817,0.932864019468523,0,0.212829218607412
161.96,0.1,573.690765412978,0.0430830863496126,0.933850107121842,0,0.214137581550719
161.97,0.1,571.885792296747,0.0474308508135311,0.933719149521731,0.00219105064928498,0.216153565932247
161.98,0.1,570.08081482949,0.0474238257204543,0.932542634692039,0,0.214756284872314
161.99,0.1,568.275852757981,0.0464046866728811,0.933417574128939,0.000522282154206354,0.21597893834495
162,0.1,566.470926186944,0.0475327676086939,0.937375408846531,0.000369372886015646,0.21404545859047
162.01,0.1,564.666055573989,0.0506830567600701,0.934050052991533,0.0012489442620032,0.215356456940789
162.02,0.1,562.861261724522,0.0491349500115585,0.93557626866933,0.000268059757791989,0.214872573807114
162.03,0.1,561.056565786637,0.0495844834960285,0.935517893630856,0,0.213179220717536
162.04,0.1,559.251989245999,0.0505133882286929,0.931198258654621,0,0.216250351037619
162.05,0.1,557.44755392071,0.050033771661415,0.936245738761698,0.00159924754105708,0.21410193182924
162.06,0.1,555.643281956153,0.0540157603957909,0.934342544291698,0,0.216813573166431
162.07,0.1,553.839195819832,0.0522756309894291,0.936163108106367,0.00127204597168089,0.215143648971128
162.08,0.1,552.035318296192,0.0529581562199008,0.934417300091131,0.000531192430116519,0.21618641430199
162.09,0.1,550.231672481429,0.0549150850581665,0.933144754722833,0,0.215411637507344
162.1,0.1,548.42828177828,0.0554424126558523,0.935520436297875,0,0.216097698023791
162.11,0.1,546.625169890815,0.0554671710914631,0.935277407991724,0.000867912015997326,0.216390528681432
162.12,0.1,544.822360819203,0.0558654632873814,0.935718368943674,0,0.216338917292507
162.13,0.1,543.019878854475,0.0566174270152236,0.933867764729862,0.0030623467550621,0.214429958934758
162.14,0.1,541.21774857328,0.058159988312837,0.935602070764649,0,0.217715131740866
162.15,0.1,539.415994832623,0.0569257868005947,0.936160283877283,0,0.216222727186535
162.16,0.1,537.614642764596,0.0580087729920542,0.938209986496001,0.000594773706700453,0.212684788689412
162.17,0.1,535.813717771109,0.0621891011669755,0.936405183590048,0,0.216308937629548
162.18,0.1,534.013245518606,0.0592755776166464,0.936339538166806,0,0.21225644038821
162.19,0.1,532.213251932769,0.059586127063955,0.932811362887291,0.0006015783605202,0.215403027990442
162.2,0.1,530.41376319323,0.0603586427329805,0.935880051248697,0.000977215817296668,0.214292523450629
162.21,0.1,528.614805728267,0.0637225290917889,0.936586905069279,0,0.215952480560789
162.22,0.1,526.816406209495,0.0652315168974135,0.934723161981139,0.00142198902659429,0.21236052154855
162.23,0.1,525.018591546558,0.0629423284028886,0.938331319489366,0.00115669942348062,0.215324673254327
162.24,0.1,523.221388881812,0.0636821593520355,0.936065065532722,0.000570295690478126,0.217185236434655
162.25,0.1,521.424825585008,0.0648379112411592,0.936011227198253,0.000907339898553314,0.216498305380055
162.26,0.1,519.628929247974,0.0664322113011341,0.938221826030637,0,0.216718505197398
162.27,0.1,517.833727679289,0.0659353862330582,0.938116060361611,0.00057876010983481,0.214455468788893
162.28,0.1,516.039248898962,0.066258374022113,0.935947725158286,0,0.217479568595264
162.29,0.1,514.245521133111,0.0658407023544384,0.938312778749013,0,0.215323010283935
162.3,0.1,512.452572808637,0.0687709663224254,0.938690933464299,0,0.213622540616861
162.31,0.1,510.660432547901,0.0708418773525804,0.937200216470558,0,0.217869256586522
162.32,0.1,508.869129163409,0.0702720467179878,0.936270716207939,0.00111204540291774,0.214044640449124
162.33,0.1,507.078691652488,0.0708162488121793,0.937774417822661,0,0.21540126560728
162.34,0.1,505.289149191974,0.0705595123861198,0.935347169084661,0,0.216428096549439
162.35,0.1,503.500531132902,0.0722327438635581,0.938802807411433,0,0.216146689284357
162.36,0.1,501.712866995194,0.0716875475408153,0.940641273996418,0.000169874019305038,0.212689666242193
162.37,0.1,499.926186462363,0.07294646287297,0.938337655103679,0.000815526806773225,0.215251847130065
162.38,0.1,498.140519376215,0.0744299578013924,0.938210427664036,0,0.218097569070113
162.39,0.1,496.355895731559,0.0731651501290657,0.938253090637235,0,0.21311586972737
162.4,0.1,494.572345670922,0.07614628726335,0.935908958371938,0.00183176384152048,0.212887264246619
162.41,0.1,492.789899479281,0.0736248725931407,0.935954965446456,0,0.217400257061851
162.42,0.1,491.00858757879,0.0772088785437826,0.937226905556251,0.000743859540232504,0.214540600757669
162.43,0.1,489.228440523529,0.0762177856341196,0.939240122606546,0,0.214267624768891
162.44,0.1,487.449488994253,0.0760152984657257,0.93998541160525,0,0.213743333749335
162.45,0.1,485.671763793158,0.0783074818594397,0.939051078695553,0.000503404336688299,0.213975861168861
162.46,0.1,483.895295838655,0.0789337491303954,0.937167345810309,0.00163670384791379,0.216676468805952
162.47,0.1,482.120116160155,0.0793907786836941,0.936902586222572,0,0.21658350213024
162.48,0.1,480.346255892876,0.0795690557424746,0.934725574976056,0,0.216199389090517
162.49,0.1,478.573746272645,0.0797612163761963,0.935717273046279,0.00135899523996279,0.213549299129377
162.5,0.1,476.802618630732,0.0811823849399467,0.936577849293405,0,0.215229815088757
162.51,0.1,475.032904388693,0.0830623402135291,0.937741221765112,0,0.213582360118057
162.52,0.1,473.264635053222,0.0815765546088877,0.935553069425581,0,0.215228582930603
162.53,0.1,471.497842211026,0.0848961988277786,0.937015686450802,0.000384384602935869,0.212407183004498
162.54,0.1,469.732557523716,0.0863276858496518,0.936047667278409,0.000737036869652704,0.213248200867376
162.55,0.1,467.968812722712,0.0850754331276366,0.937700006195223,0,0.214238932636825
162.56,0.1,466.206639604168,0.0836214618924406,0.938596076572109,0,0.217360029949527
162.57,0.1,464.446070023919,0.0865882311487642,0.935069038036862,0.00127980712446208,0.21455066988529
162.58,0.1,462.77383410186,0.0873341981117854,0.938166366615231,0,0.214175915151226
162.59,0.1,461.701478751274,0.086550796772735,0.936772861759004,0.00149537030010621,0.216667912667901
162.6,0.1,460.773502214061,0.085644720828927,0.937198163231733,0,0.213985666539122
162.61,0.1,459.839986802179,0.0885918109050321,0.938505211852035,0.00300330459016458,0.216868876535577
162.62,0.1,459.202831164782,0.0887118709052043,0.935823674002033,0.000363225084131661,0.215760944012201
162.63,0.1,458.897073883256,0.0888751417292251,0.936149764902031,0.000366228821987936,0.213965347994087
162.64,0.1,458.607055645683,0.0871671007525991,0.936177903611705,0,0.216035454876523
162.65,0.1,458.32687299313,0.0872339172645453,0.936141330233563,0,0.218799726191179
162.66,0.1,458.168815417236,0.0882920480262056,0.937135713575379,0,0.214068698031669
162.67,0.1,458.036231233442,0.0866430488231234,0.937480444269879,0,0.214879901788643
162.68,0.1,457.897111202434,0.0877504932271317,0.937565236966167,0.00155160006177219,0.214383830427768
162.69,0.1,457.752162483806,0.0887237824621864,0.937554124945794,0,0.214864179064461
162.7,0.1,457.601771922805,0.0892348889514136,0.935320812966826,0.000448199379718923,0.212303104582054
162.71,0.1,457.445246229767,0.0879086701317402,0.936290458570577,0,0.21522954366884
162.72,0.1,457.282679547348,0.0891327812848702,0.935575670982635,0,0.215486041977323
162.73,0.1,457.114924159928,0.0895588964690411,0.936227366052115,0.00178102640373794,0.21359152313172
162.74,0.1,456.941255190501,0.0871852479143343,0.936990924122867,0,0.215341593284672
162.75,0.1,456.761441244413,0.088661227558599,0.937116315828822,0.000567165107424363,0.213964744789476
162.76,0.1,456.576202138361,0.0900338526254702,0.938687154361235,0,0.214920878976221
162.77,0.1,456.385634149904,0.0917442974840886,0.934045861931479,0.000937119459169743,0.21706654495845
162.78,0.1,456.189012005024,0.09158450741025,0.937775870666078,0,0.215932160000698
162.79,0.1,455.986470097191,0.0876599596177059,0.938377244751021,0.00130278076352289,0.213349281527614
162.8,0.1,455.779081831663,0.0935559188940387,0.936068031902589,6.82953047961117e-05,0.216242968705327
162.81,0.1,455.565933082098,0.0915149791054367,0.936278842801248,0.000733400470127091,0.214445874722652
162.82,0.1,455.346732024703,0.0921099520529191,0.935735262937054,0,0.213471901971721
162.83,0.1,455.122370684977,0.0900823901613269,0.936803049448632,0,0.213910832457728
162.84,0.1,454.89296810063,0.0891613969734522,0.935686051972466,0,0.214608737015418
162.85,0.1,454.657625184542,0.09309215101398,0.939303906968673,0,0.214654927357236
162.86,0.1,454.416506620902,0.0898000129432048,0.936764136903958,0.000152169401334289,0.215241222000276
162.87,0.1,454.170933051882,0.0891573871644691,0.933682886628743,0,0.214346137583617
162.88,0.1,453.919778789045,0.0911348595906759,0.932627389655754,0,0.21499065303996
162.89,0.1,453.662684070488,0.0906653077392085,0.93475740995426,0.00229276188237594,0.213109273988078
162.9,0.1,453.400722204192,0.0914690941872276,0.937501220083278,0,0.214983833804164
162.91,0.1,453.134035925594,0.0930830789271933,0.934236714233716,0.00155188555952353,0.214948321976591
162.92,0.1,452.861542543397,0.0920695051634262,0.934257261407858,0.000190765119704343,0.216613510123854
162.93,0.1,452.583437491402,0.0936600878411162,0.936322041406098,0,0.21598945577413
162.94,0.1,452.301296574135,0.0903121699613171,0.935553999009992,0,0.213384680457453
162.95,0.1,452.013775280006,0.0918443613326463,0.937005966073135,0.00106188484528624,0.213270161991366
162.96,0.1,451.720443398424,0.0917652790794789,0.936023110637539,0,0.214903428545593
162.97,0.1,451.422541493913,0.0957652303037636,0.934120334157431,0,0.214559200056851
162.98,0.1,451.120234254838,0.0900146800360697,0.933367379377698,0.000323199043785322,0.215183223024212
162.99,0.1,450.812269683769,0.0922446528317865,0.933462948225825,0.000196614800840706,0.216128218544084
163,0.1,450.498865413281,0.0916327632573807,0.937656138423212,0,0.215665615583735
163.01,0.1,450.181795860952,0.0924440509532138,0.931715452716967,0,0.212541655636618
163.02,0.1,449.859547153256,0.0960919897611528,0.932954051985616,0.000384664487544855,0.213872779860732
163.03,0.1,449.531634831016,0.0940396183873547,0.933591685289247,0.000368892673851325,0.214966495578699
163.04,0.1,449.199441728872,0.093179065138402,0.934861806805778,0,0.217998808710692
163.05,0.1,448.863151338574,0.0907623157264492,0.934695552860166,0.000423904304282209,0.214889455072682
163.06,0.1,448.521368072829,0.0936161296599054,0.934647484347353,0.00109477985838636,0.217502638354041
163.07,0.1,448.174326970302,0.0922694389386518,0.935871577899575,0.00319745955984487,0.215637092116249
163.08,0.1,447.823961515298,0.0931535270718458,0.935986409148354,0.00219544161827008,0.214697687118074
163.09,0.1,447.468622867213,0.0940606240890282,0.930805196976027,0.000453672803072519,0.2141240423701
163.1,0.1,447.107783532567,0.0920103484099787,0.931591088048635,0,0.2177215119626
163.11,0.1,446.742944099299,0.091556627302179,0.93295673609103,0.00096408127571732,0.216510016140781
163.12,0.1,446.374303831616,0.0909684156068722,0.932267816455082,0,0.216162944021188
163.13,0.1,446.000348771356,0.0940571650483406,0.93338292819075,0,0.215913792853173
163.14,0.1,445.621336274351,0.0937222716991993,0.931932375618232,0,0.21409018834473
163.15,0.1,445.23937709261,0.0936568721228907,0.93191738428698,0.00280903813938832,0.215110717308597
163.16,0.1,444.852670820189,0.0952639398004061,0.932162137007131,0.000798027189543611,0.214566294572271
163.17,0.1,444.460641295455,0.0939325739420721,0.931211239842261,0.0020050780316212,0.214465611363336
163.18,0.1,444.064902138763,0.0939687522491526,0.933625706061377,0.00115916369408625,0.215643299876569
163.19,0.1,443.665667688512,0.0940984134343315,0.931671214073779,0.000458406670438443,0.214970694406033
163.2,0.1,443.261310086585,0.0960272198783049,0.930710781978789,0,0.21439584455299
163.21,0.1,442.852106269186,0.0950013583892586,0.931480991249636,0,0.216039917287348
163.22,0.1,442.440326909982,0.095605907471674,0.933494474435144,0.00116011950257722,0.215618551308442
163.23,0.1,442.024034895366,0.0950666670383362,0.930788784923155,0,0.216368130260757
163.24,0.1,441.602610131878,0.0940176355519795,0.930980599405763,0,0.215262588217999
163.25,0.1,441.177810503433,0.097356228979081,0.931899249835159,6.7098764153337e-06,0.214904259568743
163.26,0.1,440.749868866789,0.0950776655960135,0.932064585608177,0.000771328211061763,0.214271272436298
163.27,0.1,440.317010410173,0.0965517831751657,0.929247654347214,0,0.214971665674628
163.28,0.1,439.879531474678,0.0952741895331836,0.932330425150463,0.000452824238707056,0.215056582470928
163.29,0.1,439.439878174776,0.0972405573454737,0.930320996749189,0,0.218104534973053
163.3,0.1,438.995962994787,0.0945145761853716,0.929887040432257,0,0.216874528814567
163.31,0.1,438.547117165227,0.0957364872126172,0.930271181824687,0.000850806626775579,0.214932836640187
163.32,0.1,438.095219662077,0.0992364838916419,0.928439262582202,0.00218471080603452,0.213925003778746
163.33,0.1,437.640519157805,0.0984071050062826,0.928281023274087,0.000987525996906136,0.21766166288923
163.34,0.1,437.181117649504,0.0962955310540568,0.93233728715257,0,0.214817303934223
163.35,0.1,436.717328957499,0.100305111570229,0.927217900802574,0,0.214300887549623
163.36,0.1,436.251753272573,0.0976272296707566,0.931393775033026,0.000788295633095702,0.215432308866987
163.37,0.1,435.782171051742,0.0996582696784083,0.929667069516807,0.000803276555511629,0.214696123121195
163.38,0.1,435.307870715415,0.0999172367888715,0.927505533687129,0,0.212296343648455
163.39,0.1,434.830818148846,0.0968851013372258,0.927902488730757,0,0.21442333327247
163.4,0.1,434.351273803291,0.0988409953309186,0.931450707069488,0,0.216315103173611
163.41,0.1,433.867251760929,0.0995358301740156,0.927430486605839,0.000560789390252331,0.213770125309998
163.42,0.1,433.380888360483,0.0981572873156659,0.927851458762925,0,0.216453044628907
163.43,0.1,432.905609926872,0.0988700434102873,0.927775279766546,0.000735572193762962,0.216515940917631
163.44,0.1,432.429637519816,0.102322301823148,0.928568789322086,0.00173080535351084,0.215042581185634
163.45,0.1,431.949099122754,0.100158703788061,0.923982255046514,0,0.213260161236385
163.46,0.1,431.528347723201,0.0968093790572568,0.926228983762351,0,0.213738581886845
163.47,0.1,431.174802981578,0.0979803801138776,0.926418423355237,0.000288426026036942,0.213461398645819
163.48,0.1,430.821241060446,0.100150011170775,0.924382163087395,0,0.214328307270147
163.49,0.1,430.473350907057,0.100898270428978,0.927201845113174,0,0.216174716165878
163.5,0.1,430.196285399741,0.0979203832854682,0.923966633595447,0.000972686967082349,0.212882744169703
163.51,0.1,429.933161929085,0.100331980762062,0.925661391031459,0.00140177521555954,0.215845324317037
163.52,0.1,429.665134954436,0.100279077699785,0.923571014087557,0,0.21578764181433
163.53,0.1,429.425903055204,0.102041976569549,0.925451499359764,0,0.21723401251343
163.54,0.1,429.21958529868,0.101427967976784,0.92538628533324,0,0.215764095922386
163.55,0.1,429.011011779861,0.0994150035810256,0.926409357294677,0.000861643057604396,0.216399894574232
163.56,0.1,428.802911432656,0.101993490169118,0.92243928011387,0.00086674045239756,0.216084654299912
163.57,0.1,428.627963419103,0.10057904109431,0.923312900916658,0.00170619760963654,0.212569343815463
163.58,0.1,428.457717496592,0.0993249041171449,0.924396955883403,0,0.216635007463206
163.59,0.1,428.282731492292,0.102397913358281,0.923995661590234,0.000832981654905155,0.213403946551838
163.6,0.1,428.121396113997,0.101565559723865,0.924969259044538,0,0.216914969715928
163.61,0.1,427.975989694921,0.10100846014869,0.92345891500818,0.000993379791066204,0.215560648515758
163.62,0.1,427.827333909072,0.100683398398474,0.921986575023065,0.00294069978200312,0.21369838460344
163.63,0.1,427.677179041264,0.0995382765201189,0.923403941614038,4.98372337945495e-05,0.212309335245573
163.64,0.1,427.544913088061,0.0996843414044494,0.923304139531067,0.00114519946861233,0.21371970745529
163.65,0.1,427.413684577095,0.096640680910518,0.919879052634225,0.00044710400977445,0.215259484817019
163.66,0.1,427.277892859521,0.101852668690049,0.921428347907799,0.00193459794121453,0.216903779756579
163.67,0.1,427.149403411468,0.101234118449383,0.922030778624294,0,0.213414763432846
163.68,0.1,427.029706148419,0.0997141900567936,0.922427841683285,0,0.214885704340184
163.69,0.1,426.906438955535,0.101875154529615,0.921335331179168,0,0.216828750702013
163.7,0.1,426.780947800232,0.100666166734752,0.919769841259036,0,0.217049408013181
163.71,0.1,426.667026217748,0.10013280558803,0.922351961869972,0.00171604637195545,0.215317607375882
163.72,0.1,426.552703725374,0.100998866910125,0.921824388106776,0,0.215043058898962
163.73,0.1,426.433995875601,0.100536206539843,0.920345065081008,0.000177016403942528,0.214292181668437
163.74,0.1,426.319897984604,0.100420219202107,0.919419401635633,9.49515191876018e-05,0.215054813675043
163.75,0.1,426.21155535898,0.0979737619007597,0.918577165707584,0,0.214529344187353
163.76,0.1,426.099603660499,0.101092953617675,0.917591848533462,0,0.215759002134367
163.77,0.1,425.985126745182,0.0998373726055214,0.918829832499205,0.000358701053663518,0.216562878928245
163.78,0.1,425.878961535267,0.101345539255651,0.916805919795891,0.000491476259999535,0.215614906507568
163.79,0.1,425.771722944272,0.101771789042412,0.915971142114554,0.00231921324743215,0.215125719365211
163.8,0.1,425.6602816947,0.102343061229606,0.918156368314943,0,0.213463036775105
163.81,0.1,425.551621960218,0.100895780270072,0.915190131800603,0,0.214687860584176
163.82,0.1,425.446648918077,0.0999449711029882,0.918194608841649,0,0.214430081534823
163.83,0.1,425.338099791754,0.101564601676709,0.915835265236734,0.00282131408869322,0.215394509313295
163.84,0.1,425.226776634411,0.101849556335622,0.916690068815463,0.000793104500798261,0.21625905134416
163.85,0.1,425.120855227876,0.101118441979188,0.915277080576746,0.000646644222632401,0.21421465874141
163.86,0.1,425.013278440051,0.101100654376851,0.916590378801604,2.67155107709293e-06,0.213385591421545
163.87,0.1,424.901690495371,0.100573985031663,0.916675390143012,0.00211837198238366,0.216055308690798
163.88,0.1,424.791678685304,0.100807511662378,0.916121715922502,0.00105235842212757,0.212233656755005
163.89,0.1,424.683979228877,0.0998925874359445,0.916476021706145,0,0.215070929258351
163.9,0.1,424.572790513622,0.0996132412925755,0.916411861855739,0,0.213934425940909
163.91,0.1,424.459022571008,0.102704120111103,0.915222626674412,0,0.215466594817229
163.92,0.1,424.350805933706,0.101780872265469,0.912267358518005,0.000678544879525427,0.21669128493851
163.93,0.1,424.241121907195,0.103248035132958,0.916610266439333,0.00315899989625639,0.217653196484755
163.94,0.1,424.127620745926,0.100525374902605,0.912806550245676,0,0.213653451751827
163.95,0.1,424.015998470387,0.101889874295766,0.913107519085328,0,0.218249323868343
163.96,0.1,423.907013672353,0.100947377719647,0.911825937482432,0,0.215265397562217
163.97,0.1,423.794747501316,0.103160191123412,0.91293094631557,0,0.215336726115539
163.98,0.1,423.679978618163,0.101181180702185,0.909669901251749,0.000351937253387064,0.213540547899367
163.99,0.1,423.570136975259,0.101503101337328,0.911646570476172,0.00213971072328106,0.215522672958125
164,0.1,423.458826969081,0.10455532939571,0.910641715300577,0,0.215422965942296
164.01,0.1,423.343901874205,0.100408160096075,0.913768134936596,0,0.215951035244286
164.02,0.1,423.230806247997,0.0999405026681317,0.911891800221009,0.000637442139389215,0.215888194990455
164.03,0.1,423.120274323715,0.102325726594653,0.913471893889068,0,0.215322558712225
164.04,0.1,423.006648195631,0.0989221740976917,0.908685002574457,0,0.215967429027676
164.05,0.1,422.890657122629,0.10148134252381,0.908210730095668,0,0.213655940388403
164.06,0.1,422.779331795359,0.101091075173152,0.90935729755495,0,0.214975951355383
164.07,0.1,422.666632583587,0.101333222206172,0.910498060442386,0.000665236247921565,0.213428951079882
164.08,0.1,422.550526360155,0.100294707744897,0.907697615378843,0.000417088039104332,0.214400669809849
164.09,0.1,422.4360792447,0.100829334047465,0.907483622931796,0,0.212737134463625
164.1,0.1,422.323985268923,0.10087201481843,0.911128205495846,0,0.215204051778755
164.11,0.1,422.208980682701,0.101423276528616,0.906498031002958,0.00219042744791622,0.213194847865345
164.12,0.1,422.091749106201,0.102490893457915,0.90794665983098,0.000635297958804716,0.212628852257557
164.13,0.1,421.978876025635,0.0998404137289072,0.908298388829855,0.000912483240969964,0.212932079317688
164.14,0.1,421.864716198134,0.10265024815626,0.910169693445921,0,0.215413270561744
164.15,0.1,421.747363835846,0.102035982644966,0.9081860856347,0,0.214844890832259
164.16,0.1,421.631963482564,0.100822418890693,0.90596901734704,0,0.21655141054342
164.17,0.1,421.51922685898,0.0993053827912048,0.906737850960283,0,0.215548181232915
164.18,0.1,421.403804999924,0.102378827749901,0.905324099549242,0.000970613523032378,0.213950931692469
164.19,0.1,421.286440262418,0.101699501456876,0.90701072585981,0,0.215260971031246
164.2,0.1,421.174136706394,0.103576298794488,0.906646079760015,0.00021125606746411,0.214335956798884
164.21,0.1,421.060893838478,0.101035656858465,0.902999887552782,0.000861468966701707,0.21455685457543
164.22,0.1,420.944677131318,0.103732311037493,0.903965883170944,0.00153568936498473,0.217313283837081
164.23,0.1,420.830333965622,0.102144607368191,0.905120555294361,0.00179881456992435,0.212029465359933
164.24,0.1,420.718547706847,0.101488217022404,0.90348660563478,0.00185547900367462,0.214207128989068
164.25,0.1,420.604277090584,0.103439510166541,0.904842578522983,0.00364116140413292,0.214102768922447
164.26,0.1,420.488174967972,0.100558834438317,0.903076732619457,6.38553519570911e-05,0.213694241152225
164.27,0.1,420.376579552511,0.103472046330322,0.900302840080738,0,0.215620861337393
164.28,0.1,420.264076528202,0.103651269363133,0.901644317614061,0.00280067455580292,0.217923018548239
164.29,0.1,420.148825061065,0.100997224908638,0.902190314215957,0.000868992063542219,0.218005526581445
164.3,0.1,420.035414555916,0.103660340295286,0.899341105164615,0,0.214858122921548
164.31,0.1,419.924501153915,0.102281673428507,0.898461612905703,0.00100366556196795,0.217177086836215
164.32,0.1,419.811312406548,0.10188401844185,0.899847101277917,0,0.212802189074755
164.33,0.1,419.696492578075,0.102065484288849,0.900149311792903,0.000133278401549299,0.214446651448691
164.34,0.1,419.586215212079,0.102614983467908,0.900795767685938,0,0.215418783735578
164.35,0.1,419.475215736745,0.101560991502364,0.901485939762096,0.00114907636787934,0.215617519481427
164.36,0.1,419.361697756338,0.101789737892718,0.898969269534258,0.000920991392010986,0.215482527740945
164.37,0.1,419.250045048063,0.101156216895089,0.897971165166573,0,0.215114117655486
164.38,0.1,419.140894355899,0.100769888038636,0.898905176330656,0,0.215766482923231
164.39,0.1,419.029686208446,0.100486564940914,0.899867131260562,0,0.214290524452419
164.4,0.1,418.916936608377,0.101830922744922,0.897745658674647,0.000880584700769271,0.213540150699181
164.41,0.1,418.807965195587,0.102103075026365,0.900217720173579,0,0.216646290734223
164.42,0.1,418.698254937401,0.103102025278098,0.899674599738537,0,0.214510904424517
164.43,0.1,418.58626121138,0.101217241996176,0.898879901758369,0.000586083065242117,0.215898125210646
164.44,0.1,418.475745946165,0.101185224105544,0.895192594202275,0.000531632229670371,0.214200831629579
164.45,0.1,418.367267128386,0.101764608706856,0.898313850202816,0.000860410158667481,0.215711571954387
164.46,0.1,418.256918771767,0.0988281367012037,0.895766464732236,0,0.213797111820582
164.47,0.1,418.145316109484,0.0998514819823148,0.89791787753276,0,0.215051700396516
164.48,0.1,418.038053385916,0.101377777210402,0.89451080377935,0.00227327473642706,0.214038766301176
164.49,0.1,417.930378806118,0.102872348881506,0.895409309441975,0.000404404543719823,0.214774224247233
164.5,0.1,417.820659812179,0.0981777027024803,0.893084816856249,0.00112265727959532,0.21619981885326
164.51,0.1,417.71212678607,0.100831177573283,0.892896204477609,0.00185590129142277,0.218378093992843
164.52,0.1,417.605272804593,0.0989210961039649,0.89243989136764,0.000557248891185172,0.215016261870217
164.53,0.1,417.496748034179,0.10304718312812,0.893201100331183,0.00427852980193833,0.213754132287904
164.54,0.1,417.386952783005,0.100165632325898,0.893016739496589,0.000893737166073441,0.216093545913238
164.55,0.1,417.279917767508,0.0999750141200026,0.89225247154779,8.16543731580389e-05,0.214667737823768
164.56,0.1,417.172247138208,0.101810762828639,0.889272688482069,0.000294743101237211,0.215944461857756
164.57,0.1,417.062775553191,0.103510393114776,0.890186806708894,0,0.214995424865514
164.58,0.1,416.954880098919,0.101616716377992,0.890277253163761,0.00237466779168656,0.214016264335745
164.59,0.1,416.849075867581,0.0992926768685208,0.891144654218111,0,0.216196732314226
164.6,0.1,416.741860170291,0.103127666097673,0.888960288421187,0.00317820236628335,0.21452507278159
164.61,0.1,416.633702818433,0.104477273525255,0.891746922359571,0,0.214789647912527
164.62,0.1,416.529152931364,0.103088013371864,0.889594314155258,1.77953953989487e-05,0.216350363992108
164.63,0.1,416.424374105227,0.0995151403959971,0.889995733986373,0.0031731986801962,0.216012617559532
164.64,0.1,416.318041140995,0.102932760593313,0.886740215150209,0.00204878821688177,0.215958791744504
164.65,0.1,416.212998095919,0.102240235943819,0.884916295949183,0.00117353916544499,0.21589143045995
164.66,0.1,416.109693157381,0.102615850029705,0.88712532056477,0,0.212428771399095
164.67,0.1,416.005181497992,0.0996075760059191,0.88822583093069,0,0.215918737639633
164.68,0.1,415.899653565546,0.100306660835569,0.889752670031217,0,0.214118920562984
164.69,0.1,415.795696121718,0.10245263922984,0.886590379136525,0,0.215140253463192
164.7,0.1,415.691166942734,0.103084256794468,0.888433053020104,0,0.216495039911168
164.71,0.1,415.58533270923,0.102872338023526,0.886478984001133,2.73260620352855e-05,0.214131187792426
164.72,0.1,415.480333651155,0.103375442587772,0.885700210259995,0.000876909306410391,0.214262454806205
164.73,0.1,415.376516354715,0.102741408861673,0.885745171815409,0.00030906113864562,0.217419823746492
164.74,0.1,415.271684342078,0.101477599235107,0.886206447437338,0,0.216238135966806
164.75,0.1,415.165832135169,0.101136930756423,0.883939823659143,0,0.215880421744034
164.76,0.1,415.059971772027,0.105720124595453,0.884175803499114,0,0.213507104701497
164.77,0.1,414.953315059663,0.103596973055151,0.884489553407841,0.000521931590257251,0.213667546521839
164.78,0.1,414.845605458257,0.101760961583891,0.882602707942207,0.00032270152759614,0.215196163130725
164.79,0.1,414.736875666007,0.101552696192581,0.884521815110197,0,0.216190248613125
164.8,0.1,414.627165044392,0.0996569856361346,0.884113241175793,0.00055857016552165,0.215788256700315
164.81,0.1,414.516510463927,0.100020714942336,0.881599190722717,0,0.214589731537419
164.82,0.1,414.404948683367,0.10028338798521,0.882269941552321,0.00250163661994847,0.213402646282562
164.83,0.1,414.292516519967,0.102711900164915,0.882530345600907,0,0.216393257736589
164.84,0.1,414.179250830683,0.103747036418292,0.880061844146391,0,0.212364037959569
164.85,0.1,414.065188507797,0.103723178996592,0.882136302202144,0,0.213238823447097
164.86,0.1,413.950366476896,0.0998959847158277,0.87951636483994,0,0.216945536516447
164.87,0.1,413.834821694833,0.104925942655562,0.879974690965269,0,0.213900193553825
164.88,0.1,413.718591147678,0.101703354945257,0.876564331377424,0,0.214851712086356
164.89,0.1,413.601711848697,0.102206209775266,0.88043857109993,0,0.214066643886401
164.9,0.1,413.484220836361,0.103385922390407,0.878787181048154,0,0.215036188806651
164.91,0.1,413.366155172387,0.101592063162841,0.877725486480475,0.000926660215568592,0.216301188061749
164.92,0.1,413.247551939788,0.104128646997465,0.878374391026867,0.00189841651855173,0.214579558117402
164.93,0.1,413.12844824097,0.103790652043261,0.874111467048873,0,0.215231241129058
164.94,0.1,413.008881195848,0.100423412925575,0.877976587949368,0.00154546533206161,0.214829261930398
164.95,0.1,412.888887939981,0.100629645211024,0.876727262967427,0,0.211214644083887
164.96,0.1,412.768505622751,0.104131588656627,0.875350874447112,0.000147815723315966,0.213580634815654
164.97,0.1,412.647771405562,0.100154725730826,0.876514587706791,0,0.213856479976122
164.98,0.1,412.52672246006,0.106186236230841,0.874965645292821,0.00155521658220367,0.213336326724593
164.99,0.1,412.405395966392,0.0997981325914633,0.875179573253422,0,0.213765262518224
165,0,412.283829111496,0.102403537186891,0.874468455640649,0.000194981188457974,0.21549603139679
165.01,0,412.162059087402,0.104515287854425,0.873988528236534,0.000695040444739926,0.215415071614461
165.02,0,412.040123089576,0.101634558537915,0.87346917022559,0.00051637871739838,0.212144362813956
165.03,0,411.918058315296,0.101808083527823,0.873507784978163,0,0.214090613393389
165.04,0,411.795901962044,0.104772056218775,0.872041509326225,0.00245438567300242,0.213340382653501
165.05,0,411.673691225931,0.102738346661894,0.87399822288522,0.000493227757296073,0.21337182231683
165.06,0,411.551463300167,0.101104945559865,0.874465313280296,0,0.215363666653058
165.07,0,411.429255373532,0.104195511865159,0.871281801028504,0,0.215326031697281
165.08,0,411.307104628899,0.103893664361579,0.872505607392076,0.00130018412737591,0.212807584186056
165.09,0,411.18504824178,0.103219212913277,0.871418833865425,0,0.215148233458258
165.1,0,411.063123378898,0.100470259948796,0.87165986631072,0.00143630810373054,0.216368885218848
165.11,0,410.941367196793,0.102979869641807,0.87225768821035,0,0.217289602100022
165.12,0,410.819816840456,0.10294485780805,0.868138624877802,0.00121570652685611,0.212875202163122
165.13,0,410.698509441994,0.103227729502453,0.868454111406273,0.000588257383615985,0.21506904298138
165.14,0,410.577482119323,0.102623772271851,0.87052598251039,0.000728664130464176,0.216511519474516
165.15,0,410.456771974892,0.103693502284264,0.87008459520052,0.000732747437071101,0.212544075730225
165.16,0,410.336416094442,0.10389534365583,0.866754867855398,0.000501609595195197,0.215460252836294
165.17,0,410.216451545784,0.100325735415731,0.866915824921358,0,0.214995446435655
165.18,0,410.096915377615,0.104907742375674,0.869657210010333,0.00208374761378251,0.215151568622111
165.19,0,409.97784461837,0.10236276706174,0.867742048341053,0.000399639764419858,0.214217383179845
165.2,0,409.859276275087,0.105035853645096,0.86714474425477,0,0.213495187414654
165.21,0,409.741247332316,0.103944698637107,0.865171419297458,0.000879889979313253,0.213194336240981
165.22,0,409.623794751065,0.103498106285176,0.866289942222382,0.00111874739460274,0.213894813439713
165.23,0,409.506955467749,0.102969414809559,0.866137255898212,0,0.213255815814321
165.24,0,409.390766393194,0.103302747619535,0.864473426885546,0,0.214768880508643
165.25,0,409.275264411673,0.100460212686485,0.863996049916504,0,0.21458092727923
165.26,0,409.160486379948,0.104374677642644,0.865269146592616,0,0.215348919782856
165.27,0,409.046469126366,0.104188653026685,0.862377314239785,0,0.214018071498387
165.28,0,408.933249449979,0.102949805239036,0.864497062331514,0.000846171115652876,0.214355526312083
165.29,0,408.820864119685,0.101240816609766,0.86308568289163,0.00234940956698948,0.212786276583907
165.3,0,408.709349873411,0.100506441209047,0.864836514527357,0,0.216074838329102
165.31,0,408.598743417323,0.10176876049703,0.863011357714782,0,0.21526785267163
165.32,0,408.489081425062,0.101416756903278,0.861824627564596,0,0.214482727886292
165.33,0,408.380400537012,0.101061791328449,0.86344963549054,0.000844999083986993,0.215085536702274
165.34,0,408.272736558344,0.102700190782494,0.862853859568971,0,0.216127892293108
165.35,0,408.166125338274,0.10360610222251,0.858610271665844,0,0.21430914220014
165.36,0,408.060604939584,0.105020680020071,0.860550172217864,0.00052034294266068,0.214811409300131
165.37,0,407.956211863017,0.102759434412673,0.861909738257007,0.000782798254174015,0.214347891355316
165.38,0,407.852982572858,0.10340414932898,0.859733088705701,0.000567162507287163,0.217963689302208
165.39,0,407.75095349638,0.102524486607614,0.860191408575095,0.000918212942495069,0.215485243416922
165.4,0,407.65016102333,0.103362670185813,0.860511124082164,0.00300203357591746,0.215249170266859
165.41,0,407.550641505439,0.102853786663524,0.859703211596852,0,0.213880797944071
165.42,0,407.452431255947,0.102474921167276,0.859075153157578,0,0.212936777031008
165.43,0,407.355566549188,0.103344260169981,0.857503801095754,0,0.215981410228905
165.44,0,407.260083620178,0.104111001362465,0.856743321363223,0,0.213460677323473
165.45,0,407.166018664246,0.104271256951776,0.858969942039779,0,0.21333561439727
165.46,0,407.073407836683,0.103388644449967,0.85400552274383,0.00223978420099898,0.214936530321143
165.47,0,406.982287252441,0.102318259101303,0.853804152397588,0.00194587931567219,0.214983453488301
165.48,0,406.892564800294,0.103457747670556,0.854676596464994,0.00158852100302018,0.214609033318109
165.49,0,406.803217149767,0.09771759363346,0.855761302170501,0.00150601483920139,0.217201886753535
165.5,0,406.714028392716,0.100246470595947,0.853807903670544,0,0.215448060415625
165.51,0,406.62500215511,0.105842882579678,0.853084825719623,0,0.218065680088928
165.52,0,406.536142058696,0.104383111255587,0.853239607821226,0.000588418615064004,0.212897971258642
165.53,0,406.447451720845,0.105231134869691,0.854026021636208,0,0.21658812567097
165.54,0,406.358934754393,0.102310786544832,0.854403170213688,0,0.212230869009753
165.55,0,406.27059476748,0.1019284655133,0.853142294486751,5.77939574847056e-05,0.215013318437826
165.56,0,406.182435363399,0.101428504243913,0.8539139507666,0.000313425092379156,0.216337510694278
165.57,0,406.094460140427,0.103083499616763,0.850866422338953,0.000418510042453854,0.217305755220414
165.58,0,406.006672691674,0.103482952375278,0.850632269069447,0.00368261704979459,0.218403382828785
165.59,0,405.919076604921,0.105449001527077,0.852884486110501,0,0.217787603153724
165.6,0,405.831675462462,0.101179492658409,0.851627291202615,0.000479127257793447,0.213097085870082
165.61,0,405.74447284094,0.101560639463616,0.852095049871266,0.0010280035542727,0.213850499778913
165.62,0,405.657472311196,0.10134284251509,0.849178377285782,0,0.216563888201396
165.63,0,405.5706774381,0.103122454335434,0.853209534893895,0,0.215394291534008
165.64,0,405.484091780398,0.103491334930955,0.849052898783092,0,0.215056902126097
165.65,0,405.397718890549,0.103998151301307,0.849438379180626,0.000800769365587429,0.215374046668496
165.66,0,405.311562314566,0.104135030993757,0.849324032418429,0.000952893737379668,0.214996897385183
165.67,0,405.225625591853,0.103374366522543,0.850548355494174,0,0.216205461166769
165.68,0,405.139912255051,0.104003615582721,0.847700825930937,0,0.213603821397694
165.69,0,405.054425829872,0.101227045540249,0.84854103424457,0,0.215428847959876
165.7,0,404.96916983494,0.10075394329279,0.849881561811862,0,0.213768058046677
165.71,0,404.884147781633,0.0994742964838295,0.846330710733285,0.00036260018989654,0.214290286855927
165.72,0,404.799363173917,0.100864155808387,0.846895748130446,0,0.215071809667463
165.73,0,404.714819508192,0.102923363271051,0.849087494103511,0,0.213878851651514
165.74,0,404.630520273127,0.104252833704415,0.846288934175359,0,0.215254771516512
165.75,0,404.546468949502,0.101665258192135,0.84676441720956,0,0.215142206111271
165.76,0,404.462669010045,0.103248762993543,0.847013176893232,0,0.214929249534437
165.77,0,404.379123919272,0.103232396030782,0.847656296154776,0,0.215349481963478
165.78,0,404.295837133328,0.102668571488573,0.84859905921761,7.32403138922871e-06,0.21303185865169
165.79,0,404.212812099824,0.103553808541975,0.847802313604083,0.000740136992103399,0.212488021586608
165.8,0,404.130052257678,0.102542646817576,0.846159522710874,0.000760513538477453,0.214841767598297
165.81,0,404.047561036953,0.106059188759199,0.844774099231797,0.00124032722115159,0.214817684762705
165.82,0,403.965341858699,0.0993122139006125,0.843642710668985,0,0.215114560787791
165.83,0,403.88339813479,0.101396271855807,0.845805430066691,0.00254180601482459,0.212433510906347
165.84,0,403.801733267763,0.103607894618798,0.843857559419508,0.000305233534941206,0.213932769769148
165.85,0,403.72035065066,0.104418415665448,0.844202216165646,0,0.217152728562749
165.86,0,403.639253666868,0.104264465453217,0.844806544519029,0,0.215925161499794
165.87,0,403.558445689955,0.101467690395422,0.841924282559483,0,0.217905368290102
165.88,0,403.477930083514,0.100444828537288,0.843943354054427,0.00138375311653961,0.213718784447361
165.89,0,403.397710201001,0.105010380075162,0.844985982954417,0.000615648543711372,0.21684029505005
165.9,0,403.317789385574,0.102393037817913,0.841410769137342,0,0.215020939481727
165.91,0,403.238170969936,0.103477450602174,0.842453202207695,0,0.214362267193555
165.92,0,403.158858276174,0.105096518617685,0.841459230995411,0,0.217095712299821
165.93,0,403.079854615599,0.103573996275716,0.84137407364153,0.000808640919459117,0.215722446468086
165.94,0,403.001163288589,0.103085141374105,0.838863720103477,0.00110500590815091,0.213468683241335
165.95,0,402.922787584426,0.103228368732024,0.839788464928405,0.00110801690206137,0.21421656660474
165.96,0,402.84473078114,0.105207420480185,0.836311808844747,0.00100059655914827,0.215438652781084
165.97,0,402.766996145351,0.104810939195768,0.83791400135852,0,0.212765447131361
165.98,0,402.689586932106,0.102388179902601,0.841842997910936,0,0.215018929803674
165.99,0,402.612506384725,0.102775362536194,0.839636104213911,0,0.213855035491283
166,0,402.535757734644,0.102184162837678,0.840535091847112,0,0.213108184639872
166.01,0,402.459344201251,0.104804241994035,0.837277922283695,0.000222776021625213,0.21311190766204
166.02,0,402.383268991734,0.102855169253019,0.838834588841018,0,0.214579319069201
166.03,0,402.307535300923,0.103554602532787,0.837930655034574,0.000133028918776335,0.214816230905382
166.04,0,402.232146311129,0.102555779762386,0.837773645596799,0,0.215230564356122
166.05,0,402.157105191991,0.10378047697024,0.838934648611762,0,0.217417808503343
166.06,0,402.082415100321,0.101894488237946,0.837955193642058,0,0.213973545733594
166.07,0,402.008079179941,0.103623658825031,0.835635471964276,0,0.21431994880776
166.08,0,401.934100561535,0.104637838585023,0.836214938223503,0,0.214133987104595
166.09,0,401.860482362488,0.104172420779083,0.833945572464424,0,0.21287883170153
166.1,0,401.787227686735,0.102824512057119,0.833391833495745,0.00129282822784189,0.213003109960612
166.11,0,401.7143396246,0.104831127080297,0.835502994916893,0.000991378045001405,0.216081843046876
166.12,0,401.64182125265,0.103238751377857,0.835116315970067,0.000143979485854577,0.215354876194178
166.13,0,401.569675633533,0.106073656529731,0.834912234333742,0,0.215056151403963
166.14,0,401.49790581583,0.103272189541205,0.833870122258086,0.0023067500566247,0.217091610046289
166.15,0,401.426514833899,0.101926423629745,0.833504481964972,0,0.21400764842179
166.16,0,401.355505707721,0.102202499011568,0.835200955080984,0,0.213117069825461
166.17,0,401.28488144275,0.102228581714678,0.83389205729038,0,0.213979232680342
166.18,0,401.214645029761,0.10261243991451,0.832070916182013,0,0.216471165853812
166.19,0,401.144799444697,0.105410716106883,0.832770989594902,0,0.21502803758137
166.2,0,401.075347648516,0.102408849897642,0.832269853236992,0,0.211728008532834
166.21,0,401.006292587046,0.101251096588267,0.830877626516695,0.000389184894869961,0.213411959937831
166.22,0,401.38714865671,0.101788621011409,0.833135156699495,0.00227532948122742,0.215226856211576
166.23,0,401.589718838202,0.101784988043303,0.831694617353471,0.00216634599276443,0.217649861510068
166.24,0,401.718590571398,0.101057748739689,0.831175046161756,0.00113320142428446,0.216349342962887
166.25,0,401.850212172872,0.104282524004693,0.830001737899754,0.000150349454372562,0.215724705352306
166.26,0,401.986711472188,0.101729876538059,0.829971227527989,0.0022153284840229,0.215154699780562
166.27,0,402.127474810198,0.10213649163467,0.830400848641009,0.000909989995142227,0.212369853673517
166.28,0,402.272480439583,0.0999843311188855,0.830547920143915,0.00155433484701633,0.217443083797694
166.29,0,402.421765572443,0.10171876215809,0.830463420823915,0.000146600172083703,0.216604766646743
166.3,0,402.575364720446,0.100246101374743,0.829595101875528,0,0.217727198284151
166.31,0,402.733311682802,0.0997848592856695,0.827081101459238,0.000180087813221499,0.211762209527321
166.32,0,402.895640267547,0.102103078854206,0.826628904174065,7.24168157328237e-05,0.215636376513858
166.33,0,403.062384312079,0.101248988262644,0.828798286213401,0.00390111554399113,0.215662953760601
166.34,0,403.233577678514,0.0998384324751353,0.827590408128445,0,0.217302852450655
166.35,0,403.409254254658,0.103719740341296,0.827820070018154,0,0.217198973462865
166.36,0,403.589447955538,0.103331853098684,0.82815791967822,0,0.213830955908205
166.37,0,403.774192724924,0.10001747365159,0.827921038269045,0.000756902426845293,0.214542016672033
166.38,0,403.963522536855,0.0999047622855396,0.82906934794982,0.000552471403365095,0.215263937350597
166.39,0,404.157471397161,0.102014017085999,0.827146888277833,0.00107709791514312,0.214827171808023
166.4,0,404.356073345008,0.102301465878594,0.827108520345708,0,0.216151210535322
166.41,0,404.559362454452,0.101882899499197,0.82639563334448,0.0011362280968973,0.214680154926317
166.42,0,404.767372835987,0.101474293983103,0.828667080496787,0.000398258949236248,0.21402193932957
166.43,0,404.980138638117,0.100355681172223,0.827498769024767,0,0.216817282454335
166.44,0,405.197694048932,0.099347047806972,0.826462531842681,0.000179241459725925,0.21552824519271
166.45,0,405.420073297684,0.0999028889832995,0.825530462429455,0,0.216328666307682
166.46,0,405.647310656375,0.0986652762997196,0.826729525033668,0.000376424288724912,0.214863472900954
166.47,0,405.879440441366,0.0983240786738617,0.825156521883395,0.00117241776737273,0.214219176430649
166.48,0,406.116497014964,0.0985646282848447,0.823286574793915,0,0.212823524449059
166.49,0,406.358514787044,0.0993282236428114,0.824304027579907,0,0.218800206728217
166.5,0,406.60552821666,0.0991753859628478,0.82628974415235,0,0.215045360885305
166.51,0,406.857571813674,0.0984075871382954,0.82559034870105,0,0.215231795040997
166.52,0,407.114680140373,0.0982297339694991,0.821346747938847,0,0.21492947375442
166.53,0,407.376887813119,0.0986701576843717,0.825740216255151,0.00186279790736317,0.213520888700339
166.54,0,407.644229503979,0.0978232816800467,0.824370360320506,0.000710681676403415,0.214363122350406
166.55,0,407.91673994237,0.0981891471984241,0.823440607672465,0,0.214751606667835
166.56,0,408.194453916717,0.0966824065494438,0.825815003715305,0,0.213690811165504
166.57,0,408.477406276101,0.0990729691098783,0.821856432677519,0,0.21691015909521
166.58,0,408.765631931919,0.0989746176854836,0.823564259723139,0.00108951902905408,0.215256798340637
166.59,0,409.059165859551,0.0992614208263148,0.821330497245641,0,0.215350421601263
166.6,0,409.358043100026,0.0965394193233733,0.82333117627128,0,0.216596677619355
166.61,0,409.66229876169,0.0991152545082147,0.822877270588149,0.00182372996707787,0.212861005524178
166.62,0,409.971968021884,0.0968305819258268,0.823431684262448,0,0.214083102432511
166.63,0,410.287086128621,0.0954498340451365,0.823621995285883,0.000878151141057921,0.214312106922732
166.64,0,410.607688402265,0.0974303590951683,0.819853216717832,0,0.212611347723069
166.65,0,410.933810237215,0.096066969743671,0.824403949831471,0,0.21571990841583
166.66,0,411.265487103592,0.100033003344059,0.821607610907284,0,0.214158304545789
166.67,0,411.602754548923,0.0983474787598049,0.823220744534354,7.03726167879748e-05,0.21635129195061
166.68,0,411.945648199829,0.0962261361760996,0.819998558486209,0.00218454448171909,0.214395174480894
166.69,0,412.294203763725,0.0947188645359181,0.819798593021397,0,0.215353802646704
166.7,0,412.648457030501,0.0955756521840352,0.819945291191205,0,0.217825593093564
166.71,0,413.008443874218,0.0947415850707543,0.821641673025678,0,0.214910001817008
166.72,0,413.374200254809,0.0965449338050189,0.819765284767767,0,0.213242152963887
166.73,0,413.745762219764,0.0953149560270218,0.819882917223322,0,0.213627068084308
166.74,0,414.123165905825,0.0944556418749036,0.819891604536117,0.00100972475548214,0.215416377393721
166.75,0,414.506447540691,0.0948676298764248,0.820315505858007,0,0.217218896285043
166.76,0,414.895643444701,0.0937909192248644,0.820605993746532,0.000544876076357804,0.214268537841003
166.77,0,415.290790032527,0.0956106182155041,0.817941298849037,0.00158464103944865,0.217031123535109
166.78,0,415.69192381488,0.0939475419585357,0.819151154839525,0.000815592036874433,0.213608600826987
166.79,0,416.099081400185,0.0960412352557771,0.818868827840829,0,0.218389755107035
166.8,0,416.512299496282,0.0947995487012381,0.818427837836527,0.0026804281005408,0.210575090983943
166.81,0,416.93161491211,0.0935743335318486,0.815519572889298,0.00159791760738555,0.214325028569053
166.82,0,417.357064559398,0.0942272239811,0.818116549281498,0.00102031983958695,0.215910353162932
166.83,0,417.788685454341,0.0905954193281485,0.819348934392662,0,0.216703463927128
166.84,0,418.226514719293,0.0931978519572081,0.819950500474131,0.00058115251316066,0.216976497182296
166.85,0,418.670589584437,0.092237705196703,0.818043371219001,0,0.212803800121317
166.86,0,419.120947389465,0.0945677726486139,0.816349609360709,0.00245343281129858,0.215335829136211
166.87,0,419.577625585251,0.0921277264311621,0.817390698015663,0,0.212823441694548
166.88,0,420.040661735522,0.0924094811909627,0.816616546278951,0,0.215695241210288
166.89,0,420.510093518519,0.091885908508487,0.818582804015782,0,0.215359854388455
166.9,0,420.985958728661,0.0949287242967378,0.81493638154015,0.00345404501731123,0.214911434601634
166.91,0,421.468295278206,0.0925700164176668,0.815121407416965,0.000405473138466391,0.213886832056344
166.92,0,421.957141198893,0.0934246803034292,0.81804142435975,0,0.215240806712238
166.93,0,422.452534643598,0.0910678957137992,0.812681268991899,0,0.213440852626926
166.94,0,422.954513887978,0.0910567133758217,0.816605879377579,0,0.215673928941544
166.95,0,423.463117332097,0.0893643895386909,0.813525542957818,0,0.21660464568907
166.96,0,423.978383502067,0.0907842651699976,0.813983580637791,0.00245039827118087,0.214472226474712
166.97,0,424.500351051667,0.0896953854115537,0.816820194899118,0,0.21550097747893
166.98,0,425.029058763967,0.0905789632059099,0.814272213700401,0.000125761125956496,0.214685514827382
166.99,0,425.564545552931,0.0865453650419959,0.817305820776239,0.000691212885194723,0.212605200188562
167,0,426.106850465031,0.088686517685864,0.814366631324379,0,0.21526898072414
167.01,0,426.656012680839,0.0880248913698193,0.814926768986282,0,0.215005193454557
167.02,0,427.212071516617,0.0853556256527531,0.81490266731835,0.000668433367773766,0.216069349082135
167.03,0,427.775066425904,0.0919373367502696,0.815647626862766,0.000743543235761891,0.214364963444804
167.04,0,428.345037001085,0.0878076196788857,0.817925481571982,0,0.213088708328887
167.05,0,428.922022974956,0.0848879886531979,0.812826906915354,0,0.215522834397609
167.06,0,429.50606422229,0.0895479411176076,0.813292226586838,0,0.217273122524693
167.07,0,430.097200761373,0.0848980905172856,0.814232580740452,6.45947834275311e-05,0.215319239666011
167.08,0,430.695472755552,0.0880196051251413,0.815063493567819,0.000475811913120023,0.215995197266144
167.09,0,431.300920514758,0.0874857823939427,0.8142060646884,0,0.213533758519737
167.1,0,431.913584497031,0.0846935430864569,0.813413491949471,0.000921597696461065,0.21778280977829
167.11,0,432.533505310023,0.0868115830313289,0.810936665910649,0,0.215777789415703
167.12,0,433.160723712502,0.0874552699152295,0.815760529734123,0,0.215480284206076
167.13,0,433.795280615836,0.0862912463359228,0.814394403564294,0.000640817735432438,0.215316857718398
167.14,0,434.437217085474,0.0865775026247383,0.814848887727321,0,0.218629137390077
167.15,0,435.086574342406,0.0881385314080372,0.813429895115819,0,0.216884672377301
167.16,0,435.74339376462,0.0851242834289239,0.812374873470079,0,0.21286421148804
167.17,0,436.407716888544,0.0845549303655563,0.815715329108018,0,0.21490156569118
167.18,0,437.079585410471,0.0832249991509063,0.812769272718724,0,0.213895526340363
167.19,0,437.759041187982,0.0842090300246095,0.816677994359016,0,0.214685489874328
167.2,0,438.446126241346,0.0845665450257183,0.810627163093083,0.00165691231768168,0.214316220477262
167.21,0,439.140882754907,0.0867512387514476,0.814107694310114,0.00182419044598665,0.214057780774104
167.22,0,439.843353078469,0.0833124420053113,0.81291780459828,0.000877977272483557,0.214256928667712
167.23,0,440.55357972865,0.0817150058969346,0.814648548087725,0,0.217604320024439
167.24,0,441.271605390236,0.0812017923525925,0.812679432096842,0.00017436074312927,0.215017764236668
167.25,0,441.997472917513,0.0847464331868451,0.811886968790977,0,0.212396186428109
167.26,0,442.731225335586,0.0829683767096329,0.816688604656851,3.00538325496067e-05,0.215971711326077
167.27,0,443.472905841682,0.0813687833679896,0.813585150919431,0,0.216199005233452
167.28,0,444.22255780644,0.0841871811066376,0.811709660327579,0,0.213884879676714
167.29,0,444.980224775181,0.0820216306439021,0.811134671885916,0,0.214672537034038
167.3,0,445.745950469168,0.0821023337584545,0.814235762815884,0,0.213302525455466
167.31,0,446.519778786837,0.080352233666929,0.814890657491087,0,0.213511770422327
167.32,0,447.301753805029,0.0802587694411448,0.814169227332039,0.000648892440973486,0.214393506952088
167.33,0,448.091919780189,0.0781637889547932,0.812613017456366,0.000528442176717285,0.215643096346209
167.34,0,448.890321149556,0.0788908374966797,0.812108754540189,0,0.214020127657589
167.35,0,449.697002532332,0.0778241515574678,0.81429752364196,1.527501680145e-05,0.216019750161268
167.36,0,450.512008730833,0.0776752083432875,0.812884901551419,0,0.214203709000133
167.37,0,451.33538473162,0.0774679342256474,0.814924988451773,0.000346827286461686,0.214668065085627
167.38,0,452.167175706617,0.0795828112983475,0.810716149255104,0,0.214408536809466
167.39,0,453.007427014199,0.0804443856615521,0.814245617873003,0.00415340410499208,0.215044613857021
167.4,0,453.856184200273,0.0794547164519451,0.813523222067475,0.00137889054057104,0.215360765471189
167.41,0,454.713492999326,0.0772818153953581,0.809632987591193,0.00146906271342416,0.215171372239496
167.42,0,455.579399335465,0.0768645860117657,0.811527492706917,0,0.215049122892389
167.43,0,456.453949323424,0.0795921638188461,0.813579690521946,4.75199187073596e-05,0.216548919325854
167.44,0,457.33718926956,0.076455676239643,0.81155479013474,0,0.214535574708273
167.45,0,458.229165672823,0.0748477597259458,0.811786188237932,0,0.21446516975699
167.46,0,459.129925225702,0.0736397903805285,0.813772764979053,0.000888147669261708,0.216603657332824
167.47,0,460.039514815151,0.075758856829297,0.810856001090264,0,0.214233177549163
167.48,0,460.957981523498,0.0742016177025144,0.810559544137581,0.000650318889598352,0.217299499755619
167.49,0,461.885372629316,0.0722378218531233,0.81454742622271,0.0018242451517633,0.216978727690648
167.5,0,462.821735608288,0.0754567446777316,0.808945550710679,0,0.216934294221792
167.51,0,463.767118134038,0.0715423173002539,0.813006503532483,0,0.216873600110598
167.52,0,464.721568078934,0.0713679760053897,0.811654337448077,0.00120291928569232,0.214839977872964
167.53,0,465.685133514883,0.0726659208881285,0.812101509022923,0,0.214603795382637
167.54,0,466.657862714078,0.0756145445808773,0.811789024894959,0.00111320828375643,0.214765987878365
167.55,0,467.639804149741,0.0719258350316112,0.813923721372344,0,0.215841557614095
167.56,0,468.631006496831,0.0718690917107292,0.809694458271219,0,0.215543701169992
167.57,0,469.631518632717,0.0703324844707433,0.813369950987296,0.000474421731309805,0.214242027001536
167.58,0,470.641389637842,0.0696109447923587,0.81306482716113,0.00134025378904887,0.211765586016432
167.59,0,471.660668796349,0.0700730695338728,0.813668522429696,0,0.215847637503859
167.6,0,472.68940559668,0.0691989078190677,0.814098652845057,0,0.212097312941114
167.61,0,473.72764973215,0.0711521504923004,0.81362484460041,0.00261182641849363,0.21419913178504
167.62,0,474.775451101494,0.0671162538693931,0.813814328503147,0.000166977917053155,0.215527083533968
167.63,0,475.832859809379,0.0659130318149774,0.809809365282689,0,0.216306872266311
167.64,0,476.899926166895,0.067637378484901,0.813845685675798,0.00125487824317291,0.213965965034164
167.65,0,477.976700692013,0.0690704226141369,0.812221522996307,0.00334288745602597,0.215667544851834
167.66,0,479.063234110008,0.0655081621772857,0.813534424089691,0,0.215677763076906
167.67,0,480.159577353861,0.0673816496186375,0.811972759781535,0,0.214708589960067
167.68,0,481.265781564627,0.0653168954851823,0.812872081880833,0.00163073891905069,0.215855769736106
167.69,0,482.381898091765,0.0662977002319472,0.812781512515644,0,0.21519054363748
167.7,0,483.507978493447,0.0648314229727016,0.810252801013777,0.00133974301155444,0.215680078914141
167.71,0,484.644074536827,0.0638473003533499,0.812842669877287,0.00150105273138538,0.214186413254952
167.72,0,485.790238198285,0.0650985401992198,0.813446858345803,0.000664383186717584,0.215555154867863
167.73,0,486.946521663626,0.0642150592541149,0.813891170226955,0,0.214898995529664
167.74,0,488.112977328263,0.0629940879343579,0.812450291962107,0,0.215538553450221
167.75,0,489.289657797348,0.063791688190382,0.813112150034557,0,0.217550299071909
167.76,0,490.476615885881,0.0609183119783455,0.814712159456203,0.000153802809747568,0.211994630127227
167.77,0,491.673904618784,0.0621012561061978,0.812954029912363,0,0.214361378554354
167.78,0,492.881577230931,0.0622861835780286,0.812265153860403,0,0.215501470358702
167.79,0,494.099687167148,0.0613192829215695,0.815003643648166,0,0.212908522520102
167.8,0,495.328288082183,0.062238524987677,0.814290601004792,0.00126456367649987,0.215522324793249
167.81,0,496.567433840629,0.0601788256432962,0.811720657674906,0.000360131497267265,0.215120342951355
167.82,0,497.817178516812,0.060641053175577,0.813419266421081,0,0.216631609925566
167.83,0,499.077576394652,0.0573662998136988,0.81329493757458,0.000172907217665315,0.214252046725865
167.84,0,500.348681967469,0.0576654926486466,0.815294703140673,0.000933687205617452,0.213138571233746
167.85,0,501.630549937768,0.058004504412077,0.81482309341517,0,0.215264622173734
167.86,0,502.923235216971,0.0591927143684665,0.815320489836467,0,0.213276293849893
167.87,0,504.226792925121,0.0582782766458161,0.811342190306758,0.000423159024768623,0.215346041575845
167.88,0,505.541278390536,0.0557118500576403,0.813955981294289,0,0.213570107994303
167.89,0,506.866747149434,0.0574940723695959,0.814296704538668,0.00063954637798972,0.2171139469383
167.9,0,508.203254945506,0.0544897725038461,0.814992125042299,0.00111611979499245,0.218019671028104
167.91,0,509.550857729456,0.0577161449729965,0.813470785562136,0,0.21467702437764
167.92,0,510.909611658493,0.0553988799226216,0.813667649727787,0,0.214483440132643
167.93,0,512.279573095791,0.0556759725731018,0.813788858820112,0.000879944085660351,0.217983257734949
167.94,0,513.660798609891,0.0535415539390078,0.813479440868789,0.00243131966187266,0.216356948336187
167.95,0,515.053344974077,0.055728722304662,0.81481711441383,0,0.215641888007779
167.96,0,516.457269165695,0.0527349290489051,0.815331219929931,0.00060935373265125,0.213980800521419
167.97,0,517.872628365434,0.0503625415560522,0.814017262316572,0,0.214865494179051
167.98,0,519.299479956562,0.0492985707063333,0.815615267138375,0,0.214166702328649
167.99,0,520.737881524118,0.0521782154559011,0.813924524344404,0,0.216308740074156
168,0,522.187890854054,0.0519348501784775,0.813640686875041,0,0.213617486834217
168.01,0,523.649565932335,0.0523890382444933,0.815105541949473,0,0.217966760936977
168.02,0,525.122964943994,0.0501985567882802,0.816262504858782,0,0.214129533015571
168.03,0,526.608146272134,0.0500466716808425,0.816463027643024,0,0.216075068889648
168.04,0,528.105168496884,0.0476171559011163,0.816721490291379,0,0.215812791135962
168.05,0,529.614090394319,0.0464484692641429,0.81784088638936,0.000106947289206149,0.2135567215668
168.06,0,531.134970935309,0.0478711778186954,0.814597659638527,0,0.214661299486667
168.07,0,532.667869284339,0.0485151711022121,0.817063346861111,0,0.216189842438682
168.08,0,534.212844798271,0.0455140653337495,0.813989293749952,0.00163833445941992,0.21505784689291
168.09,0,535.769957025055,0.0447941261326327,0.819681074159153,0,0.215874421802249
168.1,0,537.339265702391,0.0475761186682183,0.818741817810092,0,0.212539509306746
168.11,0,538.920830756347,0.0452676513917225,0.817188063894816,0,0.21412586574895
168.12,0,540.51471229991,0.0442693044992533,0.81808624876619,0.00113803780932134,0.215368172412102
168.13,0,542.1209706315,0.0445905751112118,0.81633026034824,0,0.214268841604519
168.14,0,543.739666233423,0.0427925766486689,0.816614794042445,0.000254407504516187,0.214526670470093
168.15,0,545.370859770277,0.0423703926740056,0.816919870757414,0,0.213316154463233
168.16,0,547.014612087293,0.0404983563941318,0.819229680974147,0.00105796295634217,0.214889491134749
168.17,0,548.67098420864,0.0429576415439527,0.821384917154718,0.00181592285268545,0.214789485651135
168.18,0,550.340037335663,0.0424652016328328,0.817985834860811,0.000563777469947838,0.212473667348646
168.19,0,552.02183284506,0.0361551198375164,0.81909917845375,0.000294346871005627,0.213362751339365
168.2,0,553.716432287025,0.0384797064357134,0.818637689706,0.000762836435971971,0.215284999134326
168.21,0,555.423897383313,0.0378783374022443,0.819319864894642,0.00163631117729347,0.214364434827706
168.22,0,557.144290025258,0.0371264930022412,0.819184616339363,0.000382201056220044,0.213513444218441
168.23,0,558.87767227174,0.037033456243804,0.818696555447391,0,0.216109432309519
168.24,0,560.624106347084,0.0355331352245514,0.820897713200679,0,0.216525307057719
168.25,0,562.3836546389,0.0367342878966779,0.818280608493788,0,0.216998426108442
168.26,0,564.156379695879,0.0377271765195239,0.816580114267469,0.000316842695881219,0.215687638350166
168.27,0,565.942344225517,0.0347709589472576,0.819662811568037,0.0011554777577463,0.213604576218206
168.28,0,567.741611091775,0.0352447072776893,0.82100689295083,0,0.213112254476649
168.29,0,569.5542433127,0.0347280990487767,0.817491156320479,0,0.21768675197525
168.3,0,571.380304057966,0.0337701317931836,0.81901126838695,0,0.213767939192908
168.31,0,573.21985664636,0.0317299601002806,0.818281275560867,0.000843572603836438,0.212876066678933
168.32,0,575.072964543207,0.0322545004540862,0.820396704257675,0.000747202598066212,0.216139162882646
168.33,0,576.939691357736,0.0320979517816499,0.819811751857867,0.000479378270924751,0.212524956749279
168.34,0,578.82010084038,0.0331106603639733,0.819587270895202,0,0.213517903288096
168.35,0,580.71425688001,0.030725097260591,0.820353326951904,0,0.216892050360828
168.36,0,582.622223501118,0.0302973546300407,0.820661856848944,0,0.216502701524329
168.37,0,584.544064860916,0.0314056392571415,0.821685128368126,0.0012913152188129,0.21343056949888
168.38,0,586.479845246389,0.028923863755618,0.82149369455207,0.000769998040582911,0.217682820254367
168.39,0,588.42962907128,0.0292184381124665,0.822665365569337,0,0.214357115900354
168.4,0,590.393480873,0.0259553501457398,0.823062205940251,0.00275289994247692,0.214194801676124
168.41,0,592.371465309475,0.0292341301209106,0.824169366078377,0,0.21657452060957
168.42,0,594.363647155943,0.0275858524369403,0.82188240138564,0.000311622941880321,0.215212665270615
168.43,0,596.370091301661,0.0276730496726003,0.824944230342351,0.00178207517310507,0.214817155850661
168.44,0,598.390862746555,0.0260545631431894,0.82229972280913,0,0.212759975193611
168.45,0,600.426026597809,0.024069373154909,0.820597173574538,0,0.214443801951538
168.46,0,602.47564806638,0.0257454018220344,0.821156477930915,0.000258816668890151,0.215809242464075
168.47,0,604.539792463429,0.0260042893022143,0.825385974344161,0,0.215130930428108
168.48,0,606.618525196724,0.0247473578558419,0.823808646638842,0.00139005371193664,0.2139804002037
168.49,0,608.711911766927,0.023085295031439,0.824626528337407,0,0.216267194583536
168.5,0,610.820017763838,0.0235618160816758,0.823493381301955,0,0.21474670473682
168.51,0,612.942908862569,0.022531308549709,0.822188530358214,0,0.216452500635291
168.52,0,615.080650819636,0.0222862382414955,0.825216881136232,0,0.213053550817835
168.53,0,617.233309468981,0.0188674764695376,0.824941510756069,0,0.212767637901659
168.54,0,619.400950717935,0.0190433468427149,0.826996524792206,0.000976357735797025,0.216518779958243
168.55,0,621.583640543101,0.0172122702142292,0.826131650391634,0,0.213235483069266
168.56,0,623.781444986155,0.0189162189631796,0.827295333876163,0.00104551431073695,0.213441997909436
168.57,0,625.994430149593,0.0163996041186856,0.827258084749174,0.000952443232056611,0.21385582197823
168.58,0,628.222662192397,0.0156187196825645,0.826922064231331,0.000304603020923307,0.216863463786763
168.59,0,630.466207325618,0.015297051973322,0.827001285922213,0.0013402270184904,0.214879299426034
168.6,0,632.7251318079,0.0163879490415773,0.827896054247541,0,0.216443744271074
168.61,0,634.999501940923,0.0151235513218945,0.827768446676699,0.00242549449317401,0.214635732986868
168.62,0,637.289384064774,0.0148413711713177,0.825201983645756,0.00115145329320863,0.215173721245891
168.63,0,639.594844553232,0.010811356870973,0.827641733050216,0.00109447432806733,0.215668648854562
168.64,0,641.915949808999,0.0113607212397239,0.826001128646351,0,0.214876041921242
168.65,0,644.252766258836,0.0113553882302014,0.828320185070691,0.000541556734673848,0.212831238131321
168.66,0,646.605360348632,0.0101355334946623,0.828129931349153,6.90047019982939e-05,0.21431351961973
168.67,0,648.973798538395,0.0146736005840094,0.828590413003932,0.0012413762755835,0.214122878001734
168.68,0,651.35814729717,0.0108616220747427,0.829777775767894,0,0.21654222766785
168.69,0,653.758473097868,0.0111658340925041,0.830500244218429,0,0.214990687424157
168.7,0,656.174842412038,0.00784383130307966,0.827853515398248,0.00119492548183974,0.214061158022165
168.71,0,658.543485568319,0.0124687734656315,0.830607904634925,0.00142642995547341,0.213445171356179
168.72,0,660.848616950138,0.00651553858307291,0.82910753591167,0.00217705060824593,0.213948589375624
168.73,0,663.15957246651,0.00683821236838777,0.827681680187855,0.0018137950924836,0.217088364349009
168.74,0,665.409347639545,0.00685175168944894,0.829456183085382,0.00248515746795113,0.213698417259065
168.75,0,667.113117535721,0.00649239708282175,0.829926502804849,0,0.214669661137374
168.76,0,668.651517766369,0.00493336218482478,0.828689265854834,0,0.215296264210851
168.77,0,670.191505062007,0.00488046315247974,0.832789630336889,0.0020848343774202,0.216080727001329
168.78,0,671.58717094538,0.00269068685537431,0.832206922811137,0,0.213524975596519
168.79,0,672.799578815219,0.00494842313118854,0.829971542099365,0,0.214189127293366
168.8,0,673.99808120706,0.00495188805846629,0.834984133178974,0.00173818005854962,0.214602683089871
168.81,0,675.204394137064,0.00306025442832431,0.830194892135397,0.000586851677383727,0.214940058243804
168.82,0,676.411046673622,0.00392437779851029,0.835475835456075,0.000640744203801882,0.211392254272679
168.83,0,677.623707854387,0.00468414845557347,0.833304502268873,0.00152563299731215,0.215171310772153
168.84,0,678.84493464288,0.00410570350271664,0.834007725288389,0,0.215597434985451
168.85,0,680.069757367384,0.0035741062902068,0.83495379651396,0.00102667517928904,0.21543993424186
168.86,0,681.296908849578,0.00372353494272532,0.832942316682547,0.000283558141122516,0.214147776715248
168.87,0,682.531936088304,0,0.835498506149603,0,0.216436061406959
168.88,0,683.774425254056,0.00396464263492505,0.835786272219943,0,0.215252449506968
168.89,0,685.017075558108,0.00599293007544837,0.837925707193146,0,0.212285721982149
168.9,0,686.265614071886,0,0.8334426548137,0.000727751912026881,0.215778435195145
168.91,0,687.522538249941,0.00104001798120455,0.836365834438025,0,0.215551279364866
168.92,0,688.782336373519,0,0.837423153139596,0.00161401166021356,0.215302463697133
168.93,0,690.043610713695,0,0.835101086989903,0.00053805541966719,0.214575837014036
168.94,0,690.762237705374,0,0.835132969692007,0,0.216992904180205
168.95,0,690.890552431209,0.000330037178171818,0.834793966929081,0,0.217593247477545
168.96,0,691.01947020883,0,0.839531987969895,0,0.213380371656895
168.97,0,691.148985614958,0,0.834878110546769,0.00158253873843306,0.217595507672676
168.98,0,691.279093204273,0.000839559976348132,0.836041097212887,0.000418792532104164,0.217712981819851
168.99,0,691.409787509684,0,0.837182397952736,0.000440896495180878,0.21532358758732
169,0,691.541063042597,0,0.838867141263785,0,0.215238446500117
169.01,0,691.672914293187,0,0.836949920396721,0.00169193170744314,0.215287921892988
169.02,0,691.805335730664,0.00131178495232244,0.838008088359769,0,0.215049182821884
169.03,0,691.938321803549,0,0.83874884452503,0.00124536381891482,0.213944459823507
169.04,0,692.071866939941,0,0.839814181933208,0,0.213733701188427
169.05,0,692.205965547791,0,0.83775265492667,0.000493998369412464,0.213409108828662
169.06,0,692.340612015172,0.000168615398709735,0.837942884349898,0.000139452836439102,0.21440563333258
169.07,0,692.475800710554,0.000840165434112343,0.841750973262056,0.00152222755704485,0.215185153425791
169.08,0,692.611525983075,0,0.840396100638698,0.000626213216054281,0.215396299374106
169.09,0,692.747782162813,0.000342825249702815,0.840822626511348,0,0.215070971857261
169.1,0,692.884563561061,0,0.841854230667357,0,0.215288709794247
169.11,0,693.021864470603,0,0.842201797403701,0,0.214649411395992
169.12,0,693.15967916598,0.00226154851326321,0.841711272363288,0,0.216431488088023
169.13,0,693.298001903774,0,0.842263341141012,3.46768148970251e-05,0.213924434487632
169.14,0,693.436826922875,0.000224305705705957,0.842228779262287,0,0.215169956956515
169.15,0,693.576148444762,0,0.843484772327066,0,0.214542616350855
169.16,0,693.715960673769,0,0.843449757407379,0,0.212608942625067
169.17,0,693.856257797371,0.00194227362716572,0.844407830406565,0.0025068799550126,0.215003223799089
169.18,0,693.99703398645,0.0010445153089282,0.844027485815698,0.000415452497570341,0.215243777902609
169.19,0,694.138283395576,0.000323402395263085,0.846349264665729,0,0.21395123844125
169.2,0,694.280000163281,0,0.844331418460185,0.00135822894661776,0.215444393224608
169.21,0,694.422178412331,0.00323236908026535,0.843890182520284,0.00355307245398957,0.216941118950361
169.22,0,694.56481225001,0.000970763287507344,0.84461438379617,0,0.215083084319962
169.23,0,694.707895768387,0,0.847063210183895,0,0.218679253048588
169.24,0,694.851423044598,0,0.84362517576831,0.000161910137691708,0.213902805093564
169.25,0,694.995388141118,0,0.84619918558957,0.000546856912541622,0.21496120263904
169.26,0,695.139785106041,0,0.848619605765931,0,0.215108940367853
169.27,0,695.284607973352,0,0.848793393049843,0,0.213194368930131
169.28,0,695.429850763204,0,0.846919022308539,0.000878742392861405,0.214948641691029
169.29,0,695.575507482199,0,0.84919652043381,0.000669779992375295,0.212764989839642
169.3,0,695.721572123655,0,0.849632323636645,0,0.219796377012884
169.31,0,695.868038667888,0.000486566890753346,0.850137970798325,0,0.214467383157352
169.32,0,696.014901082489,0.00237201895533746,0.849625904685048,0,0.214422222843789
169.33,0,696.162153322594,0.00240319185179597,0.849598785362783,0.000914911003361447,0.2167051625332
169.34,0,696.309789331164,0.00232395053196643,0.852474827844781,0,0.216268045275529
169.35,0,696.457803039261,0,0.85218182894838,0.00271576407738211,0.211532151513796
169.36,0,696.60618836632,0,0.851525723446332,0,0.214435363051307
169.37,0,696.754939220427,0.000283520066947139,0.850828609341628,0.00263768687844383,0.212788309862638
169.38,0,696.904049498592,0.000479533834114991,0.84973349416855,0.000494874446520463,0.211271293856415
169.39,0,697.053513087028,0.00231915345967617,0.849534271336834,0,0.215822601781212
169.4,0,697.203323861421,0,0.849693044079629,0,0.215397650595524
169.41,0,697.353475687205,0.000731998520034648,0.849787382670333,0.00178053221336746,0.213165881307882
169.42,0,697.503962419843,0.000303847498310528,0.852631434670367,0,0.213744652466316
169.43,0,697.65477790509,0.000311836507019546,0.853105222452868,0.000389024382620378,0.216336229481693
169.44,0,697.805915979277,0.00102317626002053,0.853954321113594,0,0.216443484934484
169.45,0,697.957370469579,0,0.852744832464375,0.000148980935079378,0.214499096409015
169.46,0,698.109135194289,0,0.853777401149474,0.00145763188106058,0.217187012313536
169.47,0,698.261203963092,0,0.855026739845082,0.000331428337115033,0.217148780553637
169.48,0,698.413570577339,0,0.854001656879706,0,0.214518651868962
169.49,0,698.566228830315,0.0012985651244088,0.855875977795468,0,0.213907155807489
169.5,0,698.719172507516,0.000329507700869615,0.857038152057535,0,0.216236728443663
169.51,0,698.872395386916,0.00109597332620047,0.856710928815441,0.000649872806503115,0.215011280425975
169.52,0,699.025891239246,0,0.857907025224109,0,0.215504335173401
169.53,0,699.179653828252,0,0.858353842268489,0,0.213634498402672
169.54,0,699.33367691098,0.00203410660418779,0.858857254217389,0.000744352298551357,0.211636144562866
169.55,0,699.487954238037,0,0.857497323509606,0.00105383033620909,0.214495185265761
169.56,0,699.642479553862,0.000383250715073253,0.858306239627587,0.000756864406216493,0.216269122848857
169.57,0,699.797246597,0.00204559986375253,0.859062229511454,0,0.214753877572797
169.58,0,699.952249100362,0,0.858845080645281,0,0.215007493134835
169.59,0,700.107480791505,0.000236934076274366,0.860613591968966,0,0.214844894545059
169.6,0,700.262935392889,0.00184974415305609,0.859084114189458,0,0.215309153854096
169.61,0,700.418606622153,0,0.857921816377871,0.00168464589130571,0.216099701722974
169.62,0,700.574488192374,0.001780345452833,0.8605005622022,0,0.215228317591663
169.63,0,700.730573812343,0,0.859727880728979,0,0.215438037808247
169.64,0,700.88685718682,0.00303010580936982,0.863676133753917,0,0.211546684612823
169.65,0,701.04333201681,0.00117664997786179,0.86075998169783,0.00387915852563185,0.213521061813665
169.66,0,701.199991999821,0.00121754229314821,0.861531433074023,0,0.217234267543862
169.67,0,701.356828209074,0,0.861994574798066,0,0.213289590897409
169.68,0,701.513835577281,0.000690445373044799,0.863133780156746,0,0.214216575804798
169.69,0,701.671009169366,5.38634580714696e-05,0.860954609607127,0.00209994503129158,0.215151538105952
169.7,0,701.828342671659,0,0.86511394337078,0.000354775476835151,0.215908469261194
169.71,0,701.98582976831,0.00142477657304469,0.864724364964931,0.00106241676954261,0.217151378503853
169.72,0,702.143464141553,0.000174336836761946,0.861346976181013,0,0.214083190010241
169.73,0,702.301239471965,0.00209745991671526,0.863413829290424,0,0.21614955785912
169.74,0,702.459149438726,0,0.865770109220932,0,0.214500363338758
169.75,0,702.617187719879,0.000980556433379518,0.865315833473638,0,0.216441639925122
169.76,0,702.77534799259,0,0.863036084304707,0,0.214411674120972
169.77,0,702.933623933407,0.000774664831213631,0.865466149998197,0,0.21738331398868
169.78,0,703.092009218512,0,0.866403830671739,0,0.217024818934603
169.79,0,703.250497523985,0,0.866218853685112,0.000511530282242263,0.216035249151576
169.8,0,703.409082526056,0,0.869172885261531,0,0.213662608614507
169.81,0,703.567757901361,0.00175018039852258,0.867609374513383,0.00013535435063346,0.216001870342503
169.82,0,703.726517327201,0.000377929319843734,0.870143306868523,0,0.216568860912966
169.83,0,703.885354481788,0.00103708199289111,0.8679278632856,0.00320499678461667,0.215434432922595
169.84,0,704.044263044507,0.0011117256738905,0.867906647300633,0.00147726213583612,0.213665542588613
169.85,0,704.203236696163,0,0.868544760116922,0,0.215600147237698
169.86,0,704.362269119235,0,0.869949383526222,0,0.216567070692461
169.87,0,704.521353998127,0,0.871350604713185,0.000935505161757923,0.21553881964757
169.88,0,704.68048501942,0.00140274556893973,0.869144867904099,0.000236118992077099,0.21487868015825
169.89,0,704.839655872117,0,0.872933521805466,0,0.217009547328678
169.9,0,704.998860247898,0.000872415418849324,0.871821523936581,0,0.214931668066263
169.91,0,705.158091841364,0,0.874058700161593,0,0.214976721316459
169.92,0,705.317344350286,0,0.872355471636578,0.000910897670031677,0.21533183027121
169.93,0,705.476611475849,0.00055234927784891,0.872727786600881,0,0.214079206452493
169.94,0,705.635886922905,0,0.871890461863741,0.00281862979404002,0.214517088705685
169.95,0,705.795164400206,0.00281431519189187,0.871554980151019,0,0.215925128727876
169.96,0,705.954437620659,0,0.875237310213815,0.00156229799901457,0.214611898397306
169.97,0,706.113700301566,0.00165026032414447,0.874851821164331,0.000344801363764982,0.216117222568719
169.98,0,706.272946164862,0.000366993342685671,0.872872692783574,0,0.215113892903371
169.99,0,706.432168937364,0,0.874195679452856,0,0.210924354268085
170,0.1,706.591362351006,0,0.874402619811252,0,0.215091002663022
170.01,0.1,706.750520143079,0,0.877115548754703,2.32929037911909e-05,0.211584513067752
170.02,0.1,706.909636056478,0.00385399151800983,0.875439077775249,0.000677593783146645,0.216796748892163
170.03,0.1,707.068703839927,0.000561261151171841,0.874716488649054,0,0.215076841793458
170.04,0.1,707.227717248229,0.00212791087745503,0.87532025927971,0,0.217615273411004
170.05,0.1,707.386670042494,1.8226513767189e-06,0.87752598372847,0,0.216335118892828
170.06,0.1,707.545555990378,0,0.877591838815005,0,0.213391841048685
170.07,0.1,707.704368866318,0.00151087970177749,0.878945732485323,0.00202155820581531,0.214048371034017
170.08,0.1,707.863102451764,0.00148242442834058,0.878242255396167,0.000126722219533953,0.214395217824959
170.09,0.1,708.021750535413,0,0.877321488081581,0.00043684280924552,0.213497389012862
170.1,0.1,708.180306913439,0.00113900807124902,0.877529117485952,0,0.213533005997187
170.11,0.1,708.338765389731,0.00136866989463007,0.878976134469709,0.00243199350954938,0.212719618211355
170.12,0.1,708.49711977611,0.000846090249515596,0.879385320282079,0.00276681155865891,0.214788289173902
170.13,0.1,708.655363892573,0,0.881054456879765,0,0.216482227535606
170.14,0.1,708.813491567511,0,0.879187084651341,0.000761695253527277,0.213225113196911
170.15,0.1,708.97149663794,0,0.88149749544497,0,0.215003724442527
170.16,0.1,709.129372949726,0,0.878231067437531,0.00094012989835713,0.215821593780231
170.17,0.1,709.287114357813,0,0.880917309745144,0,0.215824659248449
170.18,0.1,709.444714726446,0.000663132756075367,0.879733308841034,0.000627060662936033,0.213899305147169
170.19,0.1,709.602167929393,0.00130702655339538,0.884563391156703,0,0.213196189114662
170.2,0.1,709.75946785017,0.00118429374350443,0.882173737409651,0,0.214941180294619
170.21,0.1,709.916608382261,0.000525892479475813,0.880487171312984,0.00171829041314947,0.214868306276911
170.22,0.1,710.07358342934,0,0.884132745630817,0.000371660082463163,0.213085083402
170.23,0.1,710.230386905489,0.00032106468260729,0.883698120209565,0.0013939039558124,0.212285973477467
170.24,0.1,710.38701273542,0,0.883776541417102,0,0.212615582397899
170.25,0.1,710.543454854685,0.00163843525118508,0.884752192583713,0,0.214390863671271
170.26,0.1,710.699707209904,0,0.886537002563793,0,0.215346489022775
170.27,0.1,710.855763758972,0,0.885162904603496,0.001484257123661,0.21649317835838
170.28,0.1,711.011618471276,0,0.884853923322309,0.00213506927334478,0.219126063370097
170.29,0.1,711.167265327911,0,0.885832288915374,0,0.214542634127891
170.3,0.1,711.32269832189,0,0.887798827847831,0,0.215139916580823
170.31,0.1,711.477911458357,0.000420597983082503,0.886474812233241,0,0.214318104357749
170.32,0.1,711.632898754797,0.000157812623266368,0.88918504918109,0.00330044921593797,0.214623496348454
170.33,0.1,711.787654241249,0.000892585409711262,0.888583257016212,0,0.212782200243498
170.34,0.1,711.942171960508,0,0.888627326492851,0,0.217443014649936
170.35,0.1,712.09644596834,0.00286192032933373,0.889943444978121,5.79491760462761e-05,0.217954553577038
170.36,0.1,712.250470333685,0,0.887541077993731,0,0.216328970937238
170.37,0.1,712.404239138861,0,0.88657996454813,0.00102294455642378,0.215972202472751
170.38,0.1,712.557746479775,0,0.887802556007524,0,0.216119157212338
170.39,0.1,712.710986466119,0,0.888213539365249,9.55883492240142e-05,0.215868567466231
170.4,0.1,712.863953221577,0,0.890877378415187,0.00144827661784743,0.213820236545218
170.41,0.1,713.016640884025,0,0.891298218826044,0.00136942682944649,0.215397239039138
170.42,0.1,713.169043605737,0.000474746842502977,0.891220518589962,0.000503906197020219,0.215003651968302
170.43,0.1,713.321155553573,0,0.891345274272089,0.00287275614206693,0.216891441005395
170.44,0.1,713.472970909188,0,0.891944035754903,0.000222904295583151,0.213092022755909
170.45,0.1,713.624483869227,0,0.892585118577745,0.000782727482405888,0.215941563761499
170.46,0.1,713.775688645518,0,0.894357531197082,0,0.216241748944447
170.47,0.1,713.926579465269,0.00114494884083249,0.891233525108419,4.79441646134667e-05,0.215732057057915
170.48,0.1,714.077150571266,0,0.897810862787082,0.000870597256422021,0.215615852749311
170.49,0.1,714.227396222061,0.00313713311679212,0.892253559822378,0,0.215128869071804
170.5,0.1,714.377310692166,0,0.89427459964539,0,0.216406314820557
170.51,0.1,714.526888272247,0.00200089372281828,0.897831030319933,0.000628442481878978,0.215490501390333
170.52,0.1,714.67612326931,0,0.896970626204846,0,0.215820999247386
170.53,0.1,714.825010006892,0,0.895277778302136,0,0.215929676096356
170.54,0.1,714.97354282525,0,0.892445311897691,0.00121259343921115,0.214032662006576
170.55,0.1,715.121716081547,0.000528165758274352,0.896004142281339,0,0.213400066908249
170.56,0.1,715.269524150036,0,0.895765462166256,0,0.212891485377687
170.57,0.1,715.416961422249,0.00177216757188882,0.896943863931258,0,0.213271849354626
170.58,0.1,715.564022307177,0.000411888588326479,0.898876470253332,0,0.213242574340339
170.59,0.1,715.710701231458,0,0.89998478387469,0.00374804875191443,0.215953246447208
170.6,0.1,715.856992639549,0.000403080569379376,0.895641510785915,0,0.215354045669093
170.61,0.1,716.00289099392,0.000398699421856221,0.898657166298902,0,0.215496248126369
170.62,0.1,716.14839077522,0,0.898449187697543,0.00262215271600139,0.211996977631767
170.63,0.1,716.293486482466,0.00123671944978893,0.898947488417274,0,0.215976523816237
170.64,0.1,716.438172633217,0,0.898693979709679,0.000508129639266822,0.21644154572356
170.65,0.1,716.582443763746,0,0.898247450776026,0.000678327158536781,0.216789405576092
170.66,0.1,716.726294429223,0.00106864168188808,0.898628073797349,0,0.215004321247991
170.67,0.1,716.869719203884,0.00052239582901452,0.899259727255325,0.00104107712399019,0.217005904472221
170.68,0.1,717.012712681206,0.000697401974977644,0.900167550725969,0,0.215078589209761
170.69,0.1,717.15526947408,0.000787066459843381,0.903033921211018,0.000745339049644814,0.214606293564547
170.7,0.1,717.297384214981,0.000389525388485721,0.9039450907568,0.00183849127308131,0.214603769792344
170.71,0.1,717.439051556136,0,0.901876993202329,0.000520525109296057,0.216221926482949
170.72,0.1,717.580266169698,0,0.899606412391851,0,0.215569603510093
170.73,0.1,717.721022747911,0,0.902745040909752,0.00303902866740386,0.21434848498859
170.74,0.1,717.861316003276,4.07905242589788e-05,0.903700700598422,0,0.2189833690698
170.75,0.1,718.001140668719,0,0.902874848601381,0.00225172958861978,0.212786510337902
170.76,0.1,718.140491497753,0,0.90357266576975,0.00031160323995943,0.214868374354033
170.77,0.1,718.279363264646,0.00175926484479459,0.904433394760983,0,0.215098266565351
170.78,0.1,718.417750764578,0.00207433816849693,0.905659374455596,0,0.21555793261089
170.79,0.1,718.555648813808,0.000605585825941076,0.906165446357817,0,0.213707752919583
170.8,0.1,718.693052249833,0,0.905170290719598,0,0.215603940847319
170.81,0.1,718.829955931543,0.000928795458085854,0.905431225991456,0,0.210283712485844
170.82,0.1,718.966354739386,0.00102739580011631,0.906129712533794,0.000441783346880351,0.213286131641564
170.83,0.1,719.102243575523,4.44471902451707e-05,0.905174194027616,0,0.215017667321239
170.84,0.1,719.23761736398,0.00410112085510447,0.906101402612125,0.000726886111524286,0.21193829410059
170.85,0.1,719.372471050811,0.000857062767285834,0.906373901817389,0,0.212905093449554
170.86,0.1,719.506799604248,0,0.905864345099279,0,0.215036864628431
170.87,0.1,719.640598014849,0.0013377263342297,0.907132802454897,0,0.215938964085072
170.88,0.1,719.773861295663,0.000232864220602935,0.908686351417119,0,0.215881374253185
170.89,0.1,719.906584482367,0.000576485837417208,0.909603331531517,0.00136369278381341,0.213449364763617
170.9,0.1,720.038762633426,0.00390155516036655,0.907621067725532,0,0.213352971238412
170.91,0.1,720.170390830237,0,0.906981939142516,0,0.217668091387108
170.92,0.1,720.301464177279,0.00220416905060059,0.908898745106151,0.00045073032810175,0.213830948977171
170.93,0.1,720.431977802258,0,0.909318023260209,0,0.214895002662253
170.94,0.1,720.561926856254,0,0.907090938518604,0,0.215808790391015
170.95,0.1,720.691306513867,0.001613572795976,0.912019176710685,0,0.214829491443465
170.96,0.1,720.820111973355,0,0.909819596135645,0.000791665272137435,0.216480663220915
170.97,0.1,720.948338456787,0,0.911047041205992,0.000150051565684889,0.213257907616836
170.98,0.1,721.075981210172,0.000837335019177296,0.912778253564655,0,0.215485849628864
170.99,0.1,721.203035503612,0.00142460588076341,0.9128858250651,0.000504999387637845,0.214000607316084
171,0.1,721.32949663143,0,0.911809667944704,0,0.215004544745925
171.01,0.1,721.455359912318,0,0.912400499578163,2.36764484023896e-05,0.215496319809243
171.02,0.1,721.580620689468,0,0.910056082307207,0,0.216745048489644
171.03,0.1,721.705274330712,0.000851343285278525,0.910836282065137,0,0.216478438907573
171.04,0.1,721.829316228655,0,0.913298222259638,0,0.214735320049295
171.05,0.1,721.952741800813,0.0018083687393423,0.913814888984365,0,0.214299310564627
171.06,0.1,722.075546489739,0.000784822790239773,0.911245669587673,0.00140674279478171,0.212760094322082
171.07,0.1,722.197725763165,0.00111806336090971,0.916097632634796,0,0.216570937549984
171.08,0.1,722.319275114126,0,0.914953089139997,0.00299336958817625,0.214871741462465
171.09,0.1,722.440190061092,0.00266237662831176,0.914861945421511,0.00058182347656239,0.217155530582869
171.1,0.1,722.5604661481,0.00117630482095687,0.915793819846548,0.000181967527181892,0.215797469936821
171.11,0.1,722.680098944875,0.000309452627950271,0.915018962117698,0.000460086111197552,0.214613484283664
171.12,0.1,722.799084046967,0.000712791588778575,0.914673513805718,0.00208162394224629,0.214210787789115
171.13,0.1,722.91741707587,0.00116680977358552,0.914195316979173,0,0.216618480466284
171.14,0.1,722.442558616387,0,0.917110756279571,0,0.21458485379511
171.15,0.1,718.102552597424,0.00371315942122923,0.915336054271241,0.000365082460393438,0.214988412802383
171.16,0.1,715.661982995385,0.00414532999400771,0.915781184368977,0.00152156251751454,0.212591385597437
171.17,0.1,713.861925793716,0.0036466366198042,0.917465014812815,0,0.215792562344159
171.18,0.1,712.091257055523,0.00334853216428879,0.918799272835876,0,0.213719956397789
171.19,0.1,710.315738646376,0.00714714958158832,0.919112060492811,0,0.216411299657935
171.2,0.1,708.539615167194,0.00531446833245334,0.916396490353548,0.000510303942472881,0.216524660697652
171.21,0.1,706.763417657017,0.0102013869979975,0.917810714375861,0.00157419088131919,0.214074698066295
171.22,0.1,704.987111040094,0.00397856424774083,0.915816385435227,0.00108675003001094,0.214649615892706
171.23,0.1,703.210668820982,0.00692314239926596,0.916836386401316,0,0.214040217204627
171.24,0.1,701.434071137422,0.00492320560348246,0.918964483582226,0.000840329590082875,0.212934150738046
171.25,0.1,699.657299010683,0.00928426742278626,0.91936416103581,0.000482896566048407,0.216998372815753
171.26,0.1,697.880334074153,0.00732924152831998,0.918424684522597,0.00188971150815164,0.218137220596356
171.27,0.1,696.103158613378,0.00427042225434709,0.919513021726409,0,0.214919466911713
171.28,0.1,694.325755567777,0.010573161123124,0.91850354622532,0,0.214745913534814
171.29,0.1,692.548108527386,0.00855615724812566,0.919217095722872,0.00127923498158721,0.214717142372668
171.3,0.1,690.770201729692,0.0121659713871876,0.922422682935932,0.00337978241906018,0.215415808343191
171.31,0.1,688.992020056497,0.0112911915093627,0.917983087414574,0.000768403743392373,0.216179536158213
171.32,0.1,687.213549030766,0.00961081054663434,0.92070575242108,0.000673237460518576,0.215389661375623
171.33,0.1,685.434774813436,0.0112217315367044,0.92199363387156,0.000156271057585237,0.214739711162935
171.34,0.1,683.655684200194,0.0102758981101147,0.92286247827578,0.00290452781625578,0.216682489031484
171.35,0.1,681.87626461824,0.0115375488389747,0.921596550865598,0,0.216327178983501
171.36,0.1,680.096504123011,0.012580696581001,0.924339041008724,0,0.213958514639448
171.37,0.1,678.316391394877,0.0121230599499222,0.924367824347992,0,0.21599035676206
171.38,0.1,676.535915735804,0.0143161248736434,0.922234546810539,9.07139286232441e-05,0.216692801738755
171.39,0.1,674.755067066001,0.0103674551571994,0.922817318851023,0,0.215310240071304
171.4,0.1,672.973835920524,0.0145820595811063,0.925586311688477,0.000587290476314243,0.215208778783946
171.41,0.1,671.192213445848,0.0147536289879972,0.922869023383843,0,0.216270075217491
171.42,0.1,669.410191396428,0.0160712327036421,0.922163895171329,0,0.215287751560354
171.43,0.1,667.627762131208,0.0136801175771575,0.92382064854475,0.000227072214212152,0.215756795905363
171.44,0.1,665.844918610107,0.0172038528953437,0.920274665370759,0,0.215516232161997
171.45,0.1,664.061654390486,0.0160304239663592,0.924035174527647,0,0.215559884805002
171.46,0.1,662.277963623563,0.0179046443865063,0.92421451676789,0.00045893148571343,0.216027279349934
171.47,0.1,660.493841050811,0.0171540585602116,0.923779412262811,0.00154096444390477,0.216522565442591
171.48,0.1,658.709282000327,0.0189698506556947,0.925220172717549,0,0.215918754361004
171.49,0.1,656.92428238317,0.0169425762796061,0.92364335965355,0.000602740014047553,0.2160098807033
171.5,0.1,655.138838689647,0.0201885032557798,0.924499781726125,0,0.213636811316641
171.51,0.1,653.352947985598,0.0212319731717812,0.925333789370498,0,0.214734255359223
171.52,0.1,651.566607908637,0.0180834753216838,0.925296361021706,0,0.213730380760628
171.53,0.1,649.779816664353,0.0215504712643817,0.927543687068653,0.00169437359318094,0.215281450998386
171.54,0.1,647.992573022495,0.0204639773408044,0.9242585303726,0,0.215470811062844
171.55,0.1,646.204876313118,0.0208609246332272,0.924437314796795,0,0.213599107467097
171.56,0.1,644.416726422697,0.0222282690248048,0.929698307875778,0,0.21832473350724
171.57,0.1,642.628123790214,0.0232248210605241,0.927884508596512,0,0.214387370001514
171.58,0.1,640.839069403216,0.0252109039641247,0.926096775948093,0,0.214321627574247
171.59,0.1,639.049564793826,0.026685248867894,0.929114054293439,0,0.215020348094191
171.6,0.1,637.259612034751,0.0248541598113639,0.92759249915739,0,0.215414906543989
171.61,0.1,635.469213735233,0.0260724289414052,0.929899602943849,0,0.214531774727458
171.62,0.1,633.678373036984,0.0272127774227086,0.929445713002972,0,0.214715111039083
171.63,0.1,631.887093610083,0.0262029282402444,0.927610608924711,0,0.211201104611479
171.64,0.1,630.095379648853,0.0277873240225664,0.928628617666334,0.00223016326674683,0.215325597075552
171.65,0.1,628.303235867693,0.0286078129009272,0.929874844077099,0,0.214579042722449
171.66,0.1,626.510667496891,0.0278382632859863,0.928880389287713,8.70617496213644e-05,0.212032011963431
171.67,0.1,624.717680278403,0.0282070460135847,0.928575472648524,9.2630496031608e-05,0.21440126973589
171.68,0.1,622.924280461606,0.0270600406032787,0.930025189810485,0.000670559878087076,0.214963186938367
171.69,0.1,621.13047479901,0.0290495787412397,0.928402996586855,0.00190321977475867,0.215158410690838
171.7,0.1,619.33627054196,0.0311816034348565,0.928094319988314,0,0.213674324809044
171.71,0.1,617.541675436287,0.0328686550389271,0.92955961338126,0,0.214442261259598
171.72,0.1,615.746697717945,0.0328677318482465,0.932478054931949,0,0.21538104918914
171.73,0.1,613.951346108617,0.032734325135229,0.928619496635054,0,0.2141484033889
171.74,0.1,612.15562981129,0.0329982926728526,0.932487822772139,0,0.214873607863218
171.75,0.1,610.359558505797,0.0360496835394177,0.931826964668221,0.000892547457342193,0.211800865637679
171.76,0.1,608.56314234434,0.0323821128418601,0.928536086195538,0,0.214087906911683
171.77,0.1,606.766391946985,0.0326926720986842,0.93214990517882,0.00058624036485933,0.212111651977512
171.78,0.1,604.969318397117,0.0349315124141398,0.933632686969654,0,0.215542283344212
171.79,0.1,603.171933236888,0.037187938974192,0.933006276026808,0.000473190192776093,0.215707520886232
171.8,0.1,601.374248462621,0.0357315904613363,0.931850088834844,0.00143051847871811,0.21635959039317
171.81,0.1,599.576276520193,0.0353309984273831,0.931532471828678,0,0.214268101692658
171.82,0.1,597.778030300399,0.0381806250023384,0.93080309262013,0,0.216908836509307
171.83,0.1,595.979523134277,0.0405750696891595,0.931682367914075,0,0.213446099378977
171.84,0.1,594.180768788422,0.0363032599031076,0.932294020719459,0.00254571713933726,0.214661351026312
171.85,0.1,592.381781460262,0.0409545473516951,0.934514089739414,0.00190073148094964,0.214232481919487
171.86,0.1,590.582575773321,0.0404774568025946,0.932834080263238,0,0.215823285744372
171.87,0.1,588.783166772448,0.0415572694098103,0.929966398137307,0.00168623792780119,0.214543876725573
171.88,0.1,586.983569919027,0.0399913946832031,0.932584384213243,0.000620341374687417,0.214837574900211
171.89,0.1,585.183801086165,0.0421254610542399,0.931288228422828,0.00167799506945826,0.216069735419172
171.9,0.1,583.383876553858,0.0438503644431721,0.931516520012402,0,0.214750686136836
171.91,0.1,581.583813004121,0.042015607219516,0.932354001486916,0,0.21783933024721
171.92,0.1,579.78362751612,0.0431172977592058,0.93311916981445,0.00017224693762922,0.214494072091555
171.93,0.1,577.983337561262,0.0450489155772214,0.932447855981183,0,0.214644161383384
171.94,0.1,576.182960998268,0.0494136839414965,0.934581585264221,0.000335219659997833,0.215791212548367
171.95,0.1,574.382516068237,0.0476084244369101,0.933847574673194,0.0032904933081823,0.214970428517399
171.96,0.1,572.582021389676,0.0471127727355335,0.933390295261757,0.00214147195635551,0.21623017659733
171.97,0.1,570.781495953511,0.0453773773078373,0.932219411361875,0.00142641687305597,0.212142831239547
171.98,0.1,568.980959118093,0.0459608413667802,0.935346433492611,0,0.216118485360825
171.99,0.1,567.180430604171,0.0484009495470703,0.93288457475901,0.000402740516758251,0.215752414770902
172,0.1,565.379930489849,0.0473732469791833,0.933468889365728,0,0.213507682724865
172.01,0.1,563.57947920553,0.0519003871056346,0.93399626864899,0,0.213740025035967
172.02,0.1,561.779097528844,0.0517431331158275,0.933962060479092,0,0.2157702945855
172.03,0.1,559.978806579549,0.0507676172621257,0.934937986819218,0.000106647167223512,0.21402700678431
172.04,0.1,558.178627814429,0.0527473791024118,0.9351132382296,0,0.21547960226081
172.05,0.1,556.378583022169,0.0525976247639284,0.934721030231016,0,0.213105281527687
172.06,0.1,554.578694318218,0.0530223481908917,0.933176192265514,0,0.215948867293807
172.07,0.1,552.778984139631,0.0527292044981204,0.934866775613502,0.000562285104002112,0.212902610990556
172.08,0.1,550.979475239911,0.053128900121686,0.936019394135294,0.00129014637101895,0.214090821867013
172.09,0.1,549.180190683825,0.057437727563621,0.934926383013139,9.66155955187748e-05,0.213900400748969
172.1,0.1,547.381153842209,0.0551557819883997,0.93557516735199,0.0001438793748284,0.215057376429852
172.11,0.1,545.58238838677,0.0569162286195379,0.936602824630132,0,0.216724562745218
172.12,0.1,543.783918284869,0.0594203765736251,0.936601613991894,0.00121663949527843,0.214647729276074
172.13,0.1,541.985767794292,0.0575564074620047,0.938662221010179,0.000552758452356815,0.214868833672618
172.14,0.1,540.187961458017,0.0571178643756693,0.935480638482752,0,0.215210902250311
172.15,0.1,538.390524098966,0.0587798555511651,0.937850814833274,0,0.216579977576051
172.16,0.1,536.59348081475,0.0588106781545222,0.935321287059175,0,0.2136417184609
172.17,0.1,534.79685697241,0.0620543028279295,0.934659809411178,0,0.216849905389864
172.18,0.1,533.00067820314,0.0626377736821741,0.935725382542486,0,0.213166722949629
172.19,0.1,531.204970397015,0.0609975550164815,0.937776217340506,0,0.214285779580855
172.2,0.1,529.409759697702,0.0644362467615088,0.93433637886804,0.00326037731657708,0.213443049776412
172.21,0.1,527.615072497174,0.0619316064192954,0.939394995260101,0.000679098614290151,0.215465088039124
172.22,0.1,525.820935430415,0.0642080902288667,0.934404768326158,0,0.214033131138829
172.23,0.1,524.027375370116,0.0619034448307522,0.934465416344395,0.000551640592106947,0.212301282720251
172.24,0.1,522.234419421379,0.0644002199922824,0.933638162234119,0,0.216284493495473
172.25,0.1,520.442094916404,0.066277258534503,0.935375369293876,0.000649090704514391,0.213375257334827
172.26,0.1,518.650429409185,0.0629881987367948,0.937697522178584,0,0.216705407725209
172.27,0.1,516.859450670199,0.0667345832186863,0.935674052592479,0,0.21368915607496
172.28,0.1,515.06918668109,0.0669953601297536,0.935872965828749,0,0.213685043164472
172.29,0.1,513.279665629363,0.0675673503935005,0.937736461033072,0.00215579841268716,0.215933634394667
172.3,0.1,511.490915903073,0.0676682033587226,0.936637660664364,0,0.216786012705912
172.31,0.1,509.702966085506,0.0710739042073531,0.937993848191634,0.00276902827422633,0.216360319486954
172.32,0.1,507.915844949876,0.0689332139403139,0.935894993831577,0.000804527313460915,0.215621432995137
172.33,0.1,506.12958145402,0.06801428132009,0.939186895812228,0,0.216590563588911
172.34,0.1,504.34420473509,0.0689222171236173,0.939524449729872,0.000921180701075939,0.215527234554045
172.35,0.1,502.559744104252,0.0678165213687503,0.936851941032281,0,0.214179642225468
172.36,0.1,500.776229041396,0.0730071117014706,0.938141139659395,0,0.214777894097033
172.37,0.1,498.993689189837,0.0741332755207349,0.936494358849109,0,0.214393617912109
172.38,0.1,497.212154351038,0.0753043548680724,0.940302540435106,0,0.212074482393481
172.39,0.1,495.431654479324,0.072545917109499,0.937133743244042,0,0.215741624355745
172.4,0.1,493.652219676619,0.072653677388937,0.938285175759791,0,0.21414364970127
172.41,0.1,491.873880187171,0.0754434217284903,0.93815530010096,0,0.217264357926685
172.42,0.1,490.096666392307,0.0735045282586446,0.938765495904954,0,0.212406445870128
172.43,0.1,488.320608805179,0.0753388220062774,0.936008034385031,0.000440806969408619,0.214426297584436
172.44,0.1,486.545738065533,0.0788150417794856,0.939727118405155,0.000246516873977146,0.214358779153442
172.45,0.1,484.772084934479,0.0796121496350798,0.935862871383954,0.000615114363861172,0.21468959888555
172.46,0.1,482.99968028928,0.0752895650583674,0.935801803157839,0.00317138165858317,0.216045020456519
172.47,0.1,481.228555118146,0.0784450142497034,0.936759914387657,0.000607846308087928,0.215721214871522
172.48,0.1,479.458740515046,0.0795289868302307,0.935678344043667,0,0.216209599778982
172.49,0.1,477.69026767453,0.0809852136899984,0.937414359625892,0.000258031961675231,0.215757117966479
172.5,0.1,475.923167886565,0.0816306976417685,0.93812251253059,0.000537672844508318,0.213187273209897
172.51,0.1,474.157472531388,0.0827189983312372,0.93746700481998,0.00117201029033076,0.216489048704398
172.52,0.1,472.393213074375,0.0822312272516399,0.939629941052892,0,0.214615012072821
172.53,0.1,470.630421060917,0.0852918967324879,0.941638031159342,0,0.216322545184737
172.54,0.1,468.869128111326,0.0843170631042337,0.938385862305795,0.000898645480942602,0.215954193135067
172.55,0.1,467.109365915749,0.0849892554163771,0.937612248024098,6.77599440385343e-05,0.21539889136768
172.56,0.1,465.444392394649,0.0866162157105896,0.936695444713303,0,0.214550272585777
172.57,0.1,463.884021465228,0.0867876094174503,0.938716059749751,0.00111033153903272,0.213533982323466
172.58,0.1,462.330344002046,0.0895696458302716,0.936894593271503,0.00213030406640228,0.214182326852216
172.59,0.1,460.878578790482,0.0880421697496488,0.936488088173242,0,0.214640645549328
172.6,0.1,460.136475537023,0.0883111574922309,0.935083901266989,0.0015072724017695,0.216947518874935
172.61,0.1,459.564741055833,0.0908337283489818,0.93673333515797,0.00042229002689338,0.21503148372285
172.62,0.1,458.985795623454,0.0881066722278677,0.938210433376898,0,0.216312337467955
172.63,0.1,458.606559064401,0.0870230305508186,0.937016443093862,0,0.215659632726935
172.64,0.1,458.452121158459,0.091669978185921,0.937770920733098,0,0.21468655810468
172.65,0.1,458.306396557538,0.0900746136328476,0.937123610198653,0.000563506211389677,0.216111708343985
172.66,0.1,458.155509868097,0.0880631487721095,0.937576516248326,0.000424034035434628,0.214310758707041
172.67,0.1,458.01813101174,0.0890852730578105,0.935904304235011,0.000238863725159169,0.216101231172843
172.68,0.1,457.879454863782,0.0884007216882184,0.93646714084753,0,0.215672371685407
172.69,0.1,457.734524462903,0.0861940914637738,0.936585697777803,0.00112592340836869,0.214410669766496
172.7,0.1,457.583923377543,0.0878281783523471,0.933443585254203,0.000233591558334523,0.214445563082391
172.71,0.1,457.427773977182,0.0906723290435073,0.938212601312425,0,0.217286920007288
172.72,0.1,457.265490017438,0.0916870884317671,0.933355797945474,0.000158186877873824,0.214575399652377
172.73,0.1,457.097182788234,0.0877888752045773,0.937249224286302,0.00148960276309826,0.214275072068174
172.74,0.1,456.923738540274,0.089698447402729,0.934448381361204,0.00191478877899205,0.215397702657322
172.75,0.1,456.744402452799,0.0892826884991285,0.935511263013188,0.000696216028387651,0.215819381957037
172.76,0.1,456.558933587684,0.089567479476327,0.93632527955811,0,0.211705993715999
172.77,0.1,456.368083072186,0.0887015482918642,0.937025590924016,0,0.216890141889592
172.78,0.1,456.171951218028,0.0899683895675088,0.935293721473712,0,0.216029175421303
172.79,0.1,455.969780929573,0.0875750141563393,0.934903551313971,0,0.213326876533419
172.8,0.1,455.761713640752,0.0898621583177601,0.938702748639231,0.000286304046735718,0.216363246776994
172.81,0.1,455.548877376885,0.0901739577883841,0.936852465228649,0,0.214261357000418
172.82,0.1,455.330310827054,0.0913515584926525,0.935408214860985,0,0.215761725414047
172.83,0.1,455.105706866395,0.0912398508901613,0.936465170747453,0.000134930235119934,0.211183969874729
172.84,0.1,454.87602352553,0.0903441943501037,0.93703388528233,0,0.214759793342064
172.85,0.1,454.641387871021,0.0879650452523479,0.935667978653432,0,0.214092190489178
172.86,0.1,454.400832707815,0.091666688013459,0.935197490135117,0,0.214375324585262
172.87,0.1,454.154530814952,0.0912697511431962,0.934551424391126,0,0.216290168773561
172.88,0.1,453.903880725761,0.091302544722489,0.937744382519979,0.0012319974086899,0.214785750490493
172.89,0.1,453.647689247861,0.0911693398389863,0.935341014267337,0.000447093569626217,0.214671326942118
172.9,0.1,453.385574581031,0.0908297522808957,0.935654790628472,0,0.215922931385596
172.91,0.1,453.118651856683,0.0885709585898347,0.933836083756084,0,0.215993594426493
172.92,0.1,452.847069103235,0.0920057460148859,0.936223488876847,0,0.212147193675456
172.93,0.1,452.56970072568,0.0905565076157779,0.935166875456605,0.000327048996413571,0.213834954658818
172.94,0.1,452.28674121203,0.0903410661033959,0.933834939380169,0.000898475282872524,0.216166514515063
172.95,0.1,451.999779087933,0.0919308203246516,0.935943126576216,0.000593347431200652,0.214142806207947
172.96,0.1,451.707459601749,0.0907571089813345,0.933416447850793,0,0.214345572085168
172.97,0.1,451.409349397562,0.0925444121085531,0.936350538850163,0.000843278093445579,0.216281170509205
172.98,0.1,451.106687033319,0.0904483849605632,0.933980484760904,0.000345898802338797,0.21434270575178
172.99,0.1,450.799637292924,0.0942288518868753,0.9333284572567,0.000691118975876891,0.21560391889518
173,0.1,450.486951001213,0.0917694385731126,0.931061648336011,0,0.214156576440665
173.01,0.1,450.168846531,0.0917250578417881,0.933446825896542,0,0.215187429375265
173.02,0.1,449.847099767429,0.0905242297469486,0.934225404473365,0,0.215864939612573
173.03,0.1,449.520196146283,0.0923606989146587,0.934188231199543,0.0001194886488139,0.215978760123637
173.04,0.1,449.187651213481,0.0937900640493854,0.935816413212529,0,0.214462208172133
173.05,0.1,448.850868095629,0.0905433132434034,0.93372900202862,0,0.21414011111419
173.06,0.1,448.51003287536,0.0943008956640337,0.93397814851603,0,0.213834097808351
173.07,0.1,448.163729438171,0.0925197448317946,0.932807427376314,0.00109291626731269,0.214863205146259
173.08,0.1,447.812198052507,0.0932450541822755,0.933627416225583,0.000920513216874937,0.216992852664495
173.09,0.1,447.457411262077,0.0929145490559111,0.933633334855444,0.00448273006867067,0.215831713144354
173.1,0.1,447.097686482577,0.0952345262647428,0.9327308545702,0,0.214763727718942
173.11,0.1,446.732485283379,0.0943955498251856,0.932415488145255,0.000843035496598488,0.215751021863593
173.12,0.1,446.363347774362,0.0909895061035143,0.930532188107821,0.00165849207079285,0.213007043930654
173.13,0.1,445.990478080608,0.0938969474060471,0.933499836743312,0,0.215611529979056
173.14,0.1,445.612321567107,0.0923827108462873,0.932061034525537,0.00117634284145616,0.21293068096488
173.15,0.1,445.229136886796,0.0955075585521203,0.931306278657665,0,0.213167619138192
173.16,0.1,444.843060112149,0.0943015620025633,0.932028504778008,0,0.216493402818991
173.17,0.1,444.452269285445,0.092982112141547,0.931570337663238,0,0.213313111406491
173.18,0.1,444.056181303982,0.0920085941073069,0.934191840610416,0.000407317050800733,0.214458769030798
173.19,0.1,443.656433038286,0.0947993046686716,0.932704536593592,0,0.217462482988744
173.2,0.1,443.253241776879,0.0932265155901779,0.933280163120434,0.000989260480316026,0.215787940507347
173.21,0.1,442.844955919864,0.0974163591841775,0.930609743505528,0,0.215032586550719
173.22,0.1,442.431854995786,0.0959833631071029,0.930518001770468,0.000359508669885392,0.215124054209407
173.23,0.1,442.016234926437,0.0970237466046838,0.932197048857563,4.14504649441503e-05,0.214177174672609
173.24,0.1,441.596136972534,0.0945371515826167,0.930740748962085,0.00014670630670421,0.213921744917008
173.25,0.1,441.170934048619,0.0934040022396658,0.929297218938202,0,0.213398340127489
173.26,0.1,440.742388345333,0.0956177945738129,0.932869647900802,0.00218645513993202,0.214614219971019
173.27,0.1,440.310733502182,0.0958857559709731,0.929918098172378,0,0.21428779804018
173.28,0.1,439.874190705093,0.0955996148727445,0.930031808188673,0,0.212089066410765
173.29,0.1,439.433053662984,0.0961687715555281,0.930094900401134,0.00116943265796427,0.215841964689158
173.3,0.1,438.989753734517,0.097866255161129,0.929157004064644,0,0.214215186431711
173.31,0.1,438.542216921643,0.0964641152220282,0.930154954567833,0.000544127335410074,0.216528714714992
173.32,0.1,438.089779051888,0.0950983113025118,0.928307524839118,0.00122720191516243,0.2147500738653
173.33,0.1,437.634292091897,0.0967871801534549,0.928032789505985,0,0.214251719470922
173.34,0.1,437.176001820719,0.096442613900737,0.931025716657965,0,0.215241307056412
173.35,0.1,436.713038915932,0.0976555594292081,0.929863556764743,0,0.216102875018491
173.36,0.1,436.24571392362,0.0937717560925658,0.929671124494844,0.00255548059714977,0.214206424933106
173.37,0.1,435.776593308001,0.100364804459378,0.927786964924332,0,0.217586135533415
173.38,0.1,435.303487520282,0.0992710784483313,0.928050491433211,0.00166662659219432,0.213876502929997
173.39,0.1,434.825695012045,0.0983667938398729,0.927394034175948,0,0.216671702123831
173.4,0.1,434.345174466087,0.098471206134884,0.92559199911418,0.00169387078286123,0.216157026315172
173.41,0.1,433.862185627722,0.095399225150736,0.927755885705474,0,0.216901058196502
173.42,0.1,433.374750495808,0.0980452617756049,0.926761461038988,0,0.213746875755788
173.43,0.1,432.888985537271,0.101173613259019,0.926917985863473,0.000961391472933203,0.213459102612042
173.44,0.1,432.441880520264,0.100045549501364,0.924769429637631,0,0.212869464208626
173.45,0.1,432.000847654842,0.0981235730729065,0.927636077461818,0.00268102738289503,0.214804327508568
173.46,0.1,431.555132388617,0.0993084155856296,0.928847397107938,0.000727860895528259,0.217062215872238
173.47,0.1,431.16499291337,0.096841104082505,0.925068524043225,0.00208255168253969,0.215895669372872
173.48,0.1,430.837462143227,0.0988023164187466,0.92720963863553,0,0.216329923106111
173.49,0.1,430.509602321143,0.102861535185537,0.928669397560625,0,0.21597092075175
173.5,0.1,430.186554034421,0.0994543257831298,0.927290640906643,0,0.212807057597252
173.51,0.1,429.928236995475,0.101035430081096,0.926623403013732,0,0.215087366375871
173.52,0.1,429.682363038188,0.101075033340969,0.928047900202887,0.000761802591298865,0.215042224213236
173.53,0.1,429.431603728069,0.0988930262316138,0.926801631157584,0.000585912621637652,0.21574821635463
173.54,0.1,429.2069305314,0.0986616065958564,0.922317226418255,0,0.212521289101915
173.55,0.1,429.012138150917,0.100671125481107,0.924588084705943,0.00257881139272922,0.215174760283592
173.56,0.1,428.814905612471,0.102767551689665,0.923177863252146,0.00232505698595556,0.215135804076334
173.57,0.1,428.617876604526,0.100611981940952,0.923630542368292,0.0022305021190441,0.216090452858604
173.58,0.1,428.451894207808,0.0993665045601609,0.922145066812277,0.00143951706971104,0.216836989587262
173.59,0.1,428.290107759781,0.0995970634708298,0.923835995772291,0,0.214409335210679
173.6,0.1,428.123603765525,0.0999137202294923,0.920722797608379,0.00101159250952554,0.214103530636187
173.61,0.1,427.969337806242,0.102147885043183,0.925281652419221,3.61758583470952e-05,0.215191473922112
173.62,0.1,427.829417626674,0.0999239738129178,0.923016456652592,0,0.216252996896619
173.63,0.1,427.686164053263,0.101027483531042,0.920416973392795,0.0010468251978909,0.215981550169092
173.64,0.1,427.5412339301,0.10042804021638,0.923872933294677,0,0.215150348896019
173.65,0.1,427.4127573518,0.100079643706525,0.920021744927804,0.00161785907252338,0.215927778503273
173.66,0.1,427.284980053342,0.100542957715722,0.92093701881617,3.13237460940339e-05,0.21404488279372
173.67,0.1,427.152665121009,0.0996681447491027,0.924028275654748,0.00141474650654428,0.218334596224116
173.68,0.1,427.026372763618,0.0980543759382667,0.919593437513214,0.00246302566118603,0.215669586842885
173.69,0.1,426.90743600426,0.0978800754843992,0.919941278121085,0,0.215021704275225
173.7,0.1,426.784857300392,0.101414393316146,0.920932644074117,0,0.214240610736964
173.71,0.1,426.659986770987,0.10360299194253,0.922758910119215,0,0.214103838533267
173.72,0.1,426.545995318771,0.100271010717219,0.920048206699626,0,0.216192624311351
173.73,0.1,426.431450890517,0.100724318400214,0.919360152744268,0,0.216845428152342
173.74,0.1,426.312547805245,0.0991226839741096,0.918923054771422,0,0.215568071501677
173.75,0.1,426.19822642505,0.100047556879849,0.915195958224722,0.00155982869275613,0.215284321298032
173.76,0.1,426.089625479878,0.100686044210123,0.918893280709196,0,0.215391235281785
173.77,0.1,425.977437650547,0.105974045666617,0.917380108323728,0.000646892006669808,0.215038654394516
173.78,0.1,425.862811393586,0.0992645592469355,0.917435910168914,0,0.214827420848564
173.79,0.1,425.756944859268,0.0992919586006154,0.920738431794841,0.000132748928363482,0.213698238202598
173.8,0.1,425.650137363883,0.101238369715487,0.916339335353407,0.000112207523320739,0.213246272348813
173.81,0.1,425.539152542225,0.102165068262394,0.914995879885053,0,0.214407424163718
173.82,0.1,425.431955993744,0.100996511256697,0.917957220077324,0,0.213175217213332
173.83,0.1,425.329575164485,0.101647171933144,0.9199612759061,0.00115616161594963,0.214764032551717
173.84,0.1,425.223718741511,0.100415542773372,0.917601840634262,0,0.215283847939971
173.85,0.1,425.115257333065,0.100084913733599,0.917550605346131,0,0.216144573477305
173.86,0.1,425.013279030371,0.101082030982753,0.919207969160358,0.000808753630065295,0.215315800046812
173.87,0.1,424.909936456464,0.100835193059851,0.918423947020322,0,0.215030881122911
173.88,0.1,424.802606560027,0.0988459205730155,0.913215497056176,8.34307606954751e-05,0.21488259612118
173.89,0.1,424.697222440343,0.0967982869006418,0.915095901794191,0,0.214069861781243
173.9,0.1,424.594566932317,0.0987620499990061,0.913753813991013,0.000538079685459089,0.21535605491106
173.91,0.1,424.488474710112,0.103256671084522,0.915730773767,0.000386052649048106,0.213887661068734
173.92,0.1,424.37967125006,0.100165195812611,0.916658109183392,0,0.216075695676798
173.93,0.1,424.275371076371,0.101527442333628,0.915064629102725,0,0.217027524179341
173.94,0.1,424.169361167232,0.100661647392072,0.915871529783514,0.00030407570392711,0.215030772787022
173.95,0.1,424.05956224313,0.103393483380254,0.912648816131479,0.000806894171291809,0.21717050185577
173.96,0.1,423.951309594745,0.10085682764965,0.913572695378364,0.000566298200022293,0.21369347993137
173.97,0.1,423.845315608856,0.100859853784017,0.913623226788383,0.000599882406404359,0.215879796289365
173.98,0.1,423.736039890685,0.0997619594401378,0.912726439243534,0.000834716022868112,0.216919259137086
173.99,0.1,423.624191193253,0.102599203220998,0.90966292316598,0,0.214920849438709
174,0.1,423.51659992417,0.0984520462874239,0.911074781539711,0,0.213738165410624
174.01,0.1,423.407393140687,0.100810720289883,0.909460968372046,0,0.213198356469332
174.02,0.1,423.294600064944,0.103520932094318,0.908910110931903,0.00274820481755381,0.21242616226412
174.03,0.1,423.182832560737,0.101448727050702,0.9116733301582,0.000582164228613402,0.21456412532142
174.04,0.1,423.072719400714,0.101229589002641,0.909055948934676,3.31656535192792e-05,0.216582246818572
174.05,0.1,422.959476383273,0.102959628488442,0.911710256126854,0.00201464439833076,0.216359463684939
174.06,0.1,422.843930850601,0.102646627919712,0.907644924696139,0,0.215542440307778
174.07,0.1,422.733266429816,0.10414470348065,0.906798614723295,0,0.213299317157914
174.08,0.1,422.621305047309,0.101356514099631,0.908958388275176,0,0.214509801630712
174.09,0.1,422.505965716209,0.100822894747222,0.906741654307026,0.00251047939062378,0.214050401955403
174.1,0.1,422.392757686143,0.102458155069717,0.910001602920906,0.00229125927380044,0.215766321013594
174.11,0.1,422.282433476107,0.103074052913786,0.907267423772745,0.00173866536244173,0.212959051390806
174.12,0.1,422.169263332548,0.0998679118352592,0.907437301317659,0,0.213866360769598
174.13,0.1,422.053952454273,0.101083064768386,0.908012578550539,0.00259995330873157,0.212914856554832
174.14,0.1,421.943453700567,0.099511710324846,0.906918156210176,0.000637192524742747,0.213459314252182
174.15,0.1,421.831806236411,0.100090137304655,0.908293296158817,0.000670184335207733,0.214453722471597
174.16,0.1,421.716995281174,0.103548287536006,0.909510243521695,0.000674113146040196,0.21743800274767
174.17,0.1,421.603632851833,0.102884883727706,0.905537596099226,0,0.216825374335185
174.18,0.1,421.492364311273,0.101656386152715,0.905217752028965,0,0.217080308382136
174.19,0.1,421.378398835529,0.101414004255957,0.903028888829302,0,0.217095746633998
174.2,0.1,421.262369541832,0.0999920313428591,0.902868185923668,0,0.214434787426491
174.21,0.1,421.150348783463,0.100784843036399,0.90344492597815,0,0.214212095377411
174.22,0.1,421.0371447534,0.101190005968417,0.904606000720752,0,0.213006966239128
174.23,0.1,420.920998894064,0.100057221796289,0.906411038663751,0,0.21381086512788
174.24,0.1,420.806210061302,0.100521901386027,0.903677331129526,0.00171289404640662,0.215355698991561
174.25,0.1,420.693388324728,0.101684702181369,0.904818116580975,0.00201932846938173,0.215392694309021
174.26,0.1,420.578070264941,0.104703724129045,0.900925125775463,0.00100032874786982,0.211890898357023
174.27,0.1,420.460813000918,0.0995119583129853,0.904526045723723,0,0.214479788417326
174.28,0.1,420.347089710577,0.102918314637453,0.900582531141674,0.00150725494910965,0.216712822192263
174.29,0.1,420.232235455005,0.102196819271921,0.902343485112212,0.000930355650454235,0.212212177599053
174.3,0.1,420.114666242884,0.101593220405739,0.902358554692772,1.18787253603316e-05,0.216016220937096
174.31,0.1,419.997935391289,0.104779846252389,0.901574575164288,0,0.21408157401318
174.32,0.1,419.882560177336,0.101060676578849,0.900650296848161,0,0.215651860939477
174.33,0.1,419.76485951002,0.100497610858514,0.899926416511812,0.000832922494919171,0.217289112541333
174.34,0.1,419.645362042617,0.102523192872492,0.901291120251229,0.000102010585497292,0.215529065516563
174.35,0.1,419.52898751463,0.101287728868094,0.901390242120475,0,0.215002788089727
174.36,0.1,419.411553602361,0.099994422740352,0.899145611675269,0,0.215846101304343
174.37,0.1,419.291637056306,0.102053094183162,0.900600815606627,0.000158756298113476,0.217211739868918
174.38,0.1,419.172977004834,0.10140011905138,0.896732285568416,0,0.215917938786752
174.39,0.1,419.056120795297,0.100000173276795,0.900542735189827,0.00303179400047147,0.217078416804426
174.4,0.1,418.93719029402,0.101957172521285,0.898229036238296,0.00116833009202187,0.216178359966482
174.41,0.1,418.816610835723,0.10196953483234,0.89687219344646,4.65789231074235e-05,0.214086248260986
174.42,0.1,418.698805189183,0.100526178834027,0.899220671314896,0.000872309493737207,0.21848052659837
174.43,0.1,418.580030240039,0.103661403773354,0.898347347686491,0,0.215929600763781
174.44,0.1,418.459009228213,0.100421600233714,0.895658725710986,0.00146162118632756,0.213818670100312
174.45,0.1,418.339538935977,0.103788275679038,0.898277175558089,0.00261898002806822,0.2156976337401
174.46,0.1,418.222180188649,0.101988546705903,0.896051914365396,0,0.217317604743211
174.47,0.1,418.102992453594,0.101902386912334,0.896321046125062,0,0.215375491528283
174.48,0.1,417.98256197414,0.102111576373278,0.893910105600327,0.0012404202212377,0.213150949936804
174.49,0.1,417.866329448316,0.099716320473143,0.89385783233799,0.00162361593477409,0.213608825793836
174.5,0.1,417.749677196644,0.102196193030374,0.89522514022528,0.00175797009894002,0.213811499952286
174.51,0.1,417.631018573294,0.104116488741553,0.892727223241807,0.00123168911673883,0.21258385826454
174.52,0.1,417.514048042315,0.1015358384926,0.893703796718686,0,0.213132633892144
174.53,0.1,417.39932297126,0.101192018884125,0.890502343105673,0,0.214115718017079
174.54,0.1,417.283004440801,0.101979280683452,0.893341197285773,0,0.214724023585042
174.55,0.1,417.165570922977,0.101937648408805,0.893034826659866,0,0.217679239064728
174.56,0.1,417.051784923296,0.103778654668926,0.894441809221376,6.00633676198255e-05,0.217345055245933
174.57,0.1,416.937622017218,0.104515621743683,0.890433524337341,6.93265453486357e-05,0.214043756737925
174.58,0.1,416.821696279741,0.102603568595751,0.890415977836794,0.000471498848907068,0.213557697121
174.59,0.1,416.706852109047,0.101141860529412,0.891125439824434,0,0.214158110666853
174.6,0.1,416.593533188909,0.0981385312963057,0.891157944318921,3.2046178239034e-05,0.214680486222293
174.61,0.1,416.478796187779,0.103804620354179,0.888535420537978,0,0.216529740356756
174.62,0.1,416.362843102659,0.100344728448245,0.889298513093597,0,0.212891109304197
174.63,0.1,416.248314664086,0.10243836329241,0.887632360628932,0,0.215463065847987
174.64,0.1,416.133018581306,0.101647236404873,0.888223633533144,0,0.212527027816327
174.65,0.1,416.01620689866,0.101913427445389,0.889019139222862,0.00189992223087747,0.214271221794325
174.66,0.1,415.900256227581,0.0998892848370705,0.888905203587224,0.000523931654693733,0.214799365487782
174.67,0.1,415.785542809643,0.102430927417568,0.887454990079409,0,0.216018702757375
174.68,0.1,415.669622067616,0.0996625987999065,0.887429555310058,0,0.21501861440277
174.69,0.1,415.552868135978,0.101500780640584,0.887983113697034,0,0.215559433010991
174.7,0.1,415.438700805917,0.101948720140921,0.889932761595829,0.000995789751299475,0.216393288121399
174.71,0.1,415.324257004322,0.103358808377232,0.887518240720774,0.000191425235283633,0.217701594637726
174.72,0.1,415.20854898049,0.103965044728035,0.884235751802474,0,0.21609560670707
174.73,0.1,415.094198078752,0.102283111182422,0.884651157589554,0,0.211613160539187
174.74,0.1,414.981623113072,0.101946653339146,0.885002721728684,0,0.215410070309106
174.75,0.1,414.868115819119,0.103359966750768,0.885679746341947,0,0.216855293292319
174.76,0.1,414.754157680746,0.099523841804564,0.884834551512985,0.000716260016824391,0.21689886059954
174.77,0.1,414.643974889237,0.100474976815987,0.882706472435743,0.00107058170188512,0.213035323619606
174.78,0.1,414.534017250314,0.104215811236882,0.883178498175404,0,0.214283858720756
174.79,0.1,414.42304884676,0.102257922153656,0.880889944924611,0,0.214537199103076
174.8,0.1,414.312103735317,0.103695699786104,0.883137627341956,0.000362096275092403,0.213262870725016
174.81,0.1,414.201377851904,0.104133691536011,0.880813895482994,0,0.212990629675968
174.82,0.1,414.089835569491,0.104105338295976,0.882075457095884,0.00166556044620721,0.215995368580835
174.83,0.1,413.977415706325,0.104222028106843,0.881304357812358,0.000421438742880663,0.215376009586811
174.84,0.1,413.864161837285,0.103241238809145,0.883215258635114,0,0.215307696308111
174.85,0.1,413.750112009715,0.101359449005396,0.880515424155908,0.000554202735558435,0.216244773323694
174.86,0.1,413.635303099496,0.103775324119954,0.881052700103554,0.00116462149514314,0.215449547731742
174.87,0.1,413.519772023481,0.101596212798884,0.881874847723413,0,0.215300899725612
174.88,0.1,413.403555739605,0.10339887274928,0.883157954201046,0,0.215066749411172
174.89,0.1,413.286691233293,0.101404169481421,0.879763677953168,0.0011064967023092,0.212624800001253
174.9,0.1,413.16921551503,0.100667730568496,0.878226363109562,0.000496828498529916,0.218228969109645
174.91,0.1,413.051165618493,0.103132625925911,0.878652541744412,1.55175237699877e-06,0.215581840904131
174.92,0.1,412.93257859862,0.101754876083516,0.87428739776247,0,0.213767703581402
174.93,0.1,412.813491529693,0.103888577472476,0.876628227050693,0,0.21618816408337
174.94,0.1,412.693941503472,0.100591811004246,0.879005001606108,0,0.214184524111732
174.95,0.1,412.573965627319,0.100811668477075,0.877114359841044,0,0.215176304128739
174.96,0.1,412.453601022385,0.102475726980658,0.87371124727726,0,0.214637927955341
174.97,0.1,412.332884821805,0.103860397279835,0.877746792097629,0,0.214572376549445
174.98,0.1,412.211854168928,0.101622417347561,0.875350159053897,0.000737875279312031,0.215170583917412
174.99,0.1,412.090546215567,0.106215047585759,0.876409396197001,0,0.213770038457371
175,0,411.968998120297,0.10320386548918,0.872941079799039,0.00228812234826577,0.216338196741036
175.01,0,411.847247046756,0.10301325639838,0.874869292157982,0.000222354957485146,0.214745590880058
175.02,0,411.725330161987,0.103946566102691,0.874707671464838,0.000353665458285325,0.215984479065555
175.03,0,411.603284634821,0.102739000998774,0.871154429807604,0,0.215780436475829
175.04,0,411.481147634266,0.101664858508072,0.872608025211461,0,0.215162095394823
175.05,0,411.358956327936,0.104083856745976,0.872079250763495,0,0.214928616981425
175.06,0,411.236747880516,0.101629606471417,0.871015745386792,0.000102086891249844,0.215286506229142
175.07,0,411.114559452244,0.102710039092999,0.871782441065184,0.00177658678495703,0.215341946005596
175.08,0,410.992428197425,0.103127701558224,0.873295497022411,0,0.215087406546797
175.09,0,410.870391262988,0.101745664916265,0.873822445692557,0,0.213967044039585
175.1,0,410.748485787053,0.102725575238156,0.870254299772144,0.0002435505163667,0.214363074037395
175.11,0,410.626748897533,0.101824731693301,0.87343044751629,0.00084731814480354,0.215059830200241
175.12,0,410.505217710783,0.102964222417943,0.870579199612407,0.000103305116929168,0.215066762189621
175.13,0,410.383929330258,0.101277393423413,0.867193206355993,4.08686767590676e-06,0.212960491631994
175.14,0,410.262920845199,0.10464715477947,0.870352362536131,0,0.21392949810565
175.15,0,410.142229329374,0.104723790860167,0.870813193008957,0,0.21598787653292
175.16,0,410.021891839829,0.104094879418163,0.870784199949703,0.000599979445108756,0.215039882422536
175.17,0,409.901945415665,0.100481541656587,0.868549931400999,0.00139271196615348,0.214861639785871
175.18,0,409.78242707686,0.101091516169148,0.869824369748954,0.00113656008361437,0.21400405130724
175.19,0,409.66337382312,0.101666477455291,0.866925609728126,0,0.215207998682573
175.2,0,409.544822632747,0.103951328305053,0.867144486596822,0.000905497743174553,0.216738251713234
175.21,0,409.426810461542,0.104684773602126,0.867384109862104,0,0.214493924529477
175.22,0,409.30937424176,0.10207676072269,0.868150441176946,0.00123690407486877,0.215445269096371
175.23,0,409.192550881055,0.104063185345985,0.866032001877377,0.000188927462187882,0.213938614611518
175.24,0,409.076377261488,0.103541964011842,0.863784902830627,0,0.215239753441682
175.25,0,408.960890238559,0.103953694232361,0.866969142747403,0,0.216077362598802
175.26,0,408.846126640254,0.103870979198862,0.865468028727016,0.00242032270680471,0.215364521012714
175.27,0,408.732123266141,0.106974899607823,0.863794265679989,0,0.214581323000357
175.28,0,408.618916886488,0.102483712506402,0.861120151115514,0,0.216491189379898
175.29,0,408.50654424141,0.104998345056154,0.861860329995061,0.000477590353145338,0.212516323289433
175.3,0,408.395042040045,0.103690829423901,0.863969388368239,0,0.217705650980207
175.31,0,408.284446959773,0.102773067353352,0.86307758630603,0,0.214863349661056
175.32,0,408.174795645448,0.102730465105666,0.86211972538587,0.000488370439047392,0.215055388825849
175.33,0,408.066124708665,0.104660127073762,0.8586627782693,0.000726973618182097,0.215894344251321
175.34,0,407.958469926425,0.102575880453303,0.861689204817464,0,0.214832115378991
175.35,0,407.851867119714,0.103364547208159,0.862142521218099,0,0.21658095288771
175.36,0,407.746354321358,0.104614571198657,0.859778232968661,0.00238524881388218,0.216571045713915
175.37,0,407.641968003316,0.104174510350189,0.861620320772527,0,0.215761977752701
175.38,0,407.538744601097,0.103571295840352,0.860272117048804,0,0.215380240909597
175.39,0,407.436720513196,0.103692800203356,0.862425263144861,0.00349494131653676,0.216565604289963
175.4,0,407.335932100589,0.104516077254389,0.861448251130055,0.000828250947758862,0.216433195020959
175.41,0,407.236415686239,0.101883004994477,0.859964829677777,0,0.216661445682016
175.42,0,407.138207554623,0.102089983744475,0.858512169194066,0,0.21726866740593
175.43,0,407.041343951314,0.105206887277075,0.856260616780918,0.00104823896277394,0.21368217868856
175.44,0,406.945861082578,0.103327392042672,0.859152462887892,0,0.214885518531422
175.45,0,406.851795114994,0.103454699354125,0.858513625262425,0.00133176671235275,0.214245096294639
175.46,0,406.759182175111,0.101853318870881,0.859466334602943,0,0.212963635169604
175.47,0,406.668058349145,0.101544913262084,0.857795844960666,0,0.213915768373283
175.48,0,406.578368385233,0.101984015468231,0.856905929064098,0,0.216704676650809
175.49,0,406.489089727638,0.102630353653522,0.85562447834524,0.000986775232838366,0.21481302133977
175.5,0,406.399969840826,0.102321904876219,0.854818015036052,0,0.216659195242188
175.51,0,406.311012347963,0.103744407122774,0.853854866102472,0.00171620496030694,0.215086393896718
175.52,0,406.222220868,0.102874675293129,0.856447088658033,0,0.214685293444328
175.53,0,406.133599015515,0.102886512569393,0.854779190488912,0,0.214495504264415
175.54,0,406.045150400553,0.102617504547164,0.855500669957229,0.00184188711354687,0.215213380119464
175.55,0,405.956878628471,0.10264599082209,0.854184497729566,0.00046954185346866,0.211917360711875
175.56,0,405.868787299776,0.102110169800375,0.853900174197081,0.00195725626017393,0.215470047434912
175.57,0,405.780880009969,0.102962864611948,0.853080548716844,0,0.216349359644524
175.58,0,405.693160349385,0.103998778094226,0.852438696867266,0.00240650927447328,0.213394506576536
175.59,0,405.605631903034,0.102411683237987,0.849933527926963,0,0.21409357214248
175.6,0,405.518298250443,0.102674783357783,0.85117986327576,0.000955232591865275,0.212062466387674
175.61,0,405.431162965495,0.106338466549049,0.852346234106298,0,0.212964040692225
175.62,0,405.344229616271,0.103509769502564,0.848989253483512,0.00203790741911289,0.21716310279699
175.63,0,405.257501764892,0.102995063556936,0.851478874297657,0,0.216027008711308
175.64,0,405.170982967353,0.101098122011777,0.850479343830124,0.000671582207497869,0.214886631701696
175.65,0,405.084676773371,0.101298522334617,0.851376261961922,0.00099567167413531,0.212394262123859
175.66,0,404.99858672622,0.105736962739462,0.851138510943315,0.00135264851761131,0.214369478469857
175.67,0,404.912716362572,0.10248066190307,0.849253691396817,0.00123053074574142,0.214165503016358
175.68,0,404.82706921234,0.0998958845546808,0.850258566668796,0,0.215791333294048
175.69,0,404.741648798513,0.102346406148417,0.84915863054108,0.00117390246468269,0.21726470532372
175.7,0,404.656458636999,0.10341623678606,0.847750668573699,0.00049677528383697,0.21612245044718
175.71,0,404.571502236462,0.10016529471857,0.847947778261599,0.000741056025664727,0.214084444074619
175.72,0,404.486783098165,0.100110651219771,0.848460158507905,0,0.212999954371621
175.73,0,404.402304715807,0.104450701489138,0.848656015346144,0.00121225381298779,0.211468133603627
175.74,0,404.318070575364,0.101223647498157,0.843363359980124,0,0.211962545829638
175.75,0,404.234084154927,0.101152011479584,0.846944082610249,0.00105125692052675,0.213453212651647
175.76,0,404.150348924542,0.102874212252896,0.846553397791196,0.00109165967017576,0.216139228499309
175.77,0,404.066868346051,0.102636007544224,0.84739971512462,0.00217017359269207,0.215761577046283
175.78,0,403.983645872931,0.103620785983476,0.844470336480918,0.000856796211803397,0.216889589670377
175.79,0,403.900684950128,0.101731547938039,0.844688979151157,0.000674073992831326,0.215818890131973
175.8,0,403.817989013907,0.104637059009734,0.845734878915017,0.00146982461058387,0.21370683626898
175.81,0,403.735561491682,0.102031040034136,0.844484273111194,0.000357255452750559,0.216501973892084
175.82,0,403.65340580186,0.10176086169602,0.845739612692584,0,0.21573498942258
175.83,0,403.571525353681,0.103299172753243,0.845256354673102,0,0.213002716669316
175.84,0,403.489923547056,0.103105698436774,0.843725122681656,0,0.217451161821986
175.85,0,403.408603772406,0.102753732338791,0.84183670099843,0,0.215257592135683
175.86,0,403.327569410504,0.106173775568988,0.841294872415145,0.00137293803691138,0.21339162705766
175.87,0,403.246823832315,0.101001407382299,0.843826451779196,0.00199723968313001,0.215415939169103
175.88,0,403.166370398833,0.103895537913638,0.841645926767251,0.00147134490277086,0.214127982250974
175.89,0,403.086212460925,0.103227623695343,0.843243061281339,0.00293117982125774,0.213096032452631
175.9,0,403.006353359168,0.101593902996909,0.842833984383699,0.000178216596223183,0.218722536945273
175.91,0,402.926796423692,0.10247723435363,0.841570496105418,0,0.217738683157806
175.92,0,402.847544974018,0.102956337099317,0.843231649731561,0,0.215553880736732
175.93,0,402.768602318901,0.103178750632867,0.840371558639987,0.000817802056017257,0.216570079773155
175.94,0,402.689971756169,0.101653507043723,0.840953108223075,0.00134927697536391,0.218296087847078
175.95,0,402.611656572564,0.102051192953284,0.842633595088328,0.00165694381227593,0.212584782296054
175.96,0,402.533660043587,0.101672503370162,0.840162200354128,0,0.213077210141182
175.97,0,402.455985433332,0.102383969041038,0.839087759492303,0,0.214542409959281
175.98,0,402.378635994335,0.0997715843309796,0.838940635093807,0,0.216509083185452
175.99,0,402.301614967412,0.103495663716024,0.836332029438967,0,0.213029261335028
176,0,402.224925581503,0.103008320268696,0.839929421207174,0,0.214754187215202
176.01,0,402.148571053509,0.102842913883966,0.837098143185227,0,0.215312028850761
176.02,0,402.072554588143,0.104066766070602,0.836619792825581,0,0.215416156331522
176.03,0,401.996879377767,0.102007529437334,0.837186072323772,0.000269818799466706,0.215044842584408
176.04,0,401.921548602234,0.103944011014879,0.836316690475606,0,0.217335959617149
176.05,0,401.846565428738,0.106524311458667,0.83744838088389,0,0.215624320108056
176.06,0,401.771933011651,0.102070320623748,0.8370257980655,0,0.215769113051472
176.07,0,401.697654492368,0.102800002573481,0.837002368989459,0.00303873560777699,0.214768465861571
176.08,0,401.623732999156,0.102766662619181,0.834610774031831,0,0.21609578031317
176.09,0,401.550171646993,0.10366770154947,0.836398790870815,0,0.214839008867213
176.1,0,401.476973537415,0.100956549787408,0.834238869730129,0.00271855377999126,0.213454726613793
176.11,0,401.404141758363,0.103874976860434,0.835211536573257,0,0.212387106890247
176.12,0,401.331679384026,0.102994217261983,0.83495943987798,0,0.213538958136551
176.13,0,401.259589474689,0.104739672017724,0.83381183281711,0.00130195584208857,0.217325167214848
176.14,0,401.187875076577,0.102448164784334,0.836994943666852,0.000186654937881415,0.217568200463856
176.15,0,401.116539221705,0.10254210183414,0.833651915281839,0,0.215024487747242
176.16,0,401.045584927723,0.103033483306375,0.834084591218809,0.00270801349403583,0.2158824317867
176.17,0,400.975015197764,0.101872466566835,0.831937920919482,0.00182882594360147,0.214300231086002
176.18,0,400.904833020294,0.103951022706287,0.831719667858115,0.00183308547232024,0.214487647028152
176.19,0,400.835041368956,0.105170551579736,0.831314641745308,0,0.217737324141863
176.2,0,400.765643202424,0.101536086552828,0.832868434394828,0.000333298379341465,0.214139142385701
176.21,0,400.69664146425,0.103589689170193,0.832889170296047,0.000224715366135488,0.215712508220101
176.22,0,401.066484887722,0.103193407764464,0.8318176979493,0,0.215542243922743
176.23,0,401.274001073346,0.102456434635777,0.834199945592401,0,0.215236741039964
176.24,0,401.402950711829,0.101767746872304,0.832425685736413,0.000518427374839586,0.215550898224054
176.25,0,401.534357028697,0.102375297694095,0.833439440548735,0,0.215977078700317
176.26,0,401.670670558907,0.103891575046271,0.831335278404776,0.000111583960544125,0.214774479576838
176.27,0,401.811249361414,0.101710490620449,0.830148430964456,0,0.213863059522667
176.28,0,401.956066968442,0.102177564347905,0.827577772264284,0,0.216376991038389
176.29,0,402.105160594072,0.104499886978238,0.828181298174564,0,0.214561355662893
176.3,0,402.258564769169,0.102842912865504,0.832012657347721,0,0.213319146039251
176.31,0,402.416313266238,0.101710377890299,0.827660217188496,0.0005584743016871,0.215013613044894
176.32,0,402.578439863951,0.103147559970454,0.829891676108135,0,0.214384031765935
176.33,0,402.744978370616,0.101817764061394,0.828322436444359,0,0.215985546740761
176.34,0,402.915962619258,0.103171729222874,0.827039880214006,0.00241443194055153,0.215196454503042
176.35,0,403.091426468545,0.102093492458381,0.827630824745404,0,0.215052606859621
176.36,0,403.27140380432,0.103655176537,0.826737553181876,0,0.214246580136733
176.37,0,403.455928541123,0.101890187248515,0.82682596519035,0,0.212121015096969
176.38,0,403.645034623713,0.0993236094689292,0.829220040063845,0,0.216120805074665
176.39,0,403.838756028589,0.101015055893916,0.825225474148456,0.00071637438423901,0.215003338538236
176.4,0,404.037126765537,0.100386360149887,0.825509782677139,0.00215368495653965,0.212799095587155
176.41,0,404.24018087918,0.0988868153058142,0.826980293241787,0,0.216628219808217
176.42,0,404.447952450525,0.0965401033483163,0.825405174992693,0,0.216806578266434
176.43,0,404.660475598536,0.100852685499366,0.825785173982173,0,0.215704135352327
176.44,0,404.877784481703,0.0991970860545878,0.825324440739846,0.000552712577673545,0.216543210613415
176.45,0,405.099913299623,0.100025091568921,0.827314615575484,0.000397825251711186,0.214332567496344
176.46,0,405.326896294586,0.0979991751969403,0.824647993829481,0,0.214905748411078
176.47,0,405.558767753177,0.0992684499114797,0.824326419370908,0,0.217273918460451
176.48,0,405.795562007869,0.0978260010769494,0.824681739275503,0,0.213609066250137
176.49,0,406.037313438636,0.100457832417864,0.824885756319403,0,0.216386673133834
176.5,0,406.284056474573,0.0976488979325158,0.824813688731817,0,0.214393840891608
176.51,0,406.535825595513,0.101832712165599,0.824642724073188,0,0.217660051484374
176.52,0,406.792655333647,0.099280081763259,0.821869376700862,0.00029149858193807,0.212723597503954
176.53,0,407.054580275177,0.101553636440365,0.823960804796506,0.000273556773960683,0.21513745816547
176.54,0,407.321635061935,0.10052748505154,0.825625490509286,0,0.215568123628008
176.55,0,407.593854393037,0.0985602093709337,0.822753608955747,0,0.213861979764923
176.56,0,407.871273026533,0.0959318976364262,0.821179955443385,6.71291720498819e-05,0.212776377249034
176.57,0,408.153925781054,0.0972728897113031,0.824104160266374,0,0.214751818703842
176.58,0,408.441847537474,0.0979525489661223,0.820416479852465,0.000666523782033294,0.215401556405354
176.59,0,408.735073240574,0.0962386485942715,0.823035869516485,0.000361609024600829,0.214112141775227
176.6,0,409.033637900704,0.0971285860365166,0.822702748969339,0.00216545950487569,0.21426270806252
176.61,0,409.337576595452,0.097150000132924,0.818592351333197,0.00197217921247507,0.213684634003364
176.62,0,409.646924471325,0.0984196578554355,0.822204342455193,0,0.211871604861
176.63,0,409.961716745415,0.0975536036741652,0.821131127407274,0.000327808664667896,0.217080754335435
176.64,0,410.281988707083,0.0960889461586405,0.821129617481453,0.000697547180844442,0.214013521418122
176.65,0,410.607775719643,0.0972729063773495,0.82223816428621,0.000174166621442628,0.212827353931154
176.66,0,410.939113222041,0.0985630680964851,0.821337104104791,0.00209492784872504,0.216156676779512
176.67,0,411.276036730541,0.0986732513247882,0.82045136304686,0,0.212769027921841
176.68,0,411.618581840418,0.0959497976230797,0.821553998617528,0.000570747134754706,0.21601906599838
176.69,0,411.966784227645,0.0978256525090983,0.82027199719204,0.000357969395272414,0.215235312416727
176.7,0,412.320679650578,0.094199180649081,0.818404792197442,0,0.213278873716189
176.71,0,412.680303951656,0.0949248674460307,0.819761948089648,0,0.214546235614471
176.72,0,413.045693059089,0.0946794769973929,0.820617038035696,0.0001914217465182,0.215685382019664
176.73,0,413.416882988552,0.096412463912517,0.820473176565181,0,0.215418762207114
176.74,0,413.793909844875,0.0949481025863583,0.821222788692173,0.00112896085735063,0.214548925005152
176.75,0,414.176809823742,0.0946866424248596,0.81908669341681,0,0.212726765575236
176.76,0,414.565619213378,0.0946032229473813,0.818151199928361,0,0.215087112490771
176.77,0,414.960374396243,0.0933297802729352,0.819398352952535,0,0.214735058056077
176.78,0,415.361111850727,0.0969155986185483,0.819982323482053,0.00121188026089316,0.216379207669372
176.79,0,415.767868152834,0.0948209476328251,0.818989530604116,0,0.213623705865258
176.8,0,416.180679977874,0.0920147848711112,0.816479416600486,0.00285386492093174,0.214195036957184
176.81,0,416.59958410215,0.0937054435774826,0.818590183217093,0.00229546051614319,0.215712139188417
176.82,0,417.024617404642,0.0956254003397335,0.816320207663187,0,0.215651812866212
176.83,0,417.455816868691,0.0943194413673766,0.817381421487219,0,0.214196241876499
176.84,0,417.893219583682,0.0945082254848778,0.816404880176234,0.00127323135445104,0.213153897707704
176.85,0,418.336862746717,0.0944263390920631,0.819058767916942,0,0.215225127280482
176.86,0,418.786783664291,0.0937302075266593,0.818345416795295,0,0.215228407352788
176.87,0,419.243019753967,0.0931506337403794,0.816358091492739,0,0.217256413944004
176.88,0,419.705608546038,0.0936871266786376,0.817510157429263,0,0.217561185671274
176.89,0,420.174587685196,0.0916391973818805,0.817450495221458,0,0.212660754588006
176.9,0,420.649994932192,0.093175819221858,0.815558076043505,0,0.214625024901237
176.91,0,421.131868165488,0.0902279901351255,0.817217852769583,0.000215189192123878,0.215693199037069
176.92,0,421.620245382911,0.092268260621092,0.816494811936697,0.00175695226505573,0.216906389808105
176.93,0,422.115164703294,0.0902246999351875,0.816877259213326,0.00120370202557977,0.213963477047536
176.94,0,422.616664368126,0.0890842882992347,0.814574878594632,0,0.213953319404122
176.95,0,423.12478274318,0.0934254488065848,0.818809707787613,0,0.216299282581521
176.96,0,423.639558320141,0.090769602851858,0.816191099231447,0,0.214188878256724
176.97,0,424.161029718236,0.0903222446285512,0.814683412729233,0.000628933748915615,0.214318459676984
176.98,0,424.689235685846,0.0888065144307631,0.816161903775413,0,0.213584104441671
176.99,0,425.224215102117,0.0917098194981531,0.816631713139437,0,0.215060208105567
177,0,425.766006978565,0.0901810508094049,0.816007808519867,0.00102248849132023,0.217082449473434
177.01,0,426.314650460672,0.0887129829792956,0.817753832766329,0,0.215200988463273
177.02,0,426.870184829472,0.0893521418082342,0.816545260900437,0.000664559089017972,0.216955701650818
177.03,0,427.432649503136,0.0908774972609186,0.8155540349607,0,0.214458576161058
177.04,0,428.002084038541,0.0868429137859628,0.815466840363115,0.000424298361130821,0.219509972019149
177.05,0,428.578528132835,0.0904309754466937,0.816542803286991,0,0.21212672563683
177.06,0,429.162021624995,0.0876751440919611,0.81332195932031,0,0.213014916308675
177.07,0,429.752604497372,0.0869402748485801,0.818093197517614,0.00150385621173438,0.214461941662396
177.08,0,430.350316877229,0.0858585365811822,0.814061821441309,0,0.215762589713396
177.09,0,430.955199038268,0.0864788140256836,0.812871934125126,0.00116909184963273,0.216355239647677
177.1,0,431.567291402148,0.0864787505537053,0.814759382055788,0.00108904570222285,0.215711742203951
177.11,0,432.186634539993,0.0885437905278446,0.817254169066363,0.00186272266699528,0.214148219189305
177.12,0,432.81326917389,0.0864396125073143,0.812395437417935,0.000205009732175851,0.214728190886227
177.13,0,433.447236178377,0.0853720459582448,0.81448922432038,0.000477563773287967,0.213530028534224
177.14,0,434.088576581912,0.0864486573192307,0.815254762617285,0,0.216404875289765
177.15,0,434.737331568345,0.0846705683045724,0.814401519983773,0,0.214754409111254
177.16,0,435.393542478364,0.0858852802946058,0.813926564522372,0,0.216170618978426
177.17,0,436.057250810942,0.0849424582513923,0.812689633155796,0,0.216516174038858
177.18,0,436.728498224756,0.0853289083889391,0.810954948022986,0,0.2146241897889
177.19,0,437.407326539609,0.0834918549134461,0.814012764282004,0.00102160253956009,0.216922402825303
177.2,0,438.093777737833,0.0830337732186751,0.813848412008852,0,0.215653508466899
177.21,0,438.787893965671,0.0860108539978226,0.813413838819092,0,0.214896447912156
177.22,0,439.489717534661,0.0849692329306379,0.812105268745257,0,0.212717423622014
177.23,0,440.199290922992,0.0839875237108732,0.815649427741106,0,0.215075261152883
177.24,0,440.916656776849,0.0819624447340801,0.813994843536426,0.000979070124452497,0.212528574226945
177.25,0,441.641857911755,0.0819942922625078,0.811248183063712,0,0.215700111114346
177.26,0,442.374937313878,0.0821045668260789,0.813310395473192,0.000795297946677096,0.212338999228574
177.27,0,443.115938141342,0.0826301104536071,0.814140287056181,0,0.215340902243094
177.28,0,443.864903725507,0.0815824528986811,0.814405994210934,0,0.215250032327706
177.29,0,444.621877572247,0.0792047238383899,0.812975322366282,0,0.213709957412246
177.3,0,445.386903363197,0.0835650746288703,0.813203189594988,0,0.21687390989079
177.31,0,446.160024956998,0.0808379216756554,0.812173895047281,0.000888118774586766,0.215337504499086
177.32,0,446.941286390515,0.0797218905310638,0.811500119823845,0,0.214719816632626
177.33,0,447.730731880041,0.0799685447443653,0.810601032634594,0,0.21600752563523
177.34,0,448.528405822483,0.079808910514775,0.812220157020872,0,0.215582814333792
177.35,0,449.334352796533,0.0805759368891654,0.813855222893884,0,0.215135660754526
177.36,0,450.148617563814,0.0773750336261544,0.813815637879001,0,0.211667518009746
177.37,0,450.971245070015,0.0766340816549654,0.812833211910865,0.000748364989456302,0.215213707169568
177.38,0,451.802280446003,0.0777806654295524,0.812866607255864,0.000978642361879174,0.215075262925505
177.39,0,452.641769008915,0.0767676674022046,0.812680850902501,0,0.214945250691829
177.4,0,453.489756263232,0.0761872422974205,0.810949677576898,0.00214323526398766,0.214931604819253
177.41,0,454.34628790183,0.077334097830139,0.814236092346251,0,0.217251293872499
177.42,0,455.211409807018,0.0779061890419012,0.813632050676872,0.00171941260687679,0.21292058172365
177.43,0,456.085168051543,0.0781219965772149,0.812793426877735,0,0.21448738876901
177.44,0,456.967608899588,0.0754880525413101,0.811850874368728,0.00135218658799053,0.215701069318817
177.45,0,457.858778807739,0.0759894817717905,0.812041377358941,0,0.214323248426478
177.46,0,458.758724425926,0.0774452083338783,0.81149485165454,0.00167232453401405,0.214529820098448
177.47,0,459.667492598359,0.0755427801685699,0.814361657658558,0.0020572055749864,0.214398050401914
177.48,0,460.585130364424,0.0729759505581046,0.812702526006564,0,0.214354844383416
177.49,0,461.511684959562,0.0761890639193976,0.81518341678049,0,0.215784253568918
177.5,0,462.447203816126,0.0732160351303629,0.811056494825327,0,0.213742943121795
177.51,0,463.391734564215,0.0734844414717777,0.812791046003487,0,0.214951678976923
177.52,0,464.345325032481,0.0728736574908429,0.80883198917904,0.000185929454867758,0.21533598913345
177.53,0,465.308023248911,0.0710733436150405,0.812333754362988,0,0.216252876877909
177.54,0,466.279877441585,0.0729147116045013,0.813093604460551,0,0.213517601360727
177.55,0,467.260936039414,0.0710527497525604,0.811570806610607,0.000833939489647454,0.215015080512644
177.56,0,468.251247672841,0.0730430667973496,0.814071273744023,0,0.213736535480995
177.57,0,469.250861174524,0.0692066136156814,0.813872698159775,0.000187254750082326,0.216721299122567
177.58,0,470.259825579994,0.0689497421398876,0.812218792519057,0,0.212486262914753
177.59,0,471.278190128278,0.0710893358122418,0.812597844672004,0.00123283265970025,0.213683552397992
177.6,0,472.306004262503,0.0702770332329772,0.81125974543105,0,0.212991856843341
177.61,0,473.343317630464,0.0685442608332311,0.812138646201211,0.000486674105044724,0.214034345689697
177.62,0,474.390180085172,0.0684574183104478,0.811813793801005,0,0.212690541504327
177.63,0,475.44664168537,0.0713399410817415,0.813048231156558,0,0.21717260267368
177.64,0,476.512752696015,0.0672254987571712,0.81208631715275,0,0.214389409560408
177.65,0,477.588563588742,0.0668584697735704,0.815782238771806,0.00224764693184581,0.215989012033548
177.66,0,478.674125042284,0.0676925096913178,0.813176641500003,0.00195005817768764,0.212400150565285
177.67,0,479.769487942876,0.0691586348086697,0.810506301976686,0.00117235845493186,0.215464439186956
177.68,0,480.874703384614,0.0644092904509551,0.813310933970005,0.000506256596583945,0.216524381086902
177.69,0,481.989822669798,0.06432611556099,0.814502035365468,0.000239220032932813,0.213859992830615
177.7,0,483.114897309229,0.0681912783422809,0.81280598678509,0,0.215485452088646
177.71,0,484.249979022486,0.0628486670611695,0.812235237084666,0.00113532537932735,0.213425981939349
177.72,0,485.39511973816,0.0645278045504416,0.813627790526646,0.00242089822890127,0.215885573111928
177.73,0,486.550371594064,0.065295717314954,0.811768411632028,0.00204734569230887,0.21401842791853
177.74,0,487.715786937406,0.0663992567718482,0.812478011687932,0.00209958716040432,0.215745923869559
177.75,0,488.891418324927,0.0639855126481562,0.813414263496105,0.00169319674260151,0.215017970580334
177.76,0,490.077318523005,0.065073601270247,0.812312824020044,0.000952454843907369,0.216883086837883
177.77,0,491.273540507729,0.0621416882057418,0.816298806647918,0,0.21687195306361
177.78,0,492.480137464929,0.0606308591349109,0.812572028806031,0.00238336195590351,0.211645371995889
177.79,0,493.697162790183,0.0612788537672526,0.814213304621197,0,0.214992814723523
177.8,0,494.924670088772,0.063786721257347,0.814659229502274,0,0.214537414293702
177.81,0,496.162713175617,0.0629492163651898,0.812248780215729,0,0.213279435039621
177.82,0,497.41134607516,0.061291559102087,0.814139375853317,0.000468408121432189,0.215935145425166
177.83,0,498.670623021227,0.0589578296204142,0.813780869272825,0,0.215555150535787
177.84,0,499.940598456831,0.0614298400874835,0.810047155878519,0,0.213877458960764
177.85,0,501.221327033963,0.0595723235708169,0.812779402572897,0,0.214475453455602
177.86,0,502.512863613318,0.0572786665335089,0.815882021854359,0,0.216033038479126
177.87,0,503.815263264,0.0582150766653304,0.815900698660754,0.000304016523327081,0.216277414411194
177.88,0,505.128581263181,0.0563543601629707,0.815501666355148,0.000712797702709701,0.215921410478419
177.89,0,506.452873095719,0.0563513545132658,0.813893764606477,0.00103808529163226,0.212208796037199
177.9,0,507.788194453737,0.0560795246750546,0.817422720905526,0,0.214608045547866
177.91,0,509.134601236159,0.0552359079463833,0.815561390293741,0.000113866961673967,0.215329403399861
177.92,0,510.492149548208,0.0551929440708921,0.816608784228286,0,0.212836573081492
177.93,0,511.860895700856,0.0554858061117034,0.81355832614805,0,0.216724653034757
177.94,0,513.24089621024,0.0535409590050648,0.813165238515994,0.000156982352471805,0.213225741224573
177.95,0,514.632207797027,0.0542714652576571,0.814624088831686,0,0.214194459494876
177.96,0,516.034887385737,0.0525706095316954,0.816526462852366,0,0.214817325843533
177.97,0,517.448992104025,0.0496835425231193,0.813118317896107,0.000603688450179942,0.216625454056969
177.98,0,518.874579281921,0.0518179100493453,0.815755719736429,0,0.214120711034836
177.99,0,520.311706451015,0.0529856734634568,0.815169941434017,0,0.216589428938596
178,0,521.760431343603,0.0518387563030122,0.815934224831847,0,0.21555576930498
178.01,0,523.220811891791,0.0498164576269642,0.817424755472186,0,0.216850444142241
178.02,0,524.692906226543,0.0486645209889176,0.816253524243824,0,0.213299629835434
178.03,0,526.176772676691,0.0502935707846727,0.815471817087951,0.00184316601530624,0.214828457071824
178.04,0,527.67246976789,0.0477843620958525,0.813677586992344,0,0.215096112053934
178.05,0,529.180056221535,0.0473800353632366,0.815428363763508,0.00018900865861998,0.21396011043034
178.06,0,530.699590953613,0.0459685153082685,0.816754436688108,0.000319202093516142,0.214250807755724
178.07,0,532.231133073526,0.0495178607201686,0.814391807073758,0,0.215483744179697
178.08,0,533.774741882851,0.0469984851249597,0.815233451136186,0,0.214668942404255
178.09,0,535.330476874052,0.0407579249704308,0.817672850437689,0.000996538581514968,0.216543183254122
178.1,0,536.898397729147,0.0454992666922987,0.818635488224073,0.00155838919950344,0.213995659410665
178.11,0,538.478564318318,0.0456783323880113,0.817674479884858,0,0.215738293296179
178.12,0,540.071036698474,0.0423897297741682,0.816152954672398,0,0.213745441415553
178.13,0,541.675875111758,0.0433740169732265,0.81528133441824,0.000738944312660445,0.215823116472534
178.14,0,543.293139984004,0.0428610494114346,0.818692066382431,0.000168854394689742,0.214979168873941
178.15,0,544.922891923143,0.0435519515630199,0.819209241391334,0,0.216441485791269
178.16,0,546.565191717551,0.0444131595976666,0.818605681426278,0.000538261614612709,0.215014651486132
178.17,0,548.220100334346,0.0429109669701617,0.816444407664946,0,0.21368732644252
178.18,0,549.887678917631,0.0405925000530032,0.818825511982255,0,0.217436002437635
178.19,0,551.567988786677,0.0406163542694292,0.816534713289098,0,0.213512073304124
178.2,0,553.261091434058,0.0374595997956803,0.81910188557424,0.000205356618501798,0.212858310153383
178.21,0,554.96704852373,0.0397468713603244,0.817845778527249,0,0.214739247444264
178.22,0,556.685921889039,0.0406595300223169,0.815152712714469,0.0012667555755558,0.215980473275119
178.23,0,558.417773530694,0.0407323721278693,0.820703134359385,0,0.215089694020918
178.24,0,560.162665614668,0.0382328406520305,0.820310525649255,0.00116625454044833,0.214510167772252
178.25,0,561.920660470039,0.0380218019225694,0.819479755668157,0.000189309685942585,0.216223405030419
178.26,0,563.691820586789,0.0378709010439085,0.821223317319705,0,0.215419902177934
178.27,0,565.476208613525,0.0339242454791437,0.819905617499144,0,0.213792538440019
178.28,0,567.273887355149,0.0377581915229722,0.818291771775612,0,0.213175696843063
178.29,0,569.084919770473,0.0359235289227714,0.821130526658585,0.000138273148815162,0.214144683334206
178.3,0,570.909368969767,0.0336773024060133,0.818650722756078,0.00357467651544167,0.214310925651425
178.31,0,572.747298212242,0.0361299825161967,0.81938343833877,0,0.215743287008113
178.32,0,574.598770903484,0.0321813556367257,0.820143797399313,0,0.214045779616576
178.33,0,576.463850592816,0.0334375916808672,0.82197246886314,0,0.213882373624637
178.34,0,578.3426009706,0.0310632023104908,0.822947660357524,0.00217141595428699,0.215597320040759
178.35,0,580.23508586548,0.0327176077877962,0.819679056078269,0,0.214566045602539
178.36,0,582.141369241556,0.0298582231064016,0.821723783541418,0.00165917803605139,0.214306869433629
178.37,0,584.0615151955,0.031079884444957,0.824898794085449,0,0.212311230868608
178.38,0,585.995587953596,0.0310635255952851,0.821419143495657,0.000514355500249784,0.214894113663285
178.39,0,587.943651868738,0.02989401447139,0.822421332976822,0.00169763002443612,0.216539338142312
178.4,0,589.905771417337,0.0254893192951975,0.821806185115994,0,0.214574834829875
178.41,0,591.882011196175,0.0277838374362014,0.823343218945348,0.000552684929940906,0.213678775270619
178.42,0,593.8724359192,0.0274859558263507,0.82114344599556,0.000573211138168675,0.216231943390257
178.43,0,595.877110414238,0.0278482404743472,0.822188742357795,0,0.214437991250478
178.44,0,597.896099619644,0.0256787985278941,0.823447808325804,0,0.213698713566671
178.45,0,599.9294685809,0.0253293344285981,0.823011508907255,0.000669844215083408,0.215112607357445
178.46,0,601.977282447118,0.0260264376419614,0.821483653443642,0.00217820893452817,0.215325526530168
178.47,0,604.039606467497,0.0226594546800952,0.822381592508972,0.000597064158777571,0.214396542780404
178.48,0,606.116505987702,0.0237306546904782,0.824436410669099,0.000211147620825275,0.214478039977715
178.49,0,608.208046446178,0.0224803105903557,0.824788481842285,0,0.211510841619612
178.5,0,610.314293370381,0.023795980551629,0.823361276449584,0.000698422326300162,0.213877513764288
178.51,0,612.43531237296,0.0219971524845673,0.822889660129437,0.000353562252727863,0.215156818476513
178.52,0,614.571169147856,0.0205634463752352,0.8239529829191,0.00122309863821259,0.213268901913254
178.53,0,616.721929466324,0.0226391745304079,0.823570551235866,0,0.214985193702057
178.54,0,618.887659172899,0.0197167249038494,0.825101668722951,0.00226029586502424,0.215327400447707
178.55,0,621.068424181277,0.0205039621741277,0.82612559295554,0,0.216308230710315
178.56,0,623.264290470135,0.0184704299077374,0.828474040899829,0.000588025465560211,0.215462619212416
178.57,0,625.475324078864,0.017494437492072,0.827337978365104,0.000346953397414255,0.212757997978467
178.58,0,627.70159110325,0.0188872393458977,0.827137212696714,0.00174432591161451,0.21426216787332
178.59,0,629.943157691054,0.0153437006752052,0.827568793400716,0,0.215134819228501
178.6,0,632.200090037545,0.0151903508158505,0.824774190427418,0,0.216812008931158
178.61,0,634.472454380944,0.016197405052629,0.828021181724372,0,0.215202811174868
178.62,0,636.760316997797,0.013052981692886,0.827028830586505,0.00157262219789785,0.21422302653877
178.63,0,639.063744198265,0.0124308274397633,0.828826878804175,8.92019742917539e-06,0.214211415983979
178.64,0,641.382802321366,0.0153111702043431,0.826721006494185,0,0.216619279830363
178.65,0,643.717557730102,0.0123071951647294,0.828415382707812,0,0.215611808857975
178.66,0,646.068076806542,0.0112156849582392,0.829078985890232,0,0.215439091671606
178.67,0,648.434425946814,0.0103722357353145,0.827838942199632,0.000292901801879224,0.211949478897953
178.68,0,650.816671556026,0.0106903533472442,0.829053440086998,0,0.217198795688536
178.69,0,653.214880043104,0.00901164752714136,0.830970964590208,0.0015826911807472,0.21476524278694
178.7,0,655.62911781556,0.00877166912558637,0.829093280865369,0.00153454752303276,0.214850756218803
178.71,0,658.059451274182,0.0111717013959891,0.830672746310641,0.000387591068130836,0.216219619524888
178.72,0,660.357764076153,0.00825800483773943,0.831236256766494,0,0.214901638278082
178.73,0,662.487378383497,0.00864380454552042,0.830280775387366,0,0.215143608755879
178.74,0,664.609201840146,0.00605830496127845,0.832305695407143,0,0.214042224098244
178.75,0,666.673911294988,0.00638809542484722,0.828623346799433,0,0.215771421791922
178.76,0,668.230583785698,0.00818637345039448,0.828736958297991,0,0.216008210683653
178.77,0,669.633468562419,0.00476365896315567,0.830548701203075,0,0.214780168091186
178.78,0,671.037900920966,0.00569266238063834,0.833146234167955,0,0.217432209714047
178.79,0,672.356873358211,0.00723479117207676,0.833448578283383,0,0.215884024045986
178.8,0,673.566080772986,0.00217879980097407,0.832977594463663,0,0.216547757831508
178.81,0,674.770046141513,0.00615273656036386,0.833140169698745,0.000136535069443905,0.213787403121598
178.82,0,675.981736442528,0.00474018806168059,0.834536236233828,0.000455795555019218,0.213602494490875
178.83,0,677.19380108448,0.00267339186402433,0.831787484021317,0.00151438085943208,0.214380810283139
178.84,0,678.411891325408,0.00325798863427279,0.830852446096169,7.04197493310208e-05,0.21334663878443
178.85,0,679.638523344075,0.0030607633570366,0.836265631250935,0.00256362475337574,0.214782309015406
178.86,0,680.868696299349,0.00324501584839308,0.834218308899283,0,0.215860434992121
178.87,0,682.101136598438,0,0.836862428624442,0.000986172795880914,0.214335722727958
178.88,0,683.341420550526,0.00034015677452904,0.832803492922126,0,0.213962363822496
178.89,0,684.589129319855,0.00179780330595968,0.835320745413749,0,0.214437909930519
178.9,0,685.836909416292,0.000484277563568754,0.834223318716394,0.00117987876737336,0.214667918998206
178.91,0,687.090529163164,0.00124747636754317,0.838350796031938,0,0.217330819502086
178.92,0,688.352503246087,0,0.837994187854925,0,0.215422570764059
178.93,0,689.617030343305,0.000353980486228529,0.83745672402805,0.000495246831405481,0.212519486778485
178.94,0,690.762237705373,0,0.835628589945705,0,0.213826727056432
178.95,0,690.890552431209,0.00124912438520556,0.838656010178261,0,0.215606032826221
178.96,0,691.01947020883,0.00240061439683343,0.836366184015736,0,0.211796406393663
178.97,0,691.148985614958,0,0.840639740070423,0.00211983256819177,0.214540011313682
178.98,0,691.279093204273,0,0.837895518454736,0.000277490170239134,0.215352506099318
178.99,0,691.409787509684,0.000551948726888243,0.838603936450509,0.00080458656269426,0.214732037000194
179,0,691.541063042597,0,0.838182057991448,0,0.214384190978626
179.01,0,691.672914293187,0.000341412462846053,0.839189987444726,0,0.214126596156502
179.02,0,691.805335730664,0,0.839201031959863,0.000354663002437148,0.214391205077971
179.03,0,691.938321803549,0,0.839242392253516,0.00103005302447827,0.214466616513553
179.04,0,692.071866939941,0.000958744647420526,0.839248512482855,0.000162276671906425,0.21505680526041
179.05,0,692.205965547791,0.000165264824441643,0.841983892419601,0,0.216217708362109
179.06,0,692.340612015172,0.000101995125196087,0.840493444572601,0,0.212755594476065
179.07,0,692.475800710554,0.0012647319642864,0.839821996457889,0,0.215095685926622
179.08,0,692.611525983075,0.00191228034200888,0.840264401517898,0,0.215148135950969
179.09,0,692.747782162813,0,0.841123066562197,0,0.214621309708771
179.1,0,692.884563561061,0.000364971926198,0.841348513492697,6.61096726777548e-05,0.215146230642304
179.11,0,693.021864470603,0,0.84266292781349,0.00232264226988472,0.213642793798304
179.12,0,693.15967916598,0.00178684041918881,0.84235474007124,0,0.215435867585652
179.13,0,693.298001903774,0,0.844308108526142,0.00240735282232192,0.213160755981838
179.14,0,693.436826922876,0,0.844276364584156,0.00109384681244823,0.212495953415358
179.15,0,693.576148444761,0,0.84478348746567,0.00197102177028859,0.214165841351369
179.16,0,693.715960673769,0,0.842786065433147,0.00070880902093049,0.212588962858808
179.17,0,693.856257797371,0.00193664994214215,0.843749086586778,0,0.212068574585718
179.18,0,693.99703398645,0,0.844289411295988,0.000379189873547867,0.216006429729081
179.19,0,694.138283395576,8.00899949539938e-05,0.843756095398953,0.000839882304637898,0.213944395860991
179.2,0,694.280000163281,0.00141704686011364,0.844218391486437,0.000995109581596266,0.212464136485343
179.21,0,694.422178412332,0.000823589017502058,0.845834933813571,0,0.214601957615704
179.22,0,694.56481225001,0,0.844747301955436,0.000246404959872297,0.213202609765842
179.23,0,694.707895768387,0.000684469708707577,0.847721707314389,0.000207879397159611,0.216546106853667
179.24,0,694.851423044598,0,0.846654243177656,0,0.213098500888231
179.25,0,694.995388141118,0.000337631753519368,0.847079867756132,0,0.21459136734458
179.26,0,695.139785106041,0.000681262939166874,0.847548884873886,0,0.214319712659626
179.27,0,695.284607973352,0.000220163401216237,0.847879015986316,0,0.214828342939891
179.28,0,695.429850763204,0.000243981956429159,0.850081729426325,0,0.214860604688062
179.29,0,695.575507482198,0.00129331899447229,0.8480388262407,0,0.217150277563927
179.3,0,695.721572123655,0,0.84643236462572,0,0.214330874048565
179.31,0,695.868038667888,0.00128691939870352,0.850002149869401,0,0.217495020891827
179.32,0,696.014901082489,0.000347982744827141,0.846411432724185,0,0.216438969735249
179.33,0,696.162153322594,0.00289471073132435,0.850437491299625,0,0.213585626898815
179.34,0,696.309789331165,0,0.849891027795341,0,0.215479829397375
179.35,0,696.457803039261,0,0.851705537076842,0,0.212553131266384
179.36,0,696.606188366321,0.000744258031692951,0.851601268610202,0,0.215642823107866
179.37,0,696.754939220427,0,0.852872536721399,0.00138939321376825,0.214830717298037
179.38,0,696.904049498592,0.00198849078380323,0.850988359292391,0.00122796343937213,0.215653363093079
179.39,0,697.053513087028,0,0.850887151715749,0,0.216418572215474
179.4,0,697.203323861421,0.00131495503053392,0.85107709038607,0,0.214554219776362
179.41,0,697.353475687205,0.0008430483381876,0.853622323557236,0,0.215450065042037
179.42,0,697.503962419843,0,0.851622889726662,0,0.21422552717937
179.43,0,697.65477790509,0.000458428610971459,0.853574911792408,0,0.215140489138707
179.44,0,697.805915979277,0,0.854038599202877,0.000220618935225673,0.214412256480512
179.45,0,697.957370469579,0.000461983295236929,0.850982943249939,0.000588613633121427,0.217729217606109
179.46,0,698.109135194289,0.000950294785574349,0.855944153962289,0.001292490123101,0.214722347899488
179.47,0,698.261203963093,0,0.856607007271283,0.00175378655496501,0.215804452402736
179.48,0,698.413570577339,0,0.854580988161252,0.000914419732385699,0.214889903809078
179.49,0,698.566228830315,0,0.853194749506007,0,0.216825438483451
179.5,0,698.719172507516,0,0.854424919914859,0,0.216620374513652
179.51,0,698.872395386917,0,0.853415677246623,0,0.213775441746639
179.52,0,699.025891239245,0.00173836002160022,0.856613141532576,0.0017977776262387,0.215491438557214
179.53,0,699.179653828252,0.00292415514068387,0.856782506348003,0.00278577736045368,0.216367613916847
179.54,0,699.33367691098,0,0.856036072100454,0.000709524277976334,0.215096314971549
179.55,0,699.487954238037,9.85111479159049e-05,0.854834144151519,0.00258902610070558,0.215518348394293
179.56,0,699.642479553863,0,0.858439809733478,0,0.213844196534095
179.57,0,699.797246596999,0,0.856341952743881,0.000418001894261205,0.217752164616371
179.58,0,699.952249100363,0.00190414600828899,0.861043650629154,0,0.21768070373138
179.59,0,700.107480791505,0,0.859088684458862,0,0.214643346602846
179.6,0,700.26293539289,0,0.859390035563482,0.000519182293752107,0.215692983761678
179.61,0,700.418606622153,0.000816112503108555,0.861941961332768,0.000648258541662518,0.215195193120167
179.62,0,700.574488192375,0.00195842680710996,0.860821530356395,0,0.215323129719105
179.63,0,700.730573812343,0.00384036887794582,0.862441346970476,0.000416876563533293,0.212602463460369
179.64,0,700.88685718682,0.00189615213550046,0.861045952745542,0,0.215534794561443
179.65,0,701.04333201681,9.86156123850556e-05,0.860564162469619,0,0.215237856800908
179.66,0,701.199991999821,0.00170719074765876,0.861842099312233,0.00318080722112221,0.213701170536418
179.67,0,701.356828209074,0,0.859206317495256,0,0.213539979089611
179.68,0,701.513835577281,0.0015022736376727,0.863595876118032,0.00133466179629239,0.213846646409322
179.69,0,701.671009169366,0,0.863303920839968,0.000459315650268522,0.216290607182851
179.7,0,701.828342671659,0.00107759688210238,0.861359623302444,0.00205254131102411,0.215101829008583
179.71,0,701.98582976831,0,0.864500862248423,0,0.21707013287751
179.72,0,702.143464141553,0.00153321158152208,0.862795742501931,0,0.212338070589226
179.73,0,702.301239471965,0.00302577851550167,0.865038753974792,0,0.214954519013748
179.74,0,702.459149438725,0,0.864272939851854,0.00165481467488386,0.21499472554698
179.75,0,702.617187719879,0.000214968742207668,0.865814256480832,0.000346035403304066,0.215413329698067
179.76,0,702.775347992591,0.00251946819879371,0.868561819499567,0,0.212046121672417
179.77,0,702.933623933407,0,0.864514404744445,0.00208620157361832,0.216336646381309
179.78,0,703.092009218512,0,0.867571607609955,0.00243604359479969,0.21623029049449
179.79,0,703.250497523984,0,0.866870608221889,0,0.216337482153814
179.8,0,703.409082526056,0,0.867438289365497,0,0.215319556319497
179.81,0,703.567757901361,0.000122756383403828,0.867425833669201,0,0.216028397723659
179.82,0,703.726517327201,0.000595428070113404,0.868403115938386,0,0.214628052295643
179.83,0,703.885354481788,0,0.868011797346033,0,0.215633163071069
179.84,0,704.044263044507,0.000518699831784666,0.871537683763027,0.00128297087067617,0.212054824137415
179.85,0,704.203236696163,0.000425561594519817,0.871137147606821,0.00201587687234428,0.215243840323396
179.86,0,704.362269119235,0,0.870400198347894,0.0013542809967515,0.217117751155641
179.87,0,704.521353998127,0,0.869307959889829,0,0.218044206728013
179.88,0,704.680485019419,0,0.870458664721802,0.000437763286176899,0.213355643281327
179.89,0,704.839655872117,0.000563779092324724,0.870535754392676,0,0.214470797939092
179.9,0,704.998860247898,0.00184921290085978,0.874110116575526,0,0.213320974409059
179.91,0,705.158091841364,0.000481892114549733,0.871145475004315,0,0.214005715437376
179.92,0,705.317344350286,0,0.872342082201716,0.000243490634433115,0.212220948273959
179.93,0,705.47661147585,0,0.871678339039013,0,0.215005417467149
179.94,0,705.635886922904,0,0.870630022534454,0,0.215182277869832
179.95,0,705.795164400206,0.000559002187399574,0.874269450129593,0.00144346487851769,0.216076312158111
179.96,0,705.954437620659,0,0.872343702660831,0.000665076578476569,0.217881469852315
179.97,0,706.113700301566,0,0.8769231161781,0.0014474319027123,0.215051804191433
179.98,0,706.272946164862,0.000108780482169528,0.876192156339505,0.00116435530432997,0.215076072850272
179.99,0,706.432168937364,0.00137644068465256,0.875365348229627,0.000583051729811424,0.213671508712012
180,0.1,706.591362351005,0.00160739929405709,0.878143457132588,0,0.212582494578332
180.01,0.1,706.750520143079,0.00102555782320661,0.875592214449061,0,0.215850541076355
180.02,0.1,706.909636056478,0.00118445353732471,0.875656214753686,0,0.21448370281796
180.03,0.1,707.068703839927,0,0.877884642618689,0,0.21369664078254
180.04,0.1,707.227717248229,0.000325985200143877,0.876799468716865,0.00143099498272296,0.217765552339858
180.05,0.1,707.386670042494,0.000340956009882769,0.877349096230564,0,0.216730733551315
180.06,0.1,707.545555990378,0,0.875221553362782,0,0.213371323926266
180.07,0.1,707.704368866318,0.000304031341212063,0.873473772460644,0.00145869235908949,0.217272042453324
180.08,0.1,707.863102451764,0,0.878408327619716,0.00126086938510104,0.217614757119474
180.09,0.1,708.021750535412,0.00284901930337559,0.876677873037755,0,0.215129160409359
180.1,0.1,708.18030691344,0.00100635414422985,0.87742867911994,0,0.214930142530044
180.11,0.1,708.338765389731,0,0.878715092035601,0,0.216797223064357
180.12,0.1,708.497119776111,0,0.877273773009462,0,0.214010855074296
180.13,0.1,708.655363892573,0.000779337238878297,0.879152880533433,0,0.216877366731473
180.14,0.1,708.813491567512,0,0.883461356329812,0.000350518869414323,0.214162415508402
180.15,0.1,708.97149663794,0,0.881464358855532,0,0.215586273543178
180.16,0.1,709.129372949726,0.00142697538615557,0.879568474920694,0,0.213189815484249
180.17,0.1,709.287114357813,0,0.883811827946664,0,0.21393711150867
180.18,0.1,709.444714726446,0,0.881455622644858,8.90809623911475e-05,0.217211911772399
180.19,0.1,709.602167929393,0,0.882344761211153,0.00155328353524681,0.217354166794911
180.2,0.1,709.75946785017,0,0.883641585939153,0,0.214870457106032
180.21,0.1,709.916608382262,0,0.885385917410712,1.49709437591062e-05,0.215808398620533
180.22,0.1,710.07358342934,0.0010148605894379,0.884164407897697,0,0.216128882414265
180.23,0.1,710.230386905489,0,0.882617673026262,0,0.213983582951235
180.24,0.1,710.387012735419,0,0.884869352676529,0,0.215270284162839
180.25,0.1,710.543454854685,0,0.884021983909143,0,0.215951060994391
180.26,0.1,710.699707209904,0.00127306593679249,0.886474516935908,0.00337225451677599,0.216591698950313
180.27,0.1,710.855763758972,2.45548212443047e-05,0.882541269230439,0.00133951488039896,0.214545214346883
180.28,0.1,711.011618471276,0.00047004048430632,0.887717518372496,0,0.213568138196497
180.29,0.1,711.167265327911,0.00135499729558677,0.887105193076692,0,0.216786173128205
180.3,0.1,711.32269832189,0,0.887341636278152,0.000520185410933632,0.214894753810791
180.31,0.1,711.477911458356,0,0.887798620119865,0,0.216663752078986
180.32,0.1,711.632898754797,0,0.886573521461517,0,0.214741459670099
180.33,0.1,711.787654241249,0,0.885839949508893,0,0.216292837804701
180.34,0.1,711.942171960508,0.000163511362331243,0.885870934395887,0.00117357882803567,0.216853878510126
180.35,0.1,712.09644596834,0.000844776590034133,0.890062907538091,0,0.212368683217645
180.36,0.1,712.250470333685,0,0.886954922177046,0.000526890986773074,0.211926870175678
180.37,0.1,712.404239138862,0,0.890842451446985,0.00127318071265983,0.214685482072248
180.38,0.1,712.557746479775,0,0.889574069820362,0,0.214716044991515
180.39,0.1,712.710986466119,0.000561695902512149,0.893037522788083,0.00108779486462751,0.214782079088822
180.4,0.1,712.863953221577,0.000275191610095991,0.891218243530643,0.000671903533682673,0.214583120817479
180.41,0.1,713.016640884026,0.000828569278335381,0.893613413672033,0.00121965066950752,0.214800075104497
180.42,0.1,713.169043605737,0.00291916904680216,0.893273977433466,0,0.213109671723432
180.43,0.1,713.321155553573,0,0.891495430143681,0.00185726093535124,0.213807412913153
180.44,0.1,713.472970909188,0.000172925807893596,0.89330931453983,0.000446258276834171,0.216325010590116
180.45,0.1,713.624483869227,0,0.89334443910504,0.000646892145067093,0.21365954871182
180.46,0.1,713.775688645517,0,0.891599605232281,0.000311989334338462,0.215525732476704
180.47,0.1,713.926579465269,0,0.892088933555597,0,0.214263256273958
180.48,0.1,714.077150571266,0.00193331875217527,0.8948775395933,0,0.21479891127098
180.49,0.1,714.227396222061,0,0.894835918606963,0,0.215672850469981
180.5,0.1,714.377310692166,0,0.896492215483042,0.0015359942237121,0.219957401433732
180.51,0.1,714.526888272247,0,0.893368291108966,0.00106293703377342,0.213607047509467
180.52,0.1,714.67612326931,0,0.893309561508009,0,0.215423653848331
180.53,0.1,714.825010006892,0,0.89470564380722,0,0.214680168423836
180.54,0.1,714.97354282525,0.00232559459720017,0.898534601970322,0.00122112221268917,0.215914275621832
180.55,0.1,715.121716081547,0,0.895736843335772,0,0.212681518336328
180.56,0.1,715.269524150036,0.00179076506292596,0.896513268936873,0,0.216675340132834
180.57,0.1,715.416961422248,0.00106860560850355,0.897313822451881,0.00160580961620408,0.214135294061089
180.58,0.1,715.564022307178,0,0.896903990221593,0,0.214578518462833
180.59,0.1,715.710701231457,0,0.897097042791606,0.000538421929455505,0.212599542505722
180.6,0.1,715.856992639549,0.000275776437715851,0.897826063555822,0,0.213432828011246
180.61,0.1,716.002890993919,0.000233034757189498,0.898530312539997,0,0.213356737051555
180.62,0.1,716.14839077522,0.00181782271905374,0.896072417474045,0,0.216886044414414
180.63,0.1,716.293486482466,0.00261685089712261,0.899433465131495,0.00215400278559064,0.216849768449409
180.64,0.1,716.438172633216,0,0.899817041433604,0,0.218017159940072
180.65,0.1,716.582443763746,0,0.898584693015356,0,0.216588202606358
180.66,0.1,716.726294429222,0.00128312071610482,0.898788970019308,0.000704179528791034,0.214038043804352
180.67,0.1,716.869719203884,0,0.899684941722936,0,0.215041053287245
180.68,0.1,717.012712681206,0.000197612955395872,0.899767639914386,0,0.213249710810348
180.69,0.1,717.15526947408,0.000648853874503082,0.901757478510067,0,0.215118837175157
180.7,0.1,717.29738421498,0,0.902311163600735,0.00202581561775741,0.214301146147202
180.71,0.1,717.439051556136,0.00156853371482713,0.901082300689398,0,0.213977485321803
180.72,0.1,717.580266169698,0,0.901845817402332,0,0.215831052738694
180.73,0.1,717.721022747911,0,0.901645797524588,0.00110882842499672,0.215509545458788
180.74,0.1,717.861316003276,0.000812638133463141,0.903206624237259,0.00173364534262166,0.215842213797501
180.75,0.1,718.001140668719,0,0.901959885014063,0.000557371116202728,0.215218100101651
180.76,0.1,718.140491497753,0,0.903665172994085,0,0.215943549256525
180.77,0.1,718.279363264645,0,0.903398138251037,0,0.215010948943876
180.78,0.1,718.417750764578,0.00143200000543505,0.90326497870519,2.62710406348786e-05,0.214876702619343
180.79,0.1,718.555648813808,0.000201984175331131,0.905636570872346,0.000905719115137756,0.215809906770715
180.8,0.1,718.693052249833,0,0.905370291028442,0.00129466701412842,0.216093524161564
180.81,0.1,718.829955931543,0,0.905889024945193,0.00227423937024422,0.214277540226644
180.82,0.1,718.966354739386,0.00221318016666308,0.904698483773346,0.00198972894263319,0.215840465027434
180.83,0.1,719.102243575523,0,0.906980302869124,0,0.218513951110335
180.84,0.1,719.23761736398,0,0.905314756341053,0.00111459047818885,0.214084612295068
180.85,0.1,719.372471050812,0.00164534736906783,0.906891927989367,0,0.216145809758018
180.86,0.1,719.506799604247,0.00177391204611398,0.908084851289946,0.00173648628609733,0.214766760676952
180.87,0.1,719.640598014849,0.00178123023351913,0.906206134772569,0.000685608372345828,0.214593646891728
180.88,0.1,719.773861295662,0.00137495840037391,0.907209291720121,0,0.214540168969471
180.89,0.1,719.906584482367,8.47680949560584e-05,0.908304517480429,0,0.21569910357457
180.9,0.1,720.038762633426,0,0.909994508992752,0.00274427261544818,0.214663881514618
180.91,0.1,720.170390830237,0,0.906007530913472,0.000823010901816701,0.215890099996664
180.92,0.1,720.301464177279,0,0.910081437181097,0.00106303025760688,0.215409186912802
180.93,0.1,720.431977802258,0.00022015452191438,0.911183876896871,0.00258568551895449,0.21529745462263
180.94,0.1,720.561926856254,0.00171905253529561,0.90856936177992,0.000686076028045883,0.215994630767105
180.95,0.1,720.691306513867,0,0.910746748378361,0,0.217243957042791
180.96,0.1,720.820111973356,0,0.90758891027346,0.00338007389288975,0.215248397841717
180.97,0.1,720.948338456787,0,0.911415814412066,0,0.212607054548422
180.98,0.1,721.075981210172,0,0.911974344247205,0.000494004130009334,0.216294932971256
180.99,0.1,721.203035503612,0,0.908932527020757,0.000701986547217657,0.214759759076208
181,0.1,721.32949663143,0.000793570387669309,0.911880078424597,0,0.216868656341671
181.01,0.1,721.455359912318,0,0.912784685924855,0,0.213553512991253
181.02,0.1,721.580620689468,0.000769257892990781,0.911980374183423,0.00105138471881043,0.214251234939863
181.03,0.1,721.705274330712,1.10917635572905e-05,0.911839334725339,0.00181899479833739,0.215212580366924
181.04,0.1,721.829316228655,0.0015896796283684,0.913531992817969,0.000355302491245272,0.213980099183134
181.05,0.1,721.952741800812,0,0.914663734664851,0.00101246507409821,0.214690992159679
181.06,0.1,722.075546489739,0,0.91413207612823,0.000291185054628945,0.217387292523052
181.07,0.1,722.197725763165,0.000214100494067582,0.912068505514238,0,0.21499131457274
181.08,0.1,722.319275114126,0,0.915177887797253,0.00224902768964149,0.213762347798529
181.09,0.1,722.440190061093,0,0.915571980266731,0,0.213569025905067
181.1,0.1,722.560466148099,0,0.915596963531869,6.29577563465608e-05,0.217647348311497
181.11,0.1,722.680098944875,0,0.914765056480836,0,0.215381156407469
181.12,0.1,722.799084046967,0.000416340254095157,0.915262473221453,0,0.213750186310672
181.13,0.1,722.91741707587,0,0.914350784860527,0,0.216731917316698
181.14,0.1,722.59757159967,0.00129014430955776,0.915586616580152,0,0.21645744490909
181.15,0.1,718.18198936619,0.00132299463061581,0.916222906425803,0,0.212916247785261
181.16,0.1,715.707998829561,0.00035484591457522,0.920083299569769,0.000100929859835348,0.212433292510778
181.17,0.1,713.906826170261,0.00487807103435208,0.915078774456515,0,0.21418912718508
181.18,0.1,712.136401564999,0.00352285789097328,0.917385567235976,0,0.216363432246451
181.19,0.1,710.360878571121,0.00425705862550412,0.916695044660104,0.000375854280065531,0.215668293128948
181.2,0.1,708.584723963807,0.00455113448148667,0.917492305379322,0.00131921177723322,0.214731172480846
181.21,0.1,706.808495874829,0.00562376106264859,0.918029502633303,0,0.214763614545378
181.22,0.1,705.032158413343,0.00536718289213562,0.917822931622835,0.00118640384201886,0.215102804896966
181.23,0.1,703.25568477675,0.00468409459040656,0.921143087822627,0,0.216671801282122
181.24,0.1,701.479055095501,0.00685911456355034,0.918250216962506,0,0.214654160651538
181.25,0.1,699.70225039364,0.00957516344094221,0.918983878867287,0.00106323967651218,0.214768780917644
181.26,0.1,697.925252304915,0.00894839327561188,0.916981165966816,0,0.218696737552408
181.27,0.1,696.148043115044,0.00714568515705617,0.917680745088915,0.000362660696391377,0.216304240495199
181.28,0.1,694.37060576366,0.0103114306936681,0.92119471984525,0.0017789788818037,0.214204297468487
181.29,0.1,692.592923841048,0.0102855339239871,0.924400839468979,0.000830892804468902,0.214645205404073
181.3,0.1,690.814981584977,0.00980234958664041,0.920101639707055,0.00323780473525919,0.216323631886311
181.31,0.1,689.036763877561,0.0107880313091703,0.918300024457217,0,0.214569486467994
181.32,0.1,687.258256242107,0.0106728842408969,0.922342868061354,0,0.213236237365479
181.33,0.1,685.479444839929,0.00889911065865537,0.922416197709702,0.00223573246472632,0.21531857672693
181.34,0.1,683.700316467124,0.0130282539163704,0.920905400731103,0.00200556221691315,0.215827135036981
181.35,0.1,681.920858551332,0.0143194143860838,0.923549544703732,0,0.215226844171759
181.36,0.1,680.141059148462,0.0131334698825376,0.920773926463919,0,0.215459497607237
181.37,0.1,678.360906939391,0.0128811273609527,0.92282290431891,0,0.213223850672002
181.38,0.1,676.580391226623,0.0144877364997191,0.921943196683061,0,0.215859493786145
181.39,0.1,674.799501930941,0.0102754159351085,0.924327848236396,0.00105739528031138,0.2173124646329
181.4,0.1,673.018229588006,0.0132147213026102,0.924601892663276,0.00185927315239885,0.215770592345393
181.41,0.1,671.236565344931,0.0142074876691331,0.923322928367026,0.000488238306214556,0.213836834871412
181.42,0.1,669.454500956845,0.0148379403470804,0.922360547489474,0.000160001153920102,0.21727759204323
181.43,0.1,667.672028783397,0.0169028194146668,0.925115168110321,0,0.212740492476971
181.44,0.1,665.889141785248,0.0148200866144435,0.926592412225284,0,0.21491651002806
181.45,0.1,664.105833520529,0.0163577485005821,0.926905955018477,0.000814514456748137,0.216691249743284
181.46,0.1,662.322098141269,0.0164615542552075,0.925155052228719,0.00117707671803187,0.215296877776888
181.47,0.1,660.537930389784,0.0169434809916328,0.924269093896995,0,0.218113696888216
181.48,0.1,658.753325595051,0.0189403325672825,0.926048525196925,0,0.213336880627423
181.49,0.1,656.968279669033,0.0207064162017658,0.925935149813848,0,0.214378431832171
181.5,0.1,655.182789102987,0.0192176550346851,0.924824522498185,0.00167270560088747,0.217141119584211
181.51,0.1,653.396850963734,0.0203886582899739,0.924247505102409,0,0.212279046441392
181.52,0.1,651.610462889903,0.0214734318403834,0.926185360845572,0,0.216804847152031
181.53,0.1,649.823623088132,0.0220627445534076,0.926537003371509,0.00232495573422381,0.216845591213729
181.54,0.1,648.036330329255,0.0219106369814755,0.926906651456525,0.00290199103647689,0.215917419719984
181.55,0.1,646.248583944448,0.0223520577360224,0.927933263147448,0.0024965456313683,0.215838997982037
181.56,0.1,644.460383821341,0.0244483361013827,0.927135137555626,0.00167936006764798,0.218373351174022
181.57,0.1,642.671730400105,0.0209992311137575,0.925808115367531,0.00260416069332908,0.215152135577281
181.58,0.1,640.88262466951,0.0238011254773772,0.92658088815269,6.46817016494302e-06,0.216209302203077
181.59,0.1,639.093068162945,0.0272619327891269,0.927455735490484,0,0.212844008816066
181.6,0.1,637.303062954407,0.0258881465882376,0.929256780257517,0,0.2164060642514
181.61,0.1,635.512611654472,0.0256817594519801,0.92978186303679,0,0.215545802062263
181.62,0.1,633.721717406215,0.0265044258983491,0.928833016369097,0.00135600181323919,0.216908573695945
181.63,0.1,631.93038388112,0.0269070491562445,0.927987852680453,0.00155522712844677,0.216274256617923
181.64,0.1,630.138615274942,0.0287311422765293,0.931118153281201,0.00147875668186605,0.213755712633864
181.65,0.1,628.346416303554,0.0262242552330197,0.928735490165327,0.00122489531710604,0.214623352349665
181.66,0.1,626.553792198748,0.0292559008563057,0.929351043720537,0,0.214894578422909
181.67,0.1,624.760748704026,0.0310049760489685,0.927180170212684,0,0.213342053175005
181.68,0.1,622.967292070339,0.0283830150152941,0.929339024596371,0.000188630537488562,0.213721653685198
181.69,0.1,621.17342905181,0.0322038972423162,0.928492284310389,0.00022667447756881,0.214107033690699
181.7,0.1,619.37916690143,0.032926725625272,0.928379102052442,0.000736245023673324,0.21357077984786
181.71,0.1,617.584513366716,0.0316191364282122,0.927544320932451,0.000358158058106869,0.213079829804888
181.72,0.1,615.789476685338,0.0313642220927496,0.931281363657859,0,0.216723380816234
181.73,0.1,613.994065580732,0.0313295185814812,0.927596329745844,0,0.214486806902403
181.74,0.1,612.198289257673,0.0336819162224548,0.932232893249846,0.000813670775349094,0.215377543602554
181.75,0.1,610.402157397813,0.0326696270851458,0.933345144117922,0,0.213647027791015
181.76,0.1,608.605680155214,0.0327527761612562,0.930513940409398,0.000805455825118902,0.213907551655386
181.77,0.1,606.808868151835,0.0350859330799719,0.930560343119815,0,0.216723746668939
181.78,0.1,605.011732472988,0.0377287879288078,0.930788083781731,0.000733836768256891,0.214829594572696
181.79,0.1,603.214284662785,0.0352852891268761,0.932422557756551,0.000452835374912608,0.215242817269027
181.8,0.1,601.416536719546,0.0360714250350188,0.931934058013267,0,0.214134577394757
181.81,0.1,599.618501091176,0.0379604685290061,0.932420874981074,0.000884096375666529,0.21595564572819
181.82,0.1,597.820190670534,0.0359628128211685,0.932281966753923,0.00255965038904416,0.217721530249786
181.83,0.1,596.021618790761,0.0376604681508173,0.933841937421839,0.00261861854779341,0.216707406219332
181.84,0.1,594.222799220581,0.0400795749286809,0.932168343016187,0.00073620765503768,0.214280412853271
181.85,0.1,592.423746159591,0.0402791361982069,0.932567616206295,0,0.216901917734997
181.86,0.1,590.624474233514,0.0397764786689311,0.933664657106088,0.00148775356723611,0.216251832461887
181.87,0.1,588.824998489433,0.0420459276661808,0.932220950995205,0.00255356686689885,0.215259430924251
181.88,0.1,587.025334391,0.0427949199000009,0.931770109042598,0,0.213051016372218
181.89,0.1,585.225497813626,0.0427297675072044,0.934983755930344,0,0.215713998506818
181.9,0.1,583.425505039637,0.0412860546222739,0.932700958363311,0,0.214580707040678
181.91,0.1,581.625372753418,0.0448186178214654,0.935077216470605,0.000596648992593093,0.213583755170495
181.92,0.1,579.825118036535,0.0450887545652776,0.934784121545264,0,0.216709659905075
181.93,0.1,578.024758362827,0.0456485306617983,0.934768820392059,1.7440651676838e-05,0.216974768249664
181.94,0.1,576.224311593483,0.0447302566015536,0.933039899536885,0,0.21421739086621
181.95,0.1,574.423795972097,0.045203024152598,0.9360700109226,0.00181625047638033,0.214317356164155
181.96,0.1,572.623230119706,0.0467364678142991,0.93591675382547,0.00086839154968941,0.214398411833774
181.97,0.1,570.822633029802,0.0461868392516032,0.930419528887549,0,0.214343991951778
181.98,0.1,569.022024063329,0.0496091442321489,0.933579607059217,0,0.214659647374822
181.99,0.1,567.22142294366,0.0496898684629409,0.934980552761179,0.00234323768156888,0.215216071860405
182,0.1,565.420849751556,0.0483978937003917,0.933459294877318,0,0.210262143537324
182.01,0.1,563.620324920108,0.0505820826027225,0.934181463396517,0.000307071429115076,0.214438357984427
182.02,0.1,561.819869229666,0.0498846916356592,0.936370747429821,0,0.216743208480218
182.03,0.1,560.019503802737,0.0509420152032519,0.935233787139967,0.00160446910013367,0.21735889197915
182.04,0.1,558.219250098887,0.0502585543509877,0.934314947435672,0,0.216414800467456
182.05,0.1,556.41912990961,0.051380782890616,0.934370197415386,0,0.215670761909121
182.06,0.1,554.619165353197,0.051961340671163,0.935518091201806,0,0.215999231838473
182.07,0.1,552.819378869574,0.0525092693429269,0.933113773543884,0,0.216156570231902
182.08,0.1,551.019793215142,0.0551614569696966,0.935515688417655,0.00168254156666792,0.213347066087496
182.09,0.1,549.220431457598,0.0515408429948019,0.933028857775035,0,0.212140747551411
182.1,0.1,547.421316970737,0.0539191320612116,0.932424797368622,0,0.215323783259273
182.11,0.1,545.622473429255,0.0543570803165821,0.937278135605095,0,0.216636859227163
182.12,0.1,543.823924803526,0.0553628403840387,0.936666263551329,0,0.217155138721105
182.13,0.1,542.02569535438,0.0571473076477869,0.939734223544738,0.00227822437162195,0.213947809192555
182.14,0.1,540.227809627867,0.0579787496291862,0.934403071279495,0,0.214142788346675
182.15,0.1,538.430292450009,0.0571865654160987,0.934053860192012,0,0.214228817520053
182.16,0.1,536.633168921544,0.0591561491956195,0.935398912825024,0,0.213995794597671
182.17,0.1,534.836464412666,0.0580700920782769,0.935810999812699,0.00106746742504154,0.215925200935314
182.18,0.1,533.040204557752,0.0607093653438359,0.936007929975783,0.000552627131305314,0.2149486830447
182.19,0.1,531.244415250081,0.0621395721422338,0.935687507233871,0.00251876546037664,0.21374034981546
182.2,0.1,529.449122636555,0.0633806194546087,0.938182481111579,6.12947766429595e-05,0.214572531159026
182.21,0.1,527.654353112408,0.0641691380067066,0.93536410183776,0,0.215544710927149
182.22,0.1,525.860133315905,0.0636779150710782,0.936536090398628,0,0.212492064388541
182.23,0.1,524.066490123049,0.0637233849255628,0.93748546913785,0.00117970065193051,0.212557399609137
182.24,0.1,522.273450642278,0.0648959960214291,0.936743408811612,0.000479514422570625,0.21612767986093
182.25,0.1,520.48104220915,0.0653150354295273,0.935745734537068,0.000884036457190272,0.2135779986159
182.26,0.1,518.689292381043,0.0660619416375626,0.939089069202009,9.39853435021169e-05,0.21580548039513
182.27,0.1,516.898228931842,0.0666255259281589,0.938918200557134,0.000385645317218014,0.211834538170619
182.28,0.1,515.107879846624,0.0694271301486482,0.937321412362695,0.00140308096329793,0.212826013658144
182.29,0.1,513.318273316348,0.0667117109929978,0.937807633633118,0.000164259635443477,0.214492062220518
182.3,0.1,511.529437732544,0.067960802740352,0.940129028791126,0,0.214852722236948
182.31,0.1,509.741401682,0.0681195447371158,0.936472139111265,0.000163550462551696,0.214913693341691
182.32,0.1,507.954193941454,0.0700833068190384,0.936519662202498,0,0.215451322079941
182.33,0.1,506.167843472285,0.0713165450385533,0.934384652905892,0,0.215362013281016
182.34,0.1,504.382379415211,0.0712941060609172,0.93808301075271,0,0.21716317895109
182.35,0.1,502.597831084986,0.0713408468022138,0.936517982967791,0,0.215625050605587
182.36,0.1,500.814227965107,0.0726158227878539,0.934934047143672,0,0.214596089216002
182.37,0.1,499.031599702517,0.072058697624632,0.937195469770186,0.000304191042937697,0.213351443048183
182.38,0.1,497.249976102329,0.0728542569653702,0.937601002046578,0.000685423617329552,0.216456701641359
182.39,0.1,495.469387122534,0.0730040091777246,0.936969420762816,0.000885589100374309,0.212562286050949
182.4,0.1,493.689862868743,0.0740240774766509,0.93784143646678,0.000511084065230306,0.21541803587142
182.41,0.1,491.911433588912,0.0728954587583848,0.935731626605357,6.23727272514752e-05,0.213621323066545
182.42,0.1,490.13412966809,0.0756018083707695,0.938024222161551,0.000334319290663093,0.216812640982886
182.43,0.1,488.357981623175,0.0766189801555595,0.937525312285492,0.00150902737681354,0.215012557969533
182.44,0.1,486.583020097671,0.0793843560656833,0.936891443092652,0.00165509496214963,0.216193223235896
182.45,0.1,484.809275856468,0.0796343780817125,0.937705747618272,0.00141684584901575,0.212898395512577
182.46,0.1,483.036779780623,0.0793503279926659,0.938221072854871,0.00103491991811325,0.215567164143145
182.47,0.1,481.265562862158,0.0793845936143687,0.93841120595596,0,0.215277038499334
182.48,0.1,479.49565619887,0.0817633697463869,0.937098083395147,0.00159116780251955,0.217229893420534
182.49,0.1,477.727090989152,0.0815196186518383,0.938051654573215,0.00113353052414205,0.218783375349664
182.5,0.1,475.959898526833,0.0818900714075807,0.937738478479783,0,0.214390641342681
182.51,0.1,474.194110196022,0.082962993841964,0.938328105484555,0.000627269035633623,0.211185333681946
182.52,0.1,472.429757465984,0.0845810528215896,0.93953835671699,0,0.212824642979955
182.53,0.1,470.666871886013,0.0824881815339148,0.940426062450497,0,0.217072664094032
182.54,0.1,468.905485080339,0.0833707953394837,0.936966914911855,0.000526381032972236,0.214511850178073
182.55,0.1,467.145628743038,0.0854717582644131,0.937320439183809,0,0.214600292332515
182.56,0.1,465.387334632971,0.0847218856536827,0.938014628438077,0,0.215143454831422
182.57,0.1,463.83398282329,0.0860923373558982,0.938919592517082,0,0.216582206608173
182.58,0.1,462.507038044892,0.0864190979874872,0.936485686989891,0,0.21522855404013
182.59,0.1,461.193030705653,0.0901061766516483,0.93658064103222,0,0.215646006024248
182.6,0.1,459.965107410349,0.0887719055385137,0.937221449035407,0,0.214663661956189
182.61,0.1,459.354805030464,0.0847479930301594,0.936216080748361,0.000110075079614042,0.214753510989921
182.62,0.1,458.892083880335,0.089413914499256,0.937964427579538,0,0.215686297963843
182.63,0.1,458.422080851912,0.0890283302441104,0.940126954612301,0.000252779421419473,0.216528852983295
182.64,0.1,458.110974282967,0.0863548356933219,0.939224583483894,0,0.21554052179913
182.65,0.1,457.979098029927,0.0912125585364907,0.937657955859022,0,0.214104967379115
182.66,0.1,457.852980760105,0.0892840679809838,0.940048082239204,0,0.213501533376655
182.67,0.1,457.719362770313,0.0867940069289061,0.936789451630647,0.000879636977122164,0.213540382348705
182.68,0.1,457.580637226626,0.0871946656046559,0.937584175856221,0,0.214809166033847
182.69,0.1,457.436027306099,0.088117953758605,0.93426865650126,0,0.215021507965198
182.7,0.1,457.28522337395,0.0905763686264975,0.936926574983769,0,0.213672521200323
182.71,0.1,457.128814360012,0.0910220469743711,0.935988780602359,0,0.21391358884938
182.72,0.1,456.966880500956,0.0905615299929412,0.934777705477003,0,0.214536534204252
182.73,0.1,456.798827172251,0.0906155729139731,0.934464050248031,0,0.214986718295069
182.74,0.1,456.624766759246,0.0907058676639767,0.936212229474579,0.000109751399853997,0.215428180562968
182.75,0.1,456.44559109137,0.0911343289018908,0.935750467519923,0,0.217707359146529
182.76,0.1,456.260541240256,0.0883870963916158,0.936156522512614,0,0.216550353481081
182.77,0.1,456.069375250814,0.087924382979489,0.937765417799642,0,0.21559917573156
182.78,0.1,455.872857944526,0.0883562277534041,0.935809299967983,0.00269533600566289,0.214990893619478
182.79,0.1,455.671091510827,0.0888875450655751,0.933719823140021,0.00012849034294912,0.216318605873968
182.8,0.1,455.46330544893,0.0883505929880336,0.936594597510765,0,0.217083289264731
182.81,0.1,455.249647251541,0.0892931259186714,0.937497261884655,9.06475489970857e-05,0.214907011156237
182.82,0.1,455.031284979057,0.0916692571663608,0.937611325555349,0,0.217348366400584
182.83,0.1,454.807222796776,0.0894926642664367,0.935668550809015,0,0.215192883776175
182.84,0.1,454.577142520557,0.0896335766339226,0.936319052710232,0.000695394722371016,0.215817786654469
182.85,0.1,454.342003925529,0.0903060241402828,0.933390131167024,0,0.217065697501921
182.86,0.1,454.101934643402,0.0896205567414158,0.935767373559277,0,0.214776249655126
182.87,0.1,453.855966529505,0.0898558033360591,0.936113012908071,0.000881609306562606,0.215905492287785
182.88,0.1,453.604279927918,0.0912030195844161,0.933826180222869,0,0.21445240023351
182.89,0.1,453.348316561406,0.088276134636536,0.936074375803977,0.000429897319253328,0.213049329154549
182.9,0.1,453.086845770296,0.0894857850495663,0.937724061680585,0,0.214877038777327
182.91,0.1,452.81947372743,0.0893997667745633,0.935708486070962,0,0.215680634671285
182.92,0.1,452.547339865251,0.0927891561645193,0.936871525543864,0,0.215137269883185
182.93,0.1,452.270595328135,0.0913474436831165,0.936340700929214,0,0.215220291152433
182.94,0.1,451.988089967316,0.094632467326254,0.936652710190291,0,0.215589639235107
182.95,0.1,451.700026761616,0.0914828376752618,0.935024755897746,0,0.213693119396953
182.96,0.1,451.408053984745,0.0922425092820717,0.934436471394479,0.00247689538241972,0.21375447628379
182.97,0.1,451.110764916915,0.0907454918475436,0.934446951386831,0,0.219492585730679
182.98,0.1,450.807709371248,0.0899464082746314,0.933222023335077,0.000843200908022815,0.211527341430978
182.99,0.1,450.50019309409,0.0924046131478311,0.933280961561256,0,0.217188630944278
183,0.1,450.188388881191,0.0889126105662211,0.935706869378992,0,0.216012638851705
183.01,0.1,449.870978142002,0.0924309279722975,0.934879274212337,0,0.212140133639486
183.02,0.1,449.548181885114,0.0932678721519843,0.931838208857181,0.000457307352152074,0.216662566011396
183.03,0.1,449.221822111953,0.0931073411187947,0.933568641655054,0.00048612982436641,0.215872556404131
183.04,0.1,448.890344591356,0.0904130671073289,0.933800995006209,0.00082797863073659,0.215365263997976
183.05,0.1,448.55325206668,0.0934936274693574,0.934891060779562,0,0.212730646550278
183.06,0.1,448.211969761824,0.0934195438801839,0.933662961379167,0.000233594640927877,0.213753420711801
183.07,0.1,447.866686559673,0.0953973517503594,0.932462776890063,0.00151980442613087,0.214669486168706
183.08,0.1,447.51596397793,0.0936500726326514,0.936020294695332,0,0.215821203535804
183.09,0.1,447.160046932992,0.0969458125556397,0.93631227599321,0.000711690327534003,0.21624404371076
183.1,0.1,446.800944162216,0.092066058567656,0.932201319356209,0.000903166976260989,0.214363442917643
183.11,0.1,446.436941754392,0.0929365683446437,0.935465626343827,0,0.21419973098532
183.12,0.1,446.067491229985,0.0946783134117132,0.933898651505349,0.00256196436106185,0.214481801630344
183.13,0.1,445.694159587539,0.0940713180618932,0.929223942676649,0,0.214398710243417
183.14,0.1,445.317154240248,0.0929818311941636,0.934909637481638,0,0.215923838464418
183.15,0.1,444.934893117641,0.0965058046687833,0.932831604095249,0.000223183982175828,0.213368619003943
183.16,0.1,444.5476341809,0.0942483243974024,0.932502638752201,0,0.216971863969749
183.17,0.1,444.157520551724,0.0974285634801291,0.930752791178401,0.000869219620723292,0.213236292822625
183.18,0.1,443.762724624736,0.0953634638634865,0.931082630078995,0,0.21499799557672
183.19,0.1,443.362661709927,0.094229010597402,0.933044693577622,0.00252101035975151,0.215185290082725
183.2,0.1,442.958960513573,0.0964930692954174,0.931438171451525,0,0.214909252014159
183.21,0.1,442.551837523453,0.0944880857354742,0.928865411630961,0.0022824697716225,0.215784471923552
183.22,0.1,442.139650276288,0.0949917242891076,0.929133945139369,0,0.215796370106088
183.23,0.1,441.72267500575,0.0960288715418362,0.932639471521205,0,0.214376131268987
183.24,0.1,441.303182320668,0.0960372916091183,0.929802210115879,0.00123631176563192,0.215907937163785
183.25,0.1,440.87923612372,0.0957465354071153,0.932064510547284,0.000618707668315317,0.212025363306515
183.26,0.1,440.450217076896,0.096531198843155,0.931480910090376,0,0.214859861354389
183.27,0.1,440.017876421632,0.0965585989373849,0.929502334268866,0.00113135060098082,0.216425870060383
183.28,0.1,439.582446570221,0.0965611914476962,0.931532318506598,9.24711915782064e-05,0.214732279783878
183.29,0.1,439.142160702993,0.097560178929679,0.928922845207542,0,0.214114803317924
183.3,0.1,438.697313476427,0.0984882099850805,0.929065904596853,0,0.214512186935719
183.31,0.1,438.250334811641,0.0960044495204301,0.928252805336277,0,0.214300326111798
183.32,0.1,437.799152195365,0.0935051341374272,0.929088186215704,0.000591242126366082,0.212810838054336
183.33,0.1,437.343102199353,0.0955091830615093,0.929343461379902,0.00210698122939811,0.215216110606462
183.34,0.1,436.88403503454,0.095905714248624,0.929438949229717,0.000113089099145806,0.216306171816501
183.35,0.1,436.422196339115,0.0999564856829441,0.928235255147072,0,0.214033525170904
183.36,0.1,435.955719123781,0.0972529453939012,0.930697333932001,0.000209664769122824,0.213500339388704
183.37,0.1,435.48490948817,0.099556324117194,0.928128512911978,0.00013428694433592,0.213297518893365
183.38,0.1,435.012305168427,0.0982686146088679,0.929423321146197,0,0.218194380572119
183.39,0.1,434.53574223265,0.0970262773453259,0.926923356276991,0,0.219311422870788
183.4,0.1,434.054527829205,0.098390984634001,0.929988113854035,0,0.214193318453597
183.41,0.1,433.570607500883,0.0988516277943009,0.927652523006539,0.000882244721155888,0.213953444375114
183.42,0.1,433.084239463272,0.101496961432141,0.926234986651677,0.00114517886191986,0.215144074822973
183.43,0.1,432.593459897047,0.0986561281769851,0.92646087253493,0,0.212787573601565
183.44,0.1,432.107250839452,0.0992850324756526,0.927284014233616,0.0007585744373684,0.214691580502076
183.45,0.1,431.679562153681,0.101040698879213,0.926880622318876,0,0.214518376818713
183.46,0.1,431.262829775593,0.101654942064727,0.923916425631268,0.00120169413737282,0.216495788395937
183.47,0.1,430.841346977111,0.100568722527992,0.921733117056259,0.00304291894808972,0.216230819961445
183.48,0.1,430.471574231567,0.0988104691713092,0.924718671091288,0,0.2177810564111
183.49,0.1,430.160162570122,0.0994151955322405,0.928035711497317,3.86022882355256e-05,0.216089222419334
183.5,0.1,429.848149800841,0.0979255221064819,0.928822691937561,0,0.212522260558114
183.51,0.1,429.540354520128,0.0997343113450014,0.926133399813288,0,0.214052971088226
183.52,0.1,429.292926767921,0.100020914260307,0.92384303857691,0.000161381317084508,0.213867602020091
183.53,0.1,429.056876307067,0.100457294608275,0.926083682311192,0.00216820321093228,0.213098609303816
183.54,0.1,428.815967510833,0.099880898866788,0.924133135436945,0,0.213655322124073
183.55,0.1,428.599859584422,0.0994729604052004,0.922547851177524,0.000456223818203434,0.216247668956197
183.56,0.1,428.412186492477,0.101836679190954,0.923173998685587,0,0.215908883821197
183.57,0.1,428.221999211325,0.0983370622779409,0.926687456144809,0,0.21227024223891
183.58,0.1,428.031855057011,0.0989168360578999,0.921895375856406,0.000880247996357193,0.214630485025787
183.59,0.1,427.871439705889,0.101577055783381,0.921737849199104,0,0.215576033162213
183.6,0.1,427.714912645675,0.0994234103424056,0.923999478727296,0,0.214076837836266
183.61,0.1,427.553695473813,0.101214263760915,0.924818535394019,0,0.217448343753299
183.62,0.1,427.403958705207,0.101543048195963,0.9238566676039,0.000708982234933672,0.212628353108088
183.63,0.1,427.267715528103,0.103767980737907,0.926388272599301,0,0.214096745807772
183.64,0.1,427.128107519164,0.0997539945646776,0.924288944074596,0,0.213200952763946
183.65,0.1,426.986774845092,0.100199570805454,0.921820031495379,0.000912182729103687,0.216496450225606
183.66,0.1,426.861360838576,0.100295813595878,0.923221296200429,0.00126336471988374,0.216369540561732
183.67,0.1,426.736534028884,0.0985213109361767,0.921614874747409,0,0.216266492120216
183.68,0.1,426.607197937682,0.0990289044098593,0.921094422242847,0,0.215742818506842
183.69,0.1,426.484346245354,0.101069797281712,0.9211981082725,0,0.215545530924238
183.7,0.1,426.369363326873,0.101894963608463,0.918976166173365,0.00038288557471812,0.216367169030451
183.71,0.1,426.250798090991,0.100796497097748,0.921666842282723,0.000199060908294189,0.212733982869073
183.72,0.1,426.129850457061,0.0996615872711474,0.920550709437616,0,0.21629319871046
183.73,0.1,426.019018668641,0.10067979936504,0.919921471836389,0.000265473258777486,0.213415474497644
183.74,0.1,425.907465576575,0.0990712193304534,0.920323015364418,0,0.213414481138036
183.75,0.1,425.791583465545,0.100281476240371,0.921081714371709,0.00160676611147098,0.216086428239227
183.76,0.1,425.67974180915,0.101430783414597,0.917239712073492,0.0022217387382911,0.214493929890386
183.77,0.1,425.573009412103,0.101876650308292,0.918161115182072,0.00155033778840679,0.215111345526808
183.78,0.1,425.462676460748,0.101914459488821,0.918063501059922,0.00248084072408791,0.21314546576098
183.79,0.1,425.349739003007,0.101436544219048,0.917214859152237,0,0.215382511858154
183.8,0.1,425.244202811841,0.101551521598368,0.918782361683895,0,0.213886761672932
183.81,0.1,425.137409310772,0.101832945028484,0.915475985844092,0.00160408705072131,0.214594856104974
183.82,0.1,425.026471109383,0.101120864949336,0.917583609715752,0.000645593022544369,0.213607342062016
183.83,0.1,424.918070616986,0.102417394253044,0.914810187197215,0,0.215820861366911
183.84,0.1,424.81307603146,0.101456662774118,0.91416448106814,0,0.214372297511164
183.85,0.1,424.704540331799,0.101935209541673,0.916731717281946,0.000395201372265236,0.215371862939246
183.86,0.1,424.593365428282,0.100437978745942,0.916974867935115,0.00195817105946932,0.212198347257959
183.87,0.1,424.488172853546,0.100445611716356,0.916751762687893,0.000759652093617883,0.216013560668585
183.88,0.1,424.381514733854,0.101072074319557,0.914664234274185,0,0.216900746998134
183.89,0.1,424.27090247526,0.0999565807607644,0.915330240071851,0.000993384695456543,0.216078692673137
183.9,0.1,424.162439334894,0.0994811908801146,0.913896798932103,0.00138603795372274,0.215773748304081
183.91,0.1,424.056928425138,0.102146552455608,0.915563662724756,0,0.215850267440027
183.92,0.1,423.948026506579,0.101557117614288,0.91337497583572,0.00163870510508736,0.214252464830626
183.93,0.1,423.836499182947,0.102324079979589,0.913669650333553,0.000170707643476065,0.215698527812247
183.94,0.1,423.729887973587,0.101836166974969,0.912615251344039,0,0.216490668327349
183.95,0.1,423.621695682317,0.102790831120567,0.912230920355359,0.00124190802938705,0.213917562475529
183.96,0.1,423.509746717563,0.10187749752543,0.914316481595166,0.00105410281424494,0.213161432346547
183.97,0.1,423.399227231125,0.100973816400315,0.91375738972956,0.000563015076551881,0.215599378317058
183.98,0.1,423.29083247562,0.0999910650939455,0.911767425901581,0.00033691186546303,0.216214637128995
183.99,0.1,423.179178047748,0.101729887879175,0.912157783290935,0.000386260656463719,0.215980586879913
184,0.1,423.064970883211,0.102081103405706,0.914111695898128,0,0.213218646093636
184.01,0.1,422.954954389349,0.100470628800109,0.911233136414305,0.000633112195417336,0.215537725694925
184.02,0.1,422.843331135885,0.0991143469372193,0.912765510023216,0.00028831252623428,0.215366380201745
184.03,0.1,422.728155640398,0.101508663512702,0.909833713722185,0,0.21430872457235
184.04,0.1,422.615031166086,0.0997474222949686,0.909861176268736,0,0.214996745103969
184.05,0.1,422.50471203382,0.102131155729275,0.910798001341218,0.00268909351012453,0.216159605360917
184.06,0.1,422.391373985332,0.100895552089446,0.912070750065062,0.00141695519416883,0.214931680736257
184.07,0.1,422.275822243772,0.103695666705916,0.908949823943781,0,0.214953189132304
184.08,0.1,422.165628778367,0.101542108261906,0.909674698969595,0.000918225645606668,0.217683491696411
184.09,0.1,422.054284719412,0.10068868474112,0.90675431222147,0,0.213790715785563
184.1,0.1,421.939595762915,0.100636936553788,0.908084486958146,0,0.215611245414878
184.11,0.1,421.826341259329,0.103263526843545,0.909016359745782,8.37766508862523e-05,0.216915032031448
184.12,0.1,421.715182141458,0.102337546104624,0.905077601089735,6.76475449489047e-05,0.214325466298689
184.13,0.1,421.601154151533,0.100127571537262,0.907271123133809,0,0.213811625365881
184.14,0.1,421.484996465683,0.101968754936514,0.906400307656959,0.000765919035114252,0.216829130660143
184.15,0.1,421.373480841996,0.103345950683923,0.904997083622804,0.000850417182585995,0.213890564350244
184.16,0.1,421.260799476242,0.10110194648139,0.907123707402734,0,0.21499276477747
184.17,0.1,421.144989639367,0.100949827121028,0.90264497156954,0,0.21677750267366
184.18,0.1,421.031214358431,0.103035241727125,0.906975967199557,0.000591403408357176,0.213692580496348
184.19,0.1,420.920190412342,0.103366449895775,0.905527733676285,0.00212640855030458,0.214264143950099
184.2,0.1,420.806548254764,0.102202247484727,0.905887959045134,0.000282332269825487,0.213995057516337
184.21,0.1,420.691011446724,0.100832639235093,0.904245757587121,0.00133580555434218,0.216684424442593
184.22,0.1,420.580488297241,0.103001419677496,0.903927415060455,0.000913470037784202,0.214031147311924
184.23,0.1,420.469063960329,0.100782902365878,0.903612068617599,0,0.216630678020022
184.24,0.1,420.35473145621,0.101088622221379,0.902641632715086,0.000906303989772426,0.216275996857437
184.25,0.1,420.242725128261,0.10308865888901,0.904443682980528,0,0.215093232677108
184.26,0.1,420.133780897378,0.101591376137792,0.901804754997677,0,0.217163214724539
184.27,0.1,420.022449971368,0.102281681826799,0.902273149401168,0,0.214123011807362
184.28,0.1,419.909442430224,0.102975936610997,0.904350914727467,0,0.216078113272907
184.29,0.1,419.801653896224,0.101882630792786,0.902441809389303,0,0.214305459709476
184.3,0.1,419.693190372975,0.0997328778998634,0.902887398738581,0,0.215651098514616
184.31,0.1,419.582044119519,0.103571603281765,0.901429101776627,0.000948136247319464,0.214377459979522
184.32,0.1,419.472935538399,0.10241413620792,0.902313369538528,0.00133809003161597,0.213674310354322
184.33,0.1,419.366541972246,0.103443196411111,0.901909885093532,0,0.214477540908758
184.34,0.1,419.257950966751,0.106704173960258,0.900987071283739,0,0.215603004716364
184.35,0.1,419.147696989383,0.10285959702858,0.898981345586551,0,0.216085681614996
184.36,0.1,419.041375423357,0.101346808287142,0.900037358205258,0.00133383778056755,0.213981052814473
184.37,0.1,418.934226651418,0.103309719163804,0.896639227431089,0,0.216934757018244
184.38,0.1,418.82462686648,0.104131977065377,0.902466709319438,0.00116789827020121,0.215365236243237
184.39,0.1,418.716518969121,0.100254574910548,0.896623185635856,0,0.215219245031687
184.4,0.1,418.610480611955,0.103365132020995,0.896537036139022,0,0.216068332811966
184.41,0.1,418.502416957735,0.0991003093134828,0.900989942992952,0,0.214429958123701
184.42,0.1,418.392959509247,0.100911277217983,0.896212763175173,0.00163701746571188,0.214690029533043
184.43,0.1,418.287882608968,0.0998321887944906,0.897553585271901,0,0.214881146013809
184.44,0.1,418.182273683305,0.103321985211918,0.897637833705189,0.000673413489356287,0.216480885758062
184.45,0.1,418.074449469039,0.103123796211257,0.895689049158954,0,0.213000156125957
184.46,0.1,417.968144436552,0.101564409257622,0.897248995748621,0.000492006267857679,0.214100919931703
184.47,0.1,417.86391612261,0.103799299611518,0.89613026483137,0.000382746440303896,0.216937575158898
184.48,0.1,417.75788533691,0.101799973753054,0.894152380536486,0,0.215659625854082
184.49,0.1,417.650489730543,0.1012770288999,0.892210781359379,0,0.21531342396395
184.5,0.1,417.54625033961,0.104591528774316,0.894526458992671,0,0.212315419001209
184.51,0.1,417.441346085379,0.102832571398057,0.893041591804324,0.000370243616565783,0.214795063627389
184.52,0.1,417.334466950427,0.102710178227035,0.89316569311628,0,0.217524692112747
184.53,0.1,417.228076470193,0.102451367295048,0.892559247944751,0,0.213918049516861
184.54,0.1,417.122559893716,0.100975237011228,0.889653370767861,0,0.214854694646687
184.55,0.1,417.015378401333,0.105279618137932,0.890444019521896,0.00145013049675526,0.215531639237564
184.56,0.1,416.906995644389,0.102196607968867,0.893177952978842,0,0.213405481270283
184.57,0.1,416.80139382978,0.102476636643053,0.890327130165395,0.000592145236608517,0.213409735309264
184.58,0.1,416.695214984711,0.102536617501422,0.891663689610393,0.00111808390601532,0.214321777982092
184.59,0.1,416.587306078719,0.102442724084073,0.889755150750065,6.28254894098913e-05,0.214600000715824
184.6,0.1,416.48040345972,0.105739313125595,0.893495034603028,0.000112750630535865,0.218371034696626
184.61,0.1,416.374933988772,0.103627826285344,0.887106161169252,0,0.215166154858022
184.62,0.1,416.268070470921,0.101369338572503,0.888031519795297,0.000549997903293918,0.217027676229343
184.63,0.1,416.160205753291,0.102150444779986,0.891272693713861,0,0.21492892037855
184.64,0.1,416.055067041382,0.103747129931107,0.888949005781136,0.00318418955344641,0.213691082374721
184.65,0.1,415.949524240657,0.101888043604317,0.889229035096934,0,0.214898740052323
184.66,0.1,415.842499255176,0.101048217528798,0.887670842208925,0.00164888513838226,0.214201502953341
184.67,0.1,415.737087097265,0.100753305441392,0.887284809878739,0.00136600209569679,0.21352033011576
184.68,0.1,415.633770353735,0.102635807967634,0.88782097201786,0.000890591861191349,0.214069008228335
184.69,0.1,415.529341451212,0.100259033199687,0.886345508213714,0,0.214474932546583
184.7,0.1,415.424224250777,0.103634950724202,0.888376373068044,0,0.215975065001127
184.71,0.1,415.322556706192,0.102335843370515,0.88672382354889,0,0.213298143851326
184.72,0.1,415.220862901427,0.100164775044506,0.887167226074635,0.000786923953048486,0.216928204700457
184.73,0.1,415.11793761465,0.0983029331389649,0.887148978226207,0.000892809041327594,0.216769200796437
184.74,0.1,415.014171547777,0.101245165023922,0.887606020657603,0,0.214696646990532
184.75,0.1,414.909665726861,0.101333302766375,0.885979045171263,0.00116139201022795,0.213379492057864
184.76,0.1,414.804066012598,0.100814973264683,0.884236279486255,0,0.216510060408565
184.77,0.1,414.697373450797,0.100751030424282,0.885571635635457,0,0.214590709413224
184.78,0.1,414.589627103996,0.105176492528883,0.886361905615194,0.00038517524258999,0.215595301886073
184.79,0.1,414.480864025121,0.102085447601392,0.881560673960032,0.00152087586674343,0.215005211651697
184.8,0.1,414.371120877135,0.101774416377615,0.88258630963745,0,0.213754359986764
184.81,0.1,414.260434371258,0.101707178148321,0.883792286320067,0.000289128717626984,0.215315912737946
184.82,0.1,414.148841264852,0.103773327278503,0.880760214450831,0,0.216162012860132
184.83,0.1,414.036378355029,0.102349872991568,0.880452421006578,0.00175676258626692,0.213365701104708
184.84,0.1,413.923082476361,0.103596037587966,0.878986874727438,0.000504051336131689,0.21502739033313
184.85,0.1,413.808990498785,0.102039442713571,0.881984117611568,0.00118197851970245,0.214355608620144
184.86,0.1,413.694139325517,0.10088023823016,0.880887137235825,0,0.214492298616607
184.87,0.1,413.578565890983,0.102674874503881,0.881677864673551,9.37202488193386e-05,0.215114398110489
184.88,0.1,413.462307158771,0.103654742522767,0.878796946109614,0,0.212783373253782
184.89,0.1,413.345400119613,0.103056831878195,0.878846911467003,0,0.214956404849458
184.9,0.1,413.2278817894,0.105791372609744,0.879615043968624,0,0.215903044979524
184.91,0.1,413.109789207213,0.103717224911401,0.880640649665387,3.34990797044219e-06,0.215775335673181
184.92,0.1,412.991159433387,0.100960990737314,0.876911150885819,0.000606819243300802,0.213202184392465
184.93,0.1,412.872029547596,0.101727888572812,0.874071458498552,0.000482774798139,0.214775853292025
184.94,0.1,412.752436646982,0.101902890513658,0.878052346008313,0.00114980896197869,0.216118927405931
184.95,0.1,412.632417844284,0.101413121672208,0.876469129696121,0.00274739665943619,0.21535639806145
184.96,0.1,412.512010266021,0.100658057816454,0.877318136270921,2.39053505086702e-05,0.214151997933541
184.97,0.1,412.39125105069,0.103086916591145,0.875734625550186,0.000128676014211201,0.213702585802763
184.98,0.1,412.27017734699,0.102315204948794,0.876392904266164,0,0.215327721787342
184.99,0.1,412.148826312079,0.0994924271699956,0.876340995393427,0,0.214957162244227
185,0,412.027235109867,0.0996941441798007,0.875020074839353,0,0.215256788185939
185.01,0,411.905440909317,0.101950277596147,0.875220813525136,0.00154265232351764,0.214702752419193
185.02,0,411.783480882792,0.102524873385953,0.8752211580243,0.00174957911516232,0.217189915792407
185.03,0,411.661392204428,0.101773089464344,0.875545318008013,0,0.215046627636883
185.04,0,411.539212048533,0.100372080704796,0.87247014129642,0,0.213992456760187
185.05,0,411.416977588007,0.100412308974883,0.874097483487366,0.000511568578249755,0.214210468800223
185.06,0,411.294725992814,0.10505541490762,0.872965127888192,0,0.217204384732613
185.07,0,411.172494428459,0.10301303230992,0.873264695748876,0.00021768316755279,0.213648397710685
185.08,0,411.050320054506,0.102918045055787,0.873130970515877,0.001088566291973,0.212993073178462
185.09,0,410.92824002313,0.105084495522085,0.871861869371004,0,0.215975156249002
185.1,0,410.806291477683,0.10396792451724,0.871418693215021,0,0.216790426494151
185.11,0,410.684511551307,0.101398890911805,0.870535874740757,0.00102931859334396,0.213356355637727
185.12,0,410.562937365567,0.1042747276252,0.86959958230891,0.00150680466693921,0.216247055115007
185.13,0,410.441606029118,0.102216383180027,0.871731883807277,0.000386471246854979,0.214806221836516
185.14,0,410.320554636394,0.102929389672124,0.870215106604603,0,0.217344624376307
185.15,0,410.199820266339,0.104844186186312,0.868749835238193,0,0.215071190508522
185.16,0,410.079439981165,0.102692455460511,0.868088856988544,0,0.216287006500195
185.17,0,409.959450825126,0.104862223105369,0.867211847435825,0,0.2161918107005
185.18,0,409.839889823342,0.102262388797964,0.869749754538957,1.97084482032054e-05,0.21563045158538
185.19,0,409.720793980647,0.103417365985382,0.865931159736101,0,0.217440129928737
185.2,0,409.602200280457,0.102700406319565,0.868281820816709,0.000517108007235635,0.213220304091796
185.21,0,409.484145683679,0.102438597601205,0.868284783785444,0.00106438149299574,0.213949697076896
185.22,0,409.366667127655,0.100847737066222,0.865265046996826,0.000905586598158316,0.217010857702203
185.23,0,409.249801525115,0.102512771793004,0.866141097139581,0.00151936703232625,0.21547101146086
185.24,0,409.133585763185,0.10177274405276,0.866610765141325,0,0.213740688300389
185.25,0,409.018056702413,0.102045386440648,0.861307667609873,0.00192504064693442,0.214836284626005
185.26,0,408.903251175824,0.101961475729078,0.866177353281443,0.000173656730421926,0.215007568894852
185.27,0,408.789205988006,0.103343276457947,0.866522054455151,0,0.214633213049097
185.28,0,408.675957914237,0.10378421735011,0.864244896812007,0,0.214180614395949
185.29,0,408.563543699625,0.102141655314821,0.86280268684211,0,0.214723932255427
185.3,0,408.452000058292,0.103192566849569,0.860915537987143,0.00146470034142191,0.21477652791881
185.31,0,408.341363672581,0.0998034547152045,0.861964606409687,6.43318735418481e-05,0.215935554020073
185.32,0,408.2316711923,0.103124883452156,0.865520724024311,0,0.213806663847418
185.33,0,408.122959233982,0.104948381425194,0.8621562866834,0,0.214434898431131
185.34,0,408.01526357944,0.102527363787866,0.861046651658456,0.000281386125671396,0.21594956909889
185.35,0,407.908620054467,0.100485884532965,0.860867926971911,0,0.21443599688435
185.36,0,407.803066696998,0.103111968057273,0.862529270430065,0,0.213742343390059
185.37,0,407.69863998387,0.101673103052866,0.861429074542764,0,0.215747794062121
185.38,0,407.595376355457,0.103636132066328,0.861507567241185,6.12089594716088e-05,0.213514657729717
185.39,0,407.493312215105,0.101681673371216,0.859824223469949,0,0.214573920627526
185.4,0,407.392483928625,0.103843304032905,0.858640740417132,0.0017577218129422,0.213908368849482
185.41,0,407.292927823797,0.103362192599027,0.858152013834253,0.00119772508576559,0.216989885481386
185.42,0,407.194680189908,0.10188410210805,0.857922758167283,0,0.216555082937555
185.43,0,407.097777277319,0.102681566715834,0.856295230373338,0,0.213915479227733
185.44,0,407.00225529707,0.102684606693935,0.859141664204084,0.00444942980655007,0.214613845168527
185.45,0,406.9081504205,0.0981532967907745,0.858893305389974,0.000816974004357106,0.212855004939765
185.46,0,406.815498778904,0.103833813037753,0.857615560684468,0,0.216491461705898
185.47,0,406.724336463227,0.10524651980731,0.85598483945196,0.000966425897192339,0.215692050297104
185.48,0,406.634616646093,0.10357165111611,0.85486811861446,0,0.213477119764122
185.49,0,406.545325637204,0.103395276707931,0.855677655246445,0,0.213270317040574
185.5,0,406.456193421062,0.100860571624083,0.857431085293725,0,0.21442915495609
185.51,0,406.367223621336,0.102997175162462,0.852949657858035,0.00323712988496934,0.214929884201785
185.52,0,406.278419857477,0.103772879851995,0.855112911921123,0,0.215105196588103
185.53,0,406.189785744563,0.105434753946967,0.852266464967414,0,0.211870779194583
185.54,0,406.10132489314,0.100767495729012,0.85510140082367,0,0.213309573360459
185.55,0,406.013040909061,0.102248285759435,0.855131490829588,0,0.215560342785831
185.56,0,405.924937393333,0.100529870685684,0.854074013651311,0.00102364883003005,0.216896457942248
185.57,0,405.837017941953,0.101892735076825,0.855575020422776,0,0.214952250793196
185.58,0,405.749286145755,0.103701212446283,0.851387444567795,0,0.213756999066744
185.59,0,405.661745590243,0.104853467552511,0.852458035427341,0.00211286035032678,0.212954163974846
185.6,0,405.57439985544,0.104583939826187,0.851386966134448,0,0.211367686845252
185.61,0,405.487252515723,0.104278945510335,0.852558722553639,0.00258349202095041,0.215198475050403
185.62,0,405.400307139668,0.10423123442594,0.854254060946916,0,0.214298777137812
185.63,0,405.313567289886,0.105833911388599,0.851547250030358,0.00148340651312199,0.214661415922759
185.64,0,405.227036522866,0.103699028248868,0.850178727870347,0.000238911308862722,0.212878955867224
185.65,0,405.140718388816,0.10256184927916,0.850957837575403,0.000402498316669711,0.217076076749811
185.66,0,405.0546164315,0.103143251486527,0.849958557721253,0.00078273986827736,0.212647523662926
185.67,0,404.96873418808,0.10146262324669,0.849513460425681,0,0.213358333964907
185.68,0,404.883075188956,0.102880415866894,0.84723287021255,0,0.214629078873958
185.69,0,404.797642957605,0.101760863594483,0.848673110299159,0,0.214888125918197
185.7,0,404.71244101042,0.104665137423235,0.849877185600499,0.00137168982671092,0.212427472740229
185.71,0,404.627472856553,0.102886258368413,0.849868027139713,0,0.215366078859851
185.72,0,404.54274199775,0.1025533013684,0.850364695389147,0.00174822290796556,0.213507292041686
185.73,0,404.458251928194,0.102417121196111,0.848284044655754,0.00120310789062694,0.211240944131944
185.74,0,404.374006134342,0.104866602619842,0.848331121821269,0.000447220768304169,0.21446220006109
185.75,0,404.290008094767,0.10251247092823,0.845620664231199,0,0.214099879138424
185.76,0,404.206261279996,0.104977435045398,0.846462560368252,0.000339320296589339,0.21660257117854
185.77,0,404.122769152348,0.103907653182369,0.845559223292803,0,0.216381890874856
185.78,0,404.039535165778,0.103790403014366,0.845243393271582,0,0.212279646476988
185.79,0,403.956562765711,0.0995110195919366,0.846274144828576,0.00119031391821355,0.214422855030773
185.8,0,403.873855388884,0.101877613263161,0.84596763224241,0,0.216532698521425
185.81,0,403.791416463188,0.101137423694355,0.843077776678546,0,0.211951362835763
185.82,0,403.709249407502,0.101957590895124,0.842609291819109,0.00183985172045161,0.215516445168081
185.83,0,403.627357631537,0.102329379017469,0.842543271055727,0.000692852637295117,0.213749332264249
185.84,0,403.545744535674,0.105976598958865,0.842551418092687,0,0.214771338206886
185.85,0,403.464413510804,0.105270411144868,0.843412282699999,0,0.215933378513709
185.86,0,403.383367938168,0.103052803189649,0.844792028440642,0.002666421607941,0.215571739968712
185.87,0,403.302611189197,0.103826072745845,0.844509487020215,0.00136471200866429,0.214858752960578
185.88,0,403.22214662535,0.105334274637703,0.842238104242466,0.000417003531155723,0.215297245747185
185.89,0,403.141977597957,0.104079898421618,0.839915133100099,0,0.215560204239935
185.9,0,403.062107448059,0.102416939163189,0.844458312738214,0,0.215768522248891
185.91,0,402.982539506244,0.104179522189591,0.839714004465381,0.000944857855031608,0.216124042878707
185.92,0,402.903277092494,0.102557181330058,0.839609824166679,0,0.21513337338644
185.93,0,402.824323516021,0.102099619018056,0.841835869767563,0.000431936351960211,0.217790576698574
185.94,0,402.745682075109,0.10355391811323,0.839073327905793,0.000744561743890293,0.214797269279027
185.95,0,402.667356056957,0.103625246833975,0.836922853389871,0,0.216646169437042
185.96,0,402.589348737515,0.102994771270843,0.839640937570516,0.000934488993140933,0.214550475802179
185.97,0,402.511663381333,0.101986359124456,0.837461601846122,0,0.215136365211363
185.98,0,402.434303241395,0.103347487515365,0.841274065029402,0.000632801544641807,0.214729967487219
185.99,0,402.357271558964,0.103452025428711,0.837959017302944,0.000542568648814872,0.2159064934862
186,0,402.280571563428,0.103220828854249,0.835014651718148,0,0.215551930642536
186.01,0,402.204206472134,0.102190641597471,0.838145628451873,0.00130553585742851,0.217536953881228
186.02,0,402.128179490237,0.100947368376477,0.835962202319145,0,0.214841211953079
186.03,0,402.052493810541,0.10195501631262,0.837948234408817,0,0.213831870980568
186.04,0,401.97715261334,0.104412367285832,0.837348121110719,0.00182225708156551,0.215769705718864
186.05,0,401.902159066264,0.101604442705051,0.835582762221199,0,0.21529245287042
186.06,0,401.827516324122,0.103347882389798,0.836160001332033,0,0.213777758785276
186.07,0,401.753227528746,0.102860851900979,0.834749078863525,0.00135795787156277,0.218886856568643
186.08,0,401.679295808833,0.102984316241524,0.834270394523419,0,0.213889647562518
186.09,0,401.605724279792,0.101568320998773,0.833178061782447,0,0.216355175257154
186.1,0,401.53251604359,0.103418878786574,0.834366473182566,0,0.216134591421191
186.11,0,401.459674188594,0.106360065443032,0.834475432135891,0.000532400527435856,0.216402814943646
186.12,0,401.387201789419,0.102845761647464,0.835375978549831,0,0.217663886317978
186.13,0,401.315101906772,0.103503117607813,0.834171552065749,0.00159155430291787,0.213085664174548
186.14,0,401.2433775873,0.104269171584431,0.834513978952426,0,0.212813892169941
186.15,0,401.172031863438,0.103138491305239,0.83454571718176,0.000637479922121846,0.213124163334979
186.16,0,401.101067753254,0.102220747911583,0.835383044008058,0,0.215798740411664
186.17,0,401.030488260295,0.105259421919446,0.833494448135264,0,0.215594357754813
186.18,0,400.960296373441,0.101463005972329,0.832411586081685,0.000160712773611425,0.214001821890557
186.19,0,400.890495066746,0.103846867493956,0.83256467867792,0,0.216134205579971
186.2,0,400.821087299295,0.101372336437679,0.831811225149469,0.00113043716160052,0.217425568746973
186.21,0,400.752076015046,0.101368496208658,0.832701058964476,0,0.213620027900958
186.22,0,401.117879836679,0.103140161309836,0.832316191179123,0.0028630614872119,0.213648204448577
186.23,0,401.327438717211,0.100990104471814,0.831869097006971,0,0.214918295012954
186.24,0,401.456496097686,0.100821109781641,0.833260842158299,0,0.216392659021094
186.25,0,401.587879867996,0.0990758231396633,0.829922407486576,0,0.21428883500396
186.26,0,401.724183631648,0.0991694118174814,0.826820191303657,0.000993517412284692,0.214329607309711
186.27,0,401.864755165262,0.102691976456012,0.831477671351864,0.0011147846760655,0.215965171328286
186.28,0,402.009566027537,0.100942925906524,0.829988571104844,0,0.215326897622884
186.29,0,402.158653432032,0.103019324793246,0.828846456303443,0,0.213008637199114
186.3,0,402.312051932712,0.0994090493660138,0.827482060944562,0,0.214612775219641
186.31,0,402.4697953068,0.101388714449002,0.831758126225048,0.00123316914298562,0.215205212631844
186.32,0,402.631917336455,0.101970475303775,0.829435856644303,0.00173735440465149,0.214583660315361
186.33,0,402.798451833575,0.102835050098952,0.826511722649689,0,0.211715806970753
186.34,0,402.969432634794,0.102258036336456,0.8273355672136,0,0.212473699204472
186.35,0,403.144893602379,0.100693063273865,0.827365933724989,0.000785723084430656,0.213189542868915
186.36,0,403.324868625768,0.0992164844697156,0.825733334433615,0.000117707279099826,0.214178229342641
186.37,0,403.509391623087,0.101916898553396,0.830021496758666,0,0.212933273401373
186.38,0,403.698496542679,0.10165776502612,0.828840968117967,0.000983471119638289,0.21577501642948
186.39,0,403.89221736462,0.100317223893355,0.828825228911019,0.000629773087028584,0.214105492086689
186.4,0,404.09058810227,0.100525652846954,0.826317007545871,0.00069255122588357,0.215864080385125
186.41,0,404.293642803816,0.10005310957744,0.826372968392851,0.000220264636117381,0.21549671114012
186.42,0,404.501415553832,0.0990162610748833,0.82624310865921,0.00148506858529213,0.214127136703098
186.43,0,404.713940474835,0.099218964594416,0.826723297117997,0,0.214054645141353
186.44,0,404.931251728872,0.0970861330480478,0.824267357400408,0,0.213396431224741
186.45,0,405.153383519088,0.101152365097977,0.826312802389781,0,0.21438659082529
186.46,0,405.380370091319,0.100947277726939,0.824725586210909,0,0.216805167465544
186.47,0,405.612245735691,0.101601685856796,0.825091440764981,0,0.215505079114051
186.48,0,405.849044788215,0.100180808257536,0.82376778901702,0,0.215609660328794
186.49,0,406.090801632402,0.100990172132647,0.825395855984644,0,0.216756332403881
186.5,0,406.337550700875,0.102206435910622,0.822362445568658,0,0.213023384501774
186.51,0,406.589326476995,0.100406131074188,0.824383149142324,0,0.218168422426436
186.52,0,406.846163496481,0.0976213748710467,0.822004490102985,0,0.21381231567535
186.53,0,407.108096349056,0.0993929112599602,0.821510497296192,0,0.212937704285297
186.54,0,407.375159680074,0.0971581784464863,0.823018334344045,0,0.21782455999612
186.55,0,407.647388192168,0.0971391863853477,0.826945510182832,0.000190374858494146,0.215447928579201
186.56,0,407.924816646902,0.0994732622163982,0.821319542589466,0.000267122546882258,0.214894979835133
186.57,0,408.207479866424,0.095658791771622,0.824397765233562,0.00160502138105921,0.213051306839404
186.58,0,408.49541273512,0.0982363500143825,0.822883697154825,0,0.213336716226205
186.59,0,408.788650201279,0.0983688332085949,0.824276978437891,0,0.213052991446467
186.6,0,409.087227278764,0.0993112701046635,0.821400483084233,0,0.216010348318424
186.61,0,409.39117904867,0.0988500974696721,0.821503279719088,0,0.215559874973188
186.62,0,409.70054066101,0.0955120730623943,0.820024002984572,0,0.214068965228818
186.63,0,410.015347336384,0.0966169628829273,0.821007570801748,0,0.215786124173002
186.64,0,410.33563436766,0.0971418999690336,0.821390560335998,0,0.212433945664688
186.65,0,410.661437121655,0.0948703949529864,0.822344150896738,0,0.213996222547148
186.66,0,410.992791040822,0.0956267454409215,0.821071086755755,0.000343627884338032,0.21581293446479
186.67,0,411.329731644932,0.0952006658641772,0.820813175452363,0.00194792535808468,0.215728424090437
186.68,0,411.672294532763,0.0982123578746244,0.821288957025132,0,0.21295684959992
186.69,0,412.020515383795,0.095838509483955,0.8216767882129,0.00226893211122105,0.21471108414489
186.7,0,412.374429959892,0.0961738848933304,0.818729298972141,0.00264594862389274,0.215636939053098
186.71,0,412.734074106998,0.0977834630641915,0.82001050632385,0.00029582408038508,0.211367698830816
186.72,0,413.099483756833,0.0950962599865277,0.820867223548264,0.0014715234489555,0.214862685613284
186.73,0,413.47069492858,0.0962145847998663,0.821700542157863,0.000301987400024867,0.213143209745866
186.74,0,413.84774373058,0.0944329877251616,0.819075083052595,0.00139676879883327,0.216415844239102
186.75,0,414.23066636203,0.0955768895062901,0.818959272813389,0.000650209568811805,0.215462695737691
186.76,0,414.619499114668,0.0955534903271656,0.818812858531648,0.000764369705515729,0.214434547857332
186.77,0,415.014278374471,0.0951542808972864,0.817699787247384,0,0.216173516171649
186.78,0,415.415040623346,0.0955498453629876,0.815538135180927,0.0004753531651493,0.214901535365556
186.79,0,415.821822440816,0.094660106890076,0.820802341266593,0,0.214743010849959
186.8,0,416.234660505713,0.0956439907553819,0.819785752901648,0.000343740006087944,0.214903052571977
186.81,0,416.653591597866,0.0959807600791242,0.818267109128798,0,0.217520715940935
186.82,0,417.078652599783,0.0917642884084163,0.81871160787705,0,0.214447960819875
186.83,0,417.509880498335,0.0950966944465518,0.820069454423866,0,0.214809039338685
186.84,0,417.947312386441,0.093467198606181,0.818312443560315,0.000889115070449679,0.215542113810238
186.85,0,418.390985464737,0.0937754773478326,0.817537183863079,0,0.214951461614879
186.86,0,418.840937043262,0.0924576240990058,0.816546356981474,0,0.212577591762726
186.87,0,419.29720454312,0.0929254976277976,0.81786310382799,0.00213697656844922,0.215558163529603
186.88,0,419.759825498153,0.0910436968010306,0.816028271386001,0.000786228555530279,0.217585522959039
186.89,0,420.228837556605,0.0907501982360753,0.817531474528405,0.00043546741903774,0.216483718736019
186.9,0,420.704278482781,0.0911601951702176,0.815966517138821,0,0.215429358482286
186.91,0,421.186186158705,0.0906318034948869,0.816509456011478,0.000513482048310562,0.214245733559097
186.92,0,421.674598585766,0.0908297932423242,0.81582351892763,0.000712596764563315,0.217070758058368
186.93,0,422.169553886368,0.0920704387880775,0.815296735299916,0,0.21747586957582
186.94,0,422.671090305573,0.0931190272827408,0.815227825040452,0.000635751438723237,0.21402697072608
186.95,0,423.179246212733,0.0928891707897013,0.815720323942859,0.000503197969523233,0.212893773893377
186.96,0,423.694060103116,0.0881782514486752,0.814918887489562,0,0.21684164402076
186.97,0,424.21557059954,0.0895340667826951,0.816515439209208,0.000599147493578991,0.215229733859018
186.98,0,424.743816453977,0.0904621169836675,0.815239253927362,0,0.215803113322202
186.99,0,425.278836549175,0.0896590639312903,0.815181566547678,0.000719443298383265,0.215857041762952
187,0,425.820669900257,0.0910287495302934,0.815535160913108,0,0.216164003582632
187.01,0,426.369355656315,0.091058278990361,0.816673386446591,0,0.21702800660989
187.02,0,426.924933102,0.0863702359383906,0.817058403383405,9.81763492689044e-05,0.216579506427997
187.03,0,427.487441659107,0.0872699282059504,0.81616430474056,0.00200295140574626,0.213116390687971
187.04,0,428.056920888143,0.087747807839171,0.815841761098093,0.00173500368238861,0.213108362139705
187.05,0,428.633410489893,0.0891418472914556,0.814256379453764,0,0.216742677033217
187.06,0,429.216950306977,0.0855103259821781,0.814585691828218,0.000294822891122932,0.216050239815227
187.07,0,429.807580325396,0.0857153481643365,0.814790046431454,0.000354086270710964,0.214253157967683
187.08,0,430.405340676068,0.0859689856616678,0.814874449984667,0.000205421224994133,0.2160368688845
187.09,0,431.01027163636,0.0860644393028129,0.81441657794908,0.000222908588325493,0.21342651669206
187.1,0,431.622413631601,0.086727534782388,0.813850803313637,0.000997729960417404,0.213509186341602
187.11,0,432.241807236594,0.0870941337895963,0.813253477027969,0.00165181517900773,0.21525227596663
187.12,0,432.868493177111,0.085862291509705,0.816678984084136,0,0.212764121101475
187.13,0,433.502512331381,0.0865626092441389,0.811192242924217,0,0.214210064939845
187.14,0,434.143905731565,0.0851592107663082,0.813140910624433,0,0.215470406546079
187.15,0,434.79271456522,0.0858973523472783,0.813237314059323,0.0023918879852368,0.216191150543866
187.16,0,435.448980176752,0.0842680951612924,0.813382030620384,0,0.212725762158978
187.17,0,436.112744068857,0.0879390095643496,0.817077296943677,0,0.217435922331258
187.18,0,436.784047903943,0.083624578148749,0.812110142524312,0,0.212895471357217
187.19,0,437.462933505558,0.0868978943809612,0.813078732347818,0,0.214099490433514
187.2,0,438.149442859779,0.0842990948829162,0.813105203596345,0,0.215655126844932
187.21,0,438.843618116608,0.0809698530640989,0.812634461430796,0.00148724677212401,0.216348307104744
187.22,0,439.545501591349,0.0808017400551007,0.815661242470139,0,0.215764045604299
187.23,0,440.255135765965,0.0821644532318433,0.813334169183155,0.000417629259771139,0.216860112683099
187.24,0,440.972563290427,0.0830074364958628,0.813587283427137,0,0.216114709988411
187.25,0,441.697826984048,0.0824796011389403,0.81312186119294,0.000310299381927658,0.215239231960256
187.26,0,442.430969836799,0.0834833623656435,0.812905976677038,0,0.21463539520663
187.27,0,443.172035010614,0.0820753908491828,0.813715485244763,0,0.216576239641702
187.28,0,443.921065840674,0.0795334493044911,0.813284956580863,0.00010779519943755,0.215604721155396
187.29,0,444.678105836679,0.0812150692688829,0.814460687472815,0,0.214919284403299
187.3,0,445.443198684106,0.0777142898937845,0.814400889766604,0.00104053989936996,0.213927189006867
187.31,0,446.216388245441,0.0823548859378028,0.814002929663108,0.000620732902581012,0.212165260318279
187.32,0,446.997718561408,0.0803714549906994,0.813026494779076,0,0.216301181910768
187.33,0,447.787233852166,0.0805786445895031,0.813517386114651,0,0.212205203403065
187.34,0,448.584978518499,0.078353753506272,0.812834972520146,0.000242091062617821,0.215599775513227
187.35,0,449.390997142986,0.0813788955883096,0.812379616936583,0,0.215371283964828
187.36,0,450.205334491145,0.0794668689851254,0.814935575276508,0,0.216992695240987
187.37,0,451.028035512575,0.0763749583406425,0.813656774118716,0,0.216740792435269
187.38,0,451.859145342056,0.0777829062705868,0.816028819501385,0,0.214462725377908
187.39,0,452.698709300651,0.0785020243106153,0.814978877933581,0.000850163840142354,0.21629244017863
187.4,0,453.546772896777,0.0754151331611955,0.815255884475718,0.000337748428901487,0.215170035338926
187.41,0,454.403381827258,0.0778926719304048,0.809495476920891,0.00108379548312311,0.215860277577919
187.42,0,455.268581978358,0.0776233185528348,0.813459499941594,0,0.215507597097523
187.43,0,456.142419426794,0.0754934126846871,0.812780241918304,0,0.216655453195183
187.44,0,457.024940440724,0.0777156863006636,0.812279626260519,0.000864735132759079,0.214973621864841
187.45,0,457.916191480718,0.0766785240197811,0.814058638091557,0.000342456655306311,0.214780033053848
187.46,0,458.816219200711,0.0771656785620431,0.813534958710077,0,0.214199306908529
187.47,0,459.725070448918,0.0729562689053538,0.80999098021048,0,0.215045761640698
187.48,0,460.642792268741,0.0696823988778977,0.813867535972568,0,0.216853297215888
187.49,0,461.569431899655,0.0723392414192614,0.814411491327961,0,0.212619612243365
187.5,0,462.50503677805,0.0728873741955747,0.812956739861423,0,0.215460820279717
187.51,0,463.449654538076,0.0747001406368598,0.809722539340464,0,0.214195961952924
187.52,0,464.403333012446,0.0725614120204224,0.812958789417218,0.000794527363890719,0.215374627637653
187.53,0,465.366120233217,0.0732707204019642,0.814408278468579,0.00222819898359078,0.215775797836175
187.54,0,466.338064432555,0.0697911049701913,0.811023882125243,0.000401130033071814,0.216173088524627
187.55,0,467.319214043459,0.0687428814066748,0.810671266415751,0,0.214488706088129
187.56,0,468.309617700478,0.0712161449159267,0.813822570171801,0.00169214809897704,0.217099451649894
187.57,0,469.309324240383,0.0680157050322742,0.813319382060357,0.000689468197414822,0.212188013296294
187.58,0,470.318382702829,0.0689645611575726,0.815708033481813,0,0.21460950852162
187.59,0,471.33684233098,0.0712084023050532,0.809520431160193,0,0.214005166405448
187.6,0,472.364752572105,0.0699853388874425,0.812707125572566,0,0.214238694272204
187.61,0,473.402163078158,0.0695318453384244,0.810344970380279,0.00165744392932917,0.215206134406878
187.62,0,474.449123706317,0.0684510927256411,0.810513857988866,0.000860976661820375,0.214850506847783
187.63,0,475.505684519501,0.0665372112660265,0.813870114465598,0.00183935601134775,0.21548996556896
187.64,0,476.571895786856,0.0653019620204993,0.809085129271255,0.000175158623032096,0.216992185318024
187.65,0,477.647807984213,0.0660251408007874,0.812805290940751,0.000126167167147762,0.217202874012552
187.66,0,478.733471794516,0.0651836616407146,0.812312874836411,0,0.213128569573576
187.67,0,479.828938108217,0.0656419723073298,0.815861323142942,0.00480827683749227,0.212149656156194
187.68,0,480.934258023645,0.0661628462732642,0.812068151580715,0,0.215028900191773
187.69,0,482.049482847337,0.0671774489007347,0.811121163560759,0.000991459472930011,0.216003566485505
187.7,0,483.174664094346,0.0657489082919095,0.81224463841253,0,0.214954620037673
187.71,0,484.309853488509,0.0643796560804214,0.812305044508431,0,0.214458849811334
187.72,0,485.45510296269,0.0648865441302714,0.814880717350709,0,0.215296560625108
187.73,0,486.610464658982,0.0637904368398033,0.814979568597745,0,0.216328665415654
187.74,0,487.775990928884,0.0619860231846355,0.816024173357637,0,0.210615349279936
187.75,0,488.951734333436,0.0648353806574738,0.812971207345869,2.65565870852317e-05,0.213249601747828
187.76,0,490.137747643329,0.0648050174635883,0.812232750889683,0.00021358583206114,0.212743440561763
187.77,0,491.334083838971,0.0608589646042539,0.814819494266191,0,0.213515720236565
187.78,0,492.540796110522,0.0606395235568831,0.813929452138209,0,0.214392409148921
187.79,0,493.7579378579,0.0593991667250029,0.814247719107311,0,0.21639285665692
187.8,0,494.985562690737,0.061889502284109,0.813013600615547,0.000720029262361801,0.214765446462297
187.81,0,496.22372442831,0.0623181637144058,0.812530468915295,0.00150129130278911,0.215743184016186
187.82,0,497.472477099434,0.0607264345103052,0.81256719107655,0,0.215202863453931
187.83,0,498.731874942307,0.0593149641015371,0.813875426377597,0,0.215733265012386
187.84,0,500.001972404333,0.0595372664096616,0.812663459767908,0.00135798429877799,0.215922334143421
187.85,0,501.282824141895,0.0585484199212637,0.813003193675164,0.000725021188327547,0.215036760340566
187.86,0,502.574485020095,0.058241482386962,0.812294163055032,0.000626779697037148,0.215712912786817
187.87,0,503.877010112451,0.0597255738335528,0.814699808334709,0.000626245030875473,0.212227768250218
187.88,0,505.190454700556,0.0569910589082475,0.816606263501213,0,0.213351890848052
187.89,0,506.514874273699,0.0564657296860962,0.817828764207142,0.000310351898897301,0.214652456665493
187.9,0,507.850324528441,0.0563736680826556,0.814875169277684,0,0.21575812985781
187.91,0,509.196861368154,0.053938110454513,0.81433645098288,1.42871814664115e-05,0.21554512730959
187.92,0,510.554540902515,0.0574320678411224,0.813544212806114,0.00301082621293085,0.214868584231741
187.93,0,511.923419446962,0.0536027400222917,0.814691529034543,0,0.216598150718787
187.94,0,513.303553522102,0.0542735259236757,0.813822175408024,0,0.216753212909879
187.95,0,514.694999853079,0.056276752730575,0.814546142897387,0,0.21301595301724
187.96,0,516.097815368901,0.0501773256972408,0.814298155379939,0.00256866022036278,0.218073100236587
187.97,0,517.512057201716,0.0530028566380661,0.817123153128316,0,0.216952989151733
187.98,0,518.937782686054,0.0523085460541993,0.812752555301204,0,0.21449993729403
187.99,0,520.375049358013,0.0529850195641807,0.814356848323872,0,0.216333474496433
188,0,521.823914954402,0.0506877703334444,0.815053821951403,0,0.213165601321201
188.01,0,523.284437411848,0.0509291627221728,0.815588846620563,0.00145887680400796,0.217867528902249
188.02,0,524.756674865842,0.0523418467776641,0.816369754995954,0.00177651362923118,0.213922873352963
188.03,0,526.24068564975,0.0481668449465671,0.816293784549264,0.000129654620964341,0.215419834976654
188.04,0,527.736528293766,0.0476557019003195,0.817806205136978,0.000812353809796814,0.216134250162789
188.05,0,529.244261523829,0.0490178785951304,0.818530763847365,0,0.217277390286437
188.06,0,530.763944260476,0.0469848263903759,0.815124653816444,0,0.217265343377591
188.07,0,532.295635617664,0.046751481159453,0.814586245348998,0,0.214004282519946
188.08,0,533.839394901531,0.0433312640522707,0.817643608716491,0,0.215800710347139
188.09,0,535.395281609106,0.0460969796642065,0.81869436928966,0.00190785207159921,0.214061379714964
188.1,0,536.963355426975,0.0444717333526714,0.814596681496321,0,0.2153444287646
188.11,0,538.543676229896,0.0476935538074864,0.818676570646034,0,0.215034279549333
188.12,0,540.136304079355,0.0463984270437959,0.818092290671143,0,0.210427744497869
188.13,0,541.741299222075,0.0440545012913207,0.818424889038916,0,0.216410449842804
188.14,0,543.358722088477,0.0437596507020898,0.818800321669813,0.000778791743649012,0.213275611325557
188.15,0,544.98863329108,0.0413291197501503,0.818699476194733,0,0.216560155078532
188.16,0,546.631093622851,0.0443584792897213,0.8180151006421,3.31307482035648e-05,0.216931667384665
188.17,0,548.2861640555,0.0427421292373689,0.818378416870257,0.00130786570654576,0.21505280960885
188.18,0,549.953905737729,0.0383900185901202,0.817231261023352,0.000749545061872883,0.217520522190072
188.19,0,551.634379993404,0.0383749085094784,0.818232876556202,0,0.214239486736615
188.2,0,553.327648319703,0.0384380447945418,0.818866717807616,0.00143627496997559,0.215035050953609
188.21,0,555.033772385181,0.0384155666563326,0.82067465586374,0.00104343886543604,0.212463646032861
188.22,0,556.752814027785,0.0415264787274941,0.818207751221793,0.00170338441243325,0.217178539293229
188.23,0,558.484835252829,0.0377635154154691,0.817734816253375,0.000643355015559186,0.215620819789735
188.24,0,560.22989823089,0.0374346863884,0.820093554326265,0.00432168011995294,0.2157705229361
188.25,0,561.988065295648,0.0370631187431475,0.816875343507946,0.00200492768553083,0.215982202516027
188.26,0,563.75939894169,0.0364040939071095,0.817467871291603,0,0.21631428180933
188.27,0,565.543961822225,0.037346726381197,0.820473569918286,0,0.214483578540714
188.28,0,567.341816746758,0.0355896001663258,0.817345439670016,0,0.213418713078326
188.29,0,569.153026678703,0.0351596910461554,0.821665916391702,0,0.213442409815399
188.3,0,570.977654732926,0.0340615701275348,0.820373357281605,0,0.215333728111897
188.31,0,572.815764173237,0.0319390972909776,0.819525558396025,0,0.212836092958765
188.32,0,574.667418409816,0.0300178641354194,0.821434303425115,0,0.21510505335694
188.33,0,576.532680996579,0.0328162885283698,0.825226787533882,0.000309199869601325,0.214588055089909
188.34,0,578.411615628476,0.0327433971055739,0.821009834858124,0.00142164379329071,0.214386851155236
188.35,0,580.304286138736,0.02935887707134,0.819615738147552,0.0025287337948074,0.214999597737003
188.36,0,582.210756496041,0.0274031180396139,0.820458617823804,0,0.214186999921765
188.37,0,584.131090801639,0.0306151714208836,0.821729308235026,0,0.217283668207666
188.38,0,586.065353286388,0.0317004731272614,0.823108201228197,0.00189965969709962,0.218435546862136
188.39,0,588.013608307746,0.0276504526671259,0.820182243861112,0,0.215854279238184
188.4,0,589.975920346688,0.0260163968257314,0.820731117693824,0.00118534447152555,0.214807040536039
188.41,0,591.95235400455,0.0265671192504937,0.819992087034427,0.00168111508943122,0.215185963196652
188.42,0,593.942973999827,0.0277740131618419,0.822746177791731,0.000611990627906853,0.215860760777097
188.43,0,595.947845164888,0.0267918311647773,0.824948428786707,0.000380138771733044,0.215190232925782
188.44,0,597.967032442624,0.025540675182601,0.822136681801407,0,0.216293025163191
188.45,0,600.000600883039,0.025674470455574,0.823619124857014,0,0.21324099606725
188.46,0,602.048615639767,0.0243189827553143,0.822098352889873,0,0.217036388665979
188.47,0,604.111141966514,0.022127182035449,0.82399556700237,0,0.214133544817766
188.48,0,606.188245213447,0.0210155944131277,0.824272929955906,0,0.215515603697125
188.49,0,608.279990823497,0.0254431440787641,0.823379139723104,0.00233987153746734,0.213441680030671
188.5,0,610.386444328603,0.022679379777785,0.824673070857176,0.00224029393156221,0.21444791123054
188.51,0,612.507671345882,0.0236799126766996,0.823066462778058,0.00159030682158991,0.212321791639588
188.52,0,614.643737573731,0.0210401117596848,0.823651379375614,0,0.216680785155038
188.53,0,616.794708787852,0.0199548752860764,0.823555737640639,0,0.214667381227949
188.54,0,618.960650837212,0.0201872320763069,0.827427561502333,0,0.217505538091829
188.55,0,621.141629639929,0.019378550298226,0.827035265288915,0.00184686994153713,0.214349007230418
188.56,0,623.337711179086,0.0168589723889033,0.826459949883671,0,0.215353789809497
188.57,0,625.548961498469,0.0163496065729465,0.826407628956586,0.000430507682449716,0.214480109016289
188.58,0,627.775446698239,0.0163894547382023,0.82638428750029,0,0.214679250609428
188.59,0,630.017232930523,0.0190977695916742,0.824404196427367,0,0.213427055065156
188.6,0,632.274386394937,0.0148984166116923,0.82354065604809,0,0.213979152493146
188.61,0,634.546973334034,0.0166266063500237,0.826070728680848,0.000923973850101651,0.214032242609214
188.62,0,636.835060028671,0.0145654986684536,0.829821497959889,0,0.216202806084666
188.63,0,639.138712793312,0.014368926372633,0.828496996269279,0,0.214128288901217
188.64,0,641.457997971251,0.012098359849615,0.828739042211136,0.00163657161768044,0.213634520372604
188.65,0,643.792981929753,0.0116835242965355,0.829389825720288,0,0.214529959695059
188.66,0,646.143731055123,0.0125886648505339,0.828110707861597,0,0.213285014741227
188.67,0,648.510311747718,0.0142843547028455,0.830049496164424,0,0.218667298719681
188.68,0,650.892790416842,0.0109117287388171,0.829402643517948,0.000661886844602539,0.214411835531618
188.69,0,653.291233475605,0.00957771772051458,0.827086930862222,0,0.215507307570567
188.7,0,655.705707335675,0.0085997297071235,0.828065968354922,0.00115886520767084,0.215386030517321
188.71,0,658.136278401978,0.00815579947682765,0.830294185403153,0,0.215517479211943
188.72,0,660.583013067292,0.00725479751032366,0.828471348892851,0,0.214547421261003
188.73,0,662.79353408283,0.00918709880365403,0.830038391878856,0,0.213515084010913
188.74,0,664.70540422906,0.00728505093149239,0.829597160033176,0.00142313928030087,0.217695980630749
188.75,0,666.592801802604,0.00735031750683721,0.830961822242902,0.000754365050196835,0.213905788371493
188.76,0,668.428073782739,0.00864974661515611,0.830331469537261,0,0.21548850493097
188.77,0,669.800831097312,0.00614722552961331,0.830264423743355,0,0.214079710391047
188.78,0,671.033695877149,0.0058105603074626,0.831213632207848,0.000678358907271895,0.214418272246849
188.79,0,672.268113338322,0.00329529692045921,0.831798522029011,0,0.217705723372597
188.8,0,673.490348247768,0.00158878586892194,0.83143305674049,0.000191423041426964,0.214730655802918
188.81,0,674.694206668583,0.00425072412184297,0.831788977910585,0.000487901431544,0.213010098574261
188.82,0,675.903590496726,0.0032178049435434,0.83214025022514,0.00189766264017217,0.215325276190198
188.83,0,677.120598835076,0.00441174612424808,0.83385539599367,0,0.212805916040824
188.84,0,678.338032065318,0.00415895748110164,0.835217100575923,0,0.215772608529932
188.85,0,679.561519636571,0.00249753756618308,0.834047382225708,0,0.217458878082224
188.86,0,680.793527563142,0.00393040777441783,0.834971845740394,0,0.214532926172847
188.87,0,682.029033456517,0.00254958600431916,0.833614822178508,0,0.214528492425171
188.88,0,683.266759585014,0.000485306583768713,0.834223188593768,0.00163292891664274,0.216901416304666
188.89,0,684.512300384928,0,0.835492938191897,0.000736291818885007,0.213694891803365
188.9,0,685.765240405469,0.00145817467387905,0.833645627053042,0,0.213526297709915
188.91,0,687.018235264736,0.00154957966685914,0.835240984505599,0.00344902515741361,0.213240939767904
188.92,0,688.27704550586,0.0011165797423329,0.835109118608611,0.00276833393567671,0.215166740702531
188.93,0,689.544181860852,0,0.837906271767686,0,0.216269270237383
188.94,0,690.762237705374,0.000675648725738284,0.834492424659564,0,0.215402620467984
188.95,0,690.890552431209,0.00211882416515927,0.836984188087515,0.000196483896639969,0.215961373119903
188.96,0,691.01947020883,0.000521985693467786,0.838488010601811,0.000731992092198235,0.213037417602423
188.97,0,691.148985614958,0.00164898626349868,0.839454835551678,0.00387208256249176,0.214901897900234
188.98,0,691.279093204273,0,0.840145979328037,0.00127116045022181,0.214682455702078
188.99,0,691.409787509684,0.00119693222200337,0.837215943620602,0.00138714420389799,0.215313687073432
189,0,691.541063042597,0.00319964131267348,0.837358644341291,0,0.215759970127839
189.01,0,691.672914293187,0,0.839948439613899,0.00211860821037921,0.214736419633417
189.02,0,691.805335730664,0,0.840592861478282,0,0.215576500325252
189.03,0,691.938321803549,0,0.841196223932687,0,0.213304336577818
189.04,0,692.071866939941,0,0.841183651482873,0.0014921708092951,0.215011399090957
189.05,0,692.205965547791,0.00107977475643332,0.840640172479786,4.78310874933396e-05,0.216000773834474
189.06,0,692.340612015172,0.0015034197766946,0.843058875248091,0,0.214719128599362
189.07,0,692.475800710554,0,0.84060610572812,0.00155088504811659,0.213550433113698
189.08,0,692.611525983075,0.000785688642931029,0.839965664246932,0,0.215336778192186
189.09,0,692.747782162813,0,0.843993722094763,0.000313586299640854,0.216501531942221
189.1,0,692.884563561061,0.000805778102166909,0.839566597758322,0.000947109878122632,0.212871264244299
189.11,0,693.021864470603,0,0.84046370478948,0,0.214049643423463
189.12,0,693.15967916598,0.000906969996718515,0.842919832084766,0.00194238004959033,0.214853627135803
189.13,0,693.298001903774,0.000212717940568861,0.846349429180317,0.00184142449826468,0.215416355737157
189.14,0,693.436826922875,0.00160124947006523,0.843062165340618,0,0.213312318017802
189.15,0,693.576148444762,0,0.844187776989474,0.000245697112114683,0.214759293882175
189.16,0,693.715960673769,0.00147468590533723,0.84218998645376,0,0.218053832035948
189.17,0,693.856257797371,0.000249882613206519,0.843833836442012,0.00025861227811894,0.215472246448657
189.18,0,693.99703398645,0.00123747508691151,0.845217830223471,0.000991940601263862,0.213898052924589
189.19,0,694.138283395576,5.33838222707615e-05,0.844672356814684,0.00162161040902511,0.212575522167222
189.2,0,694.280000163281,0.000731764144867631,0.844234584526854,0,0.215747629034606
189.21,0,694.422178412331,0.000658096618215689,0.844438186217036,0.00103854083922692,0.215470313551787
189.22,0,694.56481225001,0,0.847636929498215,0.00114481068106054,0.212839499706636
189.23,0,694.707895768387,0,0.845703984634448,0,0.215255599073538
189.24,0,694.851423044598,0.000241637583475204,0.849005109372596,0.00111290227309783,0.214108113695826
189.25,0,694.995388141118,0,0.849001919478622,0,0.215056651281621
189.26,0,695.139785106041,0.000554230964290085,0.848172635719992,0.00036212656241193,0.21535422840333
189.27,0,695.284607973352,0.000681284887942336,0.846386358158261,0,0.215233340169728
189.28,0,695.429850763204,0.000175261816802227,0.847455189792527,0,0.215177944550449
189.29,0,695.575507482199,0,0.849718785380176,0.000447277658607691,0.216354936098811
189.3,0,695.721572123655,0,0.849139833664943,0,0.212769097694331
189.31,0,695.868038667888,0,0.84979652001434,0.00170593035265402,0.21560070961279
189.32,0,696.014901082489,0,0.85116245350756,0,0.216194457242674
189.33,0,696.162153322594,0,0.850726445107262,0.00225920306795931,0.213709537810458
189.34,0,696.309789331164,0,0.84778249231647,0.000193326678700856,0.217882724953907
189.35,0,696.457803039261,0,0.850175335346189,0.000275724906907245,0.212595263932482
189.36,0,696.60618836632,0,0.850780275957568,0.00188527585295461,0.215698636685758
189.37,0,696.754939220427,0.0027819349669683,0.849126013541945,0.000208758295936285,0.213767245987846
189.38,0,696.904049498592,0.00327876696507299,0.84948903425596,0,0.21644606106886
189.39,0,697.053513087028,0,0.84990080420761,0,0.216494238353179
189.4,0,697.203323861421,0,0.853909398074127,0.00169779121391067,0.214654598774989
189.41,0,697.353475687205,0,0.852479777439524,0.000412062768010745,0.215495886341124
189.42,0,697.503962419843,0,0.854905344264991,0,0.215682472934693
189.43,0,697.65477790509,9.11556306417108e-05,0.851235167069653,0.00137568586316983,0.21650024224727
189.44,0,697.805915979277,0.00115662780377571,0.853422274359498,0.00257202638502422,0.216691616178816
189.45,0,697.957370469579,0.000588907375578883,0.85196120087596,0,0.213619621983139
189.46,0,698.109135194289,0.00063152774171264,0.852793331701313,0.000218422631485895,0.21617240958733
189.47,0,698.261203963092,0.00223136605295145,0.854815808499663,0.00265454392935963,0.216835519960736
189.48,0,698.413570577339,0.000957247081976725,0.85357631041449,0.00110870466572106,0.215675600358601
189.49,0,698.566228830315,0,0.853414546102237,0.00221001212353435,0.214945695629123
189.5,0,698.719172507516,0.00018887000228207,0.854279925541092,0.00268034935728019,0.217207658276833
189.51,0,698.872395386916,0,0.856515860233164,0.000500102294917977,0.214116519582172
189.52,0,699.025891239246,0.000249104499349903,0.85730098965949,0.000906295027007072,0.214921050506333
189.53,0,699.179653828252,0,0.858972485025889,0,0.215403129269273
189.54,0,699.33367691098,0.00178299013612414,0.861429648561439,0,0.215321568669788
189.55,0,699.487954238037,0,0.854208605785086,0,0.2138925532611
189.56,0,699.642479553862,0,0.860065238321312,0.000406459365003733,0.214677696831031
189.57,0,699.797246597,0.000253875160311026,0.857136140715056,0.000351093077543599,0.214172530346432
189.58,0,699.952249100362,0,0.863153925160522,0.00313202963877583,0.216990065638729
189.59,0,700.107480791505,0,0.858979706730174,0.00116511582902759,0.212778821737508
189.6,0,700.262935392889,0,0.85840088207161,0,0.21600658494778
189.61,0,700.418606622153,0,0.861746107388066,0.00426947332407042,0.216313499486247
189.62,0,700.574488192374,0,0.860279567746946,0,0.215251018395822
189.63,0,700.730573812343,0,0.857576876423012,0,0.214204505077333
189.64,0,700.88685718682,0,0.858753728016968,0.000759265538715106,0.214111287558674
189.65,0,701.04333201681,0.00139322511404065,0.858612016296527,0,0.216490216022688
189.66,0,701.199991999821,0.00207588490242794,0.86261106229573,0,0.214833049823462
189.67,0,701.356828209074,0.000239749303194235,0.863380670637534,0,0.213558751272953
189.68,0,701.513835577281,0.000932312903276296,0.861432630537877,0.00242123157438925,0.215069620745349
189.69,0,701.671009169366,0,0.861456877393844,0,0.216253994002285
189.7,0,701.828342671659,0.00301315498241556,0.863170854011959,0.00093251786073792,0.214819289389373
189.71,0,701.98582976831,0,0.862908240767265,0,0.21426865263083
189.72,0,702.143464141553,0,0.863637159450591,0.000127785684153831,0.217614715506287
189.73,0,702.301239471965,0,0.863103724819991,0.00376680207348087,0.214608033859788
189.74,0,702.459149438726,0,0.865436303556616,0.00098879829626474,0.215854745225955
189.75,0,702.617187719879,0,0.865466414479573,0.00180300934924555,0.217438630217305
189.76,0,702.77534799259,0.000320953526488457,0.865816631040723,0.000474442335898853,0.212183296750932
189.77,0,702.933623933407,0,0.863931009179265,0.00151139027877488,0.214099751677594
189.78,0,703.092009218512,0.00195301268651216,0.865971737047732,0,0.212498811871088
189.79,0,703.250497523985,0,0.866962858808946,0.00038937153321652,0.21736554329209
189.8,0,703.409082526056,0.001824618241714,0.865812088721649,1.77674000536688e-05,0.213163694419376
189.81,0,703.567757901361,0,0.87028938262068,0.000775674397968711,0.21522870441494
189.82,0,703.726517327201,0.000692153396471041,0.866749249678901,0,0.214287689442233
189.83,0,703.885354481788,0,0.866807784075021,0,0.217342587410959
189.84,0,704.044263044507,0,0.869838682047176,0,0.214940158314897
189.85,0,704.203236696163,0,0.868749557983537,0,0.216020833212116
189.86,0,704.362269119235,0,0.866590876389302,0,0.213713921304094
189.87,0,704.521353998127,0.000991093800290148,0.869679269940136,0.000381739811654614,0.217492875434351
189.88,0,704.68048501942,0,0.868264701073503,0,0.215866536364045
189.89,0,704.839655872117,0,0.871844658647014,0,0.213773118209128
189.9,0,704.998860247898,0.000184415642552578,0.871010251607177,0.000651367429949918,0.214361687647232
189.91,0,705.158091841364,0.000317804548510463,0.870507895709576,0.000949965762220889,0.214580503367593
189.92,0,705.317344350286,0.000361145933010605,0.872594427253243,0.000865522155138708,0.212906674774419
189.93,0,705.476611475849,0.000678010823345206,0.871002652360093,2.38579746011547e-05,0.216128029770021
189.94,0,705.635886922905,0,0.874595939135643,0.00107665220037332,0.215138931416649
189.95,0,705.795164400206,0,0.873595695694566,0,0.215817332337156
189.96,0,705.954437620659,0.000202907983239877,0.873854774134752,0.000598952979738186,0.214595409729064
189.97,0,706.113700301566,0,0.873410133139459,0.00305648720413158,0.215624469105735
189.98,0,706.272946164862,0,0.873791595751313,0.00239178986814275,0.213933015497792
189.99,0,706.432168937364,0.000742738423101781,0.874276667496019,0,0.21362596555026
190,0.1,706.591362351005,0.00150830129488293,0.874203733388074,0,0.213971112453258
190.01,0.1,706.750520143079,0,0.874619444750491,0,0.214124078537323
190.02,0.1,706.909636056478,0.000892991285185256,0.876291768616783,1.88825346590502e-05,0.214838928446998
190.03,0.1,707.068703839927,0,0.87568390850656,0.000865793531663627,0.214396560528584
190.04,0.1,707.227717248229,0,0.875036158247799,0.000357174700691107,0.214842505190705
190.05,0.1,707.386670042494,0,0.878827631951582,0,0.214051776701001
190.06,0.1,707.545555990378,0,0.876758837689634,0,0.215921263060189
190.07,0.1,707.704368866318,0.0010485500418564,0.874724007078287,0.00150032962779111,0.214812446450439
190.08,0.1,707.863102451764,0,0.879137027386674,0.00126839832460175,0.21652324518626
190.09,0.1,708.021750535413,0.000559794334374532,0.882671840979424,0,0.213913942347496
190.1,0.1,708.180306913439,0.000444188025315188,0.875028436230033,0,0.213731792570209
190.11,0.1,708.338765389731,0.00176692089671244,0.878012931862467,0.000882190384958622,0.214805338286937
190.12,0.1,708.49711977611,0.00108946473237657,0.88029098138987,0.000128329029255699,0.217487282022618
190.13,0.1,708.655363892573,0.00102811420725197,0.879964539313439,3.90497504315739e-05,0.215031259481989
190.14,0.1,708.813491567511,0,0.881212407243751,0.000405741238582731,0.213874052983992
190.15,0.1,708.97149663794,0.000409109911442141,0.882175556294095,0,0.212738533065083
190.16,0.1,709.129372949726,0.000379181636621204,0.881984690764112,0.000506649367301824,0.216011772021294
190.17,0.1,709.287114357813,0,0.877252563124965,0.000737125389931484,0.212997487097173
190.18,0.1,709.444714726446,0.000301243079773511,0.881970609563553,0,0.216921308155804
190.19,0.1,709.602167929393,0.00275623635034227,0.883808895304649,0.00108337352868033,0.216488347524541
190.2,0.1,709.75946785017,0.000824387601244251,0.886866950474192,0.00162035368703943,0.214883066414982
190.21,0.1,709.916608382261,0.0011116888292723,0.88622358018831,0.000423059321308984,0.215933277754753
190.22,0.1,710.07358342934,0.000648012314852122,0.886229664543309,0.00237500369130035,0.21545530784669
190.23,0.1,710.230386905489,0,0.883827548621136,0.00128254563948549,0.215318792956527
190.24,0.1,710.38701273542,0.000713278333813696,0.884430992425614,0,0.214763018804049
190.25,0.1,710.543454854685,0,0.885689507372765,0,0.213288234463365
190.26,0.1,710.699707209904,0,0.886734486940165,0.00166217542072379,0.215703766179282
190.27,0.1,710.855763758972,0,0.887314786293061,0,0.21632042384545
190.28,0.1,711.011618471276,0.001251638135915,0.886994579103614,0.00171051594534599,0.215595929586706
190.29,0.1,711.167265327911,0.000201172023839113,0.886223364629666,0,0.215358138162343
190.3,0.1,711.32269832189,0.000498696304986173,0.883097979964265,0,0.21591180575999
190.31,0.1,711.477911458357,0.00141435732915227,0.886700247569017,0.00204052201928825,0.215188753351113
190.32,0.1,711.632898754797,0.000224054631684637,0.886710899695938,0.00109887042943947,0.216666342514305
190.33,0.1,711.787654241249,0,0.885874333116995,0,0.213740073944603
190.34,0.1,711.942171960508,0.00365702294664591,0.884924368366438,0,0.214623191611708
190.35,0.1,712.09644596834,0,0.889560763982746,0.00037934189837371,0.21464061730979
190.36,0.1,712.250470333685,0,0.889369086373404,0,0.213534144374382
190.37,0.1,712.404239138861,0,0.8906577804827,0,0.214462963035248
190.38,0.1,712.557746479775,0,0.888830352676526,0.000391361014315914,0.216303466024004
190.39,0.1,712.710986466119,0,0.888104561264961,0,0.215948981654427
190.4,0.1,712.863953221577,0.000261394923116887,0.889667572720039,0.00117225008183046,0.215054134874427
190.41,0.1,713.016640884025,0,0.890549077453016,0,0.214223364911285
190.42,0.1,713.169043605737,0.00182452618302135,0.891773409678686,0,0.21805759404932
190.43,0.1,713.321155553572,1.08207262118617e-05,0.892271837500965,0,0.213790391469727
190.44,0.1,713.472970909188,0.00133141058695881,0.890800254115202,0.000630728456516756,0.216101891355048
190.45,0.1,713.624483869227,0,0.894172375567182,0,0.214885248332841
190.46,0.1,713.775688645518,0,0.89220948489433,0,0.215734770665018
190.47,0.1,713.926579465269,0.00145968492385646,0.895826853708531,0,0.217589627193884
190.48,0.1,714.077150571266,0.000966108424688186,0.892368556791065,0,0.214698966580836
190.49,0.1,714.227396222061,0.00326345555438561,0.895123896666458,0,0.215695068779061
190.5,0.1,714.377310692166,0,0.892358606545221,0.00139688725971741,0.216384381549567
190.51,0.1,714.526888272247,0.00308531303937371,0.894904284968316,0,0.21573541740279
190.52,0.1,714.67612326931,0,0.894875629055149,0.00214161290662625,0.218060211283189
190.53,0.1,714.825010006892,0.00170646425479069,0.896123551954922,0,0.214702361481021
190.54,0.1,714.97354282525,0.000164374006593621,0.896163046902767,0.0013713126186084,0.218113100634223
190.55,0.1,715.121716081547,0.000424407968140264,0.898103679155338,0,0.214901202353506
190.56,0.1,715.269524150036,0.00210796066458011,0.896038015677927,0.00163818210015633,0.215875601409047
190.57,0.1,715.416961422249,0.000690826593344202,0.895258908252284,0,0.216713910151332
190.58,0.1,715.564022307177,0,0.898379008391428,0.00137893746743378,0.213985780925625
190.59,0.1,715.710701231458,0.000311912343934142,0.898723495251234,0.000976848156785086,0.215728900888535
190.6,0.1,715.856992639549,0,0.900515800100759,0.00141224481377668,0.215726087544709
190.61,0.1,716.00289099392,0.00135866761922948,0.897341027282815,0.000244685119910059,0.215636142460139
190.62,0.1,716.14839077522,0,0.896754695624971,0,0.213364160656491
190.63,0.1,716.293486482466,0,0.900403281648648,0,0.215397567607347
190.64,0.1,716.438172633217,0,0.899212880635204,0,0.214643253038822
190.65,0.1,716.582443763746,0,0.902094861009491,0.000236553979215541,0.214514306430384
190.66,0.1,716.726294429223,0,0.90419814663687,0.00137930172231259,0.216664887305012
190.67,0.1,716.869719203884,0,0.901547151794222,0,0.214748859598227
190.68,0.1,717.012712681206,0,0.899879025516057,0,0.216891426704397
190.69,0.1,717.15526947408,0,0.902555517634519,0.000841711084711263,0.215180103579759
190.7,0.1,717.297384214981,0.00254282068706616,0.903232235554301,0.00129811047121608,0.215349398001631
190.71,0.1,717.439051556136,0,0.900421173968311,0,0.213353590351855
190.72,0.1,717.580266169698,0.00261712608364035,0.905475064672033,0.000968862667299757,0.215954731268404
190.73,0.1,717.721022747911,0,0.905319768592377,0,0.214603722566253
190.74,0.1,717.861316003276,0,0.902457410813197,0,0.21547514755133
190.75,0.1,718.001140668719,0.000361003299729047,0.902912670912965,0,0.213598870267911
190.76,0.1,718.140491497753,0,0.90368877441985,0,0.218043981222422
190.77,0.1,718.279363264646,0.00177379578040373,0.90280128108979,0.000464304312350628,0.219178951256594
190.78,0.1,718.417750764578,0,0.902137220024898,0.00119978081535496,0.21502129941969
190.79,0.1,718.555648813808,0,0.90565996657513,0,0.214874818515988
190.8,0.1,718.693052249833,0.00174665020691778,0.906911050011131,0.00170308554956244,0.215997129879314
190.81,0.1,718.829955931543,0.000899297488826926,0.905249088842925,0.000635627274272833,0.213635095596865
190.82,0.1,718.966354739386,0.00146550435263464,0.904768522161581,0,0.214660946954989
190.83,0.1,719.102243575523,0,0.906835466467313,0,0.215543019055345
190.84,0.1,719.23761736398,0,0.907945272177028,0.000316985446461709,0.214547010792104
190.85,0.1,719.372471050811,0,0.906072848485282,0.00158899750030932,0.21341518156666
190.86,0.1,719.506799604248,0,0.907064911196332,0,0.215210052849684
190.87,0.1,719.640598014849,0.000610828969604179,0.907938342064319,0.00129062833927215,0.215499316536391
190.88,0.1,719.773861295663,0.00300517637399899,0.907001992024186,0.00237184629052051,0.213123879580014
190.89,0.1,719.906584482367,0,0.908958648456801,0,0.215400149099163
190.9,0.1,720.038762633426,0,0.909668111969927,0.000190115925503548,0.21400941158294
190.91,0.1,720.170390830237,0.000707135035778624,0.910778862713747,0.000408948122703464,0.214203677173187
190.92,0.1,720.301464177279,0.00144721601318418,0.912361938394264,0.000939526564372076,0.214836524347504
190.93,0.1,720.431977802258,0.000361120121331811,0.908356937112732,0,0.212710882784917
190.94,0.1,720.561926856254,0,0.911096800450081,0.0014912949923337,0.217110912403675
190.95,0.1,720.691306513867,0.00026118589880654,0.907777856711413,0,0.214085308713998
190.96,0.1,720.820111973355,0,0.910121233253814,0.0014345541924814,0.216723953436643
190.97,0.1,720.948338456787,0,0.909503754854604,0,0.214216494106315
190.98,0.1,721.075981210172,0,0.910056260060554,0,0.214158695174673
190.99,0.1,721.203035503612,0.00150015658982994,0.908077534864442,0.00103513438114408,0.215529904933659
191,0.1,721.32949663143,0.000949267210524978,0.911490630135779,0,0.211968952465788
191.01,0.1,721.455359912318,0,0.913172617124813,0,0.214397577793053
191.02,0.1,721.580620689468,0.000855346058204386,0.909749634836522,0,0.214721047602808
191.03,0.1,721.705274330712,0.00126368998482148,0.913876672893051,0.000174453303037457,0.211301135893024
191.04,0.1,721.829316228655,0.00131810636999514,0.912929651893331,0,0.217245969318582
191.05,0.1,721.952741800813,0,0.91420484357783,0,0.212514077671891
191.06,0.1,722.075546489739,0,0.916279665607254,0,0.214095654428487
191.07,0.1,722.197725763165,0,0.913659877022213,0,0.218168236912496
191.08,0.1,722.319275114126,0,0.913936164640856,0,0.215926720734686
191.09,0.1,722.440190061092,0.00242948325126841,0.915469696678389,0.00374220238186944,0.217422889753126
191.1,0.1,722.5604661481,0.00246746250437482,0.915589709913219,0.0012176396164075,0.215910525354482
191.11,0.1,722.680098944875,0.00114676463633217,0.915576624333265,0.00149098244719927,0.217578970832389
191.12,0.1,722.799084046967,0,0.915303662304254,0,0.213001923934003
191.13,0.1,722.91741707587,0,0.916103896091459,0,0.215853849962921
191.14,0.1,723.035093679149,0.000315705741530986,0.916501024309699,0.00144667149985329,0.214657765913488
191.15,0.1,719.486131232419,0,0.916226807956733,0.00162623411912819,0.215263741565789
191.16,0.1,716.528358729275,0.00147297064899005,0.91841569041975,0.000663420026007163,0.21585753352182
191.17,0.1,714.609071656025,0.00163540620896258,0.916358279340061,0,0.214891076201211
191.18,0.1,712.835239751437,0.00488870409807732,0.918645015798482,0.00214867720659778,0.214048395269011
191.19,0.1,711.058607559984,0.00287842222266365,0.915746529267735,0,0.215644661154525
191.2,0.1,709.280334800166,0.00213950981320437,0.920271703116949,0,0.217449697143107
191.21,0.1,707.501917425652,0.00307500375359252,0.917966694572572,0,0.213572211571155
191.22,0.1,705.723399429217,0.00573889221835858,0.91888466558422,0.000728665122705565,0.2151191914211
191.23,0.1,703.944748786524,0.00682028082429346,0.917188658658039,0.000377816409841578,0.216901145575823
191.24,0.1,702.165944559183,0.007450458738421,0.921100058388068,0,0.21414054069871
191.25,0.1,700.386967747397,0.00577016190447182,0.919334445892328,0,0.217053776892644
191.26,0.1,698.607799973077,0.00671503732112937,0.919442481165429,0.00213571443279233,0.213469457549431
191.27,0.1,696.828423501115,0.00869789825304144,0.918020250775053,0,0.212990613360562
191.28,0.1,695.048821250419,0.00849974365806038,0.918531063255154,0.000976949849349511,0.214786919704028
191.29,0.1,693.268976791301,0.00882835500436316,0.919439779977095,0.00182545050303671,0.214463203086516
191.3,0.1,691.488874342256,0.00962546119506793,0.919423625403395,0,0.215950022108399
191.31,0.1,689.708498766796,0.00861098167797582,0.919295145547676,0,0.214487367845816
191.32,0.1,687.927835570305,0.0115568774502998,0.924536836812726,0,0.214402951298588
191.33,0.1,686.14687089684,0.0112658992108751,0.92209620966523,0.0015075141350525,0.214357621896454
191.34,0.1,684.365591525902,0.0128068235905854,0.921343290770351,0,0.213304755136199
191.35,0.1,682.583984869199,0.0101634728573276,0.920827980259221,0,0.214735714231395
191.36,0.1,680.802038967356,0.0125889922098041,0.921684458526837,0,0.214972248200907
191.37,0.1,679.019742486613,0.0120815616263507,0.920556478463048,0.00198717986001689,0.21482690870258
191.38,0.1,677.237084715485,0.0142123583779888,0.925048753617456,0,0.213172691398576
191.39,0.1,675.454055561398,0.0131561742775153,0.923853546492483,0,0.216252216316931
191.4,0.1,673.670645547289,0.0158674180878861,0.92313630033913,0.000203146456990481,0.215597014231092
191.41,0.1,671.886845808178,0.015511636850406,0.924568008851907,0.00319351828835991,0.213277954169439
191.42,0.1,670.102648087719,0.0174162077282131,0.926570534818307,0,0.215136453586282
191.43,0.1,668.318044734703,0.0173078677813238,0.924908983241345,0,0.213975956587968
191.44,0.1,666.533028699544,0.0203971409971765,0.925041876395724,0.000228583464783704,0.215207328490046
191.45,0.1,664.747593530734,0.0153174252629241,0.922561799714638,0,0.213581479342667
191.46,0.1,662.961733371264,0.0176472610988055,0.922765773119766,0,0.214069079625932
191.47,0.1,661.175442955004,0.0179777946605789,0.924212572384602,0.000564441052078775,0.215467054840995
191.48,0.1,659.388717603075,0.0178620970386477,0.926992134180918,0.000932001406081809,0.21517009299224
191.49,0.1,657.601553220177,0.0171327619058738,0.92716998459231,0,0.215010691912078
191.5,0.1,655.813946290873,0.02043225765579,0.925825506316586,0,0.21659081017457
191.51,0.1,654.025893875871,0.0180970394560464,0.925141550276371,0,0.216270250583942
191.52,0.1,652.23739360825,0.0193321635123358,0.927077986809745,0.00181091710718349,0.21211586591225
191.53,0.1,650.448443689669,0.0226223545466597,0.922459706188794,0,0.216767371393584
191.54,0.1,648.659042886533,0.0235531718503339,0.925979596220976,0.000282308956340701,0.214504180209838
191.55,0.1,646.869190526149,0.0218622103850716,0.927240777815552,0,0.212784475872825
191.56,0.1,645.07888649282,0.0203992273082668,0.928065716557431,0.00028034981927465,0.217780059859522
191.57,0.1,643.288131223936,0.0239555949150065,0.927724030324636,0.000202910552377573,0.214405950469419
191.58,0.1,641.496925706021,0.0255278816242507,0.927966105424241,0.000132001081150113,0.210919780819833
191.59,0.1,639.705271470746,0.0223729297136508,0.926599374446946,0.000449254199464432,0.213950729420723
191.6,0.1,637.91317059092,0.0251254618301341,0.928640880586499,0.00216820059216969,0.215951053359926
191.61,0.1,636.12062567645,0.0256096236630484,0.927988411604571,0.000454432726736838,0.215105586084773
191.62,0.1,634.327639870254,0.0261811075339842,0.929687726897084,0,0.214456873507788
191.63,0.1,632.534216844169,0.0274803759359875,0.930358655377428,0.000809865717740475,0.213766622914352
191.64,0.1,630.740360794814,0.0276214899879062,0.929069019206141,0.00132439288765928,0.213289790546459
191.65,0.1,628.946076439413,0.0260356315401453,0.927226378784484,0.000224612454688204,0.212462389791752
191.66,0.1,627.151369011611,0.0288053220239427,0.930017430663137,0,0.214156951840286
191.67,0.1,625.356244257245,0.0293574507040411,0.93179276291745,0,0.214478603713377
191.68,0.1,623.560708430083,0.0313322792352393,0.930424158627892,0,0.214372150103555
191.69,0.1,621.764768287544,0.0305241423474365,0.928985735963868,0.00133605851739934,0.214923856789194
191.7,0.1,619.968431086383,0.0295822991696702,0.926649155577821,0,0.217021194109038
191.71,0.1,618.171704578347,0.0329814475266272,0.929864343097789,0.00264324789523136,0.216267528636018
191.72,0.1,616.374597005795,0.0325248004644907,0.928298532483765,0,0.213581206306458
191.73,0.1,614.577117097307,0.0347205498502157,0.931324967888617,0,0.214076677309867
191.74,0.1,612.779274063249,0.0321908863059338,0.930336086995962,0.00234246763132387,0.216487312034447
191.75,0.1,610.981077591309,0.0344414107173306,0.928269838524627,0,0.214468972013961
191.76,0.1,609.182537842021,0.03439338780073,0.929563339769611,0.0019241715070679,0.215939892879773
191.77,0.1,607.383665444246,0.0353988143721392,0.932662511252783,0,0.213200134939882
191.78,0.1,605.584471490624,0.032728784352152,0.930803232081726,0,0.212784512832119
191.79,0.1,603.784967533019,0.0359504327855487,0.930394562595617,0,0.21346461863473
191.8,0.1,601.985165577913,0.0369244373879839,0.930988646439815,0,0.213974729523304
191.81,0.1,600.185078081786,0.0377153034250217,0.933452708797729,0,0.216143789268317
191.82,0.1,598.384717946475,0.0390331122352589,0.932041826392714,0,0.2152883839885
191.83,0.1,596.584098514492,0.0382139325218169,0.932366579092982,0.00103163875487328,0.215317296072552
191.84,0.1,594.783233564332,0.0393203476887342,0.933033489859532,0.00149073999832082,0.213663967594747
191.85,0.1,592.982137305741,0.0393976988756499,0.931859359189502,0,0.21617250977503
191.86,0.1,591.180824374978,0.0397518136598432,0.932196365469393,0.00362213412077245,0.216705056879854
191.87,0.1,589.379309830036,0.0411988393974697,0.930923637175863,0.000878253522160879,0.215453382373084
191.88,0.1,587.577609145844,0.0412665743650107,0.934242958717504,0.000164300652687407,0.214463800863138
191.89,0.1,585.775738209454,0.0423089798404207,0.934182425401662,0,0.214572368988636
191.9,0.1,583.973713315197,0.0407314425357631,0.931168443359969,0,0.216774650269611
191.91,0.1,582.171551159808,0.0460646095526744,0.933593858853402,0,0.214903291031931
191.92,0.1,580.369268837553,0.045295486980094,0.933765318628607,0.000169359631884654,0.212926249661461
191.93,0.1,578.566883835314,0.0436948907135001,0.934278247480874,0.00157847369472404,0.217218151726896
191.94,0.1,576.764414027654,0.0437012352752478,0.933557385772024,0.000157529424414213,0.212189339705216
191.95,0.1,574.961877671875,0.0451591892362923,0.937327061802779,0.000889800799725144,0.214323906789746
191.96,0.1,573.159293403046,0.0480248508863206,0.931844007481939,0.00122879236595125,0.21716696329643
191.97,0.1,571.356680229004,0.0467160922062217,0.933333132588101,0,0.213914355514519
191.98,0.1,569.554057525355,0.0469061306386226,0.932889328594874,0,0.214701056367866
191.99,0.1,567.751445030443,0.0483935613737369,0.93317031404835,0.00357667628072506,0.213428359090844
192,0.1,565.948862840298,0.0492502353493689,0.933241974802538,0,0.21423442837448
192.01,0.1,564.146331403579,0.048849171416605,0.934777277717973,0.00044411819584899,0.212791394700839
192.02,0.1,562.343871516488,0.0518562290226817,0.93430289173478,0,0.21677399579775
192.03,0.1,560.541504317674,0.0502675603473478,0.933902585488917,0,0.214736087677507
192.04,0.1,558.739251283123,0.0535154194002925,0.934088608343934,0,0.214192109113451
192.05,0.1,556.937134221022,0.0486592594768936,0.934919513660698,0.000385604446383766,0.215414764180744
192.06,0.1,555.135175266617,0.0539660538446271,0.936166234360405,0,0.214971538290811
192.07,0.1,553.333396877058,0.0540409597306118,0.935435865184926,0.00146014592651819,0.2141459424043
192.08,0.1,551.531821826226,0.0535378284096575,0.934651341493104,0.000892796859895475,0.215611858186788
192.09,0.1,549.730473199541,0.0551008820184672,0.936028195766334,0.000425500542056385,0.214905819510162
192.1,0.1,547.929374388775,0.0557153783873882,0.934586562493524,0.000540499321130052,0.215292936016153
192.11,0.1,546.128549086833,0.0573101492698063,0.936352600582641,0,0.215264127778966
192.12,0.1,544.328021282537,0.0552278542040945,0.936174749210035,0,0.215474191366488
192.13,0.1,542.527815255392,0.0555063690121547,0.934722251989513,0,0.214000696169298
192.14,0.1,540.727955570342,0.0573116597478138,0.9378038294646,0.000617874358868195,0.215875206202262
192.15,0.1,538.928467072525,0.0587320342308982,0.933351659449331,1.09181736562385e-05,0.217179394157749
192.16,0.1,537.129374882001,0.0588947744863704,0.934570527126879,0,0.21499205074676
192.17,0.1,535.330704388495,0.0602994048393124,0.938223727468811,0,0.214184147568763
192.18,0.1,533.532481246114,0.0583078586719823,0.936507145912397,0.000466956835438696,0.216262922781463
192.19,0.1,531.734731368063,0.0620583641258199,0.936248831441796,0,0.215762077528366
192.2,0.1,529.937480921359,0.0639661262842879,0.938104307548544,0,0.216752381123914
192.21,0.1,528.140756321534,0.0627290030229063,0.934751469916345,0.00229474777499976,0.215232980336235
192.22,0.1,526.344584227329,0.0616818195294957,0.937182996687303,0,0.213978521137186
192.23,0.1,524.548991535398,0.0648069877420712,0.937062561500185,0,0.215300910084569
192.24,0.1,522.754005374992,0.0648611336397667,0.93364035283682,0,0.213620120261238
192.25,0.1,520.95965310265,0.0661305787777277,0.936198282982063,9.43437264999475e-05,0.214763628116026
192.26,0.1,519.165962296882,0.0652258915733373,0.937587764025029,0.00038662788372062,0.216097934039438
192.27,0.1,517.372960752859,0.0659618186947795,0.936947395053336,0.000389357505412757,0.215166245697659
192.28,0.1,515.58067647709,0.0668926243187458,0.936101651495775,0,0.217435083932332
192.29,0.1,513.789137682103,0.0681802016841752,0.936614212904119,0.00011238998127593,0.213503142954885
192.3,0.1,511.998372781135,0.069808544844653,0.93825176744673,5.35542008299744e-05,0.214234532998244
192.31,0.1,510.208410382808,0.0676473219953936,0.937072540875424,0,0.214805358791632
192.32,0.1,508.41927928582,0.0696224900405737,0.934172087836621,0.000824409808688612,0.213947292282034
192.33,0.1,506.631008473628,0.0698310332432323,0.935702163460739,0.00255962551281171,0.217511730885419
192.34,0.1,504.843627109141,0.0709590108740904,0.937341043855234,0.000950190317663664,0.215877137877353
192.35,0.1,503.057164529413,0.068830985905249,0.936324777252828,0,0.213139021583269
192.36,0.1,501.271650240343,0.070083314332752,0.936109343472971,0,0.214607848817688
192.37,0.1,499.487113911376,0.0711533493092724,0.937696659351686,0,0.215510286931844
192.38,0.1,497.703585370217,0.0722459024841791,0.936053172906711,0.00301413441994348,0.214688098123356
192.39,0.1,495.921094597539,0.074677175002494,0.936867538980675,0.000531134278863208,0.217472508965623
192.4,0.1,494.139671721714,0.0745283711028736,0.93790104065815,0,0.214685965285961
192.41,0.1,492.359347013539,0.0767480597054794,0.938811024888843,0.00110889454409492,0.215195470113068
192.42,0.1,490.580150880976,0.0755216685642308,0.936949925158122,3.5917885522772e-05,0.214590473907378
192.43,0.1,488.802113863899,0.0800217480592824,0.935147440320875,0,0.214153823079884
192.44,0.1,487.025266628855,0.0735787809424914,0.937659106901195,0,0.214073842092224
192.45,0.1,485.249639963831,0.0766617580135469,0.939345608618845,0,0.212107524050232
192.46,0.1,483.475264773035,0.0791084455923947,0.939207553918704,0,0.215533733260622
192.47,0.1,481.702172071685,0.0777390750327611,0.936822058095994,0,0.214359407097403
192.48,0.1,479.930392980818,0.0809601745403235,0.93914802230786,0.000781904882316527,0.212770134913216
192.49,0.1,478.159958722099,0.0828092755292184,0.938219937258342,0,0.21349964626115
192.5,0.1,476.390900612668,0.0820476265757103,0.938456526495881,0.00121281623415028,0.214230609869918
192.51,0.1,474.623250059968,0.0827120703042625,0.937312889445006,0,0.214257191598988
192.52,0.1,472.857038556623,0.0823507318026336,0.936315635861662,0.000392075891252024,0.213575095406473
192.53,0.1,471.092297675303,0.082079917041297,0.936016850562894,0,0.214056567277062
192.54,0.1,469.329059063625,0.0855066711186347,0.94018535637422,0,0.21198640086363
192.55,0.1,467.567354439064,0.0868591650488274,0.938469046675931,0.00273702868110859,0.214441798549974
192.56,0.1,465.80721558388,0.0858591721633291,0.936825142761447,0,0.215874975060058
192.57,0.1,464.048674340071,0.0865105546261952,0.937523965300157,0,0.215292428208877
192.58,0.1,462.627579328336,0.0867373317791695,0.93920464110129,0.00165667429716264,0.216156658872701
192.59,0.1,461.579608833195,0.0878730305018136,0.937247994734997,0.000301122777121659,0.217119794231991
192.6,0.1,460.552444812502,0.0857701786990511,0.935382919596696,0.000234843684702737,0.21664303698915
192.61,0.1,459.592216217757,0.0865303171024976,0.938352177606072,0,0.21772962896368
192.62,0.1,459.13583393904,0.0884388006629739,0.937458032782088,0,0.214560079023178
192.63,0.1,458.79897136878,0.0906149340946524,0.937882915709337,0.000861135124439078,0.214385643210062
192.64,0.1,458.454847619375,0.0851974212185254,0.938033710722358,0.000129454247448701,0.215882568065872
192.65,0.1,458.209224120926,0.0886522653120313,0.935189173718117,0.00122501499944741,0.21591685091476
192.66,0.1,458.075364528565,0.0875528573776339,0.936181998429278,0,0.215819559514744
192.67,0.1,457.942913955254,0.0885961854640702,0.938512799915053,0.00203751962090303,0.216792153784585
192.68,0.1,457.803477997545,0.0887018711517749,0.935508291122654,0,0.214010615688019
192.69,0.1,457.658840278075,0.0892052320872572,0.937925225697679,0,0.212828763165581
192.7,0.1,457.508283346904,0.088034309122766,0.937558062465043,0,0.21383176180472
192.71,0.1,457.351539209058,0.0915116099546674,0.931996334195575,0,0.214896968596392
192.72,0.1,457.18921962258,0.089540408004783,0.936916724338544,0.000165477146470066,0.212220160182708
192.73,0.1,457.021407416145,0.0892852805548054,0.937814723986791,0.00101103023930787,0.214474790442273
192.74,0.1,456.847485593594,0.0895112786844815,0.93580959386342,0,0.214901506903583
192.75,0.1,456.66757281339,0.0897701636962095,0.937590042775141,0,0.215675431091062
192.76,0.1,456.482606571714,0.0887676609224124,0.937795385909632,0,0.215118146081034
192.77,0.1,456.291788671048,0.0918178914024153,0.935453622645227,0,0.215919367114563
192.78,0.1,456.094864449897,0.0909059280051282,0.936841192850224,0.000310002972654774,0.215223023670532
192.79,0.1,455.892589740461,0.090213719166502,0.936332985934381,0,0.216571653344487
192.8,0.1,455.685066224508,0.090848436542819,0.938910395319269,0,0.213409466955047
192.81,0.1,455.471533656066,0.0912162572790075,0.935996483576689,0,0.214732946176613
192.82,0.1,455.252134708243,0.0894035766704879,0.937006997035028,0,0.214612479568621
192.83,0.1,455.028002313529,0.0884250522992396,0.936135164766659,0,0.214836841190103
192.84,0.1,454.798172368261,0.0914752146219284,0.936195350569639,0,0.216270004795275
192.85,0.1,454.562337413796,0.0915570478381861,0.938387318734974,0.000382997070395329,0.214458854472064
192.86,0.1,454.321437585325,0.0888974229913751,0.936247147066988,0,0.214787610708192
192.87,0.1,454.075598572288,0.0892776515164169,0.936801680706176,0.000310016832682274,0.214603283563604
192.88,0.1,453.82387356,0.0912105952750611,0.935872477183921,0.000670072364819855,0.214790473876054
192.89,0.1,453.566439022319,0.0886296563223276,0.938681445747251,0.000367654977482252,0.213807172204212
192.9,0.1,453.304702084519,0.0920354290138868,0.938651581116575,0,0.215356434624058
192.91,0.1,453.03746325777,0.0909941189107593,0.935718837619086,0.00112645491690309,0.214935857167148
192.92,0.1,452.764339239336,0.0913626769639259,0.934743995072101,0,0.213295837205903
192.93,0.1,452.486453813626,0.0892768118744265,0.935923218096583,0.00110818732067297,0.215167061522718
192.94,0.1,452.203956640503,0.0916690863259869,0.931462148098565,0.00153323050515948,0.213247365800936
192.95,0.1,451.91571469825,0.0927590702896419,0.936700926627814,0.00112995769087465,0.21582173643597
192.96,0.1,451.621927986147,0.0928055087805764,0.933376516346237,0,0.212934586016833
192.97,0.1,451.324217511403,0.0887466509070362,0.933317949122799,0,0.21544913875976
192.98,0.1,451.021201271779,0.089263164090726,0.934484055906625,0.000164080894604903,0.217530860798727
192.99,0.1,450.71243745348,0.0922236817717605,0.935304867963685,0.000521240263469725,0.214685013318487
193,0.1,450.399218858646,0.0917213339142086,0.93455475559151,0.000319352234798616,0.214502722973022
193.01,0.1,450.081717123125,0.0912828290247691,0.93114383638492,0,0.214038165368733
193.02,0.1,449.758627921111,0.0926897330125948,0.935786437839698,0,0.214957136580201
193.03,0.1,449.430180384054,0.0918478401552961,0.932346892571949,0.0011302891697425,0.212897146699405
193.04,0.1,449.098236430453,0.0922813305643817,0.934374439995777,0.000659927200560462,0.218668195577414
193.05,0.1,448.761207233715,0.0915872432582841,0.932816827737609,9.34402316354241e-06,0.213967515533535
193.06,0.1,448.418584308031,0.0943502758551481,0.932806638242802,0,0.213955073983993
193.07,0.1,448.071827424101,0.0935905112408497,0.932079227068657,0.001526744199153,0.215854358949005
193.08,0.1,447.721129881683,0.0953377857428289,0.935434451402644,0.00100072294947875,0.214113517169219
193.09,0.1,447.365017798912,0.0918281069100426,0.935412998925158,0,0.21611641293807
193.1,0.1,447.003743603318,0.0936779614764995,0.932812476132367,0.000810268075610698,0.211808502964029
193.11,0.1,446.639375658546,0.0932075388726624,0.933354793585867,0,0.214994123275103
193.12,0.1,446.270148384922,0.0950445608467487,0.933033152854762,0,0.215121182570705
193.13,0.1,445.895496388918,0.0935956120765134,0.935982714179032,0,0.212770504544954
193.14,0.1,445.517025088373,0.0918550698382004,0.932605960467735,0.00144907981818175,0.21749181388112
193.15,0.1,445.134946789576,0.091545205448871,0.932262402014073,0.00316641388115822,0.213413655769392
193.16,0.1,444.747639906844,0.0927475449973985,0.932984714951129,1.26445834090429e-05,0.217154434173283
193.17,0.1,444.355367032551,0.0958584724477844,0.928322429959001,0,0.215371787123818
193.18,0.1,443.960315959159,0.0941213354536979,0.933355938345301,0,0.214303748512599
193.19,0.1,443.560620578739,0.0957876120331747,0.929476110945347,0.00234563661111723,0.213721055090177
193.2,0.1,443.155683602628,0.0924697109396308,0.932074910787246,4.35623143846396e-05,0.212175837100473
193.21,0.1,442.747177446331,0.0933540523561381,0.931984721314585,0,0.214717155078697
193.22,0.1,442.335324029221,0.0920689985519699,0.931852078002935,0,0.215205768555919
193.23,0.1,441.918435765885,0.094891834739171,0.930000842422088,0.0010817888634135,0.214101830687377
193.24,0.1,441.4967936963,0.0936535654991843,0.930958803048886,0.00224735142168953,0.21487138922064
193.25,0.1,441.072716936036,0.0957805590952277,0.929187869167855,0,0.21536886479874
193.26,0.1,440.644227505646,0.0974006880085515,0.928665243280843,0.00168262424315431,0.216266551514034
193.27,0.1,440.210692313851,0.0979988778523795,0.928637767805728,0.000543665648174319,0.217135091551094
193.28,0.1,439.773882380327,0.0960415389105119,0.928320464486739,0,0.215350733430182
193.29,0.1,439.334032827923,0.095627337841083,0.931201360198584,0.00017886034701439,0.212112305785113
193.3,0.1,438.889356657579,0.0954241759615321,0.929459363453024,0,0.215194095158192
193.31,0.1,438.440149971493,0.0957727797812662,0.927809595322716,0.0004875713824916,0.217861830437034
193.32,0.1,437.988859832791,0.0987778898097863,0.930666944939748,0,0.213019780468867
193.33,0.1,437.533399317725,0.0968771114898003,0.930744730943943,0,0.215098100408568
193.34,0.1,437.073100292835,0.0963911151849116,0.927925979490047,0,0.214953425667003
193.35,0.1,436.609833445117,0.0988570812178613,0.929678226946642,0.000932623599149273,0.213485507212873
193.36,0.1,436.143847107155,0.0968285204181205,0.928300568895931,0,0.214685046284838
193.37,0.1,435.673253306412,0.0975759198400274,0.92920688400514,0,0.214228498092062
193.38,0.1,435.198363804039,0.0981056114382359,0.927936509886964,0.000970696896173745,0.217343184961886
193.39,0.1,434.72175898711,0.0958332221815644,0.927937695214842,0,0.215223054955627
193.4,0.1,434.241237943579,0.0989115256539348,0.926687725881437,0.00258943272933336,0.216101364796854
193.41,0.1,433.756095623333,0.0990137893534429,0.928054861434492,0.000827219551270332,0.213714575926818
193.42,0.1,433.268291368484,0.0984455613563922,0.927179580709353,0.00152759142237795,0.215803962700454
193.43,0.1,432.778085389836,0.0983568601812102,0.928112372159565,0.000823953341929389,0.216344783753136
193.44,0.1,432.28349979851,0.0995749057834356,0.931305697620604,0,0.214160550044254
193.45,0.1,431.796596511755,0.0963277353824834,0.927421019660228,0,0.214824768044131
193.46,0.1,431.3895735071,0.0999147752030737,0.924611783537491,0,0.21387393798112
193.47,0.1,430.998761767822,0.103060137928861,0.925741697282019,0,0.214568349155104
193.48,0.1,430.60312309396,0.0982554479271342,0.924949657320436,0.00225371918091426,0.215008318124037
193.49,0.1,430.25506549034,0.0987569119802792,0.925011785777833,0,0.215988283635978
193.5,0.1,429.960838718472,0.100432965647778,0.925406358162031,0.00156819937617346,0.214847310001276
193.51,0.1,429.665718132851,0.0969563957439425,0.924024397387144,0,0.214922702639305
193.52,0.1,429.374088714428,0.10115209450653,0.922603163613896,0,0.215336812781866
193.53,0.1,429.137567889858,0.102166621983395,0.924814543248333,0.00235860196414169,0.218103913861426
193.54,0.1,428.911137724209,0.100282395004277,0.926892078465615,0.00126423271746297,0.214600894676923
193.55,0.1,428.679874418601,0.102203048226393,0.923413020763671,0.000844316256715071,0.215264439530479
193.56,0.1,428.471288463354,0.100871431534483,0.926060170521464,0.000367815150538936,0.211946183531693
193.57,0.1,428.288756688331,0.10091180921304,0.924649176246326,0.000783180129605381,0.21602523865003
193.58,0.1,428.103573836687,0.0995375824990129,0.924306863549672,0.00113925171015026,0.213651196539377
193.59,0.1,427.918208147644,0.102347538853916,0.925248791549087,0,0.216480324916245
193.6,0.1,427.760770172454,0.09943239719067,0.922555273044323,0,0.211869850440039
193.61,0.1,427.606792514393,0.0995626729615734,0.92433201008637,0,0.214633770294532
193.62,0.1,427.448150481195,0.100665855685409,0.923147171759671,0.00250347837327719,0.214485946824001
193.63,0.1,427.300838367128,0.102991217318385,0.922099752671304,0,0.215710754603525
193.64,0.1,427.166847361564,0.0989426295463293,0.921977218621852,0,0.21650889531058
193.65,0.1,427.029501923558,0.103868139905593,0.919933646053894,0,0.213647403787283
193.66,0.1,426.890338879974,0.100475424147687,0.920891144770421,0,0.21586996082031
193.67,0.1,426.766309585379,0.101499221573718,0.921900473339219,0.00019078385253223,0.212471884310023
193.68,0.1,426.642691788909,0.101028023002758,0.921452569522142,0,0.214323422315603
193.69,0.1,426.514589992264,0.102015138247953,0.921486765097478,0.000903804769214574,0.216028095687628
193.7,0.1,426.392173255473,0.0980391191973919,0.922476108264121,0.00123116590192022,0.215771398112624
193.71,0.1,426.276727598598,0.099758945528437,0.91903534076906,0,0.214046004366104
193.72,0.1,426.15766374056,0.100451746027956,0.91800925830082,0,0.214417600965531
193.73,0.1,426.036287915022,0.102555191191504,0.919125084704164,0.00143161027301602,0.215015895936409
193.74,0.1,425.925322551744,0.102205944519794,0.919366627140993,0,0.216098403465702
193.75,0.1,425.813729135897,0.10280212648783,0.9202114588738,0,0.214195554322882
193.76,0.1,425.697831401558,0.0995400239385823,0.917813025532557,0,0.214206897350331
193.77,0.1,425.585437287322,0.0990609687204626,0.918877752036762,0,0.21595050800779
193.78,0.1,425.477550066971,0.100486039333529,0.916925352158645,0.000122762434887961,0.213764099132394
193.79,0.1,425.366046826527,0.101967403332652,0.916366765273589,0,0.214713385284129
193.8,0.1,425.25189816585,0.101336797547745,0.917410070537079,0.00110672825673208,0.214995867451272
193.81,0.1,425.144679572543,0.0994465877946557,0.915782655265429,0,0.217540172415162
193.82,0.1,425.036106965197,0.100496895799224,0.919582509782845,0.00108338277622682,0.215857987335535
193.83,0.1,424.923417539614,0.100878185839677,0.917451219418425,0,0.21404694146624
193.84,0.1,424.813223228612,0.100427341641808,0.918861199076488,0.00256287246258242,0.21520490045704
193.85,0.1,424.706383822873,0.101049491331617,0.917353666568833,0.00082120012010613,0.215588869349482
193.86,0.1,424.5960258766,0.100543500726886,0.915015438969963,0.000930151920775099,0.214788604364381
193.87,0.1,424.483143838936,0.102956900591994,0.916532894286782,0.00188025838641047,0.215183811595201
193.88,0.1,424.376877535917,0.100349931753143,0.911820267958777,0,0.217183229872511
193.89,0.1,424.269326016079,0.100467725040007,0.915032916971505,0,0.214878281990047
193.9,0.1,424.157847153503,0.103149998674209,0.915874211869629,0,0.21486178342178
193.91,0.1,424.048401710033,0.0995774127923894,0.916782354434338,0.000247730777396225,0.215192307789573
193.92,0.1,423.941778012257,0.102086603781178,0.914292842167881,0.000481219930828356,0.216392166801279
193.93,0.1,423.8317811967,0.102020644296724,0.912570720319917,0,0.216927708636324
193.94,0.1,423.71925027642,0.0996703869728072,0.915097975106913,0,0.21465590072366
193.95,0.1,423.612094599866,0.102002249473161,0.912257654767111,1.14787752926789e-05,0.216148129749717
193.96,0.1,423.503495390249,0.102883827650183,0.912853983368035,0.00100279244936907,0.214298754234849
193.97,0.1,423.391167518719,0.104663718827837,0.910283645647421,0.00176479579126534,0.21599554640152
193.98,0.1,423.280312306387,0.103261110482603,0.911344597765171,0,0.216239865804853
193.99,0.1,423.171629180506,0.100278757078983,0.912241878738112,0.000341499102706898,0.21492246070587
194,0.1,423.0597169962,0.101347642376887,0.910928120153411,0,0.216652215606889
194.01,0.1,422.945239850597,0.102652599436819,0.913050045631785,0.001775030780155,0.215468197847048
194.02,0.1,422.834697402083,0.102739276486466,0.909759074970604,0.00166961768612294,0.216466784975173
194.03,0.1,422.72250653822,0.100810239922657,0.911101402799004,0.00220805950331054,0.213606897897399
194.04,0.1,422.606793468944,0.101291914557956,0.90926427538087,0,0.216859883992109
194.05,0.1,422.492237717609,0.101660550885391,0.911858634171795,0,0.214787024449581
194.06,0.1,422.379477278326,0.102748161156551,0.909976194647763,0.00146233340613875,0.211974464057119
194.07,0.1,422.263656959553,0.100761400047312,0.912219713880932,0,0.214594306530748
194.08,0.1,422.145415266811,0.102409999514795,0.908631624631037,0,0.213305431731294
194.09,0.1,422.030848933256,0.102625310997072,0.90881343162408,0.00083427192073027,0.215284688373105
194.1,0.1,421.914730887687,0.100159163633642,0.910840529337846,0,0.215432954899645
194.11,0.1,421.795302184023,0.0993865011855953,0.907108186829078,0.000700366922636595,0.214268528343648
194.12,0.1,421.677641770868,0.10272076150279,0.905128966521935,0.000666778186146152,0.214831769579845
194.13,0.1,421.562445713444,0.0997911143457313,0.904350684508106,0,0.214689370282655
194.14,0.1,421.444437095768,0.102292580654102,0.906883571074411,0.000523892725102978,0.214305804585178
194.15,0.1,421.32430399873,0.104224258642372,0.908189566423147,0,0.214900834083583
194.16,0.1,421.208673211369,0.101068914691666,0.906017126658816,0.000611411823918067,0.216823499891808
194.17,0.1,421.091866697813,0.101304981224126,0.904692578193769,0.000449074467878419,0.216249513870674
194.18,0.1,420.97196503665,0.100311387362809,0.907097356325262,0,0.215124062310378
194.19,0.1,420.853951526252,0.102350451573148,0.905174064366895,0,0.215962808724275
194.2,0.1,420.738520339253,0.100419293571654,0.905443452713728,4.5045858142911e-05,0.214968900911004
194.21,0.1,420.620490625841,0.101627702404839,0.906449276362938,0.00215896067806841,0.21486193921391
194.22,0.1,420.500527110501,0.102334245291058,0.905599241291834,0,0.213828299316748
194.23,0.1,420.385093427801,0.102503436254461,0.904191596711416,0.00151136375941888,0.21620374405331
194.24,0.1,420.268661602101,0.102957675623908,0.905240396241263,0.00161143344903257,0.214715926882616
194.25,0.1,420.149356446882,0.103177867235435,0.906166945280923,0,0.216284036225613
194.26,0.1,420.032346575006,0.0990469368361178,0.901486037888769,0.000724830458412408,0.218619603139346
194.27,0.1,419.918359046754,0.100203186292552,0.904437177040061,8.49518228462626e-05,0.214274523859035
194.28,0.1,419.80201465681,0.100618222815009,0.901768797695646,0,0.216267341960494
194.29,0.1,419.683972747828,0.103131125836439,0.90154748359921,0.000778655362985642,0.214500513238707
194.3,0.1,419.570792605831,0.103765671206797,0.903388698018702,0.00210889536680454,0.2150747870527
194.31,0.1,419.456873187095,0.0997526189339305,0.901541172981342,5.67941178147269e-05,0.214472720332371
194.32,0.1,419.340306728376,0.103618986635445,0.900365993748574,0,0.214181250742501
194.33,0.1,419.225410161288,0.0998047454642893,0.901780755112921,0.00273701691891655,0.216326049988941
194.34,0.1,419.112807085568,0.101610411463052,0.903092531136516,0,0.215331835473609
194.35,0.1,418.998009951654,0.101932994134024,0.900159695191843,0.00118407943913283,0.214062639925635
194.36,0.1,418.881649352465,0.102742757530892,0.899335430524076,0,0.213624803598044
194.37,0.1,418.76967790133,0.101426264893528,0.898587980551268,0,0.216497133617995
194.38,0.1,418.65702381237,0.102272080466043,0.89791611954229,0,0.215080918626959
194.39,0.1,418.541954881874,0.101613576627731,0.901358923481419,0.00125784799406559,0.214584980246691
194.4,0.1,418.428878564432,0.102674632614722,0.895717136925457,0.00131260857026756,0.214799460733334
194.41,0.1,418.318437079115,0.104599427413467,0.89695463630529,0,0.211979030977744
194.42,0.1,418.206045276421,0.103067101955804,0.89710845918956,0,0.213468277162958
194.43,0.1,418.092257859467,0.102621099516367,0.896900355833163,0,0.215768915293179
194.44,0.1,417.982648190477,0.100088846152972,0.896119352128249,0.00354723417436086,0.214133207449415
194.45,0.1,417.872482157545,0.101511149811441,0.893735777652353,0,0.216116795904921
194.46,0.1,417.760137527525,0.10199456862652,0.896108872511789,0,0.21444086484929
194.47,0.1,417.649465111914,0.10130466860697,0.892721436071152,0,0.214950117022268
194.48,0.1,417.541038461601,0.102339562884899,0.89711340300171,0.00186507851822047,0.212852050207884
194.49,0.1,417.430856064974,0.101569279940683,0.895539157206339,0.00109581243013177,0.21573028703266
194.5,0.1,417.319413250098,0.100280439187872,0.89741024856137,0,0.213237983197472
194.51,0.1,417.211643652238,0.10098507363653,0.894052482702163,0.00213474292614701,0.215083985085088
194.52,0.1,417.10337064768,0.103389219525614,0.892345830455216,0.00260512219798015,0.213993957108783
194.53,0.1,416.993159674237,0.104790700559418,0.893876077027415,0.00245914967856838,0.214481641617546
194.54,0.1,416.884276005187,0.10309147062254,0.892364410311633,0,0.215060453332085
194.55,0.1,416.777217747707,0.10365181619061,0.895329817854813,0.00305606121572245,0.215453129764835
194.56,0.1,416.668599198601,0.101953695332657,0.890091057036097,0,0.215773270881592
194.57,0.1,416.558895939512,0.103997894264542,0.892213937815757,0.000984215514190686,0.212895656712765
194.58,0.1,416.452616268557,0.103883070532375,0.889737540877808,0,0.214453879629086
194.59,0.1,416.34595398888,0.100189719321051,0.8907413676228,0.00147716091466047,0.215732321742537
194.6,0.1,416.237598264584,0.102247369752303,0.891512262201559,0,0.215518803933133
194.61,0.1,416.130710861897,0.102748622263173,0.893484427973197,0.000328122816862775,0.215798702615587
194.62,0.1,416.025780629946,0.101979800498107,0.891110979254906,0.000120125226258574,0.215242372065541
194.63,0.1,415.919529393665,0.103525265621588,0.890417081540089,0.000855563592092315,0.216087785709344
194.64,0.1,415.812383289499,0.103678900766905,0.889985988705256,0.000509118022451784,0.213970935683304
194.65,0.1,415.708515208121,0.101811454663916,0.888551387858385,0.00103408382241782,0.216988045873763
194.66,0.1,415.60441416123,0.101738065783723,0.886550785922713,0.0013764505327976,0.214914777505643
194.67,0.1,415.498867374988,0.103513590135151,0.889930455721724,0.000961802394005188,0.216146238086801
194.68,0.1,415.394580032766,0.10211500960091,0.887664871070704,0.000851490415904009,0.214544951716814
194.69,0.1,415.29198142801,0.102090632323248,0.885929940060492,0,0.214875407128299
194.7,0.1,415.188273710685,0.101321655165586,0.888008473509934,0,0.214501475557849
194.71,0.1,415.083789771713,0.103458795143489,0.886196892168825,0,0.218113112043273
194.72,0.1,414.981898885233,0.100528782648306,0.884309479964128,0.000428759302731895,0.216028785744992
194.73,0.1,414.87978518075,0.102291897125207,0.883721594855536,0.00303941174584043,0.216041429506328
194.74,0.1,414.776476192817,0.103523057128853,0.884649118954554,0.00146295451903951,0.215569376454208
194.75,0.1,414.671995382833,0.104330802030304,0.883926524694096,0.000178765024721461,0.214677496987146
194.76,0.1,414.566388404371,0.102631585835731,0.883168499717602,0.000150609592216713,0.218165992167039
194.77,0.1,414.459692209241,0.101132796763074,0.882774507350224,0.00220912525290096,0.214337520148766
194.78,0.1,414.351943281412,0.102389332112015,0.883057596025674,0.000394487609517767,0.214640393081429
194.79,0.1,414.243178218838,0.10468045762722,0.883934753911019,0.00148547556974376,0.214901411417357
194.8,0.1,414.133433672925,0.103887435293466,0.880751886510156,0.00103454953203259,0.212836717227933
194.81,0.1,414.022746338674,0.099475562641213,0.881890990206652,0.00374591629110023,0.214528189044057
194.82,0.1,413.911152952763,0.100517449879821,0.88105970700005,0.00127967090891629,0.214682276067468
194.83,0.1,413.798690291462,0.102876437978422,0.882147179229647,0,0.214156946323943
194.84,0.1,413.685395168499,0.102884490337748,0.881523193816736,0.000392288291256349,0.216969090313683
194.85,0.1,413.571304432927,0.10367601834398,0.877632206986386,0,0.214930358166524
194.86,0.1,413.456454967032,0.104059095117494,0.881243205268746,0,0.214217260387265
194.87,0.1,413.340883684275,0.101959015215249,0.878732351667327,0,0.210374293799649
194.88,0.1,413.224627527236,0.100758574870757,0.880968584263642,0.00192117857752148,0.214839043501569
194.89,0.1,413.107723465604,0.104403760747582,0.879807405917685,0.00185812551047399,0.212935457756583
194.9,0.1,412.990208494188,0.103543097106783,0.879175629562069,0.0025240641329794,0.215332553124182
194.91,0.1,412.872119630952,0.102823208543579,0.879734343336028,0.00150105219645352,0.215553988011032
194.92,0.1,412.753493915081,0.102856799103924,0.878166712942767,0.00129875204519036,0.21507255328388
194.93,0.1,412.634368405065,0.100386071691901,0.87807298442961,0,0.216603480720111
194.94,0.1,412.514780176828,0.103513776347042,0.876344421754342,6.37728142103238e-05,0.215760083449604
194.95,0.1,412.394766321861,0.104585750789249,0.877899936792227,0.000921253308568796,0.21537210685903
194.96,0.1,412.274363945405,0.100095616012908,0.875009608990016,0.000705364448757995,0.213051368833344
194.97,0.1,412.153610164649,0.104644482052414,0.876325018567437,0,0.214229646089384
194.98,0.1,412.032542106956,0.102570928478138,0.875160622936819,0.000651732414040166,0.213447012454453
194.99,0.1,411.911196908122,0.101762856172521,0.874809213950101,5.41387387303375e-05,0.216474965346522
195,0,411.789611710666,0.10199505599914,0.874031923519227,0,0.214021157066851
195.01,0,411.667823662138,0.103998280366751,0.874794378853014,0,0.214387798197376
195.02,0,411.54586991346,0.102983497701369,0.874623867325296,0.00108730827002718,0.21135487629879
195.03,0,411.423787617308,0.100127072816915,0.874463950861195,0.00106111340648872,0.213913127447261
195.04,0,411.301613926504,0.1030733021026,0.873413971428202,0,0.214313364352843
195.05,0,411.179385992441,0.103370203931121,0.872968066418137,0.00311027387477626,0.216141430007884
195.06,0,411.057140963559,0.10291897678671,0.872912450721174,0.000182191469538058,0.215330953100036
195.07,0,410.934915983813,0.102876071638422,0.872509076541877,0.000157232104376939,0.216851991234703
195.08,0,410.812748191202,0.102006624433622,0.874061488926134,0.00126266485619364,0.215134741928875
195.09,0,410.690674716316,0.103801357914112,0.873147431614146,0,0.217683690834173
195.1,0,410.568732680909,0.103368995019835,0.87262026242909,0.00141077173246113,0.215457674480317
195.11,0,410.446959196502,0.102937982134794,0.870732993705057,0.00110364498633179,0.212603519652932
195.12,0,410.325391363029,0.10178882799312,0.869559537347802,0.000194208472955563,0.216433981211977
195.13,0,410.204066267497,0.105890550731139,0.870043602732835,0,0.214305080362804
195.14,0,410.083020982676,0.102623294151557,0.869224144622391,0,0.215676126507896
195.15,0,409.962292565838,0.10440709048387,0.871036394694508,0,0.216910811377734
195.16,0,409.841918057502,0.102738864140014,0.870416385384974,0,0.215773994759243
195.17,0,409.721934480224,0.10319785324258,0.86807456152506,0.000855959965733282,0.212202399121801
195.18,0,409.602378837414,0.101060382358424,0.865762639412136,0.00109206354929927,0.214679464529579
195.19,0,409.483288112182,0.1043308439253,0.869336610893205,0.000452226033182595,0.216446698232642
195.2,0,409.364699266214,0.103075320360349,0.864845363395982,0,0.216970644432178
195.21,0,409.246649238675,0.10479473001919,0.865808853453763,0,0.215820700206265
195.22,0,409.129174945156,0.104304832631545,0.865644323388323,0.00050628622234988,0.216368545365123
195.23,0,409.012313276631,0.100978984244398,0.866387043191117,0,0.215554584175026
195.24,0,408.896101098461,0.104791825791677,0.864074375087084,0,0.216207535699941
195.25,0,408.780575249422,0.0999411259168895,0.864406216658884,0.00131628223410082,0.213046143833515
195.26,0,408.66577254076,0.104120139743744,0.864160216124982,0,0.213183752150097
195.27,0,408.551729755279,0.101588102881096,0.863126094431876,0,0.217685482286224
195.28,0,408.438483646469,0.103721257647515,0.863325522430083,5.64953042177199e-05,0.213741705976341
195.29,0,408.326070937645,0.101583491068687,0.864202049118695,0,0.214342675994783
195.3,0,408.214528321127,0.104024250932333,0.865331811549749,8.13979013838795e-05,0.214761235699475
195.31,0,408.103892457462,0.101986545462315,0.862965076783349,0.000903212293671473,0.215932829339102
195.32,0,407.994199974648,0.102028434248886,0.862199836499848,0.00157187718820668,0.214872972816751
195.33,0,407.885487467413,0.103302438447991,0.86258642515001,0.000482820426679385,0.215029150857245
195.34,0,407.777790696225,0.101916312989672,0.860726577425554,0.000711127604459732,0.213441532830039
195.35,0,407.671145465488,0.104335496662827,0.860662351765119,0.000915330077269657,0.213648003605907
195.36,0,407.565589790432,0.101905635414819,0.860790611199597,0,0.212293296750901
195.37,0,407.461160126085,0.103231044226594,0.862464875898727,0,0.214978029074382
195.38,0,407.357892890999,0.104213259693207,0.861341803517452,0,0.212744071441349
195.39,0,407.255824466709,0.103448368280414,0.855911250522855,0.00159067692767145,0.214668250979535
195.4,0,407.154991197206,0.105909944351133,0.857308092275363,0.00107412910684984,0.213415795249423
195.41,0,407.055429388457,0.101738125345951,0.856938687327022,0.000546425040711009,0.214726200750478
195.42,0,406.95717530793,0.103648999539659,0.859415991692522,0,0.216037103381797
195.43,0,406.860265184172,0.103929464848722,0.858717684844315,0,0.213713211322693
195.44,0,406.764735206412,0.100708941096732,0.85878099541326,0.00141507434826886,0.211729224877398
195.45,0,406.670621524172,0.102954901502859,0.854616376271518,0.000677408720172167,0.213210562220586
195.46,0,406.577960246938,0.1037188887399,0.857149548502135,0,0.217637988496014
195.47,0,406.486787443844,0.103391649501909,0.857780714922088,0.000230851885579195,0.213298542696938
195.48,0,406.397072243614,0.104623107566254,0.857713486884691,0,0.214200756403396
195.49,0,406.307833395998,0.102764312548249,0.854574924774737,0,0.214520520760594
195.5,0,406.218753248367,0.102864142640909,0.856338447198945,0.000584512746166663,0.215978455918655
195.51,0,406.129835422273,0.104018049817316,0.854675254862082,0,0.216427803415283
195.52,0,406.041083535053,0.102232272556573,0.85517881590452,0,0.215247269282403
195.53,0,405.952501199672,0.104052008098499,0.855860283058472,0.00221763701441565,0.216399442079359
195.54,0,405.864092024567,0.101839343170519,0.856551943030997,0.00279470366206379,0.213970767018953
195.55,0,405.775859613486,0.102866194875585,0.850541668648699,0,0.212912175877804
195.56,0,405.687807565332,0.102044736321983,0.85205381230831,0,0.212790788034628
195.57,0,405.599939474001,0.101138792786815,0.851900477210652,0.00142943709418641,0.212463973552908
195.58,0,405.512258928227,0.101489049462642,0.85251848311052,0.00110395262210477,0.215799253361356
195.59,0,405.424769511423,0.104202368566509,0.850156893063323,0,0.215541345791997
195.6,0,405.33747480152,0.104506148946543,0.852737365882288,0,0.214932154942947
195.61,0,405.250378370805,0.10280534819078,0.852653212816523,0,0.216557183917638
195.62,0,405.163483785771,0.104108192320892,0.848896405316777,0,0.215590057682017
195.63,0,405.076794606948,0.102628175105195,0.850089061145851,0,0.21358607326665
195.64,0,404.990314388747,0.103134391071507,0.849696041218467,0.000723202320215323,0.213508358449901
195.65,0,404.904046679301,0.101916855940048,0.853767333397803,0.00177346135047852,0.215902791135524
195.66,0,404.817995020305,0.100734098653112,0.850151762879403,0,0.212882453166165
195.67,0,404.732162946854,0.10336994031583,0.850987568241509,0,0.212864514615935
195.68,0,404.646553987286,0.1027532111846,0.847315829348647,0,0.215336941488412
195.69,0,404.561171663019,0.101881582763978,0.849760591723651,0,0.214458199502579
195.7,0,404.476019488394,0.104594525199672,0.848445884129091,0,0.21475519662358
195.71,0,404.391100970511,0.102207624879509,0.847247629968029,0,0.213362206545424
195.72,0,404.306419609071,0.104696634323,0.847522653061162,0.00153716380153967,0.216488928601394
195.73,0,404.221978896216,0.10507480226127,0.848826797905386,0.0020700178298908,0.218039736813002
195.74,0,404.137782316366,0.104320844513467,0.845522528333478,0,0.216535047960522
195.75,0,404.053833346062,0.104595223525882,0.84540464433059,0,0.214306107434159
195.76,0,403.970135453803,0.101844318026962,0.849784542451068,0.00107578193772048,0.216418213665126
195.77,0,403.886692099887,0.103465714930059,0.848050451024991,0,0.217335221941399
195.78,0,403.803506736249,0.101050414113741,0.848125656523214,0,0.214857966451707
195.79,0,403.720582806304,0.104714471640564,0.845745232479701,0,0.215472953846061
195.8,0,403.637923744779,0.103097626135556,0.843604875837113,0,0.214773402926017
195.81,0,403.555532977564,0.103793483343719,0.84441616566262,0,0.214972362984111
195.82,0,403.473413921539,0.10250464039374,0.843508277192112,0.000370680308830265,0.214499561178327
195.83,0,403.391569984426,0.104699176643729,0.846585805530717,0,0.214889334697319
195.84,0,403.310004564617,0.103511741885111,0.842850717849162,0.00177248272847024,0.216539346459729
195.85,0,403.228721051024,0.104180641731365,0.840912463074774,0,0.215886597547419
195.86,0,403.147722822911,0.102200764179291,0.843582786470959,0,0.21621271324344
195.87,0,403.067013249741,0.10072247086385,0.841794341102226,0.00164793260182808,0.215918317616661
195.88,0,402.986595691009,0.103181575735535,0.843264210483406,0.000943065458156118,0.214254132747968
195.89,0,402.906473496087,0.102680509995078,0.842952339389043,0,0.212845216477661
195.9,0,402.826650004063,0.102179945917842,0.841560096993036,0.00198698301951147,0.216049356291571
195.91,0,402.747128543581,0.105264498921447,0.843361043123758,0.00216002606237588,0.216635929970105
195.92,0,402.667912432684,0.101200154547626,0.840235208842788,0,0.214185269401244
195.93,0,402.589004978649,0.10281998870294,0.839728616452265,0,0.216044052875416
195.94,0,402.510409477836,0.103139741286222,0.841544820067029,0.00162037705523819,0.215576884850624
195.95,0,402.43212921552,0.104709157773699,0.838329433144587,0,0.217014236795723
195.96,0,402.354167465741,0.105406762276125,0.840782702127575,0,0.214709157975317
195.97,0,402.276527491138,0.103940781041247,0.839193998670583,0,0.214390541689859
195.98,0,402.199212542798,0.102534713116951,0.838506542227642,0,0.213906238035574
195.99,0,402.122225860091,0.101898217520608,0.839027019378219,0,0.21411467565087
196,0,402.045570670515,0.103410326442117,0.840025851541726,0.00169124713001474,0.21242662077957
196.01,0,401.96925018954,0.104079164442517,0.839445513176755,0,0.215676133637247
196.02,0,401.893267620449,0.101407288022298,0.839422959596306,0,0.215743296052942
196.03,0,401.817626154178,0.100491896387947,0.835100531531121,0.00279930848922613,0.216387643377345
196.04,0,401.742328969166,0.106775447932447,0.837157685115083,0.0012018081237267,0.214398252906764
196.05,0,401.667379231193,0.101903722124473,0.835853388447561,0,0.21539318969649
196.06,0,401.592780093222,0.103386806737995,0.835941715371956,0.00263987918671642,0.214674787019872
196.07,0,401.518534695252,0.103891285768387,0.837732307293058,0,0.214370412292842
196.08,0,401.444646164151,0.103386155840226,0.836882721361121,0,0.21374808427678
196.09,0,401.37111761351,0.102307602686642,0.831869404354605,0,0.215872612622537
196.1,0,401.297952143482,0.100188131341803,0.837186109618651,0,0.212558337121097
196.11,0,401.22515284063,0.102469929390866,0.836953192536932,0,0.212797573751491
196.12,0,401.152722777774,0.102752634258933,0.834766234134925,0,0.21408206507251
196.13,0,401.080665013832,0.105174871498441,0.834308970937648,0.00162295856406439,0.216327864800117
196.14,0,401.008982593672,0.10206068600879,0.83504601188307,0,0.21208490387502
196.15,0,400.937678547957,0.102957652945323,0.832287606617329,0.00066667754581062,0.213841430165252
196.16,0,400.866755892992,0.103542957000099,0.834795418174477,0,0.216567173783691
196.17,0,400.79621763057,0.104204651536713,0.831370342937477,0,0.216075855602677
196.18,0,400.726066747824,0.10471952268448,0.831436382295879,0.000227390160708878,0.214025611595943
196.19,0,400.656306217072,0.10344893062384,0.834061644525058,0,0.218339527882745
196.2,0,400.586938995668,0.102440130247915,0.832358914880535,0.00308055227818055,0.215219807353801
196.21,0,400.517968025853,0.102014441068986,0.831415289617477,0.00118988181417002,0.216157236637329
196.22,0,400.872485075608,0.102856777182823,0.832763683268147,0,0.214602202334021
196.23,0,401.087875328694,0.102452416422623,0.831468302601945,0,0.216291765572841
196.24,0,401.217270358865,0.102109228282864,0.82860683529956,0,0.215482947664268
196.25,0,401.34847755237,0.103834439961704,0.830388682708883,4.5621352812688e-05,0.215267169955397
196.26,0,401.484629441676,0.101265082610093,0.828555143091126,0,0.214491101560114
196.27,0,401.625053053253,0.103172243000873,0.829244902754268,0.0014314125890159,0.214821743929809
196.28,0,401.769713481763,0.104135679974288,0.829266427893686,0.000448453156325114,0.215364409809281
196.29,0,401.918647780693,0.102734377993197,0.830556354209528,0.00125775799952671,0.215545503498972
196.3,0,402.071890538309,0.104060239824762,0.830965603318387,0.00033426081857355,0.21557102897232
196.31,0,402.229475514012,0.10074658236755,0.827812018477842,0,0.213637544699559
196.32,0,402.391436467379,0.105286219549777,0.831404673193656,0,0.214205852914526
196.33,0,402.557807187963,0.100386241946112,0.828828620840084,0.00057862823795329,0.213963484957548
196.34,0,402.728621490073,0.104251939723991,0.827145704736597,0,0.216269533658194
196.35,0,402.903913213617,0.100743234166928,0.829963963904811,0,0.213287497119055
196.36,0,403.083716225634,0.0996234305229812,0.828670443506658,0,0.217418800014324
196.37,0,403.268064421815,0.104989155251722,0.828437451765111,0.00051304801332672,0.214133645502088
196.38,0,403.456991728024,0.0999350258169504,0.825858456549365,0,0.214692832390278
196.39,0,403.650532101821,0.10068608155909,0.827625470950726,0.000374886386972454,0.213009898372136
196.4,0,403.848719534007,0.100710424475201,0.82410350020293,0,0.211895729781574
196.41,0,404.051588050169,0.101060629272549,0.82625607406001,0,0.214183509647794
196.42,0,404.259171712234,0.101483967006714,0.826621627757501,0.0008286218318472,0.215415577213879
196.43,0,404.471504620033,0.0983330715137145,0.82400534421933,5.21946305387222e-05,0.215820191068892
196.44,0,404.688620912878,0.100174700785686,0.826446078220304,0,0.215617502732948
196.45,0,404.91055477113,0.0995377450967272,0.824204783427534,0.000326219723891199,0.215858691546024
196.46,0,405.1373404178,0.0987059627757293,0.826743185989588,0.00274521207718486,0.214583055662253
196.47,0,405.369012120135,0.0991471922628633,0.827971576608249,0.00104449392109736,0.214244046483526
196.48,0,405.605604191221,0.100388333817877,0.826513869803233,0.000525671166237813,0.215549450561768
196.49,0,405.847150991591,0.0999525315832353,0.824607780923391,0.00162794646619504,0.216650726955032
196.5,0,406.093686930841,0.0993340895476029,0.82407019623919,0,0.213468967417729
196.51,0,406.345246469251,0.0975025486830007,0.824011390660401,0.00158397064675159,0.214570644078097
196.52,0,406.601864119406,0.101402346541507,0.823694361615554,0,0.21506367197185
196.53,0,406.86357444784,0.0986689490590263,0.82356484342574,0,0.212218131769998
196.54,0,407.130412076661,0.0999121651814934,0.825248744640362,0,0.214183699726091
196.55,0,407.402411685204,0.0979078596870267,0.821031082250862,0.000515211673900169,0.214161191210719
196.56,0,407.679608011673,0.097360637338282,0.822131848817058,0.000133744925084655,0.215306798095587
196.57,0,407.9620358548,0.0958010509776588,0.822321120777533,0.00102838619373018,0.214933695479431
196.58,0,408.249730075491,0.0996428771222041,0.82524760820687,0.000634086707853405,0.216085986851979
196.59,0,408.542725598501,0.0967216686198298,0.825242596878869,0.0018213814832376,0.213766247692212
196.6,0,408.841057414089,0.100194950133491,0.82192936113352,0.000608017934555506,0.217130533897192
196.61,0,409.14476057969,0.0964910307868165,0.822756356534375,0,0.216122371002137
196.62,0,409.45387022159,0.0984413816160197,0.822610814742622,0.000664906643026594,0.216037083121545
196.63,0,409.768421536597,0.0993522793379326,0.819647285023238,0.00193510790790076,0.214504132955039
196.64,0,410.08844979372,0.0990371729987932,0.822935191633378,0,0.216405775297508
196.65,0,410.413990335852,0.0969983907320642,0.821313089995327,0,0.2144221939408
196.66,0,410.745078581452,0.0977294360683133,0.821190848672354,0,0.215551390739449
196.67,0,411.081750026228,0.096239649559284,0.822107605868168,0.000386355819465198,0.217958414728732
196.68,0,411.424040244825,0.0963032870014888,0.822470994725009,0.000173324983165188,0.213509976228396
196.69,0,411.771984892516,0.097131423222212,0.819902135023895,0,0.215111611131944
196.7,0,412.125619706889,0.0940023900733744,0.821548814721106,0,0.214436322790367
196.71,0,412.484980509536,0.0947672414394132,0.821451988184277,0,0.215138225549434
196.72,0,412.850103207751,0.0968418505624258,0.821200832251624,0,0.213866003246258
196.73,0,413.221023796214,0.0958105101376963,0.822249722600205,0.00263013311707043,0.216359947745697
196.74,0,413.597778358687,0.0963664847747004,0.817250473641986,0,0.217805854748514
196.75,0,413.980403069709,0.0939687899685595,0.818464525816523,0,0.215996482931733
196.76,0,414.368934196282,0.0957074041769397,0.81924486985685,0,0.214700575226544
196.77,0,414.763408099564,0.0927423942275881,0.818695005105163,0,0.215913259882398
196.78,0,415.163861236563,0.0952339968950281,0.816904744277493,0,0.216291369795036
196.79,0,415.570330161823,0.0933703172986068,0.816297618257307,0.00104791720237697,0.214384781897771
196.8,0,415.982851529109,0.0945763844577193,0.819754982562805,0.00266991969705279,0.21427787139918
196.81,0,416.401462093101,0.0949792025991288,0.816022864543502,0,0.214946836193532
196.82,0,416.826198711072,0.0959226317831712,0.817824772277312,0,0.214519304313105
196.83,0,417.257098344569,0.0930132458291726,0.819305488518343,0,0.214663110364801
196.84,0,417.694198061099,0.0957584050274684,0.818472953296592,0,0.21573816599937
196.85,0,418.1375350358,0.0943006334293214,0.81756869835701,0,0.217473548555502
196.86,0,418.58714655312,0.0933185352376954,0.820266425455266,0.00132711574345979,0.215247466618849
196.87,0,419.04307000848,0.0955009555182765,0.818601182640525,0,0.215812970238173
196.88,0,419.50534290995,0.0931922548536481,0.81964141571861,0,0.214735825189813
196.89,0,419.974002879905,0.0923650632701078,0.81635019404257,8.38053038082713e-05,0.212968058301822
196.9,0,420.449087656686,0.0924619544958184,0.817701327782933,0,0.213730519197152
196.91,0,420.930635096258,0.0913186873305318,0.818651945125765,0.00165163686668209,0.213910244443735
196.92,0,421.418683173856,0.0929411738797838,0.814545863772756,0.000634283430696004,0.214660483687091
196.93,0,421.91326998563,0.0928339654449182,0.814555274562713,0.00247103629160127,0.216602066407009
196.94,0,422.41443375029,0.0930125083886304,0.815711636042034,0,0.215316305293582
196.95,0,422.922212810732,0.0913555007924792,0.815923616600354,0,0.212860422573091
196.96,0,423.436645635671,0.0879084858560764,0.816015601772306,3.49365560566324e-05,0.21570704292312
196.97,0,423.957770821268,0.0890778570003481,0.815299820231393,0,0.217367558117742
196.98,0,424.485627092736,0.0892737063692448,0.814030383987886,0.000393491325107529,0.215399423288199
196.99,0,425.020253305957,0.0899096755412704,0.814669514454235,0.0008817557923666,0.216622031614773
197,0,425.561688449082,0.0896498617244485,0.815297406148171,0.000106673291771283,0.213125659574816
197.01,0,426.109971644127,0.0877431264916037,0.816703217494426,0,0.215154685182879
197.02,0,426.665142148557,0.090310137808756,0.815735163675241,0,0.214238001396249
197.03,0,427.227239356872,0.0890936104399095,0.815610781622155,0.00082443268199146,0.215562770984062
197.04,0,427.796302802178,0.0893879293013877,0.816438280288466,0,0.21726905521889
197.05,0,428.37237215774,0.0889830003240521,0.816439997291178,0.00123621930934938,0.215203076824676
197.06,0,428.955487238554,0.0872476002599034,0.817208250970267,0.000404642584587509,0.213168811121807
197.07,0,429.545688002878,0.0903740804584782,0.816188833428563,0,0.214614966362152
197.08,0,430.143014553776,0.0893480770829025,0.813714891070332,0.00163457572025454,0.214594200024727
197.09,0,430.747507140644,0.0904038378441643,0.812564126194194,5.18916726716563e-06,0.214449843255463
197.1,0,431.359206160726,0.085753123523543,0.81698166252522,0.000651298044591607,0.216590927941129
197.11,0,431.978152160619,0.0850666641871735,0.81573338661555,0.00143176404711884,0.214459908776314
197.12,0,432.604385837773,0.0888359939136516,0.815606743609307,0,0.214946195482257
197.13,0,433.237948041977,0.0871496189107676,0.812885800335633,0,0.215593026509059
197.14,0,433.878879776828,0.0859745372529791,0.81384415525188,0,0.21586993325047
197.15,0,434.527222201199,0.0844945408076486,0.815670433727316,0,0.215323250835174
197.16,0,435.18301663069,0.0855497445795587,0.813003944760715,0.00021537115509171,0.21348813203969
197.17,0,435.846304539065,0.0852627972441984,0.813166367359791,0,0.216428489856531
197.18,0,436.517127559681,0.0841734855796791,0.815856878984472,0,0.214748534312569
197.19,0,437.195527486904,0.0826204222410176,0.811533604479627,0,0.212281390180629
197.2,0,437.881546277506,0.0845208520502613,0.81442796448499,0.00145254980683785,0.213700218681244
197.21,0,438.575226052052,0.0849407112869105,0.813448348547695,0.00142368174282769,0.21347010040453
197.22,0,439.276609096287,0.0813155425672527,0.813640985301434,0,0.215287642256671
197.23,0,439.985737862479,0.082837359594175,0.812986677327628,0,0.213440321434377
197.24,0,440.702654970779,0.0834830813743826,0.813107835403064,0,0.217383487515399
197.25,0,441.427403210544,0.084274041091841,0.813078385791493,0,0.21383705374658
197.26,0,442.160025541661,0.0797760939610404,0.813007900680604,0,0.21316596942782
197.27,0,442.900565095843,0.0831579623110711,0.811646686984185,0.00191766973059736,0.218288919757554
197.28,0,443.649065177919,0.0812092296474937,0.811896982294673,0.00104702403268348,0.217460189730639
197.29,0,444.405569267102,0.0812970212387887,0.811728640201904,0.000701693029832833,0.212473454679517
197.3,0,445.17012101824,0.0802310445290319,0.812225286299629,0,0.213979806413341
197.31,0,445.942764263063,0.0812432075683886,0.808289109890999,0,0.216099497203969
197.32,0,446.723543011392,0.0794819181180141,0.811331914415603,0,0.215612550283931
197.33,0,447.512501452349,0.0815277082795846,0.813884970285265,0,0.216187895700292
197.34,0,448.309683955541,0.0808812599221777,0.813743574009327,0,0.214746713466051
197.35,0,449.115135072228,0.0822954197099307,0.813805354566025,0.0015233626554283,0.215239520713585
197.36,0,449.928899536472,0.0816911485021483,0.813631596231978,0,0.215561760227684
197.37,0,450.751022266267,0.0787076440963831,0.811698590878613,0.000930423244587885,0.216353996752056
197.38,0,451.58154836465,0.078418997108367,0.811626392002209,0,0.215004111165954
197.39,0,452.420523120797,0.0770625877382394,0.812280158496214,0,0.215308630964064
197.4,0,453.267992011093,0.0765461081112923,0.813251268031194,0.000301998257059195,0.217255685421192
197.41,0,454.124000700183,0.0760430005435238,0.811442638586019,0,0.214116539084302
197.42,0,454.988595042009,0.0777949801327669,0.813750399713221,0,0.216903752816051
197.43,0,455.861821080814,0.0764286732231226,0.813765607198478,0.000763541052908961,0.213757156915864
197.44,0,456.743725052139,0.075649675799029,0.811273577843772,0.000484093776964414,0.214177441977293
197.45,0,457.63435338379,0.0760069830771222,0.809495492757486,0.00266010039642086,0.214780926622146
197.46,0,458.53375269678,0.0756139889738653,0.814629681944011,0,0.214155296325473
197.47,0,459.441969806262,0.0744644764988041,0.812319814636107,0,0.21567976987226
197.48,0,460.35905172242,0.074781522813276,0.811791466761763,0.000805972460185928,0.215338846929311
197.49,0,461.285045651358,0.0711438616474631,0.810973982174498,0,0.214547263775879
197.5,0,462.219998995952,0.0749576970680209,0.810773360754586,0.000242966309311786,0.212195054702039
197.51,0,463.163959356675,0.0747549709813698,0.813727053585627,0,0.216345602104462
197.52,0,464.116974532415,0.072816848953495,0.815836115831493,0.00135239839293356,0.214003259107758
197.53,0,465.07909252125,0.0711798678205608,0.810167560488265,0.000384038722198121,0.218139077679848
197.54,0,466.050361521209,0.0725491886805639,0.811747805462364,0,0.214039689504834
197.55,0,467.030829931002,0.0739005037149003,0.810701699077037,0,0.213613442375065
197.56,0,468.020546350732,0.0722335448450507,0.811992079436138,0,0.21449312238158
197.57,0,469.01955958257,0.0715918053609709,0.811544468285581,0,0.215499017401653
197.58,0,470.02791863141,0.0682872548032755,0.812740099406187,0,0.216395930715774
197.59,0,471.045672705498,0.0707168235108261,0.812539627670721,0.000720010212576264,0.217010074442018
197.6,0,472.072871217032,0.0694714372510778,0.811036965677933,0,0.214772080410347
197.61,0,473.109563782732,0.0672508880032297,0.811289507647636,0,0.217086808747199
197.62,0,474.155800224382,0.0698312596258133,0.812753415271271,3.17315194514267e-05,0.21540619045935
197.63,0,475.21163056935,0.0702175644605572,0.81204819313141,0,0.213829022559524
197.64,0,476.277105051071,0.0681328393622501,0.812616261759848,0.00218115455009575,0.214579516532664
197.65,0,477.352274109503,0.0682361284389942,0.812904658214231,0,0.216337811419303
197.66,0,478.437188391557,0.0671413115053361,0.812195735279355,0.00212946640514549,0.215736213794878
197.67,0,479.531898751491,0.0679241880402792,0.816460343292302,0,0.211874092828578
197.68,0,480.636456251276,0.0649758726803331,0.813660955849456,0,0.214569682253874
197.69,0,481.750912160933,0.0667094195114821,0.813252349260573,0,0.21545019402039
197.7,0,482.875317958833,0.0637483594816006,0.815607099152673,0,0.213732717682658
197.71,0,484.009725331972,0.0640297931233345,0.809875535210402,0.001478706730707,0.216026743285031
197.72,0,485.154186176203,0.0666914401667601,0.813682441477921,0.00017778255118346,0.214899354857028
197.73,0,486.308752596454,0.0657555814018287,0.811921878793182,0.00375458671712584,0.213397193237385
197.74,0,487.473476906888,0.0609661988212138,0.811404417267477,0,0.218793112088043
197.75,0,488.648411631048,0.0623633985571742,0.813328763551371,0.00109797956701486,0.214771961458378
197.76,0,489.833609501963,0.0650832780775857,0.81454758125456,0.00119481261923393,0.21337912568356
197.77,0,491.029123462216,0.0623569708804755,0.814576743740063,0.00143647895464511,0.215582169585347
197.78,0,492.235006663978,0.061703174901385,0.816343285116148,0,0.215382548328278
197.79,0,493.45131246901,0.060332085677382,0.812952653128776,0.000984097794230704,0.215056973352257
197.8,0,494.678094448626,0.0611785221137987,0.81261046094372,0,0.215384282510139
197.81,0,495.915406383617,0.0608301342142066,0.81252285907213,0,0.214696122095394
197.82,0,497.163302264147,0.0621838707308399,0.814274037310573,0.00109853122115959,0.217210352667582
197.83,0,498.421836289601,0.0584924129862905,0.815087214618436,0.00279380123612219,0.216248455790369
197.84,0,499.691062868402,0.0604084807274956,0.815195309203429,0.00264674056945123,0.216269798117034
197.85,0,500.971036617789,0.0594827673712972,0.813926019055085,0.00163390326727091,0.212788402506062
197.86,0,502.261812363552,0.060324539920144,0.814890219916928,0.00110224119352634,0.216862963601838
197.87,0,503.563445139732,0.0577055874521031,0.813532027850289,0,0.215225037579976
197.88,0,504.875990188283,0.0587825494382582,0.81150645263003,0,0.21530477875057
197.89,0,506.199502958688,0.0531313011808626,0.81603712430803,0.00244629753585194,0.216852011619386
197.9,0,507.534039107537,0.05570759399533,0.813180725264353,0,0.214540025719205
197.91,0,508.879654498066,0.0574628965825423,0.812239900677004,0,0.216005654254128
197.92,0,510.236405199652,0.0549150753724068,0.814534205249016,0.000797151223387219,0.213250718784059
197.93,0,511.604347487268,0.0550403670552196,0.814594811147153,0.00180772482568037,0.213147451500803
197.94,0,512.983537840891,0.0555123288214905,0.816237023852515,0.000466516213990004,0.214570132049622
197.95,0,514.374032944871,0.0537376645139557,0.816997707195785,0,0.214699900724949
197.96,0,515.77588968726,0.0533787611668018,0.814130312790572,0.00176627797644501,0.213116126132948
197.97,0,517.189165159086,0.051993497616715,0.816542922722427,0,0.214801213841219
197.98,0,518.613916653593,0.0536488535057126,0.814433350015166,0.00226791769571363,0.212936069872905
197.99,0,520.050201665432,0.0513780517671399,0.815469448550032,0.00071499197299712,0.213181984229341
198,0,521.498077889806,0.0530869691905708,0.814693272959543,0.000528770834692813,0.215964718679779
198.01,0,522.957603221567,0.0522405423363841,0.815391422493032,0,0.214766100781549
198.02,0,524.428835754276,0.0514247792223056,0.81581923656527,0,0.214833986159906
198.03,0,525.9118337792,0.0500734452696945,0.815490842025822,0,0.213820132203184
198.04,0,527.406655784282,0.0503694900564943,0.817248570809517,0.000357240455059248,0.214833546450823
198.05,0,528.913360453043,0.0480080769438075,0.816407216431655,0,0.21407781318836
198.06,0,530.432006663448,0.0487052032419489,0.815833870792433,0.00117447947267104,0.215683673328575
198.07,0,531.96265348672,0.0451724718285467,0.813453875790072,0,0.214369245238922
198.08,0,533.505360186103,0.0446888971401502,0.817991535336247,0,0.213503077553004
198.09,0,535.060186215576,0.0463277932259883,0.815972922047895,0,0.216695872768106
198.1,0,536.62719121852,0.0458950630427751,0.816838087071869,0.000782446820802963,0.214451701576669
198.11,0,538.206435026327,0.0460243167972721,0.81720405417749,0,0.21548153408848
198.12,0,539.797977656965,0.0430475048810453,0.819312577646636,0,0.212520800496005
198.13,0,541.401879313484,0.0454243962283611,0.818590564694169,0,0.212101385663493
198.14,0,543.018200382476,0.0446358110351329,0.815836622121688,0,0.216154272155184
198.15,0,544.647001432479,0.0432970137996126,0.818950630226628,0,0.214675736665533
198.16,0,546.288343212328,0.0447450825481095,0.818884294858884,0.000954379340837607,0.215027931650638
198.17,0,547.942286649448,0.0425078114557804,0.81793837466279,0,0.212775775857475
198.18,0,549.608892848105,0.0394380546314215,0.815932220893478,0.00101121769582865,0.215207689052794
198.19,0,551.288223087582,0.0403516776752458,0.818399550212401,0,0.21602585983917
198.2,0,552.980338820323,0.0421449976606906,0.817950107557612,0,0.215091486666708
198.21,0,554.685301670003,0.0370468434713975,0.819964010256474,0,0.216603809602213
198.22,0,556.403173429545,0.0401325555851904,0.818557390485116,0.00119095749504515,0.21442393174115
198.23,0,558.13401605909,0.0382713519613642,0.819896541565801,0,0.216813574605741
198.24,0,559.877891683901,0.0387130758053952,0.820209346045285,0.000301475492032842,0.213174011831428
198.25,0,561.634862592201,0.039722962560511,0.820046952440894,0.00106043716609926,0.218753663689928
198.26,0,563.404991232978,0.0370987827204249,0.817334504062551,0,0.213792185115421
198.27,0,565.188340213702,0.0378792917241308,0.819677535343979,0.000765314538223171,0.214196484674898
198.28,0,566.984972298002,0.0346208032679446,0.820907637065972,0,0.215757115008356
198.29,0,568.794950403275,0.0347890557110352,0.823181193923793,0,0.218307108862726
198.3,0,570.618337598239,0.0348752793292921,0.819567612410231,0.00245992866181558,0.212729040425321
198.31,0,572.455197100417,0.0336799798085125,0.819582721361395,0,0.215101393922881
198.32,0,574.305592273571,0.03451473471425,0.820480171460498,0,0.218410076687361
198.33,0,576.169586625069,0.0307111771489531,0.822854610738474,0,0.214524149465365
198.34,0,578.047243803182,0.0314995835673099,0.822195848021234,0,0.213822001246695
198.35,0,579.938627594331,0.03139098695943,0.820753516528902,0,0.214120443130141
198.36,0,581.843801920264,0.0317445309352164,0.81984917402158,0.00245747873442719,0.214733536889347
198.37,0,583.762830835172,0.0334069539973705,0.821525839062666,0,0.215417341106794
198.38,0,585.695778522731,0.0290971644386442,0.820198240241529,0,0.215845623114544
198.39,0,587.642709293096,0.0276955923497014,0.823131558262897,0.00098227424661855,0.214877513794236
198.4,0,589.60368757982,0.0300538565764756,0.822417486511386,0,0.216123707530096
198.41,0,591.578777936701,0.0286329073864561,0.82503086570251,0.00127300041274107,0.216025574621958
198.42,0,593.568045034578,0.0274378003343011,0.821686659803447,0,0.21632437211366
198.43,0,595.57155365805,0.0270982987980438,0.822018485434143,0.00121836153362879,0.216370604430618
198.44,0,597.589368702129,0.0263282715954249,0.823298282707976,0,0.216969894359866
198.45,0,599.621555168831,0.0260721563714226,0.82508601808653,0.000409489319982198,0.213618450548612
198.46,0,601.668178163691,0.0253423220193853,0.822031471636449,0,0.214302045836851
198.47,0,603.729302892213,0.0241669746854796,0.824297294620574,0.00133597477631441,0.212718374359808
198.48,0,605.80499465626,0.0237125124655293,0.822732550947229,0,0.216881471440241
198.49,0,607.895318850358,0.0225400686095038,0.825543652232618,0.000901821587225601,0.213462307176447
198.5,0,610.00034095794,0.0238789257643094,0.82280533548774,0.00189857720793538,0.214500613974664
198.51,0,612.120126547524,0.0228161580035357,0.824236218404739,0.000245335053442308,0.215769692699811
198.52,0,614.254741268815,0.0199708331853126,0.825516170548223,0.000160354717924106,0.214855934725476
198.53,0,616.404250848727,0.0184856573757815,0.827969356446888,0,0.214733155476588
198.54,0,618.568721087354,0.0190780720240317,0.828620473264207,0,0.215351791047755
198.55,0,620.748217853857,0.0188751958976466,0.824578613291728,0.00109160102395339,0.213647229801584
198.56,0,622.942807082272,0.0214492654997622,0.827058654017573,0,0.216133001052282
198.57,0,625.152554767263,0.0185509776551885,0.82482009000374,0,0.215619586323387
198.58,0,627.377526959788,0.0171020449495158,0.826100638095836,0.00221059504404641,0.21462094295776
198.59,0,629.617789762696,0.0178209511655099,0.828616838540544,0.000827458566266524,0.214221677698486
198.6,0,631.873409326253,0.0176620669375451,0.826507252855205,0.000438219113922174,0.2162114356793
198.61,0,634.144451843591,0.0149509978374215,0.82497732042034,0.000686727327860489,0.214231773361595
198.62,0,636.430983546081,0.0149573398610196,0.826740707087235,0.00064096119910793,0.216237557009502
198.63,0,638.733070698637,0.0151562932289019,0.829007889957394,0,0.21647643913928
198.64,0,641.050779594937,0.0134969645138728,0.828773647971096,0,0.215685947708193
198.65,0,643.384176552579,0.0136857712833007,0.825624652303219,0,0.214070171164225
198.66,0,645.733327908146,0.0117538414670061,0.828598812552136,0,0.213144273081931
198.67,0,648.098300012214,0.00777124516407676,0.828821339455257,0,0.212514008197498
198.68,0,650.479159224266,0.00961490521533527,0.832500968357825,0,0.215422116275748
198.69,0,652.875971907539,0.00896744087417102,0.825685091419648,0,0.216951054022663
198.7,0,655.288804423793,0.00853536761162864,0.830187754720382,0,0.21447603045081
198.71,0,657.717723128005,0.00895925935070758,0.831918699005583,0,0.215899771918391
198.72,0,660.162794362968,0.00748728922833424,0.829186035761019,0,0.213987677116589
198.73,0,662.62408445384,0.00767302525044353,0.830080034676211,0,0.216799067958749
198.74,0,664.770064374849,0.00499186724762569,0.829824350636195,0.00106186011853624,0.214619543601903
198.75,0,666.518800555792,0.00554290836799713,0.829758131861188,0,0.215671238195133
198.76,0,668.230514331165,0.00528995862367165,0.832161421169292,0.00120873114159033,0.214989313566183
198.77,0,669.902598094916,0.00430850399858807,0.832896183568209,0,0.214312879000498
198.78,0,671.209799582718,0.00364636085292367,0.830513383107147,0,0.214212740983801
198.79,0,672.407798930989,0.00254681742302834,0.8310596653592,0,0.213561990269803
198.8,0,673.608721888252,0.00425527340785105,0.832471696998639,0,0.213018913757342
198.81,0,674.813688914407,0.00444590566409632,0.833127492503089,0.000145074799206807,0.212965558399043
198.82,0,676.02070291287,0.00398861923230176,0.833540912607873,0,0.213772474808201
198.83,0,677.235635795698,0.00178498442145469,0.831575947903259,0,0.21570351794038
198.84,0,678.458148248006,0.00256560673669934,0.834252589341759,0.000274943784571286,0.215673041542554
198.85,0,679.681040282334,0.00454028620923891,0.834385726197001,0.00173723951620981,0.216419101718469
198.86,0,680.909962705688,0.00501576129086044,0.834373521389297,0,0.214851817557522
198.87,0,682.147381515943,0.00392139238878269,0.834572686205449,0.00051880677820798,0.214548915101243
198.88,0,683.388233453285,0.00131796946423317,0.836304621556501,0.000688741684047772,0.213234701801979
198.89,0,684.631230677898,0.00103656982467235,0.835774108633705,0,0.215113129683277
198.9,0,685.882010840113,0,0.836637645621768,0,0.213838976348922
198.91,0,687.140118868746,0,0.836626236685818,0,0.215688139979067
198.92,0,688.397925344268,0.00104071272902105,0.836405879558338,0,0.210664919166781
198.93,0,689.66141504442,0.000850953606143481,0.833531825129895,0,0.21043109182361
198.94,0,690.762237705373,0.000220277849019335,0.834103956996341,0.00087892334987786,0.215401548065984
198.95,0,690.890552431209,0,0.83641036259034,0,0.212596806919813
198.96,0,691.01947020883,0.000999385884710192,0.834979484748264,0,0.216382730267467
198.97,0,691.148985614958,0,0.83651396924704,0,0.215542916373262
198.98,0,691.279093204273,0.001358081611577,0.838676062088279,0.00120273886753285,0.216097572485494
198.99,0,691.409787509684,0.000955183135628013,0.838602888377225,0,0.215807127742246
199,0,691.541063042597,0,0.837285204984134,0,0.214256947558522
199.01,0,691.672914293187,0,0.83868205655235,0,0.214122878107782
199.02,0,691.805335730664,0,0.839642659525062,0.000697708090033162,0.214811090727761
199.03,0,691.938321803549,0.00186829854986367,0.838825083823141,0,0.214660843600592
199.04,0,692.071866939941,0.000184045079245982,0.836482699824898,0.000185706272473966,0.216238228887985
199.05,0,692.205965547791,0,0.839135073762583,0,0.214829687433959
199.06,0,692.340612015172,0.000651969159089737,0.841668911390435,0,0.2142839703393
199.07,0,692.475800710554,0,0.840851862990577,0.000821693407775257,0.214444470478917
199.08,0,692.611525983075,0,0.839833791382837,0,0.21645465285547
199.09,0,692.747782162813,0.00144227431226248,0.843939201052337,0,0.213974627255708
199.1,0,692.884563561061,0,0.840521464975016,0.00204145787862344,0.217252963320826
199.11,0,693.021864470603,0.000829173687142815,0.838983609336388,0.0011868525088902,0.214302801552334
199.12,0,693.15967916598,0,0.841954901510708,0,0.21244797089859
199.13,0,693.298001903774,0.00237087689392374,0.843488067219148,0.00139421318478641,0.215077853454924
199.14,0,693.436826922876,0.000973852624327342,0.840333171989716,0.00126684293120289,0.213192757953428
199.15,0,693.576148444761,0,0.84016431648086,0,0.214134401120392
199.16,0,693.715960673769,0.00208150998906421,0.841937750670111,0.000317738243575479,0.216543105055665
199.17,0,693.856257797371,0,0.843304649481977,0.00108035524017755,0.214970714082054
199.18,0,693.99703398645,0.000388343992119762,0.844282728947947,0,0.216495026362798
199.19,0,694.138283395576,0,0.842775658343523,0,0.214633838161231
199.2,0,694.280000163281,0,0.845367879346346,0,0.214718849639986
199.21,0,694.422178412331,0,0.846509180019044,0.000506138663735175,0.215013826510386
199.22,0,694.56481225001,0,0.847875777653219,0,0.213647249329904
199.23,0,694.707895768387,0.00138862350520412,0.847365262785184,0,0.214884479930019
199.24,0,694.851423044598,0.00131551375062883,0.84726987034248,0,0.213516353468416
199.25,0,694.995388141118,0,0.846766666223382,0.000324708228953209,0.213609927572163
199.26,0,695.139785106041,0.000946895417556498,0.847807285652808,0,0.21614856375657
199.27,0,695.284607973352,0,0.847695295556789,0,0.215492820769651
199.28,0,695.429850763204,0.00104490199558106,0.849151671957828,0,0.212066570333024
199.29,0,695.575507482198,0,0.85040119277909,0.000440975233949494,0.214733226837889
199.3,0,695.721572123655,0.00159211057052114,0.846172973829758,0.00215788557446282,0.215018113249459
199.31,0,695.868038667888,0,0.850735239096838,0.000544650477832117,0.216247251283521
199.32,0,696.014901082489,0.00186527686870082,0.847853324389793,0,0.214278859394415
199.33,0,696.162153322594,0,0.846875195331501,0.000552980242203384,0.21597821480421
199.34,0,696.309789331165,0.00141744893573531,0.847137859026462,0,0.214530672571296
199.35,0,696.457803039261,0,0.851425628016051,0.00065690352277511,0.214034939651017
199.36,0,696.606188366321,0.00067262817336533,0.852862062637008,0,0.214277706721474
199.37,0,696.754939220427,0,0.852045547425273,0,0.217102630969892
199.38,0,696.904049498592,0,0.851040698329095,0.00020522845881007,0.214142529170471
199.39,0,697.053513087028,0,0.852019510184971,0,0.214841168103658
199.4,0,697.203323861421,0.0012227683712159,0.849504574220798,0,0.216284169406604
199.41,0,697.353475687205,0,0.851305017737639,0.00135186183517382,0.215613651860161
199.42,0,697.503962419843,0,0.852582166066171,0,0.216857321609217
199.43,0,697.65477790509,0.00151151306729813,0.854945961467057,0,0.214014630914643
199.44,0,697.805915979277,0,0.852165458056745,0.00137474623341966,0.215518634049987
199.45,0,697.957370469579,0.00300696833501583,0.855281103864738,0.000183399616140138,0.21799559897138
199.46,0,698.109135194289,0.00143896540526779,0.852178135019628,0.002356365017453,0.2161357963157
199.47,0,698.261203963093,0,0.853568382428281,0.000666256961980266,0.214518081899505
199.48,0,698.413570577339,0,0.855214171595377,0.00219876133000497,0.217416784024322
199.49,0,698.566228830315,0.000376425415214997,0.856723462225418,0.00131991112558848,0.216038672008795
199.5,0,698.719172507516,0,0.855845643927807,0.000937744753965371,0.214351801511179
199.51,0,698.872395386917,0,0.85667092398265,7.50827728281881e-05,0.216243064660175
199.52,0,699.025891239245,0.00278839627473533,0.858165703692557,0.00136247300698659,0.21309330410359
199.53,0,699.179653828252,0,0.853961623379854,0.000486803628922308,0.216383261692019
199.54,0,699.33367691098,0.00241175686812441,0.856702702444267,0.000128854161771512,0.213166641619307
199.55,0,699.487954238037,0.00125514382639299,0.858388791520917,0,0.217436836346046
199.56,0,699.642479553863,0.00142310644726497,0.859608208174012,0,0.214190740827973
199.57,0,699.797246596999,0.000325836308178231,0.859167103091641,0,0.215622490579754
199.58,0,699.952249100363,0.000732731544713575,0.858570080304156,0.00140171049405591,0.21368014089549
199.59,0,700.107480791505,0,0.860606739325072,0,0.215216737326395
199.6,0,700.26293539289,0.00209237546525367,0.861632608069771,0.00218667000782295,0.21454223300919
199.61,0,700.418606622153,0,0.861018189338624,0.000598474096874215,0.215698933825292
199.62,0,700.574488192375,0,0.860469454784846,0.00187459135503164,0.21372835495849
199.63,0,700.730573812342,0,0.861673205895801,0.0004307064349651,0.214913483089385
199.64,0,700.88685718682,0,0.861356865741841,0,0.213397757296691
199.65,0,701.04333201681,0,0.861155582812415,0.000321756460439693,0.214663216490714
199.66,0,701.199991999821,0,0.862627426321617,0.00189105783452267,0.217353159894456
199.67,0,701.356828209074,0.00187443920631458,0.862055679222348,0,0.214227288819386
199.68,0,701.513835577281,0.000811647752781378,0.863756076782156,0.000663942801880041,0.214579101840395
199.69,0,701.671009169366,0.00155283306599596,0.862151530216913,0.00315882492456736,0.216070844858317
199.7,0,701.828342671659,0.000585090166552159,0.863925831154137,0,0.216860400380974
199.71,0,701.98582976831,0.00225588059316297,0.862719877984143,0.00226219832474168,0.214969258304051
199.72,0,702.143464141553,0,0.864319955549695,0.00237438100183519,0.215035239535608
199.73,0,702.301239471965,0,0.862993295002661,0,0.214829912822089
199.74,0,702.459149438725,0.000363565541242632,0.864029249472274,0.000482842749307483,0.21714402292366
199.75,0,702.617187719879,0.0015846229340149,0.863872147123022,0,0.21395607486143
199.76,0,702.775347992591,0,0.864710828288037,0.000654757014257163,0.21695019916174
199.77,0,702.933623933407,0,0.864859804328144,0.00182385573626539,0.216384898030237
199.78,0,703.092009218512,0.00230776939095854,0.865364493386355,0.000442080946012728,0.216516084268401
199.79,0,703.250497523984,0,0.866398389397551,0,0.211366514241256
199.8,0,703.409082526056,0,0.869508164431055,0.000143130460770897,0.213976103712963
199.81,0,703.567757901361,0,0.868020229063217,0.00205512198445359,0.214394538578748
199.82,0,703.726517327201,0,0.867460854715909,0,0.213520553242831
199.83,0,703.885354481788,0,0.870025989058618,0.000417577069972028,0.215570709071851
199.84,0,704.044263044507,0,0.869446378609956,0.00154265314246458,0.214050464396689
199.85,0,704.203236696163,0.000888143941833911,0.867201909806559,0,0.216328230077198
199.86,0,704.362269119235,0.000851738962622543,0.867143134135113,0,0.216511788044663
199.87,0,704.521353998127,0.000991182023728016,0.868746747661193,0.000124292548054431,0.21755868371539
199.88,0,704.680485019419,0,0.868208437054689,0,0.215087623458995
199.89,0,704.839655872117,0,0.871041292449308,0.00134060927061687,0.215382867595054
199.9,0,704.998860247898,0,0.871275625938646,0.00180156102604561,0.213631609615984
199.91,0,705.158091841364,0,0.869923318558321,0.00087523353593579,0.215979165311087
199.92,0,705.317344350286,0,0.87305653874383,0,0.213600924288525
199.93,0,705.47661147585,0.000387370444213805,0.872901662987137,0.000722077980740766,0.213220723959602
199.94,0,705.635886922904,0,0.871903376740596,0.00216942405760239,0.216591975197102
199.95,0,705.795164400206,0,0.872016157366335,0.000796521761441406,0.21533306636794
199.96,0,705.954437620659,0,0.874524805964757,0,0.217129028239421
199.97,0,706.113700301566,0,0.87208813589346,0,0.21429639156198
199.98,0,706.272946164862,0,0.87650949679568,0.0010325846549573,0.216403777996991
199.99,0,706.432168937364,0.000280088726327137,0.877828641127832,0,0.214188956203416
200,0.1,706.591362351005,0,0.873906351054514,0.00376771786041237,0.216022663263556
